t,dt,step,x,y,z,Gamma_x,Gamma_y,Gamma_z,sigma,U_ml_x,U_ml_y,U_ml_z,Gx_ml_x,Gx_ml_y,Gx_ml_z,Gy_ml_x,Gy_ml_y,Gy_ml_z,Gz_ml_x,Gz_ml_y,Gz_ml_z
0.4551758749999989,0.0034223749999999996,133.0,5.823451054766285,-1.1530436885028137,1.8783545176277092,-0.01616341292662509,0.00312691834700018,-0.006302639351852732,0.06537847355178464,-0.1627441942691803,0.26989099383354187,0.0455208420753479,1.4665138721466064,0.9010378122329712,-1.4310250282287598,-1.0546036958694458,-0.35547149181365967,-1.5237215757369995,0.8121018409729004,1.6122621297836304,-1.1076831817626953
0.4551758749999989,0.0034223749999999996,133.0,5.818902430436568,-1.1479806087565625,1.8771866832501574,-0.008691542734449949,0.0016185182276225317,-0.003484880965855003,0.06539087910791576,-0.16259604692459106,0.26999521255493164,0.04250386357307434,1.464322805404663,0.9300774335861206,-1.4227409362792969,-1.0154426097869873,-0.3534230589866638,-1.5207639932632446,0.8277649879455566,1.609315037727356,-1.1076066493988037
0.4551758749999989,0.0034223749999999996,133.0,5.813235472632101,-1.1427693890774921,1.8756939600834293,-0.007154070023480318,0.0012591250535369206,-0.0028953054623964587,0.06537287657226139,-0.16238194704055786,0.26934513449668884,0.03914004564285278,1.4611502885818481,0.9379563927650452,-1.412778615951538,-0.9882032871246338,-0.34911829233169556,-1.5185986757278442,0.8342745304107666,1.6108651161193848,-1.1088919639587402
0.4551758749999989,0.0034223749999999996,133.0,5.806619752526744,-1.1369214920301418,1.873986745583879,-0.006479914147557925,0.0010615154664825577,-0.0026468567017733473,0.06535065963464924,-0.1638382375240326,0.26891154050827026,0.03474465012550354,1.4618290662765503,0.950087308883667,-1.3974509239196777,-0.9537754058837891,-0.34832775592803955,-1.5232361555099487,0.8441507816314697,1.6143306493759155,-1.1105833053588867
0.4551758749999989,0.0034223749999999996,133.0,5.799114842178408,-1.1303533912289383,1.8719986414927594,-0.006099760622360751,0.0009094416021091453,-0.0025123365502475016,0.06531970390077334,-0.16376334428787231,0.26771631836891174,0.03001841902732849,1.4575856924057007,0.9525696635246277,-1.3835108280181885,-0.9193089604377747,-0.34236258268356323,-1.5203359127044678,0.8510797023773193,1.6169060468673706,-1.1125445365905762
0.4551758749999989,0.0034223749999999996,133.0,5.790815010923875,-1.1257853357118812,1.8668836273451208,-0.005797686000769489,0.0007181713657041021,-0.002456675683181949,0.06550305383539066,-0.1619453728199005,0.26533058285713196,0.024523913860321045,1.4448686838150024,0.9566723108291626,-1.3734617233276367,-0.8887022733688354,-0.3326631784439087,-1.5140873193740845,0.8528397083282471,1.6331183910369873,-1.1099820137023926
0.4551758749999989,0.0034223749999999996,133.0,5.781485450183462,-1.1179020647855284,1.8642860236977845,-0.005609440069635185,0.0005841227898722287,-0.002402200548264321,0.06546215777160747,-0.16183972358703613,0.2635221779346466,0.018342643976211548,1.4389774799346924,0.956785261631012,-1.354468822479248,-0.8434152007102966,-0.3250177502632141,-1.5095694065093994,0.8602397441864014,1.6356475353240967,-1.1120753288269043
0.4551758749999989,0.0034223749999999996,133.0,5.771768931517999,-1.1092902814111831,1.862005645670093,-0.00544781320773206,0.00047000841238392855,-0.002354339064440269,0.06544242572118845,-0.16227945685386658,0.2621556222438812,0.012501537799835205,1.4347398281097412,0.9524571299552917,-1.3362107276916504,-0.7986204624176025,-0.3187062740325928,-1.500914216041565,0.8691458702087402,1.6284689903259277,-1.1143568754196167
0.4551758749999989,0.0034223749999999996,133.0,5.7611331254967,-1.1000866838634638,1.8593066166342178,-0.0053010641225295155,0.0003429714166518293,-0.0023144169938361663,0.06541238075567073,-0.1621556282043457,0.2598426938056946,0.005267024040222168,1.427537441253662,0.9480772018432617,-1.3134739398956299,-0.7444337010383606,-0.3095354437828064,-1.492559552192688,0.8770771026611328,1.6265774965286255,-1.116703748703003
0.4551758749999989,0.0034223749999999996,133.0,5.749372887787138,-1.0902338455434657,1.8562695768820625,-0.005158050750440502,0.0002022108352864049,-0.002278568226983404,0.06536719895178786,-0.16310110688209534,0.2570663392543793,-0.0038411319255828857,1.4212257862091064,0.9483767151832581,-1.2819392681121826,-0.6748364567756653,-0.3017585873603821,-1.4860143661499023,0.8874170780181885,1.6246535778045654,-1.1186720132827759
0.4551758749999989,0.0034223749999999996,133.0,5.737434059926181,-1.079787654204706,1.8536071999559107,-0.005005945782293898,8.171920384772912e-5,-0.002234404661340737,0.06535201645182578,-0.16181471943855286,0.2543143332004547,-0.010919749736785889,1.4103877544403076,0.9343265295028687,-1.2625598907470703,-0.6234705448150635,-0.2890072464942932,-1.4677159786224365,0.8929336071014404,1.6156182289123535,-1.1208971738815308
0.4551758749999989,0.0034223749999999996,133.0,5.724410423082997,-1.0678277976405421,1.8514476475290456,-0.004851455802172692,-1.8333136675130532e-5,-0.0021783999400651656,0.06531832043964791,-0.16246241331100464,0.25246718525886536,-0.01805645227432251,1.4062837362289429,0.9283194541931152,-1.2377357482910156,-0.5645706653594971,-0.2819839119911194,-1.4504718780517578,0.9017391204833984,1.597054362297058,-1.1240190267562866
0.4551758749999989,0.0034223749999999996,133.0,5.711267817103774,-1.0541233220598674,1.8508002775361365,-0.004686433722387211,-5.651009850171236e-5,-0.0021015482164928262,0.06532607198948279,-0.16059395670890808,0.2525078356266022,-0.019857466220855713,1.4027695655822754,0.9168985486030579,-1.2348682880401611,-0.5494804382324219,-0.2736836075782776,-1.4249972105026245,0.9028594493865967,1.5713344812393188,-1.1285752058029175
0.4551758749999989,0.0034223749999999996,133.0,5.697574036799595,-1.0398228812225825,1.8500856008174875,-0.004508476836915157,-9.184679155790782e-5,-0.0020190287345343313,0.06534638417198066,-0.158077210187912,0.25238847732543945,-0.021408647298812866,1.3973397016525269,0.9050849080085754,-1.233611822128296,-0.5398880243301392,-0.26435768604278564,-1.401265025138855,0.9011514186859131,1.5492801666259766,-1.1323069334030151
0.4551758749999989,0.0034223749999999996,133.0,5.683255582937083,-1.0247360989692131,1.849634512529521,-0.004315200040781378,-0.00011675946584130525,-0.0019307833623591797,0.06539432906221315,-0.15551328659057617,0.2521813213825226,-0.023135632276535034,1.3914685249328613,0.8881458044052124,-1.2324469089508057,-0.5287632346153259,-0.25436943769454956,-1.3777623176574707,0.8992006778717041,1.5242313146591187,-1.1362833976745605
0.4551758749999989,0.0034223749999999996,133.0,5.667695644570308,-1.008769733916808,1.8488950291642963,-0.004115521356979215,-0.00014852230302505082,-0.0018385745254457157,0.06541090930095944,-0.1530381739139557,0.2516566514968872,-0.025715380907058716,1.3853574991226196,0.8788943886756897,-1.226337194442749,-0.5124969482421875,-0.24502402544021606,-1.3597886562347412,0.8951284885406494,1.5066715478897095,-1.1395602226257324
0.4551758749999989,0.0034223749999999996,133.0,5.650956093636192,-0.9920876758781685,1.8479646849096762,-0.003906800298083465,-0.00018360526130562285,-0.0017442427622060678,0.06541363421572612,-0.15273740887641907,0.2512182295322418,-0.02974754571914673,1.3837456703186035,0.8755810856819153,-1.212695837020874,-0.4817170202732086,-0.24028950929641724,-1.3459959030151367,0.8963561058044434,1.4852527379989624,-1.142775058746338
0.4551758749999989,0.0034223749999999996,133.0,5.633980992169626,-0.9742191298078997,1.8477507992215183,-0.0036905132525764735,-0.0001884743849805355,-0.0016394701091086553,0.06544426861596468,-0.14981567859649658,0.2511558532714844,-0.031232059001922607,1.3776476383209229,0.8577266931533813,-1.2122199535369873,-0.47430065274238586,-0.23049432039260864,-1.3274924755096436,0.8894608020782471,1.4622328281402588,-1.1464617252349854
0.4551758749999989,0.0034223749999999996,133.0,5.615999845615819,-0.9556654157321195,1.8473444966124664,-0.003465449311141071,-0.00020178623428899163,-0.0015362001895336413,0.06548160970518033,-0.14615243673324585,0.25090280175209045,-0.032925933599472046,1.3690435886383057,0.839949369430542,-1.2131459712982178,-0.4698537588119507,-0.2188016176223755,-1.3077163696289062,0.8810691833496094,1.4420878887176514,-1.1495938301086426
0.4551758749999989,0.0034223749999999996,133.0,5.597545409743502,-0.9364646826861082,1.8468941670632415,-0.00323703322671328,-0.0002126219905981607,-0.0014297920042684756,0.0655243290782936,-0.14290088415145874,0.25041037797927856,-0.035588204860687256,1.3615623712539673,0.8238832354545593,-1.2075462341308594,-0.45238232612609863,-0.2076060175895691,-1.2868623733520508,0.8734169006347656,1.4170069694519043,-1.1533935070037842
0.4551758749999989,0.0034223749999999996,133.0,5.5783503708667315,-0.9161637508271065,1.8467442793920041,-0.0030074373465747025,-0.000212146311514877,-0.001321799938462869,0.06557544090160401,-0.13891035318374634,0.2496909201145172,-0.03851771354675293,1.3519903421401978,0.8071320056915283,-1.202146291732788,-0.43556565046310425,-0.19452714920043945,-1.26471745967865,0.8635470867156982,1.39384126663208,-1.1570454835891724
0.4551758749999989,0.0034223749999999996,133.0,5.557615612161533,-0.8954649979420759,1.8456616004087545,-0.0027782131549618895,-0.0002341276892298229,-0.0012197211187316753,0.06558617325285833,-0.1372467279434204,0.24950936436653137,-0.04218575358390808,1.3467148542404175,0.7947558760643005,-1.1918470859527588,-0.4085913598537445,-0.18670403957366943,-1.2431106567382812,0.8607492446899414,1.3634198904037476,-1.1596460342407227
0.4551758749999989,0.0034223749999999996,133.0,5.53549868967043,-0.8738193889865339,1.844691360816206,-0.0025516901443538224,-0.00025000234650594854,-0.0011194504984674426,0.06558053470213739,-0.1367717683315277,0.24924185872077942,-0.046818822622299194,1.3431404829025269,0.7857885956764221,-1.1806082725524902,-0.3776477575302124,-0.18104583024978638,-1.2201539278030396,0.8614752292633057,1.3314030170440674,-1.1617659330368042
0.4551758749999989,0.0034223749999999996,133.0,5.51349646346609,-0.85140608615714,1.8439376667302043,-0.002327702470897078,-0.00025415608145517817,-0.001016210196598778,0.06560760944614577,-0.1340354084968567,0.2475280463695526,-0.052861571311950684,1.3350956439971924,0.7806462645530701,-1.15828537940979,-0.33061257004737854,-0.17006433010101318,-1.1995798349380493,0.8543479442596436,1.3043677806854248,-1.165058970451355
0.4551758749999989,0.0034223749999999996,133.0,5.490096520198519,-0.8285066808201499,1.8426220737192662,-0.002107650360829735,-0.0002678289401940169,-0.0009178382143848739,0.06560215196873335,-0.13103601336479187,0.24639615416526794,-0.057470470666885376,1.3252012729644775,0.763768196105957,-1.1478455066680908,-0.30039021372795105,-0.15829867124557495,-1.172668695449829,0.8489553928375244,1.274198293685913,-1.1670763492584229
0.4551758749999989,0.0034223749999999996,133.0,5.466807846399012,-0.8040665151555757,1.8426831705982847,-0.0018920873847146093,-0.0002490325970155445,-0.0008192467609254392,0.06566673556818318,-0.12576186656951904,0.24659742414951324,-0.05864971876144409,1.3141937255859375,0.7433119416236877,-1.1490347385406494,-0.300604909658432,-0.1445387601852417,-1.1480432748794556,0.8337018489837646,1.2490575313568115,-1.169875144958496
0.4551758749999989,0.0034223749999999996,133.0,5.44196209184129,-0.7791167917159143,1.842049255647251,-0.0016815806443297252,-0.00024270930014912989,-0.0007262553851536815,0.06569890933133427,-0.12353143095970154,0.24602766335010529,-0.06300681829452515,1.3067063093185425,0.7273638844490051,-1.1381888389587402,-0.2710857093334198,-0.1350473165512085,-1.1220704317092896,0.8293700218200684,1.214892029762268,-1.171961784362793
0.4551758749999989,0.0034223749999999996,133.0,5.4159989295639335,-0.7532010945698392,1.841412433234641,-0.0014787812369820663,-0.00023062434453857426,-0.0006358983319019361,0.06571061260865574,-0.12401795387268066,0.24778616428375244,-0.06457200646400452,1.3075212240219116,0.7184447646141052,-1.1354753971099854,-0.2635520100593567,-0.13493210077285767,-1.1035668849945068,0.8291726112365723,1.1827162504196167,-1.172677755355835
0.4551758749999989,0.0034223749999999996,133.0,5.388769972340049,-0.726380241640796,1.840854774434331,-0.0012822755538821691,-0.00021461598515780118,-0.00054921249989251,0.06571185212060106,-0.12331852316856384,0.24675443768501282,-0.07071173191070557,1.3024214506149292,0.7120869755744934,-1.1158454418182373,-0.21871821582317352,-0.12879806756973267,-1.080981731414795,0.8278000354766846,1.1497180461883545,-1.173910140991211
0.4551758749999989,0.0034223749999999996,133.0,5.36120591141033,-0.6986553776665642,1.8407523119634484,-0.0010910409196117278,-0.0001911798630196247,-0.000465313370130282,0.06574625644479457,-0.12185284495353699,0.24761411547660828,-0.07304102182388306,1.2984392642974854,0.6987871527671814,-1.110276699066162,-0.20708370208740234,-0.12298530340194702,-1.0605101585388184,0.8224513530731201,1.1205307245254517,-1.175684928894043
0.4551758749999989,0.0034223749999999996,133.0,5.3327419140735906,-0.6702554814124292,1.8408313859223855,-0.0009057187453544176,-0.00016532040277495504,-0.00038452064966591927,0.06577753895722528,-0.11978241801261902,0.2485106885433197,-0.07518577575683594,1.2943040132522583,0.6896752119064331,-1.1024789810180664,-0.19561994075775146,-0.11769253015518188,-1.0430926084518433,0.8127701282501221,1.0948610305786133,-1.1768755912780762
0.4551758749999989,0.0034223749999999996,133.0,5.302977432059103,-0.6413204738547768,1.840889743427133,-0.0007274415772074455,-0.00013255223444460268,-0.0003045231082246207,0.06580733980142381,-0.12372148036956787,0.2491249442100525,-0.0801733136177063,1.2993183135986328,0.6866141557693481,-1.0888524055480957,-0.15856705605983734,-0.12185591459274292,-1.020997166633606,0.8230938911437988,1.0483745336532593,-1.177490234375
0.4551758749999989,0.0034223749999999996,133.0,5.272142726307794,-0.6115790147599797,1.8407544918966658,-0.0005512642488388117,-0.00010351651839524153,-0.0002305505329279774,0.06583466554016319,-0.1233314573764801,0.2494235336780548,-0.08362796902656555,1.2962650060653687,0.6759257912635803,-1.0801537036895752,-0.13916142284870148,-0.11817783117294312,-1.0024745464324951,0.8204367160797119,1.0191963911056519,-1.178104281425476
0.4551758749999989,0.0034223749999999996,133.0,5.240803099512509,-0.5802500560007592,1.8414903909633298,-0.0003793778715325494,-6.945513111342713e-5,-0.0001579328725509601,0.0658839245115068,-0.12147337198257446,0.2521682679653168,-0.08277636766433716,1.2950127124786377,0.6632204651832581,-1.0821359157562256,-0.155601367354393,-0.11513185501098633,-0.9921127557754517,0.8083546161651611,0.9981306791305542,-1.179741382598877
0.4551758749999989,0.0034223749999999996,133.0,5.208413895364225,-0.5487483693643297,1.8413942828656895,-0.00020945439890750838,-3.9604739539788216e-5,-8.723329871198593e-5,0.06590338807401043,-0.12089806795120239,0.25251278281211853,-0.08616435527801514,1.2916280031204224,0.6524280309677124,-1.0728611946105957,-0.13502678275108337,-0.11138874292373657,-0.9730291366577148,0.8042004108428955,0.9669883847236633,-1.180105209350586
0.4551758749999989,0.0034223749999999996,133.0,5.1751320843537245,-0.5168419910823355,1.8409525663118564,-4.114085039578329e-5,-8.274035429721278e-6,-1.7179494006041138e-5,0.06591219096613105,-0.12059304118156433,0.25169897079467773,-0.09146478772163391,1.2875884771347046,0.6492272019386292,-1.0556654930114746,-0.09616830945014954,-0.10881614685058594,-0.953707218170166,0.8003256320953369,0.9342013597488403,-1.178817629814148
0.4551758749999989,0.0034223749999999996,133.0,5.1409402430284725,-0.4841847775832678,1.8406973163577651,0.00012655980839949274,2.6971339952392066e-5,5.273433100358343e-5,0.06590464460047253,-0.12075424194335938,0.25103944540023804,-0.09667152166366577,1.2848787307739258,0.6455916166305542,-1.037503719329834,-0.05357041954994202,-0.1073712706565857,-0.9321019053459167,0.7967772483825684,0.8952922224998474,-1.1776714324951172
0.4551758749999989,0.0034223749999999996,133.0,5.106091373378827,-0.45055489272855015,1.8405133104317115,0.00029512073652446745,6.632980191804273e-5,0.00012271047894986,0.06590411953457087,-0.1182030439376831,0.25052350759506226,-0.10056373476982117,1.2767467498779297,0.634088397026062,-1.0279414653778076,-0.02899673953652382,-0.10029971599578857,-0.9063007831573486,0.7869341373443604,0.8635340332984924,-1.1767216920852661
0.4551758749999989,0.0034223749999999996,133.0,5.07027198717779,-0.41600836508817274,1.8401044537218016,0.0004657297023406653,0.00010977253315020923,0.00019380264558192892,0.06590380454637844,-0.11741122603416443,0.24980542063713074,-0.10522308945655823,1.2708022594451904,0.6219131946563721,-1.0150349140167236,0.008707906119525433,-0.0955161452293396,-0.8748087286949158,0.7823224067687988,0.8184431791305542,-1.175541639328003
0.4551758749999989,0.0034223749999999996,133.0,5.033433318504396,-0.38084244144067947,1.8397527559766482,0.0006403520390671202,0.00015843397388908036,0.0002658853637853904,0.06588087370033593,-0.11964771151542664,0.24844151735305786,-0.11163273453712463,1.2691519260406494,0.6237515807151794,-0.9957413673400879,0.06559741497039795,-0.0978584885597229,-0.844383180141449,0.7845413684844971,0.766579806804657,-1.1714982986450195
0.4551758749999989,0.0034223749999999996,133.0,4.995766391643565,-0.3445331748553499,1.8399323351277292,0.0008195201602553295,0.0002087849523436295,0.00034033810012481077,0.0658927078004129,-0.11868873238563538,0.2466982752084732,-0.11732330918312073,1.2607421875,0.6090344786643982,-0.9805946350097656,0.11257927119731903,-0.09123903512954712,-0.8089897036552429,0.7791140079498291,0.7139647006988525,-1.1697218418121338
0.4551758749999989,0.0034223749999999996,133.0,4.957935521481545,-0.3065802161173396,1.840607440239703,0.0010069768215853457,0.0002528298631206265,0.0004163540716330273,0.06591752095617028,-0.11631670594215393,0.24746647477149963,-0.11915349960327148,1.254000186920166,0.5886796116828918,-0.9748151302337646,0.12536755204200745,-0.08403027057647705,-0.7824310660362244,0.7665526866912842,0.6715325117111206,-1.170076847076416
0.4551758749999989,0.0034223749999999996,133.0,4.919164387116956,-0.26783617267314946,1.841492275978805,0.0012008532073553527,0.0002975325862734726,0.0004958134397687052,0.06594530161649462,-0.11352312564849854,0.24993860721588135,-0.11848613619804382,1.2501718997955322,0.5704135298728943,-0.9730782508850098,0.11892271041870117,-0.07912403345108032,-0.7638508081436157,0.7484753131866455,0.6354432702064514,-1.1709762811660767
0.4551758749999989,0.0034223749999999996,133.0,4.879195245640716,-0.229146933857359,1.8416587625772587,0.0013973601777796238,0.0003564599465729477,0.0005790189563608743,0.0659630622950406,-0.11230406165122986,0.24811190366744995,-0.12371847033500671,1.240006446838379,0.5535324215888977,-0.9600346088409424,0.16550692915916443,-0.07266479730606079,-0.7227351665496826,0.7401001453399658,0.5777546167373657,-1.167210578918457
0.4551758749999989,0.0034223749999999996,133.0,4.838218843096138,-0.19012661913283654,1.8421624557655982,0.0015916872701504212,0.00042477261384831595,0.000667939260077507,0.06600070103863474,-0.11116379499435425,0.24584676325321198,-0.12957239151000977,1.2281817197799683,0.5360329747200012,-0.9448561668395996,0.21917445957660675,-0.06485015153884888,-0.6772057414054871,0.7322163581848145,0.5163930058479309,-1.1631051301956177
0.4551758749999989,0.0034223749999999996,133.0,4.796507058452993,-0.15053200525326296,1.8423167866329555,0.0017776545005446628,0.0005075728031693476,0.0007584043844838939,0.06602016089761657,-0.10939231514930725,0.24284152686595917,-0.13605958223342896,1.21259605884552,0.5152796506881714,-0.9289512634277344,0.28136521577835083,-0.05585986375808716,-0.6230279803276062,0.7227613925933838,0.4513287842273712,-1.1564171314239502
0.4551758749999989,0.0034223749999999996,133.0,4.754111753478091,-0.10804418007459339,1.84543695774513,0.0019600159147099643,0.0005507077942001523,0.0008432070787803297,0.06597289629416656,-0.11043322086334229,0.2425689697265625,-0.14053374528884888,1.2059366703033447,0.49641504883766174,-0.9087882041931152,0.33558717370033264,-0.05340921878814697,-0.5820597410202026,0.7156870365142822,0.37822261452674866,-1.1519289016723633
0.4551758749999989,0.0034223749999999996,133.0,4.70962752768487,-0.06543760372260914,1.84585831630523,0.0020863670194710567,0.000606791901612173,0.0009144752967490639,0.06593528382690308,-0.1103532612323761,0.24187417328357697,-0.14344996213912964,1.2037010192871094,0.48123636841773987,-0.9077491760253906,0.35102975368499756,-0.05771571397781372,-0.5741360187530518,0.7109904289245605,0.3496851623058319,-1.1455583572387695
0.4551758749999989,0.0034223749999999996,133.0,4.662414678431752,-0.01974470874835517,1.8489970044573856,0.002108460283718796,0.0004570776659703966,0.0010208909704989848,0.06600220509285933,-0.11911579966545105,0.25149500370025635,-0.13106051087379456,1.2530174255371094,0.4986385405063629,-0.943554162979126,0.21038514375686646,-0.08992117643356323,-0.699629545211792,0.7361469268798828,0.4096825122833252,-1.1627585887908936
0.4551758749999989,0.0034223749999999996,133.0,4.609153903628024,0.03383340662306775,1.8599322092238275,0.001813279849892494,-0.00022930836389627824,0.0010885531727189578,0.0659055440986246,-0.14068353176116943,0.2638254463672638,-0.02435240149497986,1.3669253587722778,0.5823885202407837,-1.0100398063659668,-0.4945462644100189,-0.1032179594039917,-1.5506318807601929,0.9748756885528564,0.8782259225845337,-1.2600479125976562
0.4551758749999989,0.0034223749999999996,133.0,4.5265625680733725,0.038286083128814485,1.8703028006287696,1.2298828691138616e-15,7.72496517230103e-16,1.4158442934577597e-15,0.06664652837091958,-0.25412270426750183,0.21335797011852264,0.0621471107006073,1.6958813667297363,0.4919596314430237,-0.5423376560211182,-0.6485058665275574,-0.34815967082977295,-2.048668146133423,1.4557991027832031,1.0242911577224731,-1.3415440320968628
0.4551758749999989,0.0034223749999999996,133.0,4.540000202364881,0.06855150981662211,1.908891406745462,-0.002065450646523737,0.0005202931201739697,-0.0011539166731678,0.06176046784777339,-0.2997179925441742,0.08584276586771011,0.16456827521324158,1.701799988746643,0.32401716709136963,-0.2249143123626709,-0.8421636819839478,-0.5449374318122864,-1.722076654434204,1.2535068988800049,1.1918079853057861,-1.14668607711792
0.4551758749999989,0.0034223749999999996,133.0,4.560486949360082,0.10854734981087455,1.9419646813598042,-0.0025319231215009245,0.0008825592434849725,-0.0010603846544101293,0.06005001326750961,-0.32089748978614807,0.07722511887550354,0.1859084665775299,1.6980817317962646,0.10643526166677475,-0.15207171440124512,-0.9175098538398743,-0.5145561099052429,-1.6617693901062012,1.2793664932250977,1.2936033010482788,-1.172584056854248
0.4551758749999989,0.0034223749999999996,133.0,4.604291926854845,0.15049159910291907,1.9530000059313313,-0.002540697433245961,0.0008599165425559285,-0.0009674703108273716,0.059952175190209234,-0.3156382143497467,0.07609697431325912,0.2082267701625824,1.7133291959762573,0.07812074571847916,-0.19114470481872559,-0.9727752804756165,-0.5298070311546326,-1.5738029479980469,1.172192096710205,1.2946600914001465,-1.171776533126831
0.4551758749999989,0.0034223749999999996,133.0,4.6524588161414755,0.19355607023521504,1.9595021222022317,-0.0023918492679029157,0.0007915018447459174,-0.0008502689708779708,0.0600583301386302,-0.30520400404930115,0.08072935044765472,0.2180071771144867,1.7491724491119385,0.15545688569545746,-0.24659228324890137,-0.9578686356544495,-0.5473553538322449,-1.5849722623825073,1.0788614749908447,1.2580833435058594,-1.1901090145111084
0.4551758749999989,0.0034223749999999996,133.0,4.698229198001442,0.23475325062974922,1.9627561430803968,-0.0021735587467815007,0.0007121591446016683,-0.0007462869157510717,0.06016676832570325,-0.29965659976005554,0.08126021921634674,0.22042033076286316,1.756101369857788,0.18316519260406494,-0.27754950523376465,-0.9592401385307312,-0.555289089679718,-1.598946213722229,1.0458095073699951,1.2674380540847778,-1.1891504526138306
0.4551758749999989,0.0034223749999999996,133.0,4.742765468963656,0.27536725883511115,1.9657718470664054,-0.0019306892397022721,0.0006335456030223387,-0.0006463405003425109,0.06026259001543236,-0.2956845462322235,0.08336653560400009,0.22243300080299377,1.7644493579864502,0.2091866433620453,-0.3005564212799072,-0.964671790599823,-0.5622380375862122,-1.614330530166626,1.0220255851745605,1.2688666582107544,-1.1905624866485596
0.4551758749999989,0.0034223749999999996,133.0,4.786519180168144,0.31546099429142976,1.9681177727168506,-0.0016848480888933131,0.0005530471279438523,-0.0005507449150594242,0.060344682855590866,-0.2921083867549896,0.0858890488743782,0.22446492314338684,1.772966742515564,0.23647718131542206,-0.3218402862548828,-0.9717755317687988,-0.5696607232093811,-1.6276518106460571,1.00062894821167,1.2659364938735962,-1.1916601657867432
0.4551758749999989,0.0034223749999999996,133.0,4.829495219100022,0.3547784801230432,1.970727548108454,-0.0014433706426584076,0.00047631568670884625,-0.0004616963508751587,0.06040523786951335,-0.28928205370903015,0.08896941691637039,0.22698119282722473,1.783130407333374,0.26277557015419006,-0.34033679962158203,-0.9838465452194214,-0.578496515750885,-1.6366745233535767,0.9804003238677979,1.2571130990982056,-1.1929335594177246
0.4551758749999989,0.0034223749999999996,133.0,4.870627287128573,0.393834371291192,1.9724935473686482,-0.0012090291693803439,0.0004048673785503601,-0.0003813319426540865,0.06043373039362648,-0.2887120544910431,0.09234795719385147,0.2272757589817047,1.7868118286132812,0.27253201603889465,-0.3458836078643799,-1.0111699104309082,-0.5841557383537292,-1.644429087638855,0.9821391105651855,1.2483136653900146,-1.190812349319458
0.4551758749999989,0.0034223749999999996,133.0,4.910618242843895,0.4327731169040904,1.975338441811858,-0.0009842528187461793,0.00033447501781651745,-0.00030486896352556025,0.06044559515221641,-0.2879743278026581,0.09751757234334946,0.22995761036872864,1.8003509044647217,0.30472996830940247,-0.36014795303344727,-1.0287063121795654,-0.5969242453575134,-1.6569335460662842,0.9737114906311035,1.2287918329238892,-1.191404104232788
0.4551758749999989,0.0034223749999999996,133.0,4.950513278598667,0.47125601623362323,1.9785230322301586,-0.0007680926429461732,0.00026482040005668307,-0.0002314827785001085,0.06044887404444114,-0.284414678812027,0.09873520582914352,0.22857508063316345,1.796469807624817,0.3307028114795685,-0.37137293815612793,-1.035807490348816,-0.5975428223609924,-1.663724660873413,0.9638159275054932,1.2416555881500244,-1.187124490737915
0.4551758749999989,0.0034223749999999996,133.0,4.988995306649304,0.5088940912453899,1.9815736863399465,-0.0005580612031672643,0.0001960074508460313,-0.00016530009717193118,0.060423310684093824,-0.2853902280330658,0.10958129167556763,0.23352953791618347,1.8231910467147827,0.3582591712474823,-0.3847987651824951,-1.062383770942688,-0.6115918755531311,-1.6833751201629639,0.9575631618499756,1.1886217594146729,-1.1993167400360107
0.4551758749999989,0.0034223749999999996,133.0,5.027101831904222,0.5450521846165333,1.9842083440582103,-0.00035305688709513745,0.0001248266626549153,-0.00010220581090781331,0.060435634911221794,-0.284053772687912,0.11452243477106094,0.2358178198337555,1.8342081308364868,0.3896588981151581,-0.40001559257507324,-1.0768290758132935,-0.622494637966156,-1.6908214092254639,0.945704460144043,1.1716194152832031,-1.1993001699447632
0.4551758749999989,0.0034223749999999996,133.0,5.064237118077144,0.5802966203831731,1.987199334008853,-0.0001510980464861572,5.38899595857892e-5,-4.2771244190064105e-5,0.06046191276113003,-0.28301987051963806,0.11947222054004669,0.23818150162696838,1.8456815481185913,0.41869786381721497,-0.4137461185455322,-1.0903161764144897,-0.6329242587089539,-1.6969618797302246,0.93454909324646,1.1533573865890503,-1.200209379196167
0.4551758749999989,0.0034223749999999996,133.0,5.100462386378654,0.614357465584277,1.9894929802240882,4.905251260831056e-5,-1.7484186014574065e-5,1.3587156236427845e-5,0.06050112404087253,-0.28185662627220154,0.12367665767669678,0.24038252234458923,1.856058955192566,0.44516676664352417,-0.4278900623321533,-1.1003693342208862,-0.6423559784889221,-1.7023652791976929,0.9230737686157227,1.1394226551055908,-1.201062560081482
0.4551758749999989,0.0034223749999999996,133.0,5.135260866163002,0.6471274715661011,1.9915554008322796,0.0002486493267172728,-8.964214958995332e-5,6.793089645246481e-5,0.060544186719254676,-0.28126636147499084,0.12988656759262085,0.24451944231987,1.8744285106658936,0.4754178822040558,-0.4460923671722412,-1.1086362600326538,-0.6555694937705994,-1.7116742134094238,0.906975507736206,1.1124402284622192,-1.2060147523880005
0.4551758749999989,0.0034223749999999996,133.0,5.169928782255177,0.677495943376291,1.9909264068206483,0.00044658968851578334,-0.0001621055259811023,0.0001212338151374121,0.060741298249841924,-0.2759592831134796,0.13053391873836517,0.2456977665424347,1.8756943941116333,0.5084648728370667,-0.4696540832519531,-1.105916142463684,-0.6612978577613831,-1.7049634456634521,0.8738374710083008,1.1217634677886963,-1.2017900943756104
0.4551758749999989,0.0034223749999999996,133.0,5.203359025079902,0.7084509414085072,1.9928779416217612,0.0006480305632570453,-0.00023694865433390166,0.00017274703135616677,0.06078880808624991,-0.2756512463092804,0.13602185249328613,0.24863919615745544,1.888427972793579,0.5245252251625061,-0.480837345123291,-1.1197365522384644,-0.670194685459137,-1.7054980993270874,0.8631939888000488,1.093871831893921,-1.2054028511047363
0.4551758749999989,0.0034223749999999996,133.0,5.235657119193628,0.7383207186145736,1.9945077112220924,0.0008509219529054154,-0.0003160102770234895,0.00022464613230592073,0.06085597600428823,-0.2746770679950714,0.13896314799785614,0.25011762976646423,1.8946841955184937,0.5426832437515259,-0.4915812015533447,-1.1292136907577515,-0.6768526434898376,-1.7063301801681519,0.8547463417053223,1.0853914022445679,-1.2049567699432373
0.4551758749999989,0.0034223749999999996,133.0,5.266708081559275,0.7684516027797359,1.9965958440880038,0.0010578609602985016,-0.00039899303505565683,0.00027643405227990403,0.060901801025319814,-0.27456244826316833,0.1418856382369995,0.24997320771217346,1.8976575136184692,0.5535153746604919,-0.49654507637023926,-1.1413248777389526,-0.6779215931892395,-1.7147079706192017,0.8596358299255371,1.0816950798034668,-1.206865668296814
0.4551758749999989,0.0034223749999999996,133.0,5.296835451167823,0.7985906859818219,1.9983462428473253,0.0012721509209287318,-0.00048280691359757754,0.00032785693084452197,0.06091356625419712,-0.27436569333076477,0.14597347378730774,0.2517310678958893,1.906726598739624,0.5746052265167236,-0.5063965320587158,-1.148546814918518,-0.6852613091468811,-1.7174161672592163,0.8539910316467285,1.0668342113494873,-1.208512544631958
0.4551758749999989,0.0034223749999999996,133.0,5.325785916780894,0.828004254660436,1.9996939354335248,0.0014915488301692785,-0.0005702871123826487,0.0003806156769778001,0.06092980249738784,-0.2741684019565582,0.14965376257896423,0.2532620131969452,1.9147758483886719,0.594658374786377,-0.5159640312194824,-1.1549298763275146,-0.6920719742774963,-1.7200723886489868,0.8492772579193115,1.0547212362289429,-1.2096925973892212
0.4551758749999989,0.0034223749999999996,133.0,5.353489940334177,0.8564974788517363,2.0005925876838,0.0017172566684758009,-0.0006623439570176918,0.00043493509320537545,0.06093128591412936,-0.2733178436756134,0.1548658162355423,0.2555348575115204,1.9241337776184082,0.6027979254722595,-0.5230059623718262,-1.1674957275390625,-0.6963222622871399,-1.7099609375,0.8349761962890625,1.0220937728881836,-1.2146034240722656
0.4551758749999989,0.0034223749999999996,133.0,5.380002070339514,0.8841072152389695,2.0010098772664175,0.0019489081419862444,-0.0007599326392221635,0.0004922828282235093,0.06092012335205461,-0.2729296386241913,0.1568206548690796,0.25542107224464417,1.9260876178741455,0.6147118806838989,-0.5291082859039307,-1.175450325012207,-0.6982387900352478,-1.7142720222473145,0.8368780612945557,1.0212762355804443,-1.2146682739257812
0.4551758749999989,0.0034223749999999996,133.0,5.405380759258711,0.9114420061347683,2.0020315118979313,0.002189149767291026,-0.0008618760659456201,0.0005502147713436159,0.06088072029491974,-0.2730611264705658,0.16006797552108765,0.25661733746528625,1.933508038520813,0.6324079036712646,-0.5369527339935303,-1.17922842502594,-0.7037971615791321,-1.7176430225372314,0.8347065448760986,1.011016845703125,-1.2164887189865112
0.4551758749999989,0.0034223749999999996,133.0,5.4297147696314605,0.9380111546865411,2.0029998718297275,0.002435212737107412,-0.0009671452881329231,0.0006093343274937559,0.0608480795460918,-0.27342990040779114,0.16380400955677032,0.25839200615882874,1.9419373273849487,0.6430272459983826,-0.5433509349822998,-1.1892470121383667,-0.7085356116294861,-1.719293475151062,0.831425666809082,0.9928600788116455,-1.2200568914413452
0.4551758749999989,0.0034223749999999996,133.0,5.45320622654238,0.9631197881922058,2.003165766246821,0.002683206766378704,-0.0010776924002903825,0.0006721430574691317,0.06083623736512556,-0.27329739928245544,0.16678781807422638,0.25978508591651917,1.9484504461288452,0.6548339128494263,-0.5517520904541016,-1.1943590641021729,-0.7130902409553528,-1.7217134237289429,0.8267369270324707,0.9817409515380859,-1.2219456434249878
0.4551758749999989,0.0034223749999999996,133.0,5.475941104709377,0.9871689426493453,2.0036640475951533,0.002936328076875292,-0.0011925398370660717,0.0007338676461892322,0.060816501233353804,-0.27334317564964294,0.16926445066928864,0.2606860101222992,1.9535133838653564,0.6674713492393494,-0.5598115921020508,-1.2003717422485352,-0.7167120575904846,-1.7284128665924072,0.8262569904327393,0.9777723550796509,-1.223371982574463
0.4551758749999989,0.0034223749999999996,133.0,5.49761132896939,1.0109152230614014,2.004492400798502,0.003194617126623059,-0.001310760617048454,0.0007953570531653899,0.06078013910005944,-0.2734434902667999,0.17093554139137268,0.26144590973854065,1.9574650526046753,0.6770868897438049,-0.5641739368438721,-1.2084996700286865,-0.7203988432884216,-1.7294121980667114,0.8251323699951172,0.9729823470115662,-1.2236037254333496
0.4551758749999989,0.0034223749999999996,133.0,5.51868814401155,1.03350586389244,2.0049200903750535,0.0034521688376411017,-0.0014284086128015414,0.0008566755939389359,0.06077133459042421,-0.2722320854663849,0.17360155284404755,0.26178744435310364,1.9605698585510254,0.6899654269218445,-0.5704653263092041,-1.2132495641708374,-0.7218655943870544,-1.7222074270248413,0.8163299560546875,0.9639013409614563,-1.2252795696258545
0.4551758749999989,0.0034223749999999996,133.0,5.538802929891221,1.0553103259156675,2.0054326530245112,0.0037105539021428445,-0.0015477132883074576,0.0009180353364859548,0.06075262426797351,-0.2724914252758026,0.17552872002124786,0.26296618580818176,1.965794324874878,0.7046784162521362,-0.5771968364715576,-1.2183698415756226,-0.727878749370575,-1.7241086959838867,0.8143823146820068,0.95987868309021,-1.2244564294815063
0.4551758749999989,0.0034223749999999996,133.0,5.558079338890973,1.075904896128786,2.005924428945416,0.003965065896984877,-0.001671038316742721,0.0009810482045324363,0.06073051539158745,-0.27269795536994934,0.17695027589797974,0.2632843554019928,1.967907190322876,0.7123361229896545,-0.5819661617279053,-1.227513074874878,-0.7297350764274597,-1.7305608987808228,0.8174247741699219,0.9605960845947266,-1.2247099876403809
0.4551758749999989,0.0034223749999999996,133.0,5.576328313898094,1.0960509991492562,2.006735062197547,0.004218285958584125,-0.0017932948928387836,0.0010407045783008485,0.06069363526479916,-0.2730373442173004,0.17765779793262482,0.2633145749568939,1.9690577983856201,0.7174972891807556,-0.583742618560791,-1.2377774715423584,-0.7308197617530823,-1.735266089439392,0.8218095302581787,0.9627840518951416,-1.2247841358184814
0.4551758749999989,0.0034223749999999996,133.0,5.593569928698002,1.1157272658339554,2.0074426242742844,0.004464959437095793,-0.0019147320576916253,0.001101125778266405,0.06065082520534649,-0.2734317481517792,0.17858949303627014,0.2630731761455536,1.970044493675232,0.7236133813858032,-0.5846469402313232,-1.2477052211761475,-0.7314783930778503,-1.7384389638900757,0.8273706436157227,0.9644173383712769,-1.2251369953155518
0.4551758749999989,0.0034223749999999996,133.0,5.610263803029311,1.1336792515208516,2.0076544216204897,0.004698276883195504,-0.0020320744481344233,0.0011590700477839971,0.06063461880741996,-0.273589164018631,0.18123947083950043,0.2647171914577484,1.9759232997894287,0.7298527359962463,-0.5921525955200195,-1.2536190748214722,-0.7348045706748962,-1.743925929069519,0.8233625888824463,0.9534329175949097,-1.2275944948196411
0.4551758749999989,0.0034223749999999996,133.0,5.626178748105037,1.1511088169004426,2.0082564418016697,0.0049238673147999805,-0.002141878354079779,0.001210373031174773,0.06061357491346971,-0.27329275012016296,0.183482825756073,0.26584598422050476,1.9811649322509766,0.7416715621948242,-0.5984988212585449,-1.2542953491210938,-0.7393218874931335,-1.742554783821106,0.8163695335388184,0.9436361789703369,-1.2282822132110596
0.4551758749999989,0.0034223749999999996,133.0,5.641792699264177,1.1670510636095628,2.0082133367918,0.005131882593091888,-0.002244122647333826,0.001256512051010002,0.06062498044202598,-0.2725551426410675,0.18321415781974792,0.26634588837623596,1.9806313514709473,0.7470037341117859,-0.6031320095062256,-1.2611587047576904,-0.7419113516807556,-1.741780400276184,0.8113760948181152,0.9467845559120178,-1.225172996520996
0.4551758749999989,0.0034223749999999996,133.0,5.656635257557836,1.1818387977825442,2.008056039713907,0.005325501217651648,-0.0023453782170219316,0.0013003242338181598,0.06063132999019129,-0.27122536301612854,0.18226274847984314,0.26489683985710144,1.9740147590637207,0.7508646249771118,-0.6073503494262695,-1.2670518159866333,-0.7385095953941345,-1.7468187808990479,0.813807487487793,0.9622910618782043,-1.2221060991287231
0.4551758749999989,0.0034223749999999996,133.0,5.670660412248482,1.1961258097729328,2.008053205484541,0.005507912478412299,-0.0024359037063010074,0.0013392633345001065,0.060643520651960985,-0.2695639431476593,0.1815849095582962,0.26464715600013733,1.96994948387146,0.753998339176178,-0.6120395660400391,-1.271667718887329,-0.7384040951728821,-1.7446192502975464,0.8064498901367188,0.9664939045906067,-1.2181882858276367
0.4551758749999989,0.0034223749999999996,133.0,5.684140669165435,1.2089389571355003,2.00770925377963,0.005676438069060371,-0.0025241878657337267,0.0013726763133436342,0.06066632323284504,-0.26722821593284607,0.18271130323410034,0.26613160967826843,1.970142126083374,0.7586228847503662,-0.6202149391174316,-1.2733412981033325,-0.74162358045578,-1.7314558029174805,0.7845132350921631,0.9518559575080872,-1.2150777578353882
0.4551758749999989,0.0034223749999999996,133.0,5.696242199722624,1.222428861323601,2.009303123889299,0.005853278755060823,-0.002596370878299528,0.0013989212414333746,0.06065039659745802,-0.2662212550640106,0.18289320170879364,0.26545819640159607,1.967124342918396,0.7645247578620911,-0.6234688758850098,-1.2743951082229614,-0.7401952147483826,-1.7350939512252808,0.7831969261169434,0.9550714492797852,-1.2135381698608398
0.4551758749999989,0.0034223749999999996,133.0,5.706944614460949,1.2360231438433622,2.01162403237606,0.006035963290598354,-0.0026568830134107726,0.00142716088024891,0.06061695757586816,-0.26729515194892883,0.18600471317768097,0.26731738448143005,1.9767340421676636,0.7856401801109314,-0.6297097206115723,-1.2650774717330933,-0.7497426867485046,-1.7398945093154907,0.7797665596008301,0.9417085647583008,-1.2134908437728882
0.4551758749999989,0.0034223749999999996,133.0,5.7168006841856,1.2486274171284901,2.0138365794251363,0.006224579940373436,-0.002717863102110216,0.0014552841344155519,0.0605851310466559,-0.2684682309627533,0.18932698667049408,0.2694787085056305,1.9870587587356567,0.8054065704345703,-0.635523796081543,-1.2563328742980957,-0.759640634059906,-1.7425110340118408,0.7748990058898926,0.9249322414398193,-1.2137826681137085
0.4551758749999989,0.0034223749999999996,133.0,5.725876134092152,1.2608154648477843,2.016180503225149,0.006431232048780526,-0.0027815942868702924,0.0014880078153528173,0.06055742729336406,-0.2698369324207306,0.19390051066875458,0.272035151720047,2.0001068115234375,0.827035665512085,-0.6415858268737793,-1.2446787357330322,-0.7709570527076721,-1.7426303625106812,0.7671411037445068,0.899582028388977,-1.215331792831421
0.4551758749999989,0.0034223749999999996,133.0,5.734084878186447,1.2718902348305061,2.018087949379282,0.006671704764634491,-0.0028657550621219397,0.0015332131632303026,0.060531688769314126,-0.2711934745311737,0.19932574033737183,0.27532491087913513,2.0143885612487793,0.8445320129394531,-0.648932933807373,-1.2337778806686401,-0.7823169827461243,-1.741523027420044,0.7553644180297852,0.8652002215385437,-1.2179934978485107
0.4551758749999989,0.0034223749999999996,133.0,5.7409858310069914,1.2837973542796584,2.023509255822225,0.007006154346488894,-0.003036135311547624,0.0015977627117974933,0.06035036394225705,-0.2737973630428314,0.20527257025241852,0.2777780592441559,2.030998706817627,0.8585141897201538,-0.6478826999664307,-1.2261253595352173,-0.7915862202644348,-1.7424646615982056,0.7530748844146729,0.8232927918434143,-1.2250359058380127
0.4551758749999989,0.0034223749999999996,133.0,5.747818051580388,1.2927787519432135,2.0248205817819285,0.0074660978432066335,-0.0032177372013945374,0.0016910548281252225,0.06034117651460911,-0.27422478795051575,0.20800164341926575,0.2785094678401947,2.036780834197998,0.8728204965591431,-0.6520326137542725,-1.218044400215149,-0.7968459725379944,-1.741790533065796,0.7485160827636719,0.8099011778831482,-1.225494623184204
0.4551758749999989,0.0034223749999999996,133.0,5.753804119400178,1.3005648445775568,2.0258979977354765,0.008261679868793486,-0.0035479522896305557,0.0018586545072187012,0.060331005214319076,-0.2742273509502411,0.20891650021076202,0.27872732281684875,2.039271831512451,0.8824325203895569,-0.6554605960845947,-1.2134727239608765,-0.7993379235267639,-1.7417056560516357,0.7453329563140869,0.8059985637664795,-1.2254921197891235
0.4551758749999989,0.0034223749999999996,133.0,5.759012065864589,1.30736165338923,2.0268459725939376,0.010051724818383222,-0.0043104796451812625,0.0022418524523079787,0.06032956326895996,-0.2749277651309967,0.21319976449012756,0.2805810868740082,2.050424098968506,0.8957871198654175,-0.662060022354126,-1.205986499786377,-0.8056862950325012,-1.7344026565551758,0.7340877056121826,0.7753451466560364,-1.2301411628723145
0.4551758749999989,0.0034223749999999996,133.0,5.763281760584335,1.3119116957133337,2.0279588423212087,0.018602951547815536,-0.008095303181189688,0.004033786618945668,0.060354640051319464,-0.2737106382846832,0.21043576300144196,0.28280046582221985,2.0625243186950684,0.9028948545455933,-0.6709747314453125,-1.216928243637085,-0.8068819642066956,-1.698439359664917,0.705960750579834,0.7544323205947876,-1.2410997152328491
0.4551758749999989,0.0034223749999999996,133.0,5.821867062852711,-1.147212532336499,1.8816735059826457,-6.008215945906056e-5,4.747674964231881e-5,2.5066845546811857e-6,0.06565894593665554,-0.1626262366771698,0.2722877264022827,0.04550209641456604,1.4698946475982666,0.9564744830131531,-1.4222490787506104,-1.0176910161972046,-0.357005774974823,-1.5230463743209839,0.8342728614807129,1.5844252109527588,-1.1092078685760498
0.4551758749999989,0.0034223749999999996,133.0,5.8348456938067805,-1.1406285106311556,1.8961799438986104,0.001217899442467351,-0.0009714523892013127,-6.109080012907046e-5,0.06562792141791285,-0.17094868421554565,0.2779064476490021,0.05257740616798401,1.5108460187911987,0.9531501531600952,-1.408663272857666,-1.0164698362350464,-0.3871272802352905,-1.53827965259552,0.8372631072998047,1.5303349494934082,-1.1191599369049072
0.4551758749999989,0.0034223749999999996,133.0,5.8165621065258915,-1.1425465494909997,1.8803079310696238,-0.00020142520966975232,0.00015858104815222936,7.5359560233895155e-6,0.06575381095581041,-0.16314014792442322,0.27149850130081177,0.04173976182937622,1.4681345224380493,0.9640877842903137,-1.4118719100952148,-0.9930604696273804,-0.35389453172683716,-1.5267301797866821,0.8418514728546143,1.592494249343872,-1.110791802406311
0.4551758749999989,0.0034223749999999996,133.0,5.830871716496863,-1.139937851214668,1.8905673392128977,0.0041260627037957385,-0.0032328027442976356,-0.00015497562701707865,0.06560818906255217,-0.16629290580749512,0.2749117612838745,0.04924073815345764,1.4954389333724976,0.9582350850105286,-1.4128096103668213,-0.9962019920349121,-0.37637293338775635,-1.5256526470184326,0.825991153717041,1.5513845682144165,-1.1150240898132324
0.4551758749999989,0.0034223749999999996,133.0,5.810438019519409,-1.1373043268113527,1.87855578820054,-0.0003028883879952452,0.00023719501459815024,9.679387096470626e-6,0.0658653651751759,-0.16418597102165222,0.2713300883769989,0.03839677572250366,1.468133568763733,0.9664797782897949,-1.4007151126861572,-0.9662929177284241,-0.35280656814575195,-1.5239986181259155,0.8494586944580078,1.5878697633743286,-1.1119502782821655
0.4551758749999989,0.0034223749999999996,133.0,5.825593725185786,-1.1348388832854268,1.8887557911492707,0.00620863077084768,-0.004822513853075493,-0.00021328398556433884,0.06571935282729735,-0.16462281346321106,0.27372679114341736,0.04599878191947937,1.491667628288269,0.9543669819831848,-1.4043793678283691,-0.9622668027877808,-0.37090957164764404,-1.5116159915924072,0.8233578205108643,1.5427933931350708,-1.1168574094772339
0.4551758749999989,0.0034223749999999996,133.0,5.803256057277246,-1.1311109915664188,1.876731466113806,-0.0004159547034875392,0.0003237310439010068,1.061629836698839e-5,0.06598871127492405,-0.16429191827774048,0.270073801279068,0.03352391719818115,1.4639936685562134,0.9704881310462952,-1.3876652717590332,-0.9345937967300415,-0.3469495177268982,-1.5237932205200195,0.8577108383178711,1.5944716930389404,-1.1139419078826904
0.4551758749999989,0.0034223749999999996,133.0,5.819044433253045,-1.1287254857417424,1.8866838039460236,0.008534694106510646,-0.0065661922544525565,-0.00024451441842190957,0.06586187491457417,-0.16419032216072083,0.27230632305145264,0.04086288809776306,1.4895241260528564,0.9654204249382019,-1.3909986019134521,-0.9207143187522888,-0.36701446771621704,-1.510591745376587,0.8250648975372314,1.549425482749939,-1.1189955472946167
0.4551758749999989,0.0034223749999999996,133.0,5.7955350576741775,-1.1244311313007478,1.8746292750092244,-0.0005430501559504486,0.0004194440676493473,1.0081033952352388e-5,0.06611074808438547,-0.16569161415100098,0.26910629868507385,0.0280301570892334,1.4624215364456177,0.9796505570411682,-1.3708593845367432,-0.8968194723129272,-0.3443604111671448,-1.5281026363372803,0.8685073852539062,1.6020957231521606,-1.115278720855713
0.4551758749999989,0.0034223749999999996,133.0,5.812084521843423,-1.1220395831046848,1.8845329361658383,0.011126169027946806,-0.008468459671848182,-0.000272938800464882,0.06599958639562115,-0.16256538033485413,0.2705613374710083,0.035915493965148926,1.4846895933151245,0.9660631418228149,-1.3775138854980469,-0.8760128021240234,-0.35972851514816284,-1.5009483098983765,0.8226068019866943,1.5476469993591309,-1.1217772960662842
0.4551758749999989,0.0034223749999999996,133.0,5.786658617029201,-1.116826221232372,1.8723446384978526,-0.0006836840236301494,0.000523310494486565,6.574541500466543e-6,0.06625041476185137,-0.16569340229034424,0.26770174503326416,0.02259683609008789,1.457243800163269,0.9756503701210022,-1.3554022312164307,-0.8574742078781128,-0.3371427059173584,-1.5212268829345703,0.8769149780273438,1.5995750427246094,-1.1175448894500732
0.4551758749999989,0.0034223749999999996,133.0,5.803959111284271,-1.1145016161508652,1.88203286262657,0.01397722719262078,-0.01051210983651446,-0.0002478127346692901,0.06616537269248315,-0.16170179843902588,0.26906031370162964,0.030326277017593384,1.481250286102295,0.9685724973678589,-1.360457420349121,-0.8250468373298645,-0.35390764474868774,-1.491412878036499,0.8213834762573242,1.5419654846191406,-1.1244853734970093
0.4551758749999989,0.0034223749999999996,133.0,5.777159136679361,-1.1087089731147555,1.8698310373984643,-0.0008422219688660236,0.0006375594084293343,6.383195378411213e-7,0.06639439777705237,-0.16699892282485962,0.2662413418292999,0.01593431830406189,1.4541152715682983,0.9782724380493164,-1.3343570232391357,-0.8085943460464478,-0.33251452445983887,-1.519261360168457,0.8889343738555908,1.5997098684310913,-1.119365930557251
0.4551758749999989,0.0034223749999999996,133.0,5.795478512728377,-1.106328981991762,1.8796250912518488,0.01709428577779822,-0.01270023436812228,-0.0002108816634825355,0.06631257770378968,-0.1590348780155182,0.26709866523742676,0.025292932987213135,1.473219633102417,0.9592576622962952,-1.3469362258911133,-0.7779685854911804,-0.3427366614341736,-1.4726275205612183,0.8152148723602295,1.53071928024292,-1.12790048122406
0.4551758749999989,0.0034223749999999996,133.0,5.7667242199451945,-1.10004900715666,1.8669439742569418,-0.0010177220949418677,0.0007613529400200273,-1.0131732379375763e-5,0.06656764048275556,-0.1670292317867279,0.2642476558685303,0.009217798709869385,1.447299599647522,0.9718313217163086,-1.3147611618041992,-0.7589733004570007,-0.32385510206222534,-1.5096173286437988,0.8982715606689453,1.5952882766723633,-1.121513843536377
0.4551758749999989,0.0034223749999999996,133.0,5.785802522103525,-1.0975326233352414,1.876614509032856,0.020452157140136814,-0.01497059927827944,-0.00010056718039659035,0.06650897712154118,-0.15664047002792358,0.2644076347351074,0.018175899982452393,1.4641722440719604,0.9566506147384644,-1.325714349746704,-0.717171847820282,-0.33051055669784546,-1.4594205617904663,0.8095264434814453,1.5268131494522095,-1.131575107574463
0.4551758749999989,0.0034223749999999996,133.0,5.755581985980456,-1.0903651258198865,1.8644135340327594,-0.0012100358476554278,0.0008927580569459854,-2.536946569252941e-5,0.06668776172367222,-0.1673041582107544,0.2622999846935272,0.002389580011367798,1.4404017925262451,0.9650729298591614,-1.295428991317749,-0.7110570073127747,-0.31527823209762573,-1.4988970756530762,0.9083523750305176,1.5902289152145386,-1.1234761476516724
0.4551758749999989,0.0034223749999999996,133.0,5.775706561329573,-1.0880441624599624,1.8737454027762948,0.024085075667646855,-0.017342553279604916,3.073360095978514e-5,0.06667528678360475,-0.15551471710205078,0.26200345158576965,0.010427474975585938,1.45790433883667,0.9571646451950073,-1.2988388538360596,-0.6485698223114014,-0.321183979511261,-1.448180079460144,0.8044703006744385,1.5188266038894653,-1.1351416110992432
0.4551758749999989,0.0034223749999999996,133.0,5.743742213835205,-1.0802643460580894,1.861546023177659,-0.0014165648618144793,0.0010290648027255914,-4.447146626317532e-5,0.0668359145992542,-0.1669204831123352,0.25936397910118103,-0.005788147449493408,1.4305139780044556,0.9571161270141602,-1.2717602252960205,-0.6531007289886475,-0.3036944270133972,-1.486631989479065,0.9173946380615234,1.587418556213379,-1.1256052255630493
0.4551758749999989,0.0034223749999999996,133.0,5.764894000071337,-1.0778476452493524,1.8708846961931607,0.027951599286721588,-0.019807061583957265,0.0002152083922645684,0.06684216780510772,-0.15220049023628235,0.25931552052497864,0.003797978162765503,1.4463354349136353,0.9431200623512268,-1.2790050506591797,-0.588956892490387,-0.30573177337646484,-1.425087571144104,0.7943978309631348,1.5022531747817993,-1.1394147872924805
0.4551758749999989,0.0034223749999999996,133.0,5.730886859076167,-1.0693781696573341,1.8586986862668164,-0.0016370757986504645,0.0011695985618044359,-7.05734491062771e-5,0.06698728329968127,-0.16675511002540588,0.256698340177536,-0.01368933916091919,1.421556830406189,0.9484902024269104,-1.2489943504333496,-0.5966811776161194,-0.29306089878082275,-1.4702355861663818,0.9264817237854004,1.5785514116287231,-1.127624273300171
0.4551758749999989,0.0034223749999999996,133.0,5.752943248648681,-1.0667183127658058,1.867987425929728,0.03206370391090025,-0.02230513138527904,0.0004793550275925636,0.06701182341612807,-0.1500239372253418,0.25651681423187256,-0.004217922687530518,1.436561942100525,0.937019407749176,-1.2513501644134521,-0.5190024971961975,-0.29233843088150024,-1.4059231281280518,0.7851419448852539,1.4873806238174438,-1.1435219049453735
0.4551758749999989,0.0034223749999999996,133.0,5.718253417660798,-1.0560600727521,1.858090434922019,-0.0018698283238620605,0.001328179405484563,-8.39668897513172e-5,0.06699548613801143,-0.1656699776649475,0.2560270130634308,-0.017214983701705933,1.4173604249954224,0.9396507143974304,-1.2382347583770752,-0.5700655579566956,-0.28474611043930054,-1.4502605199813843,0.9289717674255371,1.5603032112121582,-1.1316994428634644
0.4551758749999989,0.0034223749999999996,133.0,5.741110298028179,-1.053557117096943,1.8672243707680434,0.036415402940028915,-0.025128641402617946,0.0004948018957241116,0.06704849533890234,-0.14639145135879517,0.2555685043334961,-0.007352501153945923,1.4300020933151245,0.9206772446632385,-1.2398200035095215,-0.4801934063434601,-0.2780493497848511,-1.3755813837051392,0.7684881687164307,1.4546757936477661,-1.151295781135559
0.4551758749999989,0.0034223749999999996,133.0,5.705029370148553,-1.0419194934676146,1.8578460790243039,-0.0021043346809941684,0.001493403547043451,-9.919491338483298e-5,0.06698428573195259,-0.16259869933128357,0.2564277648925781,-0.017351895570755005,1.4118621349334717,0.9227101802825928,-1.2421081066131592,-0.5725993514060974,-0.27460408210754395,-1.4239128828048706,0.9250991344451904,1.5349031686782837,-1.1360340118408203
0.4551758749999989,0.0034223749999999996,133.0,5.728640598184119,-1.0393953022051272,1.8669152575026895,0.04094199018831306,-0.02815264956828393,0.0004703272368550792,0.06706733826438832,-0.1416090428829193,0.25555750727653503,-0.008052617311477661,1.42336106300354,0.9010957479476929,-1.2374284267425537,-0.4596365988254547,-0.26255983114242554,-1.3394402265548706,0.7469253540039062,1.4134001731872559,-1.1600090265274048
0.4551758749999989,0.0034223749999999996,133.0,5.690931572660494,-1.0272906600968477,1.857048694988696,-0.002345246733632679,0.0016559754059792067,-0.00011720820398612661,0.06700772415331195,-0.16073498129844666,0.2558397352695465,-0.02020019292831421,1.406699299812317,0.9113608002662659,-1.2340166568756104,-0.5515366792678833,-0.2655806541442871,-1.4038201570510864,0.9241387844085693,1.51430344581604,-1.1398639678955078
0.4551758749999989,0.0034223749999999996,133.0,5.715341144553011,-1.024334948183021,1.8667833817935668,0.04562001617473442,-0.03134394760795802,0.00040822072710195166,0.06708006371221191,-0.13716742396354675,0.2552909553050995,-0.009773582220077515,1.4170608520507812,0.8847517967224121,-1.22849440574646,-0.4316764175891876,-0.24688714742660522,-1.3086198568344116,0.721665620803833,1.3739632368087769,-1.1694090366363525
0.4551758749999989,0.0034223749999999996,133.0,5.675467054305544,-1.0115441468335105,1.8564343827094767,-0.0025975238852919426,0.0018257398839048899,-0.00014268150853279942,0.06703238113152409,-0.15896838903427124,0.25622063875198364,-0.02151605486869812,1.402843713760376,0.8997914791107178,-1.2332026958465576,-0.5472033619880676,-0.2588038444519043,-1.3847588300704956,0.9212362766265869,1.4923300743103027,-1.142645239830017
0.4551758749999989,0.0034223749999999996,133.0,5.700582223499444,-1.0082629691463654,1.8664910104520323,0.050437853066899255,-0.0345955867158973,0.00041660815997591067,0.06710750806467168,-0.13291111588478088,0.2555987536907196,-0.010649353265762329,1.4111030101776123,0.8685991168022156,-1.2251160144805908,-0.41539549827575684,-0.2325204610824585,-1.2790124416351318,0.6951184272766113,1.33466374874115,-1.1778106689453125
0.4551758749999989,0.0034223749999999996,133.0,5.659491800901418,-0.9953398105274828,1.8556313596916163,-0.0028541255037523314,0.001999838285920564,-0.00016855766283475757,0.06706433030720349,-0.15732935070991516,0.2554559111595154,-0.02509865164756775,1.397487759590149,0.8852410316467285,-1.223574161529541,-0.5212189555168152,-0.24961841106414795,-1.3670192956924438,0.9201414585113525,1.4702913761138916,-1.1465463638305664
0.4551758749999989,0.0034223749999999996,133.0,5.685732790551549,-0.9914933462626635,1.8668137849925908,0.05534984509163622,-0.03814809337415593,0.00028223452157257064,0.06708666642508494,-0.1264224350452423,0.25613588094711304,-0.009170591831207275,1.402370572090149,0.8443707823753357,-1.229569435119629,-0.4180893003940582,-0.21350139379501343,-1.2477282285690308,0.6560695171356201,1.294358730316162,-1.1881020069122314
0.4551758749999989,0.0034223749999999996,133.0,5.643010604160193,-0.9779020100212413,1.8557093139524823,-0.0031224773796353212,0.002191697191667796,-0.00018789325990960107,0.06703753235170895,-0.1547611653804779,0.2561074197292328,-0.02531459927558899,1.393890380859375,0.8699482679367065,-1.2247209548950195,-0.5236923694610596,-0.24177461862564087,-1.352247953414917,0.9119460582733154,1.4477832317352295,-1.1507047414779663
0.4551758749999989,0.0034223749999999996,133.0,5.669721464681546,-0.9737990076089785,1.8671345640063919,0.06032707956998129,-0.041758086943091424,9.63882908812336e-6,0.0670870535844824,-0.12075775861740112,0.2562507092952728,-0.009586632251739502,1.3949908018112183,0.8253572583198547,-1.2227542400360107,-0.40664389729499817,-0.19494003057479858,-1.2228671312332153,0.612170934677124,1.2548863887786865,-1.1995177268981934
0.4551758749999989,0.0034223749999999996,133.0,5.625667770744447,-0.9600917595743372,1.855054683669201,-0.003388593431425287,0.0023710774175869772,-0.00021294001146163587,0.06705844150888882,-0.15115121006965637,0.25512954592704773,-0.02806219458580017,1.3843703269958496,0.8542785048484802,-1.2210192680358887,-0.5117522478103638,-0.22894346714019775,-1.335594892501831,0.9032900333404541,1.4340413808822632,-1.1542046070098877
0.4551758749999989,0.0034223749999999996,133.0,5.652911882167916,-0.9555388692500028,1.8669894614175886,0.0654340790855021,-0.04533093157720763,-0.0002390136903181749,0.06709886835222299,-0.11341628432273865,0.2558261454105377,-0.01001054048538208,1.381352424621582,0.7946935892105103,-1.2220206260681152,-0.3997465968132019,-0.17070192098617554,-1.1887595653533936,0.5662996768951416,1.2139439582824707,-1.2103657722473145
0.4551758749999989,0.0034223749999999996,133.0,5.607074295738208,-0.9415298489770425,1.8539560929991736,-0.003656430423011394,0.0025415931426276527,-0.0002506070509019183,0.06711916911373357,-0.1492753028869629,0.2547384202480316,-0.03142207860946655,1.378556251525879,0.8400145173072815,-1.2124876976013184,-0.48903897404670715,-0.220075786113739,-1.316739797592163,0.8998386859893799,1.4091718196868896,-1.1573419570922852
0.4551758749999989,0.0034223749999999996,133.0,5.635391478395005,-0.9365910826798377,1.8668349053458824,0.07054906436127929,-0.0490132440001036,-0.000456361266611245,0.06711297465951165,-0.10784712433815002,0.25498902797698975,-0.013658314943313599,1.3696224689483643,0.771206259727478,-1.2042911052703857,-0.3666556477546692,-0.14820736646652222,-1.159301519393921,0.5206003189086914,1.1684719324111938,-1.2215557098388672
0.4551758749999989,0.0034223749999999996,133.0,5.588048358575178,-0.9215067653505413,1.853959546336507,-0.003919850294820194,0.0027229645800770576,-0.000274708890730096,0.06710642689330082,-0.1471288800239563,0.25397932529449463,-0.0355832576751709,1.3722838163375854,0.8237571120262146,-1.2005269527435303,-0.45958295464515686,-0.20890319347381592,-1.2971255779266357,0.8969104290008545,1.3815507888793945,-1.1623719930648804
0.4551758749999989,0.0034223749999999996,133.0,5.616548441025251,-0.9165307099865684,1.8669869124674645,0.07560782247120111,-0.05277031686345249,-0.0006581846873875509,0.06714908794127042,-0.10249748826026917,0.2558111548423767,-0.014321625232696533,1.360848069190979,0.7469182014465332,-1.1964411735534668,-0.35362735390663147,-0.12870097160339355,-1.1243680715560913,0.4742612838745117,1.1101157665252686,-1.2324540615081787
0.4551758749999989,0.0034223749999999996,133.0,5.567376704587706,-0.9008522739641265,1.853279056005153,-0.004186785890628011,0.0028901372815416295,-0.00031879814859647076,0.06715340681772423,-0.14629343152046204,0.2546473741531372,-0.03800547122955322,1.3711966276168823,0.8152840733528137,-1.1929242610931396,-0.44223397970199585,-0.20498746633529663,-1.2783294916152954,0.8921208381652832,1.350750207901001,-1.1651614904403687
0.4551758749999989,0.0034223749999999996,133.0,5.596290126568766,-0.8956280272418725,1.8665589242503646,0.08067934379932191,-0.05642605652114526,-0.0004208323997019462,0.0672059826258658,-0.09815877676010132,0.25663653016090393,-0.016762733459472656,1.3522342443466187,0.7312659621238708,-1.1870970726013184,-0.3362845778465271,-0.11235672235488892,-1.0922926664352417,0.43378257751464844,1.0587058067321777,-1.2403972148895264
0.4551758749999989,0.0034223749999999996,133.0,5.546300394652814,-0.8797527858304235,1.8522507920226219,-0.0044587417303679185,0.0030570612953884544,-0.00036880787554520174,0.06720198798526344,-0.14183199405670166,0.25212687253952026,-0.044246166944503784,1.356415867805481,0.7993299961090088,-1.179441213607788,-0.40598997473716736,-0.18725287914276123,-1.2532914876937866,0.8842158317565918,1.332835078239441,-1.1685293912887573
0.4551758749999989,0.0034223749999999996,133.0,5.575860660894994,-0.8740879721368561,1.8663442257662564,0.08583379307573681,-0.060078957784538006,-0.0002869707825536848,0.06723424544279731,-0.09132120013237,0.2567653954029083,-0.018561184406280518,1.336847186088562,0.7027441263198853,-1.1810657978057861,-0.32201236486434937,-0.08829247951507568,-1.0506620407104492,0.38769984245300293,1.0040181875228882,-1.2493243217468262
0.4551758749999989,0.0034223749999999996,133.0,5.52449400216319,-0.8580634997040332,1.8511856378746836,-0.004730394535802469,0.0032192994275926437,-0.0004209848751274044,0.06726190614626307,-0.13758161664009094,0.2508779466152191,-0.04824379086494446,1.3440788984298706,0.7782086133956909,-1.172804355621338,-0.38399720191955566,-0.1720414161682129,-1.225887656211853,0.8751301765441895,1.3071281909942627,-1.1715779304504395
0.4551758749999989,0.0034223749999999996,133.0,5.554630478872854,-0.8517096626475871,1.8663025484785207,0.09091017608624717,-0.06379858649013213,-9.231370167126129e-5,0.06726151924412625,-0.08461010456085205,0.2570899426937103,-0.020290136337280273,1.3215516805648804,0.6748329401016235,-1.1751210689544678,-0.3091694712638855,-0.06494307518005371,-1.0081562995910645,0.3410618305206299,0.9480518102645874,-1.2576203346252441
0.4551758749999989,0.0034223749999999996,133.0,5.5015058407337625,-0.834679714768055,1.8506762805113903,-0.005000869294788928,0.003387659862135723,-0.000471692105970744,0.06728117558776897,-0.13773784041404724,0.25217777490615845,-0.050374120473861694,1.3443349599838257,0.7650812864303589,-1.1654584407806396,-0.36793917417526245,-0.16954904794692993,-1.2063274383544922,0.8744614124298096,1.2699679136276245,-1.1741513013839722
0.4551758749999989,0.0034223749999999996,133.0,5.5322791300135545,-0.8286336441366435,1.8660882019782028,0.09593992526541463,-0.06733665189998024,0.0001536343602484127,0.06731645479409439,-0.07990971207618713,0.2563132047653198,-0.026813030242919922,1.3084572553634644,0.6624279022216797,-1.1401112079620361,-0.25980162620544434,-0.04590672254562378,-0.9779160618782043,0.2880380153656006,0.8919638991355896,-1.2641303539276123
0.4551758749999989,0.0034223749999999996,133.0,5.478485468817659,-0.8104488801368679,1.8507921974121802,-0.005256627841739967,0.0035637206852158388,-0.0005024609865805252,0.06726550565414256,-0.13368231058120728,0.25184550881385803,-0.053287774324417114,1.3349473476409912,0.7479215264320374,-1.158205270767212,-0.3525177538394928,-0.15649312734603882,-1.1834571361541748,0.8629436492919922,1.242493987083435,-1.17794668674469
0.4551758749999989,0.0034223749999999996,133.0,5.5086898461683385,-0.8037619556494222,1.8667675006032132,0.100881751974195,-0.0711463429171199,0.0006562232622434292,0.06733064855020232,-0.07554835081100464,0.2587098479270935,-0.026774287223815918,1.3010936975479126,0.6476861834526062,-1.1380000114440918,-0.26158618927001953,-0.032608866691589355,-0.9415848255157471,0.24765515327453613,0.8318126797676086,-1.2700949907302856
0.4551758749999989,0.0034223749999999996,133.0,5.45407874511032,-0.7861188434569503,1.8500202128164807,-0.005522214137883209,0.003719880049440335,-0.0005588727058336187,0.06732377896857955,-0.13019350171089172,0.25162309408187866,-0.05614358186721802,1.3257288932800293,0.7293345928192139,-1.1532135009765625,-0.3389080762863159,-0.14500045776367188,-1.1592079401016235,0.8533420562744141,1.2158437967300415,-1.1803005933761597
0.4551758749999989,0.0034223749999999996,133.0,5.484647050852366,-0.7787667090795835,1.8667213327938068,0.1057619500359343,-0.07466033963418285,0.0010665145811499348,0.0673770131750334,-0.06810957193374634,0.25945383310317993,-0.02754873037338257,1.2843859195709229,0.6242067217826843,-1.1348216533660889,-0.261015921831131,-0.011648893356323242,-0.8986993432044983,0.1976323127746582,0.7828837037086487,-1.2745912075042725
0.4551758749999989,0.0034223749999999996,133.0,5.428797744726405,-0.7609301062756014,1.849367276665547,-0.005799018309919697,0.0038735834228439876,-0.0006207401142416988,0.06735892176721268,-0.1279366910457611,0.2514645457267761,-0.05982288718223572,1.3194681406021118,0.7170516848564148,-1.141465425491333,-0.3141932785511017,-0.13666915893554688,-1.137742519378662,0.8457629680633545,1.1867140531539917,-1.1824933290481567
0.4551758749999989,0.0034223749999999996,133.0,5.4595659573718445,-0.7528095777717728,1.8665703253225039,0.11072528674012705,-0.07789280572456786,0.0018758929404625066,0.06741663844580328,-0.0644979178905487,0.2608191967010498,-0.030035555362701416,1.2747656106948853,0.61016845703125,-1.1265649795532227,-0.24484987556934357,0.00011491775512695312,-0.863031804561615,0.166656494140625,0.72910076379776,-1.2768452167510986
0.4551758749999989,0.0034223749999999996,133.0,5.402737528073778,-0.7346404811539196,1.849113076645138,-0.006079087111157127,0.004044824942350793,-0.0006715991038621843,0.06738793657555567,-0.1267671287059784,0.25062069296836853,-0.06538620591163635,1.3137964010238647,0.7087259888648987,-1.1239397525787354,-0.2767358422279358,-0.1293184757232666,-1.1176815032958984,0.8424732685089111,1.1584960222244263,-1.1843948364257812
0.4551758749999989,0.0034223749999999996,133.0,5.433511876262781,-0.7261620030363906,1.866220103593986,0.11555359478194056,-0.0809703639863826,0.0028294454462843635,0.06747008517679015,-0.05901697278022766,0.2616386115550995,-0.033142685890197754,1.2610692977905273,0.6005917191505432,-1.1102075576782227,-0.22764571011066437,0.01429399847984314,-0.8310502171516418,0.12346339225769043,0.6865360140800476,-1.2776243686676025
0.4551758749999989,0.0034223749999999996,133.0,5.375012233346414,-0.7082474512909399,1.8478052957160225,-0.006350346334965765,0.004161688132027989,-0.00075127543503479,0.06748981244753874,-0.12979862093925476,0.2496575117111206,-0.07267123460769653,1.3151702880859375,0.7127007246017456,-1.1008589267730713,-0.22193151712417603,-0.13130652904510498,-1.0951110124588013,0.8506262302398682,1.1200690269470215,-1.1838510036468506
0.4551758749999989,0.0034223749999999996,133.0,5.406321039953048,-0.6989181388541715,1.8657857379528355,0.12021726583227381,-0.0838504595317865,0.004078140529715015,0.06754863952609665,-0.05540519952774048,0.26340094208717346,-0.034536123275756836,1.2520296573638916,0.5966666340827942,-1.1091909408569336,-0.22391286492347717,0.022707879543304443,-0.8065850138664246,0.1140594482421875,0.6605215072631836,-1.2769739627838135
0.4551758749999989,0.0034223749999999996,133.0,5.346507105282266,-0.6807145244838394,1.847227634832562,-0.006611442785010955,0.0042943913721940185,-0.0008216603041065108,0.06754188202018414,-0.12906885147094727,0.2496316134929657,-0.07663294672966003,1.3109086751937866,0.7009336352348328,-1.0905520915985107,-0.19799526035785675,-0.1260334849357605,-1.0732709169387817,0.8475816249847412,1.090364933013916,-1.184889793395996
0.4551758749999989,0.0034223749999999996,133.0,5.378024315564672,-0.6711165185255151,1.8651172465866879,0.12472725334309577,-0.086356311745149,0.005557501994449705,0.06766464750111027,-0.05440303683280945,0.26428014039993286,-0.03954595327377319,1.2465816736221313,0.6078713536262512,-1.0873610973358154,-0.19015257060527802,0.023498833179473877,-0.7945722937583923,0.11103558540344238,0.6347307562828064,-1.2724108695983887
0.4551758749999989,0.0034223749999999996,133.0,5.317188862187204,-0.6531065990267965,1.846538790827402,-0.006845445251819927,0.004484199305840407,-0.0008402593899975443,0.067501970986945,-0.12885507941246033,0.24895310401916504,-0.081820547580719,1.3070884943008423,0.6949824690818787,-1.0739169120788574,-0.1609354168176651,-0.12219524383544922,-1.053314447402954,0.8455450534820557,1.0602498054504395,-1.1850500106811523
0.4551758749999989,0.0034223749999999996,133.0,5.347943948621755,-0.64261978007064,1.8640517646277115,0.12903684581832583,-0.08854773925147494,0.008402979532517466,0.06780086068277222,-0.057452619075775146,0.26572632789611816,-0.04569491744041443,1.2461947202682495,0.6299286484718323,-1.0803723335266113,-0.15751786530017853,0.014119893312454224,-0.7778142690658569,0.14806723594665527,0.5964657664299011,-1.262312650680542
0.4551758749999989,0.0034223749999999996,133.0,5.286675387562893,-0.6238574724341894,1.8462079329500534,-0.007035330058460924,0.004649744595284221,-0.000890994894225885,0.06752265850334568,-0.1286042332649231,0.2491436004638672,-0.08532363176345825,1.3040964603424072,0.6844311952590942,-1.0650086402893066,-0.14155960083007812,-0.11876827478408813,-1.034812569618225,0.842827320098877,1.032538890838623,-1.1854883432388306
0.4551758749999989,0.0034223749999999996,133.0,5.318373071133137,-0.613043501961429,1.8655444992178456,0.13306380109589333,-0.09164724190609227,0.010811973443116215,0.06783886803236486,-0.056664347648620605,0.2698090672492981,-0.043276965618133545,1.2447688579559326,0.6374830603599548,-1.0885088443756104,-0.18162797391414642,0.01352083683013916,-0.7653371691703796,0.16306710243225098,0.5695120096206665,-1.259835124015808
0.4551758749999989,0.0034223749999999996,133.0,5.254942876503907,-0.5928659797610146,1.8467399935737416,-0.0072091349060202535,0.0048488203760430094,-0.0009451803935459248,0.0675000068541809,-0.1295420229434967,0.25334951281547546,-0.08289539813995361,1.310024380683899,0.6787782907485962,-1.0732669830322266,-0.17447718977928162,-0.12323927879333496,-1.0325679779052734,0.8376576900482178,1.019713044166565,-1.1865707635879517
0.4551758749999989,0.0034223749999999996,133.0,5.28761994012779,-0.5823679029333069,1.8666925811953314,0.1370506019431401,-0.0947336014175012,0.012440659472259087,0.06785421982377828,-0.05729064345359802,0.2722046375274658,-0.0444130003452301,1.2434546947479248,0.6426218152046204,-1.0847034454345703,-0.17975421249866486,0.011086255311965942,-0.7494969367980957,0.17376303672790527,0.5343222618103027,-1.2558493614196777
0.4551758749999989,0.0034223749999999996,133.0,5.223349052267495,-0.5610724156885776,1.8476351504648572,-0.007384439238631968,0.005066368720967563,-0.000980794242554719,0.06748347458160861,-0.129113107919693,0.25573092699050903,-0.08311289548873901,1.3109805583953857,0.6671678423881531,-1.0700957775115967,-0.1793452799320221,-0.12191224098205566,-1.0231983661651611,0.8296785354614258,0.994356632232666,-1.1887129545211792
0.4551758749999989,0.0034223749999999996,133.0,5.255619934146081,-0.5497836298699176,1.868170068084339,0.14072902549969352,-0.09832457831407489,0.014450356364808839,0.06781340239785486,-0.06029573082923889,0.2790130078792572,-0.03787052631378174,1.2537522315979004,0.6530513167381287,-1.1084907054901123,-0.2364729642868042,-0.00020456314086914062,-0.7406617999076843,0.19936251640319824,0.5023219585418701,-1.2540361881256104
0.4551758749999989,0.0034223749999999996,133.0,5.190668737971849,-0.5293013696109599,1.8476626756787804,-0.007562897952867272,0.005240018986342633,-0.0010520953194667864,0.06753328131547642,-0.1287352442741394,0.2562396228313446,-0.08629825711250305,1.3083932399749756,0.6560381054878235,-1.0605549812316895,-0.15982088446617126,-0.1185559630393982,-1.0047862529754639,0.824852466583252,0.9630627632141113,-1.189487099647522
0.4551758749999989,0.0034223749999999996,133.0,5.223187539341778,-0.5173750460269506,1.869227147412046,0.1441480019286675,-0.10116689392721824,0.016838653363862314,0.06784720679475484,-0.060156673192977905,0.28122612833976746,-0.038349270820617676,1.2472517490386963,0.6576514840126038,-1.1021020412445068,-0.23960384726524353,-0.0016738176345825195,-0.718836784362793,0.20703721046447754,0.45586299896240234,-1.2458021640777588
0.4551758749999989,0.0034223749999999996,133.0,5.1570800267049215,-0.4969678980429808,1.8473233129714466,-0.007741804457044858,0.005387354802010811,-0.001137990861791567,0.06761568367342252,-0.12848597764968872,0.2553696036338806,-0.09164166450500488,1.304667353630066,0.6530396342277527,-1.0427324771881104,-0.12013773620128632,-0.11622446775436401,-0.9851248860359192,0.8198018074035645,0.930742084980011,-1.1883070468902588
0.4551758749999989,0.0034223749999999996,133.0,5.189733723439737,-0.4843279281930108,1.870110645898333,0.14733458728116455,-0.10369543646309672,0.019568740398984028,0.06789572244588092,-0.06002157926559448,0.2830057442188263,-0.038792192935943604,1.2380585670471191,0.6617794632911682,-1.0941612720489502,-0.24150988459587097,-0.003441154956817627,-0.6911163926124573,0.21518611907958984,0.4005736708641052,-1.2345514297485352
0.4551758749999989,0.0034223749999999996,133.0,5.122731019139405,-0.4636083416940633,1.8472565184122092,-0.007919693871984788,0.005538643630620457,-0.0012317339889119715,0.0676700619799252,-0.12815141677856445,0.25536319613456726,-0.0956684947013855,1.301186203956604,0.6413107514381409,-1.0301649570465088,-0.08931542932987213,-0.11247354745864868,-0.9593620300292969,0.8150618076324463,0.8906009793281555,-1.1885660886764526
0.4551758749999989,0.0034223749999999996,133.0,5.1553293821560375,-0.450749881094186,1.8708495242308592,0.15035930946403062,-0.10569904748807672,0.02253382312489239,0.06796692470433392,-0.05541679263114929,0.2835552394390106,-0.039223670959472656,1.2188541889190674,0.6723554730415344,-1.0713176727294922,-0.24773795902729034,-0.0014343857765197754,-0.6672362685203552,0.1939103603363037,0.35444849729537964,-1.2174606323242188
0.4551758749999989,0.0034223749999999996,133.0,5.087567987719024,-0.4294464705099812,1.8472992011129246,-0.008089791654796095,0.005692197701573218,-0.0013227595448075619,0.06772111377252443,-0.1263340711593628,0.256145715713501,-0.0979190468788147,1.2965987920761108,0.6281354427337646,-1.0227766036987305,-0.07509304583072662,-0.10713344812393188,-0.9356602430343628,0.8043525218963623,0.856651246547699,-1.189283847808838
0.4551758749999989,0.0034223749999999996,133.0,5.119998800128263,-0.41655209756810707,1.8714511432667937,0.15320425716098865,-0.10725352142721134,0.0257428009835343,0.06804914972921754,-0.05232653021812439,0.28094226121902466,-0.04368707537651062,1.1965980529785156,0.6888270974159241,-1.0336122512817383,-0.22209154069423676,-0.006761372089385986,-0.6381565928459167,0.17526626586914062,0.29543325304985046,-1.1901322603225708
0.4551758749999989,0.0034223749999999996,133.0,5.05119333166751,-0.39439402674844104,1.84772326289017,-0.008212280070396635,0.005875892423831151,-0.0014170719439056578,0.06781766996642595,-0.12316477298736572,0.2562265992164612,-0.10085707902908325,1.2900029420852661,0.6233161091804504,-1.0116333961486816,-0.05820859596133232,-0.10183984041213989,-0.9182195663452148,0.787499189376831,0.8315027356147766,-1.188216209411621
0.4551758749999989,0.0034223749999999996,133.0,5.083680954831509,-0.38193463174753906,1.8714086932670357,0.155958827415012,-0.10809758008077947,0.02859150044725923,0.06816555928778895,-0.05175718665122986,0.2807995080947876,-0.04668706655502319,1.1866929531097412,0.6826615929603577,-1.0224738121032715,-0.1985711306333542,-0.00732874870300293,-0.6032602787017822,0.1728837490081787,0.2406381070613861,-1.1795775890350342
0.4551758749999989,0.0034223749999999996,133.0,5.014033493675921,-0.3588709585100163,1.8476071794319995,-0.008352033480977964,0.0060210885470144354,-0.0015280899516397458,0.06790702495131462,-0.12311118841171265,0.25358009338378906,-0.10811534523963928,1.284042477607727,0.6225118041038513,-0.9868381023406982,0.005130305886268616,-0.10031956434249878,-0.8877958059310913,0.7817800045013428,0.7833618521690369,-1.1840262413024902
0.4551758749999989,0.0034223749999999996,133.0,5.046573067750122,-0.3461240224336759,1.8717465262065147,0.15853175269612385,-0.1088614223471156,0.031371217812394256,0.06825507841857333,-0.050337761640548706,0.27956968545913696,-0.05273014307022095,1.176817536354065,0.680077850818634,-0.9979591369628906,-0.15198390185832977,-0.007703304290771484,-0.5741192102432251,0.15612101554870605,0.19189652800559998,-1.1695561408996582
0.4551758749999989,0.0034223749999999996,133.0,4.975923683216058,-0.32242918359721157,1.8477989611297563,-0.008475511452229292,0.0061844352430792055,-0.001655217044162722,0.06797660946737126,-0.12151816487312317,0.2521742582321167,-0.1130511462688446,1.2755323648452759,0.6056654453277588,-0.9739260673522949,0.043389543890953064,-0.09291428327560425,-0.8537202477455139,0.7735254764556885,0.7359369397163391,-1.1829488277435303
0.4551758749999989,0.0034223749999999996,133.0,5.008735210002202,-0.30931704842823904,1.8721257326934448,0.16078461039547462,-0.10978237255200872,0.03370850216795652,0.06832256605235526,-0.044389426708221436,0.28019753098487854,-0.0543249249458313,1.1624150276184082,0.6726755499839783,-0.9775197505950928,-0.14749886095523834,-0.0001996755599975586,-0.5543383955955505,0.12014365196228027,0.16767483949661255,-1.162961721420288
0.4551758749999989,0.0034223749999999996,133.0,4.937087368482298,-0.2848713867925586,1.8481080336482194,-0.008616328849242972,0.006361463493966739,-0.001778057971201119,0.06803237516202876,-0.12496793270111084,0.2491832673549652,-0.12137982249259949,1.269146203994751,0.5902688503265381,-0.9541468620300293,0.11885403096675873,-0.08885830640792847,-0.8001095056533813,0.7831389904022217,0.6560726165771484,-1.1802639961242676
0.4551758749999989,0.0034223749999999996,133.0,4.970174084068961,-0.27128431484022153,1.8730997566981995,0.162599169157234,-0.1110147878542608,0.035717497399987586,0.06836116001243916,-0.04129815101623535,0.2809617817401886,-0.05672845244407654,1.1519525051116943,0.6611226201057434,-0.9630651473999023,-0.13111568987369537,0.004862010478973389,-0.5282208919525146,0.09916043281555176,0.1282256841659546,-1.1576625108718872
0.4551758749999989,0.0034223749999999996,133.0,4.897456183839707,-0.2462001296425299,1.8486416624917723,-0.008693043024659643,0.006516548104142887,-0.001897795841939512,0.06808011342368954,-0.12260138988494873,0.24917513132095337,-0.12383228540420532,1.2613534927368164,0.5736720561981201,-0.9468398094177246,0.13816651701927185,-0.08253902196884155,-0.7708254456520081,0.7684359550476074,0.6130762100219727,-1.1787440776824951
0.4551758749999989,0.0034223749999999996,133.0,4.930575357360076,-0.2324247055394998,1.8736429804913366,0.1642493519867449,-0.111656027100563,0.038010832926511334,0.0684097850766792,-0.041299641132354736,0.2800397574901581,-0.06198051571846008,1.1431751251220703,0.6476085186004639,-0.9530365467071533,-0.08795641362667084,0.005886077880859375,-0.4896245300769806,0.09554767608642578,0.07149776071310043,-1.149876594543457
0.4551758749999989,0.0034223749999999996,133.0,4.856699607942508,-0.2076555059866786,1.8485526529208747,-0.0087339646560922,0.006591835105447634,-0.002062761962716679,0.06818563050096559,-0.12112739682197571,0.2465062290430069,-0.12972837686538696,1.2488441467285156,0.5573906898498535,-0.932694673538208,0.19110137224197388,-0.07487547397613525,-0.7239089608192444,0.7587506771087646,0.5557138919830322,-1.1738653182983398
0.4551758749999989,0.0034223749999999996,133.0,4.8899097298514675,-0.19331284786973146,1.8738997221182494,0.1656443128274879,-0.11153667436420486,0.04072522665657539,0.06848145663726662,-0.03771349787712097,0.28266802430152893,-0.06086966395378113,1.1351739168167114,0.6400852203369141,-0.9443550109863281,-0.09806513786315918,0.011212199926376343,-0.46761026978492737,0.06874322891235352,0.04245290905237198,-1.1471517086029053
0.4551758749999989,0.0034223749999999996,133.0,4.815018441779829,-0.1686782062146014,1.8484882629382324,-0.008723007566809717,0.0066004052706979946,-0.002276544460478056,0.06829662147183559,-0.1191897988319397,0.24313439428806305,-0.13637632131576538,1.2331836223602295,0.5391849279403687,-0.9172008037567139,0.25220879912376404,-0.06549280881881714,-0.6696269512176514,0.7474825382232666,0.4953238070011139,-1.1675578355789185
0.4551758749999989,0.0034223749999999996,133.0,4.848300970558654,-0.1534806769292706,1.873928891079132,0.1669671369847458,-0.11063243476338937,0.04374920656242999,0.0685518610046714,-0.037502288818359375,0.2807108461856842,-0.06731057167053223,1.1228289604187012,0.6240912675857544,-0.934241771697998,-0.043215565383434296,0.01402437686920166,-0.42151114344596863,0.06837248802185059,-0.014130307361483574,-1.1375812292099
0.4551758749999989,0.0034223749999999996,133.0,4.772995226478639,-0.12881540754156878,1.8483040784194167,-0.008729794440116036,0.006597783336268153,-0.0024620238980289292,0.06839596301967678,-0.11693751811981201,0.2394811362028122,-0.14306414127349854,1.2152525186538696,0.5177887082099915,-0.9022152423858643,0.31674638390541077,-0.05580294132232666,-0.6097586154937744,0.7353696823120117,0.4334966242313385,-1.1592551469802856
0.4551758749999989,0.0034223749999999996,133.0,4.80598451966365,-0.11295784238012645,1.8742711518135287,0.16770384709278527,-0.10982432554097718,0.04665114292524146,0.06861109518171539,-0.041057586669921875,0.28061556816101074,-0.07245999574661255,1.1165666580200195,0.5945314168930054,-0.941413402557373,0.011755667626857758,0.017525285482406616,-0.3656226098537445,0.09209966659545898,-0.08896249532699585,-1.1343684196472168
0.4551758749999989,0.0034223749999999996,133.0,4.728972841737652,-0.08786462807992038,1.8487160415316102,-0.00869422890963243,0.006613529264383912,-0.0026646576990408104,0.06848607751776567,-0.11666455864906311,0.23631487786769867,-0.14929351210594177,1.2045984268188477,0.5075927376747131,-0.8890836238861084,0.37213847041130066,-0.05494135618209839,-0.5716100335121155,0.7262084484100342,0.38645613193511963,-1.149580478668213
0.4551758749999989,0.0034223749999999996,133.0,4.762492475354356,-0.0713722544681711,1.8746630222712606,0.16803741306532866,-0.10930959295457376,0.04844884213364383,0.0686624598020146,-0.043387383222579956,0.27802857756614685,-0.07875537872314453,1.1120153665542603,0.5831708312034607,-0.9296352863311768,0.06642071902751923,0.005986690521240234,-0.33852046728134155,0.08929038047790527,-0.14072158932685852,-1.1182717084884644
0.4551758749999989,0.0034223749999999996,133.0,4.682805219180043,-0.044944072451254105,1.8493673132306556,-0.008603837999079541,0.006726903355245376,-0.0027914331696179398,0.06851959946623655,-0.11633554100990295,0.23818475008010864,-0.1487530767917633,1.2119638919830322,0.49171584844589233,-0.9038710594177246,0.33095020055770874,-0.06563025712966919,-0.6083896160125732,0.7194728851318359,0.402523398399353,-1.146789312362671
0.4551758749999989,0.0034223749999999996,133.0,4.71805073590043,-0.030072931583509408,1.8751126935465414,0.16743195516234902,-0.110985659662245,0.04805578368960709,0.06866901392480013,-0.038848161697387695,0.26936623454093933,-0.07899415493011475,1.1031742095947266,0.5453360676765442,-0.9359867572784424,0.029869142919778824,0.021351784467697144,-0.4394879937171936,0.10012340545654297,-0.05442808195948601,-1.1250364780426025
0.4551758749999989,0.0034223749999999996,133.0,4.63213652763185,0.008294058354926644,1.8614161550306716,-0.00809691459579851,0.008200789898858113,-0.0023840837993423718,0.06714222774233612,-0.14083263278007507,0.26289692521095276,-0.050247907638549805,1.3513320684432983,0.5260425209999084,-0.9934937953948975,-0.3820611238479614,-0.10802936553955078,-1.4022184610366821,0.9489989280700684,0.8069635033607483,-1.2398221492767334
0.4551758749999989,0.0034223749999999996,133.0,4.674688141830422,0.016657356177558598,1.8847184465140585,0.15971298268728196,-0.13574421332763476,0.03524018351307875,0.06771769938259595,-0.04441100358963013,0.262809157371521,-0.0038775205612182617,1.159510612487793,0.5727161169052124,-1.068242073059082,-0.4613068997859955,0.09176641702651978,-0.7981946468353271,0.16846323013305664,0.2756652235984802,-1.2495261430740356
0.4551758749999989,0.0034223749999999996,133.0,4.547280625140059,0.03828313884548378,1.8963265652268153,-0.008569476354536592,0.009066622156750232,-0.002124151316783304,0.06494181598574267,-0.20547986030578613,0.26436036825180054,0.060020893812179565,1.4598772525787354,0.47745612263679504,-0.854423999786377,-0.9750131368637085,-0.0665101408958435,-2.0001955032348633,1.3433499336242676,0.9996684789657593,-1.3861980438232422
0.4551758749999989,0.0034223749999999996,133.0,4.605892286158247,0.038375535463519135,1.9069493802624407,0.166032895410996,-0.15227350798643383,0.037000596265963304,0.06540511411042337,-0.1777932047843933,0.11342988163232803,0.13398340344429016,1.8297953605651855,0.5621193051338196,-0.4365103244781494,-1.0170631408691406,-0.425881028175354,-1.1353023052215576,0.5002422332763672,0.08072256296873093,-1.4002841711044312
0.4551758749999989,0.0034223749999999996,133.0,4.526469318714174,0.045290961113342666,1.8975476065795887,-0.001396653744007904,0.007498816818894098,0.0019337658684379967,0.06957308069628619,-0.29243203997612,0.09676491469144821,0.1269664466381073,1.63216233253479,0.41218769550323486,-0.2567172050476074,-0.7924338579177856,-0.5313920378684998,-1.8388967514038086,1.3121693134307861,1.2186951637268066,-1.090601921081543
0.4551758749999989,0.0034223749999999996,133.0,4.585378739557115,0.06298846724375731,1.9175449173573291,0.014493620347997076,-0.14541428877650667,-0.0004926087362703128,0.06906170824588882,-0.22030168771743774,0.09652438759803772,0.16169306635856628,1.8629276752471924,0.20692431926727295,-0.41486454010009766,-0.7804628014564514,-0.5292423367500305,-1.0008999109268188,0.7451624870300293,0.45768025517463684,-1.3297531604766846
0.4551758749999989,0.0034223749999999996,133.0,4.550195172481743,0.08431510358421407,1.9315410993104496,0.009655603519261811,0.0035918516599322357,0.006589003690325063,0.06648507524512051,-0.3069339692592621,0.07015666365623474,0.18113359808921814,1.671262502670288,0.20274680852890015,-0.23519468307495117,-1.0928897857666016,-0.5875442624092102,-1.6062015295028687,1.1276190280914307,1.367307424545288,-1.0710819959640503
0.4551758749999989,0.0034223749999999996,133.0,4.597268509661154,0.11684394445875144,1.9576354369772657,-0.18958204539725707,-0.09484723847206214,-0.07440060488032466,0.06648587748598665,-0.27053365111351013,0.11319797486066818,0.19382253289222717,1.5778461694717407,-0.11035292595624924,-0.21638917922973633,-0.9821204543113708,-0.30152076482772827,-0.8730764389038086,0.7708806991577148,1.0193803310394287,-1.2700096368789673
0.4551758749999989,0.0034223749999999996,133.0,4.585008182966017,0.1241507850580725,1.9492025052532724,0.009752382632858285,0.003082568204603008,0.006657959276349668,0.06648331795359985,-0.30830344557762146,0.05245693773031235,0.1952819526195526,1.6356312036514282,0.07331670075654984,-0.21321487426757812,-1.1020315885543823,-0.552028477191925,-1.501675009727478,1.0942652225494385,1.4839891195297241,-1.0712101459503174
0.4551758749999989,0.0034223749999999996,133.0,4.633103282831331,0.1619401203025219,1.9708571246145554,-0.1829046585714987,-0.0997105891733271,-0.07685205639427477,0.0668637841232035,-0.26688143610954285,0.10709965974092484,0.18868020176887512,1.5460554361343384,-0.20264148712158203,-0.1770331859588623,-0.8835200667381287,-0.2587215304374695,-0.8941471576690674,0.7220661640167236,1.1421869993209839,-1.2823994159698486
0.4551758749999989,0.0034223749999999996,133.0,4.630941183696294,0.16899147213375007,1.9580014606842124,0.0099835560824504,0.002984297425120037,0.006350613913099633,0.06638271380635768,-0.29997774958610535,0.05118301883339882,0.1961078941822052,1.6334819793701172,0.07303448021411896,-0.24738860130310059,-1.0676079988479614,-0.5337122082710266,-1.5212608575820923,1.0518698692321777,1.5086371898651123,-1.0880024433135986
0.4551758749999989,0.0034223749999999996,133.0,4.6790721386845595,0.20614566852754107,1.9759729927640102,-0.1866338980802023,-0.09666436167729275,-0.07342977651322491,0.06672982188660666,-0.26609912514686584,0.11449839919805527,0.19518175721168518,1.581597924232483,-0.1559971570968628,-0.21801304817199707,-0.9206023812294006,-0.2801526188850403,-0.9303765892982483,0.7248001098632812,1.0963186025619507,-1.295923113822937
0.4551758749999989,0.0034223749999999996,133.0,4.676522150412654,0.2117206982234685,1.9631356900257118,0.010127873208229915,0.002818509121172589,0.006170469704296847,0.06626081764080952,-0.2955610454082489,0.05330922082066536,0.2005477249622345,1.6500341892242432,0.10070749372243881,-0.27550530433654785,-1.0626859664916992,-0.5396292805671692,-1.5420950651168823,1.0203526020050049,1.5041697025299072,-1.0986652374267578
0.4551758749999989,0.0034223749999999996,133.0,4.725876374216457,0.2479604081053609,1.9789254349310064,-0.18906711150041935,-0.09554724786914805,-0.0698614189965912,0.06656288435366892,-0.255245178937912,0.11792877316474915,0.2004927694797516,1.607253909111023,-0.08942913264036179,-0.2776832580566406,-0.915492594242096,-0.30770766735076904,-0.9385445713996887,0.6589515209197998,1.0629514455795288,-1.293943166732788
0.4551758749999989,0.0034223749999999996,133.0,4.721537373163844,0.25306359506118303,1.9669296253762316,0.010199018808328825,0.002674298247481029,0.006031964154860008,0.06616646425645153,-0.29267415404319763,0.060668300837278366,0.2085561454296112,1.6857869625091553,0.14197787642478943,-0.30545735359191895,-1.0660920143127441,-0.5544461607933044,-1.5745267868041992,0.9846413135528564,1.4693543910980225,-1.1193313598632812
0.4551758749999989,0.0034223749999999996,133.0,4.769275819513399,0.2881551376533775,1.98031930389417,-0.18883776895792778,-0.09421123749656847,-0.07000248854343201,0.06649586649529511,-0.25148454308509827,0.11826309561729431,0.20063969492912292,1.611296534538269,-0.06979409605264664,-0.3028242588043213,-0.9154020547866821,-0.31642866134643555,-0.9514267444610596,0.6482629776000977,1.070337176322937,-1.289285659790039
0.4551758749999989,0.0034223749999999996,133.0,4.76587709298048,0.2938627984964238,1.9699524925536338,0.010263429253099851,0.0025617191422579173,0.005890546764363629,0.06606742722083132,-0.28339555859565735,0.06136450543999672,0.21226301789283752,1.6962788105010986,0.19535012543201447,-0.34055614471435547,-1.0505610704421997,-0.5574985146522522,-1.5826901197433472,0.9227542877197266,1.4635881185531616,-1.1271345615386963
0.4551758749999989,0.0034223749999999996,133.0,4.811657093876454,0.32816873222386855,1.9815933481307253,-0.18849078300012945,-0.09243682735770345,-0.06953865836280652,0.0664228210049516,-0.2483411729335785,0.11924165487289429,0.2010389268398285,1.6168957948684692,-0.04750586673617363,-0.3258373737335205,-0.9186834692955017,-0.32587337493896484,-0.9640851020812988,0.640277624130249,1.0712429285049438,-1.2854366302490234
0.4551758749999989,0.0034223749999999996,133.0,4.809269277696737,0.3338652474754855,1.972997422515573,0.010293541383461308,0.0024094471821579752,0.005698243440066057,0.06593187733914425,-0.28070399165153503,0.06521929055452347,0.21551933884620667,1.7104344367980957,0.22197610139846802,-0.3578939437866211,-1.0556104183197021,-0.5649064183235168,-1.5968897342681885,0.9040846824645996,1.4474514722824097,-1.1338599920272827
0.4551758749999989,0.0034223749999999996,133.0,4.8528777042518225,0.3673890330099712,1.9828355608341535,-0.18800752958683967,-0.09006136773268665,-0.06884679989796448,0.06635019950650678,-0.24783864617347717,0.12096754461526871,0.20138844847679138,1.6237311363220215,-0.031384438276290894,-0.33931565284729004,-0.9384504556655884,-0.3333309292793274,-0.9744874835014343,0.647702693939209,1.0656198263168335,-1.2846977710723877
0.4551758749999989,0.0034223749999999996,133.0,4.850948511585054,0.3726950862659878,1.974257558241716,0.01016722299491182,0.0022647930210960188,0.005581205479633172,0.06591427046507457,-0.2792433798313141,0.068231001496315,0.216129332780838,1.715796709060669,0.2364969402551651,-0.3675720691680908,-1.070168375968933,-0.5695906281471252,-1.6103346347808838,0.9032609462738037,1.4411669969558716,-1.1345336437225342
0.4551758749999989,0.0034223749999999996,133.0,4.891723775639964,0.4058695186912894,1.9841253785546358,-0.18782825087236735,-0.08585035390238516,-0.06845674381589355,0.06626841482503783,-0.24943336844444275,0.12486164271831512,0.20311442017555237,1.6379930973052979,-0.003568447194993496,-0.3533318042755127,-0.9776023030281067,-0.3475462794303894,-0.9816802740097046,0.6654026508331299,1.0361958742141724,-1.284362554550171
0.4551758749999989,0.0034223749999999996,133.0,4.891193510015499,0.41180038333489505,1.975863329707642,0.01002743960208769,0.002097101494169315,0.0053828693566454556,0.06584459770455092,-0.2784939706325531,0.07326791435480118,0.21831026673316956,1.7284752130508423,0.2642858028411865,-0.37990760803222656,-1.0825293064117432,-0.5795047879219055,-1.6262127161026,0.9012832641601562,1.420793890953064,-1.1372038125991821
0.4551758749999989,0.0034223749999999996,133.0,4.930248938947812,0.44416628326509044,1.9858713339138432,-0.18831950488794383,-0.08086179968880643,-0.06676936694298821,0.06613759482141446,-0.24985995888710022,0.12956301867961884,0.20542678236961365,1.655798316001892,0.04098964110016823,-0.37362194061279297,-1.0065749883651733,-0.36622756719589233,-1.0009797811508179,0.6777455806732178,1.0039150714874268,-1.2831497192382812
0.4551758749999989,0.0034223749999999996,133.0,4.930692652101278,0.4500434214650546,1.9783956171582537,0.009951761084314479,0.001895946699154164,0.0051603018550332785,0.06571038141500257,-0.27821555733680725,0.08031057566404343,0.2223779261112213,1.7484910488128662,0.3002810776233673,-0.3934032917022705,-1.0984983444213867,-0.5946163535118103,-1.639406442642212,0.8937547206878662,1.3847877979278564,-1.1418812274932861
0.4551758749999989,0.0034223749999999996,133.0,4.968262624480906,0.48215292476986854,1.9875823123246614,-0.18954652740447372,-0.0751408487601187,-0.06390899140637396,0.06591637604604557,-0.25229182839393616,0.13634881377220154,0.2098533809185028,1.68372642993927,0.1107814610004425,-0.3919692039489746,-1.0411449670791626,-0.39198702573776245,-1.0429601669311523,0.7073652744293213,0.9518880248069763,-1.2847301959991455
0.4551758749999989,0.0034223749999999996,133.0,4.969791828670967,0.48807791392670574,1.981452852171564,0.009897862919000364,0.0017152933307385142,0.004910666410197147,0.06551235617309589,-0.27797743678092957,0.08926750719547272,0.2282254993915558,1.7753411531448364,0.3410441279411316,-0.41015028953552246,-1.111851453781128,-0.6124420762062073,-1.651235818862915,0.878450870513916,1.3357985019683838,-1.1505833864212036
0.4551758749999989,0.0034223749999999996,133.0,5.006011384491338,0.5196242621933572,1.9902745715627854,-0.190492496929989,-0.06921089795338967,-0.060393876133805806,0.06568465644761363,-0.255317360162735,0.14541201293468475,0.21597567200660706,1.7170305252075195,0.18698813021183014,-0.41089344024658203,-1.08030366897583,-0.42201536893844604,-1.0852080583572388,0.7330574989318848,0.884880781173706,-1.2872705459594727
0.4551758749999989,0.0034223749999999996,133.0,5.00832521935567,0.5252868113114375,1.9850813882893705,0.009872665789986924,0.001524979794462463,0.0046393645002110375,0.06522527368940616,-0.2787134349346161,0.09964444488286972,0.23345085978507996,1.8016388416290283,0.371463418006897,-0.4207890033721924,-1.1307495832443237,-0.6271293759346008,-1.6615794897079468,0.8704967498779297,1.2773467302322388,-1.1617965698242188
0.4551758749999989,0.0034223749999999996,133.0,5.04309981032442,0.5548002592133506,1.991954844054241,-0.18878413251088452,-0.06560770433636798,-0.058381804739474755,0.06556365449139545,-0.2565266191959381,0.1519741415977478,0.2201732099056244,1.73997163772583,0.24438747763633728,-0.4323008060455322,-1.1053364276885986,-0.4461432695388794,-1.113634467124939,0.7463629245758057,0.8413428664207458,-1.285581111907959
0.4551758749999989,0.0034223749999999996,133.0,5.046223086487393,0.5606804526847696,1.987988527664205,0.009780534260341449,0.0013883833812093629,0.004410207555017119,0.06499615204147205,-0.2785528600215912,0.10476432740688324,0.23390260338783264,1.8088562488555908,0.38859766721725464,-0.42658329010009766,-1.1447042226791382,-0.6307101845741272,-1.6750277280807495,0.8770711421966553,1.2611037492752075,-1.1653854846954346
0.4551758749999989,0.0034223749999999996,133.0,5.079471666781622,0.5888803251983026,1.993517820166278,-0.18701834990646524,-0.06175240284165831,-0.056134526851888134,0.06541315083234432,-0.25865456461906433,0.1576710343360901,0.22372421622276306,1.7569717168807983,0.285002738237381,-0.442460298538208,-1.1352717876434326,-0.4618315100669861,-1.142682671546936,0.7656705379486084,0.8074579834938049,-1.2864238023757935
0.4551758749999989,0.0034223749999999996,133.0,5.083029114548617,0.5961317313512821,1.9913928743829383,0.00968288515482072,0.0012710837734797287,0.0041541199377928125,0.06476895181406714,-0.2787266671657562,0.11446952074766159,0.23969212174415588,1.835538625717163,0.4274700880050659,-0.44403576850891113,-1.1503627300262451,-0.6466872096061707,-1.6852678060531616,0.8620169162750244,1.208816647529602,-1.175771951675415
0.4551758749999989,0.0034223749999999996,133.0,5.114793463858752,0.6223563621345957,1.9952683730396255,-0.1849382262253871,-0.05770935323758119,-0.05393964051578235,0.06525516923098759,-0.2605338394641876,0.160812109708786,0.22559687495231628,1.766762137413025,0.31540969014167786,-0.4457249641418457,-1.1527870893478394,-0.4719960689544678,-1.177612543106079,0.7859714031219482,0.8001536726951599,-1.2858142852783203
0.4551758749999989,0.0034223749999999996,133.0,5.118696921235026,0.6298685483535814,1.9938438882564136,0.009522055968405333,0.0011660012686255075,0.003952918242056129,0.06461544714762171,-0.27625492215156555,0.11538200825452805,0.2374776303768158,1.8304955959320068,0.4440475404262543,-0.44931674003601074,-1.1515074968338013,-0.6426144242286682,-1.6906039714813232,0.8641676902770996,1.2222355604171753,-1.1750941276550293
0.4551758749999989,0.0034223749999999996,133.0,5.149181968582633,0.6551253081793543,1.9969700203612073,-0.1824359118273236,-0.05380498053360433,-0.051677486313016094,0.06509830590757956,-0.2617250978946686,0.16438713669776917,0.2283695638179779,1.7792487144470215,0.3535018265247345,-0.45569300651550293,-1.1649353504180908,-0.4872768521308899,-1.2095123529434204,0.7980523109436035,0.7894138097763062,-1.2827705144882202
0.4551758749999989,0.0034223749999999996,133.0,5.153064308112313,0.6629871823357515,1.9962756481780355,0.009349156991630669,0.0010564749568326575,0.0037638545488474224,0.06446105901863676,-0.2763414680957794,0.12353485822677612,0.24288097023963928,1.8535782098770142,0.4729386866092682,-0.46410560607910156,-1.159055471420288,-0.6568835377693176,-1.6928058862686157,0.847811222076416,1.1747578382492065,-1.1835954189300537
0.4551758749999989,0.0034223749999999996,133.0,5.1832640010493485,0.6862485145018685,1.998093272641312,-0.17846398671516248,-0.05122924554484653,-0.04981217618230207,0.06503784309642398,-0.2616918981075287,0.16648422181606293,0.23073753714561462,1.788596510887146,0.38484442234039307,-0.4690995216369629,-1.1747145652770996,-0.5015364289283752,-1.2271276712417603,0.8015894889831543,0.78239905834198,-1.2776740789413452
0.4551758749999989,0.0034223749999999996,133.0,5.186757386719239,0.6943432976502296,1.9981652873794482,0.009154794355246314,0.0009443167276389378,0.0036046559805667316,0.06432373007541681,-0.27601709961891174,0.12732750177383423,0.24458047747612,1.8622022867202759,0.4860944449901581,-0.4708542823791504,-1.1700952053070068,-0.6627958416938782,-1.6945995092391968,0.8445589542388916,1.1570874452590942,-1.186218023300171
0.4551758749999989,0.0034223749999999996,133.0,5.215943237625595,0.7163442120696153,1.9992454398134427,-0.17523789785553456,-0.04756677603283787,-0.04771539042468834,0.0648697176029254,-0.2632518708705902,0.17455434799194336,0.23881730437278748,1.8159444332122803,0.4348292052745819,-0.49334263801574707,-1.2021393775939941,-0.5323348641395569,-1.2428466081619263,0.7958970069885254,0.7212880849838257,-1.2734606266021729
0.4551758749999989,0.0034223749999999996,133.0,5.219164256747802,0.7252859465923966,2.000518981151993,0.00901604174675981,0.000814498353747758,0.003425573645441423,0.06407412367485202,-0.27576765418052673,0.13181400299072266,0.24657198786735535,1.873117446899414,0.5072409510612488,-0.4799022674560547,-1.1749032735824585,-0.6694480776786804,-1.6992396116256714,0.8405325412750244,1.1376103162765503,-1.1904230117797852
0.4551758749999989,0.0034223749999999996,133.0,5.247594080438869,0.7463381055885002,2.0007632095183316,-0.17191911777131758,-0.04353395696965746,-0.04546108974830249,0.06468214419525851,-0.2631085216999054,0.17556284368038177,0.2384984791278839,1.8143806457519531,0.45547595620155334,-0.4948148727416992,-1.2024117708206177,-0.5328955054283142,-1.2750287055969238,0.8101162910461426,0.7449529767036438,-1.271437168121338
0.4551758749999989,0.0034223749999999996,133.0,5.250900466959233,0.7553056085185601,2.0023989747124453,0.008839291469649705,0.0007198677446365227,0.003251613075566422,0.06388888644060699,-0.27540597319602966,0.135065957903862,0.24717023968696594,1.8784232139587402,0.5194956064224243,-0.4851202964782715,-1.1847829818725586,-0.6723938584327698,-1.7034364938735962,0.8423793315887451,1.125927209854126,-1.1927725076675415
0.4551758749999989,0.0034223749999999996,133.0,5.278218527769762,0.775661054801483,2.002251099971088,-0.16792256804369374,-0.04063022277122227,-0.043016069857182954,0.06451568170191271,-0.2639864385128021,0.1784750521183014,0.24093851447105408,1.8230931758880615,0.4851624071598053,-0.5045993328094482,-1.2120342254638672,-0.5456228852272034,-1.2985857725143433,0.8183107376098633,0.740289032459259,-1.267219066619873
0.4551758749999989,0.0034223749999999996,133.0,5.280978685281323,0.7860934639139638,2.0049987702263787,0.008644126480534118,0.0006317830716014072,0.003039247821401881,0.06366239403570141,-0.2762064039707184,0.139481782913208,0.24759414792060852,1.8862333297729492,0.5332212448120117,-0.4885125160217285,-1.1919116973876953,-0.674076497554779,-1.7165584564208984,0.8528413772583008,1.1119885444641113,-1.1988931894302368
0.4551758749999989,0.0034223749999999996,133.0,5.308785173321998,0.8051570069998653,2.003968346161631,-0.16400958125231205,-0.037182033299212845,-0.040164778695786676,0.06432986488529309,-0.265232652425766,0.1822584718465805,0.24420812726020813,1.8341161012649536,0.5177415609359741,-0.5158898830413818,-1.2215490341186523,-0.5611130595207214,-1.3254047632217407,0.825920820236206,0.7324126958847046,-1.262467622756958
0.4551758749999989,0.0034223749999999996,133.0,5.310306194247814,0.8161416817279898,2.0066723071903123,0.008377881740226065,0.0005727859949374868,0.0028470522361658908,0.06354668363703234,-0.27637460827827454,0.14425984025001526,0.24956396222114563,1.8972711563110352,0.5559229850769043,-0.4976661205291748,-1.1944215297698975,-0.6814319491386414,-1.7221132516860962,0.8512883186340332,1.0925921201705933,-1.2025123834609985
0.4551758749999989,0.0034223749999999996,133.0,5.337361213625363,0.8343378197482589,2.005677212465722,-0.15972337377910062,-0.03339019760313157,-0.03790079332264916,0.06414827244160255,-0.26529720425605774,0.18599750101566315,0.24668356776237488,1.8430523872375488,0.5501317381858826,-0.5267019271850586,-1.224509835243225,-0.5734537243843079,-1.3499696254730225,0.8273944854736328,0.7288894057273865,-1.2588739395141602
0.4551758749999989,0.0034223749999999996,133.0,5.338346741914882,0.8453046051468576,2.007430785440793,0.00806513535088356,0.0005173238574779987,0.002682474182911852,0.06350423086095813,-0.27646932005882263,0.15055051445960999,0.25307491421699524,1.9129701852798462,0.5818554759025574,-0.5114526748657227,-1.195296287536621,-0.6923556923866272,-1.725778579711914,0.8418395519256592,1.061929702758789,-1.207116723060608
0.4551758749999989,0.0034223749999999996,133.0,5.364480084039397,0.8630929804127733,2.0072756168528008,-0.15523350080298753,-0.029335603341509187,-0.036047514557656674,0.06394356312597842,-0.2681826055049896,0.19056981801986694,0.2493624985218048,1.8520840406417847,0.5755166411399841,-0.532172679901123,-1.2378044128417969,-0.5832683444023132,-1.3938215970993042,0.8500549793243408,0.7266610860824585,-1.2577708959579468
0.4551758749999989,0.0034223749999999996,133.0,5.3653666917856295,0.8729960370044939,2.0075403930500064,0.007723514678816737,0.00045532280720889855,0.0025509438396641463,0.06344542777390566,-0.27620914578437805,0.15568114817142487,0.25655362010002136,1.926203966140747,0.6018428206443787,-0.5242831707000732,-1.2013598680496216,-0.7029740214347839,-1.725659966468811,0.8292725086212158,1.033847451210022,-1.2095468044281006
0.4551758749999989,0.0034223749999999996,133.0,5.390415306668868,0.8911673081407417,2.0087553091737083,-0.15025827408005993,-0.025812273795977215,-0.034355089537975336,0.06375509189504272,-0.2701105773448944,0.19408977031707764,0.2514634430408478,1.8607538938522339,0.6046229004859924,-0.5408599376678467,-1.2392590045928955,-0.5956217646598816,-1.429847002029419,0.8656580448150635,0.7306773066520691,-1.2538539171218872
0.4551758749999989,0.0034223749999999996,133.0,5.391370475224793,0.9004710277741432,2.008305341641729,0.0074066747485346035,0.0004072042697408045,0.0024020587278765484,0.06335417978029856,-0.2762758433818817,0.15744662284851074,0.2552330791950226,1.9254858493804932,0.6058631539344788,-0.5251941680908203,-1.2097015380859375,-0.6998798251152039,-1.7364006042480469,0.8423621654510498,1.0365147590637207,-1.2120137214660645
0.4551758749999989,0.0034223749999999996,133.0,5.415295754396243,0.9186144174273062,2.0104047972098633,-0.14501851518244338,-0.02254651996378669,-0.032594898280616735,0.06356042761040809,-0.2721623480319977,0.19751864671707153,0.2534290850162506,1.8696131706237793,0.6317868232727051,-0.548691987991333,-1.23964262008667,-0.6074945330619812,-1.4640711545944214,0.8810725212097168,0.7340788245201111,-1.2506062984466553
0.4551758749999989,0.0034223749999999996,133.0,5.41621051759745,0.9275215856307261,2.009240453537686,0.007093480226036441,0.00036127775404225704,0.00224936088570929,0.06326559712915401,-0.27665606141090393,0.16110587120056152,0.2565858066082001,1.933968186378479,0.6246147155761719,-0.5325031280517578,-1.2106703519821167,-0.7057995200157166,-1.7419216632843018,0.843217134475708,1.0243581533432007,-1.2145507335662842
0.4551758749999989,0.0034223749999999996,133.0,5.439359535024497,0.9447517779701509,2.011662761774335,-0.13932352177282423,-0.01965473082298104,-0.031191216255022244,0.0633825565049671,-0.2742684781551361,0.1995338350534439,0.2534307539463043,1.8719780445098877,0.6491062045097351,-0.5523800849914551,-1.2383300065994263,-0.6102334856987,-1.5075606107711792,0.9067816734313965,0.7543617486953735,-1.2501662969589233
0.4551758749999989,0.0034223749999999996,133.0,5.440296675314818,0.9534900039245326,2.0098648489132374,0.006781875070415769,0.00032265442611407774,0.0021098484184000174,0.06320988731287942,-0.27508899569511414,0.16554021835327148,0.2571912705898285,1.941124677658081,0.6494588851928711,-0.5431027412414551,-1.2014484405517578,-0.707973062992096,-1.7382169961929321,0.8328795433044434,1.0114682912826538,-1.2196547985076904
0.4551758749999989,0.0034223749999999996,133.0,5.462933579685135,0.969204818470785,2.0123185672408153,-0.1330345177634627,-0.017315556015410676,-0.029992045605418717,0.06326179674711044,-0.2750590741634369,0.20075403153896332,0.2548728287220001,1.8769309520721436,0.6710234880447388,-0.5619063377380371,-1.2380094528198242,-0.6207205653190613,-1.5285611152648926,0.9142601490020752,0.7633869051933289,-1.244478464126587
0.4551758749999989,0.0034223749999999996,133.0,5.463799433270468,0.978259666717205,2.010543391859344,0.006454892965373246,0.0002824245698795203,0.0019740329238708116,0.06312410008606534,-0.27513864636421204,0.16717781126499176,0.25749650597572327,1.9434934854507446,0.6540980935096741,-0.5452408790588379,-1.2119777202606201,-0.7099019885063171,-1.7404063940048218,0.8362622261047363,1.0061484575271606,-1.2200759649276733
0.4551758749999989,0.0034223749999999996,133.0,5.4848970487832345,0.9936243522210498,2.0135704504719167,-0.1269542900877055,-0.01474951207613584,-0.028746944901782995,0.06307051741006411,-0.276185542345047,0.20205838978290558,0.2545070946216583,1.8782051801681519,0.6890498399734497,-0.5651705265045166,-1.2346621751785278,-0.6233623623847961,-1.55576753616333,0.9312124252319336,0.7827279567718506,-1.243095874786377
0.4551758749999989,0.0034223749999999996,133.0,5.486167366683564,1.0023764216352586,2.0113866697465315,0.006116819596627436,0.00024397029325964322,0.001836209806789462,0.06305926258597527,-0.2755306661128998,0.1693042516708374,0.2577466666698456,1.947064995765686,0.6649916172027588,-0.5495188236236572,-1.21754789352417,-0.7124179005622864,-1.748233437538147,0.8427541255950928,1.0044050216674805,-1.2211546897888184
0.4551758749999989,0.0034223749999999996,133.0,5.5058049482363645,1.0175503071102763,2.015293568090687,-0.12083833011083173,-0.012289895106175836,-0.027283984126864422,0.0628578680581228,-0.2781807482242584,0.20432083308696747,0.2558993995189667,1.8852574825286865,0.7114332914352417,-0.5710465908050537,-1.2341798543930054,-0.6335992217063904,-1.5823708772659302,0.9447078704833984,0.7878777384757996,-1.239703893661499
0.4551758749999989,0.0034223749999999996,133.0,5.507572409690726,1.0251507867559038,2.011651530663376,0.005767878608103176,0.00019835135703894695,0.0017227158859894026,0.06300458901129784,-0.27574458718299866,0.17227722704410553,0.25916245579719543,1.9534180164337158,0.6783427000045776,-0.5570969581604004,-1.2220771312713623,-0.7180027365684509,-1.7531983852386475,0.8417918682098389,0.9948954582214355,-1.221862554550171
0.4551758749999989,0.0034223749999999996,133.0,5.525752142520487,1.040333409783778,2.0167083118038507,-0.11443107915405587,-0.00997320652003757,-0.026070629070270163,0.06266328037228061,-0.2805503308773041,0.2065146118402481,0.25707003474235535,1.8934460878372192,0.7238150238990784,-0.5690867900848389,-1.2445319890975952,-0.6420380473136902,-1.6185927391052246,0.9651961326599121,0.7928224802017212,-1.2392292022705078
0.4551758749999989,0.0034223749999999996,133.0,5.527905201815951,1.0478227991152012,2.012481151049165,0.005433091065021777,0.00016188734344107312,0.0015966050060276435,0.06291970318275646,-0.27620288729667664,0.17440031468868256,0.25999078154563904,1.9575636386871338,0.6860160827636719,-0.5597803592681885,-1.231413722038269,-0.7213353514671326,-1.756792664527893,0.8447141647338867,0.9872140884399414,-1.2226274013519287
0.4551758749999989,0.0034223749999999996,133.0,5.545668058039742,1.0620448887536422,2.018190655579577,-0.10790008595361793,-0.008158090325999493,-0.024494475599908666,0.06248066854985642,-0.2828485071659088,0.20887811481952667,0.25816288590431213,1.9091362953186035,0.7398099899291992,-0.5636148452758789,-1.248299241065979,-0.6575170159339905,-1.6569929122924805,0.9845218658447266,0.801116406917572,-1.239275574684143
0.4551758749999989,0.0034223749999999996,133.0,5.547172047863043,1.0699132859817608,2.0133991394590423,0.005100433424985752,0.00012723115443765134,0.001473586249159075,0.06283570293482939,-0.27685949206352234,0.1768444925546646,0.2598475515842438,1.9612171649932861,0.7010070085525513,-0.5629327297210693,-1.2338823080062866,-0.7238165736198425,-1.7631677389144897,0.8531360626220703,0.9865480661392212,-1.2238528728485107
0.4551758749999989,0.0034223749999999996,133.0,5.564623780811465,1.0822969218984437,2.018720585074523,-0.10088638967393512,-0.0067528864350019915,-0.023298291894104723,0.062382273907963366,-0.28325119614601135,0.21133901178836823,0.25863566994667053,1.9214890003204346,0.7571436762809753,-0.564518928527832,-1.2439175844192505,-0.6698394417762756,-1.676668405532837,0.9894387722015381,0.8046118021011353,-1.2392152547836304
0.4551758749999989,0.0034223749999999996,133.0,5.565798842403425,1.0903945784266116,2.0137741720159203,0.004744979878996333,9.717842001777656e-5,0.0013594199971147436,0.06280124945497366,-0.27722153067588806,0.1785336583852768,0.2602066695690155,1.9634802341461182,0.7065591812133789,-0.5662200450897217,-1.243613362312317,-0.7255410552024841,-1.7713563442230225,0.8586206436157227,0.9845072031021118,-1.2243775129318237
0.4551758749999989,0.0034223749999999996,133.0,5.582250093405951,1.1025185558426007,2.0201373156448943,-0.09410945343950168,-0.00535718478113368,-0.021864616124882916,0.06222967913942237,-0.2854057252407074,0.21254277229309082,0.25910112261772156,1.93242609500885,0.766611635684967,-0.5582611560821533,-1.2486143112182617,-0.6796833872795105,-1.7107670307159424,1.0076923370361328,0.81537926197052,-1.2401986122131348
0.4551758749999989,0.0034223749999999996,133.0,5.583553723994954,1.1102564587953903,2.0143883605755404,0.004395691866867227,7.113929992536894e-5,0.0012463967581228003,0.06273514030402534,-0.27771201729774475,0.18056873977184296,0.26127156615257263,1.9676631689071655,0.7117727398872375,-0.5689823627471924,-1.252729892730713,-0.7284576296806335,-1.7753398418426514,0.8603007793426514,0.9760137796401978,-1.2255789041519165
0.4551758749999989,0.0034223749999999996,133.0,5.599246160164415,1.121386337173344,2.020968538367782,-0.08710887870035423,-0.004186419024946822,-0.020605689253033153,0.062136218683943194,-0.2869316041469574,0.21523265540599823,0.2612738311290741,1.9481534957885742,0.7824426889419556,-0.5616230964660645,-1.246809482574463,-0.6967218518257141,-1.7339212894439697,1.0110464096069336,0.8099003434181213,-1.2386276721954346
0.4551758749999989,0.0034223749999999996,133.0,5.600744587780001,1.1293662436190202,2.0151435629595054,0.004041526614555221,5.438771369194912e-5,0.001126196140533942,0.06266977036599915,-0.27785441279411316,0.18395857512950897,0.26193228363990784,1.9736692905426025,0.724926233291626,-0.574028491973877,-1.2517973184585571,-0.7314655184745789,-1.778002142906189,0.859954833984375,0.9649624824523926,-1.2285692691802979
0.4551758749999989,0.0034223749999999996,133.0,5.615676327313753,1.1388955414823592,2.0214930290961144,-0.08008391289350364,-0.003193994212419109,-0.019366674417168498,0.062074464932702474,-0.28772464394569397,0.2154722958803177,0.2624601423740387,1.9561632871627808,0.7865275740623474,-0.5598635673522949,-1.2529178857803345,-0.7054882645606995,-1.751599907875061,1.014378309249878,0.813896894454956,-1.2377272844314575
0.4551758749999989,0.0034223749999999996,133.0,5.617267697679594,1.1468061449550668,2.0152620255465856,0.00369148555164783,3.767425816165988e-5,0.0010261777796301318,0.06263943052096586,-0.277688592672348,0.18475867807865143,0.26234909892082214,1.974067211151123,0.7265105843544006,-0.577242374420166,-1.2611387968063354,-0.7321096062660217,-1.7830634117126465,0.8613095283508301,0.9642806649208069,-1.2283178567886353
0.4551758749999989,0.0034223749999999996,133.0,5.6313910751797165,1.156392111751109,2.022824265445713,-0.07338146638459171,-0.0023543383596338714,-0.017804620813792253,0.0619553848225161,-0.2886142432689667,0.21627792716026306,0.2633855640888214,1.9673922061920166,0.7939565777778625,-0.5595488548278809,-1.2517871856689453,-0.716774046421051,-1.775713324546814,1.0179376602172852,0.8195211291313171,-1.2375410795211792
0.4551758749999989,0.0034223749999999996,133.0,5.632875926395384,1.1636174174093057,2.015569003960391,0.0033500615624708356,2.4580581727893743e-5,0.0009245443702962767,0.06260238501267174,-0.2777676284313202,0.18771736323833466,0.2648991048336029,1.9824590682983398,0.7414459586143494,-0.586322546005249,-1.2609279155731201,-0.7413995862007141,-1.783021092414856,0.8516507148742676,0.9484742283821106,-1.2272858619689941
0.4551758749999989,0.0034223749999999996,133.0,5.647169451696523,1.1722870740628568,2.0231592173402486,-0.0665945556674759,-0.0018210486345341282,-0.016316396732915177,0.061916871145467685,-0.28762659430503845,0.21526789665222168,0.2635284960269928,1.9729137420654297,0.7982240915298462,-0.5612971782684326,-1.2495681047439575,-0.7245796322822571,-1.787773847579956,1.0114555358886719,0.8311825394630432,-1.2352337837219238
0.4551758749999989,0.0034223749999999996,133.0,5.647874044053418,1.1792927430204585,2.015487973436682,0.0030200493685980548,1.580297246382529e-5,0.0008311517770319181,0.06258761818416178,-0.2766229212284088,0.18741250038146973,0.2642327845096588,1.9783154726028442,0.7430944442749023,-0.5892941951751709,-1.2675203084945679,-0.7397943139076233,-1.7858535051345825,0.8515067100524902,0.9548543691635132,-1.2248213291168213
0.4551758749999989,0.0034223749999999996,133.0,5.661933756039403,1.1876340738507263,2.02381534286617,-0.060008921405776544,-0.0013339782870460772,-0.01478294030612201,0.061878442131393256,-0.2869124710559845,0.21389830112457275,0.2631894052028656,1.9765831232070923,0.8037413954734802,-0.5627810955047607,-1.2475612163543701,-0.7317001223564148,-1.8029614686965942,1.0088934898376465,0.8473145365715027,-1.2317745685577393
0.4551758749999989,0.0034223749999999996,133.0,5.662386654853052,1.193800428294107,2.0152417077897717,0.002694804226709338,1.018965860972333e-5,0.0007387719850331124,0.06259170358156033,-0.2747887074947357,0.18668179214000702,0.2626260817050934,1.9713431596755981,0.749171257019043,-0.593787431716919,-1.2689553499221802,-0.7367474436759949,-1.7882884740829468,0.8513422012329102,0.9683809280395508,-1.2210633754730225
0.4551758749999989,0.0034223749999999996,133.0,5.676339597844964,1.2013763185706643,2.023732705925573,-0.05350277181000495,-0.00099839363791672,-0.01334617097417543,0.06191003795411951,-0.28473660349845886,0.2127772867679596,0.2639511525630951,1.979528784751892,0.80595862865448,-0.5704147815704346,-1.2462711334228516,-0.7397294640541077,-1.8068921566009521,0.9908158779144287,0.8513998985290527,-1.2265822887420654
0.4551758749999989,0.0034223749999999996,133.0,5.676515907631367,1.2073990148313527,2.014943902781358,0.002373175961663546,8.88904920079131e-6,0.0006457659569748524,0.06260011979268248,-0.27284833788871765,0.1870773732662201,0.26345017552375793,1.9696896076202393,0.7546057105064392,-0.6010401248931885,-1.2711067199707031,-0.7398548722267151,-1.7820863723754883,0.8374412059783936,0.9628069400787354,-1.2162638902664185
0.4551758749999989,0.0034223749999999996,133.0,5.690288161259642,1.2134516744525574,2.0230417736804522,-0.04719991219191984,-0.0007072783619156209,-0.01201313307259911,0.0619847177465876,-0.28126999735832214,0.20786045491695404,0.26188912987709045,1.9684739112854004,0.8005274534225464,-0.5739624500274658,-1.251534104347229,-0.7361515164375305,-1.8131386041641235,0.9804730415344238,0.8826364874839783,-1.2192565202713013
0.4551758749999989,0.0034223749999999996,133.0,5.689185189439293,1.2206757475836734,2.0157318591387257,0.0020714505576760038,4.780960393239089e-6,0.0005555015692958072,0.06252708907200902,-0.27092280983924866,0.18539150059223175,0.2614684998989105,1.9599413871765137,0.7548065781593323,-0.6027131080627441,-1.2752031087875366,-0.7339792847633362,-1.786207914352417,0.838712215423584,0.9779075384140015,-1.212547779083252
0.4551758749999989,0.0034223749999999996,133.0,5.703001574450339,1.2270032647998357,2.02507596724903,-0.04158999725162402,-0.0004897516063054723,-0.010275666869115407,0.061877586563068306,-0.27995821833610535,0.2077680230140686,0.26330122351646423,1.9781548976898193,0.8088797330856323,-0.5806698799133301,-1.2443406581878662,-0.7490926384925842,-1.8120763301849365,0.9566199779510498,0.879292905330658,-1.215834140777588
0.4551758749999989,0.0034223749999999996,133.0,5.700529363411403,1.234336211491982,2.0179928610248843,0.0017924872192035123,3.908436995608861e-6,0.0004624202272255023,0.062386987680360446,-0.2715401351451874,0.18892809748649597,0.2636997401714325,1.9698487520217896,0.7737164497375488,-0.6091620922088623,-1.267343282699585,-0.74391108751297,-1.7865756750106812,0.8312082290649414,0.9578485488891602,-1.212371587753296
0.4551758749999989,0.0034223749999999996,133.0,5.714336825210088,1.2405358566488809,2.027661421284956,-0.03625474356058222,-0.0003424106405543956,-0.008626448047089189,0.06175602630475614,-0.2800616919994354,0.20917381346225739,0.26582905650138855,1.9930248260498047,0.8230414390563965,-0.5887472629547119,-1.234434962272644,-0.7655084729194641,-1.8126840591430664,0.9342026710510254,0.8680558204650879,-1.2140476703643799
0.4551758749999989,0.0034223749999999996,133.0,5.710859932039401,1.2475700097565992,2.0202755361777305,0.0015295923353928803,4.56742464935218e-6,0.0003795021522267378,0.062233288207583254,-0.2727310359477997,0.19315874576568604,0.2662409245967865,1.9829344749450684,0.7984771132469177,-0.6162981986999512,-1.2535717487335205,-0.7566830515861511,-1.787245750427246,0.823467493057251,0.9361629486083984,-1.2125282287597656
0.4551758749999989,0.0034223749999999996,133.0,5.724866379015174,1.2531122996371982,2.0300315338620347,-0.0311427874044091,-0.00025334103728450147,-0.007133390865348904,0.06166748874937509,-0.280074805021286,0.2106797695159912,0.26868703961372375,2.0068752765655518,0.8361283540725708,-0.5974147319793701,-1.2265068292617798,-0.7805353999137878,-1.8090410232543945,0.9085302352905273,0.8530116677284241,-1.212614893913269
0.4551758749999989,0.0034223749999999996,133.0,5.720450896905239,1.260177625310719,2.022526943012309,0.0012829268953195212,5.6841144497375935e-6,0.00030503487145163273,0.06207833712162852,-0.2741070091724396,0.19722619652748108,0.26875779032707214,1.99525785446167,0.8194097280502319,-0.622443675994873,-1.2420669794082642,-0.7683536410331726,-1.7891227006912231,0.8173575401306152,0.9142190217971802,-1.2130084037780762
0.4551758749999989,0.0034223749999999996,133.0,5.73470396120573,1.2648291204487725,2.0322358124028987,-0.026314429492812787,-0.00019603926259920647,-0.005791678221944868,0.061588669885463194,-0.2801300585269928,0.21364928781986237,0.272201269865036,2.021696090698242,0.8493269681930542,-0.6080636978149414,-1.219087839126587,-0.794921338558197,-1.8022247552871704,0.8788175582885742,0.827474057674408,-1.2127301692962646
0.4551758749999989,0.0034223749999999996,133.0,5.729138234889025,1.271634915304521,2.0243279933710596,0.001055795506114626,5.9119082099751565e-6,0.0002422933932069759,0.061962491860967174,-0.2752965986728668,0.20138564705848694,0.27104243636131287,2.0064971446990967,0.8385739922523499,-0.6290771961212158,-1.2303504943847656,-0.7787343859672546,-1.791460633277893,0.8109681606292725,0.8927561640739441,-1.213704228401184
0.4551758749999989,0.0034223749999999996,133.0,5.743668895983439,1.2758706930193682,2.034089949791077,-0.02177861943015947,-0.00016386003027323232,-0.00461353995032308,0.06152552972494048,-0.27986982464790344,0.21587777137756348,0.27429261803627014,2.0314297676086426,0.8623366355895996,-0.6162159442901611,-1.212695598602295,-0.8043990731239319,-1.794630765914917,0.8541121482849121,0.8096681237220764,-1.2127735614776611
0.4551758749999989,0.0034223749999999996,133.0,5.737184273460662,1.2820102852656416,2.0259641402934476,0.0008509347722705661,5.9845032531027086e-6,0.00018844039517304013,0.061854797629545835,-0.2764495313167572,0.2072719782590866,0.2745753228664398,2.021019458770752,0.8542455434799194,-0.6369078159332275,-1.2198950052261353,-0.7906695008277893,-1.7874644994735718,0.7963902950286865,0.8535158634185791,-1.2159966230392456
0.4551758749999989,0.0034223749999999996,133.0,5.751810509424297,1.2857322110794775,2.035606520140016,-0.0175474875145508,-0.00013128788605100948,-0.0036007498722628256,0.06148867305541508,-0.27949729561805725,0.21763521432876587,0.27644553780555725,2.038503885269165,0.8711008429527283,-0.6238768100738525,-1.2105185985565186,-0.811353862285614,-1.7868098020553589,0.8304553031921387,0.7918920516967773,-1.2126785516738892
0.4551758749999989,0.0034223749999999996,133.0,5.744339226523373,1.2914986933007466,2.027176590120723,0.0006623831597769089,5.648489407382007e-6,0.00014238749676870986,0.06176336479593046,-0.27702823281288147,0.21043410897254944,0.2752209007740021,2.027007579803467,0.870345950126648,-0.6413116455078125,-1.2092281579971313,-0.7967126965522766,-1.7890675067901611,0.7936129570007324,0.8409149646759033,-1.2158812284469604
0.4551758749999989,0.0034223749999999996,133.0,5.759210045424979,1.294863757555092,2.0369837738568046,-0.013663599830976945,-0.00010977584461576684,-0.0027092634616190854,0.06145143359545041,-0.27899661660194397,0.21916119754314423,0.278216689825058,2.0433828830718994,0.877855122089386,-0.630725622177124,-1.209625005722046,-0.8156875967979431,-1.7794240713119507,0.8088221549987793,0.7760372161865234,-1.2130393981933594
0.4551758749999989,0.0034223749999999996,133.0,5.750769635242797,1.2999179290881335,2.028286548102639,0.0004912698152341072,4.994246753050025e-6,0.00010267780069074592,0.061686736033627385,-0.2772797644138336,0.21212351322174072,0.2753550112247467,2.0295498371124268,0.8816603422164917,-0.644658088684082,-1.2018166780471802,-0.8000841736793518,-1.7926300764083862,0.7930934429168701,0.836844265460968,-1.2150394916534424
0.4551758749999989,0.0034223749999999996,133.0,5.765698731991283,1.3031381383076213,2.038146024329257,-0.010112720773749886,-8.595877092647175e-5,-0.0019437069481470532,0.061427055735078125,-0.2787993848323822,0.22294749319553375,0.28040483593940735,2.051048517227173,0.8857664465904236,-0.6381411552429199,-1.20665442943573,-0.8208325505256653,-1.7686660289764404,0.7852609157562256,0.7454671263694763,-1.2152984142303467
0.4551758749999989,0.0034223749999999996,133.0,5.756290876624809,1.307494439514338,2.029127981721243,0.00033431383376629226,3.864223206406319e-6,6.819126201024884e-5,0.0616146472672974,-0.2784676253795624,0.21708157658576965,0.2760680615901947,2.0381131172180176,0.8987764716148376,-0.6502056121826172,-1.187934160232544,-0.8066133856773376,-1.7967884540557861,0.7924926280975342,0.8171042203903198,-1.2169684171676636
0.4551758749999989,0.0034223749999999996,133.0,5.771457946237239,1.3104378565507666,2.03922395372424,-0.006874241069770627,-6.38663392457526e-5,-0.0012799771119783707,0.06140874609309222,-0.27825459837913513,0.22476181387901306,0.28180935978889465,2.0539307594299316,0.8893534541130066,-0.6434071063995361,-1.2076492309570312,-0.8224707245826721,-1.7605196237564087,0.7666072845458984,0.7266550064086914,-1.2163639068603516
0.4551758749999989,0.0034223749999999996,133.0,5.761156259357914,1.3138308335424858,2.0297314938812314,0.0001865961704325306,2.451023080736652e-6,3.732843755750207e-5,0.06156299417550188,-0.278352290391922,0.2180807888507843,0.2755063474178314,2.037811279296875,0.9065946340560913,-0.6523823738098145,-1.182410717010498,-0.8073933720588684,-1.8000149726867676,0.7938277721405029,0.8175466060638428,-1.2159136533737183
0.4551758749999989,0.0034223749999999996,133.0,5.774700108349201,1.3193020305002354,2.0445370622270356,-0.003856728169778306,4.825155237697948e-6,-0.0006962034041120945,0.06116817504060345,-0.28005096316337585,0.2283502221107483,0.28169623017311096,2.0611891746520996,0.8967646956443787,-0.6396269798278809,-1.2063274383544922,-0.8222883343696594,-1.7637218236923218,0.7680065631866455,0.7027663588523865,-1.2236164808273315
0.4551758749999989,0.0034223749999999996,133.0,5.797026383425607,-1.1596574855276642,1.857612611241219,-0.015232759053989815,0.00231735727384281,-0.006268395311257107,0.06570687726391573,-0.14972659945487976,0.2604753077030182,0.03118494153022766,1.4096308946609497,0.8970305919647217,-1.4319562911987305,-1.0171878337860107,-0.3078151345252991,-1.4943944215774536,0.8055419921875,1.6792136430740356,-1.099907398223877
0.4551758749999989,0.0034223749999999996,133.0,5.792282612184236,-1.1544535621862642,1.8567023071137783,-0.008195349785703925,0.0011880174595441874,-0.0034598531240062325,0.06569735508026249,-0.1502404808998108,0.2608157992362976,0.028156697750091553,1.4090068340301514,0.9292810559272766,-1.4209303855895996,-0.9773637652397156,-0.30699223279953003,-1.4956119060516357,0.823652982711792,1.6776362657546997,-1.1001911163330078
0.4551758749999989,0.0034223749999999996,133.0,5.786310318081005,-1.1491866942372801,1.855182934051843,-0.006744863540894503,0.0009012401863707916,-0.00287452848936633,0.06566314687579805,-0.15003466606140137,0.260134756565094,0.024806112051010132,1.4058438539505005,0.9355462789535522,-1.4097342491149902,-0.9491939544677734,-0.30263757705688477,-1.4923356771469116,0.8300323486328125,1.6769870519638062,-1.1015231609344482
0.4551758749999989,0.0034223749999999996,133.0,5.779909539870162,-1.1433105788198696,1.8538284926788056,-0.006107422321862546,0.0007496108609866106,-0.002620345124371276,0.06564659739594796,-0.15128174424171448,0.25983864068984985,0.021042287349700928,1.4069411754608154,0.9423672556877136,-1.3945555686950684,-0.9160060882568359,-0.3018941879272461,-1.492468237876892,0.8379862308502197,1.6729390621185303,-1.1034940481185913
0.4551758749999989,0.0034223749999999996,133.0,5.772013231044679,-1.1366122498813,1.8518939858967127,-0.005745009794749782,0.0006130203515050464,-0.002484847488216986,0.06559741702056653,-0.15265193581581116,0.25891563296318054,0.015685290098190308,1.406818151473999,0.9509861469268799,-1.3738963603973389,-0.8726946115493774,-0.30002009868621826,-1.4945192337036133,0.846853494644165,1.6735405921936035,-1.1055212020874023
0.4551758749999989,0.0034223749999999996,133.0,5.76355679841826,-1.131374965270261,1.8478852617967572,-0.005482171702297807,0.00047639127350578226,-0.002394641969408732,0.06568307576327387,-0.1512598693370819,0.25751563906669617,0.012082934379577637,1.3991103172302246,0.9383623600006104,-1.3657314777374268,-0.8418673276901245,-0.2919819951057434,-1.477712631225586,0.8493244647979736,1.6624406576156616,-1.1059391498565674
0.4551758749999989,0.0034223749999999996,133.0,5.754002426263946,-1.1235204280423083,1.8452936242287536,-0.005290143271945867,0.0003474680779471495,-0.0023332359973868904,0.06562573065732512,-0.15318414568901062,0.25652092695236206,0.00608101487159729,1.399996280670166,0.9404807686805725,-1.3415720462799072,-0.7875898480415344,-0.2904803156852722,-1.4746840000152588,0.8595921993255615,1.6527396440505981,-1.1085517406463623
0.4551758749999989,0.0034223749999999996,133.0,5.744271650470105,-1.1148564338752007,1.843270146735753,-0.005123298574240783,0.0002483810967980104,-0.0022771589791994967,0.06560605847455436,-0.15265333652496338,0.2546766698360443,0.00035053491592407227,1.393383264541626,0.9331085681915283,-1.3244304656982422,-0.7448981404304504,-0.28163278102874756,-1.462971806526184,0.8658807277679443,1.6462899446487427,-1.1110180616378784
0.4551758749999989,0.0034223749999999996,133.0,5.732973482149561,-1.1053373084610023,1.8407290304179225,-0.004984855924636911,0.0001261225151254614,-0.002236189249317785,0.06554515016343075,-0.15448743104934692,0.2531738579273224,-0.006774634122848511,1.3927359580993652,0.9291185140609741,-1.2972145080566406,-0.6814098954200745,-0.2778933048248291,-1.4539662599563599,0.8773303031921387,1.629831075668335,-1.1143441200256348
0.4551758749999989,0.0034223749999999996,133.0,5.721532112888647,-1.095599967588492,1.838171595556367,-0.004842260567951278,8.881494606294245e-6,-0.0021940159890195448,0.06551510684865307,-0.15444931387901306,0.2507316768169403,-0.014223724603652954,1.3861793279647827,0.9248044490814209,-1.271538257598877,-0.6229747533798218,-0.2693634629249573,-1.4412257671356201,0.8838818073272705,1.6208611726760864,-1.1166661977767944
0.4551758749999989,0.0034223749999999996,133.0,5.709178399460695,-1.0844478952500216,1.8361518738150548,-0.004699354898330872,-8.767194764903449e-5,-0.002144164298883783,0.06548120007879363,-0.15501272678375244,0.24978822469711304,-0.019459575414657593,1.3841335773468018,0.9131763577461243,-1.254678726196289,-0.5759729146957397,-0.2635669708251953,-1.4207113981246948,0.8930103778839111,1.5935291051864624,-1.1203984022140503
0.4551758749999989,0.0034223749999999996,133.0,5.696322198684843,-1.0720841822162483,1.834587783002689,-0.004557597848559572,-0.00015512939702986382,-0.0020836885891074323,0.06545285910670746,-0.15465930104255676,0.2482198178768158,-0.025119900703430176,1.3792202472686768,0.9109997153282166,-1.2351734638214111,-0.5317201614379883,-0.2562144994735718,-1.4041187763214111,0.8971643447875977,1.5813807249069214,-1.1230065822601318
0.4551758749999989,0.0034223749999999996,133.0,5.683162609870267,-1.0585773220235097,1.833935123767432,-0.004415434793452346,-0.00018652843022906167,-0.002018016985958425,0.06546488259369514,-0.1532246172428131,0.2474859058856964,-0.02838084101676941,1.3744834661483765,0.9016912579536438,-1.227482795715332,-0.508853554725647,-0.24727213382720947,-1.3833564519882202,0.900184154510498,1.5623598098754883,-1.127150297164917
0.4551758749999989,0.0034223749999999996,133.0,5.66960181059202,-1.0444248850149227,1.833311963343988,-0.004252611670335311,-0.0002086455364112253,-0.0019415945692355166,0.06549594628631074,-0.15042924880981445,0.24604354798793793,-0.03200697898864746,1.3648719787597656,0.8997042775154114,-1.2211403846740723,-0.4942035377025604,-0.23630350828170776,-1.3655856847763062,0.897852897644043,1.559248924255371,-1.12865149974823
0.4551758749999989,0.0034223749999999996,133.0,5.65481410889307,-1.0293862579891433,1.8325655443375963,-0.004065587219618942,-0.00023500357844811527,-0.001855843092594759,0.06551359057559387,-0.1495479941368103,0.24647371470928192,-0.03359290957450867,1.363668441772461,0.8875237703323364,-1.2180523872375488,-0.4803111255168915,-0.23092377185821533,-1.3464235067367554,0.8997533321380615,1.5314357280731201,-1.1326285600662231
0.4551758749999989,0.0034223749999999996,133.0,5.638996537261512,-1.013260948185087,1.8320023444699645,-0.0038792680042750907,-0.00025418398020529915,-0.0017674667475634778,0.0655249754968916,-0.1474231481552124,0.245902881026268,-0.036202311515808105,1.3582121133804321,0.8790789842605591,-1.2121927738189697,-0.46431758999824524,-0.2225477695465088,-1.3301990032196045,0.8964712619781494,1.5161861181259155,-1.1356035470962524
0.4551758749999989,0.0034223749999999996,133.0,5.622539361166122,-0.9965452604463544,1.8312624462922038,-0.003672649535480755,-0.00027431758922691324,-0.0016704778717190317,0.06554044726736842,-0.14519578218460083,0.24515646696090698,-0.03918233513832092,1.3520686626434326,0.8651614785194397,-1.2060761451721191,-0.44403913617134094,-0.2132510542869568,-1.3118128776550293,0.8935990333557129,1.4952776432037354,-1.1388211250305176
0.4551758749999989,0.0034223749999999996,133.0,5.605651265788104,-0.9790619714449731,1.8311491102658883,-0.0034772389555930905,-0.00027603621557402295,-0.001577359617565253,0.0655879635391441,-0.1420261561870575,0.2449837028980255,-0.04054826498031616,1.3457610607147217,0.851276695728302,-1.2060744762420654,-0.4396399259567261,-0.20372337102890015,-1.2958632707595825,0.885770320892334,1.4777368307113647,-1.1420791149139404
0.4551758749999989,0.0034223749999999996,133.0,5.587461178250322,-0.9601160108059218,1.8310135007339416,-0.0032690693355102622,-0.0002750968636735551,-0.0014768972945767385,0.06561295832488025,-0.13988906145095825,0.24507637321949005,-0.04270198941230774,1.3410067558288574,0.8374565243721008,-1.202627420425415,-0.4273102283477783,-0.19592857360839844,-1.27788507938385,0.8814117908477783,1.4529443979263306,-1.1451148986816406
0.4551758749999989,0.0034223749999999996,133.0,5.568454317640888,-0.9410582712508315,1.8302987405836082,-0.0030648808597841973,-0.0002900037362851047,-0.0013832377722665264,0.06563366825884802,-0.1390095055103302,0.2448611706495285,-0.04619970917701721,1.3377565145492554,0.8297900557518005,-1.1940550804138184,-0.40391531586647034,-0.19055795669555664,-1.2601560354232788,0.8803400993347168,1.4286112785339355,-1.1472859382629395
0.4551758749999989,0.0034223749999999996,133.0,5.549135433303538,-0.9207192914333245,1.8301210973943647,-0.002843897678167115,-0.00028138608023523285,-0.001277242296539002,0.0656792745645011,-0.13470351696014404,0.24368704855442047,-0.04942312836647034,1.3265514373779297,0.8156410455703735,-1.1894776821136475,-0.3886064887046814,-0.17725735902786255,-1.2382680177688599,0.8703210353851318,1.411553978919983,-1.1495842933654785
0.4551758749999989,0.0034223749999999996,133.0,5.5281814996678325,-0.9004412399563924,1.8289326736480482,-0.0026195167366474237,-0.0003043446177870698,-0.0011769451675038704,0.06568355869873797,-0.13275539875030518,0.2418036311864853,-0.05571484565734863,1.3192591667175293,0.8101693391799927,-1.1675009727478027,-0.3392288386821747,-0.16790568828582764,-1.2173848152160645,0.86631178855896,1.3856594562530518,-1.1519689559936523
0.4551758749999989,0.0034223749999999996,133.0,5.5065095524109555,-0.8791343624628438,1.8278409189703448,-0.002403571726071162,-0.0003159103988401817,-0.0010782534561720085,0.06568112983201567,-0.13309040665626526,0.2426968514919281,-0.05836042761802673,1.3197910785675049,0.7975795865058899,-1.1595933437347412,-0.3147379159927368,-0.16544419527053833,-1.196294903755188,0.8685035705566406,1.3464009761810303,-1.1547882556915283
0.4551758749999989,0.0034223749999999996,133.0,5.484039398793859,-0.8560373310206331,1.827441716009979,-0.002196329969038866,-0.0003057501470974523,-0.000978571895008521,0.06569256690810242,-0.12928920984268188,0.24217858910560608,-0.06125473976135254,1.3104764223098755,0.7819206714630127,-1.1545591354370117,-0.29870134592056274,-0.15393441915512085,-1.1714681386947632,0.8591203689575195,1.3198429346084595,-1.1570696830749512
0.4551758749999989,0.0034223749999999996,133.0,5.460829373474464,-0.8331136279907357,1.8265977670995075,-0.0019994105813535296,-0.0003077241339528338,-0.0008890284616488774,0.0657086128590177,-0.12641945481300354,0.24083968997001648,-0.06601670384407043,1.3014447689056396,0.7691198587417603,-1.1421129703521729,-0.26613685488700867,-0.1431177258491516,-1.1472294330596924,0.853318452835083,1.2921712398529053,-1.1590473651885986
0.4551758749999989,0.0034223749999999996,133.0,5.43732215303195,-0.8087200990053125,1.8266934073473513,-0.001779473457101055,-0.00028181679570384705,-0.0007874416419929239,0.06576671005805838,-0.12325841188430786,0.24132248759269714,-0.06751585006713867,1.2949843406677246,0.7523859143257141,-1.1410925388336182,-0.26079413294792175,-0.13380581140518188,-1.1258859634399414,0.8446447849273682,1.2647699117660522,-1.1618648767471313
0.4551758749999989,0.0034223749999999996,133.0,5.412324534757238,-0.7835328900834791,1.826322846749108,-0.0015734640484835736,-0.0002658212120909374,-0.0006938447870187812,0.06579431340342803,-0.12530887126922607,0.2419222593307495,-0.07177314162254333,1.297271490097046,0.745343804359436,-1.1299641132354736,-0.22847658395767212,-0.1343592405319214,-1.103638768196106,0.8507132530212402,1.2228642702102661,-1.163443922996521
0.4551758749999989,0.0034223749999999996,133.0,5.386338729957322,-0.7577732113584512,1.8260433875315358,-0.0013677920273226544,-0.00024613853855746573,-0.0006013629692794893,0.06582403690161347,-0.12341350317001343,0.2422352135181427,-0.07446816563606262,1.2924247980117798,0.7307417988777161,-1.1237661838531494,-0.21174761652946472,-0.12707048654556274,-1.0813018083572388,0.8455331325531006,1.1901706457138062,-1.1658430099487305
0.4551758749999989,0.0034223749999999996,133.0,5.359694993975755,-0.7316088827037008,1.8253635988728778,-0.0011916572544148915,-0.0002315247668273066,-0.000522807668215877,0.06584737295145934,-0.12070178985595703,0.24038809537887573,-0.08025053143501282,1.2823559045791626,0.7219754457473755,-1.1087353229522705,-0.17322930693626404,-0.11709392070770264,-1.0548855066299438,0.8394627571105957,1.1629886627197266,-1.1660103797912598
0.4551758749999989,0.0034223749999999996,133.0,5.332091479549243,-0.7039700022954236,1.8254595358233723,-0.0010149769820234388,-0.0002042062088311779,-0.000443899313880732,0.06589097268713578,-0.11956316232681274,0.24111591279506683,-0.08279970288276672,1.2790532112121582,0.7088466882705688,-1.1028366088867188,-0.15837633609771729,-0.11162644624710083,-1.0334386825561523,0.8355879783630371,1.1305609941482544,-1.168083906173706
0.4551758749999989,0.0034223749999999996,133.0,5.302948540875029,-0.6761238818004963,1.824827018506029,-0.0008503714224879141,-0.00018114574693801913,-0.00036940419187656394,0.06588884891117264,-0.12314537167549133,0.24216322600841522,-0.08695405721664429,1.2848268747329712,0.7119244337081909,-1.0879619121551514,-0.12416404485702515,-0.11768805980682373,-1.0169166326522827,0.842252254486084,1.0929471254348755,-1.1676386594772339
0.4551758749999989,0.0034223749999999996,133.0,5.273016742738992,-0.646917305031066,1.8251585411339877,-0.000699683826811368,-0.00015052405329438802,-0.00030236148006843993,0.06592824903149602,-0.1225661039352417,0.24328838288784027,-0.08912837505340576,1.2831950187683105,0.7001800537109375,-1.0823919773101807,-0.11258558928966522,-0.11426490545272827,-0.9982754588127136,0.8380537033081055,1.0607444047927856,-1.1693062782287598
0.4551758749999989,0.0034223749999999996,133.0,5.2423632505022075,-0.6170964407494691,1.8252248027197977,-0.0005303769579368597,-0.00011657688627784479,-0.0002292212611546183,0.06596956769681056,-0.12067645788192749,0.2433013767004013,-0.09218665957450867,1.277094841003418,0.6873041391372681,-1.0768544673919678,-0.09799377620220184,-0.10758596658706665,-0.9768927097320557,0.8316559791564941,1.0336655378341675,-1.169895887374878
0.4551758749999989,0.0034223749999999996,133.0,5.21124113653142,-0.5858763255314929,1.825647399801819,-0.00035323865937141757,-7.697197373602488e-5,-0.00015206197702153767,0.06601349043365465,-0.11679485440254211,0.24366939067840576,-0.09377357363700867,1.2684506177902222,0.6762645244598389,-1.0756282806396484,-0.09879980981349945,-0.09962022304534912,-0.9590104818344116,0.8171823024749756,1.0176455974578857,-1.1693220138549805
0.4551758749999989,0.0034223749999999996,133.0,5.178980350777137,-0.5538802613437582,1.825782651026306,-0.00018684629510804467,-4.1101189081425794e-5,-8.017278477666639e-5,0.06603410615005693,-0.11636310815811157,0.2436773031949997,-0.09756001830101013,1.264786958694458,0.6643785238265991,-1.0653767585754395,-0.0721130520105362,-0.09565228223800659,-0.9361008405685425,0.8136870861053467,0.9806667566299438,-1.1695995330810547
0.4551758749999989,0.0034223749999999996,133.0,5.145865522773409,-0.5217697679963492,1.8257354122723057,-2.358994617809322e-5,-5.4092759465667665e-6,-1.0119914668546084e-5,0.06604739896076786,-0.11643913388252258,0.24320827424526215,-0.10226210951805115,1.2618558406829834,0.6567479372024536,-1.0501012802124023,-0.033323030918836594,-0.09328937530517578,-0.9126889705657959,0.8103008270263672,0.9395036697387695,-1.1690704822540283
0.4551758749999989,0.0034223749999999996,133.0,5.111833455263904,-0.48891083253405443,1.8256194877729117,0.00013834380123081737,3.3154154949222854e-5,5.9199034966157025e-5,0.0660477070231105,-0.11562222242355347,0.24285060167312622,-0.10648846626281738,1.256742238998413,0.6445339322090149,-1.0386149883270264,-0.000403732992708683,-0.08852672576904297,-0.8852213025093079,0.8056488037109375,0.8977167010307312,-1.1687047481536865
0.4551758749999989,0.0034223749999999996,133.0,5.076935458529951,-0.455419196082506,1.825412284014048,0.0003006514792842412,7.568715527940973e-5,0.00012847276174377073,0.06604028244709155,-0.11573523283004761,0.2414221316576004,-0.11245569586753845,1.2517247200012207,0.6389010548591614,-1.0197536945343018,0.051330436021089554,-0.08551502227783203,-0.8552345633506775,0.8033363819122314,0.8502978682518005,-1.1667550802230835
0.4551758749999989,0.0034223749999999996,133.0,5.041321559873586,-0.4207998537718537,1.825553949533674,0.00046504444254425435,0.00012034072998017315,0.00019870739568546305,0.06605106619452286,-0.11464959383010864,0.24058948457241058,-0.11692944169044495,1.2462639808654785,0.6348640322685242,-1.0045552253723145,0.08904004096984863,-0.08266705274581909,-0.828976571559906,0.794654130935669,0.8104091882705688,-1.1642088890075684
0.4551758749999989,0.0034223749999999996,133.0,5.004730925333595,-0.3855949337041751,1.8255877691989402,0.000632974068015209,0.0001700937720094958,0.00027033272775567487,0.06605139827169268,-0.1185760498046875,0.23844854533672333,-0.12491253018379211,1.2429581880569458,0.6230794787406921,-0.9844226837158203,0.16246551275253296,-0.08034628629684448,-0.7829169631004333,0.8054680824279785,0.7351373434066772,-1.1629079580307007
0.4551758749999989,0.0034223749999999996,133.0,4.96727875499188,-0.34941779928095207,1.8256993382686715,0.0008069435336992263,0.00022373398296218189,0.00034474394616877555,0.06605606258638412,-0.11785432696342468,0.23688657581806183,-0.13010182976722717,1.2342606782913208,0.605685830116272,-0.9711923599243164,0.206643745303154,-0.07309979200363159,-0.746263861656189,0.8006925582885742,0.6816852688789368,-1.1613837480545044
0.4551758749999989,0.0034223749999999996,133.0,4.929247303231377,-0.3116999415797288,1.8261900077508213,0.0010013610483890864,0.00027738047244478336,0.00042856679027935727,0.06608741962811265,-0.11426407098770142,0.23720227181911469,-0.13175225257873535,1.2247836589813232,0.5859501957893372,-0.9682786464691162,0.2144842892885208,-0.06413966417312622,-0.7200115919113159,0.7852256298065186,0.647338330745697,-1.1608021259307861
0.4551758749999989,0.0034223749999999996,133.0,4.890375125958465,-0.27349595681568156,1.8266493857109058,0.001151793833027594,0.0003227622760897446,0.0004939176037647011,0.06611058055764059,-0.11273476481437683,0.23691432178020477,-0.13487589359283447,1.2167009115219116,0.5669240355491638,-0.9595239162445068,0.24263189733028412,-0.05770808458328247,-0.6868804693222046,0.774616003036499,0.5972557663917542,-1.1590158939361572
0.4551758749999989,0.0034223749999999996,133.0,4.850509463942486,-0.2351062011274812,1.827123834615262,0.0013180281553180622,0.0003830101045205967,0.0005681378285363104,0.06613114188959106,-0.11157399415969849,0.2350054681301117,-0.14007523655891418,1.205396056175232,0.5493732690811157,-0.9462254047393799,0.2911776900291443,-0.05059903860092163,-0.6444922089576721,0.7655024528503418,0.5378447771072388,-1.1547267436981201
0.4551758749999989,0.0034223749999999996,133.0,4.809710296302273,-0.19607738585675147,1.827619590421258,0.0014753897209082614,0.0004452584002454978,0.0006421204116382714,0.06615771654097916,-0.11012765765190125,0.2325059026479721,-0.14591938257217407,1.1913673877716064,0.5298731327056885,-0.931246280670166,0.3479003608226776,-0.04225069284439087,-0.5953453779220581,0.7550981044769287,0.4737384021282196,-1.14894700050354
0.4551758749999989,0.0034223749999999996,133.0,4.7679300318920825,-0.1564896003581472,1.827771301605152,0.0016641107804769343,0.0005305426943563555,0.000734268602210697,0.06616462428315951,-0.10806456208229065,0.2290171980857849,-0.15259909629821777,1.1726912260055542,0.507296621799469,-0.9149727821350098,0.41535213589668274,-0.03230905532836914,-0.5356534719467163,0.7433328628540039,0.4045368731021881,-1.1400995254516602
0.4551758749999989,0.0034223749999999996,133.0,4.72564244028039,-0.11396029123548927,1.8304519626153344,0.0018327558009721523,0.0005854444117418544,0.0008213912199582479,0.06611546974612921,-0.11306986212730408,0.22464191913604736,-0.16187816858291626,1.1610403060913086,0.5029041171073914,-0.8788669109344482,0.5283050537109375,-0.0345345139503479,-0.47261491417884827,0.7453687191009521,0.30617043375968933,-1.1259952783584595
0.4551758749999989,0.0034223749999999996,133.0,4.680842384359332,-0.07215513237693165,1.831163041572121,0.0019463709108818812,0.0006507568800285092,0.0008923958233723406,0.06608128770744887,-0.1095782220363617,0.22176755964756012,-0.16645270586013794,1.1477878093719482,0.4895325303077698,-0.8804950714111328,0.5526663661003113,-0.031038522720336914,-0.44990789890289307,0.7313382625579834,0.2831932306289673,-1.1165382862091064
0.4551758749999989,0.0034223749999999996,133.0,4.634134026199275,-0.024125669168857732,1.8338234358738468,0.001971836517746245,0.00047086371438724334,0.001002870240542407,0.0661880011721592,-0.11231330037117004,0.24580258131027222,-0.12908267974853516,1.2318570613861084,0.49593883752822876,-0.9575376510620117,0.16750507056713104,-0.06558257341384888,-0.7675198912620544,0.7630703449249268,0.491306871175766,-1.165948510169983
0.4551758749999989,0.0034223749999999996,133.0,4.580128228084948,0.030416613794262037,1.8425796604115634,0.0017150517652166808,-0.00018414172678002348,0.001074786154446883,0.06606891639244951,-0.1468207836151123,0.2653068006038666,-0.04409942030906677,1.3516755104064941,0.5721075534820557,-0.9785468578338623,-0.3880614638328552,-0.11292588710784912,-1.4800405502319336,1.0110390186309814,0.7951029539108276,-1.2347662448883057
0.4551758749999989,0.0034223749999999996,133.0,4.496406675948494,0.038417588023373264,1.8534689532223607,-2.044538130867888e-9,1.3969008477727082e-10,-1.3678687544404043e-9,0.06439076954645771,-0.28103211522102356,0.11578692495822906,0.0876753032207489,1.6455401182174683,0.5845644474029541,-0.25419163703918457,-0.5178048610687256,-0.5036734938621521,-1.7918795347213745,1.3696422576904297,1.054389238357544,-1.1332638263702393
0.4551758749999989,0.0034223749999999996,133.0,4.510525542276988,0.06856931757613492,1.8871407944765577,-0.0019223618211639995,0.0004470994071876661,-0.0011709737385434517,0.06217505437515752,-0.3011620342731476,0.10721250623464584,0.13079431653022766,1.6913543939590454,0.45391061902046204,-0.2123875617980957,-0.6740337610244751,-0.523131787776947,-1.8247774839401245,1.3921456336975098,1.0898797512054443,-1.1587390899658203
0.4551758749999989,0.0034223749999999996,133.0,4.529498588544781,0.10996140992791256,1.9178717489539159,-0.00234196103108979,0.0008268893665473643,-0.0011014364872697008,0.06038999770363151,-0.32466182112693787,0.0916595607995987,0.1803392469882965,1.706702709197998,0.1928277164697647,-0.17183208465576172,-0.894140899181366,-0.5279905200004578,-1.7322607040405273,1.3479275703430176,1.2302038669586182,-1.167442798614502
0.4551758749999989,0.0034223749999999996,133.0,4.5725774714196294,0.15228897919908974,1.9295087050047317,-0.002362450424833963,0.0008181242049059369,-0.0010028437475396942,0.06023135102369752,-0.31797197461128235,0.07685860246419907,0.19222256541252136,1.6634441614151,0.0941469594836235,-0.1813642978668213,-0.9033852219581604,-0.49061518907546997,-1.6409446001052856,1.2691490650177002,1.3328344821929932,-1.1619057655334473
0.4551758749999989,0.0034223749999999996,133.0,4.619341517227407,0.19595959078821318,1.9361693571814327,-0.0022318713865258953,0.0007586922531697811,-0.0008882250728960001,0.0602506752754516,-0.3104603588581085,0.07975403964519501,0.1991269886493683,1.687509536743164,0.1324825882911682,-0.2280430793762207,-0.9006262421607971,-0.5025357604026794,-1.6516358852386475,1.2052783966064453,1.324462652206421,-1.1740764379501343
0.4551758749999989,0.0034223749999999996,133.0,4.664861526316958,0.23745223426522202,1.940188615602374,-0.002026605375272115,0.0006858290057470254,-0.0007799797764543138,0.06035204478192679,-0.3054676949977875,0.08509271591901779,0.20613053441047668,1.7160218954086304,0.17869716882705688,-0.26515746116638184,-0.9083728790283203,-0.5211719870567322,-1.6681947708129883,1.1597111225128174,1.3017847537994385,-1.1837007999420166
0.4551758749999989,0.0034223749999999996,133.0,4.70927899392772,0.27829177961039836,1.9433684037011343,-0.001783774674877505,0.0006062415909036128,-0.0006695474916220167,0.060454439690274996,-0.301432341337204,0.08722284436225891,0.20830169320106506,1.7258338928222656,0.20640933513641357,-0.28920722007751465,-0.914997398853302,-0.5289600491523743,-1.6850990056991577,1.1351473331451416,1.3054717779159546,-1.185740351676941
0.4551758749999989,0.0034223749999999996,133.0,4.7527554173822875,0.3184665864508674,1.945958973690371,-0.00158372653693318,0.0005404006071913971,-0.0005829702137298847,0.06054897361613069,-0.2980324327945709,0.08980226516723633,0.21041831374168396,1.7356642484664917,0.23385363817214966,-0.31052446365356445,-0.9224599003791809,-0.5365754961967468,-1.699788212776184,1.1146399974822998,1.3046412467956543,-1.1879616975784302
0.4551758749999989,0.0034223749999999996,133.0,4.795308737450446,0.35871591894447347,1.9485894883829833,-0.0013814136565860181,0.0004734659093201575,-0.0004963142752702496,0.06055788565688996,-0.29612478613853455,0.09363040328025818,0.21281477808952332,1.7463442087173462,0.2535427212715149,-0.3235926628112793,-0.9456661939620972,-0.5450964570045471,-1.7063755989074707,1.0994932651519775,1.2907350063323975,-1.1899713277816772
0.4551758749999989,0.0034223749999999996,133.0,4.836835784021932,0.3981426263996834,1.9510503368936443,-0.0011995088602078446,0.00041430009093793073,-0.00042302536936284353,0.06057891093625437,-0.2946264445781708,0.10077919065952301,0.2178601324558258,1.7694149017333984,0.2884669303894043,-0.34375643730163574,-0.9647560715675354,-0.5604436993598938,-1.717195749282837,1.0780370235443115,1.256048560142517,-1.1973934173583984
0.4551758749999989,0.0034223749999999996,133.0,4.877696304418429,0.4366367845371786,1.9540045308200065,-0.0009651425993074524,0.00033650851833342854,-0.00033342377914921125,0.06062400013564992,-0.29401859641075134,0.1040603294968605,0.2177184522151947,1.773890733718872,0.30519118905067444,-0.3530726432800293,-0.9813284873962402,-0.5638678669929504,-1.7361371517181396,1.0823073387145996,1.2564783096313477,-1.1984403133392334
0.4551758749999989,0.0034223749999999996,133.0,4.917763397315452,0.47424296936978255,1.956684183000386,-0.0007559363117316649,0.0002653115836158264,-0.0002552500685740344,0.060652852692738214,-0.2922782599925995,0.10868754237890244,0.22109851241111755,1.7891747951507568,0.3423573076725006,-0.3725748062133789,-0.9973371028900146,-0.5792539715766907,-1.7447770833969116,1.0644216537475586,1.2404446601867676,-1.1981775760650635
0.4551758749999989,0.0034223749999999996,133.0,4.956847378128761,0.5112493114912783,1.9597209677657335,-0.0005544250012350198,0.00019687649684221623,-0.00018313621788562572,0.06066794798529428,-0.2907269299030304,0.11473442614078522,0.22540435194969177,1.8085896968841553,0.3813309371471405,-0.3926713466644287,-1.012387752532959,-0.5959346890449524,-1.7525428533554077,1.0430705547332764,1.2150688171386719,-1.2006884813308716
0.4551758749999989,0.0034223749999999996,133.0,4.995152781976257,0.5470470522450765,1.962193983838878,-0.00035812624668495665,0.0001281254713292892,-0.0001157336315525556,0.0606751168288993,-0.28883442282676697,0.11866342276334763,0.22746512293815613,1.8182647228240967,0.41109251976013184,-0.40908193588256836,-1.0264208316802979,-0.6061907410621643,-1.759171962738037,1.0285367965698242,1.2054392099380493,-1.2000256776809692
0.4551758749999989,0.0034223749999999996,133.0,5.032491577506185,0.5820923456719339,1.965013501688999,-0.00016459081200274626,5.9014650221686065e-5,-5.190941885737259e-5,0.06070692062832929,-0.28798022866249084,0.12472185492515564,0.23053815960884094,1.8335471153259277,0.43830254673957825,-0.42357611656188965,-1.0431088209152222,-0.6172990202903748,-1.765971302986145,1.0158560276031494,1.1803137063980103,-1.2040038108825684
0.4551758749999989,0.0034223749999999996,133.0,5.068577225945227,0.6154978064363918,1.9670706078621483,2.7986864213128424e-5,-1.0132470081070046e-5,8.678965576481056e-6,0.06075090889090716,-0.2866850197315216,0.12933824956417084,0.2338745892047882,1.8487051725387573,0.46769943833351135,-0.44252777099609375,-1.0512425899505615,-0.629456102848053,-1.775986909866333,0.9991633892059326,1.1660182476043701,-1.20689058303833
0.4551758749999989,0.0034223749999999996,133.0,5.10342576433168,0.6485092084489892,1.9692331344551415,0.00022117998883105347,-8.075582529225757e-5,6.736558049087178e-5,0.060771971222972614,-0.2840123474597931,0.12933284044265747,0.23148760199546814,1.841981053352356,0.4839266538619995,-0.45041871070861816,-1.0535110235214233,-0.6250638365745544,-1.7823429107666016,0.9981224536895752,1.1894458532333374,-1.204871654510498
0.4551758749999989,0.0034223749999999996,133.0,5.137916389626387,0.6789146032764524,1.9695369309395714,0.00041620714720768103,-0.00015267704228601875,0.00012414915605474402,0.06092971064152846,-0.2817847430706024,0.13086126744747162,0.23273786902427673,1.8455528020858765,0.5041776299476624,-0.466306209564209,-1.0633877515792847,-0.6320695281028748,-1.7835983037948608,0.9849858283996582,1.192880630493164,-1.201471209526062
0.4551758749999989,0.0034223749999999996,133.0,5.171007273568576,0.7105181832072583,1.9719585467720178,0.0006249259043112194,-0.0002315579652373848,0.00018265090513542914,0.06092753238692564,-0.27908816933631897,0.13567641377449036,0.23700180649757385,1.860100507736206,0.5235369801521301,-0.4796135425567627,-1.0789103507995605,-0.6413111090660095,-1.767134189605713,0.9498209953308105,1.1589621305465698,-1.2065905332565308
0.4551758749999989,0.0034223749999999996,133.0,5.203124061760567,0.741244077360795,1.973964987168467,0.0008219402801380105,-0.000308350576369466,0.0002366112252059421,0.060944427797726915,-0.27852311730384827,0.1359281688928604,0.2346533238887787,1.8555299043655396,0.5320457816123962,-0.483292818069458,-1.0858856439590454,-0.6375029683113098,-1.7821444272994995,0.9622173309326172,1.179526686668396,-1.2060432434082031
0.4551758749999989,0.0034223749999999996,133.0,5.233982961025008,0.7716152725281034,1.976361805737858,0.0009958322803418883,-0.0003810473732038776,0.00028355502278932913,0.06096839895568687,-0.27846476435661316,0.14123766124248505,0.23734447360038757,1.868322730064392,0.5482937693595886,-0.49303483963012695,-1.0994582176208496,-0.6446203589439392,-1.7858519554138184,0.9542980194091797,1.1542776823043823,-1.211536169052124
0.4551758749999989,0.0034223749999999996,133.0,5.264093556581408,0.8014500612118992,1.9783646926381542,0.0011861050580869888,-0.00045817908518183155,0.00033352585955200026,0.06099573295505708,-0.27823320031166077,0.1482381522655487,0.24261721968650818,1.8891520500183105,0.5744497776031494,-0.5085406303405762,-1.1097906827926636,-0.6599727272987366,-1.7812777757644653,0.9317774772644043,1.1125121116638184,-1.2166845798492432
0.4551758749999989,0.0034223749999999996,133.0,5.293331337249597,0.8300305734865744,1.9791707249083252,0.0013873209023802192,-0.000539589620363773,0.00038705692026307764,0.061041348040214764,-0.2773684561252594,0.15197314321994781,0.24510881304740906,1.898559808731079,0.5910174250602722,-0.5200848579406738,-1.1201740503311157,-0.6684284806251526,-1.7784831523895264,0.9182567596435547,1.094305396080017,-1.2174968719482422
0.4551758749999989,0.0034223749999999996,133.0,5.321330196234942,0.8577361286121498,1.9796424082767632,0.0015857937861844735,-0.0006221332080912176,0.0004398359063006306,0.06106826044468128,-0.2763417661190033,0.15404073894023895,0.24605605006217957,1.902616024017334,0.6087850332260132,-0.5306363105773926,-1.126902461051941,-0.6737627387046814,-1.7795823812484741,0.9113640785217285,1.092504620552063,-1.216233491897583
0.4551758749999989,0.0034223749999999996,133.0,5.348143716057216,0.8846703357116793,1.9798006563534551,0.0018179675822786894,-0.0007203277900574864,0.0005026541721349831,0.061080117913495956,-0.27548131346702576,0.15522676706314087,0.24545511603355408,1.901949167251587,0.6198473572731018,-0.5379140377044678,-1.1348453760147095,-0.6736286282539368,-1.7861571311950684,0.9135785102844238,1.1000261306762695,-1.2158008813858032
0.4551758749999989,0.0034223749999999996,133.0,5.373846117562441,0.9116832092178225,1.9809663322166824,0.0020538939821470527,-0.0008196754633264449,0.0005628615730432618,0.061048028001162234,-0.2753274738788605,0.15803898870944977,0.24674561619758606,1.9090040922164917,0.6366266012191772,-0.5457971096038818,-1.1402376890182495,-0.6791988015174866,-1.7882747650146484,0.9090914726257324,1.0917164087295532,-1.2172538042068481
0.4551758749999989,0.0034223749999999996,133.0,5.398299904112307,0.9383966076785285,1.9823503447157915,0.0023068182053581523,-0.0009264914366894013,0.0006263354941074221,0.06100442691641484,-0.2756129801273346,0.16039444506168365,0.24698695540428162,1.913601279258728,0.6475209593772888,-0.5499782562255859,-1.146735429763794,-0.6809850335121155,-1.7940056324005127,0.9122927188873291,1.0879569053649902,-1.2200746536254883
0.4551758749999989,0.0034223749999999996,133.0,5.421911222569925,0.9633783586641904,1.9827107585729986,0.0025274354337907973,-0.00102622259087037,0.0006838574276108385,0.06098748795059002,-0.27508196234703064,0.16437140107154846,0.25022056698799133,1.924815058708191,0.657457709312439,-0.559258222579956,-1.1566548347473145,-0.6893987059593201,-1.7864887714385986,0.8949930667877197,1.060088872909546,-1.2226500511169434
0.4551758749999989,0.0034223749999999996,133.0,5.444710588124539,0.9873074369450584,1.983069303886879,0.0027634210903564964,-0.0011338524403293547,0.0007452805905848699,0.060975216305898076,-0.27477023005485535,0.16609781980514526,0.25079748034477234,1.9283814430236816,0.6693430542945862,-0.5673339366912842,-1.1614348888397217,-0.6921208500862122,-1.7925041913986206,0.8937363624572754,1.0611671209335327,-1.2235243320465088
0.4551758749999989,0.0034223749999999996,133.0,5.466629806900275,1.010365599889848,1.9834506539969028,0.0030056493006926747,-0.0012461841651422807,0.0008082323668580212,0.060960901486654125,-0.27393707633018494,0.16644532978534698,0.24994084239006042,1.9263932704925537,0.6765606999397278,-0.5707399845123291,-1.1692944765090942,-0.6905004382133484,-1.791885256767273,0.8948848247528076,1.0695856809616089,-1.2232856750488281
0.4551758749999989,0.0034223749999999996,133.0,5.487668029791085,1.0328139393565932,1.983813982047338,0.0032545482221980025,-0.0013623654200510724,0.0008737675643345028,0.06095048803801261,-0.27303531765937805,0.16841340065002441,0.2507421672344208,1.930953025817871,0.6963428854942322,-0.5803165435791016,-1.1679435968399048,-0.6951345801353455,-1.7907710075378418,0.8866269588470459,1.0692572593688965,-1.2232820987701416
0.4551758749999989,0.0034223749999999996,133.0,5.507808347499816,1.0545422584520103,1.9844413834113688,0.0035043787436242484,-0.0014773484925364793,0.0009354604220994606,0.060928753139655886,-0.27334854006767273,0.16991479694843292,0.25051286816596985,1.9324510097503662,0.7059116363525391,-0.5856890678405762,-1.1747597455978394,-0.6953570246696472,-1.801949143409729,0.8937883377075195,1.0753600597381592,-1.224618673324585
0.4551758749999989,0.0034223749999999996,133.0,5.527231933967013,1.0752193313910283,1.9854150801150523,0.0037339265541955487,-0.0015874313848064684,0.0009900346623333213,0.06089805999943173,-0.27322790026664734,0.17088523507118225,0.2510558068752289,1.933935523033142,0.7042509913444519,-0.5865681171417236,-1.1904762983322144,-0.6956118941307068,-1.8012936115264893,0.8923439979553223,1.069167137145996,-1.2257871627807617
0.4551758749999989,0.0034223749999999996,133.0,5.545701729793489,1.0955442738410721,1.9866959014929797,0.003973401432647855,-0.0016980302279448606,0.0010461305280009196,0.06086202825751394,-0.27355650067329407,0.1737307757139206,0.25362536311149597,1.9432297945022583,0.714506983757019,-0.591829776763916,-1.1990536451339722,-0.7034582495689392,-1.7970316410064697,0.8825645446777344,1.0497429370880127,-1.2270634174346924
0.4551758749999989,0.0034223749999999996,133.0,5.563079859430516,1.1150708917755823,1.9872385391224432,0.004190820909715713,-0.0018051127671561604,0.0011024213523245852,0.060831610690378714,-0.2739609181880951,0.17659837007522583,0.25537100434303284,1.951229453086853,0.7297613620758057,-0.5999643802642822,-1.2007713317871094,-0.7103785872459412,-1.8016186952590942,0.8783822059631348,1.0402477979660034,-1.2280617952346802
0.4551758749999989,0.0034223749999999996,133.0,5.579912654450454,1.1325393816118405,1.9874279057891477,0.0044201518923278295,-0.0019241364283119193,0.0011591338603436888,0.060811455330484154,-0.27325311303138733,0.17646436393260956,0.25471624732017517,1.9473711252212524,0.7220821380615234,-0.599590539932251,-1.218508243560791,-0.7049526572227478,-1.8018602132797241,0.8804209232330322,1.0430883169174194,-1.229677438735962
0.4551758749999989,0.0034223749999999996,133.0,5.595901072342902,1.149712364006155,1.9879141817466073,0.004628520569620229,-0.002025443352090058,0.0012111702608009567,0.06080398022999827,-0.273377388715744,0.1775205135345459,0.2557620704174042,1.951377272605896,0.7342295050621033,-0.605532169342041,-1.2213250398635864,-0.7101598381996155,-1.8043711185455322,0.8778924942016602,1.0427923202514648,-1.228468418121338
0.4551758749999989,0.0034223749999999996,133.0,5.611407470066556,1.1655564314936622,1.9879545437103914,0.004834547484359745,-0.0021260594314184357,0.001256726994523112,0.060808205162636325,-0.27226540446281433,0.17885935306549072,0.2570659816265106,1.954756736755371,0.7433737516403198,-0.6130270957946777,-1.2228801250457764,-0.7145035862922668,-1.7998993396759033,0.8651382923126221,1.0355232954025269,-1.2274729013442993
0.4551758749999989,0.0034223749999999996,133.0,5.626326330816547,1.1805461150462302,1.9881746326156136,0.005010985781449894,-0.002212804828625721,0.0012969520146750384,0.06081711856774493,-0.27132317423820496,0.17823700606822968,0.2565513551235199,1.9513850212097168,0.7491536736488342,-0.6173675060272217,-1.2277673482894897,-0.714335024356842,-1.802013635635376,0.8644061088562012,1.0454473495483398,-1.224358081817627
0.4551758749999989,0.0034223749999999996,133.0,5.6402913699193995,1.1950724752994166,1.9886584468284374,0.005169468168650652,-0.002287974503884043,0.001328249404861599,0.060817646912516586,-0.2700025141239166,0.1793106645345688,0.2576166093349457,1.952614188194275,0.754042387008667,-0.6235048770904541,-1.2310717105865479,-0.7171280980110168,-1.7973928451538086,0.8520512580871582,1.0361664295196533,-1.222727656364441
0.4551758749999989,0.0034223749999999996,133.0,5.653768641144827,1.2077766195882413,1.988776032056909,0.005327255264238294,-0.0023740326033023524,0.0013556018470180283,0.06082300293355951,-0.26691797375679016,0.17698532342910767,0.25712427496910095,1.9435584545135498,0.7429601550102234,-0.6243622303009033,-1.244979977607727,-0.7125083804130554,-1.7845518589019775,0.8363950252532959,1.037232518196106,-1.2183148860931396
0.4551758749999989,0.0034223749999999996,133.0,5.666075322256108,1.2207389932323454,1.9897183241773797,0.0054921005252666424,-0.0024435268489430614,0.0013805820783770195,0.060824639300191684,-0.26594558358192444,0.1788029819726944,0.2585044801235199,1.947342038154602,0.7572203874588013,-0.6322097778320312,-1.2411115169525146,-0.7182698845863342,-1.780380368232727,0.8235359191894531,1.0272949934005737,-1.2162832021713257
0.4551758749999989,0.0034223749999999996,133.0,5.677220219885613,1.2337684610020254,1.9913116057774989,0.005659264444391323,-0.0025052000308414956,0.0014123787807213293,0.06081506295954186,-0.2662283480167389,0.18161940574645996,0.25961312651634216,1.9533121585845947,0.7762766480445862,-0.639744758605957,-1.233986496925354,-0.7244475483894348,-1.7850607633590698,0.8205690383911133,1.0192005634307861,-1.2160309553146362
0.4551758749999989,0.0034223749999999996,133.0,5.68731359930453,1.2460614370342877,1.99338970909431,0.0058380884592621795,-0.002567489937723658,0.0014378528620601356,0.060784137080583535,-0.266536682844162,0.1836453080177307,0.2606058418750763,1.9584599733352661,0.7907264828681946,-0.6439619064331055,-1.2292799949645996,-0.7297214865684509,-1.7870935201644897,0.8172121047973633,1.0104601383209229,-1.2158492803573608
0.4551758749999989,0.0034223749999999996,133.0,5.696445305522544,1.2579156458637142,1.9955453241168906,0.006044715452209201,-0.002635274770528201,0.001474816566840418,0.06076011196985269,-0.26784852147102356,0.18797659873962402,0.262727826833725,1.9706025123596191,0.8140010237693787,-0.6510045528411865,-1.2155499458312988,-0.7400692105293274,-1.7909119129180908,0.8122444152832031,0.991559624671936,-1.2175105810165405
0.4551758749999989,0.0034223749999999996,133.0,5.704424054984106,1.2704116232456841,1.9998133138051761,0.006293727613721429,-0.0027615376968754806,0.0015464489439600733,0.060623767570506956,-0.2710099518299103,0.19329144060611725,0.2642829716205597,1.9866201877593994,0.8393046855926514,-0.6535735130310059,-1.1979286670684814,-0.7504900097846985,-1.804023265838623,0.8198893070220947,0.9709854125976562,-1.2229546308517456
0.4551758749999989,0.0034223749999999996,133.0,5.71196078028358,1.279992049105631,2.0012809534096574,0.006590305643761027,-0.002874622907313717,0.0016075695743223118,0.060607817134289636,-0.2720446288585663,0.19586694240570068,0.2653161585330963,1.99397611618042,0.856469452381134,-0.6583192348480225,-1.187401533126831,-0.7575963139533997,-1.8084200620651245,0.8190004825592041,0.9621069431304932,-1.2231411933898926
0.4551758749999989,0.0034223749999999996,133.0,5.718733588828789,1.2889130739634564,2.0026673978709435,0.007030064909706345,-0.0030457316247204215,0.0017036626567546367,0.06059858487018052,-0.27273449301719666,0.1992560476064682,0.26697054505348206,2.0028672218322754,0.8708357214927673,-0.6630945205688477,-1.178584337234497,-0.7648918032646179,-1.8062561750411987,0.8110098838806152,0.9421048164367676,-1.2246077060699463
0.4551758749999989,0.0034223749999999996,133.0,5.724737501135348,1.296547973215615,2.0038411504923026,0.007779450226515066,-0.00335696540805338,0.0018697204648549114,0.06058707294699867,-0.2731415331363678,0.2030545026063919,0.2696784436702728,2.0132875442504883,0.8792925477027893,-0.6685755252838135,-1.1736838817596436,-0.7725747227668762,-1.7980272769927979,0.7955131530761719,0.909879744052887,-1.2271153926849365
0.4551758749999989,0.0034223749999999996,133.0,5.729942069636532,1.3031861382748182,2.0048167693885417,0.00946760012049396,-0.004078088995996154,0.0022553784857391175,0.06058751252800153,-0.27314522862434387,0.20373961329460144,0.269803911447525,2.0172085762023926,0.890275239944458,-0.6723690032958984,-1.1690763235092163,-0.7748941779136658,-1.7940750122070312,0.7908425331115723,0.9053999185562134,-1.2287378311157227
0.4551758749999989,0.0034223749999999996,133.0,5.734283299069275,1.3076965025225038,2.005876533319354,0.017514752815544928,-0.007656496234345776,0.004057394604155223,0.06062331249134165,-0.2720724642276764,0.20311585068702698,0.27349236607551575,2.0336923599243164,0.895987868309021,-0.682558536529541,-1.180710792541504,-0.7796894907951355,-1.7500282526016235,0.7530663013458252,0.8644234538078308,-1.2403028011322021
0.4551758749999989,0.0034223749999999996,133.0,5.795278690134479,-1.153822570345835,1.8610504981086768,1.6989639599292792e-5,-1.3382778949339628e-5,-6.03533983176846e-7,0.06596726017357665,-0.15051531791687012,0.26323696970939636,0.03112301230430603,1.4143056869506836,0.9573854804039001,-1.4222431182861328,-0.9818187952041626,-0.31037354469299316,-1.4994714260101318,0.8345112800598145,1.6535427570343018,-1.1017040014266968
0.4551758749999989,0.0034223749999999996,133.0,5.789886989998526,-1.1491527237362342,1.859699804021769,5.671822629406317e-5,-4.447083133497315e-5,-1.7148856137474971e-6,0.06606706578805142,-0.1505935788154602,0.2628422677516937,0.028551161289215088,1.4131355285644531,0.9544158577919006,-1.4135892391204834,-0.959099531173706,-0.3074306845664978,-1.4929282665252686,0.8384420871734619,1.646592617034912,-1.103513479232788
0.4551758749999989,0.0034223749999999996,133.0,5.783980303061392,-1.143933165202009,1.858218015097335,8.342060417438999e-5,-6.502145502011745e-5,-2.1389994704230232e-6,0.06615440076948194,-0.15133073925971985,0.26189419627189636,0.024118006229400635,1.4113049507141113,0.9650861024856567,-1.3994567394256592,-0.9301252961158752,-0.30504530668258667,-1.4976434707641602,0.8453710079193115,1.6566189527511597,-1.104374885559082
0.4551758749999989,0.0034223749999999996,133.0,5.776719108819461,-1.137734233302629,1.856433529599566,0.00011239981987630143,-8.690588506103119e-5,-2.015276831604747e-6,0.0662795734418569,-0.152826189994812,0.26140573620796204,0.019688010215759277,1.4126336574554443,0.969115674495697,-1.3826804161071777,-0.89226233959198,-0.30440837144851685,-1.4967697858810425,0.8539888858795166,1.6512837409973145,-1.1064977645874023
0.4551758749999989,0.0034223749999999996,133.0,5.769096548505417,-1.1310456716121446,1.8545872553925697,0.00014210976365670237,-0.00010904521606144926,-1.592890026847671e-6,0.06638827596339382,-0.15267252922058105,0.25990796089172363,0.014639854431152344,1.407596230506897,0.9706387519836426,-1.3674025535583496,-0.85763019323349,-0.298245370388031,-1.4941283464431763,0.8595600128173828,1.6560406684875488,-1.1079274415969849
0.4551758749999989,0.0034223749999999996,133.0,5.760078627665227,-1.12343137777426,1.8523020917724693,0.00017430865285729624,-0.000132216593575449,-2.1879314368523878e-7,0.06653563084113467,-0.15405234694480896,0.258714497089386,0.00861048698425293,1.4066306352615356,0.9729238152503967,-1.3456218242645264,-0.8083417415618896,-0.29547739028930664,-1.490908145904541,0.8692004680633545,1.6507225036621094,-1.1099913120269775
0.4551758749999989,0.0034223749999999996,133.0,5.750787923067925,-1.1152338623084506,1.8502035462652768,0.00020518194682670206,-0.0001538979344685923,1.4593765882400883e-6,0.0666475931670373,-0.1537666916847229,0.25704705715179443,0.0030964016914367676,1.4008750915527344,0.9655896425247192,-1.329080581665039,-0.7664784789085388,-0.28769809007644653,-1.480065107345581,0.8755984306335449,1.6440171003341675,-1.112235426902771
0.4551758749999989,0.0034223749999999996,133.0,5.740023685873869,-1.1066439921727937,1.847281261796009,0.00023919520029945073,-0.0001766587803578403,4.726550447490561e-6,0.06684664777554233,-0.15485534071922302,0.2547771632671356,-0.0049391984939575195,1.39653480052948,0.9670112133026123,-1.300727128982544,-0.7035219669342041,-0.28225064277648926,-1.4739865064620972,0.885249137878418,1.6399505138397217,-1.1137666702270508
0.4551758749999989,0.0034223749999999996,133.0,5.729086356553942,-1.0969488185922496,1.845088556596372,0.0002749634306746105,-0.00020021292224425317,8.27474138304955e-6,0.06695060989841627,-0.15429574251174927,0.25261208415031433,-0.011338591575622559,1.3890408277511597,0.9539546966552734,-1.282240390777588,-0.654365599155426,-0.27231746912002563,-1.4572542905807495,0.8921973705291748,1.6267271041870117,-1.1164308786392212
0.4551758749999989,0.0034223749999999996,133.0,5.716972823636313,-1.0865740018053547,1.8426072168358723,0.0003099631778713282,-0.00022155612811035875,1.3220766262359412e-5,0.06708655009553063,-0.1553974449634552,0.2507019340991974,-0.018851488828659058,1.3857414722442627,0.9458885788917542,-1.256152629852295,-0.5904925465583801,-0.2663598656654358,-1.4409246444702148,0.9025859832763672,1.605305790901184,-1.11931312084198
0.4551758749999989,0.0034223749999999996,133.0,5.704106557787775,-1.0748819893212778,1.8406510628977422,0.00034623610703846775,-0.00024398405306372986,1.8516030508604944e-5,0.06720507350268727,-0.15546104311943054,0.24926576018333435,-0.02466815710067749,1.382058024406433,0.9363004565238953,-1.2369036674499512,-0.540800929069519,-0.25923097133636475,-1.4208544492721558,0.9092600345611572,1.5828057527542114,-1.122847557067871
0.4551758749999989,0.0034223749999999996,133.0,5.691574702810612,-1.0618268950400311,1.8399834561318262,0.0003862024868569036,-0.0002704724500507739,2.1327975177375704e-5,0.06721545181831158,-0.15359044075012207,0.24849063158035278,-0.027548879384994507,1.3764528036117554,0.92960524559021,-1.2302908897399902,-0.5226990580558777,-0.25020402669906616,-1.4013450145721436,0.9091439247131348,1.5700122117996216,-1.1262413263320923
0.4551758749999989,0.0034223749999999996,133.0,5.678352504156707,-1.0477878798059057,1.8396267854809571,0.0004327203477108403,-0.0003023344895870469,2.4658802852601048e-5,0.06720326079329503,-0.15211820602416992,0.24863755702972412,-0.029014617204666138,1.3731777667999268,0.9193220734596252,-1.2299525737762451,-0.5154085159301758,-0.24313080310821533,-1.3810992240905762,0.910264253616333,1.5505491495132446,-1.1298441886901855
0.4551758749999989,0.0034223749999999996,133.0,5.66383795735208,-1.0330067497505415,1.8388893989232515,0.0004846065667885273,-0.000336232581706804,2.9847533211761603e-5,0.06723288126681347,-0.15080475807189941,0.24848437309265137,-0.03152570128440857,1.3702195882797241,0.9102601408958435,-1.2230637073516846,-0.49606701731681824,-0.23642432689666748,-1.3620274066925049,0.9102256298065186,1.5281485319137573,-1.1335129737854004
0.4551758749999989,0.0034223749999999996,133.0,5.6484121886283285,-1.0175879537940407,1.8379487801282075,0.0005381142049322731,-0.0003705672690308993,3.6288796269130156e-5,0.06727587686434207,-0.14932063221931458,0.24763593077659607,-0.035185664892196655,1.3656094074249268,0.8996606469154358,-1.212566614151001,-0.4680164158344269,-0.22826939821243286,-1.3434115648269653,0.9098548889160156,1.5067787170410156,-1.137108325958252
0.4551758749999989,0.0034223749999999996,133.0,5.632643617841026,-1.001391118638922,1.8374458331332615,0.0005900619103214185,-0.00040554922495983684,4.0978031935194757e-5,0.06730124740806032,-0.14616116881370544,0.24686624109745026,-0.037469953298568726,1.3579336404800415,0.8868933320045471,-1.2096810340881348,-0.45744284987449646,-0.21772563457489014,-1.3262490034103394,0.9030067920684814,1.4923337697982788,-1.1400648355484009
0.4551758749999989,0.0034223749999999996,133.0,5.616134779713892,-0.9840594509856664,1.837409943128108,0.0006426113178138508,-0.00044157717062493553,4.5294573677008665e-5,0.06728703353757375,-0.14349541068077087,0.24710817635059357,-0.03840211033821106,1.3533889055252075,0.8739213347434998,-1.2099933624267578,-0.455831378698349,-0.2098405957221985,-1.3119860887527466,0.8953757286071777,1.473726749420166,-1.1433944702148438
0.4551758749999989,0.0034223749999999996,133.0,5.5986266052024405,-0.9659964615417643,1.8371245220129895,0.0006985272177492647,-0.0004788235714430547,5.102003116753197e-5,0.06729247132602711,-0.14256179332733154,0.2476000189781189,-0.04022526741027832,1.3516464233398438,0.861653208732605,-1.2075698375701904,-0.44513824582099915,-0.20538151264190674,-1.295724630355835,0.892932653427124,1.4488211870193481,-1.1460392475128174
0.4551758749999989,0.0034223749999999996,133.0,5.579651782432059,-0.9473223157471994,1.8361273175655268,0.000758542324616479,-0.0005146413713357595,6.112932295278993e-5,0.06734924057570792,-0.14000269770622253,0.2463488131761551,-0.044598013162612915,1.344228744506836,0.8500752449035645,-1.195467472076416,-0.413993239402771,-0.1952042579650879,-1.2761670351028442,0.8872075080871582,1.4271355867385864,-1.149013876914978
0.4551758749999989,0.0034223749999999996,133.0,5.560748281366513,-0.9275436375878513,1.835822281131249,0.0008298985935621835,-0.0005619700349819845,6.803213976930438e-5,0.067355115547102,-0.13625633716583252,0.24553562700748444,-0.047517240047454834,1.3347361087799072,0.8304420113563538,-1.191821575164795,-0.3975062668323517,-0.18261080980300903,-1.2524091005325317,0.8789606094360352,1.4028509855270386,-1.1522114276885986
0.4551758749999989,0.0034223749999999996,133.0,5.540139540376098,-0.9069915890383352,1.8350508483270003,0.0008954546777510353,-0.0006020092984404345,7.960728486774618e-5,0.06741030978878391,-0.13463014364242554,0.24579262733459473,-0.05014720559120178,1.3316258192062378,0.8203995823860168,-1.183506727218628,-0.3771437406539917,-0.17668914794921875,-1.2336225509643555,0.8735954761505127,1.3739988803863525,-1.1550339460372925
0.4551758749999989,0.0034223749999999996,133.0,5.519389047688368,-0.8856403990409741,1.834846340237669,0.0009549648290128692,-0.0006402699934256145,8.75964754512082e-5,0.06741997299628882,-0.13185825943946838,0.24559757113456726,-0.05291116237640381,1.3249642848968506,0.8017857670783997,-1.1783437728881836,-0.35934072732925415,-0.16651952266693115,-1.2102477550506592,0.8670761585235596,1.3440496921539307,-1.1585557460784912
0.4551758749999989,0.0034223749999999996,133.0,5.497512377876679,-0.863769294316363,1.8338947736350324,0.0010090343905485002,-0.0006698977711954635,9.848337854163035e-5,0.06747661647275092,-0.12943768501281738,0.24399200081825256,-0.05852305889129639,1.3162586688995361,0.7886879444122314,-1.1626524925231934,-0.3186424970626831,-0.15566474199295044,-1.1851915121078491,0.8627631664276123,1.3149844408035278,-1.1609272956848145
0.4551758749999989,0.0034223749999999996,133.0,5.474833617949693,-0.8408545071257678,1.833385995907754,0.0010684744805502723,-0.000704882580411675,0.00010965348167166858,0.06750653515097338,-0.12624457478523254,0.24287381768226624,-0.06296223402023315,1.307285189628601,0.7749358415603638,-1.150899887084961,-0.28909969329833984,-0.14458996057510376,-1.160902738571167,0.8547899723052979,1.2867472171783447,-1.1632089614868164
0.4551758749999989,0.0034223749999999996,133.0,5.45142015877882,-0.8169581101827208,1.833041589510367,0.0011362470735673735,-0.0007458187118435108,0.00012123644369076107,0.06752113241374559,-0.12587407231330872,0.24359972774982452,-0.06558704376220703,1.3058735132217407,0.7640255689620972,-1.1465837955474854,-0.27349209785461426,-0.14120090007781982,-1.1387395858764648,0.8529870510101318,1.2531284093856812,-1.1650679111480713
0.4551758749999989,0.0034223749999999996,133.0,5.42681517079311,-0.7925794769950497,1.8323301495942532,0.0012004538485991811,-0.0007803423236726043,0.00013458381616195486,0.06758389452641463,-0.12495872378349304,0.24197036027908325,-0.07222935557365417,1.300252079963684,0.7567206025123596,-1.1238646507263184,-0.22004282474517822,-0.13406068086624146,-1.1147927045822144,0.8510258197784424,1.2171086072921753,-1.166827917098999
0.4551758749999989,0.0034223749999999996,133.0,5.401048838616885,-0.7674979758926105,1.831734738365148,0.0012649463087391437,-0.0008151696917286399,0.00015029996949608108,0.06765833018005533,-0.12460899353027344,0.24296830594539642,-0.07454299926757812,1.2995742559432983,0.7529841065406799,-1.1177446842193604,-0.2077712118625641,-0.13288640975952148,-1.0985850095748901,0.8471348285675049,1.1898882389068604,-1.1672605276107788
0.4551758749999989,0.0034223749999999996,133.0,5.375017388045984,-0.7410748083915315,1.831539692428272,0.0013343006640010818,-0.0008566682327977818,0.0001626598312531888,0.06767609856101242,-0.12139171361923218,0.24352975189685822,-0.07599234580993652,1.2927474975585938,0.7372677326202393,-1.1170892715454102,-0.2046954333782196,-0.12431341409683228,-1.0772291421890259,0.8362786769866943,1.1654781103134155,-1.1689916849136353
0.4551758749999989,0.0034223749999999996,133.0,5.347741539287559,-0.7141399040491058,1.8310866010149403,0.0014042867298991461,-0.0008953091252303854,0.0001782240026409053,0.06771138248399597,-0.11876651644706726,0.24265776574611664,-0.08042186498641968,1.2838791608810425,0.7238176465034485,-1.1079928874969482,-0.17859065532684326,-0.11495727300643921,-1.0503472089767456,0.8297009468078613,1.137706995010376,-1.1695951223373413
0.4551758749999989,0.0034223749999999996,133.0,5.319502964334692,-0.686605574355587,1.8308612021624384,0.001510724025503624,-0.0009617677535223883,0.0001935881973677397,0.06770965327707863,-0.11876735091209412,0.24230928719043732,-0.08529359102249146,1.2813738584518433,0.7154397368431091,-1.092562198638916,-0.14076778292655945,-0.11142414808273315,-1.0277183055877686,0.8280937671661377,1.101083517074585,-1.1706640720367432
0.4551758749999989,0.0034223749999999996,133.0,5.289777350643847,-0.6584592666674153,1.8303343505112524,0.0015906687145848392,-0.001016038836597349,0.00021149414273217057,0.0677671545743343,-0.11851480603218079,0.24132783710956573,-0.09095403552055359,1.2771035432815552,0.709833025932312,-1.0756847858428955,-0.09926767647266388,-0.10755372047424316,-1.004451036453247,0.8261046409606934,1.0667178630828857,-1.1703845262527466
0.4551758749999989,0.0034223749999999996,133.0,5.259462546032917,-0.6288913779556596,1.8307344632135543,0.0016753351970562333,-0.0010847107865441794,0.0002296481093669334,0.0677794961478615,-0.11778751015663147,0.24269670248031616,-0.09259811043739319,1.2759560346603394,0.6981393098831177,-1.071601390838623,-0.09276235103607178,-0.10467493534088135,-0.9886873364448547,0.8201148509979248,1.0379120111465454,-1.1719975471496582
0.4551758749999989,0.0034223749999999996,133.0,5.228457131437005,-0.598756650964601,1.8307005400746403,0.0017459070448097198,-0.0011384161901355709,0.0002487442203682007,0.06781690804572461,-0.11724427342414856,0.24281246960163116,-0.09611788392066956,1.272428035736084,0.6867181658744812,-1.063206434249878,-0.07082374393939972,-0.10086476802825928,-0.9674428701400757,0.8164205551147461,1.0059927701950073,-1.172252893447876
0.4551758749999989,0.0034223749999999996,133.0,5.196794014229624,-0.5674083102923143,1.8311288330519748,0.0017855796851513595,-0.0011797652622065522,0.0002634920345070553,0.06783299444890048,-0.11617705225944519,0.2441522628068924,-0.09758532047271729,1.27028226852417,0.6749851703643799,-1.059452772140503,-0.06586658954620361,-0.09748739004135132,-0.951988697052002,0.8089892864227295,0.9787298440933228,-1.1733986139297485
0.4551758749999989,0.0034223749999999996,133.0,5.1641032380292415,-0.5357954300198959,1.8311021507734393,0.0018049119727418874,-0.0012003692660463743,0.0002797959209904919,0.06789482935951034,-0.11916178464889526,0.2439407855272293,-0.1030157208442688,1.2710329294204712,0.6659250855445862,-1.0468647480010986,-0.02221880480647087,-0.09782952070236206,-0.9213513731956482,0.8165733814239502,0.9243658781051636,-1.173555612564087
0.4551758749999989,0.0034223749999999996,133.0,5.130784673453694,-0.5033643361278702,1.8308926240847574,0.0018040194655086722,-0.0012061895331737385,0.00029196651657834304,0.06796145796530481,-0.11686813831329346,0.24244807660579681,-0.10807639360427856,1.2623567581176758,0.6597327589988708,-1.0336508750915527,0.012419555336236954,-0.09194666147232056,-0.8968605995178223,0.805931568145752,0.8941471576690674,-1.1710001230239868
0.4551758749999989,0.0034223749999999996,133.0,5.096707374169759,-0.4697910572441026,1.830941097790865,0.0017805638540748661,-0.0011970606595355837,0.0003016985864840841,0.06800095105143789,-0.11635947227478027,0.24208705127239227,-0.1123536229133606,1.2574611902236938,0.6469739675521851,-1.021878719329834,0.04740767553448677,-0.08764255046844482,-0.8673123121261597,0.8013405799865723,0.8495857119560242,-1.1703600883483887
0.4551758749999989,0.0034223749999999996,133.0,5.061647435037674,-0.4352943917218331,1.8312984129973888,0.0017121283226109298,-0.001159083035462616,0.00030346818308375,0.0680277106424218,-0.11546102166175842,0.24309928715229034,-0.1145714521408081,1.254374623298645,0.63371342420578,-1.0141565799713135,0.06579414010047913,-0.08396250009536743,-0.8426360487937927,0.7932000160217285,0.8082985877990723,-1.1708095073699951
0.4551758749999989,0.0034223749999999996,133.0,5.0251642865872395,-0.4009088869540057,1.8312149725423599,0.0016564221038059984,-0.001131347771905372,0.00031051331092839284,0.06815204377778676,-0.11562365293502808,0.24021808803081512,-0.12216410040855408,1.2482190132141113,0.6406896710395813,-0.9876000881195068,0.13496217131614685,-0.08380085229873657,-0.8132824301719666,0.7868425846099854,0.7602477073669434,-1.165093183517456
0.4551758749999989,0.0034223749999999996,133.0,4.988212545573308,-0.36483586944140073,1.8314882010552889,0.0016023938240378101,-0.0011062171439096713,0.00031472686636978216,0.06820972928280494,-0.11739054322242737,0.242134228348732,-0.1237812340259552,1.248929738998413,0.6258553266525269,-0.9838600158691406,0.1488647162914276,-0.08224397897720337,-0.7864600419998169,0.7867414951324463,0.7108089923858643,-1.1668840646743774
0.4551758749999989,0.0034223749999999996,133.0,4.8960508913025595,0.45719323931888617,1.9577255307639967,-0.0019092333994106447,-0.00041614037937221226,-0.0010249191356643294,0.06543450504031277,-0.29353246092796326,0.1056951954960823,0.22106310725212097,1.7906556129455566,0.32174235582351685,-0.35985469818115234,-0.9781128764152527,-0.5810744166374207,-1.7527859210968018,1.0855517387390137,1.2589163780212402,-1.1982382535934448
0.4551758749999989,0.0034223749999999996,133.0,4.935661952970768,0.4948283777468606,1.9606039017112296,-0.0019822127898797893,-0.00039802452847644487,-0.0010240242525959113,0.06522030153342125,-0.2932281196117401,0.11106697469949722,0.222152978181839,1.7996035814285278,0.3385307490825653,-0.36791419982910156,-1.0005778074264526,-0.586326539516449,-1.766580581665039,1.0858299732208252,1.242872953414917,-1.2017595767974854
0.4551758749999989,0.0034223749999999996,133.0,4.974756220491282,0.5318496489610107,1.964685089186135,-0.0020652971789021494,-0.00037492404163171116,-0.0010065101152261916,0.06494167164745739,-0.2919979989528656,0.11873748898506165,0.22749462723731995,1.8237086534500122,0.3807227313518524,-0.38797426223754883,-1.016266942024231,-0.6047971844673157,-1.7724149227142334,1.061108112335205,1.2051081657409668,-1.2070647478103638
0.4551758749999989,0.0034223749999999996,133.0,5.012901271834388,0.5672792964740343,1.9675985443802066,-0.0021416359510448473,-0.000365037948308057,-0.0010065857152123272,0.06477531752128507,-0.2904481589794159,0.1234065443277359,0.23000982403755188,1.8351448774337769,0.41131260991096497,-0.4035532474517822,-1.031009316444397,-0.615908682346344,-1.777282953262329,1.0463340282440186,1.189171314239502,-1.2072546482086182
0.4551758749999989,0.0034223749999999996,133.0,5.0496477355893035,0.6016108921239424,1.9700173632113636,-0.0021838931108842134,-0.0003449560570912677,-0.0009993582028286043,0.06462214027443465,-0.28931304812431335,0.12958553433418274,0.2335864007472992,1.8519587516784668,0.4467032551765442,-0.4226653575897217,-1.0398606061935425,-0.6295991539955139,-1.7853888273239136,1.0297203063964844,1.1656666994094849,-1.2101891040802002
0.4551758749999989,0.0034223749999999996,133.0,5.085418889142839,0.6353844355012722,1.9725346195976388,-0.0022193902821974637,-0.0003268538557071752,-0.0009864984122961282,0.06447776600223268,-0.28887638449668884,0.13295820355415344,0.23370501399040222,1.8552802801132202,0.4558609426021576,-0.42772555351257324,-1.0576525926589966,-0.6303874850273132,-1.7944809198379517,1.0316483974456787,1.159072756767273,-1.2126762866973877
0.4551758749999989,0.0034223749999999996,133.0,5.120230110953364,0.6678464696003823,1.9748699910381264,-0.002213232711914015,-0.00030504896890790355,-0.0009603533369481033,0.06434538336052728,-0.28790828585624695,0.13871897757053375,0.23760876059532166,1.8721661567687988,0.48585444688796997,-0.44508814811706543,-1.0659422874450684,-0.6436702609062195,-1.7974095344543457,1.0127367973327637,1.1330828666687012,-1.2160700559616089
0.4551758749999989,0.0034223749999999996,133.0,5.154197591675502,0.6987939817327553,1.976875885252837,-0.002174748682028522,-0.00027879538054818994,-0.0009263085033775798,0.06423073164846976,-0.28662243485450745,0.14159415662288666,0.23943611979484558,1.8795500993728638,0.505931556224823,-0.4577796459197998,-1.0758490562438965,-0.6511691212654114,-1.7991597652435303,1.0006866455078125,1.125723123550415,-1.2159013748168945
0.4551758749999989,0.0034223749999999996,133.0,5.187017030562917,0.7294979655098298,1.9790470176505908,-0.0021056403265599863,-0.00024675150446263044,-0.0008733719441325252,0.06404289008215457,-0.2855146825313568,0.14468130469322205,0.24106940627098083,1.88680100440979,0.5262660384178162,-0.46949243545532227,-1.0848407745361328,-0.6579163670539856,-1.8015724420547485,0.9900016784667969,1.1172953844070435,-1.2163512706756592
0.4551758749999989,0.0034223749999999996,133.0,5.218502892788655,0.7595552929716588,1.9811202732602085,-0.0020143142264712546,-0.00021401517755031737,-0.0008128448753385621,0.06385413596207049,-0.2847305238246918,0.14693322777748108,0.24099060893058777,1.8886427879333496,0.5378226637840271,-0.47603273391723633,-1.0960545539855957,-0.6587429642677307,-1.8074588775634766,0.9893252849578857,1.116403579711914,-1.2173863649368286
0.4551758749999989,0.0034223749999999996,133.0,5.249073264514109,0.7899765276719801,1.9838887140909125,-0.0019387593798488537,-0.00018414777226744816,-0.0007464711882021623,0.0635974426774146,-0.28337177634239197,0.14892859756946564,0.23977568745613098,1.8879821300506592,0.5528281927108765,-0.48093533515930176,-1.0991710424423218,-0.6558929085731506,-1.811107873916626,0.988640308380127,1.1219322681427002,-1.2197366952896118
0.4551758749999989,0.0034223749999999996,133.0,5.2782812359711375,0.819775006592073,1.9857661994991311,-0.0018204762431851065,-0.00015857547233432648,-0.0006766696338066408,0.06347136060176216,-0.28309497237205505,0.15264753997325897,0.24129262566566467,1.8965922594070435,0.5733832716941833,-0.4905397891998291,-1.1058239936828613,-0.6624323725700378,-1.8152192831039429,0.9827113151550293,1.110571265220642,-1.221742033958435
0.4551758749999989,0.0034223749999999996,133.0,5.306305856550226,0.8484889666172835,1.9862998203870943,-0.0017366909452647204,-0.00014212018188782615,-0.0006362948721568147,0.06345251277365771,-0.28278419375419617,0.16022786498069763,0.24654260277748108,1.9186327457427979,0.6068861484527588,-0.5117919445037842,-1.1071090698242188,-0.6799044013023376,-1.8169463872909546,0.9598987102508545,1.071933388710022,-1.2259998321533203
0.4551758749999989,0.0034223749999999996,133.0,5.333397023216417,0.8760497392313618,1.9866760156838146,-0.0016534104813295143,-0.00012497813191899454,-0.0005998251054853103,0.06339493830934484,-0.28205761313438416,0.16020755469799042,0.24401351809501648,1.9111002683639526,0.6043559908866882,-0.5126960277557373,-1.1209995746612549,-0.6719232201576233,-1.828634262084961,0.9725100994110107,1.0880011320114136,-1.2266113758087158
0.4551758749999989,0.0034223749999999996,133.0,5.359576813951456,0.9030398252534386,1.987286396576435,-0.0015742500379880685,-0.00011201714501184506,-0.0005623938771884621,0.06335730250213323,-0.2814379632472992,0.16260889172554016,0.24498507380485535,1.9161059856414795,0.6221126914024353,-0.5221097469329834,-1.1262151002883911,-0.6773287653923035,-1.831089973449707,0.9670910835266113,1.084163784980774,-1.2262027263641357
0.4551758749999989,0.0034223749999999996,133.0,5.384747648873853,0.9292254816148285,1.9877687693998292,-0.001494635018328619,-9.91938385239659e-5,-0.0005282102404051939,0.06331421293044638,-0.2807987630367279,0.1648854911327362,0.24669858813285828,1.9218398332595825,0.6345645189285278,-0.5298407077789307,-1.1369996070861816,-0.6835214495658875,-1.8274023532867432,0.9571290016174316,1.073406457901001,-1.2256581783294678
0.4551758749999989,0.0034223749999999996,133.0,5.409244104639556,0.9543990468422016,1.9881638306604759,-0.0014056760580464821,-8.87567725980386e-5,-0.0004904336326538884,0.063272310119526,-0.27921685576438904,0.16596178710460663,0.24631497263908386,1.9214837551116943,0.6456892490386963,-0.536719799041748,-1.1410746574401855,-0.6824875473976135,-1.8272051811218262,0.950894832611084,1.0787100791931152,-1.2264679670333862
0.4551758749999989,0.0034223749999999996,133.0,5.432884833508983,0.9790638365645293,1.9890464674953432,-0.0013420953884798383,-8.012763448468326e-5,-0.000459626137467787,0.06319292866840055,-0.27911123633384705,0.16936658322811127,0.24838343262672424,1.930765151977539,0.664910078048706,-0.5474245548248291,-1.1431095600128174,-0.6906871199607849,-1.8295313119888306,0.942518949508667,1.0670164823532104,-1.2274630069732666
0.4551758749999989,0.0034223749999999996,133.0,5.455322748561427,1.0029682181020552,1.9899274352885603,-0.0012800675941236855,-7.115029194549864e-5,-0.0004305292035750613,0.06312863612755887,-0.2790661156177521,0.17099060118198395,0.24867668747901917,1.9331914186477661,0.6749939322471619,-0.5522716045379639,-1.1510722637176514,-0.692851722240448,-1.8335210084915161,0.9435019493103027,1.066864013671875,-1.2277350425720215
0.4551758749999989,0.0034223749999999996,133.0,5.476717932656661,1.0259777592307884,1.9904506790294114,-0.0012068015089882987,-6.047307673248655e-5,-0.0004017688673868495,0.06307649174534233,-0.27889302372932434,0.17290499806404114,0.24925300478935242,1.9359081983566284,0.6817680597305298,-0.5574955940246582,-1.1595478057861328,-0.6945675015449524,-1.837294578552246,0.9423177242279053,1.0627098083496094,-1.2286996841430664
0.4551758749999989,0.0034223749999999996,133.0,5.497027529855927,1.048676668733653,1.9915713468652287,-0.001125903874846288,-5.042079646033072e-5,-0.00036758786921088003,0.06299726094652972,-0.2790989577770233,0.17483119666576385,0.24898043274879456,1.9383230209350586,0.6954940557479858,-0.5613183975219727,-1.1629213094711304,-0.695802628993988,-1.8420079946517944,0.9464924335479736,1.0654122829437256,-1.2299470901489258
0.4551758749999989,0.0034223749999999996,133.0,5.51665788448411,1.0702565891285263,1.992444323371894,-0.001034363151297631,-4.114582022077171e-5,-0.0003319750813930002,0.06295176226828723,-0.2791900336742401,0.1774224042892456,0.25085094571113586,1.9440124034881592,0.6985943913459778,-0.5659253597259521,-1.1783043146133423,-0.6993024945259094,-1.8425222635269165,0.9405813217163086,1.0499885082244873,-1.2319849729537964
0.4551758749999989,0.0034223749999999996,133.0,5.535449592354353,1.0902608226726596,1.9926809195110793,-0.000956008816728426,-3.3716140198348184e-5,-0.0003053015360001603,0.0629314394102009,-0.2790239751338959,0.1787816882133484,0.25143906474113464,1.9460856914520264,0.7072633504867554,-0.5713100433349609,-1.1863740682601929,-0.7022716403007507,-1.8454264402389526,0.9392101764678955,1.0491859912872314,-1.2310705184936523
0.4551758749999989,0.0034223749999999996,133.0,5.553355068746524,1.1099444679218358,1.9934016144283626,-0.0008818084293487553,-2.7449424739558795e-5,-0.00027829626452557373,0.06287072976029354,-0.2792781889438629,0.1810719072818756,0.2528805434703827,1.9519082307815552,0.7185636758804321,-0.577336311340332,-1.191430687904358,-0.7076372504234314,-1.847854495048523,0.9354331493377686,1.0410902500152588,-1.2314469814300537
0.4551758749999989,0.0034223749999999996,133.0,5.57067273808302,1.1284726779045506,1.99379188764873,-0.0008164730216771688,-2.2608873158523604e-5,-0.00025518151569245347,0.06283980134555234,-0.27879956364631653,0.18251603841781616,0.2528785765171051,1.9532299041748047,0.7281269431114197,-0.581805944442749,-1.196062445640564,-0.7082847952842712,-1.8491250276565552,0.933687686920166,1.042304515838623,-1.2321823835372925
0.4551758749999989,0.0034223749999999996,133.0,5.587232708977518,1.1458667133833802,1.9942314147328444,-0.0007487189760737634,-1.8165702959171477e-5,-0.00023224562229212642,0.06280783252463819,-0.2786499559879303,0.1819601058959961,0.25181105732917786,1.948962688446045,0.7270103693008423,-0.5823564529418945,-1.2070039510726929,-0.7042080760002136,-1.8577016592025757,0.9415266513824463,1.054462194442749,-1.2320945262908936
0.4551758749999989,0.0034223749999999996,133.0,5.602862450624283,1.1628403215647949,1.994859625526994,-0.0006790723149955669,-1.4765858946674087e-5,-0.00020806172113074905,0.06276875831266363,-0.27858301997184753,0.18372192978858948,0.25342175364494324,1.9545124769210815,0.7384405136108398,-0.5890498161315918,-1.209277868270874,-0.7106714844703674,-1.8583892583847046,0.9343581199645996,1.0467586517333984,-1.2310981750488281
0.4551758749999989,0.0034223749999999996,133.0,5.617913964763745,1.178398163374853,1.9951381204864522,-0.0006103445817430222,-1.1689744466977083e-5,-0.00018530503510056918,0.06275792798198566,-0.27755555510520935,0.18541674315929413,0.25538501143455505,1.9586942195892334,0.7456108331680298,-0.5968196392059326,-1.2146568298339844,-0.71653813123703,-1.8528345823287964,0.9194495677947998,1.0333900451660156,-1.229290246963501
0.4551758749999989,0.0034223749999999996,133.0,5.632438508945969,1.192938340871573,1.995135909648834,-0.0005484916105224277,-9.584847725317193e-6,-0.0001653293169056089,0.06276667898100934,-0.2755376994609833,0.18503177165985107,0.25492170453071594,1.9541243314743042,0.7485751509666443,-0.6017448902130127,-1.21889328956604,-0.7151599526405334,-1.8485515117645264,0.910405158996582,1.037200927734375,-1.2261595726013184
0.4551758749999989,0.0034223749999999996,133.0,5.646578618246612,1.2060878429410513,1.9947487950010525,-0.000493848107614242,-8.479055502945155e-6,-0.00014839057246854274,0.06279356094685809,-0.2733210027217865,0.18397769331932068,0.25426843762397766,1.947158932685852,0.7512617707252502,-0.6078810691833496,-1.2242728471755981,-0.7133774161338806,-1.8461648225784302,0.9026319980621338,1.046137809753418,-1.221052646636963
0.4551758749999989,0.0034223749999999996,133.0,5.659463443666923,1.2190442105932837,1.995073314671323,-0.0004453362315445446,-7.060696834101251e-6,-0.00013254648838464987,0.06276121095686031,-0.27153584361076355,0.18341782689094543,0.2539089024066925,1.9426209926605225,0.7573090195655823,-0.6135909557342529,-1.2262521982192993,-0.7133176922798157,-1.844731092453003,0.8948726654052734,1.0519886016845703,-1.216627597808838
0.4551758749999989,0.0034223749999999996,133.0,5.671088563837663,1.2319903681512778,1.9963040907064515,-0.00039978623506907706,-6.060621009451205e-6,-0.00011675409820699453,0.06266395912985163,-0.27125582098960876,0.1850622147321701,0.2550635039806366,1.9467798471450806,0.7731941342353821,-0.6205887794494629,-1.221580982208252,-0.7196415066719055,-1.8453319072723389,0.8875834941864014,1.0463260412216187,-1.2144153118133545
0.4551758749999989,0.0034223749999999996,133.0,5.681562369163003,1.2449703726787165,1.9983017754678933,-0.0003529109514573437,-5.567181342452118e-6,-9.978457043693504e-5,0.06252579023399914,-0.2720383107662201,0.1884234994649887,0.25598523020744324,1.9547626972198486,0.7966117858886719,-0.6274669170379639,-1.2093080282211304,-0.7270402312278748,-1.851406216621399,0.8865692615509033,1.0383505821228027,-1.214962363243103
0.4551758749999989,0.0034223749999999996,133.0,5.691185365981608,1.257336888248919,2.0005274374064435,-0.000306943098341813,-5.171552676923071e-6,-8.351691210186419e-5,0.062377564553530614,-0.27318230271339417,0.192263662815094,0.2584221065044403,1.966750979423523,0.8163206577301025,-0.6335160732269287,-1.1989638805389404,-0.7379932999610901,-1.8519999980926514,0.8788347244262695,1.017374038696289,-1.2158195972442627
0.4551758749999989,0.0034223749999999996,133.0,5.699973034134591,1.268400502758877,2.002253775610589,-0.0002642932514007405,-4.711656647369941e-6,-6.971769991286567e-5,0.06226985931278099,-0.27432718873023987,0.19680580496788025,0.2613779604434967,1.9803192615509033,0.8365086317062378,-0.6412360668182373,-1.1866530179977417,-0.7505902647972107,-1.851238489151001,0.867511510848999,0.9912701845169067,-1.2165716886520386
0.4551758749999989,0.0034223749999999996,133.0,5.708011020222839,1.2786746938782017,2.0038423778968,-0.00021932781315151624,-4.254990479017043e-6,-5.607222254239378e-5,0.06215986099106055,-0.2750991880893707,0.1997980773448944,0.26265600323677063,1.9883619546890259,0.8541742563247681,-0.6458756923675537,-1.1759295463562012,-0.758627712726593,-1.851790189743042,0.8623130321502686,0.9779956340789795,-1.2164862155914307
0.4551758749999989,0.0034223749999999996,133.0,5.715144952071126,1.2879032036262075,2.0051565129951667,-0.0001769005915898316,-3.630759792643933e-6,-4.403641560260858e-5,0.06207418319486954,-0.27588000893592834,0.20333236455917358,0.2645760476589203,1.9973933696746826,0.8679205775260925,-0.651435136795044,-1.1667245626449585,-0.766719400882721,-1.8517569303512573,0.8542652130126953,0.9579980373382568,-1.2172698974609375
0.4551758749999989,0.0034223749999999996,133.0,5.721631003603745,1.2961838218532802,2.0063701408614967,-0.00013357303290387882,-2.9450364196493383e-6,-3.231799410921701e-5,0.061999778356505116,-0.2764523923397064,0.2066674828529358,0.26627156138420105,2.005121946334839,0.8786277770996094,-0.6559898853302002,-1.158785343170166,-0.7735373377799988,-1.8499449491500854,0.8458354473114014,0.9370682239532471,-1.2180215120315552
0.4551758749999989,0.0034223749999999996,133.0,5.727134715764666,1.3034757922585234,2.007267775000446,-9.280132410073367e-5,-2.162654961817224e-6,-2.2000592282259722e-5,0.061932289554585074,-0.2770175039768219,0.2090112566947937,0.26618722081184387,2.008939266204834,0.8923561573028564,-0.6594364643096924,-1.1482422351837158,-0.7771787047386169,-1.8544820547103882,0.8467354774475098,0.9325098395347595,-1.2181915044784546
0.4551758749999989,0.0034223749999999996,133.0,5.731998080328202,1.3098005889256912,2.0080527922778737,-5.211031894134393e-5,-1.2879983884344562e-6,-1.2085628301838261e-5,0.06187803062826868,-0.27690526843070984,0.21156571805477142,0.26770612597465515,2.01369047164917,0.8958333134651184,-0.662684440612793,-1.1455146074295044,-0.7812026143074036,-1.8482872247695923,0.8355271816253662,0.910688579082489,-1.2187591791152954
0.4551758749999989,0.0034223749999999996,133.0,5.7692956228912795,-1.165404044115981,1.8380713699057114,-0.01535917848227792,0.0017212241868318377,-0.006527324641872016,0.06588361546128862,-0.1389097273349762,0.25152724981307983,0.01654297113418579,1.3606163263320923,0.8885300755500793,-1.4166176319122314,-0.9650918245315552,-0.26601070165634155,-1.4726049900054932,0.7988626956939697,1.7362161874771118,-1.0941334962844849
0.4551758749999989,0.0034223749999999996,133.0,5.764634651629076,-1.1602155852144957,1.8374204571260955,-0.008254835625854166,0.000874348316369735,-0.0036027089675925604,0.06587644214723314,-0.13915055990219116,0.2522118091583252,0.01467275619506836,1.359731674194336,0.9118191003799438,-1.4109575748443604,-0.9299628734588623,-0.2639942169189453,-1.4644782543182373,0.8202176094055176,1.7226340770721436,-1.0951337814331055
0.4551758749999989,0.0034223749999999996,133.0,5.758835369134713,-1.1549596549246266,1.836170812679166,-0.006782201720191746,0.0006468903538690349,-0.002984157760552914,0.06584779393139477,-0.13907337188720703,0.25139209628105164,0.011030226945877075,1.3566608428955078,0.9205999374389648,-1.39744234085083,-0.8997096419334412,-0.2600861191749573,-1.4626070261001587,0.8266031742095947,1.723656415939331,-1.0961604118347168
0.4551758749999989,0.0034223749999999996,133.0,5.751976576990219,-1.1489204452532524,1.8348027350196328,-0.006140471066112374,0.0005107131509622624,-0.002719298462660557,0.06580883115796034,-0.13996905088424683,0.25078055262565613,0.0069911181926727295,1.3564471006393433,0.9260073900222778,-1.3812401294708252,-0.8651758432388306,-0.2579993009567261,-1.4606891870498657,0.8339462280273438,1.7190717458724976,-1.0981812477111816
0.4551758749999989,0.0034223749999999996,133.0,5.7442170651702495,-1.1421497975682475,1.8333194167863212,-0.005763491447993245,0.000396711284912818,-0.002568682998959907,0.06576561604058247,-0.14241528511047363,0.2507469952106476,0.002789109945297241,1.3620212078094482,0.9278461337089539,-1.3607244491577148,-0.8186973929405212,-0.25985121726989746,-1.4584118127822876,0.8438417911529541,1.7005560398101807,-1.101950764656067
0.4551758749999989,0.0034223749999999996,133.0,5.735493371385162,-1.136821399643156,1.8292693556530257,-0.005502074781521256,0.00026451253556720517,-0.0024717575697903644,0.06582053753146695,-0.14168328046798706,0.24971243739128113,-0.00044983625411987305,1.3572375774383545,0.9172753691673279,-1.3515329360961914,-0.7858524322509766,-0.254472553730011,-1.441906452178955,0.8464555740356445,1.6856688261032104,-1.1025850772857666
0.4551758749999989,0.0034223749999999996,133.0,5.726100296184799,-1.1289265935215995,1.8271254479927441,-0.005292115601011083,0.00015331093232030782,-0.0023963668408496256,0.06577329338001074,-0.14264199137687683,0.24829325079917908,-0.006457090377807617,1.3553656339645386,0.9196196794509888,-1.328294277191162,-0.7360357642173767,-0.250728964805603,-1.4358699321746826,0.854069709777832,1.6780834197998047,-1.1047115325927734
0.4551758749999989,0.0034223749999999996,133.0,5.71597592826231,-1.120048048150767,1.8252853303912222,-0.005130105698254343,5.5313785342506356e-5,-0.002338755449202645,0.06573487774838309,-0.1440349519252777,0.24782824516296387,-0.010965049266815186,1.3572404384613037,0.910952627658844,-1.3105981349945068,-0.6893633008003235,-0.2482718825340271,-1.4225165843963623,0.8632049560546875,1.6522364616394043,-1.1090184450149536
0.4551758749999989,0.0034223749999999996,133.0,5.704826884233485,-1.1102756382207932,1.823351777769764,-0.00498635907167015,-4.17402247292082e-5,-0.0022872736974502888,0.06568397787639292,-0.14601203799247742,0.24724066257476807,-0.01644045114517212,1.3598328828811646,0.9097148180007935,-1.2873427867889404,-0.636473536491394,-0.24727463722229004,-1.411522388458252,0.872650146484375,1.629036545753479,-1.1126682758331299
0.4551758749999989,0.0034223749999999996,133.0,5.692993422880323,-1.0998196978615864,1.821391669394225,-0.00483996214218716,-0.00014022711190699489,-0.0022331615119334336,0.06563443463702674,-0.1473011076450348,0.2456793636083603,-0.02317345142364502,1.3588128089904785,0.903975248336792,-1.2614009380340576,-0.5756111145019531,-0.2425110936164856,-1.3976337909698486,0.8821601867675781,1.6066169738769531,-1.1165828704833984
0.4551758749999989,0.0034223749999999996,133.0,5.680389508747033,-1.0880760735703394,1.8198020472627778,-0.0046999733124233455,-0.00021744844305494405,-0.002175678436448245,0.06558854441543853,-0.14883586764335632,0.2450622022151947,-0.028473496437072754,1.3598976135253906,0.8994981050491333,-1.2410173416137695,-0.5264931917190552,-0.23989826440811157,-1.381364345550537,0.8916008472442627,1.5799371004104614,-1.1202746629714966
0.4551758749999989,0.0034223749999999996,133.0,5.6675295368182965,-1.075632657729161,1.8185034727853484,-0.004561356184165734,-0.0002704264861012029,-0.002114055605518931,0.06556394775715532,-0.14915692806243896,0.2443128377199173,-0.03271448612213135,1.358180046081543,0.894548237323761,-1.226501703262329,-0.4908161163330078,-0.23483151197433472,-1.3649202585220337,0.8975915908813477,1.5610651969909668,-1.1236207485198975
0.4551758749999989,0.0034223749999999996,133.0,5.654394459171581,-1.0621130885859484,1.8179095640405054,-0.004428905210914378,-0.00029216593361738115,-0.0020515955475530682,0.06557792295750896,-0.147263765335083,0.24332952499389648,-0.035740017890930176,1.3514087200164795,0.8878576755523682,-1.2214293479919434,-0.47554245591163635,-0.22518086433410645,-1.3469018936157227,0.8990340232849121,1.5517982244491577,-1.126503348350525
0.4551758749999989,0.0034223749999999996,133.0,5.640560839818272,-1.0480517834034673,1.8172123038387746,-0.004272323084924565,-0.00031622167113870634,-0.001978452929103873,0.06559638211782447,-0.1469152271747589,0.24239297211170197,-0.04006364941596985,1.3480077981948853,0.8880366683006287,-1.207826852798462,-0.445351779460907,-0.21941310167312622,-1.3321034908294678,0.9027981758117676,1.5387922525405884,-1.1289516687393188
0.4551758749999989,0.0034223749999999996,133.0,5.625616551230672,-1.0331427322077944,1.8163000070404305,-0.004083561701707473,-0.0003445820681390269,-0.0018922867001237834,0.06560626262493126,-0.14382675290107727,0.24156270921230316,-0.04210019111633301,1.339345932006836,0.8775672912597656,-1.208158016204834,-0.4398637115955353,-0.20896536111831665,-1.3133078813552856,0.8991730213165283,1.5285650491714478,-1.1307556629180908
0.4551758749999989,0.0034223749999999996,133.0,5.609946224587086,-1.0171294927265386,1.8160499187332924,-0.003890735961493806,-0.0003482035853473406,-0.0017999131550277894,0.06562996855834076,-0.1425533890724182,0.2413332462310791,-0.04438945651054382,1.3362804651260376,0.8708944916725159,-1.2025973796844482,-0.4256148040294647,-0.20285987854003906,-1.3003792762756348,0.8978474140167236,1.512930989265442,-1.1338145732879639
0.4551758749999989,0.0034223749999999996,133.0,5.593201554741803,-1.0000043464580315,1.815529743911665,-0.0036840051942274264,-0.00035380563992635497,-0.0016987808403378585,0.06563867336491387,-0.14046388864517212,0.24019287526607513,-0.04817962646484375,1.3295421600341797,0.8607515096664429,-1.1936073303222656,-0.4012428820133209,-0.19385236501693726,-1.2832900285720825,0.8952193260192871,1.4953114986419678,-1.1362322568893433
0.4551758749999989,0.0034223749999999996,133.0,5.576382305495889,-0.9826093595411491,1.8155561242348202,-0.0034898517792966224,-0.0003482234489196159,-0.0016069008485760873,0.06569583882614112,-0.13716691732406616,0.24047978222370148,-0.04844099283218384,1.323359727859497,0.8453993797302246,-1.1996774673461914,-0.4078564941883087,-0.184986412525177,-1.2674145698547363,0.8876297473907471,1.4792256355285645,-1.1388643980026245
0.4551758749999989,0.0034223749999999996,133.0,5.558189673495739,-0.9642565903690503,1.8149274642559121,-0.003282826997238674,-0.00035956464338771777,-0.0015092918538879463,0.06571209456711924,-0.1381002962589264,0.2413472682237625,-0.050953209400177,1.3254175186157227,0.841469943523407,-1.1921772956848145,-0.3881237506866455,-0.18536996841430664,-1.2539799213409424,0.8903717994689941,1.4516061544418335,-1.140442967414856
0.4551758749999989,0.0034223749999999996,133.0,5.538802287709614,-0.9448471051822831,1.814384362856442,-0.0030951909021237956,-0.00036905369773522484,-0.0014194889505967235,0.0657185899285264,-0.13712245225906372,0.2412693202495575,-0.05407285690307617,1.322810411453247,0.82821124792099,-1.1837668418884277,-0.36281538009643555,-0.17952042818069458,-1.2343965768814087,0.8892638683319092,1.4211735725402832,-1.1436644792556763
0.4551758749999989,0.0034223749999999996,133.0,5.519319518455195,-0.924367209965339,1.8143371681641607,-0.002864912930833711,-0.00035079793037626683,-0.0013069528458391616,0.06575632733968945,-0.1336183249950409,0.2402789294719696,-0.057233959436416626,1.313775658607483,0.8216482996940613,-1.177485704421997,-0.3478424549102783,-0.1693040132522583,-1.2164461612701416,0.8802216053009033,1.4076976776123047,-1.1450552940368652
0.4551758749999989,0.0034223749999999996,133.0,5.498051089088611,-0.9043610085936525,1.8131053228163536,-0.002629955997770857,-0.00037354884202136005,-0.0012021126315215015,0.06574388848826211,-0.13230028748512268,0.23926027119159698,-0.06194108724594116,1.3088783025741577,0.8143357038497925,-1.1624155044555664,-0.3112260401248932,-0.1622852087020874,-1.196486234664917,0.8779208660125732,1.3804962635040283,-1.1473256349563599
0.4551758749999989,0.0034223749999999996,133.0,5.47650816852226,-0.8827229047923165,1.812546517085382,-0.0024052889042101063,-0.0003666996526877256,-0.0010967214779745943,0.06576473511947582,-0.13053885102272034,0.2385118156671524,-0.06610226631164551,1.3027629852294922,0.7996277213096619,-1.152820110321045,-0.2808535695075989,-0.15362435579299927,-1.1715021133422852,0.8761100769042969,1.3483965396881104,-1.1499114036560059
0.4551758749999989,0.0034223749999999996,133.0,5.454051402630524,-0.8598734432290411,1.8120731127089855,-0.0022033461146237503,-0.00035510141882046017,-0.0009993256275335645,0.06578223333433184,-0.12750202417373657,0.23793479800224304,-0.06917530298233032,1.2945702075958252,0.7842470407485962,-1.1482293605804443,-0.26287370920181274,-0.1436259150505066,-1.146837830543518,0.8695728778839111,1.3215851783752441,-1.1517702341079712
0.4551758749999989,0.0034223749999999996,133.0,5.430450881538285,-0.8366560584804046,1.8112553253939867,-0.002016323769221562,-0.0003537557264303733,-0.0009119133890761633,0.06578485391671678,-0.12948077917099,0.23823687434196472,-0.07360735535621643,1.2967196702957153,0.7783069014549255,-1.1352849006652832,-0.22679424285888672,-0.14400702714920044,-1.1263657808303833,0.8758795261383057,1.2824974060058594,-1.1534273624420166
0.4551758749999989,0.0034223749999999996,133.0,5.407193704117243,-0.8125142654503742,1.8113272798152686,-0.0017911858506848876,-0.0003223775482414682,-0.0008070146920863512,0.065851796727141,-0.12671500444412231,0.23840320110321045,-0.07545298337936401,1.2903461456298828,0.7628424167633057,-1.1347053050994873,-0.21997763216495514,-0.13538295030593872,-1.1050654649734497,0.8688912391662598,1.2569812536239624,-1.1556477546691895
0.4551758749999989,0.0034223749999999996,133.0,5.382361677539279,-0.7870369753510209,1.811594265231199,-0.0015869890363247297,-0.0002935528738136498,-0.0007113762135700587,0.0659000955729708,-0.12611109018325806,0.2411235272884369,-0.07439213991165161,1.2919973134994507,0.7549120783805847,-1.1419892311096191,-0.2384423315525055,-0.1353851556777954,-1.0929752588272095,0.8634812831878662,1.234126091003418,-1.1569935083389282
0.4551758749999989,0.0034223749999999996,133.0,5.3561517120008135,-0.7616207965452795,1.8109499062245125,-0.001385192839023699,-0.0002769775435032213,-0.0006198752580784968,0.06590908021186981,-0.1259152889251709,0.2396567463874817,-0.0807587206363678,1.2876118421554565,0.7498598098754883,-1.1215629577636719,-0.18794849514961243,-0.1297873854637146,-1.069193720817566,0.8643529415130615,1.1985410451889038,-1.15836763381958
0.4551758749999989,0.0034223749999999996,133.0,5.329189518099361,-0.7350792536665259,1.8105825399480022,-0.001209386802570211,-0.00025657743331755807,-0.000539559855717194,0.0659315303914718,-0.12478873133659363,0.23907382786273956,-0.08507576584815979,1.2822564840316772,0.7364724278450012,-1.1113553047180176,-0.1575012356042862,-0.12275165319442749,-1.0435259342193604,0.8625288009643555,1.1632651090621948,-1.16005277633667
0.4551758749999989,0.0034223749999999996,133.0,5.301586819630633,-0.7078860340500193,1.8104198920739445,-0.001066892911533376,-0.0002380965312463086,-0.00047500729374160103,0.06597213486989943,-0.12395507097244263,0.23867785930633545,-0.08925563097000122,1.2775626182556152,0.7230888605117798,-1.1015737056732178,-0.12812386453151703,-0.11632513999938965,-1.0175942182540894,0.8610827922821045,1.1269786357879639,-1.1617494821548462
0.4551758749999989,0.0034223749999999996,133.0,5.272383354533876,-0.679922581987496,1.810009862373718,-0.0008807794911535208,-0.0002027812038046314,-0.00038929635057918793,0.06598649330146367,-0.12427127361297607,0.2374473661184311,-0.09550189971923828,1.2743899822235107,0.7213755249977112,-1.0801470279693604,-0.07544872164726257,-0.11304628849029541,-0.9917510151863098,0.8607480525970459,1.0868943929672241,-1.1619627475738525
0.4551758749999989,0.0034223749999999996,133.0,5.242447540253623,-0.6507283573400006,1.8102416260539236,-0.0007359230051786674,-0.00017369685114258476,-0.00032442121802687566,0.06601408948452613,-0.12347820401191711,0.2380918562412262,-0.09804743528366089,1.2715600728988647,0.7092178463935852,-1.0744168758392334,-0.060635652393102646,-0.10851466655731201,-0.9712665677070618,0.8566288948059082,1.054063081741333,-1.1635558605194092
0.4551758749999989,0.0034223749999999996,133.0,5.211826670723036,-0.6210561439926245,1.8102216494694554,-0.0005522650713553452,-0.00013479839917764669,-0.0002434080850035379,0.06604362915003206,-0.12263849377632141,0.2375200092792511,-0.10231226682662964,1.2661035060882568,0.6962876319885254,-1.0644428730010986,-0.03072514757514,-0.10235321521759033,-0.9452698230743408,0.8541374206542969,1.0167269706726074,-1.1642365455627441
0.4551758749999989,0.0034223749999999996,133.0,5.180892643589176,-0.5902451998577947,1.8107814047713,-0.00035042924026788884,-8.548511645274629e-5,-0.0001543124746827056,0.06610069915025205,-0.121419757604599,0.23810254037380219,-0.10463425517082214,1.2621212005615234,0.682457685470581,-1.0596444606781006,-0.01740965247154236,-0.09702247381210327,-0.9240802526473999,0.8482074737548828,0.9831238985061646,-1.165481448173523
0.4551758749999989,0.0034223749999999996,133.0,5.14904311861142,-0.5589251280086289,1.8112647713802779,-0.00016799262906508998,-4.155450213908769e-5,-7.402992169625489e-5,0.06614875819927177,-0.11819186806678772,0.2382775992155075,-0.10674506425857544,1.2538933753967285,0.6672181487083435,-1.0582046508789062,-0.010580552741885185,-0.08821135759353638,-0.9011876583099365,0.8369534015655518,0.9565464854240417,-1.1660593748092651
0.4551758749999989,0.0034223749999999996,133.0,5.116038489276325,-0.5269602439853057,1.8115215874633424,9.369951972120184e-6,2.397264650907844e-6,4.1306496489929306e-6,0.06617296163077423,-0.11731180548667908,0.23777924478054047,-0.11110004782676697,1.2481555938720703,0.6536265015602112,-1.0471043586730957,0.02253900095820427,-0.0821637511253357,-0.873345136642456,0.832603931427002,0.913659930229187,-1.1663341522216797
0.4551758749999989,0.0034223749999999996,133.0,5.08192818630649,-0.49418751401673383,1.8109203676347536,0.00018673116700708328,5.012614542447196e-5,8.220960412448268e-5,0.06615613562253977,-0.12093472480773926,0.23557153344154358,-0.11949574947357178,1.245635986328125,0.6518028378486633,-1.0233268737792969,0.09731505811214447,-0.08249533176422119,-0.8346924781799316,0.8416788578033447,0.8502810001373291,-1.1633620262145996
0.4551758749999989,0.0034223749999999996,133.0,5.047253733956994,-0.46035272352275375,1.8108740677931756,0.0003801826977603136,0.00010523456440979167,0.0001669346514485845,0.06616333163974315,-0.12000277638435364,0.2342904657125473,-0.1246713399887085,1.2372877597808838,0.6362298727035522,-1.009974718093872,0.14132432639598846,-0.07528501749038696,-0.7983019351959229,0.8370006084442139,0.7995508313179016,-1.1621618270874023
0.4551758749999989,0.0034223749999999996,133.0,5.011624095984929,-0.42527729984896134,1.8110930953923086,0.0005242638506147458,0.0001475787408271906,0.00022970563461959307,0.06618058981706802,-0.12260693311691284,0.23591071367263794,-0.127338707447052,1.237550973892212,0.6177906394004822,-1.0015387535095215,0.1651693880558014,-0.07387852668762207,-0.7671440243721008,0.8389787673950195,0.7415239810943604,-1.163288950920105
0.4551758749999989,0.0034223749999999996,133.0,4.974997911184215,-0.3896370640337875,1.8110215375265104,0.0006885018724130474,0.00019991244071778616,0.00030069007538038926,0.06617900778170749,-0.12252983450889587,0.23421981930732727,-0.1330980658531189,1.2288274765014648,0.6019061207771301,-0.9850075244903564,0.21684181690216064,-0.06708753108978271,-0.7289682030677795,0.8354003429412842,0.6852706074714661,-1.1612777709960938
0.4551758749999989,0.0034223749999999996,133.0,4.93759474502316,-0.3529970274650623,1.81117267544906,0.000862414529937379,0.0002556259058462403,0.0003756464801796038,0.06618687464527355,-0.12221568822860718,0.23293627798557281,-0.13806414604187012,1.2197370529174805,0.5818555951118469,-0.9706127643585205,0.26145222783088684,-0.05959939956665039,-0.6909216642379761,0.8306095600128174,0.6289772987365723,-1.1595332622528076
0.4551758749999989,0.0034223749999999996,133.0,4.899441286052961,-0.3154010305346071,1.8117029805905727,0.001056571345420806,0.00031625685145915254,0.0004599347187432813,0.06620629369313431,-0.12192165851593018,0.23436239361763,-0.13945436477661133,1.215613842010498,0.560947835445404,-0.9616172313690186,0.2768142819404602,-0.05543243885040283,-0.664218008518219,0.8211896419525146,0.57926344871521,-1.1592535972595215
0.4551758749999989,0.0034223749999999996,133.0,4.860466409375433,-0.27708805484694077,1.8120871857878846,0.0012312628806809625,0.00037362553281218585,0.0005364914938508867,0.06622450355875846,-0.12097099423408508,0.23426149785518646,-0.14251554012298584,1.2073256969451904,0.5409308075904846,-0.9501688480377197,0.30673500895500183,-0.04938167333602905,-0.6305237412452698,0.8104445934295654,0.5266827940940857,-1.1568268537521362
0.4551758749999989,0.0034223749999999996,133.0,4.820832346063182,-0.23885570330559594,1.8127248009034815,0.0013683547301698463,0.00042890852220719934,0.000600431767240142,0.06625897898510526,-0.11639648675918579,0.23012949526309967,-0.14952188730239868,1.1857789754867554,0.5235604047775269,-0.9391627311706543,0.36110302805900574,-0.03467154502868652,-0.5805817246437073,0.7937154769897461,0.47840437293052673,-1.1501506567001343
0.4551758749999989,0.0034223749999999996,133.0,4.780080075392662,-0.19990804322162775,1.8132986589646887,0.0015019031659479678,0.00048816748454681567,0.0006650141112824142,0.06628199308302558,-0.11630922555923462,0.22713975608348846,-0.15651783347129822,1.1698907613754272,0.5045995116233826,-0.9163169860839844,0.4358222186565399,-0.027177155017852783,-0.5238969326019287,0.785163402557373,0.4022994935512543,-1.1416079998016357
0.4551758749999989,0.0034223749999999996,133.0,4.738419001403892,-0.1603372282425161,1.8134677498964031,0.0017225091736800338,0.0005872832191266565,0.0007727294454847282,0.06628857594321011,-0.11629706621170044,0.22347494959831238,-0.16391205787658691,1.1511828899383545,0.4851086437702179,-0.891594648361206,0.5192950367927551,-0.020176589488983154,-0.460540771484375,0.7752912044525146,0.32195496559143066,-1.1297515630722046
0.4551758749999989,0.0034223749999999996,133.0,4.696348173261472,-0.11807620705939932,1.8164577186248805,0.001871473088345114,0.0006455969998229551,0.0008562180990767855,0.0662497441799258,-0.11048480868339539,0.21708346903324127,-0.17061883211135864,1.1292150020599365,0.4885043799877167,-0.87550950050354,0.5958728790283203,-0.013540267944335938,-0.41498059034347534,0.749830961227417,0.2773975133895874,-1.1150387525558472
0.4551758749999989,0.0034223749999999996,133.0,4.651612250602341,-0.07641799428051725,1.8174113075278873,0.001980345723216529,0.00071005014777539,0.0009279094672536613,0.06621505050981931,-0.10907250642776489,0.20944781601428986,-0.18021312355995178,1.104923963546753,0.48705005645751953,-0.8647434711456299,0.6803954839706421,-0.009035289287567139,-0.362566202878952,0.7409961223602295,0.23317670822143555,-1.095588207244873
0.4551758749999989,0.0034223749999999996,133.0,4.604629902079767,-0.026783460934981015,1.8189957391988745,0.0020093921601254563,0.000512659386857657,0.001051083677895371,0.0663149465850542,-0.11406967043876648,0.23363268375396729,-0.14556172490119934,1.1872661113739014,0.45563679933547974,-0.926182746887207,0.2967004179954529,-0.0326349139213562,-0.7202674746513367,0.8084521293640137,0.42811232805252075,-1.153600811958313
0.4551758749999989,0.0034223749999999996,133.0,4.549276321929868,0.029433922048452743,1.8270148277799185,0.0018026966486568044,-0.00019371838402239153,0.0011617438829626548,0.06611541270798495,-0.15158379077911377,0.2662724256515503,-0.0466160774230957,1.3446398973464966,0.5736485123634338,-0.9734013080596924,-0.3851853609085083,-0.12474703788757324,-1.4413130283355713,1.0391087532043457,0.751066267490387,-1.2150871753692627
0.4551758749999989,0.0034223749999999996,133.0,4.4649277793661355,0.03849414644501964,1.83800798202122,-1.4903902791377252e-6,7.970311056928812e-8,-1.0132351820693045e-6,0.06438506631337948,-0.2817849814891815,0.11963364481925964,0.0754576027393341,1.6182078123092651,0.6004517674446106,-0.2386341094970703,-0.45466750860214233,-0.48741602897644043,-1.771101474761963,1.4174745082855225,1.019776701927185,-1.1223437786102295
0.4551758749999989,0.0034223749999999996,133.0,4.48106600739456,0.06899724954473935,1.867919987412689,-0.002004380656197936,0.00043400960135013956,-0.001286775792743504,0.06240457566052871,-0.30315694212913513,0.10846035182476044,0.12488576769828796,1.6589258909225464,0.44199052453041077,-0.21068382263183594,-0.6559643745422363,-0.5189321637153625,-1.8213187456130981,1.434274435043335,1.1043446063995361,-1.1301871538162231
0.4551758749999989,0.0034223749999999996,133.0,4.499398854612449,0.11298049125881096,1.899205282088054,-0.0023810748010587588,0.0008496298169128027,-0.0011913523441768963,0.06053188643907379,-0.32799431681632996,0.09679534286260605,0.17429491877555847,1.6777641773223877,0.18435059487819672,-0.15222883224487305,-0.8658400774002075,-0.5045357346534729,-1.746938943862915,1.4080688953399658,1.2201642990112305,-1.1619985103607178
0.4551758749999989,0.0034223749999999996,133.0,4.540126656717558,0.156755870565432,1.91129221713223,-0.0024143047817054954,0.0008567783602430817,-0.0010889068742645528,0.06023279766684919,-0.3265283405780792,0.09220650047063828,0.18985942006111145,1.6704964637756348,0.11215993016958237,-0.16154909133911133,-0.8986010551452637,-0.4846488833427429,-1.6879956722259521,1.3490023612976074,1.2617394924163818,-1.1743985414505005
0.4551758749999989,0.0034223749999999996,133.0,4.585131553026755,0.20130288581300354,1.9188161683522795,-0.0022884670379214934,0.0008132567271828913,-0.0009815541457408,0.06018166965019863,-0.32454755902290344,0.10025361180305481,0.19994965195655823,1.7099360227584839,0.1364649385213852,-0.19771170616149902,-0.9238306283950806,-0.5050459504127502,-1.7032091617584229,1.3075597286224365,1.2218323945999146,-1.1929301023483276
0.4551758749999989,0.0034223749999999996,133.0,4.630031680823209,0.24330991615015393,1.9227113112306078,-0.002107816841225987,0.0007486133329451246,-0.0008724613542355758,0.06024551840066176,-0.3198806345462799,0.10344017297029495,0.2048291265964508,1.7288224697113037,0.16871106624603271,-0.2285904884338379,-0.93487149477005,-0.5178202986717224,-1.7160848379135132,1.2677297592163086,1.213120698928833,-1.1989129781723022
0.4551758749999989,0.0034223749999999996,133.0,4.674294273526763,0.28409827371402474,1.9257607233506517,-0.0018288028866536245,0.0006508137943522319,-0.0007406146790180278,0.06035807724662496,-0.3158557116985321,0.10556910932064056,0.20694699883460999,1.7392244338989258,0.1978205442428589,-0.2535886764526367,-0.94169682264328,-0.5262776017189026,-1.7335491180419922,1.2426459789276123,1.2160823345184326,-1.2008732557296753
0.4551758749999989,0.0034223749999999996,133.0,4.717311876575404,0.32445326759093895,1.9279488123711168,-0.001675057932052892,0.0005990838932962493,-0.0006687082329741256,0.06044767200157466,-0.3133217990398407,0.10719272494316101,0.20595768094062805,1.7398681640625,0.208037331700325,-0.26787710189819336,-0.9453226923942566,-0.5228028893470764,-1.7575792074203491,1.2396702766418457,1.2296818494796753,-1.2051540613174438
0.4551758749999989,0.0034223749999999996,133.0,4.759944542724416,0.3648904550197267,1.9309547432227605,-0.0014478829427902306,0.0005190436970855464,-0.0005626241420783052,0.06046854336644262,-0.31039097905158997,0.11439277976751328,0.2127414047718048,1.7686536312103271,0.2545582056045532,-0.29550719261169434,-0.9607611894607544,-0.5426960587501526,-1.764387845993042,1.2014954090118408,1.1900404691696167,-1.2137311697006226
0.4551758749999989,0.0034223749999999996,133.0,4.800896146185693,0.40396784447783435,1.932889177996576,-0.0012516485077768735,0.00045278083211067573,-0.00048129021089428597,0.06052388257353928,-0.3083162009716034,0.1160917729139328,0.21216920018196106,1.7705543041229248,0.2724318206310272,-0.3099536895751953,-0.9673528075218201,-0.5435522198677063,-1.7838239669799805,1.1989741325378418,1.20114004611969,-1.2149128913879395
0.4551758749999989,0.0034223749999999996,133.0,4.8420388321277485,0.44219284156549865,1.935261665316796,-0.0010195366294257317,0.0003717767581176836,-0.00038327688056448504,0.06059121096591912,-0.3053034842014313,0.12119534611701965,0.21764227747917175,1.7913033962249756,0.30914390087127686,-0.3342599868774414,-0.9885329604148865,-0.5615672469139099,-1.7834968566894531,1.163961410522461,1.1735059022903442,-1.2173937559127808
0.4551758749999989,0.0034223749999999996,133.0,4.882726516813109,0.47923479128363256,1.9378761504167323,-0.0008114803667866249,0.00029549146152644363,-0.00029612829760593994,0.06066584438807823,-0.2996736466884613,0.12122461199760437,0.21816447377204895,1.7962164878845215,0.3584710359573364,-0.36542415618896484,-0.9724183678627014,-0.5688884854316711,-1.797163963317871,1.1340579986572266,1.1963298320770264,-1.2153764963150024
0.4551758749999989,0.0034223749999999996,133.0,4.922687362477902,0.5151678349108212,1.9401763524447895,-0.0006130425115576262,0.0002227850709786124,-0.00021814444600698913,0.060734258771560044,-0.29692819714546204,0.12481880187988281,0.22137805819511414,1.809665322303772,0.3936988115310669,-0.38822031021118164,-0.985682487487793,-0.5837480425834656,-1.802238941192627,1.1099722385406494,1.1875386238098145,-1.2138633728027344
0.4551758749999989,0.0034223749999999996,133.0,4.962031274453942,0.5503669155115407,1.9429813124860906,-0.0004308606136631292,0.00015666990655015972,-0.00014917671298736196,0.060781124136704494,-0.292251855134964,0.12381228804588318,0.22038784623146057,1.802975058555603,0.40901413559913635,-0.4008309841156006,-1.000191330909729,-0.583651602268219,-1.7974334955215454,1.0896737575531006,1.2084180116653442,-1.2074952125549316
0.4551758749999989,0.0034223749999999996,133.0,4.999386129257001,0.5851514222848315,1.9454349431361826,-0.00021880753778013526,7.986028505131577e-5,-7.412037407739362e-5,0.06080128989443885,-0.290640264749527,0.12910456955432892,0.22413000464439392,1.820220708847046,0.44408684968948364,-0.421022891998291,-1.0114504098892212,-0.598267138004303,-1.8026058673858643,1.0690371990203857,1.1885054111480713,-1.2099635601043701
0.4551758749999989,0.0034223749999999996,133.0,5.035799791807521,0.6189880805562493,1.9482675179427755,-2.5843192228288527e-5,9.496840287130587e-6,-8.569812456356048e-6,0.060822499594294976,-0.2897556722164154,0.13178472220897675,0.22459563612937927,1.8257848024368286,0.45962706208229065,-0.43185853958129883,-1.0223852396011353,-0.6010634303092957,-1.8173409700393677,1.067643404006958,1.19100821018219,-1.212773323059082
0.4551758749999989,0.0034223749999999996,133.0,5.070665366882547,0.652066786663443,1.9502491258879866,0.00019457398263778483,-7.210331227917327e-5,6.348232904679757e-5,0.060845962558537414,-0.28844210505485535,0.1349318027496338,0.22628459334373474,1.8345741033554077,0.4828634262084961,-0.44586181640625,-1.0312458276748657,-0.6085646748542786,-1.8235942125320435,1.0570545196533203,1.186022400856018,-1.2140415906906128
0.4551758749999989,0.0034223749999999996,133.0,5.1051914160665115,0.6826211793024046,1.950956292327197,0.0004111330277449918,-0.0001526232981915764,0.00013078210971852726,0.06097925075716834,-0.28607532382011414,0.13884155452251434,0.23053982853889465,1.848136305809021,0.5059570670127869,-0.4655122756958008,-1.0468212366104126,-0.6216805577278137,-1.815664529800415,1.0284924507141113,1.1651424169540405,-1.2143006324768066
0.4551758749999989,0.0034223749999999996,133.0,5.138289794580961,0.7136592030416534,1.9527954337372224,0.0006492166141372344,-0.00024378350962006226,0.0002035159772941916,0.06099237949674123,-0.2849007546901703,0.1415126472711563,0.2320810854434967,1.8556023836135864,0.5252915024757385,-0.4779636859893799,-1.0551868677139282,-0.6280624270439148,-1.8194971084594727,1.0186748504638672,1.1610732078552246,-1.2153761386871338
0.4551758749999989,0.0034223749999999996,133.0,5.170370643810331,0.7441724332444458,1.9545624275479625,0.0008637027261168448,-0.0003289288557143701,0.00026751439380845747,0.06099617058717085,-0.283945769071579,0.14279063045978546,0.2313232719898224,1.8544743061065674,0.5276383757591248,-0.481874942779541,-1.0705797672271729,-0.6255480647087097,-1.8248286247253418,1.0204215049743652,1.1649601459503174,-1.2168211936950684
0.4551758749999989,0.0034223749999999996,133.0,5.201420618969041,0.7741026457864472,1.9563354896367455,0.0010314658025606916,-0.00039874883270143465,0.00031619187733859745,0.06101044064695841,-0.28326669335365295,0.14545659720897675,0.23173269629478455,1.859653353691101,0.5458553433418274,-0.4932825565338135,-1.0760774612426758,-0.628614604473114,-1.838181495666504,1.0203008651733398,1.1678016185760498,-1.2189998626708984
0.4551758749999989,0.0034223749999999996,133.0,5.2312740276915575,0.8038145952354121,1.958656849144173,0.0012460953148934139,-0.0004917009674152956,0.00037846405281712764,0.06103531276568003,-0.28282585740089417,0.1488342434167862,0.23276647925376892,1.8667575120925903,0.5582340955734253,-0.5008370876312256,-1.0857664346694946,-0.631718099117279,-1.844476580619812,1.0167596340179443,1.1580854654312134,-1.2229588031768799
0.4551758749999989,0.0034223749999999996,133.0,5.260403295663894,0.8323699341773433,1.9594592320431525,0.0014066940706633376,-0.0005590207382485243,0.0004236434535639126,0.061076712009339895,-0.28157857060432434,0.1525159627199173,0.23537150025367737,1.8772101402282715,0.5818284153938293,-0.5159988403320312,-1.0908629894256592,-0.6414033770561218,-1.8439359664916992,1.0012011528015137,1.1448220014572144,-1.2236377000808716
0.4551758749999989,0.0034223749999999996,133.0,5.288333468852855,0.8602175035229823,1.9603832350818489,0.001606865791688525,-0.0006444477232304062,0.00047899846282548324,0.061085811890682976,-0.28051242232322693,0.1545673906803131,0.23640123009681702,1.8819350004196167,0.5996424555778503,-0.5264427661895752,-1.097769856452942,-0.6466154456138611,-1.845607042312622,0.9935145378112793,1.1432160139083862,-1.2231671810150146
0.4551758749999989,0.0034223749999999996,133.0,5.315094290653569,0.8877053666622233,1.9618418369339155,0.001838367656847494,-0.0007428826182135296,0.0005399556308254706,0.06106747201925502,-0.279686838388443,0.1571265310049057,0.2381574809551239,1.8883053064346313,0.6078066229820251,-0.5326025485992432,-1.1128617525100708,-0.6507108807563782,-1.8415114879608154,0.9824597835540771,1.128928780555725,-1.225348711013794
0.4551758749999989,0.0034223749999999996,133.0,5.340928464853248,0.9148361811683804,1.9632087396142366,0.0020747268514077423,-0.0008409701231438083,0.000603103057730775,0.06105074583115535,-0.27805057168006897,0.16070522367954254,0.24089834094047546,1.8991724252700806,0.6291493773460388,-0.5441501140594482,-1.1162099838256836,-0.6588900685310364,-1.8314589262008667,0.9595510959625244,1.1095020771026611,-1.227967619895935
0.4551758749999989,0.0034223749999999996,133.0,5.365885329359285,0.9402289260523486,1.9636389925221716,0.0023340434780882496,-0.0009502567871793247,0.0006722482024710118,0.06106383881205896,-0.2775334417819977,0.16301517188549042,0.24220988154411316,1.9056440591812134,0.6470730900764465,-0.5552017688751221,-1.1184616088867188,-0.6648406386375427,-1.8354125022888184,0.953331470489502,1.1074506044387817,-1.2284965515136719
0.4551758749999989,0.0034223749999999996,133.0,5.38996443559889,0.9646129977980634,1.9639754470029662,0.0025312959616279923,-0.001039482769178234,0.0007233820057259495,0.06106439710712339,-0.27674493193626404,0.1647035777568817,0.24332210421562195,1.909881353378296,0.6581820845603943,-0.5636756420135498,-1.1252933740615845,-0.6690607666969299,-1.8350557088851929,0.9459013938903809,1.104090929031372,-1.228502869606018
0.4551758749999989,0.0034223749999999996,133.0,5.413227656834907,0.9880841189356206,1.9641694183234388,0.002763457840146385,-0.0011453114735275676,0.0007859227609623455,0.06106686490538017,-0.2755519449710846,0.16458262503147125,0.24324658513069153,1.9081453084945679,0.6598734855651855,-0.5680534839630127,-1.137637734413147,-0.6684287190437317,-1.8332018852233887,0.9416518211364746,1.109157919883728,-1.2274528741836548
0.4551758749999989,0.0034223749999999996,133.0,5.435423723967303,1.0109925354646954,1.9645910131033164,0.0030164600701924615,-0.0012602356013287543,0.0008542635201896047,0.06105983897083328,-0.27493616938591003,0.1658313125371933,0.2442062795162201,1.911728024482727,0.672358512878418,-0.5760705471038818,-1.142834186553955,-0.6725611090660095,-1.8333139419555664,0.9357638359069824,1.1093155145645142,-1.2269201278686523
0.4551758749999989,0.0034223749999999996,133.0,5.456464417170305,1.0334867348602144,1.9652825148869728,0.003279135707205552,-0.0013821364477320632,0.0009245541692027452,0.06103626746560872,-0.2747284471988678,0.1668849140405655,0.2442246973514557,1.9132364988327026,0.6818499565124512,-0.5812363624572754,-1.1493957042694092,-0.6735522150993347,-1.8378888368606567,0.9372260570526123,1.113662838935852,-1.227499008178711
0.4551758749999989,0.0034223749999999996,133.0,5.476471260300622,1.05583152148614,1.9667258205904194,0.0035466010040523534,-0.0015036131162917052,0.000989312514230152,0.060984998835278484,-0.27497735619544983,0.17098574340343475,0.24721196293830872,1.9255133867263794,0.6942402124404907,-0.5892722606658936,-1.1555697917938232,-0.681485116481781,-1.8372317552566528,0.9255633354187012,1.0899648666381836,-1.231656789779663
0.4551758749999989,0.0034223749999999996,133.0,5.495749262865932,1.0767452233540533,1.9679264435175847,0.003762481665615624,-0.001608071273679473,0.001041099290361637,0.060942230134371424,-0.27474620938301086,0.1723240613937378,0.24759218096733093,1.9268698692321777,0.690872311592102,-0.5902631282806396,-1.17055344581604,-0.6793072819709778,-1.8383195400238037,0.92478346824646,1.0835946798324585,-1.2351558208465576
0.4551758749999989,0.0034223749999999996,133.0,5.514359673921372,1.0964813175393942,1.9685087303717097,0.003996240493495957,-0.0017171899032695816,0.0011027445413130243,0.06093838817716402,-0.274382084608078,0.17406561970710754,0.24870875477790833,1.9313974380493164,0.7046884894371033,-0.5972747802734375,-1.1751315593719482,-0.6840154528617859,-1.8370311260223389,0.9186110496520996,1.0808316469192505,-1.234976887702942
0.4551758749999989,0.0034223749999999996,133.0,5.531997957622768,1.1152486295521824,1.9691808915079951,0.004204216329332566,-0.0018222467496917824,0.0011501340558236603,0.060906927315007395,-0.27379974722862244,0.1759500652551651,0.24974969029426575,1.9359630346298218,0.7146340608596802,-0.602949857711792,-1.1791912317276,-0.6873770356178284,-1.8339418172836304,0.9106144905090332,1.0734241008758545,-1.236166000366211
0.4551758749999989,0.0034223749999999996,133.0,5.549217145371828,1.1325359959320656,1.9691550395175048,0.004436678327367338,-0.0019364957679939467,0.0012096263738671387,0.060918779008268246,-0.27310898900032043,0.17512276768684387,0.24937090277671814,1.932928204536438,0.7155488133430481,-0.6059000492095947,-1.1902142763137817,-0.6860225796699524,-1.8362194299697876,0.9111392498016357,1.0841953754425049,-1.2345725297927856
0.4551758749999989,0.0034223749999999996,133.0,5.565482337878747,1.1494330486298279,1.9694955001470351,0.0046500361817046,-0.0020398435734444525,0.0012662134603717396,0.060920414902082914,-0.27276942133903503,0.17532464861869812,0.2498607337474823,1.9338059425354004,0.7214467525482178,-0.6102757453918457,-1.1975376605987549,-0.6878790259361267,-1.8380812406539917,0.9089584350585938,1.0879329442977905,-1.2336254119873047
0.4551758749999989,0.0034223749999999996,133.0,5.580930028663736,1.1652541213528351,1.969772088417141,0.00485934185631139,-0.002143237742376355,0.0013129974669360625,0.060912104774110826,-0.27200397849082947,0.17701558768749237,0.2520950138568878,1.939802646636963,0.7295346856117249,-0.6180145740509033,-1.2017176151275635,-0.6944339871406555,-1.8332802057266235,0.8943102359771729,1.0749973058700562,-1.2329519987106323
0.4551758749999989,0.0034223749999999996,133.0,5.595649092970621,1.1805499305795752,1.9704620812908624,0.005033578792676508,-0.0022259056206527343,0.0013486794037679314,0.06090430697320004,-0.27118805050849915,0.17805270850658417,0.25252559781074524,1.9407528638839722,0.7349844574928284,-0.6233041286468506,-1.2045258283615112,-0.6955162882804871,-1.8336914777755737,0.8889658451080322,1.071914792060852,-1.2328171730041504
0.4551758749999989,0.0034223749999999996,133.0,5.609739711444358,1.194464034958399,1.970834546028589,0.0051825210635450016,-0.0022984638447648698,0.001375579039889283,0.06091100931233094,-0.2696637213230133,0.17814990878105164,0.2537277638912201,1.9411289691925049,0.7377480864524841,-0.6281609535217285,-1.2107020616531372,-0.6987672448158264,-1.8244677782058716,0.8742847442626953,1.0648179054260254,-1.2298836708068848
0.4551758749999989,0.0034223749999999996,133.0,5.623369167874151,1.2073365165781758,1.9712300381149468,0.005336774513786026,-0.0023726605994024534,0.0014019264569444113,0.06093039043102372,-0.26709893345832825,0.1767938882112503,0.25343891978263855,1.9355769157409668,0.7372570633888245,-0.6317934989929199,-1.216249942779541,-0.6977426409721375,-1.8146603107452393,0.8599224090576172,1.067356824874878,-1.2254008054733276
0.4551758749999989,0.0034223749999999996,133.0,5.635615927085621,1.220387432797587,1.9720558428781443,0.005500011715972213,-0.0024415610087522,0.0014330325624299105,0.06093568843553261,-0.26608970761299133,0.17764993011951447,0.25404980778694153,1.9362083673477173,0.745917797088623,-0.6378297805786133,-1.2154667377471924,-0.7001650929450989,-1.8129571676254272,0.8518502712249756,1.0638395547866821,-1.2235982418060303
0.4551758749999989,0.0034223749999999996,133.0,5.646951106070509,1.232683287291591,1.9728631604858167,0.005668874695382102,-0.0025122170460558425,0.0014699160949397303,0.06094350470320917,-0.26575979590415955,0.17920583486557007,0.2545126974582672,1.938537836074829,0.7625788450241089,-0.6459999084472656,-1.2088021039962769,-0.7041921019554138,-1.8176753520965576,0.8490602970123291,1.064688801765442,-1.221927285194397
0.4551758749999989,0.0034223749999999996,133.0,5.657311344278916,1.2447483195627729,1.9743596462378787,0.005844401960788246,-0.0025761290479594675,0.0015018974808177572,0.06093619854502259,-0.2658616006374359,0.1821421980857849,0.2563304603099823,1.9463727474212646,0.7802460789680481,-0.6528744697570801,-1.2012883424758911,-0.7121201157569885,-1.815548062324524,0.8394186496734619,1.0495619773864746,-1.2217360734939575
0.4551758749999989,0.0034223749999999996,133.0,5.666769815071043,1.2559054168222776,1.9754720941149722,0.006034754965421558,-0.0026483121262177115,0.0015493266950726196,0.060942177259518567,-0.2663973867893219,0.18497073650360107,0.2572537362575531,1.9523612260818481,0.7993535399436951,-0.6609323024749756,-1.1906219720840454,-0.7177644371986389,-1.8225957155227661,0.8384716510772705,1.044368028640747,-1.2220585346221924
0.4551758749999989,0.0034223749999999996,133.0,5.675047977997794,1.2679693544380146,1.9796967768438396,0.0062997898861528925,-0.0027878544936847604,0.0016149752753019519,0.060791685309100105,-0.2686173617839813,0.18887513875961304,0.2566852271556854,1.9607805013656616,0.8194162249565125,-0.6616988182067871,-1.176340937614441,-0.7204753756523132,-1.8385086059570312,0.8529922962188721,1.0373468399047852,-1.2277613878250122
0.4551758749999989,0.0034223749999999996,133.0,5.682755518857771,1.2773436820726503,1.980665301599109,0.0065903025800420805,-0.0029003023030036716,0.0016865907147392302,0.06080024355854457,-0.2692047655582428,0.1907995194196701,0.256789892911911,1.9650182723999023,0.8384266495704651,-0.6673157215118408,-1.1650843620300293,-0.725355327129364,-1.8447896242141724,0.8547320365905762,1.0383487939834595,-1.2271531820297241
0.4551758749999989,0.0034223749999999996,133.0,5.689539887076914,1.2858351227636935,1.981525395356291,0.0070376745887463215,-0.003082405213234681,0.0017983989374817794,0.06080284818635643,-0.26996371150016785,0.1937345415353775,0.25825926661491394,1.9732272624969482,0.8543624877929688,-0.6737189292907715,-1.1539145708084106,-0.7326285243034363,-1.846864938735962,0.8493609428405762,1.0252394676208496,-1.22799551486969
0.4551758749999989,0.0034223749999999996,133.0,5.695562660961629,1.2933378146836383,1.9823703218861835,0.007785610951100642,-0.0033960243492148277,0.001983356409215064,0.0608081419276061,-0.270246297121048,0.1960982084274292,0.2591402232646942,1.9791338443756104,0.8670849204063416,-0.6787946224212646,-1.1470152139663696,-0.7372011542320251,-1.8448301553726196,0.843707799911499,1.0133177042007446,-1.2292720079421997
0.4551758749999989,0.0034223749999999996,133.0,5.700785567094079,1.2996414856771135,1.9832366628201543,0.009483465331554213,-0.004133711478590485,0.0023952733026031633,0.06080974153079505,-0.27058425545692444,0.19720113277435303,0.25972601771354675,1.984816074371338,0.8785356283187866,-0.6838545799255371,-1.1408100128173828,-0.7407869696617126,-1.8422352075576782,0.8390035629272461,1.0063036680221558,-1.2313514947891235
0.4551758749999989,0.0034223749999999996,133.0,5.705149517585299,1.3039959343654295,1.9843903363523483,0.017543763290584956,-0.00777620547683967,0.004302995881792938,0.06085038232948995,-0.2690616548061371,0.1954447627067566,0.2635021507740021,2.0001072883605957,0.881227970123291,-0.6946766376495361,-1.1572465896606445,-0.7452335953712463,-1.7942098379135132,0.7978918552398682,0.9686920046806335,-1.2420713901519775
0.4551758749999989,0.0034223749999999996,133.0,5.740037182028818,-1.169685961591684,1.8201511375377875,-0.01532009080587255,0.0011423909606707151,-0.006692484601620745,0.0659924850119428,-0.13358277082443237,0.24679097533226013,0.005439847707748413,1.3380171060562134,0.8686577677726746,-1.3951303958892822,-0.8958296179771423,-0.2428492307662964,-1.4388846158981323,0.8020462989807129,1.7196540832519531,-1.0952240228652954
0.4551758749999989,0.0034223749999999996,133.0,5.735442703421471,-1.164610052643181,1.8195521368083916,-0.00823188929227111,0.0005636897117825333,-0.0036924641925099463,0.06598245142401382,-0.13332560658454895,0.24729739129543304,0.003868997097015381,1.3346235752105713,0.8904910087585449,-1.3931655883789062,-0.8661919236183167,-0.23880267143249512,-1.428673267364502,0.8251631259918213,1.7096660137176514,-1.0957388877868652
0.4551758749999989,0.0034223749999999996,133.0,5.7294261440164025,-1.1590884095255471,1.8185970869839676,-0.00676212856761128,0.0004000496387621364,-0.0030540454579233477,0.06594500104347098,-0.13451173901557922,0.24719612300395966,0.0007409751415252686,1.3360096216201782,0.8994088768959045,-1.3789212703704834,-0.8344741463661194,-0.23829013109207153,-1.4277502298355103,0.8340921401977539,1.7024590969085693,-1.0977121591567993
0.4551758749999989,0.0034223749999999996,133.0,5.722720360071698,-1.1530879769729516,1.817445126759128,-0.0061176210694257795,0.0002929482499191981,-0.0027785639890644826,0.06591129768383906,-0.13575756549835205,0.24719655513763428,-0.0022082924842834473,1.3388290405273438,0.8994467258453369,-1.3655648231506348,-0.8011848330497742,-0.2378925085067749,-1.4210171699523926,0.8420493602752686,1.6844830513000488,-1.1008926630020142
0.4551758749999989,0.0034223749999999996,133.0,5.71495252043358,-1.1462325663438409,1.8161408183423577,-0.005740312472823471,0.0001991821822999504,-0.002620870901860338,0.06587016789745133,-0.13835695385932922,0.24790742993354797,-0.004864305257797241,1.3462737798690796,0.9003667235374451,-1.350060224533081,-0.7645873427391052,-0.2414839267730713,-1.416377305984497,0.8504605293273926,1.6615874767303467,-1.1046415567398071
0.4551758749999989,0.0034223749999999996,133.0,5.70562904117169,-1.1401572752133924,1.8125350197041756,-0.005484459489872074,8.958255555172086e-5,-0.00251225001310054,0.06589017427959293,-0.13923999667167664,0.24744534492492676,-0.00852474570274353,1.3468515872955322,0.9003412127494812,-1.3343029022216797,-0.7253842353820801,-0.24098354578018188,-1.4057101011276245,0.8550755977630615,1.6447895765304565,-1.1057685613632202
0.4551758749999989,0.0034223749999999996,133.0,5.696265242230663,-1.1319080649932027,1.810956428506018,-0.005269012838084136,4.507985796979979e-6,-0.0024259622929050676,0.0658495591065281,-0.14067915081977844,0.24706682562828064,-0.012637138366699219,1.3487730026245117,0.897108256816864,-1.317474126815796,-0.6847103834152222,-0.23942333459854126,-1.3960343599319458,0.8633825778961182,1.6252527236938477,-1.1092543601989746
0.4551758749999989,0.0034223749999999996,133.0,5.686014754467259,-1.122483545873006,1.809441513939414,-0.005111519079258143,-7.023149559798584e-5,-0.0023605175935179994,0.06580187973597343,-0.14201462268829346,0.24643850326538086,-0.01726001501083374,1.349550485610962,0.8916484713554382,-1.2997899055480957,-0.6412327289581299,-0.2366970181465149,-1.3846261501312256,0.8721165657043457,1.6049485206604004,-1.1127843856811523
0.4551758749999989,0.0034223749999999996,133.0,5.674645347371399,-1.1123925052950812,1.807512831259997,-0.004970359343718345,-0.00016024594751068614,-0.002303419508176549,0.06573267528550637,-0.14482906460762024,0.24563582241535187,-0.02350008487701416,1.3534984588623047,0.8937817215919495,-1.271437644958496,-0.5794861316680908,-0.23706752061843872,-1.3768397569656372,0.88295578956604,1.582542896270752,-1.1165008544921875
0.4551758749999989,0.0034223749999999996,133.0,5.662842077170226,-1.1016963216693771,1.8059931536418186,-0.0048204672152070615,-0.00023613763799674203,-0.00224305251746955,0.06569003407033501,-0.146113783121109,0.24489262700080872,-0.02842196822166443,1.3538637161254883,0.889098584651947,-1.2527697086334229,-0.5350468158721924,-0.23374801874160767,-1.3631324768066406,0.8917734622955322,1.5599603652954102,-1.120204210281372
0.4551758749999989,0.0034223749999999996,133.0,5.650227653500677,-1.0897433663663254,1.804704618097002,-0.004685866700520751,-0.0002941990124693277,-0.0021832031841699595,0.06564763931753304,-0.14796152710914612,0.24490153789520264,-0.032277435064315796,1.3568222522735596,0.884013295173645,-1.236968755722046,-0.49672529101371765,-0.23274117708206177,-1.3491170406341553,0.90079665184021,1.533555507659912,-1.12406325340271
0.4551758749999989,0.0034223749999999996,133.0,5.63693211382098,-1.077084378711227,1.8033518011939216,-0.004551229615191162,-0.0003454184713780328,-0.0021213703207696023,0.06559946207127869,-0.14984142780303955,0.24384164810180664,-0.038179606199264526,1.3575098514556885,0.8845810890197754,-1.2131173610687256,-0.4448479413986206,-0.23019886016845703,-1.336930751800537,0.9102182388305664,1.5137417316436768,-1.1274033784866333
0.4551758749999989,0.0034223749999999996,133.0,5.623843018557257,-1.0637063800030588,1.8028539740280893,-0.004422704999663407,-0.00036040450175015313,-0.0020624653921812856,0.06562169169205163,-0.14804339408874512,0.24311356246471405,-0.0405617356300354,1.3507564067840576,0.878858745098114,-1.2114617824554443,-0.43777790665626526,-0.22158324718475342,-1.3212789297103882,0.9113304615020752,1.5086957216262817,-1.129244089126587
0.4551758749999989,0.0034223749999999996,133.0,5.610018244900307,-1.0497379877040232,1.802191542678413,-0.004263485845265046,-0.00037762090619055224,-0.0019886523785804314,0.06564407939638568,-0.1454935371875763,0.24181902408599854,-0.04366505146026611,1.3416993618011475,0.8777065277099609,-1.207336187362671,-0.42818373441696167,-0.21168529987335205,-1.3064477443695068,0.9098172187805176,1.508428931236267,-1.130206823348999
0.4551758749999989,0.0034223749999999996,133.0,5.594998191776554,-1.0347981727069868,1.8014959089865334,-0.004070830266631668,-0.00039594516810057126,-0.0019002638415917055,0.06565803926004309,-0.144883930683136,0.24147792160511017,-0.0464777946472168,1.3388160467147827,0.872499942779541,-1.2006165981292725,-0.4101351201534271,-0.20666325092315674,-1.2922202348709106,0.9117856025695801,1.4929672479629517,-1.1323363780975342
0.4551758749999989,0.0034223749999999996,133.0,5.578862249226614,-1.018615556657794,1.8012245612053006,-0.0038851073322508202,-0.000398959756458806,-0.0018102478225218682,0.0656609626052178,-0.1453714370727539,0.24194766581058502,-0.04862666130065918,1.3403421640396118,0.8689441084861755,-1.1929190158843994,-0.3931598663330078,-0.2050597071647644,-1.2825056314468384,0.9141781330108643,1.4726349115371704,-1.1353952884674072
0.4551758749999989,0.0034223749999999996,133.0,5.561974989534527,-1.0013576632117505,1.8008996607887273,-0.003675141293513146,-0.00039541579039484905,-0.0017070851695318741,0.06567266799825265,-0.14310261607170105,0.24140673875808716,-0.0510098934173584,1.3335403203964233,0.8585377335548401,-1.1917150020599365,-0.384468138217926,-0.19690543413162231,-1.2664611339569092,0.9112188816070557,1.4593234062194824,-1.136797308921814
0.4551758749999989,0.0034223749999999996,133.0,5.544975054902759,-0.9838531253182266,1.8007385822564748,-0.003482620922102362,-0.0003904675148440479,-0.0016148653886299347,0.06571717854090785,-0.14057132601737976,0.24091331660747528,-0.05328342318534851,1.3264942169189453,0.8476075530052185,-1.191131830215454,-0.3769051432609558,-0.1886732578277588,-1.249743938446045,0.9066109657287598,1.4452171325683594,-1.1380430459976196
0.4551758749999989,0.0034223749999999996,133.0,5.5267787653718425,-0.9652156680415834,1.8005064109543638,-0.003277623909358562,-0.00038558432061393174,-0.0015152937935142955,0.06574007597385825,-0.13844412565231323,0.24111588299274445,-0.054591357707977295,1.3219101428985596,0.8399252891540527,-1.191688060760498,-0.37522342801094055,-0.18301111459732056,-1.2358965873718262,0.9005064964294434,1.4312266111373901,-1.139133334159851
0.4551758749999989,0.0034223749999999996,133.0,5.507514631946992,-0.9459973759410286,1.7998357878985018,-0.003092229109717478,-0.0003953813751008911,-0.0014269173082916875,0.06575198001455802,-0.13785594701766968,0.24094702303409576,-0.05787748098373413,1.3193532228469849,0.8273489475250244,-1.1836802959442139,-0.34978702664375305,-0.17796605825424194,-1.2163875102996826,0.900810956954956,1.4023491144180298,-1.14159095287323
0.4551758749999989,0.0034223749999999996,133.0,5.4876176870088464,-0.9256837124887234,1.79947581098669,-0.002859615808236093,-0.0003835308862478742,-0.001314184241506547,0.06576934732588795,-0.1374782919883728,0.24022018909454346,-0.06242111325263977,1.3165453672409058,0.8267529606819153,-1.168752908706665,-0.31661415100097656,-0.17384326457977295,-1.2007811069488525,0.900209903717041,1.380566120147705,-1.1430495977401733
0.4551758749999989,0.0034223749999999996,133.0,5.466424734859291,-0.9057728287555714,1.7983491985924254,-0.0026211722292314578,-0.0004012506903664296,-0.0012076371036368228,0.06576528585495932,-0.1354808211326599,0.23910026252269745,-0.06661194562911987,1.3094797134399414,0.8193749785423279,-1.1597208976745605,-0.28991490602493286,-0.16573810577392578,-1.1800932884216309,0.8969707489013672,1.359910249710083,-1.1442363262176514
0.4551758749999989,0.0034223749999999996,133.0,5.444626974867613,-0.8839767844426317,1.7979647110737236,-0.0023984816548838625,-0.00038881705551415253,-0.001101460757399162,0.06578039484554601,-0.1363869309425354,0.24023118615150452,-0.06873896718025208,1.3124357461929321,0.8120704889297485,-1.1514577865600586,-0.2693519592285156,-0.16572290658950806,-1.1647030115127563,0.8978617191314697,1.3261916637420654,-1.1470459699630737
0.4551758749999989,0.0034223749999999996,133.0,5.422069000530108,-0.8615234555945687,1.7973630904058742,-0.002183135358201225,-0.00037898054562186643,-0.0009995225458780568,0.06579748997097859,-0.13453972339630127,0.240096315741539,-0.07150354981422424,1.307146668434143,0.7988181114196777,-1.147399663925171,-0.2532895803451538,-0.15870434045791626,-1.1425650119781494,0.8939547538757324,1.2989017963409424,-1.1487441062927246
0.4551758749999989,0.0034223749999999996,133.0,5.398528102697132,-0.8378858875455277,1.7969698534738405,-0.002003737492398512,-0.00036678558966339294,-0.0009130298129082833,0.06581506489794989,-0.13361752033233643,0.24046465754508972,-0.07393389940261841,1.304534673690796,0.7861626744270325,-1.1424956321716309,-0.23753765225410461,-0.15379023551940918,-1.1227238178253174,0.8912568092346191,1.268919587135315,-1.1509590148925781
0.4551758749999989,0.0034223749999999996,133.0,5.3746910647744315,-0.8134488904235224,1.7972764525182723,-0.0017793225010408365,-0.0003321412371253179,-0.000807107832558109,0.06587480947771604,-0.1321565806865692,0.2400423288345337,-0.07747787237167358,1.2993543148040771,0.7735474109649658,-1.135939598083496,-0.21630899608135223,-0.14622044563293457,-1.101684331893921,0.8888485431671143,1.2406646013259888,-1.1533701419830322
0.4551758749999989,0.0034223749999999996,133.0,5.350084318123125,-0.7884376153103727,1.7971928002202062,-0.0015739429173799609,-0.0003066741841212388,-0.000711518699110045,0.06592440914396258,-0.1286076009273529,0.2400573492050171,-0.07910194993019104,1.2910562753677368,0.7607563734054565,-1.1380729675292969,-0.21674135327339172,-0.13725924491882324,-1.0806607007980347,0.8787181377410889,1.2223800420761108,-1.1540452241897583
0.4551758749999989,0.0034223749999999996,133.0,5.323943308361078,-0.7630120800697044,1.7966640909901266,-0.001372449504958414,-0.00028706279604281563,-0.0006191671725685644,0.0659382237783382,-0.1289481222629547,0.2395804524421692,-0.0838218629360199,1.2890466451644897,0.7523504495620728,-1.1233699321746826,-0.17869405448436737,-0.13312596082687378,-1.0587031841278076,0.8803756237030029,1.185551643371582,-1.156160593032837
0.4551758749999989,0.0034223749999999996,133.0,5.297254850651282,-0.7366238831972628,1.7963934735421094,-0.001194942441111551,-0.0002637470694891969,-0.000537714143529872,0.06597483839904908,-0.12785941362380981,0.23906008899211884,-0.08784323930740356,1.2837997674942017,0.7386859059333801,-1.114288330078125,-0.15073959529399872,-0.12612348794937134,-1.033452033996582,0.8784477710723877,1.1510823965072632,-1.1578946113586426
0.4551758749999989,0.0034223749999999996,133.0,5.269458610871834,-0.7096322078564261,1.796264996756134,-0.0010619030886671937,-0.00024144576761179513,-0.0004754053313842703,0.06602589510986893,-0.12679234147071838,0.23853647708892822,-0.0920485258102417,1.2787033319473267,0.7291233539581299,-1.1038331985473633,-0.12204781174659729,-0.11960095167160034,-1.0089837312698364,0.8758182525634766,1.1179454326629639,-1.1593185663223267
0.4551758749999989,0.0034223749999999996,133.0,5.240815868292881,-0.6816665058668091,1.7962065597464996,-0.000868153742626652,-0.0002040262414270305,-0.00038770666550916257,0.06606559729800235,-0.12620919942855835,0.23806831240653992,-0.09635666012763977,1.2745263576507568,0.7204015851020813,-1.091766595840454,-0.08940355479717255,-0.1140064001083374,-0.984284520149231,0.8738186359405518,1.0817182064056396,-1.16071617603302
0.4551758749999989,0.0034223749999999996,133.0,5.21097317366489,-0.6530026401757921,1.7959035325062709,-0.0007229466192904742,-0.00017844490239182542,-0.0003226017121147542,0.06608504421591058,-0.12458840012550354,0.23620465397834778,-0.10222238302230835,1.2656886577606201,0.7106205224990845,-1.0780320167541504,-0.04726368561387062,-0.1052318811416626,-0.9540537595748901,0.8705761432647705,1.0458436012268066,-1.1607701778411865
0.4551758749999989,0.0034223749999999996,133.0,5.1802198578667005,-0.6223608289994151,1.7956064380440986,-0.0005355153138963489,-0.00013514534977264738,-0.00023699283837037044,0.0660840943320257,-0.12369716167449951,0.23512186110019684,-0.10709208250045776,1.258906602859497,0.6964367628097534,-1.0661027431488037,-0.009457075968384743,-0.09834003448486328,-0.9232984185218811,0.8678998947143555,1.0039912462234497,-1.160865068435669
0.4551758749999989,0.0034223749999999996,133.0,5.14918112468403,-0.5916531917370287,1.7958374598656834,-0.0003245195088147418,-8.295612536712161e-5,-0.0001433269633519594,0.0661269636160126,-0.12329277396202087,0.23520204424858093,-0.11053135991096497,1.2552616596221924,0.6836804151535034,-1.0566678047180176,0.018110133707523346,-0.09359848499298096,-0.8981919884681702,0.8642773628234863,0.9622423052787781,-1.1618571281433105
0.4551758749999989,0.0034223749999999996,133.0,5.117385433031082,-0.5606032527079547,1.796087201288767,-0.0001343022473383973,-3.536338133014108e-5,-5.9337151250177155e-5,0.0661722420236208,-0.12085872888565063,0.23430871963500977,-0.11463585495948792,1.2458667755126953,0.6675806641578674,-1.0493009090423584,0.04605262726545334,-0.08419942855834961,-0.8667303919792175,0.8566787242889404,0.9232291579246521,-1.1618483066558838
0.4551758749999989,0.0034223749999999996,133.0,5.084719933600372,-0.5290635122051599,1.7962050406880898,5.1155934207262405e-5,1.4050152806224006e-5,2.2618664550604144e-5,0.06619933275676626,-0.11992955207824707,0.23256590962409973,-0.12058961391448975,1.2377238273620605,0.6608509421348572,-1.0333571434020996,0.09489293396472931,-0.0780591368675232,-0.8338087201118469,0.8520588874816895,0.8776440024375916,-1.1599087715148926
0.4551758749999989,0.0034223749999999996,133.0,5.051133962451097,-0.49633600774224584,1.7962412460609274,0.00023750823895219504,6.748524417085072e-5,0.000104845604240124,0.06622287774954413,-0.11872479319572449,0.23146295547485352,-0.12534978985786438,1.2294656038284302,0.6447539329528809,-1.0219690799713135,0.1335327923297882,-0.07046383619308472,-0.7997973561286926,0.8463420867919922,0.8293159008026123,-1.1591886281967163
0.4551758749999989,0.0034223749999999996,133.0,5.016718887068166,-0.4628131149313137,1.796167964433311,0.0004391308809883585,0.00012898210572670577,0.00019352493155554482,0.06624387384237966,-0.11878252029418945,0.2306031584739685,-0.13021835684776306,1.2231667041778564,0.6285156011581421,-1.0077810287475586,0.1788214147090912,-0.0648612380027771,-0.7633728981018066,0.8430438041687012,0.7736479043960571,-1.158336877822876
0.4551758749999989,0.0034223749999999996,133.0,4.981175859853109,-0.42814320053886784,1.7963003205885775,0.0006143086433750726,0.00018522655559885032,0.0002705808341424407,0.0662644360037561,-0.11789959669113159,0.22920779883861542,-0.13522985577583313,1.2140662670135498,0.6123566627502441,-0.9949910640716553,0.22115086019039154,-0.057111918926239014,-0.7272415161132812,0.8373777866363525,0.7228878736495972,-1.156899333000183
0.4551758749999989,0.0034223749999999996,133.0,4.944549624972989,-0.3923285228810718,1.7965101862057256,0.00079304551624066,0.0002444376104392545,0.0003481150664354729,0.06626838312791483,-0.11827811598777771,0.2278614640235901,-0.14056360721588135,1.2063260078430176,0.5963747501373291,-0.9791066646575928,0.2707860469818115,-0.051153481006622314,-0.6899260878562927,0.8342463970184326,0.665012001991272,-1.1549766063690186
0.4551758749999989,0.0034223749999999996,133.0,4.907187063115174,-0.35548366790407093,1.7969867471658088,0.0009718641053496442,0.00030284500387227467,0.00042521205197453346,0.06628067909455096,-0.11855816841125488,0.2288561761379242,-0.14266791939735413,1.2026658058166504,0.5773807764053345,-0.9691393375396729,0.29238900542259216,-0.04728013277053833,-0.6628023386001587,0.8273987770080566,0.614485502243042,-1.1548874378204346
0.4551758749999989,0.0034223749999999996,133.0,4.868990748104233,-0.3178645294291438,1.7973198887560067,0.0011406490786413784,0.00036047857010375393,0.0004978464610249323,0.06628935873446583,-0.11831790208816528,0.2285064309835434,-0.1462060511112213,1.1950938701629639,0.5580489635467529,-0.9567954540252686,0.326768159866333,-0.04171222448348999,-0.6288999319076538,0.8197414875030518,0.5606350898742676,-1.152678370475769
0.4551758749999989,0.0034223749999999996,133.0,4.830076447214676,-0.2793331829756139,1.797608623832668,0.001314156445850567,0.0004205829627155315,0.0005716454388689034,0.06629623442956921,-0.11768132448196411,0.22861889004707336,-0.14891764521598816,1.1876499652862549,0.538903534412384,-0.9455797672271729,0.35535621643066406,-0.03689533472061157,-0.595914900302887,0.8085789680480957,0.5082014799118042,-1.149835228919983
0.4551758749999989,0.0034223749999999996,133.0,4.790250529584433,-0.2410846450757046,1.7983967540400427,0.0014291269393698176,0.0004721269604067136,0.0006252036605134393,0.06631954580818063,-0.11649459600448608,0.2265738993883133,-0.15434476733207703,1.173667073249817,0.5193596482276917,-0.929424524307251,0.40869900584220886,-0.028380751609802246,-0.5502747297286987,0.7975125312805176,0.4459441602230072,-1.1442556381225586
0.4551758749999989,0.0034223749999999996,133.0,4.7500692851426285,-0.20237438561429988,1.7989585492363465,0.0015671398544044185,0.0005351273968968322,0.0006917993201479381,0.06636014275827176,-0.1129794716835022,0.22328612208366394,-0.16040560603141785,1.1526403427124023,0.4957727789878845,-0.9158289432525635,0.4659200608730316,-0.015634655952453613,-0.4940895438194275,0.7801828384399414,0.3852754533290863,-1.1359341144561768
0.4551758749999989,0.0034223749999999996,133.0,4.708576468482696,-0.16290008829263808,1.799073752990033,0.001727021108952339,0.0006181403767855326,0.0007719034035618021,0.06636950144782418,-0.11275988817214966,0.21746990084648132,-0.16984248161315918,1.1287646293640137,0.4820954203605652,-0.8898053169250488,0.5671257972717285,-0.007424354553222656,-0.421860009431839,0.7703337669372559,0.30399635434150696,-1.1202359199523926
0.4551758749999989,0.0034223749999999996,133.0,4.666643399717005,-0.12105056910357229,1.8022506593808834,0.001859224728255526,0.0006788309646217075,0.0008507520148144311,0.0663329094203157,-0.11361175775527954,0.21056286990642548,-0.18052464723587036,1.1011955738067627,0.47277605533599854,-0.8601577281951904,0.6808649301528931,0.0013567805290222168,-0.3479214608669281,0.7624192237854004,0.2226724624633789,-1.101448893547058
0.4551758749999989,0.0034223749999999996,133.0,4.621678719621134,-0.07881666419437199,1.8033962895072209,0.001950677533831866,0.0007342378176573254,0.0009108605517648905,0.06629207164983676,-0.11317408084869385,0.21060985326766968,-0.1829673945903778,1.0931012630462646,0.45218029618263245,-0.8550989627838135,0.701207160949707,0.0032809972763061523,-0.3259004056453705,0.7518513202667236,0.18096168339252472,-1.0951805114746094
0.4551758749999989,0.0034223749999999996,133.0,4.574407364358949,-0.02879881218965885,1.804211554543714,0.0019407973448255784,0.0005362832100906657,0.00101579705673545,0.0663557808694743,-0.11541619896888733,0.2309749871492386,-0.1579267382621765,1.1646296977996826,0.42653945088386536,-0.919776201248169,0.40011656284332275,-0.02396315336227417,-0.5805513262748718,0.7886831760406494,0.32200396060943604,-1.1393855810165405
0.4551758749999989,0.0034223749999999996,133.0,4.518441929084703,0.028061837679216124,1.809878653531047,0.0017677111567008252,-0.00011045298370849967,0.0011493777852454828,0.06613320699093363,-0.1516457498073578,0.26297685503959656,-0.03936287760734558,1.3270670175552368,0.5734043121337891,-0.9626607894897461,-0.4243272840976715,-0.11083698272705078,-1.4778703451156616,1.0708320140838623,0.7770529985427856,-1.210967779159546
0.4551758749999989,0.0034223749999999996,133.0,4.43282406943384,0.038619259738261774,1.822791139473556,7.376466004071937e-5,-3.722290251808959e-6,5.034166475058778e-5,0.06429974831138778,-0.283176451921463,0.11590272188186646,0.09868040680885315,1.6233704090118408,0.5484501123428345,-0.2430732250213623,-0.5958477258682251,-0.5289217829704285,-1.738606572151184,1.3602969646453857,1.034859299659729,-1.0846703052520752
0.4551758749999989,0.0034223749999999996,133.0,4.44884259176351,0.07162859234685104,1.850394932273411,-0.0019145142593487703,0.0004118365921066838,-0.0012608589957149412,0.06235761963538438,-0.30549606680870056,0.11960826069116592,0.1268083155155182,1.667659878730774,0.4619053304195404,-0.20869088172912598,-0.6530921459197998,-0.5359657406806946,-1.8010553121566772,1.4410667419433594,1.0313814878463745,-1.1211340427398682
0.4551758749999989,0.0034223749999999996,133.0,4.46539410420262,0.1166433836413019,1.8820186619631074,-0.0023055680210649584,0.0008571896141942551,-0.0012100272929383411,0.0604395150557794,-0.3334951102733612,0.10958065092563629,0.17239919304847717,1.6709884405136108,0.19500987231731415,-0.13586139678955078,-0.8636298775672913,-0.5070671439170837,-1.747454047203064,1.465097188949585,1.150211215019226,-1.1519477367401123
0.4551758749999989,0.0034223749999999996,133.0,4.504611967247697,0.16298306471138418,1.895964164434264,-0.002366522372778387,0.0008978922362408504,-0.0011149911161530172,0.05996669179102443,-0.33996084332466125,0.11532144993543625,0.20000609755516052,1.7189520597457886,0.1016126349568367,-0.12903070449829102,-0.965490996837616,-0.5082421898841858,-1.6937556266784668,1.401822566986084,1.1163225173950195,-1.1975651979446411
0.4551758749999989,0.0034223749999999996,133.0,4.549349256024146,0.20742850130103546,1.9031475769988215,-0.00225818729925052,0.0008577121084387061,-0.0010096918261244825,0.0599010640469664,-0.3364194929599762,0.12008395791053772,0.20620456337928772,1.7421098947525024,0.14083461463451385,-0.1637706756591797,-0.9737873077392578,-0.5207050442695618,-1.70895516872406,1.3633217811584473,1.0923465490341187,-1.208116054534912
0.4551758749999989,0.0034223749999999996,133.0,4.59410841263006,0.24997818998453156,1.9079341787455897,-0.002083170614441075,0.0007926195876075452,-0.0008993698544032105,0.05996258122911261,-0.33253511786460876,0.12449519336223602,0.2117811143398285,1.7641561031341553,0.17690499126911163,-0.1930546760559082,-0.9898635149002075,-0.5359371304512024,-1.722044587135315,1.3231244087219238,1.071914792060852,-1.2147340774536133
0.4551758749999989,0.0034223749999999996,133.0,4.638075265820335,0.290868532082371,1.9103782912481229,-0.0018448791331939361,0.0007028939969439687,-0.0007830136868139916,0.06007995446250936,-0.3293987214565277,0.12524937093257904,0.2101326286792755,1.7624200582504272,0.1873372495174408,-0.20977067947387695,-0.9924869537353516,-0.5311498045921326,-1.7486234903335571,1.3184669017791748,1.0918442010879517,-1.2179924249649048
0.4551758749999989,0.0034223749999999996,133.0,4.68116124919117,0.33140976636182656,1.9130092022922285,-0.0017348546959739188,0.0006622205387146364,-0.0007233014915988692,0.06016540106091649,-0.32632383704185486,0.12790100276470184,0.21231046319007874,1.774036169052124,0.21625331044197083,-0.23299217224121094,-0.9971579313278198,-0.5393205285072327,-1.7661762237548828,1.2979285717010498,1.0910085439682007,-1.2214467525482178
0.4551758749999989,0.0034223749999999996,133.0,4.72374325017546,0.3718260880711326,1.9160379290664729,-0.0015116920555120505,0.0005768313736520568,-0.0006128644415386316,0.060193042989993305,-0.3236381709575653,0.13120752573013306,0.21486636996269226,1.7873969078063965,0.247386634349823,-0.25493574142456055,-1.0045053958892822,-0.5490753054618835,-1.7805837392807007,1.276975154876709,1.0843305587768555,-1.225020170211792
0.4551758749999989,0.0034223749999999996,133.0,4.7652578725657335,0.41082229051534547,1.9179336476633575,-0.001337575186838199,0.0005133289999583486,-0.0005353925662376686,0.060285397018108616,-0.3203947842121124,0.13139836490154266,0.21423467993736267,1.786818504333496,0.2556754946708679,-0.268512487411499,-1.0161086320877075,-0.5474793314933777,-1.7934861183166504,1.2658751010894775,1.0996358394622803,-1.2261993885040283
0.4551758749999989,0.0034223749999999996,133.0,4.806069603072478,0.44919368117527814,1.9200103040830292,-0.0011448180783166996,0.00043926385821535546,-0.00044989477549849447,0.06036401231586103,-0.31724217534065247,0.1371278166770935,0.2184092104434967,1.808874249458313,0.30586788058280945,-0.30086588859558105,-1.0111507177352905,-0.5626930594444275,-1.811619758605957,1.2373316287994385,1.0807875394821167,-1.2329802513122559
0.4551758749999989,0.0034223749999999996,133.0,4.846308784526135,0.4867094637125873,1.9227036075431274,-0.0009359963588944741,0.00035866807273532316,-0.0003590277904771939,0.06041961519378375,-0.31447651982307434,0.13908278942108154,0.21947750449180603,1.8170123100280762,0.3363673686981201,-0.32279491424560547,-1.0120216608047485,-0.5704182982444763,-1.8272063732147217,1.222743034362793,1.0878969430923462,-1.2334892749786377
0.4551758749999989,0.0034223749999999996,133.0,4.885649945849643,0.5235904104369844,1.9255943071025114,-0.0007233897077735233,0.00027684286354199487,-0.0002705134773589348,0.06045981820972609,-0.31188639998435974,0.14202731847763062,0.22154322266578674,1.8290220499038696,0.3711952567100525,-0.3458125591278076,-1.0131402015686035,-0.5811032652854919,-1.8404029607772827,1.2043123245239258,1.0872806310653687,-1.234849452972412
0.4551758749999989,0.0034223749999999996,133.0,4.9241249893604655,0.5593290973692553,1.9286261582811086,-0.0005009689864253425,0.00019251592012329704,-0.00018287706323687748,0.06048852945636813,-0.3087194263935089,0.14677202701568604,0.22700002789497375,1.8481812477111816,0.40306949615478516,-0.3686506748199463,-1.0318491458892822,-0.5977310538291931,-1.833709716796875,1.1649830341339111,1.0588129758834839,-1.2371435165405273
0.4551758749999989,0.0034223749999999996,133.0,4.961490860919556,0.5941263461030549,1.931353828455172,-0.00028834044178691455,0.00011085998332391233,-0.00010271230261095066,0.060514799252979354,-0.3064417541027069,0.14918413758277893,0.2287687361240387,1.8565828800201416,0.4270370900630951,-0.3858754634857178,-1.0403978824615479,-0.6055967211723328,-1.8395705223083496,1.1481401920318604,1.0569350719451904,-1.2376853227615356
0.4551758749999989,0.0034223749999999996,133.0,4.997416578470964,0.6278036937892683,1.9337155352391413,-9.518863189160223e-5,3.675928055885753e-5,-3.338382960733029e-5,0.0605447459501545,-0.30450984835624695,0.15144240856170654,0.23032334446907043,1.8643592596054077,0.4490165710449219,-0.4016296863555908,-1.047918677330017,-0.6124314665794373,-1.8464627265930176,1.1342806816101074,1.0566151142120361,-1.238651990890503
0.4551758749999989,0.0034223749999999996,133.0,5.032724128299469,0.6602925257441304,1.9347340732088723,0.00013551893737993897,-5.285312658150268e-5,4.696595053784591e-5,0.060588053824896945,-0.30233773589134216,0.15194395184516907,0.22904488444328308,1.862609624862671,0.4607272744178772,-0.4147067070007324,-1.0507434606552124,-0.6094961762428284,-1.8616348505020142,1.133469581604004,1.0758559703826904,-1.2400612831115723
0.4551758749999989,0.0034223749999999996,133.0,5.0672511234845,0.6908081004520789,1.9354479238722568,0.0003562089173641199,-0.00013904372861695035,0.0001200484929218554,0.06070716882943881,-0.2992715537548065,0.15254166722297668,0.23151245713233948,1.8684254884719849,0.4782041013240814,-0.43164539337158203,-1.0671414136886597,-0.6195773482322693,-1.8531665802001953,1.1072657108306885,1.075657606124878,-1.2357609272003174
0.4551758749999989,0.0034223749999999996,133.0,5.100770691961764,0.7218789247189455,1.9377255367210113,0.0005887283288174183,-0.0002315207276156377,0.00019414831104866217,0.060712483456692445,-0.2971050441265106,0.15585820376873016,0.23390957713127136,1.8784116506576538,0.49423226714134216,-0.44624853134155273,-1.0771418809890747,-0.6248384118080139,-1.853320837020874,1.0868792533874512,1.0624809265136719,-1.2404437065124512
0.4551758749999989,0.0034223749999999996,133.0,5.134807849651272,0.750450857789958,1.938902132139293,0.0008279156538698752,-0.0003249782939446611,0.0002680324282173772,0.060816445457085595,-0.2923857867717743,0.15289364755153656,0.23126539587974548,1.8669074773788452,0.5074798464775085,-0.4601128101348877,-1.0790313482284546,-0.6191423535346985,-1.8534572124481201,1.0745110511779785,1.1007473468780518,-1.235073208808899
0.4551758749999989,0.0034223749999999996,133.0,5.166401785718989,0.7802801955460003,1.9413863641641569,0.0010034139231509629,-0.0003971324698836074,0.0003184704848287824,0.06083863558868865,-0.2909335792064667,0.1550416350364685,0.23297974467277527,1.8740938901901245,0.52657151222229,-0.47266101837158203,-1.0869934558868408,-0.6261109709739685,-1.8550450801849365,1.0616402626037598,1.0971956253051758,-1.235283374786377
0.4551758749999989,0.0034223749999999996,133.0,5.196670939722015,0.8097890266857305,1.9435152598331178,0.0012323646979910494,-0.000492408287123127,0.00038615766378700706,0.06086729159739313,-0.28908953070640564,0.15785756707191467,0.2364136278629303,1.885020136833191,0.543677031993866,-0.48550868034362793,-1.1014724969863892,-0.6364108920097351,-1.8460181951522827,1.036668062210083,1.079070806503296,-1.2357641458511353
0.4551758749999989,0.0034223749999999996,133.0,5.2257862452287345,0.8377719592892221,1.9445406115603225,0.0013848386083325768,-0.0005633420059902164,0.00043138933583222885,0.06092124258058284,-0.2875336706638336,0.1613224595785141,0.23822054266929626,1.8935952186584473,0.5641699433326721,-0.5007598400115967,-1.1029441356658936,-0.6426853537559509,-1.8493940830230713,1.0229997634887695,1.0698504447937012,-1.2380338907241821
0.4551758749999989,0.0034223749999999996,133.0,5.254087427180734,0.8652138550272661,1.945579308685072,0.001590450813284036,-0.000651208759153391,0.0004888392263681865,0.06094430876332092,-0.28548189997673035,0.16213779151439667,0.23961225152015686,1.8966835737228394,0.5754979848861694,-0.5105741024017334,-1.1156156063079834,-0.647838294506073,-1.8438377380371094,1.0065019130706787,1.0678843259811401,-1.2359623908996582
0.4551758749999989,0.0034223749999999996,133.0,5.2811032614918325,0.8922106352674753,1.94644150618541,0.0018231347584255141,-0.0007501256124630414,0.0005554554932223469,0.06096040635179599,-0.2843177616596222,0.16372503340244293,0.24072864651679993,1.9013803005218506,0.5918394327163696,-0.5212423801422119,-1.1214402914047241,-0.6528809666633606,-1.845434546470642,0.9973351955413818,1.0679949522018433,-1.235645055770874
0.4551758749999989,0.0034223749999999996,133.0,5.307044030580596,0.9190980529836904,1.9478810503234694,0.0020629935802937926,-0.0008503927970245516,0.0006210935702576261,0.06095231225991953,-0.28446164727211,0.16790232062339783,0.24131479859352112,1.9109065532684326,0.6189201474189758,-0.5363988876342773,-1.1105244159698486,-0.6566752791404724,-1.8668714761734009,1.0006227493286133,1.069350004196167,-1.2414804697036743
0.4551758749999989,0.0034223749999999996,133.0,5.331884980123741,0.9442352057081251,1.948165586430376,0.0023276076197318316,-0.0009682822888871884,0.0006957273690256161,0.06094884000353211,-0.28326597809791565,0.16874514520168304,0.24199321866035461,1.9134865999221802,0.6317564249038696,-0.5460813045501709,-1.1154052019119263,-0.6600037217140198,-1.8680282831192017,0.9929678440093994,1.074042558670044,-1.240795612335205
0.4551758749999989,0.0034223749999999996,133.0,5.3560215016408455,0.9683174233860009,1.9483295831336522,0.0025215994325320833,-0.0010589155430929264,0.0007485992342231343,0.060947205788940584,-0.2821555435657501,0.168832927942276,0.24386939406394958,1.9157148599624634,0.6289203763008118,-0.5508852005004883,-1.1375349760055542,-0.6640476584434509,-1.8621811866760254,0.979982852935791,1.0678210258483887,-1.2388561964035034
0.4551758749999989,0.0034223749999999996,133.0,5.379300389062342,0.9919491791205909,1.9489038956323474,0.002763399161599005,-0.0011676837935375862,0.0008131356830959494,0.060944729071289255,-0.28055164217948914,0.1692654937505722,0.24514630436897278,1.9176534414291382,0.6325933337211609,-0.5570764541625977,-1.1504052877426147,-0.6663669943809509,-1.8547760248184204,0.9656932353973389,1.0644854307174683,-1.2384626865386963
0.4551758749999989,0.0034223749999999996,133.0,5.40148966854791,1.0147681605567829,1.9493170982864112,0.0030139914202935063,-0.0012827459021203652,0.0008829811934222798,0.06093657303041721,-0.27959486842155457,0.16954369843006134,0.2446589171886444,1.9166889190673828,0.6417156457901001,-0.5641005039215088,-1.154198169708252,-0.6656002402305603,-1.8599094152450562,0.9655828475952148,1.0757579803466797,-1.2383993864059448
0.4551758749999989,0.0034223749999999996,133.0,5.422930129354076,1.036799978763975,1.9501156166053315,0.003279665087695243,-0.0014042367281179907,0.000951943968189482,0.0609198513419193,-0.27865394949913025,0.16967152059078217,0.2439132034778595,1.9148486852645874,0.645500123500824,-0.5683872699737549,-1.1608920097351074,-0.6626521944999695,-1.8645354509353638,0.9662067890167236,1.0856115818023682,-1.2396376132965088
0.4551758749999989,0.0034223749999999996,133.0,5.443357827292551,1.0587553232703464,1.951765550154439,0.0035504854622666737,-0.0015217953883525262,0.0010137142834765846,0.06088747073892526,-0.2782290279865265,0.17310579121112823,0.246927410364151,1.9261568784713745,0.6585979461669922,-0.5767645835876465,-1.165149450302124,-0.6706977486610413,-1.8581031560897827,0.9494295120239258,1.063265323638916,-1.2427442073822021
0.4551758749999989,0.0034223749999999996,133.0,5.463075033618697,1.0792232471577374,1.9526345141886994,0.003760959004916474,-0.001618159501499488,0.0010672734372124675,0.060879610773636864,-0.27741995453834534,0.17409494519233704,0.2480393946170807,1.9293657541275024,0.6644073724746704,-0.5819075107574463,-1.1730746030807495,-0.6732612252235413,-1.8546874523162842,0.9403955936431885,1.0591602325439453,-1.2433768510818481
0.4551758749999989,0.0034223749999999996,133.0,5.481993232008091,1.09880906496039,1.953551860439797,0.003997874376324863,-0.00172328892651884,0.001124971334382114,0.06088011977779539,-0.2773474156856537,0.17664627730846405,0.24913319945335388,1.9359644651412964,0.6845950484275818,-0.5937128067016602,-1.1680244207382202,-0.678290069103241,-1.8637813329696655,0.9378640651702881,1.0601468086242676,-1.2449973821640015
0.4551758749999989,0.0034223749999999996,133.0,5.5000579995044205,1.116692643331681,1.9536118661792714,0.004198064987470791,-0.0018267608247527552,0.0011712089137001706,0.060873498741162914,-0.27566614747047424,0.1762278974056244,0.25047966837882996,1.9362139701843262,0.6810888051986694,-0.5964682102203369,-1.1835534572601318,-0.6796905398368835,-1.8509888648986816,0.921518087387085,1.0542802810668945,-1.2438042163848877
0.4551758749999989,0.0034223749999999996,133.0,5.517293059570298,1.1339367889345007,1.9534392311349194,0.0044354736728632405,-0.0019443353015817953,0.0012366183118425246,0.06088262583622127,-0.2744693458080292,0.17554117739200592,0.2504134476184845,1.9339317083358765,0.6830853819847107,-0.6011099815368652,-1.1919506788253784,-0.6785467267036438,-1.8500720262527466,0.9170243740081787,1.0632519721984863,-1.2427631616592407
0.4551758749999989,0.0034223749999999996,133.0,5.533694881964374,1.1506050648930233,1.9540321815373447,0.00465031689311732,-0.0020466858358352334,0.0012855077796985308,0.060877015158337745,-0.27380117774009705,0.17532524466514587,0.2496454417705536,1.9318974018096924,0.6888651251792908,-0.6051845550537109,-1.1955909729003906,-0.6768242716789246,-1.8553365468978882,0.9192850589752197,1.0749857425689697,-1.242590069770813
0.4551758749999989,0.0034223749999999996,133.0,5.549273318152958,1.1664615094879884,1.9543363324534357,0.0048578698482371835,-0.0021435178652568546,0.0013345698569153387,0.060882656592262004,-0.2727697789669037,0.17597806453704834,0.2500261962413788,1.9327137470245361,0.6948952078819275,-0.6110804080963135,-1.1972265243530273,-0.6778208613395691,-1.854518175125122,0.9125940799713135,1.075118064880371,-1.2424423694610596
0.4551758749999989,0.0034223749999999996,133.0,5.564242274835124,1.1811907431022466,1.9548160262834349,0.00502755632846989,-0.0022227655144176923,0.001366800030107326,0.060893707416508146,-0.27115336060523987,0.17644403874874115,0.25104984641075134,1.9336172342300415,0.699387788772583,-0.6170973777770996,-1.201814889907837,-0.680156409740448,-1.8474884033203125,0.8985216617584229,1.0699442625045776,-1.2409944534301758
0.4551758749999989,0.0034223749999999996,133.0,5.578589737032489,1.194764280318055,1.9550593816129165,0.005173036533617011,-0.002291968329419785,0.0013919229192736581,0.06091194905512675,-0.26982995867729187,0.17669935524463654,0.2514890134334564,1.9333046674728394,0.7090906500816345,-0.6248910427093506,-1.2010107040405273,-0.682789146900177,-1.8452105522155762,0.8900363445281982,1.0729058980941772,-1.2380932569503784
0.4551758749999989,0.0034223749999999996,133.0,5.592269079999287,1.2074429197681786,1.9554473128304535,0.005326057698336204,-0.00236428826473112,0.001417712522656154,0.06093329332206536,-0.2667985260486603,0.17474035918712616,0.25136294960975647,1.9269678592681885,0.7046574950218201,-0.6272690296173096,-1.2093654870986938,-0.6817339062690735,-1.8301390409469604,0.8712730407714844,1.0732980966567993,-1.2328277826309204
0.4551758749999989,0.0034223749999999996,133.0,5.60461210101445,1.220503068549921,1.9563879214260276,0.005491040779138504,-0.0024271827179525485,0.0014491149935112995,0.060948143361089835,-0.2660916745662689,0.1768515259027481,0.2533017694950104,1.9328479766845703,0.7185385227203369,-0.6360137462615967,-1.2040611505508423,-0.6885506510734558,-1.8259187936782837,0.8575692176818848,1.0609321594238281,-1.2318048477172852
0.4551758749999989,0.0034223749999999996,133.0,5.61603120962106,1.2325417370260028,1.9570895843319724,0.005663034381743713,-0.0024973578963097265,0.001487439429783126,0.060964661992018054,-0.26565995812416077,0.17795470356941223,0.25343140959739685,1.9340789318084717,0.7348138689994812,-0.6442725658416748,-1.1961854696273804,-0.6916469931602478,-1.8310226202011108,0.8559281826019287,1.0659302473068237,-1.2300076484680176
0.4551758749999989,0.0034223749999999996,133.0,5.626570375336255,1.2444160235088313,1.9583545800046767,0.005834220065852333,-0.002558063537630795,0.001520848562736747,0.06096958866666753,-0.26562878489494324,0.18163205683231354,0.25638720393180847,1.9445536136627197,0.7521030306816101,-0.6532065868377686,-1.1889755725860596,-0.7017057538032532,-1.8254739046096802,0.8398580551147461,1.0420886278152466,-1.2302459478378296
0.4551758749999989,0.0034223749999999996,133.0,5.636003042687389,1.2555476996545565,1.9593435928479497,0.006021218486434546,-0.002627874187330254,0.001570785382222832,0.06097726577411463,-0.26596149802207947,0.1839248239994049,0.2557894289493561,1.9466371536254883,0.7704625129699707,-0.6607513427734375,-1.1753007173538208,-0.7030770182609558,-1.8371700048446655,0.8459808826446533,1.0466872453689575,-1.2310423851013184
0.4551758749999989,0.0034223749999999996,133.0,5.644815848693219,1.2669829924885916,1.9625846770214226,0.006278705680748576,-0.0027689765082584547,0.0016424826308559716,0.060867313464045045,-0.26758745312690735,0.18749089539051056,0.2567550837993622,1.9566737413406372,0.7899330258369446,-0.664269208908081,-1.1631137132644653,-0.7095310091972351,-1.8447108268737793,0.8486616611480713,1.0339241027832031,-1.2345565557479858
0.4551758749999989,0.0034223749999999996,133.0,5.652622394810938,1.2761958346702778,1.9632447177167847,0.006566129159396434,-0.0028842576090296673,0.0017184307326510164,0.06088088708906439,-0.26774391531944275,0.1887923777103424,0.2565329372882843,1.9585191011428833,0.8057814240455627,-0.6702260971069336,-1.1529165506362915,-0.7123239636421204,-1.8510522842407227,0.850419282913208,1.0382176637649536,-1.2336711883544922
0.4551758749999989,0.0034223749999999996,133.0,5.659653358017956,1.2843307803581132,1.9639300822739618,0.007012795007171934,-0.003070343272500546,0.0018301677045309166,0.060889190908839444,-0.2684006989002228,0.19160044193267822,0.2568229138851166,1.9638508558273315,0.8238539099693298,-0.6775875091552734,-1.1393414735794067,-0.7164773344993591,-1.85819411277771,0.8516905307769775,1.0344719886779785,-1.2348577976226807
0.4551758749999989,0.0034223749999999996,133.0,5.6658713950883035,1.291359537860581,1.9641686673102474,0.007749890641646162,-0.00338979569828373,0.002023460374176899,0.060910515603202944,-0.26799264550209045,0.1928030103445053,0.2576581537723541,1.9670137166976929,0.8336367607116699,-0.6832818984985352,-1.135162353515625,-0.7200152277946472,-1.8536204099655151,0.8430080413818359,1.0270893573760986,-1.234452724456787
0.4551758749999989,0.0034223749999999996,133.0,5.671237064050607,1.297310199546017,1.9645005532434086,0.00942915251316697,-0.004127889361395306,0.002453311206633434,0.06093242441484057,-0.2681320607662201,0.19366788864135742,0.25758096575737,1.9705241918563843,0.8467159271240234,-0.6900362968444824,-1.1271077394485474,-0.7216926217079163,-1.8542324304580688,0.8413715362548828,1.0278651714324951,-1.236343264579773
0.4551758749999989,0.0034223749999999996,133.0,5.675536028196038,1.3014539035629118,1.9653219905925638,0.017431854515281918,-0.007773513242852217,0.0044247914139699486,0.060982348486505966,-0.266438752412796,0.19016052782535553,0.2588735520839691,1.9790067672729492,0.8505051136016846,-0.70096755027771,-1.1416778564453125,-0.7202031016349792,-1.8162076473236084,0.8136563301086426,1.0152084827423096,-1.2463881969451904
0.4551758749999989,0.0034223749999999996,133.0,5.709174934067798,-1.1701119817696082,1.804776179914549,-0.015196529847390353,0.0008308601745242607,-0.006673881737674159,0.06601440851890543,-0.13173899054527283,0.24628488719463348,0.0008164644241333008,1.3376208543777466,0.8398835062980652,-1.3842277526855469,-0.8392238020896912,-0.23438507318496704,-1.39271080493927,0.8075006008148193,1.6497302055358887,-1.1028807163238525
0.4551758749999989,0.0034223749999999996,133.0,5.704362934527374,-1.164947465262411,1.8041725589261899,-0.008172237715252917,0.00039262347754931946,-0.0036772104316053966,0.06598609462026803,-0.13294896483421326,0.24700218439102173,-0.001683354377746582,1.337917447090149,0.8700844049453735,-1.3741073608398438,-0.8001499772071838,-0.23415833711624146,-1.3920745849609375,0.8321967124938965,1.6431782245635986,-1.1033903360366821
0.4551758749999989,0.0034223749999999996,133.0,5.698297667389304,-1.1592013807677313,1.8033506612748493,-0.006715254409688406,0.0002713852807741896,-0.003037619866086766,0.06594373206651918,-0.13417047262191772,0.24717719852924347,-0.0041100382804870605,1.3398699760437012,0.8744977712631226,-1.3628432750701904,-0.7718334794044495,-0.2336234450340271,-1.38825261592865,0.8416833877563477,1.6302684545516968,-1.1058481931686401
0.4551758749999989,0.0034223749999999996,133.0,5.691672523991486,-1.1532869808150548,1.8022333519212754,-0.0060740949827135775,0.00018102786354929124,-0.0027618975104572413,0.06591224769176961,-0.13598400354385376,0.24733932316303253,-0.006903111934661865,1.3436602354049683,0.8772487640380859,-1.348909854888916,-0.7396810054779053,-0.23483431339263916,-1.385836124420166,0.8495724201202393,1.6161463260650635,-1.1084318161010742
0.4551758749999989,0.0034223749999999996,133.0,5.683763979012064,-1.1462320117730342,1.8009117923210312,-0.005704335482262798,0.00010028054310259879,-0.0026042185644952506,0.06586238004083145,-0.1379251778125763,0.2472791224718094,-0.010427892208099365,1.3473237752914429,0.8798650503158569,-1.3321537971496582,-0.7027356624603271,-0.2354947328567505,-1.3820701837539673,0.8578026294708252,1.6012067794799805,-1.1114649772644043
0.4551758749999989,0.0034223749999999996,133.0,5.674704661850174,-1.1403610294597233,1.797430694063205,-0.005444890470628558,6.908392571814205e-6,-0.0024929188371272185,0.06590154395062854,-0.13807272911071777,0.24693217873573303,-0.012848764657974243,1.3459606170654297,0.8792352080345154,-1.3227818012237549,-0.6782331466674805,-0.23392093181610107,-1.3704838752746582,0.8600044250488281,1.5893685817718506,-1.1116726398468018
0.4551758749999989,0.0034223749999999996,133.0,5.66505519343688,-1.131935466309033,1.795973860697642,-0.005233260636315441,-7.112620393384068e-5,-0.0024056506372003503,0.06584818274587828,-0.1408711075782776,0.2471742480993271,-0.016608446836471558,1.352224588394165,0.8793247938156128,-1.3036737442016602,-0.6353811025619507,-0.2361435890197754,-1.3648772239685059,0.8698155879974365,1.5662633180618286,-1.115673542022705
0.4551758749999989,0.0034223749999999996,133.0,5.65492100138266,-1.1224554015001178,1.7946985742673534,-0.00507430619871449,-0.0001297330324120406,-0.0023371852147608886,0.06580783829971423,-0.14211347699165344,0.24669750034809113,-0.020660072565078735,1.352821946144104,0.8742818832397461,-1.288299322128296,-0.5982730984687805,-0.2334567904472351,-1.3542340993881226,0.8780081272125244,1.547593355178833,-1.118957757949829
0.4551758749999989,0.0034223749999999996,133.0,5.6434077430712515,-1.111995876783514,1.793052508052162,-0.00493579181018051,-0.00020189654253154946,-0.002276769402897054,0.06573432713554646,-0.14475774765014648,0.245988130569458,-0.026398777961730957,1.3560806512832642,0.8757799863815308,-1.2629868984222412,-0.5434595942497253,-0.2332761287689209,-1.3471273183822632,0.8886818885803223,1.5275964736938477,-1.122515082359314
0.4551758749999989,0.0034223749999999996,133.0,5.631461361116281,-1.1013208539010189,1.7914168822208156,-0.004789842323302469,-0.00027728276171145265,-0.002217513460680516,0.06568212812135533,-0.14717179536819458,0.24540239572525024,-0.03163138031959534,1.3589988946914673,0.8744463920593262,-1.2402598857879639,-0.4927978813648224,-0.232660174369812,-1.3373968601226807,0.8987774848937988,1.5046085119247437,-1.1261053085327148
0.4551758749999989,0.0034223749999999996,133.0,5.619026084242174,-1.0894674543722316,1.790288059192925,-0.004654532337364853,-0.0003232032299321636,-0.002157530907781319,0.06565228344960282,-0.14810961484909058,0.2450154721736908,-0.03523421287536621,1.3586901426315308,0.8689761161804199,-1.2276558876037598,-0.4629330039024353,-0.2293514609336853,-1.3247489929199219,0.9056482315063477,1.4868066310882568,-1.1290620565414429
0.4551758749999989,0.0034223749999999996,133.0,5.605832452896026,-1.0768049145979104,1.7892233101680293,-0.004518342771561664,-0.0003597210078277886,-0.002095089152384687,0.06561737598613519,-0.14975351095199585,0.24436302483081818,-0.03994259238243103,1.359392762184143,0.8694858551025391,-1.2089707851409912,-0.42301878333091736,-0.22717875242233276,-1.3143202066421509,0.9139091968536377,1.4707363843917847,-1.131988286972046
0.4551758749999989,0.0034223749999999996,133.0,5.592383868357275,-1.0633364348664742,1.7884645965137276,-0.004396258012695691,-0.0003828349984826486,-0.002038226725366358,0.06561466673249723,-0.14822405576705933,0.2437184602022171,-0.04230007529258728,1.3533551692962646,0.8662445545196533,-1.2060518264770508,-0.41492927074432373,-0.21959733963012695,-1.299811840057373,0.915027379989624,1.46677565574646,-1.13351571559906
0.4551758749999989,0.0034223749999999996,133.0,5.578563252005228,-1.0492869066066832,1.7879713842011349,-0.004239235930785664,-0.00039353229836073313,-0.0019654161031686323,0.06564153346482086,-0.14632001519203186,0.24280069768428802,-0.045149773359298706,1.3461867570877075,0.8615961670875549,-1.2021918296813965,-0.403810054063797,-0.21110904216766357,-1.2850407361984253,0.9151222705841064,1.4610130786895752,-1.1348876953125
0.4551758749999989,0.0034223749999999996,133.0,5.563705784079787,-1.0341993595968824,1.7874003016713307,-0.00404584560491207,-0.0004003486119514163,-0.0018746158639858825,0.06566022442373547,-0.14461442828178406,0.2424963265657425,-0.0470120906829834,1.3409912586212158,0.85712069272995,-1.2004029750823975,-0.3991091549396515,-0.2049480676651001,-1.2721378803253174,0.9133379459381104,1.4525365829467773,-1.1358517408370972
0.4551758749999989,0.0034223749999999996,133.0,5.547812729519504,-1.0180595531298455,1.7872559686327136,-0.003863814967077291,-0.0003975436688325167,-0.0017869100471769703,0.06567779364377944,-0.1439264714717865,0.24259857833385468,-0.04907068610191345,1.3388972282409668,0.8524714708328247,-1.1959214210510254,-0.3880670666694641,-0.20081830024719238,-1.2609132528305054,0.9134278297424316,1.4382940530776978,-1.1378668546676636
0.4551758749999989,0.0034223749999999996,133.0,5.530531013395476,-1.0008835976290607,1.7865878899372152,-0.003660588028501056,-0.00040614682089326886,-0.001688357902159332,0.06566112909968343,-0.1443977952003479,0.2421821802854538,-0.05308496952056885,1.3379747867584229,0.8478277921676636,-1.1825954914093018,-0.35614797472953796,-0.19773554801940918,-1.2477556467056274,0.9169318675994873,1.4163233041763306,-1.1400840282440186
0.4551758749999989,0.0034223749999999996,133.0,5.5134054659385665,-0.9833052095638392,1.7864630897040252,-0.0034655823484919875,-0.00039886405154331906,-0.0015956245001501254,0.06570273473176988,-0.1426401436328888,0.24305693805217743,-0.05313345789909363,1.3350837230682373,0.8361679911613464,-1.1873736381530762,-0.3627721965312958,-0.19345694780349731,-1.2349079847335815,0.9119009971618652,1.3997572660446167,-1.1413427591323853
0.4551758749999989,0.0034223749999999996,133.0,5.495102486867462,-0.9645470903624022,1.7862345535958384,-0.003264096218868342,-0.0003913958401863501,-0.0014974390871800346,0.06572010782890152,-0.1407230794429779,0.2428552210330963,-0.055393755435943604,1.3298492431640625,0.82927405834198,-1.1846256256103516,-0.3536023795604706,-0.18725794553756714,-1.2205567359924316,0.9073867797851562,1.3858256340026855,-1.1423702239990234
0.4551758749999989,0.0034223749999999996,133.0,5.475844190498619,-0.9453230190878453,1.785592126165215,-0.003081487223269493,-0.00039931286830855855,-0.0014109166473645623,0.06573506968878128,-0.13960176706314087,0.2424682378768921,-0.05859518051147461,1.3253976106643677,0.8175353407859802,-1.178084135055542,-0.33272668719291687,-0.18102538585662842,-1.2022018432617188,0.9063260555267334,1.3627208471298218,-1.144168496131897
0.4551758749999989,0.0034223749999999996,133.0,5.456191716100251,-0.925114906965611,1.785407725825566,-0.0028457225987878485,-0.00038303222543565647,-0.0012985898079372442,0.06577387589956331,-0.13778725266456604,0.24116285145282745,-0.06323137879371643,1.318251371383667,0.8155105113983154,-1.1668603420257568,-0.3059467673301697,-0.1733512282371521,-1.1853374242782593,0.9034795761108398,1.348503589630127,-1.1449158191680908
0.4551758749999989,0.0034223749999999996,133.0,5.435000503572691,-0.9051726436634497,1.7840191542133332,-0.002608835691103328,-0.0004026144524868108,-0.0011923426939585912,0.06575921696125968,-0.1366635262966156,0.24010275304317474,-0.06766769289970398,1.3128070831298828,0.809637725353241,-1.1552550792694092,-0.27429065108299255,-0.16709750890731812,-1.1659905910491943,0.9019615650177002,1.3264929056167603,-1.1458660364151
0.4551758749999989,0.0034223749999999996,133.0,5.413307918091584,-0.8835397273902259,1.7835943059037827,-0.002386511339471421,-0.0003909625821607268,-0.0010873744514489263,0.06577701775501825,-0.13660567998886108,0.24114201962947845,-0.0691254734992981,1.3135579824447632,0.8015506267547607,-1.1507477760314941,-0.26313483715057373,-0.165424644947052,-1.1517999172210693,0.8999712467193604,1.2993273735046387,-1.148152232170105
0.4551758749999989,0.0034223749999999996,133.0,5.390785529304997,-0.8609321649777726,1.7830571465638885,-0.0021676427412597263,-0.000376643885600168,-0.0009835641297884458,0.06579433218482973,-0.1345289945602417,0.2412368357181549,-0.07105016708374023,1.3080271482467651,0.7893854975700378,-1.149765968322754,-0.25653359293937683,-0.15864187479019165,-1.1330180168151855,0.8946170806884766,1.278525471687317,-1.1493688821792603
0.4551758749999989,0.0034223749999999996,133.0,5.367334834993131,-0.8368634686255907,1.782874257378056,-0.001992102481441811,-0.0003558703067586382,-0.0008972206701970941,0.06581265176437455,-0.13396340608596802,0.24093623459339142,-0.07479193806648254,1.3045539855957031,0.7771751284599304,-1.1404411792755127,-0.22983892261981964,-0.15308833122253418,-1.1120373010635376,0.894181489944458,1.2475266456604004,-1.1514339447021484
0.4551758749999989,0.0034223749999999996,133.0,5.343481645594067,-0.8126134994822883,1.7827885644205674,-0.0017728992343803945,-0.0003280838967739637,-0.0007954160196785214,0.06586182025719808,-0.13280129432678223,0.24322324991226196,-0.07350951433181763,1.3047170639038086,0.7620061635971069,-1.1470086574554443,-0.24548085033893585,-0.15081632137298584,-1.0988926887512207,0.8873550891876221,1.2231367826461792,-1.153569221496582
0.4551758749999989,0.0034223749999999996,133.0,5.318555604768139,-0.7877302825432674,1.7828468110570501,-0.0015703946383646384,-0.00030418657327948553,-0.0007031147260840659,0.06591065196164718,-0.1323898434638977,0.24405303597450256,-0.07547855377197266,1.3035496473312378,0.7499444484710693,-1.1422719955444336,-0.23359689116477966,-0.14707797765731812,-1.0818734169006348,0.8853354454040527,1.1929715871810913,-1.1560022830963135
0.4551758749999989,0.0034223749999999996,133.0,5.292295684152209,-0.7622599100908516,1.7823421004713502,-0.0013714874576007206,-0.0002850512501378679,-0.0006127723623092631,0.06592470623389475,-0.13173505663871765,0.24264955520629883,-0.08124807476997375,1.2979648113250732,0.7440807223320007,-1.1263713836669922,-0.19195275008678436,-0.14036238193511963,-1.0588877201080322,0.8853416442871094,1.1623085737228394,-1.157278060913086
0.4551758749999989,0.0034223749999999996,133.0,5.2654705864577735,-0.7358141619564497,1.7821155095045247,-0.0012046893676182972,-0.00025970131008140417,-0.0005348588399175387,0.065964699619441,-0.13063371181488037,0.24209950864315033,-0.085364431142807,1.2924983501434326,0.7303988337516785,-1.1168453693389893,-0.16317327320575714,-0.1331499218940735,-1.0335627794265747,0.8831875324249268,1.1275936365127563,-1.1590126752853394
0.4551758749999989,0.0034223749999999996,133.0,5.237777135022351,-0.7087713494448046,1.782020617234983,-0.001062547446042844,-0.0002361323436479433,-0.00047022394983400173,0.06602380891472825,-0.12955844402313232,0.24143335223197937,-0.08986303210258484,1.2865846157073975,0.7160738706588745,-1.1060705184936523,-0.13055823743343353,-0.1253235936164856,-1.0054773092269897,0.8814520835876465,1.0894826650619507,-1.1608926057815552
0.4551758749999989,0.0034223749999999996,133.0,5.208918370373768,-0.6805308216793962,1.781950650894844,-0.0008734317594263954,-0.00020048243114881094,-0.0003852861409687933,0.06605658361222967,-0.12694591283798218,0.24121220409870148,-0.09279972314834595,1.278580665588379,0.7008359432220459,-1.1020922660827637,-0.11533387005329132,-0.1158599853515625,-0.9783836603164673,0.8741650581359863,1.0592832565307617,-1.1623022556304932
0.4551758749999989,0.0034223749999999996,133.0,5.179176248458429,-0.6519744694801853,1.7816248045282133,-0.0007299556876812891,-0.00017655770752586007,-0.0003217343892881471,0.06607738439515294,-0.12708264589309692,0.2380116581916809,-0.10178625583648682,1.2709505558013916,0.7017397880554199,-1.0755317211151123,-0.04293176904320717,-0.1091504693031311,-0.9465929865837097,0.8764858245849609,1.0176926851272583,-1.1616582870483398
0.4551758749999989,0.0034223749999999996,133.0,5.148595621761791,-0.6225071358144135,1.7814174151389524,-0.0005443382731212936,-0.00013758337105004715,-0.000239763086413327,0.06609568774744161,-0.12692397832870483,0.23649872839450836,-0.10780331492424011,1.2649905681610107,0.692155659198761,-1.058516502380371,0.007138324901461601,-0.1029239296913147,-0.9156783819198608,0.8756837844848633,0.9718616008758545,-1.1619648933410645
0.4551758749999989,0.0034223749999999996,133.0,5.117904765244963,-0.5920110951343697,1.7815784353812207,-0.00033784938812794513,-8.709223143857035e-5,-0.00014840133955624143,0.06614086032750964,-0.12586835026741028,0.2357008308172226,-0.11227929592132568,1.2580556869506836,0.6768419742584229,-1.0477139949798584,0.04251205176115036,-0.09568017721176147,-0.8841143846511841,0.8716609477996826,0.9271199703216553,-1.1622178554534912
0.4551758749999989,0.0034223749999999996,133.0,5.086289261447612,-0.5607169965729193,1.7818824097954444,-0.0001523989124805065,-4.011584899455983e-5,-6.696991356013587e-5,0.06619610716750672,-0.12274062633514404,0.2356744259595871,-0.11472511291503906,1.2489609718322754,0.6595498919487,-1.0455138683319092,0.05553244426846504,-0.0863271951675415,-0.8546700477600098,0.8603527545928955,0.8924316167831421,-1.1623952388763428
0.4551758749999989,0.0034223749999999996,133.0,5.053781853837679,-0.529298361047244,1.7820417281537628,2.7734318800241335e-5,7.6238475238745025e-6,1.220298703369869e-5,0.06623246302589306,-0.12137648463249207,0.2355179339647293,-0.11819827556610107,1.2424416542053223,0.6447434425354004,-1.0369327068328857,0.08327688276767731,-0.07968389987945557,-0.8251373767852783,0.8531718254089355,0.8481466770172119,-1.1624220609664917
0.4551758749999989,0.0034223749999999996,133.0,5.020316389045745,-0.49668251317828593,1.782092348950786,0.00020772733345853146,5.9115499096994614e-5,9.12845442536085e-5,0.06626056179323327,-0.11916148662567139,0.23249377310276031,-0.12517550587654114,1.2293310165405273,0.6353344321250916,-1.0216543674468994,0.13640397787094116,-0.06972795724868774,-0.7869344353675842,0.8463590145111084,0.8045245409011841,-1.1594326496124268
0.4551758749999989,0.0034223749999999996,133.0,4.9860013888451995,-0.4630078097131068,1.7819584391609002,0.0004020963684576713,0.00011792591486704182,0.00017623124104442251,0.06628267474988962,-0.11793404817581177,0.23107211291790009,-0.13016599416732788,1.2197215557098389,0.6183278560638428,-1.009389877319336,0.17854610085487366,-0.06154918670654297,-0.7492755055427551,0.8402078151702881,0.7542832493782043,-1.1579290628433228
0.4551758749999989,0.0034223749999999996,133.0,4.950799152824571,-0.4282760211143572,1.782375307199329,0.0005597023468063216,0.00016683306753008918,0.00024475831805571477,0.06631293003022418,-0.11712908744812012,0.23171651363372803,-0.13242647051811218,1.214806318283081,0.601260244846344,-1.0014927387237549,0.19763202965259552,-0.056095659732818604,-0.7226051092147827,0.8314945697784424,0.7101735472679138,-1.158250093460083
0.4551758749999989,0.0034223749999999996,133.0,4.914076674907793,-0.39238132846880935,1.782510478612941,0.0007317441807954762,0.00022332106671077917,0.00031899324762446813,0.06630770265008325,-0.11952677369117737,0.23156902194023132,-0.136836439371109,1.2123870849609375,0.587121844291687,-0.9828646183013916,0.24484479427337646,-0.05470871925354004,-0.6904967427253723,0.8315696716308594,0.6478840112686157,-1.15695059299469
0.4551758749999989,0.0034223749999999996,133.0,4.876553822018987,-0.355592997386423,1.7827613653347725,0.0009113060046567065,0.00028277336079685257,0.0003960012877224775,0.06631296796672254,-0.1209213137626648,0.23354455828666687,-0.13810724020004272,1.2111842632293701,0.5624014139175415,-0.9707880020141602,0.26560524106025696,-0.05285614728927612,-0.6628031134605408,0.8261702060699463,0.5878825187683105,-1.1571648120880127
0.4551758749999989,0.0034223749999999996,133.0,4.838330468002966,-0.31772530562493945,1.7829684313497611,0.0011057450909106575,0.00034721196625047286,0.00047821440527385926,0.0663110008858059,-0.12114420533180237,0.23388156294822693,-0.14093294739723206,1.2053678035736084,0.5440274477005005,-0.9567921161651611,0.2967035174369812,-0.049468934535980225,-0.6308870315551758,0.8177134990692139,0.5333901643753052,-1.1544840335845947
0.4551758749999989,0.0034223749999999996,133.0,4.799561744997625,-0.2799020487648576,1.7833312503445333,0.0012915121143665504,0.0004170063310867748,0.0005579637629445878,0.06631924454266871,-0.11991482973098755,0.232014998793602,-0.14604666829109192,1.192541241645813,0.5253874063491821,-0.9415631294250488,0.3451153635978699,-0.041439175605773926,-0.588379442691803,0.8072733879089355,0.47611740231513977,-1.1496063470840454
0.4551758749999989,0.0034223749999999996,133.0,4.760000586799479,-0.24170158551670182,1.7840114732967252,0.001411304591980942,0.00046979319059489244,0.0006108510743799033,0.06633847668494676,-0.11860325932502747,0.22986440360546112,-0.1515810787677765,1.1775031089782715,0.5052157640457153,-0.9240942001342773,0.4000415503978729,-0.032663583755493164,-0.5407218337059021,0.7956423759460449,0.4133753180503845,-1.1432360410690308
0.4551758749999989,0.0034223749999999996,133.0,4.719781149209672,-0.20310761957159942,1.7845316372049118,0.001558658834494208,0.0005376820979689576,0.0006820375185918934,0.06637639302997879,-0.11586886644363403,0.22487959265708923,-0.15989509224891663,1.1537480354309082,0.489356130361557,-0.9051105976104736,0.47892245650291443,-0.020494520664215088,-0.47853267192840576,0.7813253402709961,0.34869542717933655,-1.1317176818847656
0.4551758749999989,0.0034223749999999996,133.0,4.678294006210207,-0.1624754277808714,1.784399001635101,0.0017126250435087029,0.0006112521073209627,0.0007525576016179852,0.06636895909385236,-0.113385409116745,0.22081005573272705,-0.16670605540275574,1.1300623416900635,0.46258994936943054,-0.8858067989349365,0.5521929264068604,-0.009392321109771729,-0.4101410508155823,0.7638604640960693,0.2762715518474579,-1.1190367937088013
0.4551758749999989,0.0034223749999999996,133.0,4.636551181469819,-0.12165268008555337,1.7881806928250996,0.0018430792635113634,0.0006730203678581785,0.0008349521084896293,0.06636085503854257,-0.11354255676269531,0.20931831002235413,-0.18215146660804749,1.0911762714385986,0.4635300934314728,-0.8532881736755371,0.7045678496360779,0.004442334175109863,-0.320311039686203,0.7585554122924805,0.19436891376972198,-1.094286322593689
0.4551758749999989,0.0034223749999999996,133.0,4.591536759873439,-0.07920569044000485,1.789196607082568,0.0019347752876440279,0.0007305810683098676,0.0008918427008641043,0.06630878275722081,-0.11436954140663147,0.21327589452266693,-0.18084964156150818,1.093841552734375,0.43567052483558655,-0.8498227596282959,0.6931192278862,0.0015398859977722168,-0.3151344656944275,0.7492992877960205,0.15337616205215454,-1.0937587022781372
0.4551758749999989,0.0034223749999999996,133.0,4.543174507913161,-0.026262148081733175,1.790190005749935,0.001926368649581916,0.0004914908397578372,0.0010026349387063302,0.06632852598303775,-0.11948677897453308,0.2419811189174652,-0.13838350772857666,1.2005584239959717,0.43084463477134705,-0.932868242263794,0.2385348230600357,-0.04220229387283325,-0.7293456792831421,0.8160486221313477,0.38725972175598145,-1.1561578512191772
0.4551758749999989,0.0034223749999999996,133.0,4.486538791877343,0.029764136900070546,1.7951931195999775,0.0017552160359512613,-0.00012103391524723742,0.0011474227870648527,0.06602197384694587,-0.15406867861747742,0.2606944143772125,-0.03461664915084839,1.3139407634735107,0.5659001469612122,-0.9274249076843262,-0.4390398859977722,-0.1045427918434143,-1.5089348554611206,1.0998752117156982,0.7784678936004639,-1.2036025524139404
0.4551758749999989,0.0034223749999999996,133.0,4.403429989358967,0.03844060867541235,1.807460588108863,9.709020004151113e-5,-3.3328179152035513e-6,6.619971798255562e-5,0.06435534670976997,-0.2821735441684723,0.11308285593986511,0.07423374056816101,1.5628931522369385,0.5280413031578064,-0.19642210006713867,-0.4509854316711426,-0.4750366806983948,-1.7187665700912476,1.441279649734497,1.031384825706482,-1.0790377855300903
0.4551758749999989,0.0034223749999999996,133.0,4.417795120824398,0.0724875879013513,1.8348316116115446,-0.001885410799121585,0.00040618886555710123,-0.0012488679556893643,0.06227461171689707,-0.30666741728782654,0.11705794930458069,0.13095054030418396,1.6433093547821045,0.4212942123413086,-0.18957066535949707,-0.6878994703292847,-0.5363366007804871,-1.7560230493545532,1.439718246459961,1.0414642095565796,-1.0959644317626953
0.4551758749999989,0.0034223749999999996,133.0,4.433704522832478,0.11894087540182804,1.8676304516763542,-0.0022837475231347773,0.0008603046904469216,-0.0012017659662170495,0.060295369724406654,-0.33998844027519226,0.11345236003398895,0.18110761046409607,1.6641037464141846,0.1264142245054245,-0.1016228199005127,-0.9249966740608215,-0.5050434470176697,-1.6918481588363647,1.472593069076538,1.1367006301879883,-1.146221399307251
0.4551758749999989,0.0034223749999999996,133.0,4.472952418019792,0.16491243118254623,1.881501732791513,-0.002337206314058382,0.0009070715164464261,-0.00110814898949893,0.059857242264343996,-0.3411637842655182,0.11747301369905472,0.19812074303627014,1.7022783756256104,0.099004365503788,-0.10869479179382324,-0.9792730808258057,-0.5069873929023743,-1.6618331670761108,1.4162299633026123,1.0893127918243408,-1.1819663047790527
0.4551758749999989,0.0034223749999999996,133.0,4.517559532155108,0.20965355777858807,1.8885800439757168,-0.002225597362729215,0.0008638441405021037,-0.0010041449715912398,0.05979749600289641,-0.3375750482082367,0.12319265305995941,0.20754864811897278,1.7383607625961304,0.1441192477941513,-0.14719796180725098,-0.9981335401535034,-0.526239812374115,-1.6787112951278687,1.362612009048462,1.05225670337677,-1.198520541191101
0.4551758749999989,0.0034223749999999996,133.0,4.562228637110037,0.25236048935169597,1.893104257565706,-0.0020426072110663884,0.0007940982797907207,-0.000892432621858281,0.05988031145955677,-0.333972305059433,0.12982872128486633,0.21436801552772522,1.7682327032089233,0.1969224214553833,-0.18241500854492188,-1.0077399015426636,-0.5454686284065247,-1.7002602815628052,1.3200256824493408,1.0183056592941284,-1.2089210748672485
0.4551758749999989,0.0034223749999999996,133.0,4.606145317260123,0.2934508795972821,1.895974566748031,-0.0018087866267142065,0.0007047284666236146,-0.0007741732244160427,0.060003259642904566,-0.33045342564582825,0.13208618760108948,0.21627697348594666,1.7788373231887817,0.22690080106258392,-0.20810961723327637,-1.0135687589645386,-0.5540067553520203,-1.7202070951461792,1.2975695133209229,1.0212926864624023,-1.2109959125518799
0.4551758749999989,0.0034223749999999996,133.0,4.6491626991842,0.3338035430840211,1.8984214954268646,-0.001700823305304799,0.0006640304679398434,-0.0007149405957124422,0.060091387887685,-0.32737740874290466,0.1345021277666092,0.21812811493873596,1.7892895936965942,0.2548905611038208,-0.2313861846923828,-1.0181455612182617,-0.5615988373756409,-1.7383054494857788,1.2780640125274658,1.0231146812438965,-1.2138786315917969
0.4551758749999989,0.0034223749999999996,133.0,4.69166718948267,0.37400875889604457,1.9012063745430956,-0.0014657274444688387,0.0005723090318629541,-0.0005992451808300076,0.060110781258315274,-0.3244703710079193,0.13485859334468842,0.21758601069450378,1.7890928983688354,0.25539514422416687,-0.24131512641906738,-1.0339362621307373,-0.5582807660102844,-1.7489749193191528,1.2667319774627686,1.0361610651016235,-1.2171096801757812
0.4551758749999989,0.0034223749999999996,133.0,4.733243303675534,0.4134119224710671,1.9044734299388937,-0.0012835598590091952,0.0005027012415276506,-0.000512436778204685,0.06016661739832281,-0.3219126760959625,0.13784779608249664,0.21998915076255798,1.8015437126159668,0.28367146849632263,-0.26216554641723633,-1.041108250617981,-0.5675516724586487,-1.7614901065826416,1.246572494506836,1.031317949295044,-1.2202582359313965
0.4551758749999989,0.0034223749999999996,133.0,4.77400761397967,0.4517996410709886,1.9062748193281047,-0.0010594873964416892,0.0004142905505890368,-0.0004162114553590245,0.06026538156727658,-0.3187014162540436,0.1417083442211151,0.2220650613307953,1.8152446746826172,0.31805160641670227,-0.2891263961791992,-1.0376055240631104,-0.5744462609291077,-1.7812858819961548,1.22590970993042,1.0262370109558105,-1.2271188497543335
0.4551758749999989,0.0034223749999999996,133.0,4.814059827784498,0.4889374440421885,1.9079996725910757,-0.0008495633894510479,0.0003313938673239151,-0.0003283883928387171,0.060353002738923356,-0.31572696566581726,0.1428283005952835,0.22161689400672913,1.8192530870437622,0.34439530968666077,-0.31154727935791016,-1.0316804647445679,-0.577099621295929,-1.8027840852737427,1.2173810005187988,1.0438803434371948,-1.2286828756332397
0.4551758749999989,0.0034223749999999996,133.0,4.853381503628133,0.5255011061509615,1.910602449512761,-0.00064606441879247,0.0002521171798349334,-0.00024487663765456635,0.060422016105797796,-0.31300368905067444,0.1451452076435089,0.2226445972919464,1.8287549018859863,0.37570688128471375,-0.33475208282470703,-1.0275357961654663,-0.5841522812843323,-1.8205175399780273,1.202906847000122,1.0507080554962158,-1.2312480211257935
0.4551758749999989,0.0034223749999999996,133.0,4.891444185635379,0.5614840602152626,1.9133983093808817,-0.00044580389088904194,0.00017409663692834266,-0.00016464244719862983,0.060445595942136936,-0.3104914128780365,0.1475224494934082,0.22432222962379456,1.8378865718841553,0.40027469396591187,-0.3532567024230957,-1.0333762168884277,-0.5915544629096985,-1.8292865753173828,1.1853716373443604,1.0504827499389648,-1.233001470565796
0.4551758749999989,0.0034223749999999996,133.0,4.928616564331238,0.5965080227398453,1.9162461885976694,-0.0002525594367080439,9.865444630851264e-5,-9.091075425889726e-5,0.060466347810512855,-0.30831798911094666,0.1500326544046402,0.22615477442741394,1.847238540649414,0.4238370656967163,-0.37044382095336914,-1.040401577949524,-0.5991416573524475,-1.8362644910812378,1.1688120365142822,1.0481891632080078,-1.234774112701416
0.4551758749999989,0.0034223749999999996,133.0,4.964628593693123,0.6298129021695121,1.917487191337698,-7.799913097667233e-5,3.057626504973713e-5,-2.7733621012695468e-5,0.06051410938498007,-0.3055506646633148,0.15259407460689545,0.22811982035636902,1.85505211353302,0.4382607638835907,-0.38762545585632324,-1.0506876707077026,-0.6024646162986755,-1.840617299079895,1.1487760543823242,1.0433363914489746,-1.239277958869934
0.4551758749999989,0.0034223749999999996,133.0,4.999482992288389,0.6623215216552475,1.9187545537979478,0.00014728205972691318,-5.8330866292905106e-5,5.190815963592495e-5,0.06054588133404093,-0.3033722937107086,0.1542099118232727,0.22930511832237244,1.8612374067306519,0.4593139886856079,-0.4045131206512451,-1.0564831495285034,-0.6083597540855408,-1.847307801246643,1.1352994441986084,1.0478595495224,-1.2396328449249268
0.4551758749999989,0.0034223749999999996,133.0,5.034525440653321,0.6925779670589366,1.919667461544685,0.000358749912442261,-0.0001416801587605305,0.00012243520268150193,0.06067948994500133,-0.3003986179828644,0.1536359339952469,0.22967979311943054,1.8606873750686646,0.4653954803943634,-0.41741347312927246,-1.0709196329116821,-0.6098855137825012,-1.8467342853546143,1.120220422744751,1.060964584350586,-1.237664818763733
0.4551758749999989,0.0034223749999999996,133.0,5.0679401907856025,0.7238786727571396,1.9220410032863515,0.0005752163604705228,-0.0002284042548480443,0.000192067968885667,0.0606911647729208,-0.29798415303230286,0.1571333408355713,0.23406127095222473,1.875020146369934,0.4824230372905731,-0.43292903900146484,-1.0885028839111328,-0.6209560036659241,-1.8363898992538452,1.087841272354126,1.0365643501281738,-1.2407405376434326
0.4551758749999989,0.0034223749999999996,133.0,5.100548978572925,0.7542835382201676,1.924136308931164,0.0008212621856524664,-0.00032828504738553505,0.0002697514007458079,0.06068881778165939,-0.2958693206310272,0.15625931322574615,0.23335149884223938,1.8719592094421387,0.4848063886165619,-0.43932247161865234,-1.1027852296829224,-0.6190590262413025,-1.8389133214950562,1.0816872119903564,1.051876425743103,-1.2397215366363525
0.4551758749999989,0.0034223749999999996,133.0,5.132178121689123,0.7844925653189059,1.9273391036736256,0.000999166491422528,-0.00040102868819427896,0.0003199115398191623,0.06069536491477131,-0.2949276268482208,0.16224823892116547,0.2365817129611969,1.8895506858825684,0.5172576904296875,-0.4595634937286377,-1.0967121124267578,-0.6289352774620056,-1.8493380546569824,1.065854787826538,1.0307663679122925,-1.247360110282898
0.4551758749999989,0.0034223749999999996,133.0,5.162525996851342,0.8137336463372705,1.9297021272094732,0.0012263402044871438,-0.0004960788124661812,0.0003866939209414117,0.06071153942016578,-0.29344698786735535,0.16401724517345428,0.23787572979927063,1.8956016302108765,0.5352676510810852,-0.4717674255371094,-1.1023272275924683,-0.6347739100456238,-1.8517208099365234,1.0542266368865967,1.029952883720398,-1.247593641281128
0.4551758749999989,0.0034223749999999996,133.0,5.192009570012932,0.8414179915690772,1.9311719349157808,0.001391754217655361,-0.0005717931022397901,0.00043340698618587564,0.06076546673320305,-0.29102709889411926,0.16520418226718903,0.23909255862236023,1.8985787630081177,0.5443769097328186,-0.48215270042419434,-1.1148861646652222,-0.6379448771476746,-1.8473260402679443,1.0368270874023438,1.0267333984375,-1.2474002838134766
0.4551758749999989,0.0034223749999999996,133.0,5.220280509917576,0.869016243917172,1.932797813825407,0.0015874398625233285,-0.0006576220019245277,0.0004883529310164135,0.060799450147142754,-0.28948286175727844,0.16669102013111115,0.24020454287528992,1.9033528566360474,0.5613020062446594,-0.4936940670013428,-1.1200761795043945,-0.643291175365448,-1.8487122058868408,1.025421142578125,1.0268687009811401,-1.246856451034546
0.4551758749999989,0.0034223749999999996,133.0,5.247486083890079,0.8958710754270951,1.9341074756392087,0.0018201005043387748,-0.0007561933007396997,0.000552421467304616,0.060816394632832095,-0.28842028975486755,0.16905337572097778,0.24173763394355774,1.9112534523010254,0.5821551084518433,-0.50710129737854,-1.1195743083953857,-0.6501871943473816,-1.8528386354446411,1.0146334171295166,1.0240644216537476,-1.2478762865066528
0.4551758749999989,0.0034223749999999996,133.0,5.273566283743086,0.9224780638507407,1.9355570440226433,0.002058052670630377,-0.0008565765269244398,0.0006165526183548448,0.06081433875612196,-0.2875542938709259,0.17079590260982513,0.2430291473865509,1.9173873662948608,0.5969236493110657,-0.5167288780212402,-1.1233123540878296,-0.6551690697669983,-1.8547520637512207,1.005589246749878,1.0218067169189453,-1.249042272567749
0.4551758749999989,0.0034223749999999996,133.0,5.298838739913302,0.9473850532304262,1.9360253762524573,0.002320216716934779,-0.0009707515038027221,0.0006879344436540374,0.06082916088801148,-0.28576764464378357,0.1722637414932251,0.24494656920433044,1.9226964712142944,0.6071673631668091,-0.5273728370666504,-1.1327190399169922,-0.6601254343986511,-1.8489906787872314,0.9876458644866943,1.0149532556533813,-1.2493648529052734
0.4551758749999989,0.0034223749999999996,133.0,5.3232097417910476,0.9709779194338376,1.9357379461472801,0.002511542001204944,-0.00105933998228088,0.0007407349791270599,0.0608449822444341,-0.2836027443408966,0.1707695722579956,0.244227796792984,1.9176547527313232,0.606563150882721,-0.5330965518951416,-1.1442348957061768,-0.657203733921051,-1.8477835655212402,0.981055498123169,1.030800700187683,-1.24739670753479
0.4551758749999989,0.0034223749999999996,133.0,5.346620812639749,0.9940963205586303,1.9356017146515112,0.0027532514870457258,-0.0011673559014195004,0.0008096588246719145,0.06086769088865812,-0.2823471128940582,0.17070439457893372,0.24293282628059387,1.9149951934814453,0.618018388748169,-0.5430707931518555,-1.1421902179718018,-0.6550119519233704,-1.8589242696762085,0.9841766357421875,1.0512584447860718,-1.24714994430542
0.4551758749999989,0.0034223749999999996,133.0,5.369108508592098,1.0167373106115314,1.9363015981575185,0.0030037165885326697,-0.0012779976616690918,0.0008742454428990129,0.060870497811997326,-0.2809197008609772,0.17186909914016724,0.24538281559944153,1.9211723804473877,0.6268244385719299,-0.5519640445709229,-1.1523463726043701,-0.6616068482398987,-1.8499993085861206,0.9649653434753418,1.0417146682739258,-1.246656060218811
0.4551758749999989,0.0034223749999999996,133.0,5.390732477386074,1.038760915247419,1.9371824753794236,0.003269340437824467,-0.0013947435469084705,0.0009412771833584107,0.06086169854681011,-0.2799805700778961,0.17227761447429657,0.24539229273796082,1.9218072891235352,0.6328210234642029,-0.5578198432922363,-1.1575950384140015,-0.6613193154335022,-1.8530285358428955,0.9615530967712402,1.047800064086914,-1.2476654052734375
0.4551758749999989,0.0034223749999999996,133.0,5.411389198355553,1.0601264449241394,1.9383670643281425,0.003538756193605941,-0.0015134253591531054,0.001003561721435008,0.060840072009582864,-0.2791306674480438,0.17457538843154907,0.2476460039615631,1.9295969009399414,0.642483651638031,-0.5654399394989014,-1.1642102003097534,-0.6671225428581238,-1.8472684621810913,0.9461379051208496,1.0331311225891113,-1.249558448791504
0.4551758749999989,0.0034223749999999996,133.0,5.431228454525188,1.0803433735928165,1.9388276665818833,0.0037442597419220748,-0.001607299244203081,0.0010571225546437942,0.06084586519804814,-0.2782391607761383,0.17655116319656372,0.2494281828403473,1.9356284141540527,0.6546790599822998,-0.5753879547119141,-1.1660808324813843,-0.672322690486908,-1.8454738855361938,0.9339911937713623,1.0260676145553589,-1.2503573894500732
0.4551758749999989,0.0034223749999999996,133.0,5.450165363642537,1.0998871594338313,1.9396790118436886,0.003979363304944611,-0.0017124516850467255,0.0011146249150970945,0.060840832086449845,-0.27781423926353455,0.1769624799489975,0.24923202395439148,1.9361661672592163,0.663196861743927,-0.5812530517578125,-1.167598009109497,-0.6722884774208069,-1.851682186126709,0.9352240562438965,1.035375714302063,-1.2510367631912231
0.4551758749999989,0.0034223749999999996,133.0,5.468500449385368,1.1175050257678116,1.9396373455713853,0.004179979177626692,-0.0018133943729457013,0.001160035203357393,0.06084089448461272,-0.27585282921791077,0.17659911513328552,0.2501244843006134,1.9348459243774414,0.6569157242774963,-0.5846493244171143,-1.1838626861572266,-0.6706046462059021,-1.84190034866333,0.9207398891448975,1.032150387763977,-1.2514023780822754
0.4551758749999989,0.0034223749999999996,133.0,5.485804403622849,1.1347710736027223,1.939752238343156,0.004414965608973623,-0.0019227998164420702,0.0012216194373449282,0.06085609401823016,-0.2751089632511139,0.17655837535858154,0.24998316168785095,1.9346569776535034,0.6670940518379211,-0.5919849872589111,-1.1844805479049683,-0.6717779040336609,-1.8468698263168335,0.9196443557739258,1.043827772140503,-1.2501599788665771
0.4551758749999989,0.0034223749999999996,133.0,5.502336534271147,1.1512611180154393,1.940153125746375,0.004624443913613733,-0.002020006213926413,0.0012704233639742398,0.06086117963254125,-0.27432331442832947,0.17698290944099426,0.24999913573265076,1.9352320432662964,0.6757327318191528,-0.5986466407775879,-1.1848645210266113,-0.6726674437522888,-1.8507928848266602,0.9170081615447998,1.0505709648132324,-1.2499346733093262
0.4551758749999989,0.0034223749999999996,133.0,5.5181219119391685,1.1669038042754083,1.9404162260303137,0.004831019061797993,-0.002113933784725563,0.0013170057282909742,0.06087543856422677,-0.2728981077671051,0.1774083375930786,0.25086525082588196,1.9362990856170654,0.6799355149269104,-0.6046969890594482,-1.1895307302474976,-0.6744963526725769,-1.8461846113204956,0.9052779674530029,1.0478476285934448,-1.2491753101348877
0.4551758749999989,0.0034223749999999996,133.0,5.533308224679947,1.1811883372889675,1.9406525533114078,0.0049939573788390125,-0.002191786825914911,0.0013467310136612016,0.06089073814608615,-0.27083083987236023,0.17688074707984924,0.251943439245224,1.9355272054672241,0.6814004778862,-0.6098010540008545,-1.1975879669189453,-0.6770374178886414,-1.8345791101455688,0.8879237174987793,1.0440945625305176,-1.2458398342132568
0.4551758749999989,0.0034223749999999996,133.0,5.547792314724577,1.1947259305699096,1.940862809925324,0.005138254218653861,-0.0022571567105042984,0.0013715160997615442,0.060916252268342644,-0.26921388506889343,0.1770281344652176,0.2523227632045746,1.9345782995224,0.6884223222732544,-0.6171960830688477,-1.1980844736099243,-0.6786996722221375,-1.8309954404830933,0.8778858184814453,1.0459530353546143,-1.2432689666748047
0.4551758749999989,0.0034223749999999996,133.0,5.561497422068404,1.207291123036211,1.941171435553909,0.005290964644905816,-0.002328263277466749,0.0013975723084590434,0.06094005105809333,-0.26615801453590393,0.17452344298362732,0.25117501616477966,1.925412893295288,0.6836330890655518,-0.6195690631866455,-1.2052805423736572,-0.6747362017631531,-1.8214002847671509,0.865105152130127,1.0556819438934326,-1.2381701469421387
0.4551758749999989,0.0034223749999999996,133.0,5.5738117404425545,1.2201445681519683,1.9420674277818066,0.005458435453789623,-0.002391860235598863,0.0014297199507657865,0.06095294571719707,-0.2654491364955902,0.1759050339460373,0.2522753179073334,1.9289672374725342,0.6976578235626221,-0.6279149055480957,-1.1984235048294067,-0.6799300312995911,-1.820860505104065,0.8559560775756836,1.0514053106307983,-1.2365083694458008
0.4551758749999989,0.0034223749999999996,133.0,5.58515700894944,1.2324237277672176,1.9433677173005028,0.005634150856936527,-0.002457446942968068,0.0014616706315817474,0.0609532512662282,-0.26513710618019104,0.17725040018558502,0.253047913312912,1.9322222471237183,0.7107077836990356,-0.6344070434570312,-1.1921619176864624,-0.6839881539344788,-1.8221089839935303,0.8508639335632324,1.04833984375,-1.2356975078582764
0.4551758749999989,0.0034223749999999996,133.0,5.595606094659118,1.2445382319541098,1.944786602815383,0.00580458022923934,-0.0025132786943224497,0.00149626659421202,0.06095763651071083,-0.26544126868247986,0.18152014911174774,0.2556202709674835,1.9430854320526123,0.7307869791984558,-0.6446971893310547,-1.1807379722595215,-0.6931173205375671,-1.8223648071289062,0.8393876552581787,1.0269514322280884,-1.237284779548645
0.4551758749999989,0.0034223749999999996,133.0,5.60507356209979,1.2556475853307507,1.9459974970191427,0.005996579197635132,-0.002581146510633207,0.001541574996725793,0.06096272088800661,-0.26615533232688904,0.18548886477947235,0.25782546401023865,1.9533946514129639,0.7512972950935364,-0.6536805629730225,-1.1681984663009644,-0.7022802233695984,-1.8241190910339355,0.8316206932067871,1.0089415311813354,-1.238306999206543
0.4551758749999989,0.0034223749999999996,133.0,5.613883537344084,1.2668311480485939,1.9486613883629411,0.0062418311511163805,-0.0027217393161596366,0.0016186124439951403,0.060857303450699625,-0.26752904057502747,0.18781425058841705,0.2567138969898224,1.957284688949585,0.7697799801826477,-0.6570382118225098,-1.1532795429229736,-0.7032313942909241,-1.8394029140472412,0.845008373260498,1.0136950016021729,-1.2413349151611328
0.4551758749999989,0.0034223749999999996,133.0,5.6216697284769035,1.2759666976474278,1.949091476651389,0.006527034537724526,-0.00283523870950614,0.0016987698623664622,0.060875965545933705,-0.2678174674510956,0.18929028511047363,0.2559812366962433,1.9584381580352783,0.7863145470619202,-0.6637709140777588,-1.1398314237594604,-0.7046701312065125,-1.8496003150939941,0.8506247997283936,1.0214414596557617,-1.2411457300186157
0.4551758749999989,0.0034223749999999996,133.0,5.628665220979078,1.2839993244857024,1.9496277840803593,0.006968188439740143,-0.003017107927242768,0.0018129382393684932,0.06088917425943109,-0.26787951588630676,0.19063924252986908,0.25491997599601746,1.9583942890167236,0.7997106313705444,-0.6694860458374023,-1.1287513971328735,-0.7040640711784363,-1.858073115348816,0.8564651012420654,1.0282491445541382,-1.2418111562728882
0.4551758749999989,0.0034223749999999996,133.0,5.634671746798424,1.2914655305855685,1.9504677448951628,0.00770861115434026,-0.0033237741015484153,0.002000212315163732,0.060895618807612524,-0.26826682686805725,0.19278180599212646,0.2559347450733185,1.9646434783935547,0.812427282333374,-0.674767017364502,-1.1208209991455078,-0.709011971950531,-1.8570778369903564,0.8509106636047363,1.0173841714859009,-1.2430546283721924
0.4551758749999989,0.0034223749999999996,133.0,5.640010942418384,1.2974712760383722,1.95097505277649,0.009380647323696213,-0.004042530836234598,0.0024220444576910846,0.060913732132076875,-0.26840946078300476,0.1941426396369934,0.2568567097187042,1.9707410335540771,0.8240801692008972,-0.6806707382202148,-1.1143132448196411,-0.7133148312568665,-1.8514678478240967,0.8428497314453125,1.0071442127227783,-1.2448060512542725
0.4551758749999989,0.0034223749999999996,133.0,5.644263098839504,1.3018402956800748,1.9523087345515682,0.017361876072951744,-0.007607702979485569,0.004347181668097706,0.06094423695984382,-0.26725444197654724,0.1923951804637909,0.2601791322231293,1.9859788417816162,0.8276655077934265,-0.691098690032959,-1.1290185451507568,-0.7169491648674011,-1.8075343370437622,0.8057043552398682,0.9738246202468872,-1.256303071975708
0.4551758749999989,0.0034223749999999996,133.0,5.6781466344138245,-1.1703700074080885,1.7899786836730927,-0.015166579581518144,0.0006534712457587963,-0.0066566104196590006,0.06602078216301094,-0.13200265169143677,0.2463579773902893,-0.0028183460235595703,1.3423484563827515,0.8269297480583191,-1.3695156574249268,-0.793408215045929,-0.23173993825912476,-1.3658543825149536,0.8128542900085449,1.594793677330017,-1.1099544763565063
0.4551758749999989,0.0034223749999999996,133.0,5.673216405038269,-1.164880760662515,1.789566176725034,-0.008159678075583387,0.0003129843262620991,-0.0036610225080925345,0.06598658106509656,-0.1322106420993805,0.24652869999408722,-0.005754739046096802,1.3384546041488647,0.8540946245193481,-1.361304521560669,-0.7578789591789246,-0.22762161493301392,-1.3622047901153564,0.8378233909606934,1.5931134223937988,-1.1101993322372437
0.4551758749999989,0.0034223749999999996,133.0,5.667192466773964,-1.1591054941516339,1.788852101673258,-0.006705430468275253,0.00021229252260202483,-0.003021871397144898,0.0659445453204075,-0.13396066427230835,0.24717669188976288,-0.0074783265590667725,1.3425827026367188,0.8579053282737732,-1.3510572910308838,-0.7321721911430359,-0.229150652885437,-1.3593242168426514,0.847231388092041,1.5766679048538208,-1.1127017736434937
0.4551758749999989,0.0034223749999999996,133.0,5.660358121846644,-1.1528817751592502,1.7878835176590562,-0.006067453793956563,0.00013715654874266937,-0.002744113963177,0.06590542695935261,-0.13601991534233093,0.24786004424095154,-0.009323537349700928,1.3477469682693481,0.8588343858718872,-1.3397979736328125,-0.7055916786193848,-0.23148304224014282,-1.3560683727264404,0.8547801971435547,1.5590858459472656,-1.1154340505599976
0.4551758749999989,0.0034223749999999996,133.0,5.652584345707651,-1.1458906968867002,1.7866976844767086,-0.005696801246427914,6.552756669030658e-5,-0.0025859962011979187,0.06586173133894577,-0.1380668580532074,0.2476792335510254,-0.013109922409057617,1.350975513458252,0.862887978553772,-1.322476863861084,-0.668116569519043,-0.23203474283218384,-1.3546960353851318,0.8632922172546387,1.5480421781539917,-1.1182031631469727
0.4551758749999989,0.0034223749999999996,133.0,5.643558657684901,-1.139983073989068,1.7830811663971222,-0.005440571146610485,-2.3025093490781076e-5,-0.0024757194969506438,0.06590226472830366,-0.13852539658546448,0.24727687239646912,-0.015557527542114258,1.3498464822769165,0.8637723326683044,-1.3125224113464355,-0.6437197327613831,-0.23142015933990479,-1.3466532230377197,0.865147590637207,1.540244221687317,-1.1177442073822021
0.4551758749999989,0.0034223749999999996,133.0,5.633836992663861,-1.1314810211707427,1.7815754785791509,-0.0052287884666581365,-9.676420471506534e-5,-0.0023878022618879996,0.06584514969191034,-0.14044225215911865,0.2468104213476181,-0.020021408796310425,1.3520926237106323,0.8670077919960022,-1.2930560111999512,-0.6024354100227356,-0.2307712435722351,-1.3422349691390991,0.8736071586608887,1.527601957321167,-1.120740294456482
0.4551758749999989,0.0034223749999999996,133.0,5.623579782632229,-1.1220497207018916,1.7803335256562802,-0.0050694048591825224,-0.00015392392968965847,-0.0023200979827114054,0.06580106339560765,-0.1427154839038849,0.246905118227005,-0.02350020408630371,1.356144666671753,0.8631158471107483,-1.2770521640777588,-0.5654816627502441,-0.23129218816757202,-1.3345036506652832,0.8825008869171143,1.5055865049362183,-1.124214768409729
0.4551758749999989,0.0034223749999999996,133.0,5.6122627211151634,-1.1118366486395286,1.7787426726525142,-0.00492816571435945,-0.00022258208427511044,-0.0022606143517808486,0.06573931347632556,-0.14423644542694092,0.2461901158094406,-0.028130143880844116,1.3564929962158203,0.860606849193573,-1.2590060234069824,-0.5243834257125854,-0.22890257835388184,-1.325581431388855,0.890704870223999,1.4896537065505981,-1.1270267963409424
0.4551758749999989,0.0034223749999999996,133.0,5.600142355847596,-1.1010022086168236,1.7771229588139255,-0.004784574099840485,-0.00029304067139749354,-0.002201125252838952,0.06567977230455307,-0.14660900831222534,0.24486319720745087,-0.034803807735443115,1.3575464487075806,0.8644497990608215,-1.231377363204956,-0.465903103351593,-0.22702652215957642,-1.3184996843338013,0.9011449813842773,1.4742110967636108,-1.130189061164856
0.4551758749999989,0.0034223749999999996,133.0,5.587697265143226,-1.08918909440279,1.7760391210686246,-0.004649159648681169,-0.00033585331240019615,-0.0021417299586338925,0.06565099695074576,-0.14861741662025452,0.24506209790706635,-0.03785088658332825,1.360776662826538,0.8594104647636414,-1.2179036140441895,-0.4352811574935913,-0.2268938422203064,-1.3080644607543945,0.9093306064605713,1.451658010482788,-1.1334350109100342
0.4551758749999989,0.0034223749999999996,133.0,5.574594824423138,-1.0765328215922283,1.7751198555828192,-0.004512194430427272,-0.0003650471196333695,-0.0020791999341364,0.06562284588198061,-0.1487342119216919,0.2442815899848938,-0.04158559441566467,1.3576126098632812,0.8583378791809082,-1.2067463397979736,-0.41057273745536804,-0.22186124324798584,-1.296521782875061,0.9143054485321045,1.4442938566207886,-1.1353483200073242
0.4551758749999989,0.0034223749999999996,133.0,5.561188519144975,-1.0630680840981848,1.7743742403968394,-0.004391054515117724,-0.0003855234108772899,-0.002022633943975068,0.06562200370610628,-0.14832746982574463,0.2439882606267929,-0.044050902128219604,1.3547526597976685,0.8566046953201294,-1.200139045715332,-0.39673128724098206,-0.21736770868301392,-1.284425973892212,0.9169373512268066,1.4350738525390625,-1.1369428634643555
0.4551758749999989,0.0034223749999999996,133.0,5.547303569213366,-1.0489003294710912,1.773957516374962,-0.004235954905723969,-0.00039142150878041724,-0.0019498465109518141,0.06564516088915022,-0.14732640981674194,0.24402575194835663,-0.04554334282875061,1.3514817953109741,0.8533115983009338,-1.1980876922607422,-0.392588347196579,-0.2125554084777832,-1.2730672359466553,0.9172985553741455,1.4266196489334106,-1.1384130716323853
0.4551758749999989,0.0034223749999999996,133.0,5.53217418825193,-1.0335538055690223,1.7734359427977013,-0.004043916540711937,-0.00039560917493957736,-0.001858933473194126,0.06565284813631245,-0.14591249823570251,0.2431032657623291,-0.04889920353889465,1.3451720476150513,0.8483700752258301,-1.1915767192840576,-0.37586843967437744,-0.20500969886779785,-1.2588708400726318,0.9183492660522461,1.4174373149871826,-1.1397244930267334
0.4551758749999989,0.0034223749999999996,133.0,5.516332549027564,-1.0172745075488816,1.7732436059426697,-0.0038641751783720793,-0.00038963326161855013,-0.0017715759835110875,0.06566840110469645,-0.1434580385684967,0.24281193315982819,-0.05048888921737671,1.3384045362472534,0.8433213233947754,-1.1925392150878906,-0.3764926493167877,-0.19772493839263916,-1.2463184595108032,0.9141829013824463,1.4119963645935059,-1.140276551246643
0.4551758749999989,0.0034223749999999996,133.0,5.499268995740407,-1.0005483383224294,1.772435793150615,-0.0036587261727555683,-0.000405747394991463,-0.001676605467789386,0.06566332296467589,-0.14490821957588196,0.24300095438957214,-0.05383065342903137,1.3405208587646484,0.8383980393409729,-1.1791965961456299,-0.34548041224479675,-0.19746476411819458,-1.2353192567825317,0.9189045429229736,1.3864117860794067,-1.142627239227295
0.4551758749999989,0.0034223749999999996,133.0,5.482605283551439,-0.9829782439071155,1.7727255280305532,-0.003461611850996786,-0.0003832507740558442,-0.001582368681949685,0.06573250636280234,-0.14207255840301514,0.24426670372486115,-0.052359938621520996,1.3361717462539673,0.8261232376098633,-1.1909945011138916,-0.3692001700401306,-0.1924111247062683,-1.2240310907363892,0.9099833965301514,1.3762516975402832,-1.1431639194488525
0.4551758749999989,0.0034223749999999996,133.0,5.463730871700659,-0.9640040915696231,1.7722916051484965,-0.003263133164215729,-0.00038296003384012765,-0.0014861403874717684,0.06572131859835496,-0.1417084038257599,0.2441246658563614,-0.05554470419883728,1.333911418914795,0.8206508159637451,-1.1819586753845215,-0.3476524353027344,-0.18848955631256104,-1.2109395265579224,0.9099409580230713,1.356691837310791,-1.1448694467544556
0.4551758749999989,0.0034223749999999996,133.0,5.444428678842888,-0.9447955911154741,1.7716085707627622,-0.0030813403131036434,-0.0003920624956327261,-0.001400923005460279,0.06573365205553784,-0.14166313409805298,0.2441411167383194,-0.05855816602706909,1.3322584629058838,0.8103698492050171,-1.1735725402832031,-0.3246892988681793,-0.18485480546951294,-1.1952778100967407,0.9108102321624756,1.3314727544784546,-1.1468238830566406
0.4551758749999989,0.0034223749999999996,133.0,5.4249348305136715,-0.9244952356796501,1.771578392972075,-0.0028449532120550635,-0.0003708126371664867,-0.001288555725099023,0.06578166741105096,-0.1388455331325531,0.24386656284332275,-0.06060993671417236,1.3243623971939087,0.7970514297485352,-1.1744296550750732,-0.3198186755180359,-0.17575687170028687,-1.1763288974761963,0.9052808284759521,1.3153984546661377,-1.1480400562286377
0.4551758749999989,0.0034223749999999996,133.0,5.403477714683193,-0.9041092989783945,1.7703510847575292,-0.002609763571447201,-0.0003851484601492608,-0.0011823479443023267,0.06576322376408518,-0.1386621594429016,0.24211709201335907,-0.06693914532661438,1.3196643590927124,0.8019717931747437,-1.1541523933410645,-0.2752618193626404,-0.17083805799484253,-1.1617165803909302,0.9067256450653076,1.2989951372146606,-1.1485621929168701
0.4551758749999989,0.0034223749999999996,133.0,5.381670083540225,-0.8826476115482754,1.769793753411277,-0.0023872612396050475,-0.0003782723694619508,-0.0010789680110218584,0.06577310035980036,-0.1388113796710968,0.24309998750686646,-0.06847694516181946,1.3207188844680786,0.7974210381507874,-1.148350477218628,-0.2638077735900879,-0.16996902227401733,-1.1499791145324707,0.9046308994293213,1.2755283117294312,-1.1503868103027344
0.4551758749999989,0.0034223749999999996,133.0,5.358921268814265,-0.8594015771115587,1.769511268673239,-0.0021697402720454273,-0.0003552724385451392,-0.000973764539781868,0.06578145916818354,-0.13732823729515076,0.24293051660060883,-0.07121360301971436,1.315868854522705,0.7883438467979431,-1.1432909965515137,-0.25035691261291504,-0.1640031933784485,-1.1331731081008911,0.9006850719451904,1.2551515102386475,-1.1515250205993652
0.4551758749999989,0.0034223749999999996,133.0,5.335597751824614,-0.8358680176459077,1.7689635792451384,-0.0019920981213002492,-0.0003442181011078113,-0.0008897855561050675,0.06580124497298276,-0.13630720973014832,0.24254703521728516,-0.07461142539978027,1.311152696609497,0.7757564783096313,-1.1360368728637695,-0.22818632423877716,-0.15786713361740112,-1.112880825996399,0.8988375663757324,1.2280869483947754,-1.1529479026794434
0.4551758749999989,0.0034223749999999996,133.0,5.312125115344808,-0.8115801161041192,1.7691788983161407,-0.0017738360740961491,-0.00031210169686675946,-0.000789283951611729,0.06587286292908862,-0.13466805219650269,0.2445668876171112,-0.07354357838630676,1.3095067739486694,0.7567398548126221,-1.1432902812957764,-0.2423383742570877,-0.15370601415634155,-1.0968736410140991,0.8917107582092285,1.2020784616470337,-1.155165672302246
0.4551758749999989,0.0034223749999999996,133.0,5.287006907077085,-0.7866568704180745,1.7690721131049048,-0.001572148665867367,-0.000291701726555711,-0.0006982159196574652,0.06591478818372094,-0.13283032178878784,0.2447308748960495,-0.07579520344734192,1.3042858839035034,0.74384605884552,-1.1406614780426025,-0.23304958641529083,-0.14676141738891602,-1.0777435302734375,0.8865053653717041,1.177773356437683,-1.1568505764007568
0.4551758749999989,0.0034223749999999996,133.0,5.260783016097084,-0.7614078161112845,1.768474968577474,-0.0013732004958448897,-0.00027569266334749945,-0.0006092579268799266,0.06593063724798948,-0.13340714573860168,0.24379968643188477,-0.08133801817893982,1.3018547296524048,0.739177405834198,-1.1229162216186523,-0.1887751817703247,-0.14282327890396118,-1.0567723512649536,0.8888025283813477,1.1430275440216064,-1.1584376096725464
0.4551758749999989,0.0034223749999999996,133.0,5.233863844997746,-0.7351519616503205,1.7682568040576883,-0.0012094669780457043,-0.0002494607751846563,-0.0005323002910154761,0.06597941501777191,-0.1322338879108429,0.24316439032554626,-0.08561575412750244,1.2959424257278442,0.725437343120575,-1.113051414489746,-0.15890002250671387,-0.1351434588432312,-1.0306848287582397,0.8866841793060303,1.1077606678009033,-1.16019606590271
0.4551758749999989,0.0034223749999999996,133.0,5.2062540828844694,-0.7082985198596702,1.768104525630144,-0.0010635981949763515,-0.00022848903229553995,-0.00046804510122196066,0.06604185056333554,-0.13111144304275513,0.24249018728733063,-0.09004208445549011,1.2897506952285767,0.7111644148826599,-1.1025011539459229,-0.1271945983171463,-0.12710291147232056,-1.0026098489761353,0.8847265243530273,1.0703531503677368,-1.1620097160339355
0.4551758749999989,0.0034223749999999996,133.0,5.1775180700070536,-0.6801632369046917,1.7680235545183627,-0.0008754166726731584,-0.000195080546985506,-0.0003840993087819738,0.06607781463713774,-0.12849313020706177,0.24236153066158295,-0.09284898638725281,1.281719446182251,0.6956819295883179,-1.0986735820770264,-0.1125672310590744,-0.11765682697296143,-0.9750021696090698,0.8770766258239746,1.0393660068511963,-1.1633561849594116
0.4551758749999989,0.0034223749999999996,133.0,5.147618515972808,-0.6515695689415923,1.7675834993055723,-0.0007326891915960017,-0.00017298820352744154,-0.00032100831815347553,0.06608590865811124,-0.12942281365394592,0.2405727207660675,-0.10009834170341492,1.277397871017456,0.690468966960907,-1.0755198001861572,-0.04928842931985855,-0.11274045705795288,-0.9438952207565308,0.880028247833252,0.9906973838806152,-1.1640311479568481
0.4551758749999989,0.0034223749999999996,133.0,5.117195961003978,-0.6221477043703807,1.7673245682089354,-0.0005480451652482865,-0.00013596533244429444,-0.00023960346730866945,0.0660979862643371,-0.13087818026542664,0.2405305653810501,-0.10464200377464294,1.2765387296676636,0.680908739566803,-1.0581893920898438,-0.005767772905528545,-0.11082851886749268,-0.9168485403060913,0.8810920715332031,0.940133810043335,-1.164945363998413
0.4551758749999989,0.0034223749999999996,133.0,5.086459817198194,-0.5916185777241099,1.7674165243563824,-0.00034247923713007607,-8.677784928902028e-5,-0.00014945405860413279,0.06614365119978756,-0.12979203462600708,0.23960614204406738,-0.10938289761543274,1.2689920663833618,0.6653813719749451,-1.046175479888916,0.03207561746239662,-0.10310524702072144,-0.8837962746620178,0.8768808841705322,0.8941118121147156,-1.1650766134262085
0.4551758749999989,0.0034223749999999996,133.0,5.054929755604306,-0.5602286869936748,1.7677371670032376,-0.00015813567563027406,-4.081773845173662e-5,-6.902441396792666e-5,0.06620142185086549,-0.1268538534641266,0.23987562954425812,-0.11157149076461792,1.260390043258667,0.6473720669746399,-1.0435805320739746,0.04422159492969513,-0.09424251317977905,-0.8539749383926392,0.8650248050689697,0.8569807410240173,-1.1652215719223022
0.4551758749999989,0.0034223749999999996,133.0,5.022376570722757,-0.5287085199922016,1.7678682690313914,2.0747244257511796e-5,5.60154943548109e-6,9.06093993442956e-6,0.06623660935184922,-0.12481355667114258,0.23800402879714966,-0.11723068356513977,1.2499110698699951,0.6392659544944763,-1.030888319015503,0.08627325296401978,-0.08555436134338379,-0.8211281895637512,0.8577091693878174,0.816576361656189,-1.1635408401489258
0.4551758749999989,0.0034223749999999996,133.0,4.988870929393445,-0.4960206069994404,1.7676511946822049,0.00019929115419772456,5.59687843237464e-5,8.684356327615527e-5,0.06625253716433827,-0.1232948899269104,0.2366996705532074,-0.12207624316215515,1.240299940109253,0.6224389672279358,-1.0193467140197754,0.1256023645401001,-0.07720345258712769,-0.7852591872215271,0.8507459163665771,0.7680167555809021,-1.1622495651245117
0.4551758749999989,0.0034223749999999996,133.0,4.954517073385196,-0.46177943493974094,1.767841877029839,0.00039248474948008955,0.00011167094643997547,0.0001701109505629757,0.06627896476869614,-0.1224551796913147,0.23744627833366394,-0.12422993779182434,1.2354152202606201,0.6049176454544067,-1.0109302997589111,0.14515471458435059,-0.07224971055984497,-0.7572647929191589,0.8414392471313477,0.7220656275749207,-1.1621037721633911
0.4551758749999989,0.0034223749999999996,133.0,4.919258835733938,-0.42730373288129925,1.7679324933236105,0.000544894086144281,0.00015965532485588254,0.0002357662557279186,0.06630304118735363,-0.12129366397857666,0.2361333817243576,-0.12904933094978333,1.2257280349731445,0.5880311131477356,-0.9979827404022217,0.18542011082172394,-0.06410706043243408,-0.7216827869415283,0.8344407081604004,0.6726201176643372,-1.1604931354522705
0.4551758749999989,0.0034223749999999996,133.0,4.88311247725436,-0.39197841491491703,1.7681037523061545,0.0007144789840922255,0.00021481190181586984,0.00030885968591741616,0.06632554942980727,-0.12017601728439331,0.23484717309474945,-0.1336466372013092,1.2159717082977295,0.571340799331665,-0.9853684902191162,0.22398562729358673,-0.05626177787780762,-0.6870890259742737,0.8267550468444824,0.6238515973091125,-1.158511996269226
0.4551758749999989,0.0034223749999999996,133.0,4.846063359663832,-0.3557736759386254,1.768387830864734,0.0008934193331519636,0.00027505944669337177,0.0003859617150993587,0.06634630567690743,-0.11908838152885437,0.23337894678115845,-0.13846763968467712,1.2052674293518066,0.5538845062255859,-0.9716169834136963,0.26631757616996765,-0.04835474491119385,-0.6499555706977844,0.8184514045715332,0.5719060897827148,-1.1556349992752075
0.4551758749999989,0.0034223749999999996,133.0,4.807831644324398,-0.31868456089578645,1.768768028332391,0.0010927509842896088,0.00034512132943211824,0.0004728553600029241,0.06635764399551318,-0.1197344958782196,0.23227427899837494,-0.14339905977249146,1.196793556213379,0.5372523069381714,-0.9528143405914307,0.3173390030860901,-0.043746352195739746,-0.6109536290168762,0.8125734329223633,0.5092798471450806,-1.1515992879867554
0.4551758749999989,0.0034223749999999996,133.0,4.769097009893416,-0.28083768473519855,1.769048003694257,0.001282549625843048,0.00041680840762151793,0.0005540071137417712,0.06636258902604325,-0.11840558052062988,0.23016637563705444,-0.14874932169914246,1.182690143585205,0.5180476307868958,-0.9369261264801025,0.36913150548934937,-0.03543657064437866,-0.5653367042541504,0.8016252517700195,0.44958823919296265,-1.1457194089889526
0.4551758749999989,0.0034223749999999996,133.0,4.729615442053481,-0.2426620713283831,1.7697350066436695,0.0014032625227740467,0.00046997422928017136,0.0006072742906727389,0.06638201281148566,-0.11706233024597168,0.22794926166534424,-0.1542639136314392,1.1669702529907227,0.49747177958488464,-0.9192337989807129,0.42451345920562744,-0.02655816078186035,-0.5167217254638672,0.7894480228424072,0.3861888647079468,-1.1387617588043213
0.4551758749999989,0.0034223749999999996,133.0,4.6894431637638,-0.20407063039014378,1.7702855650813343,0.0015533972533399705,0.0005382838138876173,0.0006798415775612164,0.06642111506138976,-0.11443978548049927,0.22286459803581238,-0.16250985860824585,1.1424920558929443,0.48160478472709656,-0.9000086784362793,0.5032963156700134,-0.014253020286560059,-0.4538469612598419,0.7751920223236084,0.3218345642089844,-1.1266345977783203
0.4551758749999989,0.0034223749999999996,133.0,4.648041674504841,-0.1632486167557614,1.770034076947619,0.0017055970280735328,0.0006093658868660947,0.0007468828788822269,0.06640669727792006,-0.11191117763519287,0.2187614142894745,-0.16910994052886963,1.1184189319610596,0.45437803864479065,-0.8812272548675537,0.5752246379852295,-0.0033635497093200684,-0.3851451277732849,0.7568168640136719,0.24987387657165527,-1.1133520603179932
0.4551758749999989,0.0034223749999999996,133.0,4.606020681902078,-0.12149113283655119,1.773689194267189,0.0018396440885705583,0.0006680323904683747,0.0008280300020191319,0.06637946609256942,-0.11249324679374695,0.2116464078426361,-0.17999938130378723,1.0877635478973389,0.4443463683128357,-0.8498227596282959,0.6935077905654907,0.00623166561126709,-0.3063710033893585,0.7472927570343018,0.1657141149044037,-1.0923023223876953
0.4551758749999989,0.0034223749999999996,133.0,4.560784556722013,-0.07888988977588787,1.7743130068958866,0.001932067506179907,0.0007298683811539379,0.0008837339769571979,0.06629963779182266,-0.11271712183952332,0.21035723388195038,-0.1837766170501709,1.0778322219848633,0.42513540387153625,-0.8449692726135254,0.7245721220970154,0.008108735084533691,-0.27836620807647705,0.7408864498138428,0.12092550843954086,-1.0842359066009521
0.4551758749999989,0.0034223749999999996,133.0,4.512311774508261,-0.02639188786836361,1.7760496619172688,0.0019174622703036091,0.00048163714365234255,0.0010020894378284229,0.06634285026781313,-0.11873987317085266,0.24027296900749207,-0.14138779044151306,1.1905720233917236,0.42597582936286926,-0.9254746437072754,0.26445722579956055,-0.03708773851394653,-0.7073805332183838,0.8137164115905762,0.36054348945617676,-1.1512266397476196
0.4551758749999989,0.0034223749999999996,133.0,4.455222764446598,0.02941586350025099,1.7808502339832522,0.0017432030142432785,-0.00013244120604572783,0.0011566268785606574,0.06600393152657776,-0.1518133282661438,0.25834208726882935,-0.048645734786987305,1.2967853546142578,0.5633212924003601,-0.9160606861114502,-0.372852087020874,-0.09113258123397827,-1.490024447441101,1.1063292026519775,0.7674926519393921,-1.2004293203353882
0.4551758749999989,0.0034223749999999996,133.0,4.373023690805414,0.03845391127342361,1.792390857446044,0.00010367430473968804,-2.7118322537400413e-6,7.13089848408938e-5,0.06440570093444364,-0.28076478838920593,0.11653277277946472,0.07022848725318909,1.5720789432525635,0.5434526205062866,-0.18976569175720215,-0.41752439737319946,-0.4731319546699524,-1.7018108367919922,1.4267308712005615,0.9882699251174927,-1.0902764797210693
0.4551758749999989,0.0034223749999999996,133.0,4.38688399020943,0.07275659652763727,1.8195107327124278,-0.0018710087790536423,0.0003978823800853443,-0.0012503175745934509,0.062290775532818435,-0.30758747458457947,0.11260820925235748,0.12782302498817444,1.6107748746871948,0.3632577955722809,-0.1617426872253418,-0.6788164377212524,-0.5146247744560242,-1.738171935081482,1.4656095504760742,1.062976360321045,-1.0852384567260742
0.4551758749999989,0.0034223749999999996,133.0,4.4036979645475,0.1195383379563762,1.8518449324504123,-0.0022671186213090028,0.0008504858310921854,-0.0012056152365363109,0.06035217808960457,-0.34125789999961853,0.10952635854482651,0.18111881613731384,1.6368088722229004,0.06338445097208023,-0.06727957725524902,-0.9420889616012573,-0.4876212477684021,-1.64598548412323,1.4819676876068115,1.1572805643081665,-1.1362576484680176
0.4551758749999989,0.0034223749999999996,133.0,4.44240045243863,0.1659897729691962,1.8653620497410057,-0.002318950678367302,0.0009009669622704737,-0.0011167360994591017,0.059896678257925086,-0.3406114876270294,0.1182359829545021,0.20049455761909485,1.7025340795516968,0.09514778107404709,-0.10017800331115723,-1.002598762512207,-0.5125402808189392,-1.6361743211746216,1.4012315273284912,1.0631970167160034,-1.1764609813690186
0.4551758749999989,0.0034223749999999996,133.0,4.486877961471359,0.21081584686360938,1.8723642868350674,-0.002206519433139266,0.0008594804207339608,-0.0010124760699164069,0.05983692790034815,-0.3380652964115143,0.12375512719154358,0.20648077130317688,1.7294598817825317,0.14369775354862213,-0.13611674308776855,-1.008958101272583,-0.5245724320411682,-1.670767068862915,1.3708992004394531,1.038495659828186,-1.1912490129470825
0.4551758749999989,0.0034223749999999996,133.0,4.531415724557536,0.2537302531967553,1.8768805488144529,-0.002022720314916041,0.0007907184239956357,-0.0008988715793703179,0.059914542390253706,-0.3344561755657196,0.13049113750457764,0.21329393982887268,1.7597768306732178,0.19788920879364014,-0.1716022491455078,-1.0187591314315796,-0.5439465641975403,-1.6937329769134521,1.328320026397705,1.0044996738433838,-1.2019476890563965
0.4551758749999989,0.0034223749999999996,133.0,4.575305568060084,0.29468458380529133,1.879753569730476,-0.0017914372158749478,0.0007014422102449123,-0.0007789897064886197,0.0600393044865385,-0.3307441771030426,0.13246139883995056,0.21527650952339172,1.7706788778305054,0.22744908928871155,-0.1980729103088379,-1.0242538452148438,-0.5524749159812927,-1.7142448425292969,1.3041455745697021,1.009884238243103,-1.2043380737304688
0.4551758749999989,0.0034223749999999996,133.0,4.618633738308843,0.3349029987123287,1.882642025609941,-0.0016863728107632079,0.0006603176319431809,-0.0007158073293974867,0.060128247133089834,-0.3270520269870758,0.1337871253490448,0.21799960732460022,1.7810229063034058,0.24374552071094513,-0.21790099143981934,-1.0410913228988647,-0.5607187151908875,-1.7203009128570557,1.2744922637939453,1.011045217514038,-1.2063922882080078
0.4551758749999989,0.0034223749999999996,133.0,4.661013789741437,0.37499197979286764,1.8851819494054696,-0.00144753486750977,0.0005673266268701672,-0.0005994447333490006,0.06014845958815974,-0.32456091046333313,0.13488581776618958,0.21680042147636414,1.781559944152832,0.2547493278980255,-0.23243999481201172,-1.0442183017730713,-0.5568546652793884,-1.7426615953445435,1.270765781402588,1.0271883010864258,-1.2109705209732056
0.4551758749999989,0.0034223749999999996,133.0,4.702481813802576,0.4141398086175388,1.8877959810368692,-0.0012610793540206865,0.0004958275578092728,-0.0005125620951829621,0.06021738793900581,-0.32243070006370544,0.13635340332984924,0.21524688601493835,1.7824286222457886,0.26928243041038513,-0.24856853485107422,-1.0393667221069336,-0.5521218180656433,-1.7706187963485718,1.2720751762390137,1.0454626083374023,-1.216795563697815
0.4551758749999989,0.0034223749999999996,133.0,4.743099948431428,0.45295797292530127,1.8903786553086086,-0.0010313263526569396,0.00040527217977567317,-0.00040955145388764836,0.060272544516719186,-0.31907615065574646,0.14174272119998932,0.22080621123313904,1.806615948677063,0.31142061948776245,-0.27828526496887207,-1.0461188554763794,-0.5694283843040466,-1.7768713235855103,1.2333064079284668,1.019283652305603,-1.2234867811203003
0.4551758749999989,0.0034223749999999996,133.0,4.782951136858739,0.49042893333412796,1.8927671978221767,-0.0008230447846134427,0.0003233061538661649,-0.00031972047352604087,0.060339922849388494,-0.31590452790260315,0.14371229708194733,0.22245481610298157,1.8159018754959106,0.3375086784362793,-0.30034494400024414,-1.0499006509780884,-0.5771467089653015,-1.7875782251358032,1.2124061584472656,1.0222980976104736,-1.225090742111206
0.4551758749999989,0.0034223749999999996,133.0,4.821879664148767,0.5270702437132243,1.8955960711382762,-0.0006232337662496675,0.0002457190260629074,-0.00023680052855590725,0.06038537515462959,-0.3130309283733368,0.14580000936985016,0.22419849038124084,1.8253889083862305,0.3612900674343109,-0.32056236267089844,-1.0540486574172974,-0.5844177603721619,-1.7965928316116333,1.1922986507415771,1.023300290107727,-1.2273319959640503
0.4551758749999989,0.0034223749999999996,133.0,4.859831372123499,0.5630316863764635,1.8982722859944887,-0.00042927640290890034,0.00016933195399246778,-0.00015916762775056666,0.0604129693609808,-0.3104800283908844,0.14811387658119202,0.2259485423564911,1.8348525762557983,0.3858260214328766,-0.33962225914001465,-1.059051513671875,-0.5918413996696472,-1.8052597045898438,1.1741256713867188,1.0227019786834717,-1.2293955087661743
0.4551758749999989,0.0034223749999999996,133.0,4.896818170400756,0.5981095323690184,1.90103512996676,-0.00024179640141896002,9.536323523819794e-5,-8.748672917347152e-5,0.06043342150827173,-0.3083169758319855,0.1504923701286316,0.2278447449207306,1.8445773124694824,0.40870174765586853,-0.357227087020874,-1.0645419359207153,-0.5992366671562195,-1.8121689558029175,1.157181739807129,1.0205680131912231,-1.2317352294921875
0.4551758749999989,0.0034223749999999996,133.0,4.932714344466671,0.6318858956271933,1.9030044907936028,-7.29301104662851e-5,2.885046170327448e-5,-2.590672918758005e-5,0.06047212946837244,-0.30607137084007263,0.1555357724428177,0.2325664460659027,1.864890694618225,0.44196993112564087,-0.3821556568145752,-1.0667150020599365,-0.6131543517112732,-1.8158820867538452,1.1266772747039795,0.9978210926055908,-1.2380025386810303
0.4551758749999989,0.0034223749999999996,133.0,4.967214587804928,0.6644167463799986,1.9047625393611436,0.0001511904722678128,-6.034041152857561e-5,5.302839103362101e-5,0.060472112047220784,-0.30464890599250793,0.15624727308750153,0.23093834519386292,1.8633357286453247,0.44994258880615234,-0.39138078689575195,-1.0698310136795044,-0.6080918908119202,-1.8332128524780273,1.1314280033111572,1.015632152557373,-1.241734504699707
0.4551758749999989,0.0034223749999999996,133.0,5.002404058707332,0.6941337474305126,1.9047783774077263,0.0003598434715843763,-0.0001434750222426802,0.00012285117809902313,0.06062958944253058,-0.3010621964931488,0.15483713150024414,0.23090580105781555,1.860701560974121,0.45534130930900574,-0.40625977516174316,-1.082995891571045,-0.6088348031044006,-1.832793116569519,1.11509108543396,1.0350571870803833,-1.238511085510254
0.4551758749999989,0.0034223749999999996,133.0,5.035792729604874,0.7256536437026649,1.907699677627919,0.0005721842749400594,-0.00022900314291604285,0.00019035326418128404,0.0606314590182169,-0.299381285905838,0.1562701016664505,0.2324693500995636,1.8671412467956543,0.46506574749946594,-0.4160315990447998,-1.0956385135650635,-0.6129352450370789,-1.8328438997268677,1.1005098819732666,1.031997799873352,-1.240848183631897
0.4551758749999989,0.0034223749999999996,133.0,5.068314742831665,0.7561028492424121,1.9098810241852187,0.0008201564745700773,-0.00033021073261342825,0.0002679655946024407,0.06063506969767175,-0.2974291741847992,0.15691876411437988,0.23227611184120178,1.8680107593536377,0.47504425048828125,-0.4261338710784912,-1.1038719415664673,-0.6127132773399353,-1.839091181755066,1.0938053131103516,1.040935754776001,-1.2420625686645508
0.4551758749999989,0.0034223749999999996,133.0,5.1000061406709865,0.7863804686721267,1.9132086293603427,0.0009989051551543187,-0.0004027827947636168,0.00031831082707742877,0.06063766808223271,-0.29622384905815125,0.16131457686424255,0.2358005940914154,1.8837662935256958,0.5038098096847534,-0.44344472885131836,-1.1065248250961304,-0.6249396204948425,-1.8403133153915405,1.0735671520233154,1.0216150283813477,-1.2454735040664673
0.4551758749999989,0.0034223749999999996,133.0,5.130436486828387,0.815965456033251,1.9162955490198523,0.0012271273381003853,-0.0004964384289068278,0.0003828239564342659,0.06064427959943292,-0.29533490538597107,0.16503135859966278,0.23816075921058655,1.8963583707809448,0.53057861328125,-0.45864343643188477,-1.106284499168396,-0.634523332118988,-1.8455709218978882,1.0602917671203613,1.010244369506836,-1.248436450958252
0.4551758749999989,0.0034223749999999996,133.0,5.159912760839618,0.8431891535981655,1.9175849847700945,0.0013975026911612458,-0.00057044070346337,0.0004306882686580468,0.06070089112384317,-0.2923242151737213,0.16857866942882538,0.24342802166938782,1.911267638206482,0.5501082539558411,-0.477313756942749,-1.1208833456039429,-0.6489223837852478,-1.8279694318771362,1.0188260078430176,0.9803317785263062,-1.2487108707427979
0.4551758749999989,0.0034223749999999996,133.0,5.1886048206367095,0.8702636370473306,1.9191309003267962,0.0015871194483369627,-0.0006596219505755983,0.00048490994730317975,0.06076179425672915,-0.290404349565506,0.1685592085123062,0.24263837933540344,1.9092835187911987,0.5580339431762695,-0.485853910446167,-1.1267868280410767,-0.6474582552909851,-1.8334248065948486,1.0150673389434814,0.9937583208084106,-1.2483454942703247
0.4551758749999989,0.0034223749999999996,133.0,5.216003129039672,0.896754977391759,1.9201918282213901,0.0018182501554467423,-0.0007583785779886668,0.0005487943788495837,0.060794262425155454,-0.28877708315849304,0.16953423619270325,0.24368682503700256,1.9133888483047485,0.5730037689208984,-0.4977457523345947,-1.1308789253234863,-0.6522607207298279,-1.8346887826919556,1.0033764839172363,0.9969061613082886,-1.2476999759674072
0.4551758749999989,0.0034223749999999996,133.0,5.242247185149228,0.9231975957445085,1.9217636703267256,0.002055745896432177,-0.000858263473303908,0.0006113631047952269,0.06079654802953164,-0.2878141701221466,0.1712169051170349,0.24503931403160095,1.9197057485580444,0.587710976600647,-0.5077850818634033,-1.1340886354446411,-0.6573794484138489,-1.8365497589111328,0.993441104888916,0.9945703744888306,-1.2489120960235596
0.4551758749999989,0.0034223749999999996,133.0,5.26763333085947,0.9480022946578515,1.9222929507272548,0.0023168207584758085,-0.0009712432063529652,0.0006814942612594162,0.060818918312704424,-0.2859709560871124,0.17268747091293335,0.24695882201194763,1.925273060798645,0.5976787209510803,-0.5187914371490479,-1.1423832178115845,-0.6621528267860413,-1.8314276933670044,0.9751427173614502,0.9878299236297607,-1.2496840953826904
0.4551758749999989,0.0034223749999999996,133.0,5.292091632468575,0.97147123783369,1.9220604535520018,0.002507722408950574,-0.0010586559138390922,0.0007330255970624073,0.06084012495830748,-0.2837659418582916,0.17097240686416626,0.24604734778404236,1.919872522354126,0.5957603454589844,-0.5241954326629639,-1.1531239748001099,-0.6585410237312317,-1.8311058282852173,0.9692564010620117,1.0053991079330444,-1.2480626106262207
0.4551758749999989,0.0034223749999999996,133.0,5.315467481479555,0.9946818854880944,1.9221849648341405,0.002752039182322698,-0.0011664920857741002,0.0008001321333917645,0.06085295657205051,-0.2828100621700287,0.17132405936717987,0.24479660391807556,1.918460488319397,0.6066214442253113,-0.5338959693908691,-1.1487267017364502,-0.6560395359992981,-1.84380042552948,0.9737546443939209,1.0236663818359375,-1.2493600845336914
0.4551758749999989,0.0034223749999999996,133.0,5.33795929414291,1.0171730366997336,1.922646318177024,0.003001246025007322,-0.0012762558414378554,0.0008656848998226101,0.06086050484676466,-0.28168174624443054,0.17201539874076843,0.2458268105983734,1.9218679666519165,0.618093729019165,-0.5433366298675537,-1.1522893905639648,-0.6600275635719299,-1.8437862396240234,0.9643652439117432,1.0264729261398315,-1.2488212585449219
0.4551758749999989,0.0034223749999999996,133.0,5.359767070789189,1.0388636497637251,1.9229291662712633,0.003263612201331607,-0.001393963995241404,0.000934589284804977,0.060864377954687084,-0.28000906109809875,0.1728041023015976,0.2466965615749359,1.9233368635177612,0.6194471120834351,-0.5504398345947266,-1.1621145009994507,-0.6595219969749451,-1.8403376340866089,0.9524261951446533,1.0242643356323242,-1.2508203983306885
0.4551758749999989,0.0034223749999999996,133.0,5.380401735501796,1.0602421332802523,1.9240119379677199,0.0035325823811004206,-0.00150976951737665,0.0009988321847449668,0.060850433878642585,-0.2795487940311432,0.174266055226326,0.24696919322013855,1.9270161390304565,0.6312733292579651,-0.5576686859130859,-1.1617223024368286,-0.6614781022071838,-1.8460807800292969,0.9501957893371582,1.026437520980835,-1.2526050806045532
0.4551758749999989,0.0034223749999999996,133.0,5.400248236356613,1.0804206269076964,1.9247939596601298,0.0037395284735193195,-0.0016023987783115715,0.0010485825748267467,0.0608483535641513,-0.2785198390483856,0.1756705343723297,0.24870559573173523,1.9320480823516846,0.6394822597503662,-0.5655336380004883,-1.1675325632095337,-0.6657173037528992,-1.8419795036315918,0.9372165203094482,1.0192683935165405,-1.2533594369888306
0.4551758749999989,0.0034223749999999996,133.0,5.419129007068396,1.0998036650235974,1.925640255979153,0.003974224142442009,-0.001705964268056161,0.0011054626643483073,0.06084512058434757,-0.2779527008533478,0.176396906375885,0.24972453713417053,1.9357460737228394,0.6500415802001953,-0.5726480484008789,-1.169931173324585,-0.6697661280632019,-1.8425911664962769,0.9306051731109619,1.020696759223938,-1.2530335187911987
0.4551758749999989,0.0034223749999999996,133.0,5.437664262759002,1.1174660770301585,1.9256809477938734,0.004175859695636952,-0.0018048074351923228,0.0011479284901485466,0.06084885556310902,-0.2756390869617462,0.17645061016082764,0.2517606317996979,1.93695867061615,0.6414017081260681,-0.5762972831726074,-1.1897090673446655,-0.6699627041816711,-1.8266409635543823,0.9076337814331055,1.0077276229858398,-1.2539669275283813
0.4551758749999989,0.0034223749999999996,133.0,5.4549972306194086,1.1346413863306244,1.9259031594132716,0.00441108012746141,-0.0019121560492656145,0.0012066354392204063,0.06086128803200758,-0.2749246060848236,0.17650946974754333,0.2516609728336334,1.937266230583191,0.6510757207870483,-0.5838108062744141,-1.1886322498321533,-0.671055018901825,-1.8324165344238281,0.9064338207244873,1.0186784267425537,-1.2532963752746582
0.4551758749999989,0.0034223749999999996,133.0,5.471509127962512,1.1515063942497892,1.9265921682419058,0.004621427771101058,-0.002004391582906643,0.001254519895233957,0.06086502760423359,-0.2740556299686432,0.17719298601150513,0.2529102861881256,1.940814733505249,0.6581441760063171,-0.589698314666748,-1.1924388408660889,-0.6749126315116882,-1.829707145690918,0.8959643840789795,1.0152180194854736,-1.2529759407043457
0.4551758749999989,0.0034223749999999996,133.0,5.487405920280259,1.166706551682698,1.9265900408359686,0.004826790834025248,-0.002099977535659741,0.0012998512272571117,0.06088119725611985,-0.2725772559642792,0.1770777404308319,0.25264617800712585,1.9389876127243042,0.6639914512634277,-0.596599817276001,-1.1932528018951416,-0.6745005249977112,-1.8308050632476807,0.8904614448547363,1.0228134393692017,-1.2516573667526245
0.4551758749999989,0.0034223749999999996,133.0,5.502724820857313,1.1808589011925583,1.926605590339484,0.004986991327645763,-0.0021768339703769467,0.001329752696378911,0.06090088240329999,-0.2701960504055023,0.1748528778553009,0.25143107771873474,1.9309234619140625,0.6587401032447815,-0.59897780418396,-1.2019119262695312,-0.6695776581764221,-1.8263694047927856,0.8838839530944824,1.0365067720413208,-1.2486580610275269
0.4551758749999989,0.0034223749999999996,133.0,5.5172265995407885,1.1943850108493843,1.9267274703617552,0.005130529506905107,-0.0022391728975611567,0.0013558513037038849,0.06093217021379887,-0.2684287130832672,0.17647626996040344,0.25374093651771545,1.9356015920639038,0.6702237725257874,-0.6097261905670166,-1.2012784481048584,-0.6767740845680237,-1.8160802125930786,0.862485408782959,1.0229209661483765,-1.24604332447052
0.4551758749999989,0.0034223749999999996,133.0,5.530985101020148,1.206954249701332,1.927056635687673,0.005283784300357662,-0.0023080567396287694,0.0013809755265682122,0.06095822212916786,-0.26568302512168884,0.17451855540275574,0.2527390420436859,1.9280906915664673,0.669828474521637,-0.6137247085571289,-1.2043992280960083,-0.6743924021720886,-1.8089643716812134,0.851027250289917,1.0326234102249146,-1.241014838218689
0.4551758749999989,0.0034223749999999996,133.0,5.543387634936278,1.2195520044370374,1.9278441591794342,0.0054513623514749684,-0.0023737727597904603,0.0014113589598020637,0.0609713236435628,-0.26426437497138977,0.17488880455493927,0.25364360213279724,1.9289394617080688,0.6783941984176636,-0.6203796863555908,-1.202648639678955,-0.6779537796974182,-1.8035820722579956,0.8381845951080322,1.0289714336395264,-1.2382837533950806
0.4551758749999989,0.0034223749999999996,133.0,5.554710506319924,1.231759867930448,1.9288852705192812,0.005623566167545548,-0.0024379824925724364,0.0014473693098815267,0.06097932026042942,-0.2645138204097748,0.17650294303894043,0.25327107310295105,1.9309520721435547,0.696914792060852,-0.6292910575866699,-1.1885802745819092,-0.6800704598426819,-1.8159868717193604,0.8438942432403564,1.0373367071151733,-1.2382782697677612
0.4551758749999989,0.0034223749999999996,133.0,5.5649890629723044,1.2442034580913621,1.9306450950189413,0.005796727758129549,-0.002490893365825986,0.0014813586654271666,0.060973812154025996,-0.2647567689418793,0.1801438182592392,0.2554527223110199,1.9403973817825317,0.7129798531532288,-0.6372852325439453,-1.1791073083877563,-0.6873158812522888,-1.8161203861236572,0.8337528705596924,1.0175753831863403,-1.240344524383545
0.4551758749999989,0.0034223749999999996,133.0,5.574467071159631,1.2553454309996102,1.9320940434784453,0.005992001161936931,-0.0025591053777666408,0.001522318042035136,0.0609715582556273,-0.26544418931007385,0.18459992110729218,0.257971853017807,1.9516419172286987,0.7321719527244568,-0.6462914943695068,-1.1675975322723389,-0.6962694525718689,-1.8165230751037598,0.8243231773376465,0.994439959526062,-1.2424771785736084
0.4551758749999989,0.0034223749999999996,133.0,5.583010348562111,1.2665360859842711,1.934936482092713,0.0062365763042618845,-0.002697451946654996,0.0016012312048947323,0.0608588723451093,-0.2671642005443573,0.18697482347488403,0.25632914900779724,1.9550889730453491,0.7504909038543701,-0.6496632099151611,-1.149406909942627,-0.6954459547996521,-1.8371610641479492,0.8430299758911133,1.003338098526001,-1.2468734979629517
0.4551758749999989,0.0034223749999999996,133.0,5.590603740293833,1.27604750587364,1.9358545537302856,0.006527335037787931,-0.0028053753949838136,0.0016785192169835451,0.06086774219111394,-0.2680352032184601,0.19021674990653992,0.25803783535957336,1.9640908241271973,0.7698098421096802,-0.6568193435668945,-1.136420726776123,-0.7040758728981018,-1.8394511938095093,0.8373534679412842,0.9893633127212524,-1.247143030166626
0.4551758749999989,0.0034223749999999996,133.0,5.5975017722483384,1.2841914645419181,1.9367095471393438,0.006971614901910672,-0.0029829783589469467,0.0017875417122035111,0.060875857735399275,-0.2686291038990021,0.19247287511825562,0.2584269940853119,1.9690008163452148,0.7847273945808411,-0.6626780033111572,-1.1250615119934082,-0.7079249024391174,-1.8446093797683716,0.8376281261444092,0.9848288297653198,-1.248199224472046
0.4551758749999989,0.0034223749999999996,133.0,5.6034413342481955,1.2918269399495212,1.9378429943019946,0.007717054798409779,-0.0032839321018072686,0.0019685944000016925,0.0608721889473668,-0.2691417634487152,0.1942138820886612,0.2590774595737457,1.9744431972503662,0.7968413233757019,-0.6664106845855713,-1.1165978908538818,-0.7123131155967712,-1.8444632291793823,0.8343491554260254,0.9762972593307495,-1.249208927154541
0.4551758749999989,0.0034223749999999996,133.0,5.608780900822964,1.2980362272446475,1.9389026456306329,0.009399326329447712,-0.0039952607653563395,0.002369799898711719,0.06087390168087407,-0.2690718472003937,0.19641630351543427,0.26134106516838074,1.9834051132202148,0.8046442270278931,-0.6715996265411377,-1.115323781967163,-0.7182605862617493,-1.8312467336654663,0.8171203136444092,0.9502202868461609,-1.252058982849121
0.4551758749999989,0.0034223749999999996,133.0,5.61297350007741,1.3024933579474833,1.9402374399641513,0.01740143718224302,-0.00751504889136983,0.00425471252282655,0.060897531876677624,-0.26822349429130554,0.19466567039489746,0.26397648453712463,1.9977319240570068,0.80986487865448,-0.6811749935150146,-1.1269563436508179,-0.7203903794288635,-1.792470097541809,0.7856638431549072,0.9220086932182312,-1.2641992568969727
0.4551758749999989,0.0034223749999999996,133.0,5.647819381974651,-1.1717433350420021,1.7746726332767893,-0.01513529731543474,0.00046677656242313553,-0.006664747676759623,0.06606056677937185,-0.1287207007408142,0.2440808117389679,-0.007655680179595947,1.331038475036621,0.8161530494689941,-1.3611297607421875,-0.7641593813896179,-0.21848571300506592,-1.3448530435562134,0.8103735446929932,1.584189534187317,-1.1120952367782593
0.4551758749999989,0.0034223749999999996,133.0,5.6429248117901905,-1.1662159382922035,1.7743491482409903,-0.008142730799214536,0.0002187866047243924,-0.0036637783107556195,0.0660264634712032,-0.1296355426311493,0.2448022961616516,-0.009901374578475952,1.329971432685852,0.8431548476219177,-1.3534190654754639,-0.7301634550094604,-0.21693331003189087,-1.3420132398605347,0.8362009525299072,1.5775777101516724,-1.1125167608261108
0.4551758749999989,0.0034223749999999996,133.0,5.636784777828343,-1.1602865991136047,1.7737986559978993,-0.006692991849237563,0.00014217578465425623,-0.0030215388072468187,0.06598048104922166,-0.1323237121105194,0.2462771087884903,-0.01061353087425232,1.3381379842758179,0.8459455966949463,-1.3440186977386475,-0.706110954284668,-0.22172969579696655,-1.3396492004394531,0.8461177349090576,1.5530939102172852,-1.115656852722168
0.4551758749999989,0.0034223749999999996,133.0,5.629954473013993,-1.1540027732539804,1.7729294476862796,-0.006056129294743635,7.973883965444046e-5,-0.0027421162430014663,0.06594174611247543,-0.13373535871505737,0.2462974190711975,-0.013326525688171387,1.3401567935943604,0.8486339449882507,-1.3318555355072021,-0.6789218783378601,-0.2214682698249817,-1.3370825052261353,0.8536100387573242,1.5428346395492554,-1.1179566383361816
0.4551758749999989,0.0034223749999999996,133.0,5.622114808589888,-1.1468808986824595,1.7718233242979746,-0.005686838387250247,1.6366906344995022e-5,-0.002582163835813592,0.06589589384564962,-0.13537663221359253,0.24575641751289368,-0.017598092555999756,1.3415700197219849,0.8527774810791016,-1.3140490055084229,-0.6401901841163635,-0.22039800882339478,-1.3348305225372314,0.8621113300323486,1.533948302268982,-1.1205787658691406
0.4551758749999989,0.0034223749999999996,133.0,5.613128286387805,-1.1410840554664032,1.768170232236622,-0.005430951921270515,-7.089228430885421e-5,-0.002472487561197783,0.06593785388914687,-0.13568919897079468,0.24534767866134644,-0.019696086645126343,1.3401275873184204,0.8538082838058472,-1.3055415153503418,-0.6195199489593506,-0.2196783423423767,-1.3275026082992554,0.8631370067596436,1.5282799005508423,-1.119913935661316
0.4551758749999989,0.0034223749999999996,133.0,5.6035100696166396,-1.1326288452545692,1.7667090781706005,-0.005218167736573627,-0.00013964551575664338,-0.0023838633840276673,0.06588481261872012,-0.13786166906356812,0.24482829868793488,-0.02439194917678833,1.3428350687026978,0.8569169044494629,-1.2848625183105469,-0.5750125646591187,-0.21954220533370972,-1.3235759735107422,0.8719995021820068,1.5143142938613892,-1.1228781938552856
0.4551758749999989,0.0034223749999999996,133.0,5.5931158154462866,-1.1230455419989127,1.7656306728682392,-0.005060113132774223,-0.0001884670858091341,-0.0023144784938456025,0.0658370184685793,-0.13998642563819885,0.2450675070285797,-0.02737089991569519,1.3468979597091675,0.8536235094070435,-1.2707855701446533,-0.5433644652366638,-0.22003871202468872,-1.3163119554519653,0.8801150321960449,1.4935745000839233,-1.1263600587844849
0.4551758749999989,0.0034223749999999996,133.0,5.581768599189342,-1.1127901089271937,1.7641135367545704,-0.004919280385753995,-0.00025330773351545886,-0.0022541836703837232,0.06577442091068118,-0.14299297332763672,0.24484525620937347,-0.032092154026031494,1.3517357110977173,0.8544853925704956,-1.248415470123291,-0.4946993291378021,-0.22155475616455078,-1.3104090690612793,0.890244722366333,1.4721388816833496,-1.129730463027954
0.4551758749999989,0.0034223749999999996,133.0,5.569730593028744,-1.1019435371931494,1.7625834783174663,-0.004775355001144013,-0.0003173671478794262,-0.0021942577638272977,0.06572010783080537,-0.14432257413864136,0.24354995787143707,-0.0377579927444458,1.350462555885315,0.8553317189216614,-1.2269692420959473,-0.4485836625099182,-0.21802055835723877,-1.3013538122177124,0.8982241153717041,1.4592459201812744,-1.1321698427200317
0.4551758749999989,0.0034223749999999996,133.0,5.557213010390905,-1.0900860554275629,1.7615239041988318,-0.0046407189681986,-0.0003590087755402193,-0.0021346677862993193,0.06568794138791599,-0.14632180333137512,0.24369561672210693,-0.040876179933547974,1.3534868955612183,0.8503322601318359,-1.2133922576904297,-0.41750359535217285,-0.217803955078125,-1.2912193536758423,0.9063858985900879,1.4371060132980347,-1.1353081464767456
0.4551758749999989,0.0034223749999999996,133.0,5.544101026126572,-1.077493466745169,1.7605300588455781,-0.004503688331348267,-0.00039054499639189504,-0.002072622536406415,0.065657231311856,-0.14687180519104004,0.2428286075592041,-0.04505950212478638,1.3510973453521729,0.8513584733009338,-1.1995062828063965,-0.3874850869178772,-0.21364974975585938,-1.2805441617965698,0.9121062755584717,1.4292488098144531,-1.1371517181396484
0.4551758749999989,0.0034223749999999996,133.0,5.530852775339113,-1.064072732018543,1.7598490441593515,-0.004381944316920692,-0.0004065299552436876,-0.0020159670916546253,0.06566490018510715,-0.14540842175483704,0.24170845746994019,-0.048376232385635376,1.3441144227981567,0.8473805785179138,-1.1933636665344238,-0.3721696734428406,-0.20551741123199463,-1.2661288976669312,0.9140055179595947,1.4241631031036377,-1.1383591890335083
0.4551758749999989,0.0034223749999999996,133.0,5.516889990888444,-1.0498825899577109,1.7594561499805845,-0.004227617093998051,-0.00041146392284820593,-0.0019435742027438159,0.06568518369749317,-0.14527958631515503,0.2424854189157486,-0.048940420150756836,1.344204068183899,0.8442513346672058,-1.1922810077667236,-0.37123870849609375,-0.20375162363052368,-1.2565922737121582,0.9152379035949707,1.4119242429733276,-1.1400363445281982
0.4551758749999989,0.0034223749999999996,133.0,5.501673723784257,-1.0344059406779604,1.7590595174912262,-0.004036447209332536,-0.00040990105457414046,-0.0018523272006719623,0.06569185404128915,-0.14425694942474365,0.24223892390727997,-0.051154643297195435,1.340187430381775,0.8397600650787354,-1.1882550716400146,-0.36190226674079895,-0.19845962524414062,-1.2447487115859985,0.9156851768493652,1.4017583131790161,-1.1412997245788574
0.4551758749999989,0.0034223749999999996,133.0,5.485632824303051,-1.018117972137409,1.7587824859520582,-0.003858032805121499,-0.00040759752723662366,-0.0017661629245542432,0.06569706576822643,-0.14260706305503845,0.24199645221233368,-0.05314570665359497,1.335257649421692,0.8370639681816101,-1.1859121322631836,-0.3564940094947815,-0.19278377294540405,-1.2338459491729736,0.9132301807403564,1.394752860069275,-1.1420941352844238
0.4551758749999989,0.0034223749999999996,133.0,5.4687799576395655,-1.001410433624059,1.758067289978272,-0.0036523653697213268,-0.00041755084174096657,-0.0016709606301035232,0.06570386390665572,-0.14249303936958313,0.24153117835521698,-0.05666404962539673,1.3326594829559326,0.8301194906234741,-1.1760330200195312,-0.3309747874736786,-0.1886303424835205,-1.2205281257629395,0.915285587310791,1.3752892017364502,-1.14369797706604
0.4551758749999989,0.0034223749999999996,133.0,5.4520428668769965,-0.9839324720620516,1.758171704934137,-0.003455143025537028,-0.0003995590604049716,-0.0015778159568627845,0.06576607936773088,-0.13956284523010254,0.24196575582027435,-0.056697726249694824,1.3262733221054077,0.8181487321853638,-1.1838524341583252,-0.34416139125823975,-0.1816859245300293,-1.2075287103652954,0.9082281589508057,1.3662903308868408,-1.1441932916641235
0.4551758749999989,0.0034223749999999996,133.0,5.433296892799207,-0.9649252349822697,1.7578922001249273,-0.0032568071841573907,-0.000393426268587837,-0.001481349928253085,0.06576398990808606,-0.13924163579940796,0.24262328445911407,-0.058300673961639404,1.325778841972351,0.8125724196434021,-1.1792933940887451,-0.3344174921512604,-0.1796899437904358,-1.1968042850494385,0.9062895774841309,1.3471144437789917,-1.1456395387649536
0.4551758749999989,0.0034223749999999996,133.0,5.413934611382257,-0.9456708796895205,1.757246369844356,-0.00307582259149982,-0.00040099912291793617,-0.0013963527803612012,0.06577473758549937,-0.1391623616218567,0.2426055520772934,-0.06135788559913635,1.3240364789962769,0.8022205233573914,-1.1708550453186035,-0.3109990656375885,-0.17594069242477417,-1.181018590927124,0.907050609588623,1.3216168880462646,-1.1476229429244995
0.4551758749999989,0.0034223749999999996,133.0,5.394331862777224,-0.9253264694179694,1.7572553476238726,-0.0028400586172350525,-0.00037832936673711204,-0.0012844116509499143,0.06581902800435525,-0.13744091987609863,0.24312955141067505,-0.06246960163116455,1.3198950290679932,0.7898167967796326,-1.1720421314239502,-0.31011927127838135,-0.17027097940444946,-1.165631890296936,0.9028174877166748,1.3030850887298584,-1.1490614414215088
0.4551758749999989,0.0034223749999999996,133.0,5.372810694260654,-0.9051009877552243,1.7558771856440756,-0.002604345579678233,-0.0003977606414880298,-0.001179164449313381,0.06579620036404513,-0.13705748319625854,0.24053946137428284,-0.07014748454093933,1.313322901725769,0.7969757914543152,-1.1479976177215576,-0.2553207278251648,-0.16381686925888062,-1.1493693590164185,0.9048142433166504,1.2877438068389893,-1.1493622064590454
0.4551758749999989,0.0034223749999999996,133.0,5.3513128221116215,-0.8836689289252044,1.755430452479785,-0.002381620238849406,-0.00038519495340679443,-0.0010756813408244158,0.0658222695000136,-0.13613370060920715,0.24151477217674255,-0.07095658779144287,1.312035083770752,0.7897449731826782,-1.147162675857544,-0.2540939152240753,-0.16109532117843628,-1.1371403932571411,0.900252103805542,1.2687312364578247,-1.1506874561309814
0.4551758749999989,0.0034223749999999996,133.0,5.328344778703942,-0.8603509998616128,1.7550790261425875,-0.002164565750352645,-0.000362455189405068,-0.0009708293683772587,0.06582115316272587,-0.13458633422851562,0.24120301008224487,-0.07387098670005798,1.3067591190338135,0.7808716297149658,-1.1417462825775146,-0.23941150307655334,-0.15492212772369385,-1.120038628578186,0.8963701725006104,1.2486661672592163,-1.1516226530075073
0.4551758749999989,0.0034223749999999996,133.0,5.304949390010725,-0.8366742516106436,1.7548327261234535,-0.0019877136500157724,-0.0003462076521572615,-0.0008870468858318081,0.06584690339146013,-0.13553550839424133,0.243015855550766,-0.07455912232398987,1.309779405593872,0.7636100053787231,-1.138643741607666,-0.2297666221857071,-0.15467321872711182,-1.1041961908340454,0.8965260982513428,1.2109103202819824,-1.1545811891555786
0.4551758749999989,0.0034223749999999996,133.0,5.281444228127699,-0.8124123896786402,1.7551120148058472,-0.0017701480001319895,-0.00031322097826821493,-0.0007873358001414712,0.06592087143643108,-0.1333445906639099,0.24390187859535217,-0.07516476511955261,1.3052772283554077,0.7497584819793701,-1.1416239738464355,-0.2345939576625824,-0.14863252639770508,-1.0878946781158447,0.8890388011932373,1.1904078722000122,-1.156006097793579
0.4551758749999989,0.0034223749999999996,133.0,5.2563457381937955,-0.7874695077135208,1.7550735138887779,-0.0015691854927015422,-0.00029156076215314334,-0.0006966817415073743,0.06596431555609783,-0.131557434797287,0.24405501782894135,-0.07749632000923157,1.3000510931015015,0.736844539642334,-1.1385982036590576,-0.2241787612438202,-0.14168542623519897,-1.0681805610656738,0.8840115070343018,1.1652196645736694,-1.1576814651489258
0.4551758749999989,0.0034223749999999996,133.0,5.229934341542814,-0.7622675485521596,1.7545073973800445,-0.0013730628750359653,-0.0002676538355841606,-0.0006052458637700062,0.06599028716460184,-0.13074466586112976,0.24255628883838654,-0.08329859375953674,1.2938135862350464,0.7309802770614624,-1.1232457160949707,-0.1830676645040512,-0.1344582438468933,-1.0448631048202515,0.8838469982147217,1.1348342895507812,-1.1588194370269775
0.4551758749999989,0.0034223749999999996,133.0,5.202922843290217,-0.7359374831641591,1.7542301980595505,-0.001208317158089521,-0.00024753002293208845,-0.0005319591051689579,0.06603113491355118,-0.13090422749519348,0.24230577051639557,-0.08758381009101868,1.291160225868225,0.7186756134033203,-1.110428810119629,-0.1478111743927002,-0.12968873977661133,-1.0200587511062622,0.8840746879577637,1.0939624309539795,-1.1608697175979614
0.4551758749999989,0.0034223749999999996,133.0,5.175432366045479,-0.7091836228759429,1.7540622532425414,-0.0010615912586391342,-0.00022806978366642292,-0.0004676488713694403,0.0660923477944906,-0.129706472158432,0.2416049987077713,-0.0920020341873169,1.2847245931625366,0.7041287422180176,-1.0999810695648193,-0.11562079191207886,-0.12154465913772583,-0.9911251068115234,0.8816888332366943,1.0556284189224243,-1.1625406742095947
0.4551758749999989,0.0034223749999999996,133.0,5.146678983670719,-0.6810445932213107,1.7539758828361016,-0.0008742441341980959,-0.00019488509702962931,-0.00038393207590671957,0.06612558915151938,-0.1271275281906128,0.2414233237504959,-0.09491661190986633,1.2765769958496094,0.6887140870094299,-1.09572434425354,-0.09962822496891022,-0.11208701133728027,-0.9628906846046448,0.8741333484649658,1.0236945152282715,-1.1637792587280273
0.4551758749999989,0.0034223749999999996,133.0,5.116874522580631,-0.6525076589814675,1.7535147302188339,-0.0007321045734554726,-0.00017377404753546875,-0.00032063864623440994,0.06612566774055403,-0.12806513905525208,0.23959985375404358,-0.1021740734577179,1.2720158100128174,0.6836952567100525,-1.072568655014038,-0.03602684661746025,-0.10712522268295288,-0.9310964941978455,0.8769979476928711,0.974337100982666,-1.1642519235610962
0.4551758749999989,0.0034223749999999996,133.0,5.08650888148324,-0.6230424107508026,1.7532377119899731,-0.0005479911828098081,-0.000136262304700831,-0.00023970311541586398,0.06614223916192001,-0.12799721956253052,0.23801088333129883,-0.10845890641212463,1.2654106616973877,0.6737912893295288,-1.054380178451538,0.017867594957351685,-0.10061514377593994,-0.8969993591308594,0.876502513885498,0.9250091910362244,-1.164178729057312
0.4551758749999989,0.0034223749999999996,133.0,5.05571493838983,-0.5924514354989046,1.7533691193903256,-0.0003431183502594081,-8.685789742253285e-5,-0.0001499712296319659,0.06619184175626204,-0.12694838643074036,0.23700688779354095,-0.11332139372825623,1.2576611042022705,0.6583845019340515,-1.0420324802398682,0.05734335631132126,-0.09290432929992676,-0.8629773259162903,0.8722431659698486,0.8774394392967224,-1.1640888452529907
0.4551758749999989,0.0034223749999999996,133.0,5.024116439254696,-0.5608297874374382,1.753488311902644,-0.00015965367053191417,-4.126737144406136e-5,-6.957366901424539e-5,0.06623104372492025,-0.12394979596138,0.23701368272304535,-0.11574152112007141,1.2484769821166992,0.6404514908790588,-1.0391156673431396,0.07194717228412628,-0.08396387100219727,-0.8318710327148438,0.8601634502410889,0.8399587273597717,-1.1637481451034546
0.4551758749999989,0.0034223749999999996,133.0,4.991586562717245,-0.5289705854886746,1.7538920300674075,1.8632710439674006e-5,4.974472884714168e-6,8.113824437171869e-6,0.06627402966505445,-0.1217128336429596,0.23678188025951385,-0.11894887685775757,1.2400093078613281,0.6231052279472351,-1.0326862335205078,0.0946345329284668,-0.07552778720855713,-0.8013424873352051,0.8502473831176758,0.7974103093147278,-1.1636359691619873
0.4551758749999989,0.0034223749999999996,133.0,4.958149925917835,-0.49679713732145664,1.7536078426804595,0.000196370692839216,5.52461848103665e-5,8.550557541759416e-5,0.06629368330514937,-0.12029838562011719,0.23379474878311157,-0.12619319558143616,1.2279233932495117,0.6151242852210999,-1.0153110027313232,0.15393273532390594,-0.0669291615486145,-0.7621743679046631,0.8449950218200684,0.7485426664352417,-1.160294771194458
0.4551758749999989,0.0034223749999999996,133.0,4.923732387464332,-0.4623270037335822,1.7537201424913835,0.00038886546780563127,0.00011046893360370658,0.00016827174759422408,0.06631405436543467,-0.11932551860809326,0.23429487645626068,-0.1285952925682068,1.2222371101379395,0.5972495079040527,-1.0068204402923584,0.1763063669204712,-0.06181180477142334,-0.7322152256965637,0.8351399898529053,0.7007684707641602,-1.1595288515090942
0.4551758749999989,0.0034223749999999996,133.0,4.888524402613134,-0.42800417450243194,1.7538202739238675,0.0005392899524377858,0.00015824344145936003,0.0002332070561720207,0.06634246584964092,-0.11806371808052063,0.23293544352054596,-0.13339170813560486,1.2121349573135376,0.580172598361969,-0.9942035675048828,0.2169126272201538,-0.05361992120742798,-0.695860743522644,0.8274226188659668,0.6503486037254333,-1.1575490236282349
0.4551758749999989,0.0034223749999999996,133.0,4.852438442144739,-0.39281945904117344,1.7539811664177447,0.0007077649861504911,0.00021367262356426618,0.0003060429919860194,0.0663680772785992,-0.11682268977165222,0.231565460562706,-0.1380193829536438,1.2017786502838135,0.5632082223892212,-0.9818048477172852,0.2564666271209717,-0.045679330825805664,-0.6599628329277039,0.8189718723297119,0.6002199053764343,-1.1550606489181519
0.4551758749999989,0.0034223749999999996,133.0,4.815501292525303,-0.3567368186873449,1.7541922671399905,0.0008862135748473291,0.00027469535346901424,0.00038310818233055436,0.06639068105860997,-0.11563897132873535,0.23003214597702026,-0.1427759826183319,1.1905732154846191,0.545557975769043,-0.968515157699585,0.2988225817680359,-0.0377461314201355,-0.6218400001525879,0.8099143505096436,0.5477478504180908,-1.1517035961151123
0.4551758749999989,0.0034223749999999996,133.0,4.777728220936934,-0.31982790503989494,1.754535802961419,0.0010873563972248583,0.0003452266594202612,0.00047021299205795186,0.06641238336149816,-0.11448130011558533,0.2283225804567337,-0.14768588542938232,1.1782653331756592,0.5271690487861633,-0.9541325569152832,0.3446536362171173,-0.029797613620758057,-0.5809478759765625,0.8000421524047852,0.4919603765010834,-1.1472432613372803
0.4551758749999989,0.0034223749999999996,133.0,4.738578665546786,-0.2818220049542551,1.7548655910161186,0.0012780104776275206,0.00041790777707316083,0.0005525617363674257,0.06640747375205341,-0.11636510491371155,0.2282770723104477,-0.15162146091461182,1.1718368530273438,0.5081650614738464,-0.9322226047515869,0.3957306444644928,-0.02862495183944702,-0.539756715297699,0.7931456565856934,0.4187886118888855,-1.1416707038879395
0.4551758749999989,0.0034223749999999996,133.0,4.699116638773866,-0.24362452795860054,1.7555564732838234,0.0013991862304064053,0.00047026207653157176,0.0006057871654643118,0.06642734511105645,-0.11502775549888611,0.22601808607578278,-0.1570712924003601,1.155634880065918,0.48742297291755676,-0.9145064353942871,0.4509011209011078,-0.019794344902038574,-0.4907771944999695,0.7805235385894775,0.35526043176651,-1.1341776847839355
0.4551758749999989,0.0034223749999999996,133.0,4.658964104010705,-0.205012973762964,1.7560975292811178,0.0015500494767734308,0.0005384623944360734,0.0006788148115688179,0.06646612634874555,-0.11082664132118225,0.2190898060798645,-0.16673657298088074,1.124922275543213,0.4720732569694519,-0.8977487087249756,0.5377272963523865,-0.003277003765106201,-0.42125633358955383,0.7641134262084961,0.29487740993499756,-1.1201529502868652
0.4551758749999989,0.0034223749999999996,133.0,4.617417623847173,-0.16392549224113867,1.7559134273270307,0.0017022644652114594,0.0006062359979041156,0.0007455411516223393,0.06644738292953091,-0.11005958914756775,0.21670596301555634,-0.1717366874217987,1.1060528755187988,0.44442737102508545,-0.876370906829834,0.6009446978569031,0.0031667351722717285,-0.35879021883010864,0.7474367618560791,0.21951614320278168,-1.1074838638305664
0.4551758749999989,0.0034223749999999996,133.0,4.575419838817709,-0.12211564486856558,1.7593220125894737,0.001836485417175189,0.0006684369570193372,0.0008255196349901032,0.06640714697253561,-0.11056700348854065,0.20935271680355072,-0.18243929743766785,1.0737775564193726,0.4341878890991211,-0.8458082675933838,0.7183985710144043,0.01294657588005066,-0.2774762213230133,0.7373208999633789,0.13625304400920868,-1.0849835872650146
0.4551758749999989,0.0034223749999999996,133.0,4.530070078460802,-0.0790835231368454,1.7600071236387669,0.0019309533976892346,0.0007250277771233295,0.0008810579327572641,0.06632424641075625,-0.11291390657424927,0.21128851175308228,-0.18332672119140625,1.0748414993286133,0.4168585240840912,-0.8395512104034424,0.725529134273529,0.007911264896392822,-0.2670385241508484,0.7339410781860352,0.09479066729545593,-1.0808442831039429
0.4551758749999989,0.0034223749999999996,133.0,4.481466537584131,-0.02716829634493569,1.7618477410144313,0.0019110692264055662,0.00048367252876586116,0.0010041142148651165,0.06636416051307348,-0.11774057149887085,0.23940256237983704,-0.13633501529693604,1.1859149932861328,0.42928293347358704,-0.9211366176605225,0.22201867401599884,-0.03061121702194214,-0.7767512202262878,0.8368055820465088,0.39638227224349976,-1.1527787446975708
0.4551758749999989,0.0034223749999999996,133.0,4.4239733762881075,0.02891308326667772,1.7664048951261704,0.001737423784010689,-0.00013207052680181777,0.001163935077108868,0.06599054581250989,-0.15053099393844604,0.2573651969432831,-0.052000999450683594,1.286349892616272,0.5570087432861328,-0.9074685573577881,-0.3557845950126648,-0.08303636312484741,-1.481845736503601,1.1054248809814453,0.7520791888237,-1.1981498003005981
0.4551758749999989,0.0034223749999999996,133.0,4.342314360625862,0.038557967271610635,1.7768877794573927,0.0001052184717706792,-2.1006732577016537e-6,7.324920913344853e-5,0.06445178541725101,-0.2791789472103119,0.11529478430747986,0.05755606293678284,1.549345850944519,0.5447966456413269,-0.1785280704498291,-0.34340280294418335,-0.4459371566772461,-1.6935865879058838,1.4545564651489258,0.9781004190444946,-1.095394492149353
0.4551758749999989,0.0034223749999999996,133.0,4.357038870906049,0.07272795270411897,1.8035899650158573,-0.0018611968572426498,0.00036691967633475936,-0.001255166103846041,0.062388959186518524,-0.3065374195575714,0.11109336465597153,0.126230388879776,1.6013134717941284,0.35381776094436646,-0.15718317031860352,-0.6725499033927917,-0.5100573897361755,-1.7261580228805542,1.4641547203063965,1.0610219240188599,-1.080426573753357
0.4551758749999989,0.0034223749999999996,133.0,4.373007297974342,0.12023032077343987,1.835864254583425,-0.002257537222611677,0.0008411191381155842,-0.0012142756704682175,0.060397039568243195,-0.34196338057518005,0.10913041234016418,0.18001052737236023,1.6285682916641235,0.05248287692666054,-0.05650210380554199,-0.9424683451652527,-0.4825320243835449,-1.6365057229995728,1.4900693893432617,1.152522087097168,-1.1331508159637451
0.4551758749999989,0.0034223749999999996,133.0,4.411737634300682,0.16684417207492547,1.8491750970320961,-0.0023081478322555587,0.000893527526335693,-0.0011263874095397302,0.05994639224810421,-0.3420737683773041,0.11814425885677338,0.19707950949668884,1.689897894859314,0.08630547672510147,-0.08879661560058594,-0.9892045855522156,-0.5000888705253601,-1.6453896760940552,1.4254274368286133,1.0663713216781616,-1.1764624118804932
0.4551758749999989,0.0034223749999999996,133.0,4.456133712378411,0.21162162310312024,1.8561907931458272,-0.0021962618769642457,0.0008542226409150753,-0.0010204936747664102,0.05988368860352672,-0.3383761942386627,0.12326289713382721,0.20553091168403625,1.722095251083374,0.13589875400066376,-0.12658143043518066,-1.0117939710617065,-0.5202640891075134,-1.6644515991210938,1.3760132789611816,1.0329898595809937,-1.1882258653640747
0.4551758749999989,0.0034223749999999996,133.0,4.500886049719122,0.2543346520502591,1.8610370516061245,-0.0020151777128709705,0.000785130614716393,-0.000903005861184601,0.0599508210999167,-0.334279328584671,0.12964226305484772,0.21247950196266174,1.752973198890686,0.18998880684375763,-0.16333794593811035,-1.0211622714996338,-0.5401946902275085,-1.6876859664916992,1.3295509815216064,1.001710057258606,-1.198925256729126
0.4551758749999989,0.0034223749999999996,133.0,4.5447019419477,0.2952827596818486,1.8638272837114112,-0.0017843764473073867,0.0006969773253448571,-0.0007826338307160472,0.060078239452139505,-0.33047905564308167,0.1315833330154419,0.21447047591209412,1.7639418840408325,0.2201591581106186,-0.19031333923339844,-1.0267000198364258,-0.5487075448036194,-1.7095359563827515,1.305039644241333,1.0076520442962646,-1.2013999223709106
0.4551758749999989,0.0034223749999999996,133.0,4.588052464951995,0.3354442330346458,1.866647387623211,-0.0016794613266523156,0.0006556886465983635,-0.0007193908324708408,0.060173266847612046,-0.3266821801662445,0.13282659649848938,0.21720269322395325,1.77439284324646,0.23674923181533813,-0.21085143089294434,-1.0430381298065186,-0.556982696056366,-1.7164371013641357,1.27485990524292,1.0099042654037476,-1.2035326957702637
0.4551758749999989,0.0034223749999999996,133.0,4.630433853127425,0.3755866921469606,1.8692611146983673,-0.0014402189692542021,0.0005630509071188617,-0.0006014066813748956,0.06019370106944479,-0.32416751980781555,0.13392533361911774,0.21602895855903625,1.7751847505569458,0.24767141044139862,-0.22573113441467285,-1.0455069541931152,-0.5529840588569641,-1.7394959926605225,1.2708232402801514,1.026431918144226,-1.2085031270980835
0.4551758749999989,0.0034223749999999996,133.0,4.67195924758838,0.4148515190192743,1.8721849725382358,-0.0012535438000542366,0.0004916291280811337,-0.0005123073978036803,0.060264518511787976,-0.321315735578537,0.13649813830852509,0.21825262904167175,1.7870001792907715,0.2758461534976959,-0.24811410903930664,-1.0512760877609253,-0.5616969466209412,-1.7531362771987915,1.2499558925628662,1.0253156423568726,-1.2115981578826904
0.4551758749999989,0.0034223749999999996,133.0,4.712446172431656,0.45380813941178033,1.8746924904683528,-0.001021302120192285,0.0004006532066656204,-0.0004085255768992816,0.0603182239924122,-0.31852129101753235,0.13902001082897186,0.22012534737586975,1.7980111837387085,0.30448588728904724,-0.2705717086791992,-1.0543501377105713,-0.5697991251945496,-1.7667465209960938,1.2307393550872803,1.0256836414337158,-1.2145236730575562
0.4551758749999989,0.0034223749999999996,133.0,4.752205252586392,0.4912377223049247,1.8772776456597373,-0.000813018359799149,0.0003201423119251001,-0.0003190511475237098,0.06038134185503898,-0.3157261908054352,0.14527618885040283,0.2250363528728485,1.8223891258239746,0.3522535562515259,-0.30179882049560547,-1.052564263343811,-0.5861093401908875,-1.779813289642334,1.1985197067260742,0.9997954368591309,-1.2224544286727905
0.4551758749999989,0.0034223749999999996,133.0,4.791028119462984,0.5279768148943575,1.8798630383968293,-0.0006152700732767397,0.00024262679522003855,-0.00023567980825119322,0.06041450676635038,-0.3135216534137726,0.14644531905651093,0.22326740622520447,1.8218684196472168,0.36559465527534485,-0.3162810802459717,-1.049173355102539,-0.5815826058387756,-1.8018805980682373,1.1997287273406982,1.0186231136322021,-1.2266910076141357
0.4551758749999989,0.0034223749999999996,133.0,4.828918747387831,0.5638860178270201,1.882450552318181,-0.0004234889533532226,0.00016734354647521087,-0.00015842294327385065,0.06044198580644711,-0.3108629882335663,0.14860792458057404,0.22491618990898132,1.8309704065322876,0.38978925347328186,-0.33562707901000977,-1.054057002067566,-0.5887557864189148,-1.810261607170105,1.1812849044799805,1.0192952156066895,-1.2286509275436401
0.4551758749999989,0.0034223749999999996,133.0,4.865845363678738,0.5989753046569103,1.8852376647108722,-0.0002380865436852989,9.420918134929049e-5,-8.688023991799981e-5,0.06046162343250284,-0.3087014853954315,0.15097196400165558,0.22682198882102966,1.8407922983169556,0.4124048352241516,-0.35316896438598633,-1.059831976890564,-0.5961084961891174,-1.8169634342193604,1.1642282009124756,1.0172921419143677,-1.2311303615570068
0.4551758749999989,0.0034223749999999996,133.0,4.901636730109101,0.6327854939422716,1.8871797022733432,-7.124540092036588e-5,2.828041844146955e-5,-2.5527455915986345e-5,0.06049938180576036,-0.30602702498435974,0.1551942229270935,0.23208394646644592,1.859816074371338,0.4388613998889923,-0.375413179397583,-1.0724529027938843,-0.6104735732078552,-1.8117009401321411,1.1278316974639893,0.9922744035720825,-1.2356019020080566
0.4551758749999989,0.0034223749999999996,133.0,4.936396408652912,0.6652840979796798,1.8888142444107532,0.00015202754260139724,-6.0756461961766935e-5,5.3563003595371046e-5,0.060503442886146966,-0.30424872040748596,0.15447895228862762,0.22928819060325623,1.8528945446014404,0.4348721504211426,-0.3802530765533447,-1.0797780752182007,-0.6000346541404724,-1.828081488609314,1.1352617740631104,1.018044114112854,-1.2394068241119385
0.4551758749999989,0.0034223749999999996,133.0,4.971365095250074,0.6950323030025397,1.8892703425775283,0.00035952817088203944,-0.00014363757144810952,0.000123301835538424,0.06065966225051984,-0.3007214367389679,0.15558560192584991,0.23343542218208313,1.864776849746704,0.4615804851055145,-0.404829740524292,-1.0916507244110107,-0.616206705570221,-1.8183146715164185,1.0991222858428955,1.013329029083252,-1.2350308895111084
0.4551758749999989,0.0034223749999999996,133.0,5.004650353085911,0.7264329965501544,1.891811920727464,0.0005699013954733566,-0.0002285714344755452,0.00019122375015757765,0.06066167888048365,-0.2992403209209442,0.15573419630527496,0.2320580780506134,1.8623958826065063,0.46018534898757935,-0.4099259376525879,-1.099927544593811,-0.6097913384437561,-1.8285810947418213,1.1007018089294434,1.0275880098342896,-1.2392470836639404
0.4551758749999989,0.0034223749999999996,133.0,5.037147853308937,0.7571384997210376,1.8941747630186878,0.000818173148592229,-0.0003294817073413884,0.0002692578978276482,0.06066492872456189,-0.2973625361919403,0.15654128789901733,0.2318952977657318,1.8638603687286377,0.47012898325920105,-0.420166015625,-1.106870412826538,-0.6093989014625549,-1.8357229232788086,1.0943000316619873,1.035988211631775,-1.2412264347076416
0.4551758749999989,0.0034223749999999996,133.0,5.068855014330715,0.7872437639671718,1.897277789276889,0.000996533833889823,-0.0004019945604448634,0.00032018083423070073,0.060670104699822265,-0.29592081904411316,0.16068293154239655,0.23530033230781555,1.8790203332901,0.49878641963005066,-0.4383518695831299,-1.1091316938400269,-0.6212089657783508,-1.8374967575073242,1.073533058166504,1.0189346075057983,-1.2444775104522705
0.4551758749999989,0.0034223749999999996,133.0,5.099483362028075,0.8165422209823142,1.9004969112326273,0.0012247434401663905,-0.0004956016738697102,0.00038361278544561466,0.060670982387758574,-0.2943424880504608,0.16350910067558289,0.23804530501365662,1.8904303312301636,0.518196165561676,-0.4516627788543701,-1.1162185668945312,-0.6303859353065491,-1.8354343175888062,1.0532159805297852,1.0056194067001343,-1.2466304302215576
0.4551758749999989,0.0034223749999999996,133.0,5.129383542733571,0.8439643553496695,1.9020568767664254,0.0013975034176366404,-0.0005679973638429846,0.00042993731970639897,0.06072513827553834,-0.2918374836444855,0.16803158819675446,0.24329784512519836,1.9076846837997437,0.5454708933830261,-0.4734034538269043,-1.1233052015304565,-0.6459370255470276,-1.8240264654159546,1.0159804821014404,0.9759811162948608,-1.2481187582015991
0.4551758749999989,0.0034223749999999996,133.0,5.15794867438157,0.8706743671708155,1.903373518691096,0.0015880033786526474,-0.0006536919857545705,0.0004842715462487682,0.06077470866652583,-0.28973498940467834,0.1676597148180008,0.24223336577415466,1.9045981168746948,0.552888035774231,-0.48233652114868164,-1.128587245941162,-0.643713653087616,-1.8304016590118408,1.0127005577087402,0.99269700050354,-1.2474385499954224
0.4551758749999989,0.0034223749999999996,133.0,5.185305092633818,0.8970167792063732,1.904747038381073,0.001814345393143635,-0.0007572512152554022,0.0005506486768843521,0.060829971677909406,-0.28820064663887024,0.16870422661304474,0.243271142244339,1.9089643955230713,0.5673315525054932,-0.4937865734100342,-1.1326584815979004,-0.6483933329582214,-1.8318474292755127,1.0015482902526855,0.9952337741851807,-1.2471718788146973
0.4551758749999989,0.0034223749999999996,133.0,5.211776922033017,0.9232892207660888,1.9058719557250317,0.0020493987744981965,-0.0008558180532754242,0.0006153500502069855,0.06085254333411963,-0.28739139437675476,0.17004619538784027,0.24287745356559753,1.9116950035095215,0.5828062891960144,-0.50492262840271,-1.1276456117630005,-0.648930013179779,-1.8443901538848877,1.0026116371154785,1.006272554397583,-1.2495206594467163
0.4551758749999989,0.0034223749999999996,133.0,5.237132234636474,0.9480491909868791,1.9066107006484598,0.0023097516360466187,-0.0009674966420807528,0.0006856017613602351,0.0608772688790158,-0.28597405552864075,0.1722412109375,0.2445356547832489,1.9187816381454468,0.5970464944839478,-0.5175013542175293,-1.1292999982833862,-0.6538985371589661,-1.844533085823059,0.9883663654327393,1.0004210472106934,-1.251637578010559
0.4551758749999989,0.0034223749999999996,133.0,5.261717546092454,0.9714193155999378,1.9065421381636865,0.0025001337025975442,-0.0010546366466262602,0.000735978786805856,0.06090125158890225,-0.28376033902168274,0.17060910165309906,0.24381235241889954,1.9138668775558472,0.5949042439460754,-0.5230100154876709,-1.1404705047607422,-0.6506931185722351,-1.8435012102127075,0.9814572334289551,1.0166805982589722,-1.250082015991211
0.4551758749999989,0.0034223749999999996,133.0,5.285147812858011,0.9946775478437625,1.906885742882552,0.0027446866828625942,-0.001161376783381505,0.0008019288988538063,0.06091587872482573,-0.28250905871391296,0.17123334109783173,0.24473896622657776,1.9170172214508057,0.6066111922264099,-0.5332002639770508,-1.1434292793273926,-0.6544941067695618,-1.843963623046875,0.9721124172210693,1.020935297012329,-1.2494850158691406
0.4551758749999989,0.0034223749999999996,133.0,5.307629128938433,1.017086597791087,1.9072158824620646,0.0029928709335931294,-0.0012715034598016785,0.0008686704144917446,0.06092037424473778,-0.2810117304325104,0.1718057096004486,0.2457961142063141,1.9192461967468262,0.6106977462768555,-0.5410535335540771,-1.1519100666046143,-0.6557168364524841,-1.8409943580627441,0.9604506492614746,1.020741581916809,-1.2505179643630981
0.4551758749999989,0.0034223749999999996,133.0,5.3294560587657775,1.0386901123848067,1.9074210266924816,0.0032539085172404807,-0.001388192164698853,0.0009378602718766648,0.060930460214165524,-0.27950116991996765,0.17236828804016113,0.2466539442539215,1.9212956428527832,0.6170508861541748,-0.5493865013122559,-1.1585394144058228,-0.6575070023536682,-1.839084267616272,0.9493904113769531,1.0221755504608154,-1.2508184909820557
0.4551758749999989,0.0034223749999999996,133.0,5.350140299339476,1.059977350606108,1.9084264500787205,0.0035221145341368678,-0.0015043152263292804,0.0010023009776010078,0.060915692777447086,-0.2787417471408844,0.17382842302322388,0.2468658983707428,1.9239717721939087,0.6237740516662598,-0.5559256076812744,-1.1607084274291992,-0.6571099162101746,-1.8432691097259521,0.945960283279419,1.022474765777588,-1.2539489269256592
0.4551758749999989,0.0034223749999999996,133.0,5.3699917848803915,1.0801703139316847,1.9093134596313575,0.0037291724008525697,-0.001595704669109887,0.0010514739436172807,0.06091136100130541,-0.2777499854564667,0.17504514753818512,0.24835768342018127,1.9284591674804688,0.6311652064323425,-0.5631046295166016,-1.166290283203125,-0.6607348322868347,-1.8399767875671387,0.9343194961547852,1.0168293714523315,-1.2547876834869385
0.4551758749999989,0.0034223749999999996,133.0,5.388887368387817,1.0994554386050972,1.9099449872939016,0.003961777042971242,-0.0016984729170013116,0.0011105675195422018,0.06091384794315434,-0.27706870436668396,0.17569202184677124,0.24930879473686218,1.931779384613037,0.6417094469070435,-0.5706984996795654,-1.1685017347335815,-0.6645532250404358,-1.840800404548645,0.9275591373443604,1.019269585609436,-1.2543220520019531
0.4551758749999989,0.0034223749999999996,133.0,5.407311716138472,1.1172382081077024,1.910128743230888,0.0041642050218594386,-0.001794725426430569,0.001154051655550632,0.06091466321375778,-0.27541252970695496,0.17602603137493134,0.250047892332077,1.932017207145691,0.6387098431587219,-0.5754537582397461,-1.1792329549789429,-0.6630358099937439,-1.8359636068344116,0.9158868789672852,1.0163354873657227,-1.2560938596725464
0.4551758749999989,0.0034223749999999996,133.0,5.4247194841749335,1.1342845610685024,1.910319174722501,0.004398302278871593,-0.001902609966131975,0.0012117986578712185,0.060926950599687224,-0.2743561565876007,0.17612625658512115,0.2505376636981964,1.932806134223938,0.6448619961738586,-0.5826361179351807,-1.1820536851882935,-0.6642834544181824,-1.8367263078689575,0.9095156192779541,1.021727442741394,-1.255700707435608
0.4551758749999989,0.0034223749999999996,133.0,5.441305956489747,1.1509980451808333,1.910699830860432,0.004605700585157183,-0.001994605661973826,0.0012622780297805345,0.06093737089256031,-0.2736944258213043,0.17674584686756134,0.2508040964603424,1.9347864389419556,0.6562368869781494,-0.5902719497680664,-1.1796907186508179,-0.6669408679008484,-1.8413715362548828,0.9060890674591064,1.027645230293274,-1.255096673965454
0.4551758749999989,0.0034223749999999996,133.0,5.4571407499891285,1.1663194036443916,1.9108141685769207,0.00481115623269964,-0.002087752255388857,0.0013087639665235737,0.06095330871196141,-0.2721386253833771,0.1760760396718979,0.25045081973075867,1.9319522380828857,0.658424437046051,-0.5953433513641357,-1.1835559606552124,-0.6655791401863098,-1.8408393859863281,0.9004204273223877,1.0359975099563599,-1.2537205219268799
0.4551758749999989,0.0034223749999999996,133.0,5.472469148314801,1.1804556569972708,1.9108777420918066,0.004970872900213462,-0.0021633098658446546,0.0013380391525229915,0.06097369919875825,-0.2697276771068573,0.17529435455799103,0.2513788044452667,1.9300754070281982,0.6566486954689026,-0.600341796875,-1.1931012868881226,-0.6666035056114197,-1.8284862041473389,0.8820521831512451,1.0329450368881226,-1.2508091926574707
0.4551758749999989,0.0034223749999999996,133.0,5.486982645274,1.1939499033623635,1.911061642657311,0.00511473003545133,-0.0022256168251522475,0.001363284417327448,0.06100220351000495,-0.267993301153183,0.17553108930587769,0.2517680823802948,1.9292353391647339,0.664088249206543,-0.6083822250366211,-1.1923284530639648,-0.6683753132820129,-1.824859380722046,0.8712449073791504,1.0342485904693604,-1.2482329607009888
0.4551758749999989,0.0034223749999999996,133.0,5.500733486133705,1.2065250563018357,1.911306986883895,0.0052669079690119604,-0.0022938628615112528,0.0013902419051646541,0.06103037970007067,-0.2649751603603363,0.1732511669397354,0.2503034174442291,1.919954538345337,0.6613970398902893,-0.6119787693023682,-1.1962376832962036,-0.6641359925270081,-1.8181676864624023,0.8606376647949219,1.0464563369750977,-1.243317723274231
0.4551758749999989,0.0034223749999999996,133.0,5.513091702220714,1.2192053857868568,1.91212145962538,0.005434343939701482,-0.0023581328397716825,0.0014221636596610274,0.06104414924210959,-0.26396241784095764,0.17405258119106293,0.25124654173851013,1.922104001045227,0.6736125946044922,-0.6197888851165771,-1.1914761066436768,-0.6686357855796814,-1.8160611391067505,0.8505432605743408,1.0439428091049194,-1.2409571409225464
0.4551758749999989,0.0034223749999999996,133.0,5.524444139834685,1.2315582052134053,1.9133617305532717,0.005607733340058949,-0.0024206717445080924,0.0014556337776917832,0.06104944833429874,-0.26370856165885925,0.1762874573469162,0.2528447210788727,1.9281913042068481,0.6884678602218628,-0.6279933452606201,-1.1840695142745972,-0.6747420430183411,-1.8155744075775146,0.8414556980133057,1.0336639881134033,-1.2408729791641235
0.4551758749999989,0.0034223749999999996,133.0,5.53482232605451,1.243659845621835,1.9148463892012328,0.005778219999449618,-0.0024751188884711162,0.0014901113294775073,0.06104885600458585,-0.26412007212638855,0.1791725903749466,0.2536744773387909,1.9343712329864502,0.7068715691566467,-0.6364376544952393,-1.1705055236816406,-0.6795403361320496,-1.8231087923049927,0.8403089046478271,1.0275334119796753,-1.2422354221343994
0.4551758749999989,0.0034223749999999996,133.0,5.544269140175722,1.2547567259745418,1.91625175449961,0.00597309055388178,-0.0025428524449155813,0.0015324436063631562,0.06104611241305908,-0.2647435963153839,0.1841769814491272,0.25696977972984314,1.9476248025894165,0.7252280116081238,-0.6458451747894287,-1.1605144739151,-0.6898384690284729,-1.819952130317688,0.8262226581573486,0.9968360662460327,-1.2449712753295898
0.4551758749999989,0.0034223749999999996,133.0,5.5527612541692575,1.2659982818209843,1.9192245495096056,0.00621847268255097,-0.00267865455168862,0.0016107108999548086,0.060928413633460174,-0.26655086874961853,0.18671581149101257,0.25540146231651306,1.951620101928711,0.7428403496742249,-0.6486823558807373,-1.1420081853866577,-0.6890755295753479,-1.839985728263855,0.8446342945098877,1.0034366846084595,-1.249839186668396
0.4551758749999989,0.0034223749999999996,133.0,5.560348524177697,1.2755241988195667,1.920483857956549,0.006512650820564102,-0.0027853929979682127,0.001682231771505268,0.0609285979152377,-0.2676069438457489,0.18942275643348694,0.25619134306907654,1.9588265419006348,0.7626161575317383,-0.6546981334686279,-1.1274882555007935,-0.6958356499671936,-1.8467849493026733,0.8451311588287354,0.9972214698791504,-1.2502509355545044
0.4551758749999989,0.0034223749999999996,133.0,5.5672920958581065,1.2835729362088262,1.9210506579319222,0.006952418118163157,-0.0029624695148458484,0.0017955882964072114,0.06094384730536002,-0.2678273022174835,0.1914202868938446,0.25698623061180115,1.9635423421859741,0.7761945128440857,-0.6607956886291504,-1.118080735206604,-0.7004228234291077,-1.8479413986206055,0.8408727645874023,0.9902113676071167,-1.2503459453582764
0.4551758749999989,0.0034223749999999996,133.0,5.573321138236506,1.2910319223062348,1.9216903835223325,0.007689248860586044,-0.0032631844708442166,0.0019854898777132224,0.06095164389568416,-0.2683779299259186,0.19254723191261292,0.25578102469444275,1.964708924293518,0.7895022630691528,-0.6654524803161621,-1.1047613620758057,-0.7000885605812073,-1.8572999238967896,0.8491818904876709,0.9979438781738281,-1.2519540786743164
0.4551758749999989,0.0034223749999999996,133.0,5.578765823428733,1.2969753113344358,1.922345698190205,0.009358570608781992,-0.003972172375134701,0.002395921154832298,0.060964891470273314,-0.26801392436027527,0.1947907656431198,0.25814124941825867,1.973206639289856,0.7970041632652283,-0.6718013286590576,-1.1041812896728516,-0.7058760523796082,-1.8427410125732422,0.830096960067749,0.9713500142097473,-1.2544970512390137
0.4551758749999989,0.0034223749999999996,133.0,5.583100758257139,1.3012508265105447,1.9232689797182312,0.01731092337850303,-0.007478997147544134,0.004313834622497884,0.061002307692799546,-0.2667027413845062,0.1923711895942688,0.260206013917923,1.9847705364227295,0.7999728918075562,-0.6823322772979736,-1.1173534393310547,-0.7056755423545837,-1.8041064739227295,0.799597978591919,0.9490620493888855,-1.2662500143051147
0.4551758749999989,0.0034223749999999996,133.0,5.617383493884978,-1.1728993755657378,1.7596630203436512,-0.01511646709947699,0.00033124234791962305,-0.006664590880519901,0.06609463629121876,-0.1265256404876709,0.24247591197490692,-0.011507689952850342,1.3238856792449951,0.8077392578125,-1.352790355682373,-0.7376708984375,-0.2089531421661377,-1.3293344974517822,0.8078958988189697,1.5720256567001343,-1.114624261856079
0.4551758749999989,0.0034223749999999996,133.0,5.6124087724223175,-1.1672497702176667,1.7595297544464505,-0.008133985809560467,0.0001557319394949666,-0.003661248772207283,0.06605767925318103,-0.12729361653327942,0.24319680035114288,-0.013596415519714355,1.3222736120224,0.8332625031471252,-1.3465161323547363,-0.706487238407135,-0.20678812265396118,-1.3256208896636963,0.8344802856445312,1.5651851892471313,-1.1150836944580078
0.4551758749999989,0.0034223749999999996,133.0,5.6063037633973805,-1.1613083199306586,1.759009879387317,-0.0066853340530557285,9.451616483252289e-5,-0.0030185279587479075,0.06601393188188083,-0.12998449802398682,0.2447194904088974,-0.014174938201904297,1.3304240703582764,0.8361073732376099,-1.3376471996307373,-0.6837533712387085,-0.21169161796569824,-1.3234959840774536,0.8442425727844238,1.540945053100586,-1.118096113204956
0.4551758749999989,0.0034223749999999996,133.0,5.599443243462279,-1.154980820185597,1.758211807703287,-0.006049502966971717,3.981297094182729e-5,-0.002738318511515251,0.06597420541648605,-0.13193291425704956,0.2449929565191269,-0.016795039176940918,1.3342982530593872,0.8395557403564453,-1.3243844509124756,-0.6544973254203796,-0.21299564838409424,-1.3219772577285767,0.8522801399230957,1.5278561115264893,-1.1206637620925903
0.4551758749999989,0.0034223749999999996,133.0,5.591580103065753,-1.1477847654639506,1.757231179948192,-0.005680738403421683,-1.5495541935791215e-5,-0.002577241919401753,0.06592885884163201,-0.13357633352279663,0.24478910863399506,-0.020253419876098633,1.3364882469177246,0.8432373404502869,-1.3090572357177734,-0.622105598449707,-0.21270692348480225,-1.3191465139389038,0.8599112033843994,1.5173497200012207,-1.1232054233551025
0.4551758749999989,0.0034223749999999996,133.0,5.582590206521242,-1.1419918776542515,1.7535650302164074,-0.005425170274431304,-0.00010147941476862725,-0.002467502100068875,0.06597050096822865,-0.13319915533065796,0.24333693087100983,-0.024140536785125732,1.3311729431152344,0.8436018824577332,-1.2967946529388428,-0.5912442803382874,-0.2082759141921997,-1.3104838132858276,0.8621604442596436,1.5154893398284912,-1.1225409507751465
0.4551758749999989,0.0034223749999999996,133.0,5.572967779713889,-1.1335157340964521,1.7521681839252836,-0.005212348696335024,-0.00016677058315037383,-0.0023783640407195636,0.06591814993838745,-0.13601431250572205,0.2438354790210724,-0.027009904384613037,1.3375617265701294,0.8473383784294128,-1.2801964282989502,-0.5572611093521118,-0.21184003353118896,-1.3078925609588623,0.8696095943450928,1.4977796077728271,-1.1253297328948975
0.4551758749999989,0.0034223749999999996,133.0,5.562630306464854,-1.1239842736365993,1.7510312715939103,-0.005053891522399729,-0.00021511356483559083,-0.002308926689678367,0.065871967941861,-0.1383897066116333,0.24393649399280548,-0.030485033988952637,1.3418515920639038,0.8464213013648987,-1.2635815143585205,-0.5209828019142151,-0.21280521154403687,-1.3017712831497192,0.8781106472015381,1.4777553081512451,-1.1286218166351318
0.4551758749999989,0.0034223749999999996,133.0,5.551266874168878,-1.1136755264441938,1.7496104454254382,-0.0049131301950477236,-0.0002768942963420314,-0.0022482618032857575,0.06580973028786326,-0.14110657572746277,0.24384541809558868,-0.03464093804359436,1.3462088108062744,0.8449063301086426,-1.2441885471343994,-0.47756925225257874,-0.2139301300048828,-1.2947392463684082,0.8875157833099365,1.455589771270752,-1.1318546533584595
0.4551758749999989,0.0034223749999999996,133.0,5.539263136807316,-1.102860817555656,1.7480826249565453,-0.004768918216572403,-0.0003408540077172476,-0.0021883414346514415,0.06575652721581589,-0.14294278621673584,0.24274064600467682,-0.04025512933731079,1.3464360237121582,0.8462288975715637,-1.2217187881469727,-0.4291223883628845,-0.21178436279296875,-1.2862671613693237,0.8961479663848877,1.4400677680969238,-1.1343868970870972
0.4551758749999989,0.0034223749999999996,133.0,5.526722717448986,-1.0909519159153924,1.7470877280376957,-0.004634489316136222,-0.00037912303107489264,-0.002128417874016474,0.06572531292991747,-0.14431029558181763,0.24228541553020477,-0.04416477680206299,1.3466943502426147,0.840517520904541,-1.207409143447876,-0.3953075706958771,-0.20915883779525757,-1.2746400833129883,0.904036283493042,1.4205809831619263,-1.1372478008270264
0.4551758749999989,0.0034223749999999996,133.0,5.513623279555537,-1.0783669562852918,1.746097802647634,-0.004497459805415627,-0.0004095769273154177,-0.0020664091816863348,0.06569494369718587,-0.14496976137161255,0.24182161688804626,-0.04753461480140686,1.3454160690307617,0.8418121933937073,-1.1957783699035645,-0.37090814113616943,-0.20623689889907837,-1.26488196849823,0.9090316295623779,1.4124150276184082,-1.1389106512069702
0.4551758749999989,0.0034223749999999996,133.0,5.500323024718626,-1.064892503385893,1.7454650704274108,-0.004376263286633818,-0.0004234082706946338,-0.0020096926645726747,0.06570165117547216,-0.14357006549835205,0.24071604013442993,-0.050822705030441284,1.3386213779449463,0.837997317314148,-1.1896493434906006,-0.3558409810066223,-0.19829297065734863,-1.2509340047836304,0.9110054969787598,1.4074838161468506,-1.1401184797286987
0.4551758749999989,0.0034223749999999996,133.0,5.486472800726392,-1.0507831612896994,1.745028557287366,-0.004221425466075363,-0.00042794943738507413,-0.0019375808711336148,0.0657259494207819,-0.14261585474014282,0.24049684405326843,-0.05279383063316345,1.3348170518875122,0.8345028162002563,-1.1863605976104736,-0.347919225692749,-0.1930919885635376,-1.2390626668930054,0.9121057987213135,1.3990274667739868,-1.141473650932312
0.4551758749999989,0.0034223749999999996,133.0,5.471194325000702,-1.0352629609261583,1.7446687151105815,-0.00403086313380937,-0.0004246689666607355,-0.0018464721821878942,0.06573038759251035,-0.1421096920967102,0.24157622456550598,-0.05261540412902832,1.3346972465515137,0.830274224281311,-1.1882414817810059,-0.3544299900531769,-0.19162851572036743,-1.2308169603347778,0.9109382629394531,1.387692928314209,-1.1426260471343994
0.4551758749999989,0.0034223749999999996,133.0,5.455159196992889,-1.0189629188112561,1.7444288731933228,-0.0038527519405341655,-0.0004201866917092312,-0.0017604805724463271,0.06573708802312252,-0.1407836377620697,0.24104903638362885,-0.05538523197174072,1.329821228981018,0.8277913331985474,-1.1829018592834473,-0.342090904712677,-0.1858319640159607,-1.219683051109314,0.9099199771881104,1.3792763948440552,-1.1436339616775513
0.4551758749999989,0.0034223749999999996,133.0,5.438263496319522,-1.0022329227427973,1.7437366180766452,-0.0036477015473806323,-0.0004288548637995813,-0.0016655304537565737,0.06574220298099759,-0.14067479968070984,0.24057400226593018,-0.05890309810638428,1.3272169828414917,0.8209076523780823,-1.1730623245239258,-0.31662294268608093,-0.18172335624694824,-1.2064461708068848,0.9119234085083008,1.3596563339233398,-1.1451878547668457
0.4551758749999989,0.0034223749999999996,133.0,5.421517413702175,-0.984763022078743,1.743827709257844,-0.0034506772253110217,-0.0004100078713935473,-0.001572778327314156,0.06580368059811759,-0.1377353072166443,0.2410164773464203,-0.05886158347129822,1.3208454847335815,0.8089457750320435,-1.1811323165893555,-0.3305295407772064,-0.17486363649368286,-1.1939513683319092,0.9047608375549316,1.351317286491394,-1.145614504814148
0.4551758749999989,0.0034223749999999996,133.0,5.402717571621361,-0.9657180482263554,1.7435845102862735,-0.0032528216628179424,-0.0004026410472373302,-0.001476569275153504,0.06580042661045896,-0.13748356699943542,0.24168561398983002,-0.060481101274490356,1.3204725980758667,0.8035138845443726,-1.1764030456542969,-0.3206712603569031,-0.1729673147201538,-1.1835248470306396,0.9030129909515381,1.3320982456207275,-1.147080898284912
0.4551758749999989,0.0034223749999999996,133.0,5.383391466100765,-0.946486384413612,1.7429379470716246,-0.0030718273775466425,-0.00040959680652887307,-0.0013918611694404477,0.06581304384338045,-0.13742902874946594,0.24167558550834656,-0.06349807977676392,1.3187322616577148,0.7933638095855713,-1.1680819988250732,-0.2976779043674469,-0.16933351755142212,-1.1678972244262695,0.9037716388702393,1.306810736656189,-1.1489492654800415
0.4551758749999989,0.0034223749999999996,133.0,5.363814705037213,-0.9261873714323352,1.7429132964769756,-0.002836027093417249,-0.0003867690138693427,-0.001280460643512106,0.06585821078426224,-0.13569238781929016,0.2422233670949936,-0.0644649863243103,1.3146090507507324,0.7810696363449097,-1.169762372970581,-0.29825639724731445,-0.16381490230560303,-1.153267502784729,0.8992738723754883,1.2893069982528687,-1.1502552032470703
0.4551758749999989,0.0034223749999999996,133.0,5.342266821246817,-0.9059044382839674,1.7416059089925044,-0.0026007319154190533,-0.0004038626409262872,-0.0011752523527093501,0.06583651854796119,-0.13534119725227356,0.24060432612895966,-0.07034358382225037,1.30964994430542,0.7822587490081787,-1.1520557403564453,-0.25593334436416626,-0.15828543901443481,-1.1369556188583374,0.9005074501037598,1.2702550888061523,-1.1510783433914185
0.4551758749999989,0.0034223749999999996,133.0,5.320774978107862,-0.8845666923934626,1.7410684455553431,-0.0023777336892606884,-0.00039286291414010195,-0.0010724455617361008,0.06586278470332611,-0.13435989618301392,0.2405720353126526,-0.07288840413093567,1.306605577468872,0.7812384963035583,-1.1452393531799316,-0.242950901389122,-0.15471017360687256,-1.1250396966934204,0.8965396881103516,1.2553813457489014,-1.1516685485839844
0.4551758749999989,0.0034223749999999996,133.0,5.297940713834826,-0.8614287141497236,1.740730906462663,-0.0021598623944464692,-0.0003703392106615172,-0.0009682099763937053,0.06586964012410022,-0.13366544246673584,0.24017716944217682,-0.07647642493247986,1.3025022745132446,0.7696567177772522,-1.1368193626403809,-0.2184421718120575,-0.14907747507095337,-1.1056476831436157,0.8959579467773438,1.227494716644287,-1.1531990766525269
0.4551758749999989,0.0034223749999999996,133.0,5.27443810808472,-0.8376360319648505,1.7405303015583906,-0.001983778342247473,-0.0003522942893871546,-0.0008845977126515426,0.06589272334796487,-0.13363927602767944,0.24202841520309448,-0.07656118273735046,1.3039549589157104,0.7544162273406982,-1.1367440223693848,-0.21760955452919006,-0.14799928665161133,-1.091036319732666,0.892387866973877,1.1961853504180908,-1.1554572582244873
0.4551758749999989,0.0034223749999999996,133.0,5.2510187144822815,-0.8134675364613301,1.7407719366448755,-0.0017663714220048287,-0.00031887589808258067,-0.0007855050703001169,0.06596977785186765,-0.13016849756240845,0.241925910115242,-0.07821756601333618,1.2949912548065186,0.7401570677757263,-1.1396777629852295,-0.21836039423942566,-0.13832390308380127,-1.0707542896270752,0.8835780620574951,1.179418683052063,-1.1561731100082397
0.4551758749999989,0.0034223749999999996,133.0,5.225765672862445,-0.7885502807978778,1.740827597562138,-0.0015676916576274715,-0.000291040016720017,-0.0006928311248122318,0.06601675022187936,-0.12845247983932495,0.24206121265888214,-0.08062344789505005,1.2898964881896973,0.7276228070259094,-1.1363611221313477,-0.20743271708488464,-0.13140684366226196,-1.0513765811920166,0.8788318634033203,1.1539748907089233,-1.1579511165618896
0.4551758749999989,0.0034223749999999996,133.0,5.199162724511806,-0.7632477372199713,1.7403580701581567,-0.0013706794197084287,-0.000268691614017385,-0.0006040979536907359,0.06604019022626728,-0.1302291452884674,0.24196189641952515,-0.08544373512268066,1.2913055419921875,0.7233092188835144,-1.1178743839263916,-0.1641954630613327,-0.13060110807418823,-1.0326038599014282,0.882197380065918,1.1128489971160889,-1.160134196281433
0.4551758749999989,0.0034223749999999996,133.0,5.172248702412071,-0.7369553517425182,1.7401461452165519,-0.0012063151560101457,-0.000248468208584456,-0.0005311988332383278,0.06608286773007485,-0.12905815243721008,0.24126538634300232,-0.08977940678596497,1.2851396799087524,0.7095781564712524,-1.10782790184021,-0.13317228853702545,-0.12298840284347534,-1.0055068731307983,0.8797557353973389,1.0761451721191406,-1.1615676879882812
0.4551758749999989,0.0034223749999999996,133.0,5.144685467537605,-0.7099927022894632,1.7399421745884165,-0.001059995939046669,-0.00022825148187811522,-0.0004669449121169732,0.06613730348958427,-0.12795093655586243,0.24049431085586548,-0.09430015087127686,1.278641700744629,0.6953163146972656,-1.096907138824463,-0.09967102110385895,-0.11499524116516113,-0.9761004447937012,0.8774271011352539,1.0371075868606567,-1.163026213645935
0.4551758749999989,0.0034223749999999996,133.0,5.115794203596439,-0.6814570216844281,1.7399915579344614,-0.000873928135403886,-0.00019300507488200544,-0.000383065661295105,0.06616209749701302,-0.12566599249839783,0.24028252065181732,-0.09744465351104736,1.2708721160888672,0.6803988218307495,-1.0913071632385254,-0.08067399263381958,-0.10592299699783325,-0.9473862051963806,0.8705384731292725,1.003208041191101,-1.1642512083053589
0.4551758749999989,0.0034223749999999996,133.0,5.085927875771162,-0.6529454746961226,1.7394398017727635,-0.0007317863051673518,-0.00017237790119472814,-0.0003202578027491663,0.06616103726291135,-0.12649047374725342,0.23830094933509827,-0.10489088296890259,1.2655657529830933,0.675308346748352,-1.0679264068603516,-0.015129690989851952,-0.10063612461090088,-0.9137606024742126,0.8730547428131104,0.9523018598556519,-1.1643085479736328
0.4551758749999989,0.0034223749999999996,133.0,5.055751949856457,-0.6240407093721564,1.7390423183414323,-0.0005471767146620185,-0.00013698543955549845,-0.00023975708915111564,0.06618585562800774,-0.12618401646614075,0.23669132590293884,-0.11098587512969971,1.2584166526794434,0.665373682975769,-1.0508136749267578,0.03628324717283249,-0.09369981288909912,-0.8797971606254578,0.8718056678771973,0.904356062412262,-1.164113998413086
0.4551758749999989,0.0034223749999999996,133.0,5.025030529906896,-0.5935406869456172,1.7390820882768483,-0.0003428563464055686,-8.77807023819459e-5,-0.00014993706758918173,0.0662299189989779,-0.12507039308547974,0.2356521189212799,-0.11577445268630981,1.2503972053527832,0.6499650478363037,-1.0388457775115967,0.07507725059986115,-0.08597469329833984,-0.8456217646598816,0.8671116828918457,0.8570194244384766,-1.1637681722640991
0.4551758749999989,0.0034223749999999996,133.0,4.9935641260755315,-0.561880984015501,1.739321866651394,-0.00015986291517952955,-4.1572165911283885e-5,-6.969779742035973e-5,0.06627604732576987,-0.12218275666236877,0.23575080931186676,-0.11808130145072937,1.2415121793746948,0.6319398880004883,-1.0359182357788086,0.0892471969127655,-0.07733416557312012,-0.8149584531784058,0.854966402053833,0.8189760446548462,-1.1634156703948975
0.4551758749999989,0.0034223749999999996,133.0,4.960986888798392,-0.5299939461258899,1.7396342993350118,1.7967904174452364e-5,4.832799986780486e-6,7.826798232071233e-6,0.06631435832498869,-0.11982768774032593,0.23544760048389435,-0.12127986550331116,1.2326688766479492,0.6144294738769531,-1.0297589302062988,0.11207203567028046,-0.06887376308441162,-0.7840793132781982,0.8444116115570068,0.7761514782905579,-1.1629611253738403
0.4551758749999989,0.0034223749999999996,133.0,4.92739380973886,-0.49749496415487093,1.739430951180668,0.0001953859620545618,5.498478435494628e-5,8.499030782619113e-5,0.06632904493119396,-0.11857214570045471,0.23240803182125092,-0.12858331203460693,1.2206060886383057,0.6067350506782532,-1.0120477676391602,0.17248137295246124,-0.06053048372268677,-0.7446401119232178,0.8391954898834229,0.7259983420372009,-1.1593844890594482
0.4551758749999989,0.0034223749999999996,133.0,4.892937319398613,-0.4631392545200235,1.7394660946354459,0.0003873480015581734,0.0001105980810108497,0.00016759419082830156,0.06634806964358492,-0.11737820506095886,0.23275022208690643,-0.1311665177345276,1.2140040397644043,0.5882347822189331,-1.0033977031707764,0.19707410037517548,-0.05509781837463379,-0.7125868201255798,0.8285191059112549,0.6760871410369873,-1.1580263376235962
0.4551758749999989,0.0034223749999999996,133.0,4.8577027481949155,-0.4285928536208397,1.739709277032878,0.0005373553750928723,0.00015743192590186695,0.00023215594429238282,0.0663781925620027,-0.11622118949890137,0.23132702708244324,-0.13610979914665222,1.20358145236969,0.5711168050765991,-0.990086555480957,0.24016228318214417,-0.047096073627471924,-0.6747403740882874,0.8206572532653809,0.6229988932609558,-1.1555286645889282
0.4551758749999989,0.0034223749999999996,133.0,4.8216734421233856,-0.39350731328954064,1.7397987853069723,0.0007052633981599136,0.00021336672099121155,0.0003048089476534828,0.06640468942359967,-0.11487630009651184,0.22987301647663116,-0.14073899388313293,1.1926634311676025,0.5539756417274475,-0.9778628349304199,0.28021740913391113,-0.039096713066101074,-0.6377750635147095,0.8115208148956299,0.5720487236976624,-1.1525388956069946
0.4551758749999989,0.0034223749999999996,133.0,4.7847183876362935,-0.35742667871293876,1.7400968831422334,0.0008835158677601893,0.0002740701056334798,0.0003818873973487604,0.0664290863927008,-0.11372342705726624,0.22825363278388977,-0.14562267065048218,1.1808936595916748,0.5362734198570251,-0.9640183448791504,0.3245003819465637,-0.03113025426864624,-0.5981950163841248,0.8021821975708008,0.5176590085029602,-1.1486423015594482
0.4551758749999989,0.0034223749999999996,133.0,4.747027825189145,-0.32066579905912895,1.7403600546184856,0.0010846535976263842,0.00034588921623119885,0.0004692790697781011,0.06645131840066676,-0.11243930459022522,0.22642554342746735,-0.15057224035263062,1.1677289009094238,0.5174788236618042,-0.949636697769165,0.371271014213562,-0.022990286350250244,-0.5556790232658386,0.7916145324707031,0.4608398675918579,-1.1435134410858154
0.4551758749999989,0.0034223749999999996,133.0,4.707951604004896,-0.2827755755747096,1.740683738136017,0.0012749350347878625,0.00041944150657579623,0.000552043520355567,0.06644820347704802,-0.11265367269515991,0.22450657188892365,-0.15616461634635925,1.1546368598937988,0.4988005459308624,-0.9292035102844238,0.43223273754119873,-0.017297744750976562,-0.5063984990119934,0.782686710357666,0.39012208580970764,-1.1359351873397827
0.4551758749999989,0.0034223749999999996,133.0,4.668477289621692,-0.24449391463349385,1.741378267684023,0.0013963067788919745,0.0004710457660012282,0.0006051830434270411,0.06646820479315212,-0.11133113503456116,0.22214378416538239,-0.16160020232200623,1.1377320289611816,0.4777751863002777,-0.9115378856658936,0.4882517158985138,-0.008542060852050781,-0.45613858103752136,0.7694540023803711,0.3255503475666046,-1.1276538372039795
0.4551758749999989,0.0034223749999999996,133.0,4.628222512798246,-0.2057796651895183,1.7419523420250407,0.0015478011024194222,0.000538117338313973,0.000678581103164334,0.0665017085145806,-0.11026257276535034,0.21753913164138794,-0.1693636178970337,1.114915132522583,0.4620601236820221,-0.8892784118652344,0.5684706568717957,0.0010021328926086426,-0.3937731683254242,0.7569351196289062,0.255616158246994,-1.1143348217010498
0.4551758749999989,0.0034223749999999996,133.0,4.586507044003703,-0.16439992095053954,1.7419068254009427,0.0017009226751700517,0.0006016029585507108,0.0007455420841907548,0.06648147878324345,-0.10816910862922668,0.21461211144924164,-0.17440202832221985,1.0932958126068115,0.4342502951622009,-0.8713321685791016,0.6274059414863586,0.009815037250518799,-0.331522136926651,0.737185001373291,0.18758784234523773,-1.1013494729995728
0.4551758749999989,0.0034223749999999996,133.0,4.5445022391874215,-0.1223697206211548,1.745226359223653,0.0018363589370236607,0.0006618255091809775,0.0008251511094546192,0.06643507014359264,-0.10834404826164246,0.20797251164913177,-0.18395328521728516,1.0622718334197998,0.4241422712802887,-0.8432571887969971,0.7329868674278259,0.01896601915359497,-0.25518563389778137,0.7249019145965576,0.11048159748315811,-1.079447865486145
0.4551758749999989,0.0034223749999999996,133.0,4.49929642469717,-0.07982781318188427,1.7461801059634927,0.001928756150373047,0.0007185448711822093,0.0008829264072982422,0.06636377472429623,-0.11111864447593689,0.20958907902240753,-0.1853531301021576,1.0625954866409302,0.4071710705757141,-0.8360691070556641,0.7455489039421082,0.01402372121810913,-0.24284474551677704,0.7235074043273926,0.06615997105836868,-1.07468581199646
0.4551758749999989,0.0034223749999999996,133.0,4.450589725643611,-0.028123852981138755,1.7477945409631959,0.0019059234140211296,0.0004887197475655048,0.0010064812652912567,0.06638566769566152,-0.11379379034042358,0.23303556442260742,-0.14544609189033508,1.1584208011627197,0.41747164726257324,-0.9107260704040527,0.2959458827972412,-0.013982415199279785,-0.7199127078056335,0.828200101852417,0.3577722907066345,-1.1421630382537842
0.4551758749999989,0.0034223749999999996,133.0,4.392793148303477,0.028256482572840035,1.7519956773942833,0.0017332763580446046,-0.00012745135007547222,0.0011706825908391547,0.06598225271180785,-0.14828741550445557,0.25494784116744995,-0.05746158957481384,1.268568754196167,0.5496159195899963,-0.8946390151977539,-0.32266291975975037,-0.07175678014755249,-1.459985375404358,1.1039164066314697,0.7334064841270447,-1.1917024850845337
0.4551758749999989,0.0034223749999999996,133.0,4.31105587107026,0.038380597976446156,1.7613362269466724,0.00010580184907241845,-1.4482829768473074e-6,7.389314654216411e-5,0.06443288835531005,-0.2768706977367401,0.11699149757623672,0.04617255926132202,1.5440139770507812,0.5624979138374329,-0.16883063316345215,-0.2684018909931183,-0.4283676743507385,-1.6685442924499512,1.4569964408874512,0.9420565962791443,-1.1082106828689575
0.4551758749999989,0.0034223749999999996,133.0,4.32689790417898,0.07283397505219759,1.7877860248289643,-0.0018562900190232407,0.00034571467591031253,-0.0012600230350469199,0.06243894681313977,-0.3049708902835846,0.10914530605077744,0.12363818287849426,1.5882936716079712,0.3432370722293854,-0.15233731269836426,-0.660241425037384,-0.5031314492225647,-1.7122267484664917,1.4630281925201416,1.0629143714904785,-1.0744578838348389
0.4551758749999989,0.0034223749999999996,133.0,4.342550582205231,0.12063999509297156,1.8199737543309051,-0.0022517109667560343,0.000831008331877525,-0.0012218169730363504,0.06043832811765109,-0.3422125279903412,0.10812794417142868,0.17907151579856873,1.6215521097183228,0.0389089398086071,-0.0476076602935791,-0.9407044649124146,-0.4770960211753845,-1.626665472984314,1.4930579662322998,1.152472734451294,-1.1316406726837158
0.4551758749999989,0.0034223749999999996,133.0,4.381099034197749,0.1674068405524409,1.8330376241052424,-0.002301018803286477,0.00088563113829264,-0.0011336615568554528,0.05999793196947888,-0.34246090054512024,0.11716657876968384,0.19617685675621033,1.6830390691757202,0.07333464175462723,-0.07961177825927734,-0.9871139526367188,-0.49420803785324097,-1.637071132659912,1.4296386241912842,1.0650038719177246,-1.175553798675537
0.4551758749999989,0.0034223749999999996,133.0,4.425535525440618,0.21207035726761875,1.840196160972798,-0.0021911852884349743,0.0008460215619406496,-0.0010262029494760242,0.05992780807510334,-0.33951255679130554,0.1224101334810257,0.20205381512641907,1.710020661354065,0.12244943529367447,-0.11657190322875977,-0.9931626319885254,-0.5062674880027771,-1.6733471155166626,1.3971190452575684,1.0418927669525146,-1.1903743743896484
0.4551758749999989,0.0034223749999999996,133.0,4.470137114988597,0.25489745609310477,1.8449523610504601,-0.0020102599118751287,0.0007786906953714729,-0.0009082314429199968,0.05999151179907274,-0.33414700627326965,0.12824319303035736,0.2114105522632599,1.7462387084960938,0.1770104318857193,-0.15597748756408691,-1.0157477855682373,-0.5338706374168396,-1.6834737062454224,1.3313887119293213,1.0049495697021484,-1.1985946893692017
0.4551758749999989,0.0034223749999999996,133.0,4.514071901037944,0.29571308167686183,1.8478351791716079,-0.0017806147673236265,0.0006907874689223888,-0.0007864051336979193,0.06011936876829405,-0.33017411828041077,0.1301773190498352,0.21354231238365173,1.7576475143432617,0.2078505903482437,-0.18350696563720703,-1.022080421447754,-0.5428333878517151,-1.705876350402832,1.3053274154663086,1.010548710823059,-1.2010526657104492
0.4551758749999989,0.0034223749999999996,133.0,4.557369722960852,0.335938867202283,1.8508031877732403,-0.001676549585673533,0.0006504039537156622,-0.0007223601278811767,0.06020742516606779,-0.3263963758945465,0.13156291842460632,0.21635785698890686,1.7686350345611572,0.22503654658794403,-0.20416593551635742,-1.0384501218795776,-0.551261842250824,-1.713801622390747,1.2749881744384766,1.0121705532073975,-1.2035621404647827
0.4551758749999989,0.0034223749999999996,133.0,4.599803677380641,0.3760823741326837,1.8535029514771046,-0.0014374336238081452,0.000557915083908042,-0.0006031783307100743,0.06023245424795415,-0.3234691321849823,0.13419993221759796,0.21852710843086243,1.7807672023773193,0.2539733648300171,-0.22771143913269043,-1.0429922342300415,-0.5594492554664612,-1.7297872304916382,1.2538774013519287,1.0111520290374756,-1.2075036764144897
0.4551758749999989,0.0034223749999999996,133.0,4.6413652340706735,0.4154146675763894,1.8565909381034118,-0.0012512391731296152,0.00048729399517375853,-0.000513133608420876,0.060294699307712744,-0.3210584819316864,0.13543230295181274,0.2175786793231964,1.782024621963501,0.2649562656879425,-0.24174904823303223,-1.0469694137573242,-0.5563125014305115,-1.7515848875045776,1.249727487564087,1.0261945724487305,-1.2120611667633057
0.4551758749999989,0.0034223749999999996,133.0,4.681911249556758,0.4543427853785847,1.8594766237042029,-0.0010189262593376287,0.00039654768222166775,-0.00040762810955809333,0.060347097089225296,-0.31880107522010803,0.13943587243556976,0.21942129731178284,1.7963354587554932,0.3042105436325073,-0.26741552352905273,-1.0419584512710571,-0.5653257966041565,-1.774361252784729,1.2351062297821045,1.0226823091506958,-1.2173914909362793
0.4551758749999989,0.0034223749999999996,133.0,4.721728063926492,0.4917032084484891,1.862177324127604,-0.0008107875883000096,0.00031693221365569385,-0.00031750804817916344,0.060412023429884734,-0.3153870403766632,0.14437264204025269,0.22469505667686462,1.8184782266616821,0.3421514630317688,-0.295607328414917,-1.0504958629608154,-0.5814908146858215,-1.7781658172607422,1.1963613033294678,0.9981997013092041,-1.2231929302215576
0.4551758749999989,0.0034223749999999996,133.0,4.760516842738709,0.5283355648733987,1.864480486858482,-0.0006129038998124227,0.00024008370576121134,-0.0002348223452451679,0.06045409259897866,-0.3124280273914337,0.1462710201740265,0.22617372870445251,1.8269379138946533,0.36632364988327026,-0.31654930114746094,-1.054041862487793,-0.5883575081825256,-1.787614345550537,1.177126169204712,1.0014266967773438,-1.2248282432556152
0.4551758749999989,0.0034223749999999996,133.0,4.798368938485094,0.5641418044773431,1.8668422269947267,-0.000421629022433004,0.0001655718542096675,-0.00015807235421602314,0.06048588983335761,-0.3097017705440521,0.14828532934188843,0.22771933674812317,1.835495948791504,0.38993433117866516,-0.3361692428588867,-1.0584533214569092,-0.5952091813087463,-1.795932412147522,1.158761739730835,1.0030741691589355,-1.226572871208191
0.4551758749999989,0.0034223749999999996,133.0,4.835223205839136,0.5992114319646009,1.869450506123745,-0.0002368508155832576,9.321915726613202e-5,-8.678281170307422e-5,0.06050444676045138,-0.3080792725086212,0.14969530701637268,0.22630378603935242,1.8359390497207642,0.4024858772754669,-0.3484208583831787,-1.0571435689926147,-0.5912556052207947,-1.815574049949646,1.1617097854614258,1.0185086727142334,-1.2311797142028809
0.4551758749999989,0.0034223749999999996,133.0,4.87098882013184,0.6332872387636643,1.8719671123956552,-7.075994385924764e-5,2.7918414479877828e-5,-2.534673485401612e-5,0.06053429044093289,-0.3056756556034088,0.15435706079006195,0.2319011390209198,1.8566081523895264,0.4292757511138916,-0.3699314594268799,-1.0704175233840942,-0.6062284111976624,-1.8101613521575928,1.1251463890075684,0.989647626876831,-1.2366588115692139
0.4551758749999989,0.0034223749999999996,133.0,4.905694994079823,0.6657238574460199,1.8733564702342123,0.00015221941030435463,-6.048481818944041e-5,5.369478912770342e-5,0.06054801736532096,-0.30343422293663025,0.1545334905385971,0.23175176978111267,1.8574843406677246,0.436178594827652,-0.38095688819885254,-1.080047845840454,-0.6056353449821472,-1.817208170890808,1.1167049407958984,1.0021650791168213,-1.238262414932251
0.4551758749999989,0.0034223749999999996,133.0,4.940367827847573,0.6955333702984857,1.8738737031200443,0.00035956529686450374,-0.00014249488206559803,0.00012356834279159934,0.06068835242865416,-0.30036458373069763,0.15470753610134125,0.23303702473640442,1.8610936403274536,0.45205163955688477,-0.39942407608032227,-1.0888711214065552,-0.6114518046379089,-1.8179359436035156,1.0976624488830566,1.0118992328643799,-1.2361328601837158
0.4551758749999989,0.0034223749999999996,133.0,4.973909379043522,0.726855285174636,1.8763222703441043,0.0005690719649435703,-0.00022693854816676788,0.00019118735078545916,0.06070619381366411,-0.298471599817276,0.1557873785495758,0.23443785309791565,1.8666443824768066,0.460365355014801,-0.4100463390350342,-1.1008232831954956,-0.6148346066474915,-1.8179030418395996,1.0828449726104736,1.011666178703308,-1.238319993019104
0.4551758749999989,0.0034223749999999996,133.0,5.006363329865672,0.7574897724541803,1.8783969396005862,0.0008170359487725785,-0.0003274469871150893,0.00026992364213474683,0.060708386250354,-0.2965773046016693,0.15837693214416504,0.23549851775169373,1.8736838102340698,0.47898069024086,-0.4251265525817871,-1.1040486097335815,-0.6182253956794739,-1.8251224756240845,1.0710079669952393,1.0095000267028809,-1.2420233488082886
0.4551758749999989,0.0034223749999999996,133.0,5.038039166880067,0.7876455215511204,1.8814340665582303,0.0009951598338727135,-0.00039958891478014143,0.00032125872121878813,0.060712804538819415,-0.2952212393283844,0.159638449549675,0.2348121702671051,1.8745901584625244,0.49068161845207214,-0.4345216751098633,-1.1070476770401,-0.6166284680366516,-1.8365144729614258,1.070936679840088,1.0190695524215698,-1.2446720600128174
0.4551758749999989,0.0034223749999999996,133.0,5.068669723783129,0.8167579365450506,1.88443056595783,0.0012229716046635853,-0.0004928339527070364,0.00038522587187240587,0.060711257077380815,-0.29350849986076355,0.16226087510585785,0.2373920977115631,1.885212779045105,0.5100796222686768,-0.4483683109283447,-1.1139479875564575,-0.625443160533905,-1.8343538045883179,1.0508103370666504,1.007569670677185,-1.2464139461517334
0.4551758749999989,0.0034223749999999996,133.0,5.098666968480803,0.8442493748223187,1.8860904079882987,0.0013961463698513685,-0.0005642484245102003,0.00043202153744757775,0.06076464439874695,-0.29147496819496155,0.1668269783258438,0.24097701907157898,1.8997406959533691,0.538475513458252,-0.469937801361084,-1.113206386566162,-0.6365165114402771,-1.8338241577148438,1.0258095264434814,0.9879364967346191,-1.2497721910476685
0.4551758749999989,0.0034223749999999996,133.0,5.127351856008974,0.870794304321108,1.8872076859274982,0.0015860815822702923,-0.000648224269533083,0.0004873711115286751,0.060819387142294096,-0.28924307227134705,0.16631139814853668,0.23989525437355042,1.8963103294372559,0.5460349917411804,-0.4796333312988281,-1.1181331872940063,-0.634364902973175,-1.839943528175354,1.0220398902893066,1.0059632062911987,-1.2486834526062012
0.4551758749999989,0.0034223749999999996,133.0,5.154866390356736,0.8969088324792305,1.8885731515021735,0.0018126342729450802,-0.0007504794330190563,0.0005531177130611986,0.06087560173179199,-0.2876034080982208,0.16724328696727753,0.2409593164920807,1.900512456893921,0.5604926943778992,-0.4914588928222656,-1.1227984428405762,-0.6391069293022156,-1.8411941528320312,1.0103576183319092,1.0092828273773193,-1.248195767402649
0.4551758749999989,0.0034223749999999996,133.0,5.181270289026481,0.9232989303067446,1.8902413480224056,0.002045232049820213,-0.000851147908342067,0.0006188386706306267,0.060907126107439674,-0.2865094840526581,0.17034457623958588,0.24393799901008606,1.9123426675796509,0.5791729688644409,-0.5048315525054932,-1.1263476610183716,-0.6483334898948669,-1.8387928009033203,0.9913108348846436,0.9941549301147461,-1.2507106065750122
0.4551758749999989,0.0034223749999999996,133.0,5.206897950693371,0.9475464899904574,1.890861876574015,0.0023045798417883944,-0.0009646149374074665,0.000687084750896683,0.06093358188118302,-0.28466150164604187,0.17005577683448792,0.24367716908454895,1.9113152027130127,0.5826935172080994,-0.5123424530029297,-1.1328295469284058,-0.6472406983375549,-1.8398489952087402,0.9840953350067139,1.0041972398757935,-1.2508939504623413
0.4551758749999989,0.0034223749999999996,133.0,5.231448042657506,0.9711587373522688,1.8910916170358911,0.0024949643537973743,-0.0010495942504406006,0.0007379285360948139,0.06096010497816117,-0.2829543650150299,0.1695328801870346,0.24335625767707825,1.9096167087554932,0.5874006748199463,-0.5202383995056152,-1.1383283138275146,-0.6463391184806824,-1.842171549797058,0.9786405563354492,1.017231822013855,-1.250231146812439
0.4551758749999989,0.0034223749999999996,133.0,5.2548956447521835,0.9943708140993613,1.8916315450735413,0.0027395006867274307,-0.0011557686336391927,0.0008031272338616735,0.06097444209766226,-0.28178927302360535,0.17026808857917786,0.24437013268470764,1.9132572412490845,0.5989491939544678,-0.5301263332366943,-1.141525387763977,-0.6502736210823059,-1.842653751373291,0.9693305492401123,1.0203707218170166,-1.2499825954437256
0.4551758749999989,0.0034223749999999996,133.0,5.277402186065522,1.0167808861007466,1.8919810856813017,0.002987410560570028,-0.001265295679163794,0.0008696143405561508,0.06097838140192813,-0.28029540181159973,0.170854389667511,0.24540814757347107,1.9155789613723755,0.6029617786407471,-0.5380799770355225,-1.1493849754333496,-0.6514478325843811,-1.8398493528366089,0.9577765464782715,1.0202449560165405,-1.251157283782959
0.4551758749999989,0.0034223749999999996,133.0,5.299168021665709,1.0385074688660187,1.8923289674468817,0.0032487688179139353,-0.0013797967598046202,0.0009393517047343274,0.06098679702361913,-0.2792215049266815,0.17172753810882568,0.24523571133613586,1.916580319404602,0.6114121079444885,-0.5466601848602295,-1.1498688459396362,-0.6508505940437317,-1.8456310033798218,0.9551162719726562,1.0274903774261475,-1.2528666257858276
0.4551758749999989,0.0034223749999999996,133.0,5.31991731712565,1.0596594730361926,1.8930852611743827,0.003515147661987292,-0.0014952648583366455,0.0010046852451750718,0.060980607712729874,-0.2778374254703522,0.17375580966472626,0.24807009100914001,1.92485511302948,0.6188767552375793,-0.5553104877471924,-1.1588842868804932,-0.6574744582176208,-1.835829734802246,0.933394193649292,1.0102550983428955,-1.2543951272964478
0.4551758749999989,0.0034223749999999996,133.0,5.339793641543474,1.0798182826382874,1.8938834049686823,0.003721145363220052,-0.0015865953884461298,0.0010545603016595077,0.06097779213234594,-0.27724960446357727,0.1741710603237152,0.24695155024528503,1.9232648611068726,0.6253458261489868,-0.5610909461975098,-1.158027172088623,-0.6541349291801453,-1.8458136320114136,0.9389133453369141,1.0235146284103394,-1.2563074827194214
0.4551758749999989,0.0034223749999999996,133.0,5.3587277625330865,1.0990693491062744,1.8944365378551522,0.003952729634828675,-0.00168856833989854,0.0011142806785448,0.060983191261596896,-0.2762088477611542,0.17535607516765594,0.24923858046531677,1.929378628730774,0.6345975399017334,-0.5695288181304932,-1.1644785404205322,-0.6605138182640076,-1.8393326997756958,0.9227735996246338,1.0150755643844604,-1.2559762001037598
0.4551758749999989,0.0034223749999999996,133.0,5.377157626566347,1.116801669596471,1.894535318928499,0.004154173182688973,-0.0017839466171092613,0.0011590292336853634,0.060986671988853325,-0.2747383415699005,0.17555111646652222,0.2497735321521759,1.9296813011169434,0.6361891031265259,-0.5754187107086182,-1.1715959310531616,-0.6604219079017639,-1.8369683027267456,0.9133057594299316,1.01633882522583,-1.2564129829406738
0.4551758749999989,0.0034223749999999996,133.0,5.39454696813413,1.1338934247177925,1.8948574407028314,0.004388742012163892,-0.0018910588451359841,0.0012157788454319192,0.0609950815181656,-0.27358803153038025,0.17525386810302734,0.2500671446323395,1.929221272468567,0.6375194191932678,-0.5803182125091553,-1.178324580192566,-0.6598802208900452,-1.8362486362457275,0.9072229862213135,1.0216344594955444,-1.2565603256225586
0.4551758749999989,0.0034223749999999996,133.0,5.411127386654154,1.150556291488169,1.8954162318485563,0.004597285478716693,-0.001983307713840535,0.0012636669636093686,0.06099885831760831,-0.2727430760860443,0.1754615306854248,0.25017020106315613,1.9301543235778809,0.6450840830802917,-0.5861167907714844,-1.1787716150283813,-0.6613408923149109,-1.8391377925872803,0.9030940532684326,1.0272338390350342,-1.2561050653457642
0.4551758749999989,0.0034223749999999996,133.0,5.426958659193701,1.165871652916997,1.895507133829545,0.004802131276898011,-0.002075434391575105,0.0013108487342715675,0.06101642126289267,-0.2714313566684723,0.17529061436653137,0.25003400444984436,1.9287229776382446,0.6507719159126282,-0.5927367210388184,-1.1799143552780151,-0.6612086892127991,-1.840372920036316,0.8982193470001221,1.0349541902542114,-1.254896640777588
0.4551758749999989,0.0034223749999999996,133.0,5.442288882612944,1.1800807780316973,1.8957518768992325,0.0049628242161489184,-0.0021487469156700216,0.0013382039827333006,0.06103650179137152,-0.2692406475543976,0.17505618929862976,0.25137391686439514,1.928910732269287,0.6523086428642273,-0.5988264083862305,-1.1872376203536987,-0.6642149090766907,-1.8281886577606201,0.878852367401123,1.0288562774658203,-1.2520383596420288
0.4551758749999989,0.0034223749999999996,133.0,5.456804118786161,1.1934764488300615,1.8956352555208924,0.0051040108618977285,-0.0022115891548269767,0.0013672968783810396,0.0610698566678952,-0.267368346452713,0.17506398260593414,0.25161871314048767,1.9272576570510864,0.6593913435935974,-0.6072978973388672,-1.1864299774169922,-0.6655301451683044,-1.8247514963150024,0.8682141304016113,1.032299518585205,-1.2491222620010376
0.4551758749999989,0.0034223749999999996,133.0,5.470550362743704,1.2060567893996395,1.8959270340690948,0.005256390064606617,-0.0022797374792416355,0.0013938329215084145,0.06109599612356843,-0.2642267644405365,0.1724446415901184,0.24983486533164978,1.916673183441162,0.6537523865699768,-0.6097302436828613,-1.192009449005127,-0.6597153544425964,-1.817851185798645,0.85856032371521,1.0459191799163818,-1.2444944381713867
0.4551758749999989,0.0034223749999999996,133.0,5.482907399873707,1.2187363700904017,1.8968311881187225,0.00542456060589597,-0.002343128579388261,0.0014245856270187474,0.061107932706486186,-0.2632502019405365,0.17330709099769592,0.25081297755241394,1.9190733432769775,0.6658430099487305,-0.6174213886260986,-1.1871823072433472,-0.664254367351532,-1.8157249689102173,0.848468542098999,1.0427449941635132,-1.2423394918441772
0.4551758749999989,0.0034223749999999996,133.0,5.494237009640721,1.231088234667852,1.8980694662737152,0.005597774618512026,-0.0024050602061382533,0.0014585953395463537,0.06111215635042416,-0.2631678283214569,0.17566156387329102,0.2519458830356598,1.924608826637268,0.6821872591972351,-0.6261913776397705,-1.1773865222930908,-0.6693493723869324,-1.8188996315002441,0.8432536125183105,1.0360110998153687,-1.242752194404602
0.4551758749999989,0.0034223749999999996,133.0,5.504632990981879,1.2431809188941503,1.8996186992087865,0.0057685151836053775,-0.0024601483762707213,0.0014911868887298764,0.06110923076810206,-0.2633674442768097,0.1784704327583313,0.25325027108192444,1.9313873052597046,0.6992562413215637,-0.6341323852539062,-1.1663557291030884,-0.6751038432121277,-1.822497844696045,0.8379619121551514,1.0256887674331665,-1.243718147277832
0.4551758749999989,0.0034223749999999996,133.0,5.514109644577286,1.2542462173330666,1.9009270224438417,0.005962123304362001,-0.0025272504299757325,0.0015345102125984506,0.06110999648776778,-0.2639358341693878,0.18344001471996307,0.2565579116344452,1.9445247650146484,0.7178289890289307,-0.6438338756561279,-1.1565090417861938,-0.6853891015052795,-1.8192689418792725,0.8236117362976074,0.9952751398086548,-1.2463552951812744
0.4551758749999989,0.0034223749999999996,133.0,5.522597930708861,1.265518095267228,1.903958408118524,0.006207430691854595,-0.0026628086349210615,0.001612006504035393,0.06099007038521494,-0.26574668288230896,0.1860341876745224,0.254989355802536,1.9485642910003662,0.7354924082756042,-0.6465659141540527,-1.1380547285079956,-0.6845940947532654,-1.8390611410140991,0.8419747352600098,1.001237392425537,-1.2512959241867065
0.4551758749999989,0.0034223749999999996,133.0,5.530255736697964,1.2749481006482541,1.9049873673990811,0.006498750930715022,-0.002769793865798732,0.0016859439056973568,0.060995362312345605,-0.26673009991645813,0.18836459517478943,0.2548488676548004,1.9532966613769531,0.7550413012504578,-0.6528708934783936,-1.1217284202575684,-0.6886789202690125,-1.850018858909607,0.8477783203125,1.0027165412902832,-1.251983642578125
0.4551758749999989,0.0034223749999999996,133.0,5.537242146162068,1.2829314584128224,1.9053672801994677,0.006935160726715204,-0.0029468842960525088,0.0018018237143939367,0.06101538377812473,-0.2665017545223236,0.1905352622270584,0.2563963234424591,1.958770751953125,0.7663043141365051,-0.6594531536102295,-1.115651249885559,-0.6941782832145691,-1.8455474376678467,0.8366355895996094,0.9884449243545532,-1.2518651485443115
0.4551758749999989,0.0034223749999999996,133.0,5.543290620983092,1.2903516838253521,1.9060425191285177,0.007670585906005566,-0.0032459557550485927,0.001991041119710976,0.06102286391251537,-0.2668056786060333,0.19226492941379547,0.25632432103157043,1.9620972871780396,0.7775952219963074,-0.6646318435668945,-1.1058897972106934,-0.695567786693573,-1.8489630222320557,0.8371286392211914,0.9851481914520264,-1.253819227218628
0.4551758749999989,0.0034223749999999996,133.0,5.548757462387022,1.2961406053897568,1.906367975110346,0.009330755273326498,-0.00395180708630635,0.0024095507463948226,0.06104411245681887,-0.2668030560016632,0.19325491786003113,0.2564938962459564,1.9659548997879028,0.7889255881309509,-0.6707839965820312,-1.09861421585083,-0.6976290345191956,-1.8461639881134033,0.8329353332519531,0.9809452295303345,-1.2556315660476685
0.4551758749999989,0.0034223749999999996,133.0,5.553135384217399,1.3003111805666665,1.9071443065171525,0.0172556472873232,-0.007443690129262554,0.004343330113785428,0.06108434634318872,-0.265379399061203,0.19062408804893494,0.2585044205188751,1.9769287109375,0.7914441823959351,-0.6816868782043457,-1.1124370098114014,-0.6971535086631775,-1.8071032762527466,0.8019881248474121,0.9599265456199646,-1.267073392868042
0.4551758749999989,0.0034223749999999996,133.0,5.586795222211189,-1.17375813716984,1.7450804118885102,-0.01510485937406183,0.00024816640719461404,-0.006655011550505534,0.0661244308975141,-0.12419208884239197,0.24084295332431793,-0.015269219875335693,1.3162444829940796,0.798159658908844,-1.3454115390777588,-0.7125559449195862,-0.1988145112991333,-1.3138598203659058,0.8059096336364746,1.560150384902954,-1.1172598600387573
0.4551758749999989,0.0034223749999999996,133.0,5.5818211188365625,-1.1681037499011728,1.744952023174975,-0.00812798352739314,0.00011112640154439831,-0.0036554402843689752,0.06608715125911102,-0.12578171491622925,0.2423906922340393,-0.01617458462715149,1.3184349536895752,0.8237909078598022,-1.3406922817230225,-0.685400128364563,-0.20023459196090698,-1.311286211013794,0.8323907852172852,1.5473915338516235,-1.1178174018859863
0.4551758749999989,0.0034223749999999996,133.0,5.575718728883121,-1.1621465964046052,1.7444666452810553,-0.006680265841254895,6.0059966845811923e-5,-0.0030132295689350988,0.06604409255365606,-0.12769904732704163,0.2431580275297165,-0.017829328775405884,1.3228449821472168,0.8260238766670227,-1.3308074474334717,-0.659542441368103,-0.20177972316741943,-1.3079785108566284,0.8426594734191895,1.5282893180847168,-1.1205555200576782
0.4551758749999989,0.0034223749999999996,133.0,5.568886556545389,-1.1558331876895163,1.743683896774248,-0.0060444803657142415,9.208983166249264e-6,-0.002733282702030348,0.06600571454661663,-0.12997949123382568,0.24397112429141998,-0.019468188285827637,1.3287099599838257,0.8292859792709351,-1.3195900917053223,-0.635473370552063,-0.2050732970237732,-1.306512713432312,0.8498215675354004,1.5118529796600342,-1.1230320930480957
0.4551758749999989,0.0034223749999999996,133.0,5.561005325650812,-1.1486177614160966,1.7427319252525622,-0.005675993886717392,-4.351735566230043e-5,-0.0025721283815511383,0.06596003795939008,-0.1316399872303009,0.24376824498176575,-0.022915929555892944,1.3309135437011719,0.833061933517456,-1.3043115139007568,-0.6032516956329346,-0.20484036207199097,-1.3037582635879517,0.8574249744415283,1.5012236833572388,-1.1255323886871338
0.4551758749999989,0.0034223749999999996,133.0,5.552027360398012,-1.142824406827549,1.7390901129916247,-0.005420339159138775,-0.00012781957589545396,-0.002462194727336473,0.06600257701109552,-0.13125979900360107,0.24230307340621948,-0.02682626247406006,1.3256043195724487,0.833430826663971,-1.291994333267212,-0.5720395445823669,-0.20046466588974,-1.2948238849639893,0.8596699237823486,1.4988938570022583,-1.1248184442520142
0.4551758749999989,0.0034223749999999996,133.0,5.542411869996794,-1.1343699550484723,1.7376637997110387,-0.005207319422023571,-0.00019348905439940347,-0.0023731639735950962,0.06595023564845763,-0.1340254545211792,0.24277719855308533,-0.029697805643081665,1.331739068031311,0.8370840549468994,-1.2755491733551025,-0.5381622314453125,-0.2039574384689331,-1.2920339107513428,0.8669271469116211,1.4811863899230957,-1.127428650856018
0.4551758749999989,0.0034223749999999996,133.0,5.532101871372309,-1.124841193827972,1.7365548798314159,-0.005048574867874702,-0.00024004677252011602,-0.0023035629949790947,0.06590581877534453,-0.13585394620895386,0.2425408661365509,-0.033440977334976196,1.3339054584503174,0.8335522413253784,-1.2600347995758057,-0.5020802021026611,-0.20301944017410278,-1.28390634059906,0.8752045631408691,1.4619358777999878,-1.130523681640625
0.4551758749999989,0.0034223749999999996,133.0,5.5207720422577955,-1.1145420417381435,1.7351399538536836,-0.004907464040500781,-0.00030071155672711656,-0.002242707052054075,0.0658453747191015,-0.13910242915153503,0.2427762895822525,-0.037337273359298706,1.340179443359375,0.8346073031425476,-1.2396843433380127,-0.45836517214775085,-0.20607632398605347,-1.2783585786819458,0.8846225738525391,1.4381990432739258,-1.1337175369262695
0.4551758749999989,0.0034223749999999996,133.0,5.508767490060385,-1.1037184937829156,1.7336362851232499,-0.004763198064505331,-0.0003633066822651775,-0.002182564110260566,0.06579273290212555,-0.14094078540802002,0.24165906012058258,-0.04295271635055542,1.3403685092926025,0.8360161781311035,-1.2172815799713135,-0.4098646342754364,-0.20398277044296265,-1.269656777381897,0.8931629657745361,1.422223687171936,-1.1361591815948486
0.4551758749999989,0.0034223749999999996,133.0,5.496248490409863,-1.09182363253224,1.7326604536700096,-0.0046285931701928315,-0.00040042272218376293,-0.002122578756297946,0.06576296458387718,-0.1423017382621765,0.24120591580867767,-0.046829164028167725,1.3405804634094238,0.8303270936012268,-1.2031683921813965,-0.37636446952819824,-0.20141756534576416,-1.257989764213562,0.9008729457855225,1.402571201324463,-1.1389133930206299
0.4551758749999989,0.0034223749999999996,133.0,5.483132565579404,-1.079203679379606,1.7317167713614603,-0.004491896533899592,-0.00042836603854897636,-0.002060255034512554,0.06573276709456374,-0.1430051326751709,0.24075722694396973,-0.05016413331031799,1.339430809020996,0.831721305847168,-1.1916334629058838,-0.3522823452949524,-0.19862133264541626,-1.2484664916992188,0.9058635234832764,1.3943519592285156,-1.1405770778656006
0.4551758749999989,0.0034223749999999996,133.0,5.469711607739311,-1.065689085029011,1.731064178728758,-0.004371567070868879,-0.00044352459790865964,-0.0020036901846019984,0.06573342022359424,-0.1422499418258667,0.23982329666614532,-0.05356493592262268,1.3343676328659058,0.8285272717475891,-1.1836116313934326,-0.33314958214759827,-0.1921224594116211,-1.235011339187622,0.9089996814727783,1.3862696886062622,-1.1420522928237915
0.4551758749999989,0.0034223749999999996,133.0,5.455965789421428,-1.0516095653738922,1.730671656524747,-0.004216325502689581,-0.0004447867470913572,-0.0019315551475658972,0.06576327723660948,-0.1413213312625885,0.2398979812860489,-0.05489465594291687,1.331214189529419,0.8244529962539673,-1.1823341846466064,-0.3301740884780884,-0.1876574158668518,-1.2240252494812012,0.9094846248626709,1.3779051303863525,-1.143277645111084
0.4551758749999989,0.0034223749999999996,133.0,5.440712798913204,-1.0361282245918664,1.7302585264909247,-0.004025653271273193,-0.0004421747973057621,-0.0018407848920423261,0.06576808153070586,-0.1401338279247284,0.23949487507343292,-0.057222992181777954,1.3265001773834229,0.8200562596321106,-1.178480625152588,-0.3207985758781433,-0.18185484409332275,-1.2119452953338623,0.9098038673400879,1.368875503540039,-1.1443705558776855
0.4551758749999989,0.0034223749999999996,133.0,5.4246403162560215,-1.0197795358388064,1.7300936965927578,-0.0038481274795445558,-0.0004346895669456089,-0.0017548206756288485,0.06577457648801527,-0.13883772492408752,0.23997031152248383,-0.057963818311691284,1.323843002319336,0.8177099823951721,-1.178987741470337,-0.3237895369529724,-0.1784009337425232,-1.203693151473999,0.9065415859222412,1.3614224195480347,-1.1451237201690674
0.4551758749999989,0.0034223749999999996,133.0,5.407777709300482,-1.0030854053987588,1.7293750132154022,-0.003643010421262971,-0.0004431557394734053,-0.0016602145481201492,0.06578069530116944,-0.1387011706829071,0.23948952555656433,-0.06140109896659851,1.3211592435836792,0.8108974695205688,-1.1695168018341064,-0.29914185404777527,-0.17435777187347412,-1.1905934810638428,0.9083104133605957,1.3420885801315308,-1.1465332508087158
0.4551758749999989,0.0034223749999999996,133.0,5.391019091225671,-0.9856209103020332,1.7294516767330492,-0.003446300262553432,-0.00042354913456462556,-0.0015678248602886942,0.06584102141326009,-0.13576102256774902,0.239935040473938,-0.061299681663513184,1.3148164749145508,0.7989504337310791,-1.177764892578125,-0.31361502408981323,-0.16757720708847046,-1.1785545349121094,0.9010765552520752,1.334336519241333,-1.1469100713729858
0.4551758749999989,0.0034223749999999996,133.0,5.372155451751561,-0.9665630515072755,1.7292074143644913,-0.0032488469390219506,-0.00041629642314236644,-0.0014719190373538046,0.06583502902431614,-0.13646498322486877,0.2409224808216095,-0.06293541193008423,1.3170166015625,0.7946282625198364,-1.1707532405853271,-0.2995257079601288,-0.1678760051727295,-1.1693201065063477,0.9010210037231445,1.3110053539276123,-1.1487183570861816
0.4551758749999989,0.0034223749999999996,133.0,5.3529041328417115,-0.9473624728812756,1.7285717296010246,-0.003067610759047033,-0.00042179154387507077,-0.001387402434224786,0.06585185134931562,-0.13546347618103027,0.2405851185321808,-0.0659228265285492,1.3126401901245117,0.7835431098937988,-1.1647906303405762,-0.28085723519325256,-0.162156879901886,-1.1524879932403564,0.8999390602111816,1.2896023988723755,-1.1500725746154785
0.4551758749999989,0.0034223749999999996,133.0,5.3333147080113505,-0.9270426602691108,1.7285881177051494,-0.002832161960590228,-0.0003967982071812444,-0.0012762912348785332,0.06589808309818089,-0.13377645611763,0.24114979803562164,-0.06686294078826904,1.3086438179016113,0.7713501453399658,-1.1664533615112305,-0.28164947032928467,-0.15674281120300293,-1.1381940841674805,0.8955228328704834,1.2722352743148804,-1.15139901638031
0.4551758749999989,0.0034223749999999996,133.0,5.3117696583483225,-0.9068226707162182,1.7272155621202916,-0.002596782818238006,-0.00041476851112497696,-0.0011714609257235094,0.06587555263956384,-0.13334408402442932,0.23948705196380615,-0.07267734408378601,1.3034528493881226,0.7725939154624939,-1.1491692066192627,-0.24000845849514008,-0.15117394924163818,-1.121780276298523,0.8963954448699951,1.2534629106521606,-1.1520311832427979
0.4551758749999989,0.0034223749999999996,133.0,5.290311073444686,-0.8855236191502797,1.7266918067739108,-0.002373738708877923,-0.00040256780309866986,-0.0010690860764525102,0.06590487940640746,-0.13246414065361023,0.2394053190946579,-0.0754368007183075,1.3000160455703735,0.7662442326545715,-1.1426892280578613,-0.22292061150074005,-0.14666032791137695,-1.1060152053833008,0.8940894603729248,1.2322964668273926,-1.1531157493591309
0.4551758749999989,0.0034223749999999996,133.0,5.2675622290382655,-0.8629225652250946,1.7263572338917659,-0.0021535363064017795,-0.00038435039756345567,-0.00096657722565842,0.06592445522557099,-0.13296005129814148,0.2409905046224594,-0.07623112201690674,1.3021162748336792,0.7542529702186584,-1.1390929222106934,-0.2151833474636078,-0.14644622802734375,-1.0925203561782837,0.8923361301422119,1.2005261182785034,-1.155198574066162
0.4551758749999989,0.0034223749999999996,133.0,5.2439186722925575,-0.838560207986598,1.726300037953922,-0.0019801920736080437,-0.00035887327028824676,-0.0008819194227924459,0.06593909177634305,-0.13163354992866516,0.24087238311767578,-0.07906386256217957,1.297467827796936,0.744300901889801,-1.1334192752838135,-0.19961470365524292,-0.14077365398406982,-1.074284315109253,0.8881654739379883,1.1767886877059937,-1.1562280654907227
0.4551758749999989,0.0034223749999999996,133.0,5.220407519953464,-0.8143546506860491,1.726648259922903,-0.0017631925423331103,-0.0003238073001909725,-0.0007834175320033914,0.06601691453237607,-0.12862473726272583,0.24043984711170197,-0.08154085278511047,1.2887598276138306,0.7304945588111877,-1.1333613395690918,-0.19241276383399963,-0.1310979723930359,-1.0531061887741089,0.8814258575439453,1.1572376489639282,-1.1572253704071045
0.4551758749999989,0.0034223749999999996,133.0,5.194969298754299,-0.7894718278036446,1.7266779170815245,-0.001565729192016127,-0.00029239196456702345,-0.0006902480012848122,0.06606444580637523,-0.12685847282409668,0.24044638872146606,-0.08415386080741882,1.2832826375961304,0.718040943145752,-1.129608392715454,-0.179731085896492,-0.12395727634429932,-1.0329381227493286,0.876662015914917,1.1309359073638916,-1.158854365348816
0.4551758749999989,0.0034223749999999996,133.0,5.168489112476293,-0.764301012221002,1.726118639981941,-0.0013677077945873238,-0.0002724461996125938,-0.0006032124151109781,0.06609068094849439,-0.12718689441680908,0.2392115294933319,-0.09010925889015198,1.2795995473861694,0.7133076190948486,-1.1113131046295166,-0.1315273940563202,-0.11927765607833862,-1.0086678266525269,0.8781602382659912,1.0925337076187134,-1.1599427461624146
0.4551758749999989,0.0034223749999999996,133.0,5.141604909349809,-0.7380476545908597,1.7258941053307273,-0.0012036672016803981,-0.0002521698330710143,-0.000530584826184352,0.06613181469221044,-0.12602132558822632,0.23848101496696472,-0.09440213441848755,1.2733579874038696,0.6997947096824646,-1.1014819145202637,-0.10062113404273987,-0.11177331209182739,-0.9813107252120972,0.8755035400390625,1.0555126667022705,-1.1611878871917725
0.4551758749999989,0.0034223749999999996,133.0,5.114046348995502,-0.711173146861101,1.7257249399938628,-0.0010575075633212799,-0.00023159913330476518,-0.00046650496099618244,0.06618594488693082,-0.12491568922996521,0.23769617080688477,-0.09888336062431335,1.266810417175293,0.6857730150222778,-1.090808391571045,-0.067258819937706,-0.10389208793640137,-0.9517599940299988,0.872969388961792,1.0158929824829102,-1.1624796390533447
0.4551758749999989,0.0034223749999999996,133.0,5.085242099710441,-0.6830309684763728,1.7255972910480584,-0.0008712438222102029,-0.00019816385091020477,-0.00038303429644269725,0.06620993321205478,-0.12237966060638428,0.23732106387615204,-0.10203489661216736,1.2583048343658447,0.6707894802093506,-1.0858969688415527,-0.04873521998524666,-0.09437334537506104,-0.9226498603820801,0.8655483722686768,0.983025312423706,-1.1634269952774048
0.4551758749999989,0.0034223749999999996,133.0,5.055473713949923,-0.6545252228459216,1.7251252780836754,-0.0007295604513932199,-0.00017623085520908775,-0.00032018285617764686,0.06621138618335741,-0.12418729066848755,0.2369208186864853,-0.10741463303565979,1.2576193809509277,0.6653725504875183,-1.0651698112487793,0.003477477002888918,-0.0929419994354248,-0.8944534063339233,0.8670778274536133,0.9304327964782715,-1.1640815734863281
0.4551758749999989,0.0034223749999999996,133.0,5.025148930612671,-0.6250554287104495,1.724845065380087,-0.0005463091240295993,-0.00013807974075346398,-0.0002393724681781942,0.06622683569937515,-0.1241815984249115,0.23525705933570862,-0.11370795965194702,1.2506675720214844,0.6558598279953003,-1.046938419342041,0.057719636708498,-0.08646184206008911,-0.8596502542495728,0.866295576095581,0.880178689956665,-1.1636207103729248
0.4551758749999989,0.0034223749999999996,133.0,4.994446379584892,-0.5944963955029597,1.7249527718586586,-0.0003424407192097344,-8.814525820732468e-5,-0.00014972485356400336,0.06627229815321994,-0.12312215566635132,0.23423054814338684,-0.11846330761909485,1.2426247596740723,0.6404752135276794,-1.0349500179290771,0.09659722447395325,-0.0788954496383667,-0.8253740072250366,0.8614108562469482,0.8320280313491821,-1.1630859375
0.4551758749999989,0.0034223749999999996,133.0,4.96293273832545,-0.5630806265183927,1.7252289299150236,-0.00015967379035481907,-4.192409369242066e-5,-6.971001225928305e-5,0.06632167451520295,-0.12017422914505005,0.2343313843011856,-0.12072506546974182,1.2335846424102783,0.6225875020027161,-1.0322158336639404,0.1100713312625885,-0.07015734910964966,-0.7952288389205933,0.8490264415740967,0.7943000197410583,-1.162675380706787
0.4551758749999989,0.0034223749999999996,133.0,4.9303655047927455,-0.5312301391007629,1.7255664645709332,1.7737850053645874e-5,4.81755126485694e-6,7.740467854550955e-6,0.06636145286123019,-0.11677876114845276,0.2320782095193863,-0.12618663907051086,1.2190864086151123,0.6059086918830872,-1.0238759517669678,0.148858904838562,-0.05772674083709717,-0.756551206111908,0.8390555381774902,0.7510055899620056,-1.16069757938385
0.4551758749999989,0.0034223749999999996,133.0,4.89689840410745,-0.4986236643556159,1.7253059912120872,0.00019480556625528587,5.5279131262243e-5,8.469562909667138e-5,0.06637195450645128,-0.11653348803520203,0.23093858361244202,-0.1311376392841339,1.212162971496582,0.5970954298973083,-1.0086033344268799,0.19354377686977386,-0.05349719524383545,-0.7237661480903625,0.8324854373931885,0.7000177502632141,-1.1579735279083252
0.4551758749999989,0.0034223749999999996,133.0,4.862481503732937,-0.4646072987885663,1.7251354881634324,0.00038599635405078245,0.00011237407675309022,0.00016719330818575743,0.06639076693059069,-0.11511445045471191,0.22927168011665344,-0.13624563813209534,1.2009973526000977,0.5795440673828125,-0.9959812164306641,0.23852644860744476,-0.04539954662322998,-0.6832601428031921,0.8241300582885742,0.6455812454223633,-1.1548511981964111
0.4551758749999989,0.0034223749999999996,133.0,4.827157343526322,-0.42963551451551407,1.7255980083259495,0.0005360307210457827,0.00015807045092405434,0.000231452940670157,0.06642065536062322,-0.11415547132492065,0.22973643243312836,-0.13874685764312744,1.1943904161453247,0.561337947845459,-0.9863088130950928,0.2629631757736206,-0.04013103246688843,-0.652239978313446,0.8130683898925781,0.5948013067245483,-1.1533024311065674
0.4551758749999989,0.0034223749999999996,133.0,4.790943741557742,-0.3945054284733847,1.7257874936125177,0.000703361725920451,0.00021389437575494437,0.00030452805416803164,0.06644980914149354,-0.11283436417579651,0.22812004387378693,-0.14365646243095398,1.1826729774475098,0.5442315340042114,-0.9731900691986084,0.3064033091068268,-0.03204387426376343,-0.6132205724716187,0.8037400245666504,0.5409094095230103,-1.1495965719223022
0.4551758749999989,0.0034223749999999996,133.0,4.7540255615288665,-0.3585195669344943,1.7260597876497914,0.0008810168641297069,0.000275208698032101,0.0003817901562543059,0.06647467724289248,-0.11054861545562744,0.22428272664546967,-0.15078556537628174,1.1642906665802002,0.5274119973182678,-0.958514928817749,0.3674342930316925,-0.0200614333152771,-0.5638140439987183,0.7943525314331055,0.48534509539604187,-1.1432514190673828
0.4551758749999989,0.0034223749999999996,133.0,4.716300874197239,-0.3216848342276327,1.7264207646708658,0.0010819709894737226,0.0003467575283180758,0.0004695462520693625,0.06649680546586759,-0.10930472612380981,0.22234365344047546,-0.15580272674560547,1.150352954864502,0.5083824396133423,-0.9438977241516113,0.4160420298576355,-0.01197737455368042,-0.5195170640945435,0.7833185195922852,0.4263993203639984,-1.137279987335205
0.4551758749999989,0.0034223749999999996,133.0,4.677236806398207,-0.2837556875679885,1.7267281132745171,0.0012720603232541574,0.00042034604693076027,0.0005524690151415178,0.06649169219884545,-0.10942739248275757,0.22025033831596375,-0.1614055633544922,1.1361560821533203,0.48938852548599243,-0.9238815307617188,0.47752782702445984,-0.006023585796356201,-0.46859803795814514,0.7736151218414307,0.35527917742729187,-1.1288535594940186
0.4551758749999989,0.0034223749999999996,133.0,4.637761795391039,-0.24545198625557846,1.727416115160246,0.001393348865355521,0.000471644558148999,0.000605802784064918,0.06651017566078392,-0.1081174910068512,0.21781419217586517,-0.16672822833061218,1.118586778640747,0.46814197301864624,-0.9065535068511963,0.5332092642784119,0.002693653106689453,-0.4176221191883087,0.759732723236084,0.29082390666007996,-1.119859218597412
0.4551758749999989,0.0034223749999999996,133.0,4.597510515354683,-0.20674072765386536,1.7280471982787902,0.0015446107130740268,0.0005378021577093362,0.0006797345716721764,0.06654598983947445,-0.10701373219490051,0.2132345587015152,-0.17416858673095703,1.0951100587844849,0.4519443213939667,-0.8852894306182861,0.6113074421882629,0.012205719947814941,-0.35532599687576294,0.7462575435638428,0.22144415974617004,-1.1058335304260254
0.4551758749999989,0.0034223749999999996,133.0,4.555938141280826,-0.1658005250077481,1.7278940024597091,0.0016953973799991094,0.0006049614482218745,0.0007477545194111015,0.06652828072902726,-0.10465610027313232,0.21015630662441254,-0.17904600501060486,1.0725219249725342,0.42382779717445374,-0.8686139583587646,0.6685596704483032,0.02136683464050293,-0.29286131262779236,0.7254109382629395,0.1552002727985382,-1.092233657836914
0.4551758749999989,0.0034223749999999996,133.0,4.513868428246717,-0.12354117076263861,1.731309834192239,0.0018316464301538703,0.0006614916160576188,0.0008278910556355206,0.0664814012245137,-0.10616946220397949,0.20602230727672577,-0.1861182153224945,1.0483676195144653,0.4131104052066803,-0.8394367694854736,0.7551055550575256,0.025902122259140015,-0.22800686955451965,0.7128822803497314,0.07993704825639725,-1.072445034980774
0.4551758749999989,0.0034223749999999996,133.0,4.468848159700839,-0.08142833793726169,1.7325401646634198,0.001921462317043946,0.0007178903123183595,0.0008878626859854967,0.06642847852707238,-0.10729336738586426,0.2047608196735382,-0.1898764669895172,1.0383669137954712,0.3954123556613922,-0.8338353633880615,0.787310004234314,0.027221888303756714,-0.20031359791755676,0.7097837924957275,0.03483133018016815,-1.063746452331543
0.4551758749999989,0.0034223749999999996,133.0,4.420218011256769,-0.030694362036272693,1.7340101481066357,0.0018958762848869518,0.0005164344840636371,0.0010033390013628471,0.06643866692289539,-0.1104695200920105,0.22865740954875946,-0.14999249577522278,1.1403824090957642,0.41587480902671814,-0.9070076942443848,0.3241026699542999,-0.002188742160797119,-0.7106249332427979,0.8258352279663086,0.35299110412597656,-1.1361116170883179
0.4551758749999989,0.0034223749999999996,133.0,4.362475861564705,0.026262304772457543,1.7373044718936435,0.001729015577511486,-9.299575136718482e-5,0.0011735373452409989,0.06603888517478039,-0.14290040731430054,0.25411003828048706,-0.0717674195766449,1.253331184387207,0.5280971527099609,-0.8953707218170166,-0.24499259889125824,-0.06211012601852417,-1.3890646696090698,1.0715906620025635,0.6839876174926758,-1.186605453491211
0.4551758749999989,0.0034223749999999996,133.0,4.279867794897667,0.03843916736248182,1.7464729705254645,0.00010564199660107044,-1.7907026461902865e-6,7.457473558905182e-5,0.06442388014423704,-0.2740589678287506,0.11367936432361603,0.0493643581867218,1.5252685546875,0.5359302163124084,-0.16646599769592285,-0.2890583276748657,-0.4320603609085083,-1.6377885341644287,1.4329540729522705,0.9475836753845215,-1.0854805707931519
0.4551758749999989,0.0034223749999999996,133.0,4.296367475599562,0.07297911792254115,1.7719568245269555,-0.0018511997401504975,0.0003264737870149224,-0.0012663299672181607,0.062482949861637986,-0.30144742131233215,0.11141079664230347,0.11253228783607483,1.585925579071045,0.38107287883758545,-0.15318083763122559,-0.5966075658798218,-0.4947414994239807,-1.717009425163269,1.4711427688598633,1.0256836414337158,-1.0810056924819946
0.4551758749999989,0.0034223749999999996,133.0,4.311958490064114,0.12119328913827487,1.8044685787187755,-0.0022504011098134482,0.000823373775882535,-0.0012257007476981973,0.06045404997565774,-0.3420610725879669,0.10669456422328949,0.17710646986961365,1.611328125,0.02297573909163475,-0.0390009880065918,-0.9319877028465271,-0.4698440432548523,-1.6142189502716064,1.4968197345733643,1.159260869026184,-1.1287716627120972
0.4551758749999989,0.0034223749999999996,133.0,4.350454766656047,0.1679798899644226,1.8173277169333466,-0.00229879672086104,0.000878638025274941,-0.0011381394015200748,0.0600200761810267,-0.3429504334926605,0.1161518543958664,0.195358008146286,1.6769733428955078,0.057876478880643845,-0.07015681266784668,-0.9828575253486633,-0.4877049922943115,-1.6283012628555298,1.4331128597259521,1.0650649070739746,-1.1760647296905518
0.4551758749999989,0.0034223749999999996,133.0,4.394917459119329,0.2126453099895816,1.8244154207096044,-0.002189031853856813,0.0008391042681184601,-0.0010303344427933865,0.05995304653960125,-0.3384791910648346,0.12063373625278473,0.2036132514476776,1.709177017211914,0.10746250301599503,-0.11049509048461914,-1.0016210079193115,-0.5078814625740051,-1.651249885559082,1.3796699047088623,1.0377204418182373,-1.1878409385681152
0.4551758749999989,0.0034223749999999996,133.0,4.439554096094056,0.25541251450801783,1.82915697924078,-0.0020083034893109823,0.0007721199464886585,-0.0009118268823060483,0.060018556323724874,-0.33413615822792053,0.12695840001106262,0.2105139195919037,1.7402094602584839,0.16307884454727173,-0.14844322204589844,-1.0096760988235474,-0.5276361107826233,-1.677667498588562,1.3326115608215332,1.007228970527649,-1.198868989944458
0.4551758749999989,0.0034223749999999996,133.0,4.483456342154929,0.2961953364875814,1.831998188002677,-0.0017788835921712604,0.0006848830862470932,-0.0007895388929291123,0.06014771208687849,-0.3300885856151581,0.12893684208393097,0.21265950798988342,1.7517446279525757,0.19459454715251923,-0.17621946334838867,-1.0162503719329834,-0.536649763584137,-1.701249122619629,1.3063280582427979,1.0123308897018433,-1.2014000415802002
0.4551758749999989,0.0034223749999999996,133.0,4.52676612010326,0.3364078521863742,1.8349291971005592,-0.0016749004228178712,0.0006444656745527222,-0.0007254022824977823,0.06023816479057514,-0.3262310326099396,0.13034376502037048,0.21548780798912048,1.7629246711730957,0.21249669790267944,-0.1974189281463623,-1.032420039176941,-0.5452118515968323,-1.7101842164993286,1.2756803035736084,1.014143466949463,-1.203967809677124
0.4551758749999989,0.0034223749999999996,133.0,4.569213184312791,0.37656735449738993,1.8377574648739863,-0.0014359605877050396,0.0005526686411102409,-0.0006051501880326155,0.060267179543304204,-0.32330289483070374,0.13309600949287415,0.21774986386299133,1.7755097150802612,0.2420249581336975,-0.22107911109924316,-1.0373094081878662,-0.5536040663719177,-1.7270807027816772,1.2543528079986572,1.0123178958892822,-1.2081515789031982
0.4551758749999989,0.0034223749999999996,133.0,4.610694806922382,0.4160072412023369,1.8407392255261263,-0.0012495828385278287,0.0004823779618941846,-0.0005157917193736906,0.060328843981640554,-0.32137301564216614,0.13573768734931946,0.2165009081363678,1.7792792320251465,0.26448625326156616,-0.23900914192199707,-1.0309405326843262,-0.5507639050483704,-1.7595466375350952,1.256127119064331,1.0248106718063354,-1.2149596214294434
0.4551758749999989,0.0034223749999999996,133.0,4.651319996628227,0.45468461353423817,1.8437619276760695,-0.0010176542179822278,0.0003928491344209158,-0.0004084937229129439,0.060379728703241264,-0.3184732496738434,0.13826362788677216,0.21858742833137512,1.7909075021743774,0.2926047444343567,-0.2613868713378906,-1.0360804796218872,-0.5593841671943665,-1.7727234363555908,1.23508620262146,1.024369239807129,-1.217965841293335
0.4551758749999989,0.0034223749999999996,133.0,4.691145923104514,0.49203887435708465,1.8465737903122514,-0.0008097437936300112,0.000313946325713762,-0.0003178570900821652,0.06044533949474647,-0.3150584399700165,0.1432836949825287,0.22396519780158997,1.8135217428207397,0.33108049631118774,-0.2897477149963379,-1.0451024770736694,-0.5757761597633362,-1.7769545316696167,1.1960415840148926,0.999046802520752,-1.2240042686462402
0.4551758749999989,0.0034223749999999996,133.0,4.729943062730172,0.5286701312406312,1.8490032531087195,-0.0006120943875922821,0.0002377956929703795,-0.00023482188930882286,0.06048865752116541,-0.3121228516101837,0.1452835649251938,0.225576251745224,1.8224815130233765,0.3556588590145111,-0.31075048446655273,-1.0494056940078735,-0.5829529166221619,-1.786670207977295,1.1764464378356934,1.001325249671936,-1.2258222103118896
0.4551758749999989,0.0034223749999999996,133.0,4.767825799833258,0.5644327977171762,1.8513948216017306,-0.0004209966170774395,0.0001639911225579621,-0.00015796773232297146,0.06052601076082541,-0.3093651235103607,0.1473255753517151,0.22720292210578918,1.8312917947769165,0.37950530648231506,-0.33063578605651855,-1.0542309284210205,-0.5900247693061829,-1.794975757598877,1.1576321125030518,1.0025348663330078,-1.2275946140289307
0.4551758749999989,0.0034223749999999996,133.0,4.804608930151722,0.5994064614548263,1.8536564285205865,-0.00023632161764417994,9.235528696373773e-5,-8.695120572093771e-5,0.060547947558394745,-0.3075593411922455,0.14855700731277466,0.22568294405937195,1.8311760425567627,0.3925146162509918,-0.3435404300689697,-1.0530933141708374,-0.5859995484352112,-1.8151592016220093,1.160266399383545,1.0195385217666626,-1.2317274808883667
0.4551758749999989,0.0034223749999999996,133.0,4.84033176714361,0.6334973948107854,1.856150814630108,-7.053977087481442e-5,2.764958984378154e-5,-2.538408180601764e-5,0.06057974043391699,-0.30516740679740906,0.15324348211288452,0.23130014538764954,1.8520293235778809,0.4194650948047638,-0.3652327060699463,-1.0662819147109985,-0.6009736657142639,-1.8099178075790405,1.123830795288086,0.9905517101287842,-1.2373884916305542
0.4551758749999989,0.0034223749999999996,133.0,4.875014376434764,0.6659734856167141,1.8575655631370211,0.00015213254675870962,-6.00719878361951e-5,5.39022675963593e-5,0.06059493313228281,-0.30291345715522766,0.1534709930419922,0.23118558526039124,1.8531051874160767,0.42659640312194824,-0.37638139724731445,-1.075917363166809,-0.600521981716156,-1.8170928955078125,1.1151823997497559,1.0027978420257568,-1.2390469312667847
0.4551758749999989,0.0034223749999999996,133.0,4.909967760967614,0.695783540915367,1.857911784938486,0.00035931289840792973,-0.00014131370148761784,0.00012357446734942483,0.06073802083067304,-0.2996129095554352,0.15359486639499664,0.23260453343391418,1.8568888902664185,0.4434075951576233,-0.39598512649536133,-1.0850027799606323,-0.6069172024726868,-1.817133903503418,1.094330072402954,1.0125534534454346,-1.2365115880966187
0.4551758749999989,0.0034223749999999996,133.0,4.943192680969157,0.727087164300115,1.8605171796567335,0.0005682740825188214,-0.00022519960687931209,0.00019174803168094044,0.06075538494561906,-0.2978757321834564,0.15473803877830505,0.2338903844356537,1.8623676300048828,0.45091667771339417,-0.4058189392089844,-1.0967097282409668,-0.6098138689994812,-1.8176579475402832,1.0808992385864258,1.0121363401412964,-1.2391116619110107
0.4551758749999989,0.0034223749999999996,133.0,4.975645446408638,0.7577227801002735,1.862585970039373,0.0008161297099850193,-0.000324900865634488,0.0002707400823380004,0.060754653223864356,-0.295952171087265,0.15735043585300446,0.23496326804161072,1.8695398569107056,0.46953797340393066,-0.421062707901001,-1.0997077226638794,-0.6131790280342102,-1.824928879737854,1.068859338760376,1.0097137689590454,-1.2429718971252441
0.4551758749999989,0.0034223749999999996,133.0,5.007219541034896,0.787984435405177,1.8654213266500446,0.0009937896794712955,-0.0003962038076441531,0.0003230972419065114,0.06076260978731671,-0.29517337679862976,0.1586567908525467,0.23240622878074646,1.866962194442749,0.48240455985069275,-0.4301462173461914,-1.0940062999725342,-0.6065824627876282,-1.8480193614959717,1.0825998783111572,1.0301636457443237,-1.2472693920135498
0.4551758749999989,0.0034223749999999996,133.0,5.037941785176323,0.8169677805648151,1.8684958357956403,0.0012215729929335349,-0.000488868367839423,0.00038665046806345377,0.06075937193953471,-0.2932950556278229,0.16121307015419006,0.23503276705741882,1.8775264024734497,0.501760721206665,-0.44428539276123047,-1.1016608476638794,-0.6155692934989929,-1.8449950218200684,1.0613110065460205,1.0184868574142456,-1.248774528503418
0.4551758749999989,0.0034223749999999996,133.0,5.067991600096172,0.8443877414246218,1.8705390438618346,0.001394338088485276,-0.0005615113906759434,0.000433187795977309,0.06080907177230642,-0.2908576428890228,0.16590043902397156,0.24048307538032532,1.8958516120910645,0.5291444659233093,-0.4659256935119629,-1.1093302965164185,-0.6314855217933655,-1.8333382606506348,1.0236711502075195,0.9869647026062012,-1.2509512901306152
0.4551758749999989,0.0034223749999999996,133.0,5.096815268070216,0.8709189186434153,1.8717891134227722,0.001586304793297126,-0.0006424444736988106,0.00048697782736962034,0.0608523832476544,-0.2886931598186493,0.16546891629695892,0.23949167132377625,1.8928219079971313,0.5368209481239319,-0.47571611404418945,-1.1140872240066528,-0.629551351070404,-1.8394917249679565,1.0199320316314697,1.0044057369232178,-1.2500392198562622
0.4551758749999989,0.0034223749999999996,133.0,5.124427610155687,0.8969142409279129,1.8732371567811048,0.0018136838934413788,-0.0007428879965936583,0.0005522467533444045,0.060905424248352505,-0.28702619671821594,0.1663951724767685,0.24055668711662292,1.8970271348953247,0.5514509677886963,-0.4876987934112549,-1.1187492609024048,-0.6343589425086975,-1.840709924697876,1.0081536769866943,1.0077500343322754,-1.2494889497756958
0.4551758749999989,0.0034223749999999996,133.0,5.150871406305251,0.9230267162078322,1.8748250251132894,0.0020428392729031635,-0.0008463579662516437,0.0006196835765084914,0.06095428594786276,-0.28625068068504333,0.16869492828845978,0.24159356951713562,1.9044078588485718,0.5721525549888611,-0.5005640983581543,-1.1158140897750854,-0.63992840051651,-1.848305106163025,1.0017085075378418,1.008147954940796,-1.2513537406921387
0.4551758749999989,0.0034223749999999996,133.0,5.17659424893775,0.9471847180607634,1.8754574036158154,0.0023012560890581075,-0.0009588001911111859,0.0006883654792101534,0.06098811450284856,-0.28394249081611633,0.1690264195203781,0.24320915341377258,1.9074082374572754,0.5738271474838257,-0.5091054439544678,-1.1291708946228027,-0.6424794793128967,-1.839469075202942,0.9816784858703613,1.0042222738265991,-1.2517894506454468
0.4551758749999989,0.0034223749999999996,133.0,5.201213776461484,0.9707474944630625,1.8757212600886273,0.0024910583989834274,-0.001043085235568963,0.0007392516707432099,0.06101876185298824,-0.2818431556224823,0.1691494584083557,0.2445821464061737,1.9095121622085571,0.5770084857940674,-0.5179882049560547,-1.1400272846221924,-0.6449205279350281,-1.832780122756958,0.9646844863891602,1.0040626525878906,-1.2514641284942627
0.4551758749999989,0.0034223749999999996,133.0,5.22471471792054,0.9938615552502227,1.87620306296551,0.0027344277437255514,-0.001148593575376254,0.0008048908823622604,0.06103983023543393,-0.28059759736061096,0.16983765363693237,0.24556323885917664,1.9129449129104614,0.5885754227638245,-0.5281229019165039,-1.1430963277816772,-0.6488040089607239,-1.8332388401031494,0.955146074295044,1.0075526237487793,-1.2510619163513184
0.4551758749999989,0.0034223749999999996,133.0,5.247229884009655,1.016370647872312,1.8767004528799638,0.0029824946982315173,-0.001256937706829911,0.0008713608331202382,0.0610410745342695,-0.27958211302757263,0.16993069648742676,0.24491527676582336,1.9119431972503662,0.5944799184799194,-0.5350794792175293,-1.1449031829833984,-0.6467923521995544,-1.8397377729415894,0.9555690288543701,1.0199306011199951,-1.25221586227417
0.4551758749999989,0.0034223749999999996,133.0,5.26901724212833,1.0380685895631414,1.877226587763232,0.003244407358654903,-0.0013711003333481625,0.0009390306590293077,0.06104581877278645,-0.27860429883003235,0.17010095715522766,0.24421855807304382,1.9112060070037842,0.6021321415901184,-0.5420370101928711,-1.1458673477172852,-0.6455193161964417,-1.8467094898223877,0.9560422897338867,1.032304286956787,-1.252894639968872
0.4551758749999989,0.0034223749999999996,133.0,5.289723134957802,1.0591822222348009,1.8779948570991527,0.003510459880663097,-0.0014849009397236044,0.0010049369318085835,0.06104123734789875,-0.27751657366752625,0.17262187600135803,0.24642130732536316,1.9192132949829102,0.6123815178871155,-0.5518860816955566,-1.1498703956604004,-0.6506473422050476,-1.8426837921142578,0.9400177001953125,1.0184519290924072,-1.2557001113891602
0.4551758749999989,0.0034223749999999996,133.0,5.309615545779357,1.0792979060583496,1.8786566096739443,0.003715614473931088,-0.0015761606685825598,0.001055641189397256,0.0610390844275584,-0.2765478193759918,0.17327739298343658,0.24646469950675964,1.919742465019226,0.616935670375824,-0.5580446720123291,-1.1537482738494873,-0.6495075821876526,-1.8456403017044067,0.9368515014648438,1.0228581428527832,-1.2574474811553955
0.4551758749999989,0.0034223749999999996,133.0,5.328543378284311,1.098522962227284,1.879163892668558,0.003946489885643106,-0.0016776241531495464,0.0011158244041465498,0.06104568766743645,-0.27550050616264343,0.17446012794971466,0.2487318217754364,1.9258347749710083,0.6262348890304565,-0.56658935546875,-1.1600227355957031,-0.6558534502983093,-1.8392235040664673,0.9208283424377441,1.0145801305770874,-1.257129192352295
0.4551758749999989,0.0034223749999999996,133.0,5.346961317502536,1.1162901484788752,1.8793321315363558,0.004148179627226991,-0.0017723870101310668,0.001160237536367867,0.06104693693381824,-0.27408912777900696,0.17422883212566376,0.24818584322929382,1.9232559204101562,0.6245833039283752,-0.5707855224609375,-1.1670743227005005,-0.6519272923469543,-1.8411494493484497,0.9177076816558838,1.0224066972732544,-1.2585890293121338
0.4551758749999989,0.0034223749999999996,133.0,5.364364341254442,1.1333707627293441,1.8796264621965186,0.0043821955202124644,-0.0018787512053040963,0.0012172281021023685,0.06105641005391641,-0.2731558382511139,0.17390500009059906,0.24840018153190613,1.9232475757598877,0.6303265690803528,-0.5767552852630615,-1.1706745624542236,-0.6529402136802673,-1.8425875902175903,0.9133853912353516,1.0307031869888306,-1.2576510906219482
0.4551758749999989,0.0034223749999999996,133.0,5.380958532019921,1.150054499302977,1.8801459784382188,0.004589994521091743,-0.0019702387607842473,0.001265606744602838,0.0610621858977525,-0.272060364484787,0.1746637225151062,0.2497083842754364,1.9269137382507324,0.6370619535446167,-0.5832972526550293,-1.1743887662887573,-0.6568273901939392,-1.8392024040222168,0.9012038707733154,1.0263304710388184,-1.2574121952056885
0.4551758749999989,0.0034223749999999996,133.0,5.396782670538558,1.1653693274141488,1.8802853211810198,0.004795049953015545,-0.002061612520351297,0.0013123809380537164,0.06107823901044429,-0.2707507312297821,0.17451606690883636,0.24954906105995178,1.9254992008209229,0.6426647901535034,-0.5898523330688477,-1.175304651260376,-0.6566428542137146,-1.840374231338501,0.8964202404022217,1.0338284969329834,-1.2562717199325562
0.4551758749999989,0.0034223749999999996,133.0,5.4120958445199,1.1796196037278037,1.8806554894055638,0.0049567124369504795,-0.0021342104998595224,0.001338644742405441,0.06109438969763319,-0.2684129774570465,0.17427079379558563,0.25153037905693054,1.926865577697754,0.6426785588264465,-0.5951669216156006,-1.1858750581741333,-0.6610774397850037,-1.8236860036849976,0.8723280429840088,1.022410273551941,-1.253109335899353
0.4551758749999989,0.0034223749999999996,133.0,5.4266269373027445,1.193018396673882,1.880657017694492,0.005098767926440172,-0.0021965546082024705,0.0013655826956133644,0.061125812360223054,-0.2665847837924957,0.174378901720047,0.251818984746933,1.92554771900177,0.6499876379966736,-0.603585958480835,-1.1850316524505615,-0.6625199913978577,-1.8203734159469604,0.8617231845855713,1.025118112564087,-1.250396728515625
0.4551758749999989,0.0034223749999999996,133.0,5.440354169443897,1.2055911226106717,1.880863412380217,0.005250267138749641,-0.0022638558124675055,0.0013937543007456427,0.061154161406336505,-0.2635539472103119,0.1720336526632309,0.250184029340744,1.9159044027328491,0.6469174027442932,-0.607177734375,-1.1885027885437012,-0.6578189730644226,-1.8142422437667847,0.8519878387451172,1.0384292602539062,-1.245591163635254
0.4551758749999989,0.0034223749999999996,133.0,5.4527208249822765,1.2182017794621078,1.8815778945949284,0.005416540582137883,-0.0023273873520732466,0.0014268796954799037,0.061169863915057736,-0.2625204026699066,0.17279265820980072,0.25112155079841614,1.917966365814209,0.6589263677597046,-0.6152193546295166,-1.1835918426513672,-0.6621982455253601,-1.812276840209961,0.8419435024261475,1.0363078117370605,-1.2432665824890137
0.4551758749999989,0.0034223749999999996,133.0,5.464060240317975,1.2304872347526359,1.8828522852055645,0.005589997847134256,-0.002389094421129758,0.0014595422607300433,0.06117295100730355,-0.26239094138145447,0.17461179196834564,0.2519165575504303,1.9222103357315063,0.6746134161949158,-0.6231486797332764,-1.1742721796035767,-0.6666640639305115,-1.8159892559051514,0.8381450176239014,1.0330705642700195,-1.2430421113967896
0.4551758749999989,0.0034223749999999996,133.0,5.474381199542562,1.24277386608841,1.8845052949155179,0.005761527646342171,-0.0024422189405007818,0.001493208395404083,0.0611671052169169,-0.26277998089790344,0.1778833568096161,0.2528371512889862,1.9288609027862549,0.6915161609649658,-0.6313602924346924,-1.1616168022155762,-0.670680582523346,-1.8228745460510254,0.8365018367767334,1.0234054327011108,-1.2456395626068115
0.4551758749999989,0.0034223749999999996,133.0,5.483890167820098,1.2538376982001904,1.8859577613770122,0.005956086088578392,-0.0025090974647102413,0.0015332599653841228,0.0611659589162656,-0.2634178102016449,0.18330128490924835,0.2570933997631073,1.9445841312408447,0.7114120125770569,-0.6414046287536621,-1.152999758720398,-0.6837547421455383,-1.815954327583313,0.8170177936553955,0.9857079982757568,-1.24800705909729
0.4551758749999989,0.0034223749999999996,133.0,5.492432869564369,1.265017653581419,1.888743385462703,0.006198067040016874,-0.0026458090353485147,0.001613388747458548,0.061051995202129755,-0.26518121361732483,0.18524283170700073,0.25456902384757996,1.9460161924362183,0.7303367257118225,-0.6441452503204346,-1.1326888799667358,-0.681258499622345,-1.8396878242492676,0.8405778408050537,1.0010123252868652,-1.2521209716796875
0.4551758749999989,0.0034223749999999996,133.0,5.500069462588975,1.274420097272655,1.8897727149841046,0.006488952796942776,-0.002752308997302715,0.0016874995600458774,0.061056684497565135,-0.26588883996009827,0.18792402744293213,0.25533047318458557,1.9522463083267212,0.748113214969635,-0.6507985591888428,-1.1195210218429565,-0.6866468787193298,-1.845565676689148,0.8397459983825684,0.9941792488098145,-1.252933382987976
0.4551758749999989,0.0034223749999999996,133.0,5.507055956504707,1.2824180911907395,1.890379944647761,0.006927501076523018,-0.0029279017911215564,0.0017992589632762385,0.06107113842433727,-0.2660798132419586,0.18993961811065674,0.2561604678630829,1.9570058584213257,0.7616700530052185,-0.6569054126739502,-1.11031973361969,-0.6912307143211365,-1.8463960886001587,0.835153341293335,0.9865783452987671,-1.2530722618103027
0.4551758749999989,0.0034223749999999996,133.0,5.513081403263141,1.2898854031938902,1.891004404483977,0.007661378378463525,-0.003224213718144667,0.0019900088310968534,0.06108041859262724,-0.26660409569740295,0.1910891830921173,0.2549518644809723,1.958101749420166,0.775000810623169,-0.6616041660308838,-1.097105622291565,-0.6908182501792908,-1.8555277585983276,0.8433213233947754,0.9939556121826172,-1.2546875476837158
0.4551758749999989,0.0034223749999999996,133.0,5.518576289136115,1.2957404050739922,1.8915550440074451,0.00932295015273622,-0.003926348155305648,0.002401864535952635,0.061095997455836694,-0.2661859691143036,0.19326545298099518,0.2573215663433075,1.9664298295974731,0.7825186848640442,-0.6682019233703613,-1.0966328382492065,-0.6965427994728088,-1.8407723903656006,0.8239195346832275,0.9676349759101868,-1.2571251392364502
0.4551758749999989,0.0034223749999999996,133.0,5.522919724306741,1.2999767321180835,1.8922734260923877,0.017239801191509443,-0.0073957830498916945,0.004335647448713803,0.061136654634086414,-0.2648051083087921,0.1907092034816742,0.25932618975639343,1.9774196147918701,0.7855188846588135,-0.6790721416473389,-1.1103867292404175,-0.696027934551239,-1.8019098043441772,0.7931039333343506,0.9463865756988525,-1.2686206102371216
0.4551758749999989,0.0034223749999999996,133.0,5.556222803832212,-1.174600816959975,1.730552858858954,-0.015092263465377162,0.00016313384299167588,-0.006646935105938785,0.06615554763169045,-0.12262585759162903,0.24017630517482758,-0.017505884170532227,1.3126457929611206,0.7878074049949646,-1.3407182693481445,-0.6923946738243103,-0.19277167320251465,-1.298713207244873,0.803077220916748,1.5406060218811035,-1.1196950674057007
0.4551758749999989,0.0034223749999999996,133.0,5.551258757137267,-1.1689501579044153,1.7304210024268327,-0.008121327452568125,6.601406930562638e-5,-0.00365036025092027,0.06611843207258344,-0.12374147772789001,0.24132001399993896,-0.018975913524627686,1.3125817775726318,0.8130990862846375,-1.3355298042297363,-0.6643117070198059,-0.1922958493232727,-1.2955265045166016,0.8299064636230469,1.5311006307601929,-1.1199489831924438
0.4551758749999989,0.0034223749999999996,133.0,5.545149320470403,-1.16298225355207,1.729958677176231,-0.006674861214241236,2.329514466601985e-5,-0.003008684513894052,0.06607504803483599,-0.12614873051643372,0.24247972667217255,-0.020179539918899536,1.3189618587493896,0.8152433633804321,-1.3258306980133057,-0.6391100883483887,-0.19563210010528564,-1.2928485870361328,0.8402078151702881,1.5084686279296875,-1.1228127479553223
0.4551758749999989,0.0034223749999999996,133.0,5.538336277039001,-1.1566749264253346,1.7291779811092376,-0.006039151819822736,-2.3450761356544996e-5,-0.00272887773536412,0.06603811018365276,-0.12795257568359375,0.24290405213832855,-0.02229076623916626,1.3227335214614868,0.8185328245162964,-1.3144299983978271,-0.614466667175293,-0.19710910320281982,-1.2905482053756714,0.8473227024078369,1.4950772523880005,-1.1250656843185425
0.4551758749999989,0.0034223749999999996,133.0,5.530457523953241,-1.149459188915019,1.7282419097489232,-0.005670852567084952,-7.41599390821664e-5,-0.002567656924669266,0.06599243586567222,-0.13008645176887512,0.24305538833141327,-0.025354892015457153,1.3267995119094849,0.8222805261611938,-1.2991633415222168,-0.5823115110397339,-0.19859200716018677,-1.288243055343628,0.8550019264221191,1.4809190034866333,-1.1276650428771973
0.4551758749999989,0.0034223749999999996,133.0,5.521496633637026,-1.1436800385705803,1.7245908815507902,-0.005414936793486586,-0.00015768236165625215,-0.002457612091602233,0.06603589419230133,-0.12966173887252808,0.2415660172700882,-0.02926456928253174,1.3213655948638916,0.8225319385528564,-1.2870018482208252,-0.5511412024497986,-0.19417130947113037,-1.278920292854309,0.8571500778198242,1.478271484375,-1.126871109008789
0.4551758749999989,0.0034223749999999996,133.0,5.511897447194294,-1.135237951560791,1.7231660902354626,-0.005201638977520264,-0.00022215783089622786,-0.0023684514422059252,0.06598471777597559,-0.1319563388824463,0.24167083203792572,-0.032537102699279785,1.3255337476730347,0.826306939125061,-1.27052640914917,-0.5170409083366394,-0.19599473476409912,-1.2752799987792969,0.8641312122344971,1.4633880853652954,-1.1292310953140259
0.4551758749999989,0.0034223749999999996,133.0,5.5015821385715125,-1.1256861440716353,1.7221144211158501,-0.005042937292275677,-0.0002669434120614943,-0.0022986445689655343,0.06594047252692986,-0.1342965066432953,0.24180305004119873,-0.03589877486228943,1.3295990228652954,0.8228117227554321,-1.2550396919250488,-0.4812541902065277,-0.19674992561340332,-1.2677556276321411,0.8726592063903809,1.4407330751419067,-1.1324832439422607
0.4551758749999989,0.0034223749999999996,133.0,5.490289862996095,-1.115421898094867,1.7206690144231012,-0.004901497953165397,-0.00032660745703196964,-0.002237480737266729,0.0658818616962284,-0.13702765107154846,0.2416597455739975,-0.04015818238258362,1.3338204622268677,0.8239565491676331,-1.2348875999450684,-0.4376130998134613,-0.1981225609779358,-1.2611992359161377,0.881544828414917,1.4197651147842407,-1.13535737991333
0.4551758749999989,0.0034223749999999996,133.0,5.478197328110658,-1.104516625184854,1.7192541159839443,-0.004757935683685196,-0.0003862376881840913,-0.0021766715653984852,0.06582715845500595,-0.13947439193725586,0.24091964960098267,-0.045434802770614624,1.336120367050171,0.825609564781189,-1.2122039794921875,-0.3889797329902649,-0.1978079080581665,-1.2533013820648193,0.8906967639923096,1.4002172946929932,-1.1380794048309326
0.4551758749999989,0.0034223749999999996,133.0,5.465778793262371,-1.0926954552235986,1.7182384190772275,-0.004622560854972062,-0.00042324660072562577,-0.002116828940989043,0.06580113530650754,-0.14025887846946716,0.24008607864379883,-0.049609631299972534,1.3342458009719849,0.8199092745780945,-1.19858980178833,-0.3560245931148529,-0.1935899257659912,-1.2406760454177856,0.8975903987884521,1.3835389614105225,-1.1404478549957275
0.4551758749999989,0.0034223749999999996,133.0,5.4526626228286155,-1.0800687377299334,1.7173152534152079,-0.004485963716683602,-0.00044979381920266006,-0.0020543678677155423,0.06577141904838295,-0.14098024368286133,0.23963268101215363,-0.052938997745513916,1.3331154584884644,0.8213603496551514,-1.1871111392974854,-0.33199214935302734,-0.1908421516418457,-1.2311049699783325,0.9025590419769287,1.3751773834228516,-1.1420818567276
0.4551758749999989,0.0034223749999999996,133.0,5.439186402717651,-1.0665092702399488,1.7167142045297759,-0.004366209965935717,-0.0004631076170731573,-0.00199763807840542,0.06577046223012654,-0.14089533686637878,0.23914526402950287,-0.05591067671775818,1.330370545387268,0.8182417750358582,-1.178903341293335,-0.3130827844142914,-0.18635272979736328,-1.218715786933899,0.9064517021179199,1.3636999130249023,-1.1438043117523193
0.4551758749999989,0.0034223749999999996,133.0,5.425425853505896,-1.0524162775408852,1.716332974671531,-0.004211231248535372,-0.0004631829201598087,-0.0019255716791813414,0.06580015504831292,-0.13934242725372314,0.23875778913497925,-0.05774536728858948,1.3249523639678955,0.8141099810600281,-1.1775624752044678,-0.3090444505214691,-0.1799742579460144,-1.2065298557281494,0.9062728881835938,1.358077883720398,-1.1447409391403198
0.4551758749999989,0.0034223749999999996,133.0,5.410222069535863,-1.0369807783381466,1.7158908906817072,-0.004020356981080638,-0.00046054053092327546,-0.0018351114774678371,0.06580651542349421,-0.13810518383979797,0.23833945393562317,-0.060031622648239136,1.3201078176498413,0.8096064329147339,-1.1739683151245117,-0.29995909333229065,-0.1741809844970703,-1.1943330764770508,0.9063498973846436,1.3491253852844238,-1.1456937789916992
0.4551758749999989,0.0034223749999999996,133.0,5.394135706926795,-1.0206311889716815,1.715726723647243,-0.003843126581194616,-0.00045230674907193943,-0.0017493439520503732,0.06581236170969837,-0.13680315017700195,0.23881030082702637,-0.06075295805931091,1.3174325227737427,0.807232141494751,-1.174560785293579,-0.3031022846698761,-0.17076271772384644,-1.1862581968307495,0.9030044078826904,1.3418359756469727,-1.1463950872421265
0.4551758749999989,0.0034223749999999996,133.0,5.37729852837765,-1.0039514053133722,1.7150163553896862,-0.0036380080563088797,-0.00045954486597228926,-0.0016549183529484676,0.06582005439157443,-0.13665661215782166,0.23832330107688904,-0.06415817141532898,1.314700722694397,0.800437867641449,-1.1652565002441406,-0.27868548035621643,-0.16676729917526245,-1.1730389595031738,0.9046342372894287,1.3222891092300415,-1.147707223892212
0.4551758749999989,0.0034223749999999996,133.0,5.360494446359024,-0.9864416800957272,1.7151524282836628,-0.003441822716888235,-0.0004376743247116327,-0.0015626969513077656,0.06587996243621133,-0.1338030993938446,0.23878946900367737,-0.06406381726264954,1.3086045980453491,0.7886510491371155,-1.173283338546753,-0.29298847913742065,-0.1601475477218628,-1.1614327430725098,0.8976466655731201,1.3145489692687988,-1.1481684446334839
0.4551758749999989,0.0034223749999999996,133.0,5.3416471311403395,-0.9674119693966655,1.714880592253687,-0.003244448497465531,-0.0004301757888893483,-0.0014671182869271688,0.06587408656708996,-0.13448727130889893,0.2397676408290863,-0.0656614601612091,1.3106789588928223,0.784386932849884,-1.1664814949035645,-0.27939677238464355,-0.16044092178344727,-1.152228832244873,0.8974318504333496,1.291419506072998,-1.1498560905456543
0.4551758749999989,0.0034223749999999996,133.0,5.322398739377053,-0.9482259328213013,1.7142487761500649,-0.00306322467813947,-0.00043497130868537,-0.0013828290073345643,0.06589192213914341,-0.133498877286911,0.23942825198173523,-0.068603515625,1.3063328266143799,0.7734699249267578,-1.1606645584106445,-0.2611583173274994,-0.15482324361801147,-1.1356024742126465,0.8962364196777344,1.2701396942138672,-1.1511383056640625
0.4551758749999989,0.0034223749999999996,133.0,5.302786455285362,-0.9278947469815544,1.714302576020614,-0.002828094121306748,-0.0004083755988655249,-0.0012720416241949074,0.06593888647053249,-0.13182958960533142,0.23998378217220306,-0.06958845257759094,1.3023370504379272,0.7612566947937012,-1.1621406078338623,-0.2614012062549591,-0.14943093061447144,-1.121145248413086,0.891855001449585,1.2523424625396729,-1.1524430513381958
0.4551758749999989,0.0034223749999999996,133.0,5.28121775253608,-0.9076449181074647,1.7129937760622191,-0.002593000779863549,-0.0004241090764106912,-0.001167349044191054,0.06591767629886795,-0.1324233114719391,0.2390851527452469,-0.07463011145591736,1.3006020784378052,0.7625353932380676,-1.144822120666504,-0.22141805291175842,-0.14686650037765503,-1.106363296508789,0.8937835693359375,1.2284529209136963,-1.1534218788146973
0.4551758749999989,0.0034223749999999996,133.0,5.259672853986065,-0.8863164999148719,1.7125197921008077,-0.0023703069019027703,-0.00041090528175704373,-0.0010653571655230014,0.06594589582381934,-0.1316279172897339,0.2390182763338089,-0.07743960618972778,1.2973109483718872,0.7562367916107178,-1.1380095481872559,-0.20350167155265808,-0.14250504970550537,-1.0904207229614258,0.891547441482544,1.2062674760818481,-1.1544970273971558
0.4551758749999989,0.0034223749999999996,133.0,5.2369396084486,-0.8637542448078469,1.7121531139826975,-0.0021499813512424245,-0.00039251982207291265,-0.0009634006331477473,0.06596729157408793,-0.13100209832191467,0.23973116278648376,-0.07913050055503845,1.295427680015564,0.7440736293792725,-1.1343889236450195,-0.19296394288539886,-0.1390455961227417,-1.0738736391067505,0.8884711265563965,1.1783041954040527,-1.155948519706726
0.4551758749999989,0.0034223749999999996,133.0,5.213381311029827,-0.8395100046493049,1.7121223561480214,-0.0019763082134015967,-0.0003665787783970411,-0.0008793219489160592,0.06598750612785809,-0.12960749864578247,0.23959724605083466,-0.08195343613624573,1.290553331375122,0.7338526248931885,-1.1289002895355225,-0.1772758662700653,-0.1332680583000183,-1.054866909980774,0.8840415477752686,1.1538336277008057,-1.1568530797958374
0.4551758749999989,0.0034223749999999996,133.0,5.189763133383917,-0.8152391774831371,1.7126854204646662,-0.0017623170932118757,-0.00032142918026449563,-0.0007780039768661032,0.06607292256900307,-0.126758873462677,0.23922576010227203,-0.08444508910179138,1.2822848558425903,0.7203723788261414,-1.128483533859253,-0.1697259545326233,-0.12385350465774536,-1.0341910123825073,0.877673864364624,1.133420467376709,-1.1580182313919067
0.4551758749999989,0.0034223749999999996,133.0,5.164242858959948,-0.7904591400634009,1.7125623204835108,-0.001562796662333947,-0.00029548694437467446,-0.0006886056017919624,0.06611692303350081,-0.12478762865066528,0.23908381164073944,-0.08717715740203857,1.276085376739502,0.7076004147529602,-1.1247572898864746,-0.1559460461139679,-0.11633670330047607,-1.0127164125442505,0.8723022937774658,1.1066511869430542,-1.1593135595321655
0.4551758749999989,0.0034223749999999996,133.0,5.1379033248329975,-0.7653106820045456,1.7120521417057164,-0.0013650176938913578,-0.0002762133642287665,-0.0006017932665953071,0.06614060757147049,-0.12511521577835083,0.23786966502666473,-0.09305012226104736,1.272308111190796,0.7027542591094971,-1.1067328453063965,-0.10795916616916656,-0.11175227165222168,-0.9878277778625488,0.8734910488128662,1.067285180091858,-1.1602017879486084
0.4551758749999989,0.0034223749999999996,133.0,5.110883745640491,-0.739019759488402,1.711827061076752,-0.0012012933064454404,-0.00025463106750987514,-0.0005298118144799406,0.06618097149205315,-0.12397149205207825,0.2370656579732895,-0.09744700789451599,1.265891432762146,0.6895111203193665,-1.0965826511383057,-0.07605507969856262,-0.1042221188545227,-0.9600498080253601,0.870772123336792,1.02957284450531,-1.1613004207611084
0.4551758749999989,0.0034223749999999996,133.0,5.083347576289726,-0.7121404286321793,1.7116675502033933,-0.0010555593633021175,-0.0002335101021425624,-0.00046575204209428666,0.06623265524689857,-0.12289422750473022,0.23625130951404572,-0.10194167494773865,1.2592241764068604,0.6756256222724915,-1.0858170986175537,-0.042305685579776764,-0.09639841318130493,-0.9301767945289612,0.8681142330169678,0.9894145727157593,-1.1624104976654053
0.4551758749999989,0.0034223749999999996,133.0,5.054598066450617,-0.6840003710492268,1.7115344223560516,-0.0008697427070389025,-0.00019960481922973573,-0.0003823784393840626,0.0662547802905997,-0.12035819888114929,0.23586727678775787,-0.10505551099777222,1.2506330013275146,0.6606221795082092,-1.0809803009033203,-0.023783784359693527,-0.08701109886169434,-0.9009844660758972,0.8604283332824707,0.9562216997146606,-1.163138508796692
0.4551758749999989,0.0034223749999999996,133.0,5.024851685643617,-0.6554781125496043,1.7110688719813116,-0.0007283881841979264,-0.00017721212343034065,-0.0003195920620415864,0.06625526055064308,-0.12119969725608826,0.23380480706691742,-0.11242905259132385,1.2448539733886719,0.6559802889823914,-1.058044195175171,0.041506361216306686,-0.08177995681762695,-0.866349458694458,0.8623180389404297,0.9040285348892212,-1.1626505851745605
0.4551758749999989,0.0034223749999999996,133.0,4.994502372677465,-0.6260059706230994,1.710768736648464,-0.0005454738372220478,-0.00013885088967428058,-0.00023892426322676708,0.06626851188502965,-0.12112557888031006,0.23201614618301392,-0.1187724769115448,1.237316370010376,0.6465510725975037,-1.0400211811065674,0.0964622050523758,-0.0751679539680481,-0.8303691148757935,0.861109733581543,0.8528339266777039,-1.16173255443573
0.4551758749999989,0.0034223749999999996,133.0,4.963793277362264,-0.5954319332013863,1.7108790329770442,-0.0003419530334759358,-8.855847096110485e-5,-0.00014946889646926456,0.06631341622427958,-0.12006396055221558,0.2309344857931137,-0.12350490689277649,1.2290046215057373,0.6313283443450928,-1.0282845497131348,0.13550317287445068,-0.06771457195281982,-0.7955839037895203,0.8559002876281738,0.8040053248405457,-1.1608104705810547
0.4551758749999989,0.0034223749999999996,133.0,4.9323916686365825,-0.5640474496446996,1.711144028373931,-0.0001595071462306394,-4.217762529034301e-5,-6.952271260555238e-5,0.06636082984762501,-0.11706584692001343,0.23089775443077087,-0.12584611773490906,1.2195391654968262,0.6133183240890503,-1.0255959033966064,0.15017032623291016,-0.0589749813079834,-0.7646386027336121,0.8433172702789307,0.765652596950531,-1.1599798202514648
0.4551758749999989,0.0034223749999999996,133.0,4.89979928126726,-0.532206089403356,1.7115356847447403,1.7655834033641344e-5,4.824800638188582e-6,7.6944704369132e-6,0.06640299512089395,-0.114755779504776,0.2304609715938568,-0.12915834784507751,1.2101633548736572,0.5959261655807495,-1.0191009044647217,0.17485031485557556,-0.050575196743011475,-0.7327609062194824,0.8325574398040771,0.7212086319923401,-1.1589263677597046
0.4551758749999989,0.0034223749999999996,133.0,4.866225908608171,-0.4997201154823362,1.7113153291743124,0.00019431579253712162,5.553413221987907e-5,8.46231972325864e-5,0.06641989590314386,-0.11341407895088196,0.22729158401489258,-0.1363317370414734,1.1971911191940308,0.5881803035736084,-1.0021333694458008,0.2352377027273178,-0.04230666160583496,-0.6916451454162598,0.8262226581573486,0.6694245934486389,-1.154346227645874
0.4551758749999989,0.0034223749999999996,133.0,4.831828831316072,-0.4658755235887027,1.7111842189355861,0.0003849059162614558,0.0001131006882857675,0.00016720530847918737,0.06644204632315828,-0.11195060610771179,0.2255753129720688,-0.1413969099521637,1.1855273246765137,0.5705787539482117,-0.9897921085357666,0.28031039237976074,-0.03414762020111084,-0.6504068970680237,0.817373514175415,0.6141833066940308,-1.1507768630981445
0.4551758749999989,0.0034223749999999996,133.0,4.796526854757733,-0.4309356880407153,1.7116009210795948,0.000534403153706137,0.00015925332260837224,0.00023156297845552533,0.06647221486775426,-0.1108773946762085,0.2258375734090805,-0.14404916763305664,1.1780412197113037,0.552099883556366,-0.980217695236206,0.3063800632953644,-0.02864295244216919,-0.6178359985351562,0.8058440685272217,0.5623575448989868,-1.1485893726348877
0.4551758749999989,0.0034223749999999996,133.0,4.760252862733565,-0.3956353015114506,1.711878855272067,0.00070145766544308,0.00021485096521824235,0.00030470488817536907,0.06649942910699885,-0.10961952805519104,0.22410359978675842,-0.1490481197834015,1.1656692028045654,0.534890353679657,-0.9668314456939697,0.3519301414489746,-0.020719170570373535,-0.5770502090454102,0.7960984706878662,0.5060728788375854,-1.1440556049346924
0.4551758749999989,0.0034223749999999996,133.0,4.72329538536182,-0.35953557630204375,1.7121916172966447,0.0008789037773421406,0.0002758835158669613,0.00038205107210480705,0.06652164601551343,-0.1084013283252716,0.22230002284049988,-0.153937429189682,1.152593731880188,0.5167993903160095,-0.9531152248382568,0.3978461027145386,-0.012800633907318115,-0.5349504351615906,0.7854912281036377,0.44921213388442993,-1.1387946605682373
0.4551758749999989,0.0034223749999999996,133.0,4.685544317095074,-0.3226087399633635,1.7124565959663964,0.001079832460364575,0.00034736479775867,0.0004696697159513896,0.06653912197228903,-0.10710585117340088,0.22020740807056427,-0.15899208188056946,1.1378298997879028,0.4975567162036896,-0.938420295715332,0.4474545419216156,-0.004703521728515625,-0.48908042907714844,0.7737746238708496,0.3895236551761627,-1.1320079565048218
0.4551758749999989,0.0034223749999999996,133.0,4.646494637487636,-0.2847134181452176,1.7128272288279023,0.0012696279869938475,0.0004202846399056321,0.0005529339555076797,0.06653564755777149,-0.10724586248397827,0.2181197553873062,-0.16446936130523682,1.1231064796447754,0.47844618558883667,-0.9184434413909912,0.5080460906028748,0.001249074935913086,-0.4380307197570801,0.7635278701782227,0.31861230731010437,-1.1230477094650269
0.4551758749999989,0.0034223749999999996,133.0,4.60700238631243,-0.2463854307672998,1.7134921924515643,0.0013908046369473209,0.0004713634002151624,0.0006064268069910663,0.06655249767120555,-0.10591301321983337,0.21561670303344727,-0.16970807313919067,1.1048662662506104,0.45702359080314636,-0.9011678695678711,0.5634236335754395,0.009929120540618896,-0.3864927291870117,0.7489995956420898,0.2543410062789917,-1.1133424043655396
0.4551758749999989,0.0034223749999999996,133.0,4.566746533036674,-0.20764527514813713,1.7141400763448864,0.0015419141772096089,0.000536860714612668,0.0006807342643004548,0.06658790887892237,-0.1047997772693634,0.21101857721805573,-0.17695334553718567,1.0807559490203857,0.44054850935935974,-0.8802640438079834,0.6402778625488281,0.0193919837474823,-0.32400864362716675,0.7348244190216064,0.1855706423521042,-1.0986299514770508
0.4551758749999989,0.0034223749999999996,133.0,4.525196294979567,-0.16680549082016002,1.7141149376544917,0.0016923150553412466,0.0006024256583158106,0.0007497114421611477,0.06657372962315238,-0.10247847437858582,0.20799414813518524,-0.18164372444152832,1.057830810546875,0.4123265743255615,-0.863532304763794,0.6960704922676086,0.02839258313179016,-0.26205527782440186,0.7134385108947754,0.12012728303670883,-1.0845266580581665
0.4551758749999989,0.0034223749999999996,133.0,4.483343183447109,-0.12503155827570522,1.7178065884129254,0.0018260450071786512,0.0006578596564180042,0.0008325200938606362,0.06654609526631737,-0.1026446521282196,0.2015465646982193,-0.19037730991840363,1.0255783796310425,0.40113839507102966,-0.8372077941894531,0.7943460941314697,0.03817656636238098,-0.18830251693725586,0.6998567581176758,0.048551708459854126,-1.0620112419128418
0.4551758749999989,0.0034223749999999996,133.0,4.43821240423074,-0.08263590514965043,1.7189380175079856,0.0019172169811848196,0.0007136166599918737,0.0008916737881728871,0.06647978067507282,-0.105034738779068,0.20257526636123657,-0.1921396404504776,1.0219769477844238,0.38349854946136475,-0.8281383514404297,0.8134370446205139,0.034742504358291626,-0.1684044748544693,0.696347713470459,0.0009973365813493729,-1.0548243522644043
0.4551758749999989,0.0034223749999999996,133.0,4.389341182181132,-0.03166241980870228,1.7198119895851423,0.0018907638208556425,0.000524673004949452,0.0010049528950082382,0.06646330899676202,-0.10736081004142761,0.22306011617183685,-0.16307789087295532,1.113195538520813,0.4021276533603668,-0.8987221717834473,0.4408207833766937,0.00762408971786499,-0.5769529938697815,0.7882668972015381,0.2595517933368683,-1.119087815284729
0.4551758749999989,0.0034223749999999996,133.0,4.331265337373511,0.02566896327126814,1.7228274549034972,0.001724919371590988,-8.865217841971614e-5,0.001181023815201076,0.06602804647843441,-0.14101585745811462,0.2495574951171875,-0.07418149709701538,1.2291297912597656,0.528542160987854,-0.8801157474517822,-0.23138897120952606,-0.04467153549194336,-1.3973486423492432,1.090029001235962,0.6984479427337646,-1.1798665523529053
0.4551758749999989,0.0034223749999999996,133.0,4.248610739081886,0.03834934897343117,1.7319555148714987,0.00010543127896825271,-1.4848420449107112e-6,7.493989483831457e-5,0.06443217185401467,-0.2711791694164276,0.11456411331892014,0.047652751207351685,1.5301342010498047,0.539709210395813,-0.16901540756225586,-0.2831626534461975,-0.431205153465271,-1.6242620944976807,1.4084279537200928,0.9250937700271606,-1.091338872909546
0.4551758749999989,0.0034223749999999996,133.0,4.266135387806837,0.07311068613988649,1.7564572372057066,-0.0018486019382416103,0.00030990531685342205,-0.0012707403653536625,0.06250899223386812,-0.29769352078437805,0.11327703297138214,0.10337021946907043,1.5808117389678955,0.41091686487197876,-0.14977240562438965,-0.5365161895751953,-0.4869656562805176,-1.7075153589248657,1.466503381729126,0.9930410385131836,-1.0840401649475098
0.4551758749999989,0.0034223749999999996,133.0,4.281467416556577,0.12157452200217755,1.7889704167737812,-0.002248859921876324,0.0008128430348461332,-0.001229946900823213,0.060481817870372476,-0.34115883708000183,0.1047557145357132,0.17476370930671692,1.5996949672698975,0.008836084976792336,-0.03245401382446289,-0.9228986501693726,-0.4637479782104492,-1.6027204990386963,1.497493028640747,1.1712898015975952,-1.123343586921692
0.4551758749999989,0.0034223749999999996,133.0,4.31992115359738,0.1684823195170299,1.801585762509482,-0.00229663531601229,0.0008702440963485521,-0.0011425593424010043,0.06004883910137174,-0.3431052267551422,0.11480700224637985,0.19430962204933167,1.6701502799987793,0.04206733778119087,-0.06180238723754883,-0.9764442443847656,-0.481109619140625,-1.6192939281463623,1.4352710247039795,1.0687991380691528,-1.1759238243103027
0.4551758749999989,0.0034223749999999996,133.0,4.364346621862543,0.2131515835129379,1.8085582036811043,-0.0021867859121900896,0.0008310981552283884,-0.001034786283564011,0.05998404972308911,-0.33957430720329285,0.1197701096534729,0.20002177357673645,1.6966512203216553,0.09356991946697235,-0.10064196586608887,-0.9813876748085022,-0.4936019778251648,-1.6597316265106201,1.400632381439209,1.047698736190796,-1.1898219585418701
0.4551758749999989,0.0034223749999999996,133.0,4.408961863608199,0.25594013993499914,1.8133122001627748,-0.0020065049797553147,0.0007650912318908422,-0.0009157179003824603,0.06004722201300024,-0.3340899646282196,0.1256898194551468,0.2095613181591034,1.734030842781067,0.1494864523410797,-0.14103293418884277,-1.003331184387207,-0.5213353037834167,-1.6718199253082275,1.333827018737793,1.0096009969711304,-1.199064016342163
0.4551758749999989,0.0034223749999999996,133.0,4.452482208379562,0.2967332168321585,1.8160820921743994,-0.0017784056193232841,0.0006774919047141751,-0.0007941505023518678,0.06016211144700627,-0.3301268517971039,0.12764234840869904,0.2114010751247406,1.7448413372039795,0.1804983764886856,-0.16837739944458008,-1.008481740951538,-0.529374897480011,-1.697304606437683,1.3095295429229736,1.0157394409179688,-1.2018592357635498
0.4551758749999989,0.0034223749999999996,133.0,4.496130717738887,0.3370197831844364,1.8188286973628165,-0.001675155143682602,0.0006370928508659967,-0.0007271396330410097,0.06026120115664412,-0.3260018527507782,0.12911365926265717,0.2144450843334198,1.7568252086639404,0.2006898820400238,-0.19121837615966797,-1.0248953104019165,-0.5388845801353455,-1.7068874835968018,1.2767224311828613,1.0168920755386353,-1.2042741775512695
0.4551758749999989,0.0034223749999999996,133.0,4.538627259996571,0.3769938920260142,1.821923490096995,-0.0014347919265598698,0.0005472603614607041,-0.0006074821051133166,0.06030066600325273,-0.32305797934532166,0.13189782202243805,0.21682706475257874,1.769745945930481,0.22978566586971283,-0.21472764015197754,-1.030548095703125,-0.5474740862846375,-1.723552942276001,1.254765510559082,1.0143405199050903,-1.2085827589035034
0.4551758749999989,0.0034223749999999996,133.0,4.5801274340183635,0.4163558980672552,1.8248801368944572,-0.0012483921204265093,0.0004776266548318004,-0.0005177429085982691,0.06036602050855038,-0.321029394865036,0.13451088964939117,0.21553418040275574,1.7733434438705444,0.25259163975715637,-0.23299837112426758,-1.02409029006958,-0.5445850491523743,-1.756840467453003,1.2563703060150146,1.0270867347717285,-1.2152694463729858
0.4551758749999989,0.0034223749999999996,133.0,4.620756622937291,0.45502270973166037,1.828001590437282,-0.001016831898859618,0.00038904247004795215,-0.00040965793987879384,0.060414709950083294,-0.31812551617622375,0.13709722459316254,0.21767696738243103,1.7852873802185059,0.281046986579895,-0.25548386573791504,-1.0294831991195679,-0.5533010363578796,-1.7706753015518188,1.2351808547973633,1.0261965990066528,-1.2184929847717285
0.4551758749999989,0.0034223749999999996,133.0,4.660579227241468,0.492312361923861,1.8307637599184465,-0.0008089453538706821,0.00031093078485119196,-0.00031882699829884043,0.0604828874575692,-0.3146280348300934,0.14210198819637299,0.22306564450263977,1.808016061782837,0.32019373774528503,-0.2842850685119629,-1.0386561155319214,-0.569773256778717,-1.7756913900375366,1.1958887577056885,1.0009891986846924,-1.22456693649292
0.4551758749999989,0.0034223749999999996,133.0,4.699381628876885,0.528873553800124,1.8331860294350772,-0.0006114469236645965,0.00023544462501694387,-0.00023552829523717036,0.06052859958959393,-0.3116439878940582,0.1441098153591156,0.22471502423286438,1.8171379566192627,0.34512844681739807,-0.30553603172302246,-1.0432488918304443,-0.5770981907844543,-1.7858494520187378,1.1759898662567139,1.0031951665878296,-1.2263981103897095
0.4551758749999989,0.0034223749999999996,133.0,4.737268106432445,0.5644366427269965,1.835718001314014,-0.00042008276440899303,0.0001628942545053687,-0.0001587238144940216,0.060575332586174764,-0.30888399481773376,0.1461266130208969,0.2263977825641632,1.8260440826416016,0.36830732226371765,-0.32527923583984375,-1.0485665798187256,-0.5842122435569763,-1.7937418222427368,1.1568875312805176,1.0040541887283325,-1.2282158136367798
0.4551758749999989,0.0034223749999999996,133.0,4.774040986893214,0.5993977887415274,1.8379878731712667,-0.000235792832512826,9.176114694964396e-5,-8.735642524246069e-5,0.060597798402720865,-0.3070826232433319,0.14738072454929352,0.22490301728248596,1.8260204792022705,0.38124147057533264,-0.3382396697998047,-1.0474344491958618,-0.5802389979362488,-1.8139857053756714,1.159498929977417,1.020775318145752,-1.2323843240737915
0.4551758749999989,0.0034223749999999996,133.0,4.809710221986301,0.6335286682287861,1.8404190201046016,-7.035420538145135e-5,2.7470677631473174e-5,-2.551281076957764e-5,0.06063209684525036,-0.30535855889320374,0.14991909265518188,0.2269361913204193,1.8365919589996338,0.40339910984039307,-0.3549959659576416,-1.0528191328048706,-0.5875799059867859,-1.8220996856689453,1.1448094844818115,1.0179435014724731,-1.2356213331222534
0.4551758749999989,0.0034223749999999996,133.0,4.844364778648831,0.6660760937233119,1.8418951039541993,0.0001518652039438974,-5.975143446448275e-5,5.420084539086001e-5,0.060645488171458616,-0.30252763628959656,0.1524464339017868,0.23050609230995178,1.8486063480377197,0.41584691405296326,-0.37120962142944336,-1.0703104734420776,-0.5949810147285461,-1.8166167736053467,1.1147382259368896,1.003159999847412,-1.2401342391967773
0.4551758749999989,0.0034223749999999996,133.0,4.87929075760756,0.695879531540582,1.842194350760015,0.00035854956005830106,-0.00014047644710518008,0.00012427843575084883,0.06079511896463429,-0.299176424741745,0.1525687724351883,0.23194995522499084,1.8524882793426514,0.43293169140815735,-0.39104223251342773,-1.079653263092041,-0.6015110611915588,-1.8168643712997437,1.0936369895935059,1.0129166841506958,-1.237561821937561
0.4551758749999989,0.0034223749999999996,133.0,4.912477369411063,0.7272632737309621,1.8446100144864068,0.0005675264972593509,-0.00022320867098557653,0.0001925427561826087,0.06080703282469035,-0.29734936356544495,0.15372608602046967,0.2331894338130951,1.8578764200210571,0.4412020146846771,-0.40140795707702637,-1.0910602807998657,-0.6044328808784485,-1.8179079294204712,1.0800766944885254,1.0129443407058716,-1.2400518655776978
0.4551758749999989,0.0034223749999999996,133.0,4.944900316489262,0.7578814033900533,1.8465810462927983,0.000815012532227828,-0.00032201933685393694,0.0002720747842562472,0.06080737388503276,-0.2953668534755707,0.15631365776062012,0.23423096537590027,1.864954948425293,0.45991086959838867,-0.41690969467163086,-1.0938928127288818,-0.6077269911766052,-1.825292944908142,1.0679559707641602,1.010741949081421,-1.2438912391662598
0.4551758749999989,0.0034223749999999996,133.0,4.976475952765756,0.7881228268176967,1.849499060039024,0.0009927614991423475,-0.0003927566130874042,0.00032424125929522967,0.06081115019752459,-0.2940438687801361,0.15759442746639252,0.23345592617988586,1.8657528162002563,0.4714522063732147,-0.42653965950012207,-1.0960677862167358,-0.6058070063591003,-1.837383508682251,1.068727731704712,1.020862102508545,-1.246760368347168
0.4551758749999989,0.0034223749999999996,133.0,5.00719679957948,0.8171428533977924,1.8526824764980636,0.0012205746119585703,-0.00048463995405884476,0.0003874027420644844,0.060807121543709625,-0.29225942492485046,0.16028104722499847,0.2360897958278656,1.8766156435012817,0.4909917116165161,-0.4405982494354248,-1.103346824645996,-0.614702045917511,-1.8349769115447998,1.0479786396026611,1.008492112159729,-1.2486541271209717
0.4551758749999989,0.0034223749999999996,133.0,5.037275624756412,0.844576655451495,1.854689943063424,0.0013934058412827576,-0.0005561994168000667,0.0004344613171717428,0.06085541382863121,-0.28988489508628845,0.16513073444366455,0.24156686663627625,1.8952434062957764,0.519050657749176,-0.46259570121765137,-1.110263705253601,-0.6306090950965881,-1.8239091634750366,1.010690689086914,0.976171612739563,-1.2511427402496338
0.4551758749999989,0.0034223749999999996,133.0,5.066152091930789,0.8710368646399735,1.8563847156346855,0.0015849685277185958,-0.0006384738534647186,0.0004876006333272178,0.06089396722530377,-0.2878694236278534,0.1648256629705429,0.2406150996685028,1.8926589488983154,0.5261451601982117,-0.47164297103881836,-1.1152223348617554,-0.6286491751670837,-1.8300492763519287,1.007479190826416,0.992249608039856,-1.2506898641586304
0.4551758749999989,0.0034223749999999996,133.0,5.0939325888404055,0.8971516642952986,1.8579910108435138,0.0018150995058423074,-0.0007342566371047124,0.0005513305720058313,0.06093673586806744,-0.28661128878593445,0.166711688041687,0.24160030484199524,1.8988782167434692,0.5475229024887085,-0.48604559898376465,-1.1136868000030518,-0.6344147324562073,-1.836638331413269,0.9989979267120361,0.9951064586639404,-1.2512127161026
0.4551758749999989,0.0034223749999999996,133.0,5.120482850243763,0.922838064256399,1.8597504192047034,0.002045930659250989,-0.0008370288728991713,0.0006158519649414082,0.06097639545414637,-0.2854566276073456,0.1680966466665268,0.24281063675880432,1.9045217037200928,0.5615981221199036,-0.4965324401855469,-1.1170891523361206,-0.6392765641212463,-1.8385536670684814,0.9889676570892334,0.9949502944946289,-1.2520214319229126
0.4551758749999989,0.0034223749999999996,133.0,5.146180426335473,0.947007315196585,1.860748393916315,0.0023016330797858142,-0.0009519796443939017,0.0006855438930890046,0.061022236633079444,-0.28363338112831116,0.1694609522819519,0.24477258324623108,1.9104154109954834,0.5698469281196594,-0.5072550773620605,-1.1253188848495483,-0.6439487338066101,-1.8327895402908325,0.970557451248169,0.9879032373428345,-1.253212332725525
0.4551758749999989,0.0034223749999999996,133.0,5.170893612145597,0.9704394841431444,1.8609415037893582,0.0024906440586177666,-0.0010354292784745108,0.0007369401906168351,0.061059914327853224,-0.2815454304218292,0.16800299286842346,0.24392613768577576,1.9059263467788696,0.5680080652236938,-0.5126779079437256,-1.134797215461731,-0.640677273273468,-1.8329823017120361,0.9649686813354492,1.0042155981063843,-1.2521510124206543
0.4551758749999989,0.0034223749999999996,133.0,5.194509784182934,0.9933796038435249,1.8611940433356753,0.0027321676893672098,-0.0011403158905559474,0.00080345486716658,0.06109382915165747,-0.2801283299922943,0.1684906780719757,0.24481400847434998,1.9087671041488647,0.5799874067306519,-0.5235044956207275,-1.137657880783081,-0.6445685029029846,-1.8333752155303955,0.9551022052764893,1.0094807147979736,-1.2511608600616455
0.4551758749999989,0.0034223749999999996,133.0,5.217079850665664,1.0159302263072276,1.8615297905850638,0.002978562908111412,-0.0012474239534368333,0.0008719380097136983,0.06110361628235299,-0.27905526757240295,0.16853053867816925,0.24407437443733215,1.9074628353118896,0.5864573121070862,-0.5308711528778076,-1.1392402648925781,-0.6424564719200134,-1.8405381441116333,0.9558708667755127,1.0231120586395264,-1.2521247863769531
0.4551758749999989,0.0034223749999999996,133.0,5.2388286492713,1.0378070003310274,1.8620455350619032,0.0032398596952090556,-0.001359144937807087,0.0009413023305618098,0.061111993631381464,-0.27795252203941345,0.1704799085855484,0.24536123871803284,1.91312837600708,0.5984278321266174,-0.5412554740905762,-1.14072585105896,-0.6461395621299744,-1.8414433002471924,0.9451537132263184,1.0186173915863037,-1.254112958908081
0.4551758749999989,0.0034223749999999996,133.0,5.259594871979467,1.058562557731486,1.8626189952926917,0.003504621030180625,-0.0014744847186490694,0.0010067200346063616,0.06110798029620135,-0.2765078842639923,0.17129749059677124,0.24656447768211365,1.9161103963851929,0.6009286642074585,-0.5477867126464844,-1.1497551202774048,-0.6474922299385071,-1.8365919589996338,0.9321167469024658,1.0139394998550415,-1.255735158920288
0.4551758749999989,0.0034223749999999996,133.0,5.279474342118547,1.0786710757245248,1.8634211578830708,0.0037103697195211495,-0.0015649909043969077,0.0010562836171874148,0.061102507500993816,-0.2754094898700714,0.17244361340999603,0.2480199635028839,1.9201033115386963,0.6057758927345276,-0.5543239116668701,-1.157217025756836,-0.6500352025032043,-1.8325902223587036,0.9202878475189209,1.0076615810394287,-1.2571580410003662
0.4551758749999989,0.0034223749999999996,133.0,5.2983912261019315,1.0979562738851363,1.8642602625541673,0.003943346249187009,-0.0016656597253532257,0.0011130047448481353,0.06110058528344594,-0.27511510252952576,0.17289739847183228,0.24782821536064148,1.9214955568313599,0.6182515621185303,-0.5614745616912842,-1.1547571420669556,-0.6517046093940735,-1.8403956890106201,0.9222524166107178,1.0184067487716675,-1.256993293762207
0.4551758749999989,0.0034223749999999996,133.0,5.3168207307058015,1.1157894355380964,1.864549515713027,0.0041456754709744935,-0.001759853066211945,0.0011558373134567907,0.06109951581058774,-0.2732331454753876,0.17374110221862793,0.24970003962516785,1.9244320392608643,0.6137197017669678,-0.5662908554077148,-1.1696405410766602,-0.6523043513298035,-1.8293511867523193,0.902885913848877,1.0054126977920532,-1.2592577934265137
0.4551758749999989,0.0034223749999999996,133.0,5.334191202229872,1.1328335515888799,1.8647702029192958,0.00437906627682563,-0.0018652723574354227,0.0012139397127975558,0.061110143410754846,-0.27227261662483215,0.1733618825674057,0.2498284876346588,1.924186110496521,0.6195459961891174,-0.5723600387573242,-1.1728451251983643,-0.6531767249107361,-1.8310595750808716,0.8988809585571289,1.0144239664077759,-1.258228063583374
0.4551758749999989,0.0034223749999999996,133.0,5.350740900959249,1.1496023207169197,1.8652879760711785,0.004586676472647165,-0.0019553165429845804,0.001263478885293024,0.0611160160774468,-0.27164915204048157,0.17470572888851166,0.25044557452201843,1.927716612815857,0.6316269040107727,-0.5809211730957031,-1.1699259281158447,-0.6561049818992615,-1.835455060005188,0.894122838973999,1.0155205726623535,-1.2588763236999512
0.4551758749999989,0.0034223749999999996,133.0,5.366603846124138,1.1648696870243802,1.8653069644287743,0.004790614874335568,-0.0020464668238780767,0.001310888863460371,0.061135087493890364,-0.27003708481788635,0.173987478017807,0.24998751282691956,1.9246004819869995,0.6338635683059692,-0.5862457752227783,-1.1732861995697021,-0.6545615792274475,-1.8352618217468262,0.8888206481933594,1.0247869491577148,-1.2574067115783691
0.4551758749999989,0.0034223749999999996,133.0,5.3819124021923965,1.179081810006229,1.865599746809043,0.004951610296808337,-0.0021186350756555276,0.0013380147220764468,0.06115243486585615,-0.26770880818367004,0.17266087234020233,0.25080516934394836,1.9224575757980347,0.6323787569999695,-0.5901186466217041,-1.1832741498947144,-0.6563841700553894,-1.822505235671997,0.8709244728088379,1.0241105556488037,-1.2534339427947998
0.4551758749999989,0.0034223749999999996,133.0,5.396454808127922,1.1924865453943654,1.86546570840381,0.005092215872040573,-0.0021806355511372628,0.0013668815658387453,0.06118747603490886,-0.26578089594841003,0.17373327910900116,0.2520841658115387,1.9240473508834839,0.6414081454277039,-0.6004965305328369,-1.182181715965271,-0.6600916981697083,-1.8156929016113281,0.854625940322876,1.0178269147872925,-1.2512931823730469
0.4551758749999989,0.0034223749999999996,133.0,5.410198054562544,1.2050509548599233,1.865746901531674,0.00524425899437046,-0.0022477465596152423,0.0013935994945622596,0.06121380559041292,-0.2627996504306793,0.17124265432357788,0.25039222836494446,1.914278268814087,0.638431966304779,-0.6037490367889404,-1.185690999031067,-0.6554892659187317,-1.8098170757293701,0.8454816341400146,1.032090425491333,-1.2462671995162964
0.4551758749999989,0.0034223749999999996,133.0,5.422550318033519,1.2176828728301199,1.8665325534202666,0.0054111069267704925,-0.0023104269422104962,0.0014259737492869921,0.06122766043460885,-0.2617970407009125,0.17196312546730042,0.2505573332309723,1.9146196842193604,0.6494742631912231,-0.6115875244140625,-1.1796808242797852,-0.657222330570221,-1.8116428852081299,0.8401594161987305,1.0343117713928223,-1.244920253753662
0.4551758749999989,0.0034223749999999996,133.0,5.433881212832069,1.2299697509725356,1.8676392467550873,0.00558249076569021,-0.0023718007984395066,0.0014615092052092263,0.06123530878895303,-0.26158657670021057,0.17372062802314758,0.2512994110584259,1.9185304641723633,0.6655208468437195,-0.6199283599853516,-1.1701281070709229,-0.6616033911705017,-1.815462350845337,0.836315393447876,1.0318939685821533,-1.2444541454315186
0.4551758749999989,0.0034223749999999996,133.0,5.444212494126615,1.242236825763607,1.869431545354629,0.005755257413834647,-0.0024244219041015245,0.001492303748479793,0.06122633026190274,-0.2621988356113434,0.17788106203079224,0.2532975971698761,1.9288250207901,0.6855896711349487,-0.6293210983276367,-1.1569154262542725,-0.6690413355827332,-1.8197999000549316,0.8298847675323486,1.0137507915496826,-1.247199535369873
0.4551758749999989,0.0034223749999999996,133.0,5.453723859688127,1.2532646532154168,1.870729367416985,0.005947980531113054,-0.0024914217179040467,0.0015346707482706862,0.061228136461712455,-0.26263466477394104,0.18278437852859497,0.2574351131916046,1.943328619003296,0.7037447690963745,-0.6388442516326904,-1.1501623392105103,-0.6813951134681702,-1.8118584156036377,0.8099246025085449,0.977908730506897,-1.2490816116333008
0.4551758749999989,0.0034223749999999996,133.0,5.462277258536952,1.2643949335711875,1.8734209438004372,0.006188562802084924,-0.002628615009523034,0.0016161170970044984,0.06111497451521265,-0.2641230523586273,0.18388454616069794,0.25367459654808044,1.940773367881775,0.7195523381233215,-0.6409015655517578,-1.1294972896575928,-0.6746636033058167,-1.8395205736160278,0.8392825126647949,1.0027514696121216,-1.2535314559936523
0.4551758749999989,0.0034223749999999996,133.0,5.4698734707287455,1.2738859112956769,1.8745876959119836,0.006480444226548081,-0.002732925608288467,0.0016893862513875126,0.06111734003819059,-0.2652573883533478,0.18732252717018127,0.254897803068161,1.9495494365692139,0.7402890920639038,-0.6480133533477783,-1.1146079301834106,-0.6820513606071472,-1.8457731008529663,0.8382036685943604,0.9915440082550049,-1.2548556327819824
0.4551758749999989,0.0034223749999999996,133.0,5.476836642225115,1.2819045872957253,1.8751859265812216,0.0069184588065338915,-0.0029071265722508018,0.001801806779335155,0.061131245793515886,-0.26545265316963196,0.1893538236618042,0.255718857049942,1.9543155431747437,0.7539272904396057,-0.6541516780853271,-1.1053204536437988,-0.6865877509117126,-1.8466652631759644,0.8336973190307617,0.9838920831680298,-1.255049228668213
0.4551758749999989,0.0034223749999999996,133.0,5.4828423427031625,1.2894198670984105,1.8760285396668053,0.007654144826285183,-0.0032010939583289794,0.001988720554606775,0.061135201805412126,-0.26580461859703064,0.19092851877212524,0.2562818229198456,1.9590193033218384,0.7665457725524902,-0.6586101055145264,-1.0969312191009521,-0.6906567215919495,-1.8466225862503052,0.8302707672119141,0.9772104024887085,-1.2556551694869995
0.4551758749999989,0.0034223749999999996,133.0,5.488303018832052,1.295377891719155,1.8767066338361305,0.009316029531311535,-0.0038975346122501874,0.0023987682244639343,0.06114764668041836,-0.26570090651512146,0.19331109523773193,0.25808027386665344,1.9670099020004272,0.775568962097168,-0.6651694774627686,-1.0940062999725342,-0.6951770186424255,-1.8362157344818115,0.815955400466919,0.9543836712837219,-1.2590014934539795
0.4551758749999989,0.0034223749999999996,133.0,5.4926482940894825,1.2996289124800402,1.8774299640930714,0.017227543421389973,-0.007343660573950879,0.004330197295548685,0.061187151934518055,-0.264358252286911,0.1908186823129654,0.26013126969337463,1.9781171083450317,0.7789906859397888,-0.6759710311889648,-1.1079661846160889,-0.6947223544120789,-1.7974083423614502,0.7849822044372559,0.9326519966125488,-1.2705490589141846
0.4551758749999989,0.0034223749999999996,133.0,5.525714854532786,-1.1755336035802326,1.7159183859851281,-0.01507749636595441,6.14651840741277e-5,-0.006642699423366759,0.06618879738057797,-0.12039497494697571,0.2389954924583435,-0.020395487546920776,1.3062026500701904,0.7769268155097961,-1.3355233669281006,-0.6699699759483337,-0.1845276951789856,-1.2818961143493652,0.7997918128967285,1.5242034196853638,-1.121556282043457
0.4551758749999989,0.0034223749999999996,133.0,5.5207409453051,-1.169863830356589,1.715824826429638,-0.008113814385234504,1.3516112350374208e-5,-0.0036471184124338045,0.06615130088384134,-0.12122875452041626,0.23959919810295105,-0.022907614707946777,1.3041274547576904,0.8021484613418579,-1.3279950618743896,-0.6364300847053528,-0.1821538805961609,-1.2786715030670166,0.8278980255126953,1.517220139503479,-1.1217862367630005
0.4551758749999989,0.0034223749999999996,133.0,5.514632018560862,-1.163882040646631,1.7153965053017595,-0.00666877547917845,-1.77943709389777e-5,-0.003005426648437437,0.06610836985128118,-0.12400713562965393,0.24135464429855347,-0.023068130016326904,1.3125972747802734,0.8040784597396851,-1.3206181526184082,-0.617135763168335,-0.1875120997428894,-1.2763221263885498,0.8374404907226562,1.4914278984069824,-1.1246211528778076
0.4551758749999989,0.0034223749999999996,133.0,5.5078258313677315,-1.157577127429008,1.7146233441969272,-0.006033696639444106,-6.011232398989324e-5,-0.0027256614146208076,0.06607182032469071,-0.1258162260055542,0.2417798787355423,-0.025165468454360962,1.3163301944732666,0.8074015378952026,-1.3093008995056152,-0.5927526950836182,-0.18899184465408325,-1.2739698886871338,0.8444948196411133,1.4779095649719238,-1.1268322467803955
0.4551758749999989,0.0034223749999999996,133.0,5.499950690272092,-1.1503540010639695,1.7137089888390857,-0.005666664752293689,-0.00010762220622859255,-0.002564642063070589,0.06602675203236275,-0.12796705961227417,0.24193395674228668,-0.028221458196640015,1.3204020261764526,0.8112410306930542,-1.2940683364868164,-0.5607645511627197,-0.1905066967010498,-1.27158784866333,0.8521163463592529,1.463472843170166,-1.129404067993164
0.4551758749999989,0.0034223749999999996,133.0,5.4909871205544984,-1.144567207489974,1.7100783792705534,-0.005407319443964206,-0.0001888653708338017,-0.002452584810736515,0.06607035390260041,-0.12755373120307922,0.2404349148273468,-0.03212752938270569,1.3150300979614258,0.8115841746330261,-1.281898021697998,-0.5295705199241638,-0.18614691495895386,-1.262100100517273,0.8542530536651611,1.46044921875,-1.1286088228225708
0.4551758749999989,0.0034223749999999996,133.0,5.481401846956948,-1.1361347426623571,1.7086594537737438,-0.005195075388557897,-0.00025192199133282627,-0.002363686069493422,0.06601995838099993,-0.12984037399291992,0.24053506553173065,-0.03538385033607483,1.319129228591919,0.8154081106185913,-1.265549659729004,-0.4957325756549835,-0.18796557188034058,-1.2582780122756958,0.8610897064208984,1.4453396797180176,-1.130905270576477
0.4551758749999989,0.0034223749999999996,133.0,5.471089681505558,-1.1265755992027433,1.7076298816068949,-0.0050366333639168094,-0.0002948035055596885,-0.0022936580063737245,0.06597631456097516,-0.13219961524009705,0.24066640436649323,-0.038752079010009766,1.3231710195541382,0.8120422959327698,-1.2500860691070557,-0.4600394070148468,-0.18872904777526855,-1.2505993843078613,0.8695576190948486,1.4223560094833374,-1.1341229677200317
0.4551758749999989,0.0034223749999999996,133.0,5.459807149078057,-1.1163043010558342,1.7062112513848098,-0.004895180194790577,-0.00035264290872552806,-0.002232146154444243,0.06591883443176742,-0.1349431872367859,0.24052637815475464,-0.042997926473617554,1.3273776769638062,0.8132839202880859,-1.230032205581665,-0.41659483313560486,-0.19014310836791992,-1.2438664436340332,0.8783252239227295,1.4009431600570679,-1.1369401216506958
0.4551758749999989,0.0034223749999999996,133.0,5.4477260516768755,-1.1054006824492335,1.7048122233245635,-0.004751554114830233,-0.0004109707812104053,-0.0021710623195435813,0.06586505338799407,-0.13739728927612305,0.23977994918823242,-0.04825928807258606,1.3296458721160889,0.8150625824928284,-1.2074658870697021,-0.36815300583839417,-0.18985968828201294,-1.2357475757598877,0.8873560428619385,1.3809823989868164,-1.1395976543426514
0.4551758749999989,0.0034223749999999996,133.0,5.435309793452801,-1.0935750001394324,1.703815591883457,-0.004616249464952306,-0.000446722463706254,-0.0021110320457696247,0.06583957626630572,-0.13819321990013123,0.2389361411333084,-0.052445560693740845,1.3277544975280762,0.8094417452812195,-1.1938724517822266,-0.3350919783115387,-0.1856822371482849,-1.222914695739746,0.8941962718963623,1.363909363746643,-1.1419084072113037
0.4551758749999989,0.0034223749999999996,133.0,5.422200476146482,-1.080952413789034,1.7029014957962025,-0.004479687258218131,-0.0004723492771663812,-0.002048508697188649,0.06581040614309289,-0.13891801238059998,0.2384771704673767,-0.05575945973396301,1.3266135454177856,0.8109213709831238,-1.1825182437896729,-0.3111882507801056,-0.18299204111099243,-1.2132831811904907,0.8990821838378906,1.3554227352142334,-1.1434725522994995
0.4551758749999989,0.0034223749999999996,133.0,5.408727680406353,-1.0673878707866398,1.7023191166368508,-0.004360052668608951,-0.0004843956957606669,-0.001991719683568194,0.06581008343774201,-0.13884508609771729,0.23798644542694092,-0.05872589349746704,1.3238732814788818,0.8078354001045227,-1.1743583679199219,-0.29229509830474854,-0.17855161428451538,-1.2008651494979858,0.902918815612793,1.3437952995300293,-1.1451506614685059
0.4551758749999989,0.0034223749999999996,133.0,5.394950550626435,-1.0532856801014554,1.7019528505264239,-0.004205373599335801,-0.0004833880166395304,-0.001919750014894061,0.06583936807985019,-0.1373034417629242,0.2375892996788025,-0.060571104288101196,1.3184707164764404,0.8036954402923584,-1.172982931137085,-0.28808051347732544,-0.17221027612686157,-1.1887086629867554,0.9027411937713623,1.3381173610687256,-1.1460658311843872
0.4551758749999989,0.0034223749999999996,133.0,5.379743586052956,-1.0378469863219963,1.7015238013602119,-0.004014759864076854,-0.00047947244146774793,-0.00182941592601468,0.06584586215617988,-0.13606464862823486,0.23716093599796295,-0.06286439299583435,1.3136100769042969,0.7991527915000916,-1.1694021224975586,-0.2788160443305969,-0.1664571762084961,-1.1764166355133057,0.9027676582336426,1.3289387226104736,-1.1469614505767822
0.4551758749999989,0.0034223749999999996,133.0,5.363660804376616,-1.0215119752142914,1.7013482619141278,-0.003837646988180387,-0.0004708678006229496,-0.0017439165506604377,0.06585178436922311,-0.13473108410835266,0.2376106232404709,-0.0636090636253357,1.3108086585998535,0.7966476082801819,-1.169992446899414,-0.2816617488861084,-0.16299813985824585,-1.1680952310562134,0.8993444442749023,1.3214682340621948,-1.1475787162780762
0.4551758749999989,0.0034223749999999996,133.0,5.3468135245760875,-1.004821986422967,1.7006609773062884,-0.003632814554353424,-0.000476558651898052,-0.001649585807821908,0.06585957478818202,-0.13460254669189453,0.23711557686328888,-0.06701388955116272,1.3080860376358032,0.7899478673934937,-1.1606922149658203,-0.257180780172348,-0.15906202793121338,-1.1547794342041016,0.9009332656860352,1.3015778064727783,-1.1488395929336548
0.4551758749999989,0.0034223749999999996,133.0,5.3300060367496584,-0.9873263178120735,1.7007863177035294,-0.003436835566207118,-0.0004542452771943685,-0.0015577382857639883,0.0659191669419001,-0.13175880908966064,0.23758481442928314,-0.06687107682228088,1.302050232887268,0.7782279849052429,-1.168832540512085,-0.2719314694404602,-0.15254122018814087,-1.1435987949371338,0.893897533416748,1.2943137884140015,-1.1492624282836914
0.4551758749999989,0.0034223749999999996,133.0,5.311153969902816,-0.9682917852104858,1.7005385594658406,-0.0032396514527304244,-0.00044528081195850693,-0.0014623509844944019,0.06591427996203512,-0.132465660572052,0.2385697215795517,-0.0684528648853302,1.3041263818740845,0.7740297913551331,-1.1620712280273438,-0.2585216164588928,-0.15286654233932495,-1.1344491243362427,0.893639087677002,1.2710531949996948,-1.1509186029434204
0.4551758749999989,0.0034223749999999996,133.0,5.291902456489034,-0.9491136408847964,1.699919926996134,-0.003058498944074471,-0.0004492716404970681,-0.0013782228464763358,0.06593297952370768,-0.13149985671043396,0.23822182416915894,-0.07138949632644653,1.2997972965240479,0.7632825970649719,-1.1562492847442627,-0.24028964340686798,-0.1473340392112732,-1.1178005933761597,0.8924057483673096,1.2496020793914795,-1.152132511138916
0.4551758749999989,0.0034223749999999996,133.0,5.272272393595166,-0.9288071716302836,1.6999692117642802,-0.0028235065070601416,-0.0004221143711502921,-0.0012679400798488486,0.06598034854693247,-0.1298046112060547,0.23873849213123322,-0.07244294881820679,1.2956368923187256,0.7510212063789368,-1.1575734615325928,-0.23986056447029114,-0.14187872409820557,-1.1029088497161865,0.8879885673522949,1.2314097881317139,-1.1533362865447998
0.4551758749999989,0.0034223749999999996,133.0,5.250678751504168,-0.9085926669201214,1.6986200627954307,-0.0025885599670475243,-0.0004381611075005373,-0.0011634586025561424,0.0659569070482635,-0.13077488541603088,0.23877835273742676,-0.07602831721305847,1.296018123626709,0.74761962890625,-1.1442172527313232,-0.20781530439853668,-0.14089995622634888,-1.0878013372421265,0.8896379470825195,1.2020577192306519,-1.154691457748413
0.4551758749999989,0.0034223749999999996,133.0,5.229167911134085,-0.8871615259916135,1.6983201494540991,-0.002366196322510576,-0.0004199851834494169,-0.0010615883253792247,0.06599284908554148,-0.1296640932559967,0.23776330053806305,-0.08034747838973999,1.290590524673462,0.7459619045257568,-1.133256435394287,-0.1808776706457138,-0.13508695363998413,-1.0711966753005981,0.8876237869262695,1.1833142042160034,-1.155226707458496
0.4551758749999989,0.0034223749999999996,133.0,5.206438032544429,-0.8647406351373016,1.6979150438551163,-0.0021455762701777163,-0.00040251811193881665,-0.0009603864150044802,0.06601518018693575,-0.12859272956848145,0.2372402846813202,-0.08393779397010803,1.2853449583053589,0.7338880896568298,-1.1257166862487793,-0.15695855021476746,-0.12870758771896362,-1.049972653388977,0.8859896659851074,1.1545690298080444,-1.1563620567321777
0.4551758749999989,0.0034223749999999996,133.0,5.182774361419391,-0.8404659549086418,1.6980185333108653,-0.0019751745142163658,-0.00036688667549647177,-0.0008727619463599569,0.06604091163027255,-0.12682709097862244,0.23706230521202087,-0.08661171793937683,1.2797009944915771,0.7239075899124146,-1.1214709281921387,-0.14387354254722595,-0.12229281663894653,-1.030916690826416,0.8806335926055908,1.1316381692886353,-1.1571412086486816
0.4551758749999989,0.0034223749999999996,133.0,5.159090269173715,-0.8162304110320161,1.698583509977571,-0.0017599869976836137,-0.0003234590484241067,-0.0007744938667881527,0.0661258774888914,-0.12382480502128601,0.23820456862449646,-0.08641323447227478,1.2741084098815918,0.7088717818260193,-1.128274917602539,-0.15690113604068756,-0.11546206474304199,-1.0144152641296387,0.8703603744506836,1.1133140325546265,-1.1582441329956055
0.4551758749999989,0.0034223749999999996,133.0,5.133491398126114,-0.7914450571883377,1.698455646638857,-0.0015595361818081497,-0.0002999102312988251,-0.0006873463285430549,0.06616749035804009,-0.12268367409706116,0.23762772977352142,-0.09040620923042297,1.2685166597366333,0.6969720721244812,-1.1193110942840576,-0.12982413172721863,-0.10852020978927612,-0.9908069968223572,0.867823600769043,1.0802360773086548,-1.1595968008041382
0.4551758749999989,0.0034223749999999996,133.0,5.10719946085664,-0.7663056029941474,1.697963372779714,-0.001362122655965852,-0.0002798477986188925,-0.0006007798676690609,0.06619108446099883,-0.1230204701423645,0.23640678822994232,-0.09622135758399963,1.2646291255950928,0.6922510266304016,-1.1015033721923828,-0.08207286894321442,-0.10403162240982056,-0.9655625820159912,0.8687219619750977,1.0402848720550537,-1.1602733135223389
0.4551758749999989,0.0034223749999999996,133.0,5.080191105367446,-0.7400063715288865,1.697758147361497,-0.001198916554829417,-0.00025743251805150635,-0.0005289115982505066,0.06622898241470766,-0.12190636992454529,0.23558807373046875,-0.10059806704521179,1.2581533193588257,0.6791620850563049,-1.0913667678833008,-0.05013236775994301,-0.09658342599868774,-0.9376602172851562,0.8658442497253418,1.002198338508606,-1.1612269878387451
0.4551758749999989,0.0034223749999999996,133.0,5.0526652424814635,-0.7131104103820669,1.6976020977810615,-0.0010536608189152562,-0.00023563116631734415,-0.00046495483893523276,0.06627699018874576,-0.1208222508430481,0.2347295880317688,-0.10512655973434448,1.25123929977417,0.6652564406394958,-1.0805258750915527,-0.015755094587802887,-0.08876818418502808,-0.9071736335754395,0.8629786968231201,0.9611819386482239,-1.1620783805847168
0.4551758749999989,0.0034223749999999996,133.0,5.023940602423652,-0.6849631414662096,1.6974605933620988,-0.0008682663548501688,-0.00020125875127184403,-0.00038167112391844255,0.06629729407236117,-0.11828777194023132,0.2343112975358963,-0.10824522376060486,1.2425038814544678,0.650260865688324,-1.0756332874298096,0.0031290301121771336,-0.0794593095779419,-0.8777431845664978,0.8550868034362793,0.9275928735733032,-1.1625816822052002
0.4551758749999989,0.0034223749999999996,133.0,4.994215198055399,-0.656426677779024,1.6969957745955082,-0.0007272118589082086,-0.00017841145224571566,-0.00031895876172117023,0.06629703913504197,-0.11910489201545715,0.23218965530395508,-0.11563557386398315,1.2362957000732422,0.6456375122070312,-1.052811622619629,0.06892699003219604,-0.07421642541885376,-0.8421226143836975,0.8566200733184814,0.8742549419403076,-1.1616716384887695
0.4551758749999989,0.0034223749999999996,133.0,4.963855631865714,-0.6269552703420188,1.6967124466160957,-0.0005445957796167286,-0.00013970390739046246,-0.00023844659172276577,0.06631023344820614,-0.11902794241905212,0.23035843670368195,-0.1219702661037445,1.2284395694732666,0.6362781524658203,-1.0348970890045166,0.12408824265003204,-0.06763643026351929,-0.8055756688117981,0.8550777435302734,0.8222280144691467,-1.1603976488113403
0.4551758749999989,0.0034223749999999996,133.0,4.933271012644474,-0.5964026748374605,1.6968082484745775,-0.0003414733507809968,-8.92141838745036e-5,-0.0001489777074407594,0.06635374490439372,-0.11794131994247437,0.22927282750606537,-0.12660911679267883,1.2198872566223145,0.6209439039230347,-1.0234367847442627,0.1626860499382019,-0.060283362865448,-0.7704187035560608,0.8494188785552979,0.7730913758277893,-1.1591291427612305
0.4551758749999989,0.0034223749999999996,133.0,4.901706809438969,-0.5649664202127614,1.6970904237606268,-0.00015924706132025205,-4.2402319855257655e-5,-6.940359795267868e-5,0.06640335547664802,-0.11496752500534058,0.22915536165237427,-0.1290363073348999,1.210184097290039,0.6031509637832642,-1.0204455852508545,0.17826174199581146,-0.05157470703125,-0.7392870187759399,0.8367388248443604,0.7342253923416138,-1.1580321788787842
0.4551758749999989,0.0034223749999999996,133.0,4.869098490289905,-0.5331310806944237,1.6974762854032377,1.7616408791467015e-5,4.8487530753721805e-6,7.678993615228073e-6,0.06644499171044603,-0.11264681816101074,0.22864355146884918,-0.13239839673042297,1.2004146575927734,0.5857753157615662,-1.0137672424316406,0.203859344124794,-0.04319697618484497,-0.7066289186477661,0.8257017135620117,0.68896484375,-1.1565604209899902
0.4551758749999989,0.0034223749999999996,133.0,4.835516035000735,-0.5006412114419382,1.6972909338608024,0.0001939574215661265,5.577192771631563e-5,8.450954800153559e-5,0.06646311085527573,-0.11129721999168396,0.225399449467659,-0.13959214091300964,1.1869146823883057,0.5779245495796204,-0.996812105178833,0.2651108205318451,-0.03490555286407471,-0.6643036603927612,0.8189730644226074,0.6357592940330505,-1.1514663696289062
0.4551758749999989,0.0034223749999999996,133.0,4.801095139900895,-0.4667465934825117,1.6971618245545521,0.00038422637011204604,0.0001134253596722294,0.00016703325774373195,0.06648489166470033,-0.10982954502105713,0.2236163169145584,-0.14465659856796265,1.1747910976409912,0.560264527797699,-0.9844396114349365,0.3106566369533539,-0.026779234409332275,-0.6222456097602844,0.8096716403961182,0.579705536365509,-1.147398591041565
0.4551758749999989,0.0034223749999999996,133.0,4.765787347603449,-0.4318610540858933,1.6976186612651132,0.0005333411003716725,0.0001598090296634032,0.00023149115314274337,0.06651527266844695,-0.10874083638191223,0.22384831309318542,-0.14729946851730347,1.1668858528137207,0.5416547656059265,-0.9747321605682373,0.3369169533252716,-0.021255433559417725,-0.5892326235771179,0.7977163791656494,0.5273131728172302,-1.1448081731796265
0.4551758749999989,0.0034223749999999996,133.0,4.729643744307333,-0.3965513179808498,1.697865978018645,0.0007004284552294876,0.00021537112299549463,0.0003041004692705168,0.066539409010332,-0.10745275020599365,0.22211512923240662,-0.15214291214942932,1.154193639755249,0.5242039561271667,-0.9616975784301758,0.3815777003765106,-0.013470172882080078,-0.5481002926826477,0.7872796058654785,0.47101646661758423,-1.1398093700408936
0.4551758749999989,0.0034223749999999996,133.0,4.692518172798316,-0.3604142390910173,1.6981804912416198,0.0008773061698586082,0.0002764462851722769,0.00038203780947182133,0.06656209103074086,-0.10618874430656433,0.22016486525535583,-0.1571311354637146,1.140254259109497,0.5060719847679138,-0.9477708339691162,0.4289878308773041,-0.005492091178894043,-0.5046388506889343,0.7761139869689941,0.41273608803749084,-1.1337454319000244
0.4551758749999989,0.0034223749999999996,133.0,4.654775443620119,-0.32351800976231615,1.698504170220385,0.0010779231419350145,0.0003475229091672352,0.0004698806435339208,0.06658056350853479,-0.10490080714225769,0.2180560827255249,-0.16210415959358215,1.1250048875808716,0.4867002069950104,-0.933074951171875,0.47831976413726807,0.002551257610321045,-0.4584415555000305,0.7638740539550781,0.3527408838272095,-1.126413106918335
0.4551758749999989,0.0034223749999999996,133.0,4.61574140459748,-0.28564173359730266,1.698911472071739,0.0012674088571007506,0.000419819770704744,0.000553462534211636,0.06657855272022771,-0.10366272926330566,0.21545758843421936,-0.16751724481582642,1.1075342893600464,0.46686434745788574,-0.9164879322052002,0.5338296294212341,0.011009305715560913,-0.4079382121562958,0.7506444454193115,0.2895548641681671,-1.1172726154327393
0.4551758749999989,0.0034223749999999996,133.0,4.576243900286062,-0.2473345572736798,1.6996081738013638,0.0013884055936214748,0.0004705563590749411,0.0006071875514461407,0.06659519488355939,-0.10371202230453491,0.21344517171382904,-0.17256659269332886,1.0909415483474731,0.44585344195365906,-0.8959488868713379,0.5926513075828552,0.017107516527175903,-0.3555193245410919,0.7379214763641357,0.21819950640201569,-1.1065618991851807
0.4551758749999989,0.0034223749999999996,133.0,4.53597206790502,-0.20857426664674564,1.7002894722369102,0.0015393022343560432,0.0005352793722604691,0.0006820266378936774,0.06663036677970914,-0.10259675979614258,0.20882739126682281,-0.17962795495986938,1.066158652305603,0.4290696382522583,-0.875309944152832,0.6683864593505859,0.026544809341430664,-0.2927238643169403,0.7230665683746338,0.1499956101179123,-1.091145396232605
0.4551758749999989,0.0034223749999999996,133.0,4.494415464459241,-0.16772004662313042,1.7002597591851794,0.0016894849547950546,0.0006001972568482304,0.0007515225005302941,0.06661543633600842,-0.10028883814811707,0.20579011738300323,-0.18413865566253662,1.042907953262329,0.4007495939731598,-0.8587112426757812,0.7227778434753418,0.03535768389701843,-0.23097045719623566,0.7010440826416016,0.08568039536476135,-1.0765303373336792
0.4551758749999989,0.0034223749999999996,133.0,4.452607597785943,-0.12599027575387536,1.7040239599120819,0.0018228723729138095,0.0006539802596576979,0.0008351570158179934,0.06659174116133733,-0.10045191645622253,0.19945451617240906,-0.19249647855758667,1.0101414918899536,0.38880956172943115,-0.8327922821044922,0.818034291267395,0.045224547386169434,-0.15794207155704498,0.6867794990539551,0.015932248905301094,-1.0535767078399658
0.4551758749999989,0.0034223749999999996,133.0,4.407545472645606,-0.08377460391859773,1.7052363110594635,0.001913142413279831,0.0007098559444235468,0.0008953715177888172,0.06652756577355715,-0.10267770290374756,0.20023241639137268,-0.1943233609199524,1.0048421621322632,0.37105050683021545,-0.8222723007202148,0.8394647240638733,0.042514264583587646,-0.1352926790714264,0.6820025444030762,-0.03230397775769234,-1.0454084873199463
0.4551758749999989,0.0034223749999999996,133.0,4.358396027758456,-0.032544796506028324,1.705646011877703,0.0018858396850202682,0.0005303580910588606,0.0010079048256987815,0.06648578102872549,-0.10604313015937805,0.22310282289981842,-0.16418978571891785,1.1017773151397705,0.3830578327178955,-0.8886077404022217,0.4674226939678192,0.012590378522872925,-0.5333024859428406,0.7721645832061768,0.2046571522951126,-1.112363338470459
0.4551758749999989,0.0034223749999999996,133.0,4.300062261754946,0.025117925636896344,1.7083547926290525,0.001721860641990041,-8.186627805728727e-5,0.0011872341995156784,0.06601652918881852,-0.13607382774353027,0.2478567659854889,-0.0886240005493164,1.2122478485107422,0.5087970495223999,-0.8762423992156982,-0.1423967480659485,-0.035417914390563965,-1.3160732984542847,1.0575566291809082,0.6393187046051025,-1.1727052927017212
0.4551758749999989,0.0034223749999999996,133.0,4.218366668337126,0.03820282070238934,1.7166620711249656,0.00010514786594191007,-7.610419319280171e-7,7.507348883767495e-5,0.06447744017158501,-0.1698671579360962,0.25387388467788696,-0.05221477150917053,1.201948881149292,0.493120402097702,-0.7308423519134521,-0.4309484660625458,0.01498490571975708,-1.7221022844314575,1.3503928184509277,0.8117477893829346,-1.2115070819854736
0.4551758749999989,0.0034223749999999996,133.0,4.2347755525205715,0.07344366205877939,1.741191993164197,-0.0018489492674062964,0.00030485611877122744,-0.0012746034885323665,0.06248420569971347,-0.29434242844581604,0.11495307087898254,0.09127238392829895,1.5737462043762207,0.441144734621048,-0.14409351348876953,-0.46398189663887024,-0.47337889671325684,-1.7011147737503052,1.4738669395446777,0.9566764831542969,-1.0911316871643066
0.4551758749999989,0.0034223749999999996,133.0,4.251130894734969,0.12207687958794537,1.7733496810384073,-0.0022470051273283244,0.0008032344164205096,-0.0012340658048596543,0.06051024640624244,-0.3401812016963959,0.10278712958097458,0.17266246676445007,1.5887960195541382,-0.004505171440541744,-0.026955127716064453,-0.913528561592102,-0.4579949975013733,-1.5912771224975586,1.4969007968902588,1.1834934949874878,-1.1183055639266968
0.4551758749999989,0.0034223749999999996,133.0,4.289363311896239,0.16895545018022884,1.785783247902835,-0.002294391840074966,0.0008617026239615843,-0.001147366874126393,0.06007739563295375,-0.3427629768848419,0.11315838247537613,0.19279715418815613,1.6616963148117065,0.027374356985092163,-0.05458784103393555,-0.9689648151397705,-0.47486287355422974,-1.6105722188949585,1.4363377094268799,1.0761833190917969,-1.1738132238388062
0.4551758749999989,0.0034223749999999996,133.0,4.333749269037596,0.21366777155048533,1.7925176371645868,-0.002183688755983849,0.0008223935615956588,-0.0010416189750272324,0.06001525361369325,-0.3394666612148285,0.11826329678297043,0.1987457573413849,1.689039707183838,0.07886435091495514,-0.09332752227783203,-0.9735260009765625,-0.4866880774497986,-1.6524020433425903,1.402536392211914,1.0526505708694458,-1.1892194747924805
0.4551758749999989,0.0034223749999999996,133.0,4.378429014490012,0.25641743901256725,1.7975414871028044,-0.002005084700804836,0.0007577475149153218,-0.0009191470701424005,0.060076002069448825,-0.3340122401714325,0.12436102330684662,0.20858851075172424,1.7277204990386963,0.1355927586555481,-0.13367605209350586,-0.996769905090332,-0.5150400996208191,-1.6651313304901123,1.3347163200378418,1.0124857425689697,-1.199125051498413
0.4551758749999989,0.0034223749999999996,133.0,4.422208169647259,0.29736449368011764,1.8001288970915297,-0.0017785027617718537,0.000671216947141392,-0.0007940884306716153,0.060190777260278445,-0.32984694838523865,0.1264326274394989,0.21059498190879822,1.7392199039459229,0.16880302131175995,-0.16237974166870117,-1.0017775297164917,-0.5237484574317932,-1.6915630102157593,1.308868646621704,1.0173335075378418,-1.2019290924072266
0.4551758749999989,0.0034223749999999996,133.0,4.465530541088039,0.3375111626283461,1.802930145850845,-0.001673797405843487,0.0006306509697834136,-0.0007304199379841053,0.060292761402053814,-0.325826495885849,0.1278655081987381,0.2134474217891693,1.750723958015442,0.1880514919757843,-0.18456101417541504,-1.017879843711853,-0.5326153635978699,-1.7024530172348022,1.2776501178741455,1.0194251537322998,-1.204514741897583
0.4551758749999989,0.0034223749999999996,133.0,4.5080219636186,0.3774108774587739,1.8060412125570546,-0.001433605578631105,0.0005417816244920773,-0.0006100768632293452,0.060334355341825206,-0.3227930963039398,0.1306465119123459,0.21582630276679993,1.7636994123458862,0.2175038754940033,-0.20840740203857422,-1.0234988927841187,-0.5412412285804749,-1.71981942653656,1.2553162574768066,1.0169506072998047,-1.2088401317596436
0.4551758749999989,0.0034223749999999996,133.0,4.549519430904432,0.4167423308675653,1.809046670867145,-0.001247476477136657,0.00047289956649887574,-0.0005197465049557053,0.060399591440929525,-0.32075682282447815,0.13332156836986542,0.21453824639320374,1.7673710584640503,0.24050255119800568,-0.22673797607421875,-1.0169346332550049,-0.5383053421974182,-1.7537519931793213,1.2570061683654785,1.0291965007781982,-1.2156426906585693
0.4551758749999989,0.0034223749999999996,133.0,4.590168652402934,0.45535778783191727,1.8121613279915985,-0.0010159684208098268,0.0003851316865819067,-0.00041116899667410447,0.06045243742744187,-0.3177783787250519,0.13590891659259796,0.21666273474693298,1.7793288230895996,0.26935890316963196,-0.2496347427368164,-1.02213454246521,-0.5470307469367981,-1.7681777477264404,1.2356460094451904,1.028423547744751,-1.218869924545288
0.4551758749999989,0.0034223749999999996,133.0,4.630020756742866,0.4925723450450701,1.8149448986175292,-0.0008083070366573354,0.0003077850580587121,-0.00031989382209644075,0.060521344273558084,-0.31425604224205017,0.14092648029327393,0.22209611535072327,1.80227530002594,0.30882662534713745,-0.27868056297302246,-1.031483769416809,-0.5635797381401062,-1.7735595703125,1.1962342262268066,1.0028811693191528,-1.225083351135254
0.4551758749999989,0.0034223749999999996,133.0,4.668813459700059,0.52909571503413,1.8173742132156632,-0.0006109395890110746,0.0002331116168285214,-0.00023630541923974757,0.060567972413510376,-0.31124040484428406,0.1429935246706009,0.22381249070167542,1.8117252588272095,0.33440032601356506,-0.30012035369873047,-1.0366122722625732,-0.5711149573326111,-1.784555435180664,1.1760680675506592,1.0047099590301514,-1.2270292043685913
0.4551758749999989,0.0034223749999999996,133.0,4.706695008768606,0.5646191147161629,1.8199007266430074,-0.00041970925212233954,0.00016125685359487282,-0.0001592637520003956,0.060617201557251914,-0.30846676230430603,0.14505955576896667,0.22556748986244202,1.8209444284439087,0.3579770028591156,-0.3200390338897705,-1.0423500537872314,-0.5784216523170471,-1.7929686307907104,1.1567363739013672,1.0052021741867065,-1.2289650440216064
0.4551758749999989,0.0034223749999999996,133.0,4.743478911187129,0.5995272714504589,1.8221536033235437,-0.00023555590040875057,9.083162543019732e-5,-8.766149474210441e-5,0.06064276213872684,-0.30663052201271057,0.14632172882556915,0.2240905463695526,1.8209716081619263,0.37094590067863464,-0.33316540718078613,-1.0412743091583252,-0.5745071768760681,-1.8133708238601685,1.159156322479248,1.0218180418014526,-1.2331238985061646
0.4551758749999989,0.0034223749999999996,133.0,4.779162212168494,0.63362953761859,1.8245894180453794,-7.027153339150675e-5,2.7186908110421293e-5,-2.5599360310716132e-5,0.060680888098254185,-0.30487754940986633,0.1488882601261139,0.22616377472877502,1.8317153453826904,0.3932952880859375,-0.3501129150390625,-1.0468019247055054,-0.5819751620292664,-1.8215582370758057,1.1441965103149414,1.0186741352081299,-1.2364027500152588
0.4551758749999989,0.0034223749999999996,133.0,4.813743640144484,0.6661875126568113,1.8260043545285691,0.00015169530322377037,-5.917200004939447e-5,5.443455988467468e-5,0.06069614768720686,-0.30206939578056335,0.15140976011753082,0.2296915352344513,1.8437256813049316,0.4056740403175354,-0.3664391040802002,-1.0638463497161865,-0.5892814993858337,-1.8162786960601807,1.1145541667938232,1.004177451133728,-1.2410078048706055
0.4551758749999989,0.0034223749999999996,133.0,4.848645153934977,0.6960319689906517,1.8263100043591125,0.00035812327064188766,-0.00013912881036940483,0.0001248115223980264,0.060846459709211424,-0.2986978590488434,0.15156467258930206,0.2311595380306244,1.847807765007019,0.42295780777931213,-0.38643479347229004,-1.0730992555618286,-0.5959082245826721,-1.8167215585708618,1.0932950973510742,1.0137208700180054,-1.23853600025177
0.4551758749999989,0.0034223749999999996,133.0,4.8817762799971565,0.7273784679863858,1.8286278978818602,0.0005667189296301538,-0.00022113917292167012,0.0001934662193742627,0.060861655914843014,-0.2967938482761383,0.15270762145519257,0.23238375782966614,1.853115439414978,0.43159615993499756,-0.39704084396362305,-1.0848426818847656,-0.5988913178443909,-1.8181040287017822,1.079512357711792,1.0140385627746582,-1.2408850193023682
0.4551758749999989,0.0034223749999999996,133.0,4.914169712352365,0.7580213184889927,1.830620684652708,0.0008139301591910746,-0.00031901988355100285,0.00027336579919177555,0.0608611433361752,-0.2948279082775116,0.15534362196922302,0.23345300555229187,1.8603777885437012,0.4502868950366974,-0.41256237030029297,-1.0876109600067139,-0.602207362651825,-1.8254625797271729,1.0674030780792236,1.0113298892974854,-1.2448827028274536
0.4551758749999989,0.0034223749999999996,133.0,4.945714668718151,0.7882991903811452,1.8335173805838558,0.0009915592377972929,-0.0003890045569278332,0.00032588214976305926,0.06086304947671724,-0.2934994399547577,0.1566668003797531,0.23267820477485657,1.8612574338912964,0.46186962723731995,-0.42229223251342773,-1.0896285772323608,-0.600253164768219,-1.8377431631088257,1.0682005882263184,1.0212558507919312,-1.2478675842285156
0.4551758749999989,0.0034223749999999996,133.0,4.976420630523971,0.8172822485531313,1.8366608732484413,0.0012191638460089737,-0.00048010614134404075,0.00038938460234709776,0.060857949279306614,-0.29168394207954407,0.15933005511760712,0.23528876900672913,1.8720598220825195,0.48134398460388184,-0.4365355968475342,-1.0968515872955322,-0.6090520024299622,-1.8353511095046997,1.0474660396575928,1.009081482887268,-1.2497990131378174
0.4551758749999989,0.0034223749999999996,133.0,5.006527962614043,0.844737631389806,1.838724856721775,0.0013920592065102659,-0.0005507546399065788,0.0004365102674196575,0.06090539351021057,-0.2893455922603607,0.16424793004989624,0.24082228541374207,1.8910324573516846,0.5096005797386169,-0.4586632251739502,-1.1037424802780151,-0.6250370144844055,-1.824374794960022,1.0102269649505615,0.9761911630630493,-1.252549409866333
0.4551758749999989,0.0034223749999999996,133.0,5.0355361396541305,0.8711708751751468,1.8403059237398398,0.0015851811197184573,-0.0006297230835924003,0.0004889960054913857,0.060937622062509716,-0.2872348129749298,0.16389985382556915,0.23984292149543762,1.8882763385772705,0.5171116590499878,-0.4682917594909668,-1.1083570718765259,-0.6231159567832947,-1.8305944204330444,1.0067558288574219,0.9929600954055786,-1.251891851425171
0.4551758749999989,0.0034223749999999996,133.0,5.063351565778602,0.8973717917927739,1.8421513517986134,0.0018143560459818364,-0.0007257142600158412,0.0005539011327074333,0.060982094936568004,-0.2860696017742157,0.16596010327339172,0.24091050028800964,1.8950395584106445,0.5388906598091125,-0.48255419731140137,-1.1069188117980957,-0.6290788054466248,-1.837480902671814,0.9984469413757324,0.9945970773696899,-1.2527520656585693
0.4551758749999989,0.0034223749999999996,133.0,5.090061854148609,0.9225740926187961,1.8439021355880123,0.0020458922606613065,-0.0008281721536128533,0.0006169158168813097,0.06101567770576059,-0.28475460410118103,0.16707371175289154,0.24211320281028748,1.9001091718673706,0.5523450374603271,-0.49323248863220215,-1.1113660335540771,-0.6338955760002136,-1.8385732173919678,0.987635612487793,0.9956215620040894,-1.2530381679534912
0.4551758749999989,0.0034223749999999996,133.0,5.115751196716309,0.9467086963212812,1.8451516352024377,0.0022985742036051205,-0.0009449520887854707,0.0006885471635394579,0.061075402489529744,-0.28273794054985046,0.1676986664533615,0.2437032163143158,1.9039325714111328,0.553864598274231,-0.5007691383361816,-1.1243315935134888,-0.6364083886146545,-1.8306260108947754,0.9692485332489014,0.9899492263793945,-1.2543245553970337
0.4551758749999989,0.0034223749999999996,133.0,5.140572066923141,0.9700955430584326,1.8455393408076484,0.002487699324604226,-0.0010278462786095569,0.0007386855936354601,0.061114012747280885,-0.28096798062324524,0.16717076301574707,0.2433326542377472,1.9022272825241089,0.559030294418335,-0.5090124607086182,-1.1295775175094604,-0.6356567740440369,-1.833196997642517,0.9638528823852539,1.0034390687942505,-1.25350821018219
0.4551758749999989,0.0034223749999999996,133.0,5.164258683757872,0.9929611140507532,1.8457472505229864,0.002728103353245182,-0.0011318228267351153,0.0008060770696950613,0.06115433654590453,-0.27951595187187195,0.16762734949588776,0.2442246377468109,1.9050337076187134,0.5712645649909973,-0.5201401710510254,-1.1324924230575562,-0.6396277546882629,-1.8337186574935913,0.9539191722869873,1.0091747045516968,-1.2524075508117676
0.4551758749999989,0.0034223749999999996,133.0,5.18688313770274,1.0156044088688485,1.8461545809328628,0.0029738756773799078,-0.0012375976407974323,0.0008748441926152812,0.061168152982288365,-0.2784716784954071,0.1677611619234085,0.2434958517551422,1.9039689302444458,0.5781278610229492,-0.52760910987854,-1.1336607933044434,-0.6376492381095886,-1.8411015272140503,0.9548189640045166,1.0224251747131348,-1.2534751892089844
0.4551758749999989,0.0034223749999999996,133.0,5.208682890016184,1.037313444117728,1.8465812911560846,0.0032340358341897127,-0.0013490197034081496,0.0009445307323956663,0.061180220438415374,-0.2771779000759125,0.1701023280620575,0.24501505494117737,1.9101482629776,0.5891532897949219,-0.5389130115509033,-1.1357933282852173,-0.6408305764198303,-1.8409192562103271,0.9420714378356934,1.0146958827972412,-1.2564640045166016
0.4551758749999989,0.0034223749999999996,133.0,5.22946064261583,1.0580145045264633,1.8472028865724972,0.0034985012801295504,-0.0014636252486302872,0.0010093758594255744,0.06117658915020297,-0.2761547863483429,0.17009256780147552,0.2447066605091095,1.9098443984985352,0.5946592688560486,-0.5445873737335205,-1.139572262763977,-0.640309751033783,-1.844273328781128,0.9397454261779785,1.023759126663208,-1.256786823272705
0.4551758749999989,0.0034223749999999996,133.0,5.249325410929531,1.078154677920488,1.8480293492016568,0.003704116494347984,-0.0015533914947556205,0.0010592766085909119,0.061169715771791686,-0.27497437596321106,0.17148368060588837,0.24621465802192688,1.9140197038650513,0.5978907346725464,-0.5512359142303467,-1.1475311517715454,-0.6420196890830994,-1.8397166728973389,0.9272198677062988,1.0154213905334473,-1.259216070175171
0.4551758749999989,0.0034223749999999996,133.0,5.2682257377015524,1.097409084078189,1.8486732473961882,0.003935347870488879,-0.0016531427940810293,0.0011187073753647697,0.06117235310996083,-0.27436932921409607,0.17195646464824677,0.24711939692497253,1.9174121618270874,0.6100944876670837,-0.5588088035583496,-1.148962140083313,-0.6466986536979675,-1.840981364250183,0.9211571216583252,1.0193425416946411,-1.257964849472046
0.4551758749999989,0.0034223749999999996,133.0,5.286655517385185,1.1152637785511028,1.849168858114689,0.004138767798212272,-0.0017468209703929637,0.0011593387109691798,0.061166553047245345,-0.27279749512672424,0.17294472455978394,0.2482345998287201,1.919386863708496,0.6070091724395752,-0.5637452602386475,-1.1604692935943604,-0.645465075969696,-1.8355358839035034,0.9080784320831299,1.0112920999526978,-1.261157751083374
0.4551758749999989,0.0034223749999999996,133.0,5.30402417187326,1.132312788385198,1.8494018338491849,0.004371849906515213,-0.001851647204670258,0.0012175009500148977,0.06117673491460157,-0.27182796597480774,0.17258822917938232,0.24838754534721375,1.9191992282867432,0.6128314137458801,-0.5698273181915283,-1.163931965827942,-0.6463653445243835,-1.8371723890304565,0.9039483070373535,1.0201102495193481,-1.260155439376831
0.4551758749999989,0.0034223749999999996,133.0,5.320583137435194,1.1490626088825833,1.849917763344453,0.004579110259533302,-0.0019414632049438226,0.0012668882583740156,0.0611822667346976,-0.2709255516529083,0.17331968247890472,0.2487058937549591,1.9209481477737427,0.6203771829605103,-0.5765089988708496,-1.1643673181533813,-0.6475945115089417,-1.839747428894043,0.8987505435943604,1.022444725036621,-1.2607289552688599
0.4551758749999989,0.0034223749999999996,133.0,5.336445097025081,1.1643450106019015,1.8499492742061707,0.004782762585161967,-0.002031839511881825,0.0013144052980507978,0.06120162104603659,-0.2693677842617035,0.173216313123703,0.24942192435264587,1.921212077140808,0.6258942484855652,-0.5833792686462402,-1.1681443452835083,-0.6498858332633972,-1.835686445236206,0.8875210285186768,1.0241224765777588,-1.258730173110962
0.4551758749999989,0.0034223749999999996,133.0,5.351746505813119,1.1785852536946475,1.8502617476876762,0.00494357057663445,-0.0021032271467165448,0.0013416251179752998,0.061219409766550235,-0.267046719789505,0.17191623151302338,0.25024911761283875,1.9191840887069702,0.6244819164276123,-0.5873093605041504,-1.1780682802200317,-0.6517688632011414,-1.8229589462280273,0.8696150779724121,1.0233532190322876,-1.2548106908798218
0.4551758749999989,0.0034223749999999996,133.0,5.36628356518526,1.1919616523350953,1.850124490124995,0.005084102732801351,-0.002164993785019646,0.0013705608000752563,0.06125346730001106,-0.26510724425315857,0.1729782521724701,0.251540869474411,1.9208022356033325,0.6335350871086121,-0.5977616310119629,-1.1771035194396973,-0.6554952263832092,-1.8160858154296875,0.8532536029815674,1.017059326171875,-1.2526791095733643
0.4551758749999989,0.0034223749999999996,133.0,5.380013194712376,1.2045365827603267,1.8504303645479163,0.005236165818994353,-0.002231605247146765,0.001397286718768389,0.06127893220570896,-0.2621391713619232,0.17050422728061676,0.2498537003993988,1.91112220287323,0.6305843591690063,-0.6010222434997559,-1.1806108951568604,-0.6509400010108948,-1.8102428913116455,0.8441696166992188,1.0312601327896118,-1.2476937770843506
0.4551758749999989,0.0034223749999999996,133.0,5.392357705360459,1.2171829233453415,1.851197916044974,0.005402539618923341,-0.0022938591452763652,0.0014302495052842263,0.06129311422280531,-0.26112303137779236,0.17122939229011536,0.25001290440559387,1.9114577770233154,0.6417161822319031,-0.6089506149291992,-1.174530029296875,-0.6526579260826111,-1.8121193647384644,0.8388490676879883,1.0335017442703247,-1.24635648727417
0.4551758749999989,0.0034223749999999996,133.0,5.403693200019015,1.2294568204026144,1.852322301180469,0.005573889888519202,-0.0023548894611918276,0.0014653732295356607,0.06130002946691195,-0.26090380549430847,0.1729961335659027,0.25077012181282043,1.9154077768325806,0.6577698588371277,-0.6173131465911865,-1.165060043334961,-0.6570298075675964,-1.815866231918335,0.8349204063415527,1.0308921337127686,-1.2459383010864258
0.4551758749999989,0.0034223749999999996,133.0,5.414016507774097,1.241680143180291,1.853962515244432,0.005744947042167223,-0.002407502534201705,0.0014987689962137902,0.06129352886944777,-0.26157280802726746,0.17697924375534058,0.25201818346977234,1.9239788055419922,0.6780337691307068,-0.6269690990447998,-1.1500154733657837,-0.6623520255088806,-1.8243467807769775,0.8334660530090332,1.0187077522277832,-1.249136209487915
0.4551758749999989,0.0034223749999999996,133.0,5.4235536267992,1.2526647938179465,1.85529554527323,0.005937776724215501,-0.002474367684284833,0.0015397504052006386,0.061294457635564084,-0.2618224322795868,0.1816226691007614,0.2560092508792877,1.937679409980774,0.6949142217636108,-0.6360559463500977,-1.1443166732788086,-0.6740058064460754,-1.8156214952468872,0.813194990158081,0.9835474491119385,-1.2509208917617798
0.4551758749999989,0.0034223749999999996,133.0,5.432084521328339,1.263825892606007,1.8580200386176544,0.006178340036970715,-0.0026101164309853793,0.0016217820560560296,0.06118045609771071,-0.2635538876056671,0.18390074372291565,0.25360962748527527,1.9393911361694336,0.7127230763435364,-0.6392903327941895,-1.1242278814315796,-0.6707844138145447,-1.839438557624817,0.8363618850708008,0.996544599533081,-1.2560293674468994
0.4551758749999989,0.0034223749999999996,133.0,5.439702647290378,1.2732960674485285,1.859233440871654,0.00647020447249611,-0.0027141396652582057,0.0016935988581137636,0.06118177707462445,-0.2645362913608551,0.18662266433238983,0.2544231116771698,1.946462869644165,0.732760488986969,-0.6455211639404297,-1.109931468963623,-0.6773815751075745,-1.8460779190063477,0.8365192413330078,0.9899346828460693,-1.2564715147018433
0.4551758749999989,0.0034223749999999996,133.0,5.446665095848152,1.281312096596268,1.8598264449233026,0.006907459541055132,-0.0028871701829673315,0.001806431297769263,0.06119563787835659,-0.26472797989845276,0.18866851925849915,0.2552531063556671,1.951244592666626,0.7465053200721741,-0.6516900062561035,-1.1007295846939087,-0.6819091439247131,-1.8469599485397339,0.8319847583770752,0.9821460247039795,-1.2566899061203003
0.4551758749999989,0.0034223749999999996,133.0,5.452668429028673,1.288821185561498,1.8606799284024804,0.007642132103730204,-0.0031790732911896897,0.0019936147058820797,0.06119917334739533,-0.2652952969074249,0.19026178121566772,0.25513312220573425,1.9550433158874512,0.7601709961891174,-0.6562426090240479,-1.089752435684204,-0.6844359040260315,-1.8512848615646362,0.8338563442230225,0.9804598093032837,-1.25798499584198
0.4551758749999989,0.0034223749999999996,133.0,5.458131753042579,1.2947729687936578,1.8613462391214475,0.009301222805888154,-0.003871169591701059,0.0024047841007846142,0.06121169980284483,-0.2649718225002289,0.19263914227485657,0.2576230466365814,1.9639477729797363,0.7682785987854004,-0.6627471446990967,-1.0895357131958008,-0.6904515624046326,-1.8364442586898804,0.8141708374023438,0.9524312615394592,-1.260696530342102
0.4551758749999989,0.0034223749999999996,133.0,5.4624871533161565,1.2990214311953978,1.8620468855479835,0.017199461839432682,-0.007296265056705294,0.004342272514687255,0.06125154345038089,-0.2636277973651886,0.19011999666690826,0.25966838002204895,1.9749300479888916,0.771760106086731,-0.6735727787017822,-1.1038669347763062,-0.6899132132530212,-1.7975475788116455,0.7830915451049805,0.9308386445045471,-1.272200584411621
0.4551758749999989,0.0034223749999999996,133.0,5.495181129789904,-1.1764310758025616,1.7013388114650212,-0.015062647590265106,-3.254315296445022e-5,-0.006636564192896388,0.06622164230503746,-0.11820238828659058,0.23783043026924133,-0.02323150634765625,1.2998552322387695,0.7662538290023804,-1.330413579940796,-0.6480154395103455,-0.1763816475868225,-1.2654112577438354,0.7964270114898682,1.5078282356262207,-1.1234157085418701
0.4551758749999989,0.0034223749999999996,133.0,5.4901972322189865,-1.1707409630972225,1.7012913211920315,-0.008106259923206068,-3.451686064222909e-5,-0.003642763365743015,0.06618385071501312,-0.11910170316696167,0.2384648621082306,-0.025754600763320923,1.2978914976119995,0.7911916971206665,-1.3227858543395996,-0.6145350337028503,-0.1741253137588501,-1.2623729705810547,0.8250195980072021,1.500307559967041,-1.1236315965652466
0.4551758749999989,0.0034223749999999996,133.0,5.4841011001517765,-1.164767973338981,1.7008621537119426,-0.006662418175151755,-5.6907162286633034e-5,-0.0030015638143294486,0.0661414994855479,-0.12188059091567993,0.24023118615150452,-0.025901496410369873,1.30625319480896,0.7930637001991272,-1.3155407905578613,-0.5956887602806091,-0.17943531274795532,-1.260032057762146,0.8345160484313965,1.474497675895691,-1.126407504081726
0.4551758749999989,0.0034223749999999996,133.0,5.477299616496306,-1.1584615192870742,1.7001017862132053,-0.006027832771957243,-9.488342189378974e-5,-0.0027218015795034906,0.0661054447448353,-0.12369945645332336,0.2406589388847351,-0.027996301651000977,1.3099664449691772,0.7964200973510742,-1.3042590618133545,-0.5714530348777771,-0.18092381954193115,-1.2576031684875488,0.8415360450744629,1.4607632160186768,-1.1285879611968994
0.4551758749999989,0.0034223749999999996,133.0,5.469431346530178,-1.1512375842058764,1.699199782824309,-0.0056612782638048986,-0.00013969008793751815,-0.0025607583629858846,0.0660609489619644,-0.1258566677570343,0.24080877006053925,-0.031058698892593384,1.3139984607696533,0.800319492816925,-1.2890410423278809,-0.5395147800445557,-0.18243491649627686,-1.2550255060195923,0.8490996360778809,1.4459789991378784,-1.1311235427856445
0.4551758749999989,0.0034223749999999996,133.0,5.4604661921715625,-1.1454453994458043,1.6955861924012554,-0.0054009008745884894,-0.0002189304652376577,-0.0024478354027470013,0.06610486527083362,-0.12545174360275269,0.23929975926876068,-0.034962475299835205,1.3086838722229004,0.8007379770278931,-1.276862382888794,-0.508274257183075,-0.17813920974731445,-1.2453542947769165,0.851207971572876,1.4425612688064575,-1.1303198337554932
0.4551758749999989,0.0034223749999999996,133.0,5.450888871561563,-1.1370147435966,1.6941774734143897,-0.0051889486403670524,-0.0002804916463629002,-0.002358810974117942,0.06605508472926516,-0.12774255871772766,0.2393968552350998,-0.038213372230529785,1.3127461671829224,0.8046237826347351,-1.2605888843536377,-0.47459498047828674,-0.17996102571487427,-1.2413702011108398,0.8579535484313965,1.4271568059921265,-1.1325749158859253
0.4551758749999989,0.0034223749999999996,133.0,5.4405880566439215,-1.1274594058660876,1.6931597230479125,-0.005030510523204437,-0.00032197232372636,-0.0022885976277033614,0.06601228265564393,-0.13010862469673157,0.23952782154083252,-0.041572511196136475,1.3167388439178467,0.8013595342636108,-1.2452197074890137,-0.43913233280181885,-0.1807350516319275,-1.233552098274231,0.8663077354431152,1.4039076566696167,-1.1357330083847046
0.4551758749999989,0.0034223749999999996,133.0,5.429316030590849,-1.1171861711453719,1.6917590618481617,-0.004888968680752817,-0.0003783666658121023,-0.002226772416937384,0.06595579868317396,-0.13285735249519348,0.23937848210334778,-0.04583576321601868,1.3208762407302856,0.8026844263076782,-1.2251906394958496,-0.39562126994132996,-0.18213939666748047,-1.2264522314071655,0.8750038146972656,1.3819493055343628,-1.1384882926940918
0.4551758749999989,0.0034223749999999996,133.0,5.417243494932705,-1.106276839049371,1.690386330781383,-0.004745268208131672,-0.00043508462329162206,-0.002165379030485719,0.06590307889166507,-0.13532298803329468,0.238625168800354,-0.05110284686088562,1.3231136798858643,0.8045716285705566,-1.2026755809783936,-0.3471461832523346,-0.18188387155532837,-1.2179981470108032,0.8839590549468994,1.36138117313385,-1.1410844326019287
0.4551758749999989,0.0034223749999999996,133.0,5.404828699618943,-1.0944475520930657,1.6894080037212584,-0.0046100253728172695,-0.0004695853846822133,-0.0021051761661774813,0.06587809066995046,-0.1361304223537445,0.23777396976947784,-0.05528903007507324,1.3212130069732666,0.7990394830703735,-1.189138650894165,-0.31408634781837463,-0.1777593493461609,-1.2050195932388306,0.8907279968261719,1.343984842300415,-1.1433318853378296
0.4551758749999989,0.0034223749999999996,133.0,5.391722457249545,-1.081822028600626,1.6885083667119323,-0.004473540843922331,-0.0004941066095386573,-0.0020425518482995687,0.06584940284106246,-0.13686063885688782,0.23730790615081787,-0.0586010217666626,1.320062279701233,0.8005287051200867,-1.1778557300567627,-0.29015013575553894,-0.1751205325126648,-1.1952625513076782,0.895550012588501,1.3352482318878174,-1.1448345184326172
0.4551758749999989,0.0034223749999999996,133.0,5.378246645117465,-1.0682545077093004,1.6879398095714706,-0.004354046858815004,-0.0005051835621453143,-0.001985740244923861,0.06584926253258588,-0.13679459691047668,0.23680739104747772,-0.061577439308166504,1.317299723625183,0.7974660992622375,-1.1697089672088623,-0.2711421251296997,-0.17070770263671875,-1.182727336883545,0.8993344306945801,1.3233987092971802,-1.1464624404907227
0.4551758749999989,0.0034223749999999996,133.0,5.364463737744463,-1.0541505012120587,1.6875829556360797,-0.004199579423753188,-0.000503230444342746,-0.0019138813241537252,0.06587852381180799,-0.13525676727294922,0.23640188574790955,-0.06342202425003052,1.3119028806686401,0.7933051586151123,-1.1683483123779297,-0.26684457063674927,-0.16441231966018677,-1.1706047058105469,0.8991129398345947,1.3176863193511963,-1.1473369598388672
0.4551758749999989,0.0034223749999999996,133.0,5.349255515780054,-1.0387116488818011,1.687164197227458,-0.004009188317981603,-0.000498168784905472,-0.0018237010021944955,0.06588523335624939,-0.134019672870636,0.23595845699310303,-0.06573089957237244,1.3070143461227417,0.7887482047080994,-1.1647429466247559,-0.2573400139808655,-0.15867966413497925,-1.1581755876541138,0.899116039276123,1.3082951307296753,-1.148184895515442
0.4551758749999989,0.0034223749999999996,133.0,5.333178322700564,-1.0223772244477458,1.6870024155435832,-0.0038322291518425857,-0.0004883582370102249,-0.0017383713489278168,0.06589197891529115,-0.13268616795539856,0.23640429973602295,-0.06647980213165283,1.3041960000991821,0.7861672043800354,-1.1653251647949219,-0.2600274085998535,-0.1552422046661377,-1.1497948169708252,0.8956634998321533,1.3006600141525269,-1.148762822151184
0.4551758749999989,0.0034223749999999996,133.0,5.316315831713012,-1.0056846163809319,1.6863234973588905,-0.003627651550726168,-0.000493109276433833,-0.0016442112689811195,0.06589935206181755,-0.13257279992103577,0.235905259847641,-0.06985419988632202,1.3014881610870361,0.77962726354599,-1.1561362743377686,-0.23585912585258484,-0.15139347314834595,-1.1365702152252197,0.8971610069274902,1.2806977033615112,-1.149950385093689
0.4551758749999989,0.0034223749999999996,133.0,5.29950004426999,-0.9881969312539977,1.686446002098841,-0.003431919311536841,-0.0004702121234649176,-0.0015526954313698294,0.06595860760278757,-0.12973105907440186,0.2363671511411667,-0.06970483064651489,1.2954702377319336,0.7678916454315186,-1.1642565727233887,-0.250566303730011,-0.1449187994003296,-1.125529408454895,0.8900895118713379,1.273553729057312,-1.150345802307129
0.4551758749999989,0.0034223749999999996,133.0,5.280654583723354,-0.9691793746541185,1.6862021468932193,-0.003234771700553755,-0.0004603250726048032,-0.0014575858162417217,0.06595509478868404,-0.13043826818466187,0.23734986782073975,-0.07126554846763611,1.2974821329116821,0.7637354135513306,-1.157594919204712,-0.23743197321891785,-0.14523732662200928,-1.1163756847381592,0.889725923538208,1.250282645225525,-1.1519443988800049
0.4551758749999989,0.0034223749999999996,133.0,5.261399322207489,-0.950005034833595,1.685606302900503,-0.0030536897023657203,-0.0004633091769544715,-0.0013736101180094515,0.06597499109079887,-0.12947723269462585,0.23697389662265778,-0.07425886392593384,1.2930641174316406,0.7530373930931091,-1.1516296863555908,-0.21857303380966187,-0.13971024751663208,-1.0992496013641357,0.8885064125061035,1.2281802892684937,-1.1530613899230957
0.4551758749999989,0.0034223749999999996,133.0,5.241752561247533,-0.9297207758989839,1.6856638015076866,-0.002818812463953302,-0.00043548129149974707,-0.0012638533222282767,0.06602311415083968,-0.1277742087841034,0.2374662160873413,-0.07534918189048767,1.288813829421997,0.7407751083374023,-1.1528525352478027,-0.21773545444011688,-0.13424599170684814,-1.0841035842895508,0.884023904800415,1.2096928358078003,-1.154186725616455
0.4551758749999989,0.0034223749999999996,133.0,5.220179656927628,-0.9095436938686783,1.684330744042309,-0.002583784179402571,-0.0004504923606303144,-0.0011596511039930573,0.06600196330311431,-0.12866806983947754,0.23652774095535278,-0.08064708113670349,1.2872419357299805,0.7412097454071045,-1.1345548629760742,-0.1727088987827301,-0.1318037509918213,-1.0667481422424316,0.8869273662567139,1.180711030960083,-1.1551828384399414
0.4551758749999989,0.0034223749999999996,133.0,5.19866522073358,-0.8880846348680715,1.6841028408623764,-0.002361675684126196,-0.0004300407272930237,-0.0010581433407026771,0.06604086028294541,-0.12764224410057068,0.236450657248497,-0.08331316709518433,1.2835590839385986,0.7356564402580261,-1.1284515857696533,-0.15780314803123474,-0.12744176387786865,-1.0511786937713623,0.8835196495056152,1.1598423719406128,-1.1558719873428345
0.4551758749999989,0.0034223749999999996,133.0,5.175910537027259,-0.8657168654154088,1.6837417324211061,-0.00214113804915886,-0.00041166177594343783,-0.0009575251711602334,0.06606459189283097,-0.12655767798423767,0.23591119050979614,-0.08691373467445374,1.2782111167907715,0.7235596776008606,-1.1209380626678467,-0.13368608057498932,-0.12103766202926636,-1.0295641422271729,0.8817217350006104,1.1304287910461426,-1.1569279432296753
0.4551758749999989,0.0034223749999999996,133.0,5.152209335515939,-0.8414606979174537,1.6839067904814662,-0.001971120781799732,-0.00037446042521415725,-0.000870312852011822,0.06609122552285739,-0.12477549910545349,0.23570631444454193,-0.08965599536895752,1.2724411487579346,0.7134059071540833,-1.116516351699829,-0.11964868009090424,-0.11459165811538696,-1.009808897972107,0.8762459754943848,1.1062747240066528,-1.1576088666915894
0.4551758749999989,0.0034223749999999996,133.0,5.128371595563564,-0.8172340753662626,1.6844895901140629,-0.0017566666147753795,-0.00032699203224524506,-0.0007725431552775558,0.0661796995429681,-0.12172019481658936,0.23675881326198578,-0.08965426683425903,1.2665305137634277,0.698194146156311,-1.1227688789367676,-0.13074085116386414,-0.10756778717041016,-0.9923475980758667,0.865931510925293,1.0867140293121338,-1.158592939376831
0.4551758749999989,0.0034223749999999996,133.0,5.102799450397246,-0.7924573079228489,1.6843630739726503,-0.0015561745796926838,-0.00030395503784572423,-0.0006862769785519439,0.0662198945983196,-0.12058475613594055,0.23615868389606476,-0.09362393617630005,1.2608351707458496,0.6863917112350464,-1.1138672828674316,-0.10364645719528198,-0.10068786144256592,-0.9684609770774841,0.8631768226623535,1.0533039569854736,-1.1597778797149658
0.4551758749999989,0.0034223749999999996,133.0,5.076487696063049,-0.7672932119565539,1.6838938246572819,-0.0013593350021531283,-0.0002831201781436731,-0.0005998425085646215,0.06624054633311223,-0.12095016241073608,0.23492348194122314,-0.09939277172088623,1.2568771839141846,0.6818759441375732,-1.0962233543395996,-0.05615866556763649,-0.09628480672836304,-0.9431301355361938,0.8638551235198975,1.0129590034484863,-1.1602941751480103
0.4551758749999989,0.0034223749999999996,133.0,5.049488893909589,-0.7409841131902997,1.6836993152636472,-0.0011966657340028836,-0.00025992549472122686,-0.0005280312943092637,0.06627567222714792,-0.11983221769332886,0.23407405614852905,-0.10378921031951904,1.2502100467681885,0.6688124537467957,-1.0860419273376465,-0.02367931231856346,-0.08889234066009521,-0.9147045612335205,0.8607444763183594,0.9739924669265747,-1.1609987020492554
0.4551758749999989,0.0034223749999999996,133.0,5.021998376988905,-0.7140727248316405,1.6835218389887685,-0.001051838840066129,-0.00023780684203184984,-0.00046408993531039315,0.06632017156542543,-0.11874395608901978,0.2331714630126953,-0.10831812024116516,1.243067741394043,0.6549915075302124,-1.0752179622650146,0.010961919091641903,-0.08112442493438721,-0.8837996125221252,0.8576321601867676,0.9325739741325378,-1.1615722179412842
0.4551758749999989,0.0034223749999999996,133.0,4.993269782187702,-0.6859259138465894,1.6833653602655343,-0.0008668594912548459,-0.0002029544925542521,-0.00038096418617464305,0.06633767443069612,-0.11619538068771362,0.23270605504512787,-0.11145496368408203,1.2341254949569702,0.6399670839309692,-1.070265293121338,0.03027413599193096,-0.07184338569641113,-0.8540452718734741,0.8495144844055176,0.8985750675201416,-1.1618399620056152
0.4551758749999989,0.0034223749999999996,133.0,4.963558743674194,-0.6573818548163656,1.6829288543671155,-0.0007260240275543351,-0.00017967749799948748,-0.0003183279559196824,0.06633888703967092,-0.117028146982193,0.23056188225746155,-0.11879685521125793,1.227660894393921,0.6354628801345825,-1.0476810932159424,0.09586991369724274,-0.06666135787963867,-0.8180256485939026,0.8507363796234131,0.8445547819137573,-1.160606026649475
0.4551758749999989,0.0034223749999999996,133.0,4.93334260195414,-0.627914788861244,1.682662711835576,-0.000543839065302869,-0.000140677223129144,-0.00023765160809983106,0.06635149718476947,-0.11694842576980591,0.22874212265014648,-0.12501680850982666,1.2195851802825928,0.6260275840759277,-1.0301296710968018,0.15044474601745605,-0.06021904945373535,-0.7810945510864258,0.8487622737884521,0.7920449376106262,-1.1589654684066772
0.4551758749999989,0.0034223749999999996,133.0,4.902603800369856,-0.5973178687194188,1.6827672851382487,-0.00034091079821711566,-8.96819476447912e-5,-0.0001486922366727357,0.06639732902922015,-0.11585795879364014,0.22754469513893127,-0.1297866702079773,1.2105576992034912,0.610872209072113,-1.0183496475219727,0.19042223691940308,-0.05278921127319336,-0.7450335621833801,0.8428986072540283,0.7417979836463928,-1.1572996377944946
0.4551758749999989,0.0034223749999999996,133.0,4.871028202517884,-0.565869790585934,1.6830595164920261,-0.00015898157895743835,-4.2595482552475586e-5,-6.929245106540089e-5,0.06644701032655445,-0.11289110779762268,0.22738072276115417,-0.13222736120224,1.2006312608718872,0.5930571556091309,-1.0152244567871094,0.20653772354125977,-0.04417043924331665,-0.7135311365127563,0.8299646377563477,0.702358603477478,-1.155887246131897
0.4551758749999989,0.0034223749999999996,133.0,4.8383946075465225,-0.5340920648013239,1.6834388794388604,1.7581206652764098e-5,4.875870856591536e-6,7.667556730462197e-6,0.06648837139389718,-0.1105394959449768,0.22679764032363892,-0.1356269121170044,1.1904270648956299,0.5756670236587524,-1.0084209442138672,0.2328343391418457,-0.0357627272605896,-0.6801972389221191,0.8186173439025879,0.6564382314682007,-1.1540086269378662
0.4551758749999989,0.0034223749999999996,133.0,4.804792814057851,-0.501554945014448,1.683276712622913,0.00019360375226086274,5.599944581181322e-5,8.441519012219361e-5,0.06650671611882812,-0.10920366644859314,0.2234906405210495,-0.14280325174331665,1.176476240158081,0.5678214430809021,-0.9915676116943359,0.2945529520511627,-0.027525007724761963,-0.636985182762146,0.8115029335021973,0.6021838784217834,-1.1484003067016602
0.4551758749999989,0.0034223749999999996,133.0,4.7703626135714465,-0.4676366263372297,1.6831716859536947,0.000383503699488184,0.00011382760529845213,0.00016693235347650982,0.06652827089709078,-0.10775518417358398,0.22168125212192535,-0.14780473709106445,1.1640431880950928,0.5501602292060852,-0.9792778491973877,0.33990806341171265,-0.019481182098388672,-0.5946268439292908,0.8017747402191162,0.5457690954208374,-1.1439354419708252
0.4551758749999989,0.0034223749999999996,133.0,4.735036614399977,-0.43277331026484034,1.6836425427568964,0.0005323620159708209,0.000160222503846928,0.00023142472188235347,0.06655776985499215,-0.10664215683937073,0.22186997532844543,-0.15043705701828003,1.155688762664795,0.5314071774482727,-0.9694688320159912,0.36636391282081604,-0.013950943946838379,-0.561113178730011,0.7893674373626709,0.49292221665382385,-1.1409000158309937
0.4551758749999989,0.0034223749999999996,133.0,4.698856577568826,-0.39741864538228405,1.6838583600721175,0.0006992003440953161,0.00021579204499561663,0.0003040831200984888,0.06657981188098744,-0.10532936453819275,0.2200685739517212,-0.15523064136505127,1.1425126791000366,0.5139076113700867,-0.9565746784210205,0.41096314787864685,-0.006207883358001709,-0.5194259285926819,0.7783610820770264,0.4364023804664612,-1.135373830795288
0.4551758749999989,0.0034223749999999996,133.0,4.661737194895613,-0.3612946756957184,1.684211827374723,0.0008758303572888655,0.0002765933532586609,0.0003821435465889445,0.06660237925871489,-0.10405534505844116,0.21809121966362,-0.16014781594276428,1.1280786991119385,0.49563896656036377,-0.9427056312561035,0.4582486152648926,0.0017035603523254395,-0.47546809911727905,0.7666435241699219,0.37763750553131104,-1.1287429332733154
0.4551758749999989,0.0034223749999999996,133.0,4.623986652615647,-0.32439865823555586,1.684536128878279,0.0010761179591008661,0.00034753882509811726,0.0004701298533123189,0.06662074838662228,-0.10273319482803345,0.21591827273368835,-0.16507801413536072,1.1121597290039062,0.47602805495262146,-0.9280135631561279,0.5077695250511169,0.009723901748657227,-0.42844831943511963,0.7537720203399658,0.3171107769012451,-1.120714545249939
0.4551758749999989,0.0034223749999999996,133.0,4.584949587511571,-0.2865116866488931,1.6849545727351773,0.001265378561272196,0.0004193999951563306,0.0005539321355058247,0.06661814448599582,-0.10146138072013855,0.21326377987861633,-0.17041665315628052,1.0939624309539795,0.45586511492729187,-0.9114594459533691,0.5632390379905701,0.018155544996261597,-0.37711894512176514,0.7398478984832764,0.25352299213409424,-1.110816240310669
0.4551758749999989,0.0034223749999999996,133.0,4.545450942083185,-0.2482291191530789,1.6856970107855338,0.0013861407047751839,0.0004695915320998302,0.0006080434669369246,0.06663585486557393,-0.10153356194496155,0.2112831473350525,-0.1752842664718628,1.0769717693328857,0.4347265958786011,-0.8910336494445801,0.6204886436462402,0.024217188358306885,-0.325086772441864,0.7266221046447754,0.18317502737045288,-1.0996694564819336
0.4551758749999989,0.0034223749999999996,133.0,4.505299991910045,-0.2094221681842188,1.6862958674983808,0.001537954385239601,0.0005336268715961701,0.0006814514689077484,0.06666614138174075,-0.10034728050231934,0.2066194713115692,-0.18213850259780884,1.0514662265777588,0.4173851013183594,-0.8708419799804688,0.6951217651367188,0.03357192873954773,-0.26132845878601074,0.7108123302459717,0.11549226194620132,-1.0834420919418335
0.4551758749999989,0.0034223749999999996,133.0,4.463616043972707,-0.168610064255136,1.6864007375037038,0.0016867556980581747,0.0005977427924670756,0.0007534769105282352,0.06665603079299462,-0.09809315204620361,0.20358999073505402,-0.1865224838256836,1.0277109146118164,0.3889142870903015,-0.853985071182251,0.7486812472343445,0.042308151721954346,-0.19984593987464905,0.6883387565612793,0.05161973088979721,-1.0682437419891357
0.4551758749999989,0.0034223749999999996,133.0,4.42181721515381,-0.12693160014841412,1.690223498500865,0.0018199951588900797,0.0006503316214041379,0.000837967205789772,0.06663118575185545,-0.09820032119750977,0.1972859799861908,-0.19458071887493134,0.9939857125282288,0.375995397567749,-0.8282451629638672,0.841964602470398,0.05237245559692383,-0.12647752463817596,0.6732110977172852,-0.016975944861769676,-1.044522762298584
0.4551758749999989,0.0034223749999999996,133.0,4.3767767411473075,-0.08463899805379056,1.6912882470157895,0.0019102081880552739,0.0007074511497320364,0.0008977666737843766,0.06656215779164108,-0.10024809837341309,0.19769622385501862,-0.19646380841732025,0.9870462417602539,0.35807958245277405,-0.8167061805725098,0.8658265471458435,0.0502161979675293,-0.10041119158267975,0.6670315265655518,-0.06534922122955322,-1.0352678298950195
0.4551758749999989,0.0034223749999999996,133.0,4.327642641876225,-0.03421194673889208,1.6916793005467858,0.0018807600194900049,0.0005509988435998259,0.0010026261505187435,0.06651114497237841,-0.10110980272293091,0.2187701314687729,-0.17402008175849915,1.078221321105957,0.3677906394004822,-0.8989837169647217,0.5462449789047241,0.020166337490081787,-0.4105502963066101,0.7270159721374512,0.130949929356575,-1.0968334674835205
0.4551758749999989,0.0034223749999999996,133.0,4.268630852385728,0.024751233749497212,1.6939628809028,0.0017182121141725206,-8.295987945051384e-5,0.0011953195283472477,0.06599053182212733,-0.13369953632354736,0.24364137649536133,-0.08935219049453735,1.1890288591384888,0.5079512000083923,-0.8643500804901123,-0.13875101506710052,-0.02023184299468994,-1.3248575925827026,1.0699357986450195,0.6524736881256104,-1.1646119356155396
0.4551758749999989,0.0034223749999999996,133.0,4.186422160948145,0.038455407077034945,1.7016800107403351,0.00010510612600921415,-8.776286390045494e-7,7.547525110338653e-5,0.0644290677674904,-0.2647077143192291,0.11296162009239197,0.02961665391921997,1.4947537183761597,0.5403071641921997,-0.15259480476379395,-0.16423825919628143,-0.39561188220977783,-1.5620594024658203,1.399139404296875,0.8856902122497559,-1.0924155712127686
0.4551758749999989,0.0034223749999999996,133.0,4.204050219470965,0.07364186433072953,1.7258541370394316,-0.0018475093490002636,0.00029208865420526903,-0.0012780613474713811,0.06249661570229636,-0.2914395034313202,0.11198816448450089,0.08642759919166565,1.5504612922668457,0.4290066361427307,-0.13962769508361816,-0.43883007764816284,-0.4609513282775879,-1.6803736686706543,1.4714574813842773,0.9640402793884277,-1.080481767654419
0.4551758749999989,0.0034223749999999996,133.0,4.220597875999564,0.12252649313859508,1.7578167644935159,-0.0022458799610206755,0.000794068116812894,-0.0012379933598360513,0.060531110380096356,-0.3389439880847931,0.10054748505353928,0.17014583945274353,1.576560378074646,-0.018321700394153595,-0.021839380264282227,-0.9032477140426636,-0.4520190954208374,-1.579628586769104,1.4959025382995605,1.1990329027175903,-1.112168788909912
0.4551758749999989,0.0034223749999999996,133.0,4.258795711340002,0.16945092959088534,1.7699893801028235,-0.0022922390385929723,0.0008531388884842561,-0.0011523648282783195,0.06010413418463448,-0.34226277470588684,0.11138569563627243,0.1910228431224823,1.6522786617279053,0.012775097973644733,-0.04768061637878418,-0.9604990482330322,-0.4684576392173767,-1.6012756824493408,1.437443494796753,1.0853314399719238,-1.1709058284759521
0.4551758749999989,0.0034223749999999996,133.0,4.303174828715222,0.21421148926980296,1.7766206956393182,-0.002181366638225965,0.0008142866377011958,-0.0010468019084204014,0.06004409530123879,-0.3382497727870941,0.11711177229881287,0.2009153664112091,1.691117286682129,0.06436602026224136,-0.08878684043884277,-0.9813113212585449,-0.48806607723236084,-1.6292579174041748,1.380817174911499,1.0447990894317627,-1.1898349523544312
0.4551758749999989,0.0034223749999999996,133.0,4.347854332848123,0.2569102830253998,1.781743031070175,-0.0020035792673283024,0.0007505101449514097,-0.0009227921132607418,0.060104172894791884,-0.333938866853714,0.12301178276538849,0.20757076144218445,1.7212274074554443,0.12172651290893555,-0.12622475624084473,-0.9902187585830688,-0.5086764693260193,-1.6585049629211426,1.3358166217803955,1.0157448053359985,-1.1990759372711182
0.4551758749999989,0.0034223749999999996,133.0,4.391616333104913,0.2978548230110605,1.7843469879688114,-0.0017773478497870243,0.0006648564569802767,-0.0007970702685515864,0.06021854788391076,-0.32975366711616516,0.12516438961029053,0.20961323380470276,1.7329658269882202,0.15537787973880768,-0.15514111518859863,-0.9951980113983154,-0.5174228549003601,-1.6858525276184082,1.3098762035369873,1.019861102104187,-1.2020738124847412
0.4551758749999989,0.0034223749999999996,133.0,4.434893469682021,0.33801316999730285,1.7870882156894456,-0.0016725431925431885,0.0006246782555762166,-0.0007335219078190618,0.06032155288305134,-0.32569852471351624,0.12662367522716522,0.2124386727809906,1.744582176208496,0.17522557079792023,-0.17768573760986328,-1.010892391204834,-0.5263010859489441,-1.6978662014007568,1.278794527053833,1.0220887660980225,-1.2047603130340576
0.4551758749999989,0.0034223749999999996,133.0,4.477407699456602,0.3778480415147987,1.7901786312180887,-0.0014324711430867328,0.0005363861205728669,-0.0006126878798781825,0.060366762335648985,-0.32259634137153625,0.129411518573761,0.2148323357105255,1.7576441764831543,0.20507100224494934,-0.20186901092529297,-1.0165162086486816,-0.534990131855011,-1.7158327102661133,1.256195306777954,1.0194703340530396,-1.209106206893921
0.4551758749999989,0.0034223749999999996,133.0,4.518898036087353,0.4171455157720445,1.793239292438137,-0.0012466709989060229,0.0004681715654765574,-0.0005217411735615233,0.060431600169588,-0.320538729429245,0.1321435123682022,0.2135387361049652,1.7613723278045654,0.22822028398513794,-0.22030329704284668,-1.009718894958496,-0.531993567943573,-1.7503424882888794,1.2578861713409424,1.031287431716919,-1.216022253036499
0.4551758749999989,0.0034223749999999996,133.0,4.559555493047771,0.4557164236533641,1.7963518126711457,-0.0010152436563369241,0.00038123640818418076,-0.000412701220351442,0.06048770397260433,-0.3175223767757416,0.13476207852363586,0.2156793773174286,1.77347993850708,0.2574949264526367,-0.24349093437194824,-1.0148917436599731,-0.5407864451408386,-1.7654050588607788,1.2364275455474854,1.0303308963775635,-1.2193304300308228
0.4551758749999989,0.0034223749999999996,133.0,4.599400501920799,0.49287953879523466,1.7990930996507133,-0.0008076513438712737,0.00030468175907087355,-0.0003211659779456039,0.060558860591403446,-0.3139449656009674,0.13978609442710876,0.22112581133842468,1.796591877937317,0.2974749803543091,-0.27287888526916504,-1.0242433547973633,-0.5573758482933044,-1.7714672088623047,1.1968846321105957,1.0046749114990234,-1.2256673574447632
0.4551758749999989,0.0034223749999999996,133.0,4.638198257798564,0.5293645296616722,1.801545473827812,-0.0006104605028430785,0.00023075384288329104,-0.00023719492832417708,0.06060660100464673,-0.3109128773212433,0.14191500842571259,0.2229105532169342,1.806369423866272,0.3235379159450531,-0.294482946395874,-1.0297876596450806,-0.5651082396507263,-1.7830735445022583,1.176501750946045,1.0060182809829712,-1.22774076461792
0.4551758749999989,0.0034223749999999996,133.0,4.676092925938379,0.5648247216328921,1.804047991160645,-0.0004193530947791948,0.00015960045379503107,-0.00015987816334715746,0.06065865849706552,-0.30808863043785095,0.14400255680084229,0.22469499707221985,1.8157156705856323,0.3475406765937805,-0.3146951198577881,-1.0357928276062012,-0.5725576281547546,-1.7919213771820068,1.1569433212280273,1.0063886642456055,-1.229658603668213
0.4551758749999989,0.0034223749999999996,133.0,4.712883174060594,0.5996886314626484,1.8063162349781272,-0.000235351454558592,8.988614047630126e-5,-8.798853401706375e-5,0.060686357155964904,-0.3062446415424347,0.14528235793113708,0.2232312262058258,1.8158366680145264,0.3603843152523041,-0.3278985023498535,-1.0345814228057861,-0.5686432719230652,-1.812466025352478,1.159299373626709,1.022830605506897,-1.233908772468567
0.4551758749999989,0.0034223749999999996,133.0,4.748576769879334,0.6337288695016892,1.8087314847079399,-7.020241854051303e-5,2.690544590679012e-5,-2.5699989371592803e-5,0.06072669862314904,-0.3044491708278656,0.14785228669643402,0.22532746195793152,1.8266704082489014,0.38288798928260803,-0.3450472354888916,-1.040274739265442,-0.5761907696723938,-1.820774793624878,1.1440906524658203,1.0195611715316772,-1.2371959686279297
0.4551758749999989,0.0034223749999999996,133.0,4.783122566406792,0.6662978912568849,1.8101120275505584,0.00015153285351450762,-5.85735527159577e-5,5.4673646007924614e-5,0.06074498660484574,-0.30163583159446716,0.1504063457250595,0.2288697063922882,1.838878870010376,0.3955470621585846,-0.3615584373474121,-1.0572841167449951,-0.5835787653923035,-1.81585693359375,1.114466905593872,1.0050013065338135,-1.2419157028198242
0.4551758749999989,0.0034223749999999996,133.0,4.817996952558794,0.6961493633869955,1.8103744020400436,0.00035769189835923703,-0.00013773342393851522,0.00012540002081121054,0.06089769891876486,-0.2982514798641205,0.15054230391979218,0.23031464219093323,1.8429673910140991,0.41275539994239807,-0.38173460960388184,-1.066125512123108,-0.5901831984519958,-1.8163647651672363,1.0933279991149902,1.0147372484207153,-1.2394733428955078
0.4551758749999989,0.0034223749999999996,133.0,4.85105652350903,0.7275109008671835,1.8126748632366898,0.0005659943053221304,-0.00021897421709131496,0.00019442838305892157,0.06091391675238329,-0.2963423430919647,0.15171998739242554,0.2315378487110138,1.8483561277389526,0.42163270711898804,-0.3924121856689453,-1.0779989957809448,-0.5932154059410095,-1.818075180053711,1.0796241760253906,1.014997959136963,-1.2418538331985474
0.4551758749999989,0.0034223749999999996,133.0,4.883441695107628,0.7581311739963794,1.8146253922678368,0.0008128146902364158,-0.00031597925820888703,0.0002747190129649172,0.060915683059231784,-0.2943117320537567,0.15435157716274261,0.2326030433177948,1.855610728263855,0.44049909710884094,-0.4081399440765381,-1.0808154344558716,-0.5965684056282043,-1.8254330158233643,1.0672454833984375,1.0121744871139526,-1.2458056211471558
0.4551758749999989,0.0034223749999999996,133.0,4.915016217193763,0.7883425817539491,1.8174400472135526,0.0009900959372887094,-0.00038537893435870046,0.0003275855097531402,0.060919484776292526,-0.2928943932056427,0.15562704205513,0.23183783888816833,1.8563916683197021,0.4521028399467468,-0.41814613342285156,-1.0830671787261963,-0.5946678519248962,-1.837546706199646,1.0675690174102783,1.0222852230072021,-1.2486388683319092
0.4551758749999989,0.0034223749999999996,133.0,4.9457017895404825,0.8174566977648724,1.8204603010821607,0.001218609186895862,-0.00047389985526321416,0.00039088133511195965,0.0609077144782052,-0.29105302691459656,0.15835098922252655,0.23444470763206482,1.86733078956604,0.4722933769226074,-0.4328341484069824,-1.0899875164031982,-0.6034863591194153,-1.8357363939285278,1.0469043254852295,1.0102072954177856,-1.2506896257400513
0.4551758749999989,0.0034223749999999996,133.0,4.975753103986749,0.8449898194623073,1.8224732502718657,0.0013914012278359816,-0.0005433951718864631,0.00043851025506409997,0.06095644484683859,-0.28871819376945496,0.1633235365152359,0.23996177315711975,1.8864474296569824,0.5010488033294678,-0.45522141456604004,-1.0966837406158447,-0.6194129586219788,-1.8253570795059204,1.0099751949310303,0.9773252010345459,-1.253646969795227
0.4551758749999989,0.0034223749999999996,133.0,5.004753241802759,0.871398705339609,1.8243030697721825,0.0015837230657898894,-0.0006233611030585055,0.0004915354201250785,0.06098657191903366,-0.2867230474948883,0.16310368478298187,0.23908886313438416,1.8842065334320068,0.50832200050354,-0.4644498825073242,-1.1018898487091064,-0.6176024079322815,-1.8316813707351685,1.0066630840301514,0.9929599761962891,-1.2533849477767944
0.4551758749999989,0.0034223749999999996,133.0,5.0326758325588345,0.8975263776851883,1.826251112273975,0.001813423323592186,-0.0007181157136888254,0.0005561518630667415,0.06102595239440566,-0.28551557660102844,0.16517038643360138,0.24017658829689026,1.8910120725631714,0.5301562547683716,-0.47885799407958984,-1.10049307346344,-0.623608410358429,-1.838304877281189,0.9980301856994629,0.9942970275878906,-1.2542415857315063
0.4551758749999989,0.0034223749999999996,133.0,5.059493078613163,0.9225858195895759,1.8280831504655017,0.0020457668091359055,-0.0008189029059645372,0.0006187177757670609,0.06105506325391003,-0.28394272923469543,0.16525375843048096,0.2404046356678009,1.8920718431472778,0.5356153249740601,-0.48610401153564453,-1.1086300611495972,-0.6243533492088318,-1.8392822742462158,0.9901528358459473,1.0010396242141724,-1.2546377182006836
0.4551758749999989,0.0034223749999999996,133.0,5.085347638250991,0.9465454477365509,1.8294724329299579,0.002299636780343274,-0.0009336529510104163,0.0006883248553019664,0.061113631848434616,-0.28241685032844543,0.16672223806381226,0.24151304364204407,1.896817922592163,0.5458221435546875,-0.497006893157959,-1.113045573234558,-0.6271557211875916,-1.8396248817443848,0.9785778522491455,0.99936842918396,-1.2566139698028564
0.4551758749999989,0.0034223749999999996,133.0,5.110118747374324,0.9698830284088398,1.830081367741393,0.0024850638290865356,-0.0010200757705724022,0.0007412228353179864,0.06116360979593825,-0.28043070435523987,0.16639935970306396,0.24267134070396423,1.8985005617141724,0.5502752661705017,-0.5052323341369629,-1.1239897012710571,-0.6304637789726257,-1.8337851762771606,0.9632604122161865,1.0026791095733643,-1.2550139427185059
0.4551758749999989,0.0034223749999999996,133.0,5.13393331607919,0.9926188659127034,1.8303003863139917,0.002724666164433813,-0.001123212724215791,0.0008086723217966359,0.06120982521562716,-0.2789171636104584,0.1668105125427246,0.2435767948627472,1.9012486934661865,0.5625591278076172,-0.516627311706543,-1.1269489526748657,-0.6345402598381042,-1.8340482711791992,0.9529743194580078,1.008624792098999,-1.2537496089935303
0.4551758749999989,0.0034223749999999996,133.0,5.156618060634793,1.015309397100674,1.8308965050804942,0.0029702993809329063,-0.0012273307654221835,0.0008765131670419491,0.061228161634342845,-0.2779447138309479,0.1670774519443512,0.24292036890983582,1.900635838508606,0.569700300693512,-0.5239629745483398,-1.1281689405441284,-0.6327926516532898,-1.8415793180465698,0.9539351463317871,1.0209134817123413,-1.2550297975540161
0.4551758749999989,0.0034223749999999996,133.0,5.1784765252926155,1.0368653048541863,1.8312508425000775,0.003229338909312623,-0.001338729198128092,0.0009467301326912797,0.06124288067890217,-0.27675142884254456,0.16770128905773163,0.2424013912677765,1.9004169702529907,0.5768129229545593,-0.5322186946868896,-1.1290230751037598,-0.6309749484062195,-1.8479206562042236,0.9526405334472656,1.030362606048584,-1.2567616701126099
0.4551758749999989,0.0034223749999999996,133.0,5.199310512274857,1.0574871844645108,1.8318152576348354,0.0034926468981272426,-0.0014525767783956076,0.001011998912500149,0.06124411444238748,-0.275147408246994,0.1695353239774704,0.24530938267707825,1.9085471630096436,0.5840681791305542,-0.5416214466094971,-1.1388840675354004,-0.6377680897712708,-1.8369938135147095,0.9294672012329102,1.0136845111846924,-1.2579773664474487
0.4551758749999989,0.0034223749999999996,133.0,5.219183412015868,1.0776079704338362,1.8326673578615804,0.0036980842003753486,-0.0015419402849153468,0.0010615644304137486,0.061236540470603826,-0.2743184268474579,0.17064237594604492,0.24560704827308655,1.91038179397583,0.5895236134529114,-0.5480809211730957,-1.1421927213668823,-0.637209951877594,-1.839943528175354,0.9259507656097412,1.014976143836975,-1.260425329208374
0.4551758749999989,0.0034223749999999996,133.0,5.238068571356609,1.0968998462909618,1.8332632650910288,0.003928575345225853,-0.0016408788024254602,0.0011222361917850115,0.06123984299002581,-0.2736554443836212,0.17154115438461304,0.2467590868473053,1.9146355390548706,0.6016862392425537,-0.5564372539520264,-1.1437987089157104,-0.6418809294700623,-1.840720772743225,0.9184234142303467,1.0159060955047607,-1.260028600692749
0.4551758749999989,0.0034223749999999996,133.0,5.256481919792337,1.114744636719283,1.8337387055370828,0.004131508769946385,-0.0017336807392347503,0.0011636155063939457,0.06123478286349807,-0.27228888869285583,0.17251846194267273,0.2477143108844757,1.9168205261230469,0.6028034687042236,-0.5624501705169678,-1.151820421218872,-0.6418386101722717,-1.8376432657241821,0.9075746536254883,1.0109988451004028,-1.262258768081665
0.4551758749999989,0.0034223749999999996,133.0,5.27385060436886,1.1317903232465623,1.8339657971960024,0.004364149834151505,-0.0018379557527225343,0.0012220500754760646,0.061244795091286275,-0.27116337418556213,0.171771839261055,0.24776700139045715,1.9156079292297363,0.6047885417938232,-0.5669355392456055,-1.1585057973861694,-0.6415693163871765,-1.8377411365509033,0.9028751850128174,1.0200002193450928,-1.2614004611968994
0.4551758749999989,0.0034223749999999996,133.0,5.29042378870916,1.1485252433476063,1.8344336777931838,0.004570597270473969,-0.0019274304299631722,0.0012719810770486103,0.061251654350096156,-0.2702227532863617,0.17247937619686127,0.24807599186897278,1.917271375656128,0.6124118566513062,-0.5737743377685547,-1.1589124202728271,-0.6427965760231018,-1.840272307395935,0.8975656032562256,1.022544026374817,-1.2618937492370605
0.4551758749999989,0.0034223749999999996,133.0,5.306281455035167,1.1638241333553672,1.834610885260971,0.004775138107625292,-0.0020171499683062062,0.0013177503015062036,0.06126754155843977,-0.2687216103076935,0.172465980052948,0.24886712431907654,1.9179033041000366,0.6179456114768982,-0.5804352760314941,-1.163069725036621,-0.6452357172966003,-1.8361215591430664,0.8862760066986084,1.0233113765716553,-1.2601053714752197
0.4551758749999989,0.0034223749999999996,133.0,5.321572241480764,1.1780787744567018,1.8349390712335583,0.004935789473863354,-0.0020879203716578673,0.0013451367627051972,0.06128521155219336,-0.2665388286113739,0.17196409404277802,0.24997082352638245,1.917507290840149,0.6195643544197083,-0.5860762596130371,-1.1703853607177734,-0.6480416655540466,-1.8243532180786133,0.8681414127349854,1.0193074941635132,-1.2568769454956055
0.4551758749999989,0.0034223749999999996,133.0,5.336108217974946,1.1914420984955916,1.834791397765764,0.005076079786042057,-0.0021493994681602317,0.0013742095699075371,0.06131915036833901,-0.26444515585899353,0.1722385287284851,0.2509970963001251,1.917585849761963,0.625735342502594,-0.594984769821167,-1.1720584630966187,-0.6509125828742981,-1.8165043592453003,0.8519339561462402,1.0162266492843628,-1.2540791034698486
0.4551758749999989,0.0034223749999999996,133.0,5.3498284239036105,1.2040279325392038,1.8351245873954773,0.005228195097997192,-0.002215400169062342,0.0014008162873532137,0.06134398377157271,-0.26148632168769836,0.169780895113945,0.24931910634040833,1.9080082178115845,0.6227944493293762,-0.5982632637023926,-1.1755545139312744,-0.6464115977287292,-1.8106918334960938,0.8428621292114258,1.0303292274475098,-1.2491408586502075
0.4551758749999989,0.0034223749999999996,133.0,5.362170240973051,1.2166644250747227,1.8358606131395854,0.005394066905456685,-0.002277302033188725,0.0014343353874928869,0.06135850975045796,-0.2604479491710663,0.17049305140972137,0.24946901202201843,1.9082906246185303,0.633959174156189,-0.6062946319580078,-1.1694300174713135,-0.6480985283851624,-1.812567114830017,0.8375177383422852,1.0326781272888184,-1.247782588005066
0.4551758749999989,0.0034223749999999996,133.0,5.373503517042394,1.2289345110099228,1.8370008162287053,0.005565349487130433,-0.0023378777462192716,0.0014692498219767971,0.06136482582909224,-0.26021692156791687,0.1725485473871231,0.25107041001319885,1.9144022464752197,0.6511257290840149,-0.6150953769683838,-1.1611636877059937,-0.65498286485672,-1.812766432762146,0.8286726474761963,1.0242085456848145,-1.2469568252563477
0.4551758749999989,0.0034223749999999996,133.0,5.383838181603898,1.2411339340271053,1.8386412920111272,0.00573611011192467,-0.002390415462676876,0.0015022268746902518,0.06135825196853509,-0.2607164680957794,0.17575126886367798,0.25133511424064636,1.9197102785110474,0.6682566404342651,-0.623441219329834,-1.1469706296920776,-0.6569836735725403,-1.823763132095337,0.8318819999694824,1.0192885398864746,-1.2502797842025757
0.4551758749999989,0.0034223749999999996,133.0,5.393367254775269,1.2521410062667302,1.8400223515590148,0.00592902382301507,-0.0024564082407497645,0.0015426589931321288,0.061358831853823737,-0.2612057626247406,0.18134747445583344,0.2564551532268524,1.937171459197998,0.6888312101364136,-0.6339688301086426,-1.140706181526184,-0.6722307801246643,-1.8125602006912231,0.8066294193267822,0.9754451513290405,-1.2521567344665527
0.4551758749999989,0.0034223749999999996,133.0,5.401911365168658,1.2632626135267244,1.8426742460794956,0.006168468607657362,-0.0025923400649448657,0.001625849994486621,0.06124518480700559,-0.26282885670661926,0.18319904804229736,0.25311729311943054,1.9362797737121582,0.7053139209747314,-0.63680100440979,-1.1195480823516846,-0.6661497950553894,-1.839790940284729,0.8346939086914062,0.9951000213623047,-1.257588267326355
0.4551758749999989,0.0034223749999999996,133.0,5.4095336831138185,1.272723393227325,1.8438868521626883,0.006459853770939075,-0.0026957549070597093,0.0016976421082904021,0.061246359163605726,-0.26380255818367004,0.18593436479568481,0.2539447247982025,1.9433668851852417,0.7254306674003601,-0.6430597305297852,-1.1053638458251953,-0.6727244257926941,-1.846388816833496,0.8347742557525635,0.9883025884628296,-1.2580671310424805
0.4551758749999989,0.0034223749999999996,133.0,5.416497708917988,1.2807310359864532,1.844483543323575,0.0068964819474204,-0.002867703358230377,0.0018105544107129277,0.061259887390979505,-0.2639862596988678,0.18799151480197906,0.2547808587551117,1.948158621788025,0.7392371296882629,-0.6492457389831543,-1.0962225198745728,-0.6772329211235046,-1.847226619720459,0.830188512802124,0.9803484678268433,-1.2583136558532715
0.4551758749999989,0.0034223749999999996,133.0,5.422515822255828,1.2881904405554623,1.8452066294051461,0.007628412493322256,-0.0031581110951317396,0.0020004332152860032,0.06126581259827963,-0.26448318362236023,0.1895064264535904,0.25463125109672546,1.9516448974609375,0.7529834508895874,-0.6540541648864746,-1.0852868556976318,-0.679639995098114,-1.8515247106552124,0.8319261074066162,0.9793679714202881,-1.2594211101531982
0.4551758749999989,0.0034223749999999996,133.0,5.42797798791566,1.2941112822094474,1.8458269303045332,0.009283993633850955,-0.0038462045740173326,0.00241412290777793,0.0612785622675837,-0.26414868235588074,0.19147320091724396,0.2560006082057953,1.9579558372497559,0.7605555653572083,-0.66033935546875,-1.083073377609253,-0.6825162768363953,-1.8414522409439087,0.8188784122467041,0.9597570896148682,-1.2627607583999634
0.4551758749999989,0.0034223749999999996,133.0,5.432327751858855,1.2984161292830054,1.846640072218872,0.01717043807844063,-0.007250036209260091,0.004355421239919961,0.06131640329319599,-0.26283320784568787,0.1889561116695404,0.25801947712898254,1.9689443111419678,0.7638483643531799,-0.6709847450256348,-1.0979074239730835,-0.6818749308586121,-1.8024001121520996,0.7879180908203125,0.9378679990768433,-1.2743672132492065
0.4551758749999989,0.0034223749999999996,133.0,5.464623431901319,-1.177297346819146,1.6868093429745659,-0.015047158023939146,-0.0001207250656602376,-0.006628763283145118,0.06625430018397747,-0.11605069041252136,0.23667337000370026,-0.026072651147842407,1.2935999631881714,0.7557584047317505,-1.3251843452453613,-0.6259726285934448,-0.16829359531402588,-1.249014139175415,0.7930793762207031,1.4911072254180908,-1.1253058910369873
0.4551758749999989,0.0034223749999999996,133.0,5.459639665189636,-1.1716059198608073,1.6867765468773415,-0.008098155856486473,-8.119987628503899e-5,-0.003637745017437092,0.06621627998455501,-0.1169782280921936,0.23732233047485352,-0.028601735830307007,1.291629672050476,0.7803049087524414,-1.3175535202026367,-0.5926095843315125,-0.16610264778137207,-1.2460155487060547,0.8220417499542236,1.4831256866455078,-1.1254456043243408
0.4551758749999989,0.0034223749999999996,133.0,5.453554404076994,-1.165638484123216,1.686350702283337,-0.006655485133618102,-9.4790637543468e-5,-0.0029970609720173457,0.0661745703976689,-0.1197679340839386,0.23910370469093323,-0.028732508420944214,1.2999216318130493,0.7821523547172546,-1.310425043106079,-0.5742415189743042,-0.17138391733169556,-1.2437453269958496,0.8315143585205078,1.457313060760498,-1.1281787157058716
0.4551758749999989,0.0034223749999999996,133.0,5.446761909522463,-1.1593365655216576,1.6855959029825187,-0.006021123330383006,-0.00012884770695319593,-0.0027173053184023532,0.06613904248350304,-0.12158766388893127,0.23952966928482056,-0.03082883358001709,1.3035826683044434,0.7855107188224792,-1.2991888523101807,-0.5501118302345276,-0.17286556959152222,-1.2411751747131348,0.8384871482849121,1.4433388710021973,-1.1303139925003052
0.4551758749999989,0.0034223749999999996,133.0,5.438900775974102,-1.1521115375160063,1.6847089084231066,-0.005653700205251313,-0.00017093616501690919,-0.0025556846480919086,0.06609525043503581,-0.12375479936599731,0.23967759311199188,-0.033893048763275146,1.3075883388519287,0.7894816398620605,-1.283994197845459,-0.5182566046714783,-0.17438256740570068,-1.2384312152862549,0.8460016250610352,1.4282160997390747,-1.1328153610229492
0.4551758749999989,0.0034223749999999996,133.0,5.429935063908358,-1.1463165271451219,1.6811071830461881,-0.005396522692229244,-0.0002485013037215132,-0.0024438064211990745,0.0661393043000336,-0.12335154414176941,0.23815205693244934,-0.03780832886695862,1.302301049232483,0.7899431586265564,-1.271785020828247,-0.48685422539711,-0.1701323390007019,-1.2284834384918213,0.8480734825134277,1.424342393875122,-1.1319928169250488
0.4551758749999989,0.0034223749999999996,133.0,5.420361893463621,-1.137882485581081,1.6797154854486847,-0.005183472653333529,-0.00030831566137012965,-0.0023540021704480107,0.06609011478033593,-0.12564876675605774,0.23824602365493774,-0.041066884994506836,1.3063246011734009,0.7938814759254456,-1.2555444240570068,-0.4531899392604828,-0.17195582389831543,-1.2242618799209595,0.8547658920288086,1.4085254669189453,-1.1342072486877441
0.4551758749999989,0.0034223749999999996,133.0,5.410074870272449,-1.128331427498153,1.6787087846805333,-0.005024745484470111,-0.0003483920407598811,-0.00228351159818181,0.06604828165502821,-0.12801876664161682,0.2383733093738556,-0.044425636529922485,1.3102532625198364,0.7906991839408875,-1.2402546405792236,-0.4178672730922699,-0.17272895574569702,-1.2162436246871948,0.8630146980285645,1.384948968887329,-1.1373004913330078
0.4551758749999989,0.0034223749999999996,133.0,5.398812720776386,-1.1180575189493016,1.6773257739735958,-0.0048830210314944,-0.0004033441513363714,-0.002221359697189389,0.06599271041673872,-0.1307746171951294,0.2382187843322754,-0.04868856072425842,1.3143359422683716,0.792124330997467,-1.2203011512756348,-0.37445375323295593,-0.1741412878036499,-1.208868145942688,0.8716199398040771,1.3625503778457642,-1.139991283416748
0.4551758749999989,0.0034223749999999996,133.0,5.386750105227,-1.1071472804261948,1.6759724074209525,-0.004739181893132503,-0.0004586691618237815,-0.002159681960448954,0.06594094615399947,-0.13324829936027527,0.23745808005332947,-0.05394822359085083,1.3165333271026611,0.794136106967926,-1.1978874206542969,-0.32607847452163696,-0.1739194393157959,-1.2001413106918335,0.8804740905761719,1.341496229171753,-1.1425129175186157
0.4551758749999989,0.0034223749999999996,133.0,5.374339355635924,-1.0953151023784697,1.675012071720003,-0.004603955930303816,-0.0004918900871716002,-0.0020993122786120196,0.06591652864813305,-0.13406646251678467,0.23659828305244446,-0.058135777711868286,1.3146144151687622,0.7886903285980225,-1.1844048500061035,-0.2930043935775757,-0.16984045505523682,-1.1869925260543823,0.8871746063232422,1.3237673044204712,-1.1446950435638428
0.4551758749999989,0.0034223749999999996,133.0,5.3612321085165044,-1.08268198451194,1.674134440480161,-0.004467552469494055,-0.0005151324286131479,-0.002036569501299652,0.0658883625524801,-0.13481038808822632,0.23612278699874878,-0.061466723680496216,1.3134558200836182,0.7902014255523682,-1.1731154918670654,-0.2688463628292084,-0.1672402024269104,-1.1770199537277222,0.8919899463653564,1.314661979675293,-1.1461498737335205
0.4551758749999989,0.0034223749999999996,133.0,5.347758227858506,-1.069118055262793,1.6735710104104404,-0.004348134766776324,-0.0005255152976767203,-0.00197976479525552,0.06588844242993881,-0.1347408890724182,0.2356097251176834,-0.06444698572158813,1.310644268989563,0.7871471047401428,-1.1650195121765137,-0.24977807700634003,-0.1628504991531372,-1.1643612384796143,0.8956830501556396,1.3026316165924072,-1.147704839706421
0.4551758749999989,0.0034223749999999996,133.0,5.333969370215343,-1.055011051854603,1.673225751745145,-0.004193866044265653,-0.0005225993491774253,-0.0019080048291908185,0.06591775132862633,-0.13320207595825195,0.2351919412612915,-0.0663084089756012,1.3052284717559814,0.7829309701919556,-1.163635492324829,-0.2452133148908615,-0.15658456087112427,-1.1521406173706055,0.8954246044158936,1.2967207431793213,-1.148531198501587
0.4551758749999989,0.0034223749999999996,133.0,5.318755847381184,-1.0395708059194473,1.6728174663586775,-0.004003711801755201,-0.0005164396371872514,-0.0018179760262425437,0.06592452719709975,-0.13196784257888794,0.2347397804260254,-0.06861209869384766,1.3003398180007935,0.7783716917037964,-1.1600580215454102,-0.23565611243247986,-0.1509009599685669,-1.1397016048431396,0.8953554630279541,1.287200927734375,-1.1493297815322876
0.4551758749999989,0.0034223749999999996,133.0,5.302683170016077,-1.0232362827544976,1.6726707294064307,-0.0038268994958428467,-0.0005054436707077419,-0.0017328197058866957,0.06593209686177838,-0.13065305352210999,0.23519881069660187,-0.06931906938552856,1.2975894212722778,0.7758179903030396,-1.1607396602630615,-0.23867547512054443,-0.14756131172180176,-1.1315962076187134,0.8918569087982178,1.2797164916992188,-1.1498773097991943
0.4551758749999989,0.0034223749999999996,133.0,5.285812673768692,-1.0065481843843718,1.671993877940809,-0.003622506047324054,-0.0005094916613412997,-0.0016388420458806846,0.06593926967896013,-0.13054075837135315,0.2346758246421814,-0.0727090835571289,1.2948102951049805,0.7693647742271423,-1.1515438556671143,-0.21434342861175537,-0.14371585845947266,-1.118126392364502,0.8932943344116211,1.2594363689422607,-1.1509884595870972
0.4551758749999989,0.0034223749999999996,133.0,5.268986469196619,-0.9890702270551431,1.6721220497115648,-0.0034269094457719104,-0.00048588953527243855,-0.0015476868474710943,0.06599905846887914,-0.12771227955818176,0.2351318895816803,-0.07255944609642029,1.288834571838379,0.7576568126678467,-1.159604549407959,-0.22898408770561218,-0.13729053735733032,-1.107242226600647,0.8862318992614746,1.2524129152297974,-1.1513769626617432
0.4551758749999989,0.0034223749999999996,133.0,5.250147668395417,-0.970064463340133,1.6718869512628942,-0.0032298366563164984,-0.0004750848925521333,-0.0014528204719706254,0.065996777208448,-0.12839815020561218,0.23609670996665955,-0.07414931058883667,1.2906838655471802,0.753437876701355,-1.1529309749603271,-0.21555188298225403,-0.1375541090965271,-1.0976709127426147,0.8857607841491699,1.2286655902862549,-1.1528682708740234
0.4551758749999989,0.0034223749999999996,133.0,5.230887093362471,-0.9509073522642457,1.6713126243829441,-0.0030487388174147063,-0.00047711750865045053,-0.0013691434232801798,0.06601803953651048,-0.12742897868156433,0.23569609224796295,-0.07717403769493103,1.286164402961731,0.7427663207054138,-1.1469182968139648,-0.1963207721710205,-0.1320192813873291,-1.0801434516906738,0.8844618797302246,1.206038475036621,-1.1538913249969482
0.4551758749999989,0.0034223749999999996,133.0,5.21121790315094,-0.930648411454246,1.67137973130102,-0.002813994664990636,-0.0004485243044935803,-0.0012599342639332994,0.06606685225487584,-0.1261538565158844,0.23709610104560852,-0.07691821455955505,1.28411066532135,0.726373016834259,-1.1514453887939453,-0.20277303457260132,-0.12824779748916626,-1.0653172731399536,0.8797492980957031,1.182836651802063,-1.1553789377212524
0.4551758749999989,0.0034223749999999996,133.0,5.189660663078603,-0.9105015915132657,1.670085867143891,-0.002578898514164613,-0.0004623273975672165,-0.001155985973452596,0.06604842757152422,-0.12661829590797424,0.23520275950431824,-0.08360862731933594,1.2801265716552734,0.7310242652893066,-1.1298043727874756,-0.14987854659557343,-0.12409323453903198,-1.0468080043792725,0.8827431201934814,1.1574935913085938,-1.1558120250701904
0.4551758749999989,0.0034223749999999996,133.0,5.168129886309972,-0.8891057928272481,1.6698903902283144,-0.002356814359597973,-0.00044109886065283184,-0.0010550837611945053,0.06608879263974297,-0.12478673458099365,0.23398004472255707,-0.08775600790977478,1.272704005241394,0.7256481051445007,-1.1215884685516357,-0.12609194219112396,-0.11658787727355957,-1.0273773670196533,0.8794841766357422,1.1380630731582642,-1.156030297279358
0.4551758749999989,0.0034223749999999996,133.0,5.1453003046146675,-0.8666891005347139,1.669668512845623,-0.0021398366000227836,-0.00041177283955072687,-0.0009506561243714246,0.06611925469854787,-0.12379762530326843,0.23344144225120544,-0.09141206741333008,1.2674806118011475,0.7137414813041687,-1.11380934715271,-0.10111947357654572,-0.11030679941177368,-1.0053908824920654,0.8778784275054932,1.1072940826416016,-1.1570792198181152
0.4551758749999989,0.0034223749999999996,133.0,5.121517937844612,-0.8424397619404513,1.6698558804667505,-0.001968644074271929,-0.00037603706605583774,-0.0008663609206531629,0.06614507345377936,-0.12273156642913818,0.2342907041311264,-0.09283062815666199,1.2649774551391602,0.7030147910118103,-1.1111793518066406,-0.09423734247684479,-0.10675638914108276,-0.9880398511886597,0.8719155788421631,1.0798137187957764,-1.158008098602295
0.4551758749999989,0.0034223749999999996,133.0,5.0976489021373785,-0.8182258309241376,1.6704129555002654,-0.0017530218896539545,-0.0003312258020226446,-0.0007712915111449662,0.06623234603138989,-0.1196485161781311,0.23529985547065735,-0.09285670518875122,1.2589311599731445,0.6877341866493225,-1.1173155307769775,-0.10490159690380096,-0.0997198224067688,-0.9703474044799805,0.8613977432250977,1.0601447820663452,-1.1588711738586426
0.4551758749999989,0.0034223749999999996,133.0,5.072067673219033,-0.7934389219669155,1.6702951543489641,-0.0015530258802470274,-0.0003077272717656417,-0.000685332990469156,0.0662690982191547,-0.11851862072944641,0.23468849062919617,-0.09678682684898376,1.253173828125,0.6760232448577881,-1.1085238456726074,-0.07794167101383209,-0.09293627738952637,-0.9463923573493958,0.8583745956420898,1.026405692100525,-1.159895658493042
0.4551758749999989,0.0034223749999999996,133.0,5.045782415277986,-0.768270251256804,1.669844638965356,-0.00135673815541582,-0.00028599161390801327,-0.0005989283212366225,0.06628824605466961,-0.11889582872390747,0.23344260454177856,-0.10251182317733765,1.2490873336791992,0.6716039776802063,-1.0910613536834717,-0.030595261603593826,-0.08860617876052856,-0.9207665920257568,0.8588058948516846,0.9854507446289062,-1.1602061986923218
0.4551758749999989,0.0034223749999999996,133.0,5.018805677234993,-0.7419453214306045,1.6696330585619266,-0.0011946078391654382,-0.0002622594994527918,-0.0005271187491937363,0.06631968928150773,-0.11777743697166443,0.23254862427711487,-0.10691589117050171,1.2422157526016235,0.6586460471153259,-1.0808722972869873,0.0021967790089547634,-0.08125555515289307,-0.8919375538825989,0.8554866313934326,0.9460540413856506,-1.160662055015564
0.4551758749999989,0.0034223749999999996,133.0,4.991324519554093,-0.7150267957362114,1.6694481811419613,-0.001050128696762238,-0.000239784155807181,-0.0004632399777714739,0.06636207260245408,-0.11667826771736145,0.23160001635551453,-0.11146935820579529,1.234812617301941,0.6448603868484497,-1.0700104236602783,0.037337400019168854,-0.07351964712142944,-0.8604837656021118,0.8521184921264648,0.9039511680603027,-1.1609418392181396
0.4551758749999989,0.0034223749999999996,133.0,4.96260802693676,-0.6868845739017312,1.6692800742043383,-0.0008654602921743065,-0.00020459842476721344,-0.00038024896505576644,0.06637890821755199,-0.11412373185157776,0.23109525442123413,-0.11461126804351807,1.2256916761398315,0.6298114657402039,-1.0650227069854736,0.05699688196182251,-0.0643014907836914,-0.8304582238197327,0.8437623977661133,0.8695386648178101,-1.160966396331787
0.4551758749999989,0.0034223749999999996,133.0,4.933021199942891,-0.6583497179318663,1.6688564157142314,-0.0007250388608515606,-0.00018115122418080307,-0.00031731339368114167,0.06637823767678279,-0.11493650078773499,0.22894945740699768,-0.12184697389602661,1.2189222574234009,0.6252368688583374,-1.0428683757781982,0.1219865083694458,-0.05918616056442261,-0.7939206957817078,0.8445394039154053,0.8149804472923279,-1.1593512296676636
0.4551758749999989,0.0034223749999999996,133.0,4.9026755981567325,-0.6288285881183564,1.668620339289156,-0.0005429875832525332,-0.00014138892635992437,-0.00023719230659521826,0.06639429822344788,-0.11486056447029114,0.22703395783901215,-0.1281740367412567,1.210364818572998,0.615971028804779,-1.0251049995422363,0.17773476243019104,-0.05267292261123657,-0.7560405135154724,0.8423593044281006,0.7612293362617493,-1.1572990417480469
0.4551758749999989,0.0034223749999999996,133.0,4.871933620660764,-0.5982169544727659,1.6687482393459687,-0.0003403692862275535,-9.003828523539079e-5,-0.0001484411439189739,0.06644145681673391,-0.11379346251487732,0.2258186787366867,-0.13289415836334229,1.2011480331420898,0.6009190082550049,-1.0134162902832031,0.21753723919391632,-0.045346617698669434,-0.7198325991630554,0.836172342300415,0.7106392979621887,-1.1553354263305664
0.4551758749999989,0.0034223749999999996,133.0,4.840320473655475,-0.5667913287946552,1.6690379820285046,-0.00015871972354217258,-4.278861565039496e-5,-6.919978891324602e-5,0.06649053308601335,-0.1107994019985199,0.22558045387268066,-0.13538941740989685,1.1908427476882935,0.5830442905426025,-1.0100975036621094,0.2345549762248993,-0.03673356771469116,-0.6876314878463745,0.8229324817657471,0.6704182028770447,-1.1535379886627197
0.4551758749999989,0.0034223749999999996,133.0,4.807667132607722,-0.5350147625115556,1.6694202499380426,1.7541063752161706e-5,4.894248507522845e-6,7.65527321341382e-6,0.06653161040718378,-0.1084459125995636,0.22494490444660187,-0.1387890875339508,1.1803090572357178,0.5656429529190063,-1.0032196044921875,0.2612627148628235,-0.028379380702972412,-0.6538525223731995,0.8112685680389404,0.6239533424377441,-1.1512725353240967
0.4551758749999989,0.0034223749999999996,133.0,4.774055973759587,-0.5024640229868251,1.66929662764191,0.00019325861681553167,5.6150674293341936e-5,8.434185517502286e-5,0.06655021859542667,-0.10713797807693481,0.22159360349178314,-0.14592769742012024,1.1659488677978516,0.557835578918457,-0.9864821434020996,0.32321441173553467,-0.02019476890563965,-0.6099510192871094,0.8038105964660645,0.5688568353652954,-1.1451917886734009
0.4551758749999989,0.0034223749999999996,133.0,4.7396152678167125,-0.468530144912607,1.6692038339647925,0.00038282655218730555,0.00011408938268504885,0.0001668433051590692,0.0665709088047535,-0.10567277669906616,0.21972042322158813,-0.15092486143112183,1.1529812812805176,0.5400454998016357,-0.9741590023040771,0.36907076835632324,-0.01217275857925415,-0.5667040944099426,0.7936112880706787,0.5115728378295898,-1.1401653289794922
0.4551758749999989,0.0034223749999999996,133.0,4.704240926614316,-0.4336135628610479,1.6696111257186703,0.0005314639082730998,0.00016061268119573198,0.00023135764605848683,0.06659679740568504,-0.10452857613563538,0.21984566748142242,-0.15350240468978882,1.1442663669586182,0.5212684273719788,-0.9644801616668701,0.39520737528800964,-0.006707191467285156,-0.5329867005348206,0.7806668281555176,0.45894816517829895,-1.1367073059082031
0.4551758749999989,0.0034223749999999996,133.0,4.668076962009633,-0.3982931451291416,1.6698843282739435,0.0006980412388656893,0.0002159598725634591,0.0003041071307378194,0.06662008813237166,-0.1032247245311737,0.21803665161132812,-0.15821748971939087,1.1306965351104736,0.5036736130714417,-0.9516327381134033,0.43952932953834534,0.0009719729423522949,-0.49100935459136963,0.7692036628723145,0.40208208560943604,-1.1307177543640137
0.4551758749999989,0.0034223749999999996,133.0,4.630938561400358,-0.3621582268445252,1.6702374401759326,0.0008743829642804487,0.0002766182329929718,0.0003823234764333847,0.06664221359493225,-0.10192245244979858,0.2160056084394455,-0.1630772054195404,1.1156865358352661,0.4852290749549866,-0.9378478527069092,0.4868169128894806,0.008846044540405273,-0.44639673829078674,0.7569012641906738,0.3428939878940582,-1.1234697103500366
0.4551758749999989,0.0034223749999999996,133.0,4.5931995885858194,-0.32528629120543695,1.6706145218067925,0.0010744155060496048,0.0003469838023834672,0.00047051483107247137,0.06666154625244411,-0.10062170028686523,0.21384654939174652,-0.16787388920783997,1.0994298458099365,0.4655270278453827,-0.923264741897583,0.535475492477417,0.016764014959335327,-0.3994832932949066,0.743537187576294,0.2825843393802643,-1.1149964332580566
0.4551758749999989,0.0034223749999999996,133.0,4.554146898502135,-0.28736639245833256,1.671008541803314,0.0012634001315367479,0.00041872336129181967,0.0005545001023865276,0.06665756999625219,-0.0993223488330841,0.21113234758377075,-0.17312636971473694,1.0805715322494507,0.4450720250606537,-0.9067943096160889,0.5906997323036194,0.025166481733322144,-0.3474970757961273,0.7289571762084961,0.21895712614059448,-1.1044055223464966
0.4551758749999989,0.0034223749999999996,133.0,4.514637603396738,-0.24910423119975722,1.6717852603820933,0.0013839554545274065,0.0004684652817196739,0.0006090091061811191,0.0666751838427514,-0.09936973452568054,0.20914416015148163,-0.17786738276481628,1.062913417816162,0.4236215054988861,-0.8863670825958252,0.6471583843231201,0.031237781047821045,-0.2951273024082184,0.7150983810424805,0.14888817071914673,-1.0925981998443604
0.4551758749999989,0.0034223749999999996,133.0,4.474453090126052,-0.21021224320147264,1.672320539551263,0.0015357067090997322,0.0005327029303212464,0.0006824364528217597,0.06670117984834671,-0.09814709424972534,0.2043890357017517,-0.18458497524261475,1.0365581512451172,0.4057893455028534,-0.8663985729217529,0.7212668657302856,0.04060864448547363,-0.23029498755931854,0.6984751224517822,0.08160759508609772,-1.0755354166030884
0.4551758749999989,0.0034223749999999996,133.0,4.432768449236566,-0.16941713427061675,1.6724722094782905,0.001684222664093997,0.0005954878171111223,0.0007554005034441755,0.06669282042551333,-0.09588474035263062,0.20135843753814697,-0.18881452083587646,1.0122206211090088,0.37688833475112915,-0.8493862152099609,0.7739408016204834,0.049246519804000854,-0.16858835518360138,0.6753242015838623,0.01814102940261364,-1.0596526861190796
0.4551758749999989,0.0034223749999999996,133.0,4.3909731051693806,-0.12769782877391303,1.676333508773589,0.0018179167486632125,0.0006465260516227493,0.0008400365015372478,0.06666504991057001,-0.09595391154289246,0.1950475424528122,-0.19658663868904114,0.9775078892707825,0.36299166083335876,-0.8237321376800537,0.8655866384506226,0.059444695711135864,-0.09437260031700134,0.6593122482299805,-0.04935099184513092,-1.0350738763809204
0.4551758749999989,0.0034223749999999996,133.0,4.345864582425524,-0.08515367734873996,1.677170339778321,0.001908990778462328,0.000705010502779021,0.0008987133079634425,0.06658360607959295,-0.09775391221046448,0.19493651390075684,-0.19861258566379547,0.9682247042655945,0.34450003504753113,-0.8108706474304199,0.8933501243591309,0.05800619721412659,-0.06323134899139404,0.6512823104858398,-0.09864672273397446,-1.024190902709961
0.4551758749999989,0.0034223749999999996,133.0,4.296450532730284,-0.034550246380725645,1.6774024899675273,0.0018785094200302582,0.0005535236155032049,0.0010049452622757419,0.06651457587763471,-0.10110965371131897,0.22177205979824066,-0.1714874804019928,1.076857328414917,0.349225252866745,-0.8859279155731201,0.545893669128418,0.018572479486465454,-0.38788294792175293,0.7101860046386719,0.07995811104774475,-1.0934052467346191
0.4551758749999989,0.0034223749999999996,133.0,4.237117911800702,0.024547268119101816,1.6795727771350062,0.001715220370997451,-8.524371701715432e-5,0.0012035689580577051,0.06595331650826788,-0.12896493077278137,0.24152079224586487,-0.10300406813621521,1.1722044944763184,0.4887206554412842,-0.8601281642913818,-0.04952302947640419,-0.011750519275665283,-1.2403712272644043,1.0360019207000732,0.5898481607437134,-1.1567031145095825
0.4551758749999989,0.0034223749999999996,133.0,4.155381359545974,0.0381795370155214,1.6866819078097002,0.00010474246672726509,-5.415866447237458e-8,7.588135728483536e-5,0.06444421503373457,-0.15993893146514893,0.24833399057388306,-0.07577699422836304,1.1550555229187012,0.4848441779613495,-0.7191424369812012,-0.2957487404346466,0.032693445682525635,-1.643746018409729,1.31467604637146,0.7609596252441406,-1.1829757690429688
0.4551758749999989,0.0034223749999999996,133.0,4.1735404672618115,0.07392691531018572,1.7104122218183915,-0.001846430236148153,0.0002769078337912347,-0.0012813175777974957,0.06250966187384789,-0.2873745262622833,0.11321787536144257,0.07418522238731384,1.5414971113204956,0.45713263750076294,-0.13392043113708496,-0.3615035116672516,-0.4461517930030823,-1.6635186672210693,1.4720079898834229,0.9255719184875488,-1.086904525756836
0.4551758749999989,0.0034223749999999996,133.0,4.19001172515306,0.12302512395551139,1.7423574843648855,-0.0022457434327075552,0.0007849937448016041,-0.0012415328563896181,0.06054404918568836,-0.33388498425483704,0.1024552434682846,0.15968546271324158,1.5717308521270752,0.034665547311306,-0.035569190979003906,-0.8453841209411621,-0.4528471827507019,-1.60605788230896,1.5040831565856934,1.150004267692566,-1.1069998741149902
0.4551758749999989,0.0034223749999999996,133.0,4.228226688977314,0.16996524018965195,1.7543277843634295,-0.002290996647610959,0.0008449495470402216,-0.0011563647788293,0.060125446885723424,-0.3416094481945038,0.10952189564704895,0.18908241391181946,1.6422759294509888,-0.0016554282046854496,-0.04095864295959473,-0.9518643021583557,-0.4623035192489624,-1.5912079811096191,1.4381201267242432,1.0957715511322021,-1.1671644449234009
0.4551758749999989,0.0034223749999999996,133.0,4.272592855266593,0.2147321785775151,1.7608274212446042,-0.00217956951898307,0.0008062926192242937,-0.0010512158699559676,0.06007066594408357,-0.3393569886684418,0.11539206653833389,0.196446031332016,1.674494981765747,0.04933945834636688,-0.07798933982849121,-0.9596387147903442,-0.4735448956489563,-1.636510968208313,1.4055583477020264,1.061475396156311,-1.187997579574585
0.4551758749999989,0.0034223749999999996,133.0,4.317273279799877,0.2574057204839532,1.7659929357335,-0.00200227909368697,0.0007432918852780702,-0.000926342831636473,0.060130262484271495,-0.3338973820209503,0.12164496630430222,0.2065427005290985,1.7146246433258057,0.10749761760234833,-0.11869955062866211,-0.9834942817687988,-0.5022383332252502,-1.651413083076477,1.3370428085327148,1.0193994045257568,-1.1989933252334595
0.4551758749999989,0.0034223749999999996,133.0,4.361000366447,0.2983484487461134,1.7685780628763368,-0.0017763125488377159,0.0006585758592006747,-0.0007999725940979573,0.06024469151514145,-0.32967934012413025,0.12386822700500488,0.20861324667930603,1.7266268730163574,0.14182421565055847,-0.1478121280670166,-0.9885582327842712,-0.5110641121864319,-1.6799954175949097,1.3109843730926514,1.0227787494659424,-1.202170968055725
0.4551758749999989,0.0034223749999999996,133.0,4.40424164310739,0.33852958956765294,1.7712634955056492,-0.001671406381163076,0.0006185714088959445,-0.0007366543258465369,0.0603490365898744,-0.3255898058414459,0.12537559866905212,0.21142753958702087,1.7384049892425537,0.1622878909111023,-0.17074108123779297,-1.0038937330245972,-0.5199738144874573,-1.6931049823760986,1.279977560043335,1.0249536037445068,-1.2049866914749146
0.4551758749999989,0.0034223749999999996,133.0,4.4467415348717845,0.37833181572975216,1.7743138885089458,-0.0014314326180411474,0.0005311073471246459,-0.0006154080842152554,0.060396034341199285,-0.32243797183036804,0.12818218767642975,0.2138058841228485,1.7515044212341309,0.1925792098045349,-0.19521331787109375,-1.0093594789505005,-0.5286378264427185,-1.7119401693344116,1.2573878765106201,1.0222499370574951,-1.20939302444458
0.4551758749999989,0.0034223749999999996,133.0,4.488272177165228,0.41755877378374334,1.7774228907399665,-0.0012458066080105355,0.0004634330350825352,-0.0005237960228642673,0.060464211289918295,-0.32034024596214294,0.13096465170383453,0.21256038546562195,1.7553991079330444,0.2159416824579239,-0.21380305290222168,-1.0026605129241943,-0.525740921497345,-1.7468042373657227,1.258751630783081,1.0334224700927734,-1.21636962890625
0.4551758749999989,0.0034223749999999996,133.0,4.528942509735506,0.45608419685056956,1.780568425032921,-0.0010145562582384619,0.0003773339749004501,-0.00041421475208899654,0.06052246091915987,-0.31730028986930847,0.13363634049892426,0.21473726630210876,1.767743468284607,0.24563650786876678,-0.2372128963470459,-1.0079127550125122,-0.5346347689628601,-1.7624703645706177,1.2371675968170166,1.03206467628479,-1.2198084592819214
0.4551758749999989,0.0034223749999999996,133.0,4.568760827099475,0.49320646765735987,1.7832581990676228,-0.0008070271745449703,0.0003016191978270368,-0.0003224573116317105,0.06059501211857163,-0.31367483735084534,0.13866987824440002,0.22018101811408997,1.7909916639328003,0.2861437201499939,-0.2669248580932617,-1.0171897411346436,-0.5512229800224304,-1.769303321838379,1.1976194381713867,1.0063234567642212,-1.2262840270996094
0.4551758749999989,0.0034223749999999996,133.0,4.607581883467742,0.5296374417614731,1.785749299111153,-0.0006100332660652243,0.00022836125021643476,-0.00023803939863286384,0.06064473242589243,-0.310601145029068,0.14084585011005402,0.2220343053340912,1.8010749816894531,0.31259700655937195,-0.2887439727783203,-1.0230951309204102,-0.5591668486595154,-1.7813431024551392,1.1768159866333008,1.0072113275527954,-1.2284460067749023
0.4551758749999989,0.0034223749999999996,133.0,4.645484485675068,0.5650579164648002,1.7882618930126548,-0.00041906042882368887,0.00015795729965247275,-0.00016043717394230745,0.06069779024001066,-0.3077533543109894,0.14299140870571136,0.22387006878852844,1.8106673955917358,0.33704492449760437,-0.3091764450073242,-1.0293750762939453,-0.5667906403541565,-1.7906513214111328,1.1570675373077393,1.0071673393249512,-1.2304311990737915
0.4551758749999989,0.0034223749999999996,133.0,4.682274812843192,0.599864923030571,1.7904846947131816,-0.0002351615086175207,8.89416728280578e-5,-8.832018035146797e-5,0.060728736754800554,-0.30531635880470276,0.14517326653003693,0.22565540671348572,1.820097804069519,0.36012348532676697,-0.3282756805419922,-1.0345832109451294,-0.573883593082428,-1.7989271879196167,1.1397004127502441,1.006732702255249,-1.2327905893325806
0.4551758749999989,0.0034223749999999996,133.0,4.717981711017704,0.6338412001022705,1.7928811597688594,-7.013765714244647e-5,2.6620270204112932e-5,-2.58010780660787e-5,0.06077244752632836,-0.3040538728237152,0.1468367874622345,0.22449877858161926,1.8216590881347656,0.37248921394348145,-0.33986711502075195,-1.033780813217163,-0.5704277157783508,-1.819915533065796,1.144103765487671,1.020357370376587,-1.238000512123108
0.4551758749999989,0.0034223749999999996,133.0,4.752544564836665,0.6663583350381939,1.7942351525691045,0.00015137018219155382,-5.7956466010721764e-5,5.490238993627318e-5,0.06079488513757049,-0.3011969029903412,0.14938464760780334,0.2280692756175995,1.8340116739273071,0.3853967487812042,-0.35665178298950195,-1.0509397983551025,-0.5779678225517273,-1.8150901794433594,1.1142034530639648,1.0058187246322632,-1.2427107095718384
0.4551758749999989,0.0034223749999999996,133.0,4.787374028126849,0.6962259112426269,1.794463754565884,0.0003572713839796726,-0.0001363034071615106,0.00012596719854432526,0.060949292330208654,-0.297807902097702,0.14953073859214783,0.2294900119304657,1.8381259441375732,0.40269532799720764,-0.3769721984863281,-1.0595033168792725,-0.5845606923103333,-1.8158167600631714,1.0932750701904297,1.0155988931655884,-1.240305781364441
0.4551758749999989,0.0034223749999999996,133.0,4.820424661993467,0.7275697336163437,1.7967306845893365,0.0005652487909557478,-0.0002167255161239077,0.00019534974993581377,0.060968885570719354,-0.2958519756793976,0.15070752799510956,0.23071345686912537,1.8435425758361816,0.4118248522281647,-0.38787293434143066,-1.071416974067688,-0.5877004265785217,-1.817642092704773,1.0793771743774414,1.0159624814987183,-1.242605447769165
0.4551758749999989,0.0034223749999999996,133.0,4.852737168981526,0.7582337914609922,1.798672433200757,0.0008117892554269306,-0.0003128377650981365,0.00027609615934599,0.06096829207292102,-0.29381659626960754,0.1533886343240738,0.23178157210350037,1.8509551286697388,0.43093442916870117,-0.40364670753479004,-1.0742088556289673,-0.5910516381263733,-1.8253761529922485,1.0670359134674072,1.012815237045288,-1.2467159032821655
0.4551758749999989,0.0034223749999999996,133.0,4.884290180686548,0.7884484965167167,1.8014413419832516,0.0009887676667397944,-0.0003816369048245411,0.00032925953291195473,0.06097379071799172,-0.29236581921577454,0.15467314422130585,0.23102763295173645,1.8517787456512451,0.4426221549510956,-0.4137873649597168,-1.0765551328659058,-0.5891887545585632,-1.8375953435897827,1.0671987533569336,1.0228527784347534,-1.2495532035827637
0.4551758749999989,0.0034223749999999996,133.0,4.914927052694889,0.8175885257532155,1.804420210269032,0.0012169850438585158,-0.00046932371314071587,0.0003929808118910497,0.06096199711064215,-0.29050788283348083,0.157427579164505,0.23364338278770447,1.8628329038619995,0.46302157640457153,-0.42863893508911133,-1.0835679769515991,-0.597995936870575,-1.836055040359497,1.046504259109497,1.0106619596481323,-1.2517327070236206
0.4551758749999989,0.0034223749999999996,133.0,4.944923335174343,0.8451781204881448,1.806431181985047,0.0013896942757969312,-0.0005381779418304896,0.0004409715951296052,0.06100827962062181,-0.2881852686405182,0.16246753931045532,0.23917856812477112,1.882200837135315,0.49220284819602966,-0.45117712020874023,-1.0902992486953735,-0.6139186024665833,-1.8261229991912842,1.0097198486328125,0.9774421453475952,-1.2549444437026978
0.4551758749999989,0.0034223749999999996,133.0,4.973979784582952,0.8715429910654233,1.8082902093062319,0.001582113143987244,-0.0006171980520937037,0.0004940447038525043,0.0610365572309467,-0.2861590087413788,0.16225478053092957,0.2383122742176056,1.8799669742584229,0.4993383288383484,-0.46054625511169434,-1.0954771041870117,-0.6120933890342712,-1.8323158025741577,1.0062382221221924,0.9929754734039307,-1.2547017335891724
0.4551758749999989,0.0034223749999999996,133.0,5.001939315277866,0.8976754629511885,1.8102926915934643,0.0018121793483849822,-0.0007107442966730543,0.0005586903683574727,0.061071321496048055,-0.2849757969379425,0.16437380015850067,0.2394510805606842,1.8869937658309937,0.5213302969932556,-0.47502756118774414,-1.094247579574585,-0.6181527972221375,-1.8390964269638062,0.9976179599761963,0.9939479827880859,-1.2557264566421509
0.4551758749999989,0.0034223749999999996,133.0,5.028852844656764,0.9226537025472532,1.812208178909569,0.002045106280452067,-0.0008100938867213923,0.0006209622877377388,0.06109670090279841,-0.28336790204048157,0.16445079445838928,0.23968419432640076,1.8880401849746704,0.5269528031349182,-0.48244166374206543,-1.102523922920227,-0.6189640164375305,-1.8400129079818726,0.9895741939544678,1.0007959604263306,-1.2560415267944336
0.4551758749999989,0.0034223749999999996,133.0,5.054855570804874,0.9464293579929547,1.8136785300437603,0.0022998592873345477,-0.0009227391701603151,0.000689618439212363,0.06115388292922177,-0.2814472019672394,0.16597916185855865,0.24233922362327576,1.89580500125885,0.5366047024726868,-0.49394941329956055,-1.112810492515564,-0.6259203553199768,-1.831146478652954,0.967015266418457,0.989587664604187,-1.2567734718322754
0.4551758749999989,0.0034223749999999996,133.0,5.07973581142605,0.969680573792019,1.814474665561962,0.0024863830678659056,-0.0010075498109034292,0.0007409005781934435,0.06120169024592157,-0.27979859709739685,0.16555988788604736,0.24199339747428894,1.894522786140442,0.5415301322937012,-0.5017666816711426,-1.1181098222732544,-0.6252512335777283,-1.8338963985443115,0.962151050567627,1.002262830734253,-1.2562893629074097
0.4551758749999989,0.0034223749999999996,133.0,5.1035586036594625,0.9923498993130251,1.814990165455456,0.0027220304840373053,-0.0011150474038817964,0.0008100438337588073,0.06125974372219955,-0.278718501329422,0.16599558293819427,0.2415231168270111,1.8948365449905396,0.5542293190956116,-0.5124156475067139,-1.116355061531067,-0.6255709528923035,-1.8428360223770142,0.9623069763183594,1.0164673328399658,-1.2564438581466675
0.4551758749999989,0.0034223749999999996,133.0,5.126308567108816,1.0149338200067188,1.8155282233178658,0.002966614187832144,-0.0012180686008996116,0.0008785782173247458,0.061284699976868515,-0.2777201235294342,0.16754050552845,0.2418074905872345,1.898078441619873,0.5670284032821655,-0.523061990737915,-1.1148396730422974,-0.6268741488456726,-1.8493247032165527,0.9585237503051758,1.0205501317977905,-1.2584710121154785
0.4551758749999989,0.0034223749999999996,133.0,5.1482067387203205,1.036482595154504,1.8159869966022344,0.0032254455064991395,-0.0013283800430963562,0.0009486768845630915,0.06130024772966729,-0.2763471305370331,0.1679316610097885,0.24216106534004211,1.8993935585021973,0.5733864307403564,-0.5309977531433105,-1.1194366216659546,-0.6277922987937927,-1.8498365879058838,0.9509479999542236,1.025325059890747,-1.2589362859725952
0.4551758749999989,0.0034223749999999996,133.0,5.169104410697675,1.0569401762081692,1.8164930705514,0.003487611201597081,-0.0014416167059745318,0.0010138337912236053,0.061307330732285385,-0.27458712458610535,0.16847726702690125,0.24465641379356384,1.9048094749450684,0.5770604610443115,-0.5381429195404053,-1.1329132318496704,-0.633819043636322,-1.8372515439987183,0.9287223815917969,1.0146442651748657,-1.2582285404205322
0.4551758749999989,0.0034223749999999996,133.0,5.189040130620545,1.0770536544085805,1.8172741704155018,0.0036918350768755195,-0.0015303570334336018,0.0010641293906871845,0.06130472109270095,-0.2736372649669647,0.1697777658700943,0.24496588110923767,1.906596302986145,0.5810960531234741,-0.5449531078338623,-1.1366859674453735,-0.6323457360267639,-1.8400417566299438,0.9246563911437988,1.014694094657898,-1.261543869972229
0.4551758749999989,0.0034223749999999996,133.0,5.207918061289277,1.0963637267362718,1.8180274601944197,0.0039230707783691815,-0.0016287651012203519,0.0011232901630339866,0.061303540441845196,-0.273099809885025,0.17037154734134674,0.2459169328212738,1.910357117652893,0.5935312509536743,-0.5524163246154785,-1.138207197189331,-0.6371116042137146,-1.8415403366088867,0.9188158512115479,1.0178477764129639,-1.2605698108673096
0.4551758749999989,0.0034223749999999996,133.0,5.226325410905373,1.114223712580673,1.8184609667340197,0.004125339337263914,-0.001720980510655502,0.0011655279511056378,0.06129949471303586,-0.27167078852653503,0.1717604100704193,0.24713405966758728,1.9134478569030762,0.5945829153060913,-0.5592219829559326,-1.1464664936065674,-0.6371116042137146,-1.8379254341125488,0.9063916206359863,1.0099490880966187,-1.263646125793457
0.4551758749999989,0.0034223749999999996,133.0,5.243688775131156,1.131281556611209,1.8186938684203438,0.004357647980830242,-0.001824452473878669,0.0012241819130947872,0.061309576475717276,-0.27055397629737854,0.17103542387485504,0.2471957504749298,1.9123122692108154,0.5966237187385559,-0.5637285709381104,-1.1531755924224854,-0.6368805766105652,-1.8381003141403198,0.9017295837402344,1.018905520439148,-1.2628278732299805
0.4551758749999989,0.0034223749999999996,133.0,5.260244752859674,1.1480202461694797,1.8191985948152278,0.004564178917036598,-0.0019131384647682278,0.0012740547616288834,0.061315009068633866,-0.2694588005542755,0.17185789346694946,0.24845454096794128,1.9160337448120117,0.6038978099822998,-0.5705420970916748,-1.1566636562347412,-0.640670120716095,-1.8352537155151367,0.8899879455566406,1.0147616863250732,-1.2627452611923218
0.4551758749999989,0.0034223749999999996,133.0,5.276107365929744,1.1633051976803812,1.8192879099623136,0.004767649629593665,-0.0020023630689443993,0.001321025505233805,0.06133315974992831,-0.2680743634700775,0.17170821130275726,0.2482728660106659,1.9145225286483765,0.6098664402961731,-0.5774271488189697,-1.1576485633850098,-0.6405075192451477,-1.8365018367767334,0.885129451751709,1.0225205421447754,-1.261488676071167
0.4551758749999989,0.0034223749999999996,133.0,5.291390300719575,1.1775611326740223,1.8196108652375245,0.004928068728920782,-0.0020726313184292995,0.0013487295627666643,0.06135065220987496,-0.2657128870487213,0.17145651578903198,0.250243216753006,1.9160032272338867,0.610281765460968,-0.5831763744354248,-1.1682196855545044,-0.6450212597846985,-1.8200377225875854,0.8610708713531494,1.0116969347000122,-1.2583653926849365
0.4551758749999989,0.0034223749999999996,133.0,5.305917056992774,1.1909337247694094,1.8194992603676443,0.005068513093917599,-0.0021336111706755307,0.0013775737756967017,0.06138348348330535,-0.2638082802295685,0.17151986062526703,0.25045105814933777,1.9144400358200073,0.6178594827651978,-0.5920863151550293,-1.16692054271698,-0.6463205218315125,-1.8169264793395996,0.8506984710693359,1.0151818990707397,-1.2555588483810425
0.4551758749999989,0.0034223749999999996,133.0,5.319638561926237,1.2035225743380074,1.8198102610453484,0.005220130649676941,-0.002199122135722409,0.0014045999692590876,0.06140938125568272,-0.2608344852924347,0.16904978454113007,0.24876245856285095,1.9048515558242798,0.6149356365203857,-0.5954816341400146,-1.1702969074249268,-0.6418481469154358,-1.8111249208450317,0.841620683670044,1.029467225074768,-1.2505810260772705
0.4551758749999989,0.0034223749999999996,133.0,5.331979051330375,1.2161456002680016,1.8205523218172226,0.00538592761350645,-0.0022606758513816854,0.001438006424212705,0.06142310021917111,-0.25979140400886536,0.16976934671401978,0.24892911314964294,1.9051814079284668,0.6261431574821472,-0.6035459041595459,-1.1643015146255493,-0.6435545086860657,-1.8129892349243164,0.8362219333648682,1.0316871404647827,-1.249250054359436
0.4551758749999989,0.0034223749999999996,133.0,5.3433172211065205,1.2283900818431464,1.821668163466733,0.0055567324394393165,-0.00232099965649572,0.0014730769379989036,0.06142985412080707,-0.25953659415245056,0.1718147099018097,0.2505365312099457,1.9112610816955566,0.6433569192886353,-0.6124491691589355,-1.1561169624328613,-0.6504124999046326,-1.813141107559204,0.8272755146026611,1.0232326984405518,-1.2484197616577148
0.4551758749999989,0.0034223749999999996,133.0,5.353654800269235,1.2406116927923887,1.8233829328174198,0.005727892123980443,-0.002372834266399201,0.0015047490081638,0.06142234239119671,-0.2600989043712616,0.17570160329341888,0.25173166394233704,1.9194079637527466,0.6627323031425476,-0.621694803237915,-1.1420326232910156,-0.6552470326423645,-1.8210102319717407,0.8254613876342773,1.010556936264038,-1.2516804933547974
0.4551758749999989,0.0034223749999999996,133.0,5.363172050416293,1.2516112419012395,1.8247265953881195,0.0059201475515682726,-0.002438488233421021,0.0015461326826505149,0.06142312425749515,-0.26054278016090393,0.18068157136440277,0.25597456097602844,1.9342714548110962,0.6813201308250427,-0.6313629150390625,-1.1358232498168945,-0.6676835417747498,-1.8129726648330688,0.805138349533081,0.9737763404846191,-1.253835678100586
0.4551758749999989,0.0034223749999999996,133.0,5.371732041286081,1.2626995482666286,1.8273328223833072,0.006158776824232556,-0.002574282037623754,0.0016299643340719086,0.06130972308213001,-0.2621200382709503,0.1825065314769745,0.2526231110095978,1.9332011938095093,0.6978641152381897,-0.6342530250549316,-1.1148006916046143,-0.6615236401557922,-1.8401480913162231,0.8330888748168945,0.9935568571090698,-1.2591694593429565
0.4551758749999989,0.0034223749999999996,133.0,5.379359394812713,1.2721505284799741,1.8285346382407526,0.006449576996348545,-0.0026770393682974255,0.0017019100731501808,0.06131106539445682,-0.2630806863307953,0.1852509081363678,0.253455251455307,1.9402674436569214,0.7180516123771667,-0.640547513961792,-1.1006622314453125,-0.6680601239204407,-1.846698522567749,0.8331093788146973,0.9866164922714233,-1.259666919708252
0.4551758749999989,0.0034223749999999996,133.0,5.386321892837917,1.2801566610669852,1.8291484118858445,0.00688574494161333,-0.002847873357199937,0.0018147537730343734,0.06132385034334332,-0.263268381357193,0.18732671439647675,0.2543061673641205,1.94511878490448,0.7319008111953735,-0.6467258930206299,-1.0915930271148682,-0.6725636124610901,-1.847503423690796,0.8284926414489746,0.978431224822998,-1.259976863861084
0.4551758749999989,0.0034223749999999996,133.0,5.392336927975015,1.2876415323286687,1.8299623809773853,0.007617533611713229,-0.0031360166777548663,0.002003228026120146,0.061328295781486436,-0.26380160450935364,0.18891116976737976,0.25418707728385925,1.9488067626953125,0.7456899285316467,-0.6513774394989014,-1.0807749032974243,-0.675014078617096,-1.851750373840332,0.8302359580993652,0.976739764213562,-1.2612379789352417
0.4551758749999989,0.0034223749999999996,133.0,5.397798065528045,1.2935847847094393,1.8306449290522784,0.009271572236581442,-0.003819378667021824,0.0024158347009151974,0.06134006437724485,-0.26349225640296936,0.19131280481815338,0.25671157240867615,1.9578291177749634,0.7540134191513062,-0.6579253673553467,-1.0808699131011963,-0.6810500025749207,-1.8368635177612305,0.8104381561279297,0.9483845829963684,-1.2640457153320312
0.4551758749999989,0.0034223749999999996,133.0,5.40215716229438,1.2978541933339862,1.831323900172233,0.017144035105011345,-0.007202275179166233,0.0043650403137423036,0.06137983124067912,-0.262160986661911,0.1887698471546173,0.25874558091163635,1.9686211347579956,0.7576851844787598,-0.6687591075897217,-1.0959627628326416,-0.680350124835968,-1.7978812456130981,0.7792346477508545,0.9269055128097534,-1.275514841079712
0.4551758749999989,0.0034223749999999996,133.0,5.434050914230473,-1.17815017095344,1.672300118906724,-0.015032108406079988,-0.00020660978224878743,-0.006620439258321272,0.06628669214188589,-0.11391252279281616,0.23550474643707275,-0.02894154191017151,1.287331461906433,0.7453579902648926,-1.319831371307373,-0.6036340594291687,-0.16021060943603516,-1.2324862480163574,0.789724588394165,1.4740054607391357,-1.12717866897583
0.4551758749999989,0.0034223749999999996,133.0,5.4290720397976795,-1.172463172962957,1.672276971816287,-0.008090275958724077,-0.00012692127192952732,-0.0036325422276191283,0.06624856314010694,-0.11486214399337769,0.23616506159305573,-0.03146982192993164,1.2853403091430664,0.7694869637489319,-1.3122296333312988,-0.57044917345047,-0.1580755114555359,-1.229512333869934,0.8190317153930664,1.4656001329421997,-1.1272364854812622
0.4551758749999989,0.0034223749999999996,133.0,5.423000618756988,-1.1665071316168507,1.6718464769768717,-0.006648772410712674,-0.00013221892199912188,-0.002992520355177962,0.06620749968555534,-0.11764606833457947,0.23795372247695923,-0.03159680962562561,1.2935032844543457,0.7712405920028687,-1.305213451385498,-0.5524284243583679,-0.1633002758026123,-1.2271755933761597,0.8284618854522705,1.4397090673446655,-1.129897117614746
0.4551758749999989,0.0034223749999999996,133.0,5.416213259636754,-1.160203231257825,1.6711055589538728,-0.00601479192347018,-0.00016207367447981823,-0.0027127952254981627,0.06617255811471907,-0.11947572231292725,0.23838156461715698,-0.03369545936584473,1.2971407175064087,0.7746241688728333,-1.2940001487731934,-0.5283898711204529,-0.164789080619812,-1.2244994640350342,0.8354091644287109,1.4254679679870605,-1.1319997310638428
0.4551758749999989,0.0034223749999999996,133.0,5.408361012837631,-1.1529801633867611,1.6702286345374624,-0.005647221112120736,-0.00020164022010827753,-0.002550946796812448,0.06612936119018127,-0.12164419889450073,0.238524928689003,-0.036762535572052,1.301093578338623,0.7786439061164856,-1.2788498401641846,-0.49660560488700867,-0.16630619764328003,-1.2215418815612793,0.8428514003753662,1.4099900722503662,-1.1344478130340576
0.4551758749999989,0.0034223749999999996,133.0,5.399394306272332,-1.1471812118887799,1.6666417186923397,-0.005391006922916793,-0.00027740482899521105,-0.0024391484373797066,0.06617371518359516,-0.12124380469322205,0.23698440194129944,-0.040687114000320435,1.295837163925171,0.7791541218757629,-1.266618251800537,-0.46504703164100647,-0.1621077060699463,-1.21132230758667,0.8448996543884277,1.4056380987167358,-1.1336030960083008
0.4551758749999989,0.0034223749999999996,133.0,5.389830584312755,-1.1387518777381929,1.6652603474485816,-0.005177552551502978,-0.00033575179430461564,-0.0023489853548913867,0.06612525119664601,-0.12354379892349243,0.23707565665245056,-0.043934911489486694,1.2998169660568237,0.7831594347953796,-1.250478982925415,-0.43158119916915894,-0.16394060850143433,-1.2069361209869385,0.8514983654022217,1.3895487785339355,-1.1357626914978027
0.4551758749999989,0.0034223749999999996,133.0,5.379552388305893,-1.1291960158057999,1.6642747284797177,-0.005018752211868101,-0.0003740382341469107,-0.002278231473367728,0.06608435551329671,-0.12592777609825134,0.23720474541187286,-0.047293514013290405,1.303710699081421,0.7800772190093994,-1.2352497577667236,-0.39638587832450867,-0.1647329330444336,-1.198750615119934,0.859668493270874,1.3656142950057983,-1.1388009786605835
0.4551758749999989,0.0034223749999999996,133.0,5.36829967923741,-1.1189224081923785,1.662908084050035,-0.0048769063025295555,-0.00042763865619592213,-0.0022158164395626513,0.06602966538471758,-0.12869223952293396,0.2370452880859375,-0.0515497624874115,1.3077397346496582,0.7816189527511597,-1.2153935432434082,-0.3531420826911926,-0.16615968942642212,-1.1911431550979614,0.8681778907775879,1.3428308963775635,-1.141422152519226
0.4551758749999989,0.0034223749999999996,133.0,5.356248589091736,-1.1080133855993652,1.6615716847275548,-0.004732959306617934,-0.0004816568663246398,-0.0021538949353312833,0.06597885278496157,-0.13116949796676636,0.23627488315105438,-0.05680680274963379,1.3098777532577515,0.7837420701980591,-1.1930861473083496,-0.3048320412635803,-0.16595911979675293,-1.182093858718872,0.8769280910491943,1.3212578296661377,-1.1438610553741455
0.4551758749999989,0.0034223749999999996,133.0,5.343840098479785,-1.0961761072545129,1.6606313043961733,-0.004597792874576027,-0.0005135534453566853,-0.002093366147801609,0.06595498736411948,-0.13200169801712036,0.23540782928466797,-0.0609951913356781,1.307949185371399,0.7783915996551514,-1.1796543598175049,-0.27174755930900574,-0.161934494972229,-1.1687825918197632,0.8835630416870117,1.303185224533081,-1.1459773778915405
0.4551758749999989,0.0034223749999999996,133.0,5.330736449938188,-1.083543778164175,1.6597655698208291,-0.004461438222449325,-0.0005358527549648148,-0.002030560097309927,0.06592732149336497,-0.13274723291397095,0.23492181301116943,-0.06433132290840149,1.3067593574523926,0.7799083590507507,-1.168424367904663,-0.24749834835529327,-0.1593678593635559,-1.1586207151412964,0.8883137702941895,1.2937889099121094,-1.1473664045333862
0.4551758749999989,0.0034223749999999996,133.0,5.317257136939239,-1.0699707607262237,1.6592233394562959,-0.004342174590592195,-0.000545075463349899,-0.001973719518030274,0.06592772152589542,-0.13269007205963135,0.23440131545066833,-0.06732326745986938,1.303938627243042,0.7768735885620117,-1.160323143005371,-0.22826695442199707,-0.15502005815505981,-1.1458463668823242,0.8919632434844971,1.2814688682556152,-1.1488697528839111
0.4551758749999989,0.0034223749999999996,133.0,5.303463214340131,-1.0558653460898353,1.6588825556054865,-0.004188095545269124,-0.0005414541082995519,-0.0019020842627841975,0.06595695541207046,-0.13115385174751282,0.23397281765937805,-0.06918588280677795,1.2985191345214844,0.7726505994796753,-1.1589465141296387,-0.2236134111881256,-0.1487976312637329,-1.133641242980957,0.8916523456573486,1.2755273580551147,-1.1496491432189941
0.4551758749999989,0.0034223749999999996,133.0,5.288248296524129,-1.0404284533841939,1.6584802133495373,-0.00399813189755166,-0.0005344044965289562,-0.001812236604202566,0.06596392627670862,-0.12993237376213074,0.23352131247520447,-0.0714520812034607,1.2936750650405884,0.7681631445884705,-1.1554913520812988,-0.2143627107143402,-0.14321208000183105,-1.1214083433151245,0.8914999961853027,1.266129970550537,-1.1503931283950806
0.4551758749999989,0.0034223749999999996,133.0,5.272183432770776,-1.0240957833613684,1.6583477315877673,-0.003821464622033869,-0.0005222389666399682,-0.0017272478384127085,0.06597243275735008,-0.12862557172775269,0.2339777797460556,-0.07215791940689087,1.29092538356781,0.7655739784240723,-1.1561591625213623,-0.21729156374931335,-0.13990354537963867,-1.113296627998352,0.8879868984222412,1.2585550546646118,-1.150909662246704
0.4551758749999989,0.0034223749999999996,133.0,5.2553026761602295,-1.0074123860810207,1.6576775871931433,-0.0036172202178993613,-0.0005255226827466343,-0.0016334736532528742,0.06597973319428159,-0.12851008772850037,0.2334374338388443,-0.07554778456687927,1.2880836725234985,0.7591982483863831,-1.1470155715942383,-0.19292539358139038,-0.13608521223068237,-1.0996372699737549,0.8893146514892578,1.2379586696624756,-1.1519314050674438
0.4551758749999989,0.0034223749999999996,133.0,5.238464526782151,-0.989940807246788,1.6578143120373874,-0.003421795737022626,-0.0005012394089848065,-0.0015426505204915483,0.06603992807915839,-0.1256827712059021,0.2338770627975464,-0.07543334364891052,1.2820920944213867,0.7474580407142639,-1.1549253463745117,-0.20711155235767365,-0.1296757459640503,-1.0886505842208862,0.8822669982910156,1.2307559251785278,-1.1522877216339111
0.4551758749999989,0.0034223749999999996,133.0,5.219632825935626,-0.9709555484999095,1.6575889684660263,-0.003224719767482797,-0.0004896081508581368,-0.0014480955433618155,0.06603926296314845,-0.12634730339050293,0.23482342064380646,-0.07704958319664001,1.2837729454040527,0.7431954741477966,-1.1482491493225098,-0.19343076646327972,-0.12988120317459106,-1.0786677598953247,0.8816838264465332,1.2065762281417847,-1.1536695957183838
0.4551758749999989,0.0034223749999999996,133.0,5.200366725848521,-0.9518199667251557,1.6570360414049072,-0.0030435743655710815,-0.0004907312400500475,-0.0013647670680917224,0.06606204987383345,-0.1257798969745636,0.23530030250549316,-0.0787542462348938,1.2813359498977661,0.7284625172615051,-1.1456682682037354,-0.1814764142036438,-0.12593013048171997,-1.0613068342208862,0.8802156448364258,1.1793339252471924,-1.155051827430725
0.4551758749999989,0.0034223749999999996,133.0,5.180674969100517,-0.9315969975925811,1.6571239258720132,-0.0028088453991392086,-0.0004612933218221973,-0.0012562515876684225,0.06611232029800497,-0.12408506870269775,0.23577994108200073,-0.07988831400871277,1.2769776582717896,0.7160714268684387,-1.1465990543365479,-0.17996296286582947,-0.1204843521118164,-1.0456314086914062,0.8755180835723877,1.159980297088623,-1.1560484170913696
0.4551758749999989,0.0034223749999999996,133.0,5.159110333288821,-0.9114479448341222,1.6559156575733978,-0.0025738747013289514,-0.000473039595535188,-0.001152532426809281,0.06609664175173122,-0.12457001209259033,0.23387254774570465,-0.08660414814949036,1.2729288339614868,0.720771074295044,-1.1249563694000244,-0.1265278458595276,-0.11637908220291138,-1.0263961553573608,0.8784651756286621,1.1332775354385376,-1.1563599109649658
0.4551758749999989,0.0034223749999999996,133.0,5.137571152359001,-0.8901261022923226,1.65573582588338,-0.002351768681991285,-0.0004512959458283018,-0.0010523146104079628,0.06613835245488564,-0.12269547581672668,0.23260746896266937,-0.09077125787734985,1.2653205394744873,0.7153095006942749,-1.1168124675750732,-0.1023498922586441,-0.10881179571151733,-1.006354808807373,0.8750317096710205,1.113145112991333,-1.1564512252807617
0.4551758749999989,0.0034223749999999996,133.0,5.114602901698036,-0.8676513493761815,1.6556179722557935,-0.002137066172183042,-0.0004134719712064489,-0.0009462339267000516,0.06617457766527915,-0.12177637219429016,0.23203632235527039,-0.09455189108848572,1.2600736618041992,0.7035733461380005,-1.108569860458374,-0.07609930634498596,-0.10254818201065063,-0.9838827252388,0.8735799789428711,1.0810192823410034,-1.1574559211730957
0.4551758749999989,0.0034223749999999996,133.0,5.090807955510792,-0.8435516711069175,1.6557516680607511,-0.0019642671158362408,-0.00038136115572487596,-0.0008646356322533711,0.06620139651206917,-0.1205807626247406,0.2328275740146637,-0.09596315026283264,1.2571911811828613,0.6926535964012146,-1.1061956882476807,-0.0693986564874649,-0.09879595041275024,-0.9661068916320801,0.8671364784240723,1.0535751581192017,-1.1582120656967163
0.4551758749999989,0.0034223749999999996,133.0,5.066905802524967,-0.8192237504566035,1.6563535399926006,-0.001749321568279457,-0.0003353304144424666,-0.0007702829534596264,0.06628420282306481,-0.11757749319076538,0.23384106159210205,-0.09599903225898743,1.2512924671173096,0.6774114966392517,-1.1120390892028809,-0.079535573720932,-0.09195393323898315,-0.9485188722610474,0.8566267490386963,1.0335204601287842,-1.159028172492981
0.4551758749999989,0.0034223749999999996,133.0,5.041340064667147,-0.7944198637127639,1.656241413113728,-0.0015499405015949154,-0.00031101131663733363,-0.0006844525078151737,0.06631801442581574,-0.1164700984954834,0.2332206815481186,-0.099884033203125,1.2454980611801147,0.6658287048339844,-1.1033391952514648,-0.05275464057922363,-0.08527636528015137,-0.9245641827583313,0.8534016609191895,0.9995806217193604,-1.1599059104919434
0.4551758749999989,0.0034223749999999996,133.0,5.014921235660695,-0.7691946524319017,1.6557806213027917,-0.0013540755675629048,-0.00028791794999438584,-0.0005986229815012645,0.06633552685926539,-0.11686277389526367,0.23188461363315582,-0.10570812225341797,1.2411237955093384,0.6617347002029419,-1.0856728553771973,-0.004493111744523048,-0.08088594675064087,-0.8983637690544128,0.8537535667419434,0.9578824043273926,-1.159990668296814
0.4551758749999989,0.0034223749999999996,133.0,4.988123931732285,-0.7428956650910118,1.6555722118643068,-0.001192625881160068,-0.00026436123991826566,-0.0005262295532768808,0.06636253969324574,-0.11573764681816101,0.23101963102817535,-0.10997822880744934,1.2341759204864502,0.6486583948135376,-1.0758709907531738,0.02752966806292534,-0.07369780540466309,-0.8694162368774414,0.8500728607177734,0.9183167219161987,-1.1601998805999756
0.4551758749999989,0.0034223749999999996,133.0,4.960649241944756,-0.7159629850789233,1.6553840516931821,-0.0010484689083151589,-0.00024148599069235722,-0.00046241228538097557,0.06640367485835419,-0.11463752388954163,0.23003548383712769,-0.11452823877334595,1.2265623807907104,0.6349319219589233,-1.0650393962860107,0.06285589933395386,-0.0660088062286377,-0.8376362919807434,0.8464481830596924,0.8757575750350952,-1.160220742225647
0.4551758749999989,0.0034223749999999996,133.0,4.93193061376191,-0.6878087497194887,1.655220068249221,-0.0008641226970937102,-0.000205866546706285,-0.00037956360291874095,0.06642017284036181,-0.11207890510559082,0.229484423995018,-0.11770635843276978,1.2172197103500366,0.6198267936706543,-1.059917688369751,0.08317974209785461,-0.056836485862731934,-0.807130753993988,0.8378794193267822,0.840652346611023,-1.1599762439727783
0.4551758749999989,0.0034223749999999996,133.0,4.902347157693647,-0.6592611470865994,1.6548136579337405,-0.0007239118714519844,-0.00018208562375866407,-0.0003167163209113209,0.06642056953329054,-0.11287644505500793,0.22728489339351654,-0.12494972348213196,1.2100141048431396,0.6152900457382202,-1.0378882884979248,0.14852285385131836,-0.05170327425003052,-0.7697306275367737,0.8383135795593262,0.78507399559021,-1.1579363346099854
0.4551758749999989,0.0034223749999999996,133.0,4.871990607283932,-0.6297286903511137,1.6545937551688883,-0.0005421257211672589,-0.00014200582775582713,-0.00023677725943117451,0.06643738797818517,-0.11279606819152832,0.22532711923122406,-0.1312568187713623,1.2010910511016846,0.6060895323753357,-1.0202560424804688,0.2043621838092804,-0.04521036148071289,-0.7312958240509033,0.835773229598999,0.7306549549102783,-1.155493140220642
0.4551758749999989,0.0034223749999999996,133.0,4.841224735280201,-0.5991198725503375,1.6547343270500972,-0.00033980044366133344,-9.040853914239061e-5,-0.00014822853002728273,0.06648542939739747,-0.1117226779460907,0.22406959533691406,-0.13596773147583008,1.1915419101715088,0.5910869240760803,-1.0085923671722412,0.24435648322105408,-0.03790551424026489,-0.6946436762809753,0.8292415142059326,0.6795217990875244,-1.1531728506088257
0.4551758749999989,0.0034223749999999996,133.0,4.809597366232718,-0.5676841033695257,1.6550332217191324,-0.0001584590304777237,-4.292605977814276e-5,-6.912144737262982e-5,0.06653393921444127,-0.10874775052070618,0.2238026112318039,-0.13843390345573425,1.1810860633850098,0.5732284784317017,-1.0052268505096436,0.2614608108997345,-0.029407262802124023,-0.6623948812484741,0.8157308101654053,0.6390936374664307,-1.1511070728302002
0.4551758749999989,0.0034223749999999996,133.0,4.776917215158041,-0.5359158560820236,1.6554257474929595,1.7509736566247693e-5,4.906030611093259e-6,7.648002933605553e-6,0.06657332184839065,-0.10639184713363647,0.22312204539775848,-0.14182475209236145,1.170227289199829,0.5558031797409058,-0.9982829093933105,0.2884829640388489,-0.021098613739013672,-0.6282276511192322,0.8037419319152832,0.592139482498169,-1.148468255996704
0.4551758749999989,0.0034223749999999996,133.0,4.743301620559401,-0.5033464728653639,1.6553385021757856,0.00019291995526951296,5.6274078594744133e-5,8.4313803612368e-5,0.06659234423582865,-0.10508507490158081,0.21971391141414642,-0.14894133806228638,1.1553387641906738,0.5479009747505188,-0.9816536903381348,0.3508935570716858,-0.012934386730194092,-0.5833373069763184,0.7958688735961914,0.5359392166137695,-1.1418282985687256
0.4551758749999989,0.0034223749999999996,133.0,4.708816701739971,-0.46931779944209073,1.6551763757497466,0.00038222653476864337,0.00011428225746652778,0.00016677432097673696,0.06660964668636343,-0.10359400510787964,0.21773111820220947,-0.1539401113986969,1.1418081521987915,0.5300820469856262,-0.969379186630249,0.3972949981689453,-0.00497204065322876,-0.5390783548355103,0.7851235866546631,0.4781029522418976,-1.136178970336914
0.4551758749999989,0.0034223749999999996,133.0,4.673463810231833,-0.43448979962903655,1.6556523753818737,0.0005305922484712464,0.0001607014634023114,0.0002313726775723347,0.06663767034309481,-0.10244780778884888,0.21787111461162567,-0.1564466953277588,1.1327966451644897,0.5112138986587524,-0.9596669673919678,0.4229976236820221,0.0004508495330810547,-0.5054205060005188,0.7717938423156738,0.4253600835800171,-1.1323778629302979
0.4551758749999989,0.0034223749999999996,133.0,4.637278073119599,-0.3991500851074913,1.6559114538098882,0.0006969293596111657,0.00021593770313208395,0.00030421489222605603,0.06665977558386851,-0.1011386513710022,0.21602147817611694,-0.16108167171478271,1.1188206672668457,0.49356648325920105,-0.9469718933105469,0.4669536352157593,0.00806879997253418,-0.4631691873073578,0.7598328590393066,0.3685183823108673,-1.125917911529541
0.4551758749999989,0.0034223749999999996,133.0,4.600135150676264,-0.36301298969451345,1.6562751268574736,0.0008730202213262284,0.00027640791681755254,0.0003825551923286119,0.06668133701277551,-0.099834144115448,0.21397560834884644,-0.16583216190338135,1.1034104824066162,0.47500932216644287,-0.9333512783050537,0.5136790871620178,0.015852361917495728,-0.418393611907959,0.7470057010650635,0.30931925773620605,-1.1181765794754028
0.4551758749999989,0.0034223749999999996,133.0,4.562396180513592,-0.3261546061197803,1.6566934711165244,0.00107276675271444,0.00034627404493790326,0.00047100117599580297,0.06670136277370799,-0.09853819012641907,0.21180346608161926,-0.17053470015525818,1.0866718292236328,0.45511361956596375,-0.9187843799591064,0.5619470477104187,0.02370661497116089,-0.37117716670036316,0.7331321239471436,0.2488933503627777,-1.109153151512146
0.4551758749999989,0.0034223749999999996,133.0,4.523326814496669,-0.2881949013821247,1.6570542196184181,0.0012614647170328963,0.0004178722856140565,0.0005552155862453372,0.06669610383289654,-0.0972089171409607,0.2090270221233368,-0.17569684982299805,1.067155122756958,0.43435242772102356,-0.9024131298065186,0.6168954968452454,0.03207436203956604,-0.3184925317764282,0.7178878784179688,0.1852818876504898,-1.0978662967681885
0.4551758749999989,0.0034223749999999996,133.0,4.483803985099499,-0.2499503419648803,1.657859554601665,0.0013818184763855225,0.00046723724232427616,0.0006101212416732987,0.06671315324681806,-0.09723219275474548,0.20703351497650146,-0.1803099513053894,1.0488431453704834,0.4125739336013794,-0.8819599151611328,0.672542154788971,0.03815653920173645,-0.26578667759895325,0.7034094333648682,0.11553842574357986,-1.0854146480560303
0.4551758749999989,0.0034223749999999996,133.0,4.443591313125666,-0.21100638801216684,1.6583901008077047,0.0015335136122339992,0.0005309325003058814,0.0006838549139138178,0.06673702911209961,-0.0959969162940979,0.20223546028137207,-0.18686559796333313,1.021735429763794,0.3942323923110962,-0.8621048927307129,0.7458294630050659,0.04754984378814697,-0.20024992525577545,0.6860675811767578,0.04877849668264389,-1.067616581916809
0.4551758749999989,0.0034223749999999996,133.0,4.401872458208314,-0.1701437636488688,1.6584831842008327,0.0016819314090110713,0.0005931605226224886,0.0007573691458044988,0.06672608798105666,-0.09369713068008423,0.19914449751377106,-0.19096432626247406,0.9967473745346069,0.364879846572876,-0.8450384140014648,0.7978767156600952,0.056091368198394775,-0.13792641460895538,0.6621561050415039,-0.014159870333969593,-1.0509886741638184
0.4551758749999989,0.0034223749999999996,133.0,4.360072709295028,-0.12826937596617843,1.6621975062953176,0.001816019237544795,0.0006439953041034644,0.0008417187681466478,0.06669265653238879,-0.09364005923271179,0.19267746806144714,-0.1985023021697998,0.9607595801353455,0.3498929440975189,-0.8196876049041748,0.8887255787849426,0.06643301248550415,-0.06150834262371063,0.6449131965637207,-0.08072304725646973,-1.0252772569656372
0.4551758749999989,0.0034223749999999996,133.0,4.314917116904422,-0.08574188198769618,1.6631014051541457,0.0019071422162203013,0.0007020741575731957,0.0009008647268651886,0.06660821577693286,-0.09548649191856384,0.19255760312080383,-0.20035888254642487,0.9511967301368713,0.33178964257240295,-0.8060057163238525,0.9155601263046265,0.06512624025344849,-0.030647268518805504,0.6364984512329102,-0.1285359263420105,-1.0142455101013184
0.4551758749999989,0.0034223749999999996,133.0,4.265400040809477,-0.03533920572870116,1.663402447220082,0.0018743399819050053,0.0005533481290810148,0.0010101003459645908,0.06653329043609495,-0.09903696179389954,0.21897999942302704,-0.1748749017715454,1.058448314666748,0.3383687734603882,-0.8765149116516113,0.5829445123672485,0.027365297079086304,-0.3497605323791504,0.6997206211090088,0.043482765555381775,-1.0837322473526
0.4551758749999989,0.0034223749999999996,133.0,4.205807491121872,0.024013911244477607,1.6652016627447621,0.0017125191513450914,-7.822662899467444e-5,0.0012098592381323897,0.06593541385754233,-0.12564465403556824,0.23759718239307404,-0.10838362574577332,1.1500718593597412,0.47986793518066406,-0.8490798473358154,-0.008751906454563141,-0.00036215782165527344,-1.2086193561553955,1.0261266231536865,0.5666711926460266,-1.146002173423767
0.4551758749999989,0.0034223749999999996,133.0,4.124928193397214,0.03855610966721782,1.671034998290484,0.0001044818966883192,7.117147204059338e-7,7.609468654809684e-5,0.06446511868580161,-0.2583453357219696,0.11090296506881714,0.013164281845092773,1.4609150886535645,0.5337952375411987,-0.13973093032836914,-0.04457077383995056,-0.36129701137542725,-1.492799997329712,1.3833410739898682,0.8380911946296692,-1.093751311302185
0.4551758749999989,0.0034223749999999996,133.0,4.14337215207767,0.07415278764450273,1.6946275928023926,-0.0018428878184525196,0.0002539045296669127,-0.0012855895602003234,0.06255335649791229,-0.28392699360847473,0.10987290740013123,0.06943610310554504,1.5166592597961426,0.4452221691608429,-0.13184523582458496,-0.33496758341789246,-0.43354010581970215,-1.6393109560012817,1.466745138168335,0.9332308769226074,-1.074900507926941
0.4551758749999989,0.0034223749999999996,133.0,4.159394967628058,0.12356472186732026,1.7268273256553115,-0.0022449234946857236,0.0007767028485540152,-0.0012454015509288556,0.0605587873288003,-0.33228108286857605,0.09982463717460632,0.15653344988822937,1.5559736490249634,0.02070004865527153,-0.030649185180664062,-0.8325178623199463,-0.44570308923721313,-1.5928192138671875,1.5039634704589844,1.1679869890213013,-1.0985361337661743
0.4551758749999989,0.0034223749999999996,133.0,4.197636390923373,0.1704699098041538,1.738653199596052,-0.002289634757638004,0.0008367537218191773,-0.0011604787557924266,0.06014706178648482,-0.34123876690864563,0.10771483182907104,0.18744298815727234,1.6330214738845825,-0.01710950955748558,-0.03377413749694824,-0.9439079761505127,-0.4559183120727539,-1.5805662870407104,1.4392938613891602,1.105237603187561,-1.1644024848937988
0.4551758749999989,0.0034223749999999996,133.0,4.24200880540939,0.21530685893850676,1.7451224751980348,-0.0021782964329329227,0.0007985523393464203,-0.0010552168701418961,0.06009270971059715,-0.33919307589530945,0.11389534175395966,0.19517841935157776,1.6668328046798706,0.03455125913023949,-0.07039213180541992,-0.9526270627975464,-0.46721237897872925,-1.6279773712158203,1.4066193103790283,1.0670981407165527,-1.186758279800415
0.4551758749999989,0.0034223749999999996,133.0,4.286697317920222,0.257915975553401,1.7502303005536026,-0.002000980788153724,0.0007360469866585534,-0.0009299557245875822,0.06015582060818529,-0.3338463604450226,0.12028969079256058,0.2055528461933136,1.7080656290054321,0.09351557493209839,-0.11105465888977051,-0.9774560332298279,-0.4959873557090759,-1.6442551612854004,1.3380584716796875,1.0228092670440674,-1.198767900466919
0.4551758749999989,0.0034223749999999996,133.0,4.330422679020624,0.29883040703944636,1.7528505872153834,-0.0017753326432356407,0.0006521817190339637,-0.000802716954614867,0.0602712921170542,-0.3296258747577667,0.122550830245018,0.20762643218040466,1.7202378511428833,0.12804648280143738,-0.14042115211486816,-0.9820022583007812,-0.504729688167572,-1.6736994981765747,1.3120908737182617,1.0259208679199219,-1.2021948099136353
0.4551758749999989,0.0034223749999999996,133.0,4.373591523108472,0.3390404617239013,1.755436714722462,-0.001670131206405474,0.0006126044597097194,-0.0007398390694993666,0.06037707435175468,-0.3254854381084442,0.124103844165802,0.21040210127830505,1.7321308851242065,0.14929455518722534,-0.1637876033782959,-0.9968839883804321,-0.5136308073997498,-1.6882356405258179,1.281205415725708,1.0281572341918945,-1.2051340341567993
0.4551758749999989,0.0034223749999999996,133.0,4.4161030997963096,0.3788799335866848,1.7584475924201692,-0.0014301792966623724,0.0005257461316556312,-0.0006183895838186633,0.06042711770739426,-0.3222648799419403,0.12699611485004425,0.21281787753105164,1.74550199508667,0.18063576519489288,-0.18877124786376953,-1.0022385120391846,-0.5224903225898743,-1.7081060409545898,1.258354663848877,1.024884819984436,-1.209612250328064
0.4551758749999989,0.0034223749999999996,133.0,4.457651845133164,0.4179586382563876,1.7616349678043852,-0.0012449741158558623,0.00045864950481199667,-0.0005258177775268539,0.06049653473040453,-0.32012835144996643,0.12978331744670868,0.2115994393825531,1.7494266033172607,0.20379896461963654,-0.20734333992004395,-0.9958417415618896,-0.5196022391319275,-1.7431296110153198,1.2594163417816162,1.0356413125991821,-1.2166035175323486
0.4551758749999989,0.0034223749999999996,133.0,4.498310971747207,0.4564630370744482,1.764771955755503,-0.0010138569806663424,0.0003734170093805713,-0.000415797695402031,0.060556767967919506,-0.31705912947654724,0.1325019896030426,0.21379026770591736,1.7619426250457764,0.23391883075237274,-0.23101091384887695,-1.001022458076477,-0.5285349488258362,-1.7595036029815674,1.237795114517212,1.0340032577514648,-1.220172643661499
0.4551758749999989,0.0034223749999999996,133.0,4.538125866474254,0.4935281328395637,1.7674374084345228,-0.0008064196739750688,0.00029850435046941364,-0.0003237361175242324,0.06063122087515951,-0.3134016692638397,0.13753990828990936,0.21924880146980286,1.7853797674179077,0.2747870981693268,-0.260958194732666,-1.0102466344833374,-0.5451257824897766,-1.76692795753479,1.1982107162475586,1.008081078529358,-1.2268325090408325
0.4551758749999989,0.0034223749999999996,133.0,4.576933155288818,0.5299265958962041,1.7699034971280714,-0.0006095460612469099,0.00022600604464940083,-0.0002390226338501554,0.06068240430160754,-0.3102974593639374,0.1397414654493332,0.22110852599143982,1.7955836057662964,0.3015480041503906,-0.2830240726470947,-1.0160901546478271,-0.5531107783317566,-1.7795101404190063,1.177368402481079,1.00885808467865,-1.2290725708007812
0.4551758749999989,0.0034223749999999996,133.0,4.614823251821145,0.5653387196540871,1.7724182479119794,-0.00041871802052081736,0.00015632668944450377,-0.00016110185251692367,0.06073705076190587,-0.30743852257728577,0.1419590562582016,0.22298839688301086,1.8054414987564087,0.32649338245391846,-0.30365753173828125,-1.0225573778152466,-0.5608912110328674,-1.7894177436828613,1.157555103302002,1.0083863735198975,-1.231163740158081
0.4551758749999989,0.0034223749999999996,133.0,4.651609835578947,0.6001084403149269,1.774635081391287,-0.00023496266967629458,8.802325813403871e-5,-8.868654593024754e-5,0.060769598981321775,-0.3049822747707367,0.14416980743408203,0.2247937023639679,1.815018653869629,0.3498041331768036,-0.32293176651000977,-1.0278080701828003,-0.5680467486381531,-1.7980670928955078,1.1401257514953613,1.0077810287475586,-1.233603835105896
0.4551758749999989,0.0034223749999999996,133.0,4.6873224698346885,0.6340173945202209,1.776988089453307,-7.006880026175772e-5,2.6342521987049382e-5,-2.5913270655250654e-5,0.0608172427255793,-0.3030587136745453,0.14804193377494812,0.22734025120735168,1.8276135921478271,0.3680014908313751,-0.33998751640319824,-1.0352543592453003,-0.5724988579750061,-1.8067193031311035,1.1227731704711914,0.9948264360427856,-1.2417151927947998
0.4551758749999989,0.0034223749999999996,133.0,4.721895949973873,0.6664831383312249,1.778322293747352,0.00015120741410209316,-5.73442220059854e-5,5.515658226459801e-5,0.06084272808156285,-0.3007824718952179,0.14838746190071106,0.22723302245140076,1.8290880918502808,0.37547212839126587,-0.3516995906829834,-1.0444614887237549,-0.5722975134849548,-1.8147127628326416,1.1142854690551758,1.0068436861038208,-1.243512749671936
0.4551758749999989,0.0034223749999999996,133.0,4.75674133892411,0.6963096038286091,1.7785115863658876,0.00035683242914126166,-0.0001348817243713925,0.00012656114452034968,0.06100101964857963,-0.2973652184009552,0.14850929379463196,0.22864344716072083,1.8331784009933472,0.3927479684352875,-0.37226176261901855,-1.052810549736023,-0.5789234042167664,-1.8153491020202637,1.0933709144592285,1.0167421102523804,-1.2410485744476318
0.4551758749999989,0.0034223749999999996,133.0,4.789777777573147,0.7276443198584626,1.7807879028617102,0.0005645363900252098,-0.00021448157987355643,0.00019627039775527223,0.061022184739986295,-0.295389324426651,0.14969497919082642,0.22986164689064026,1.8386681079864502,0.40197324752807617,-0.3832814693450928,-1.0646315813064575,-0.5821148753166199,-1.8172755241394043,1.079399585723877,1.017124891281128,-1.2433680295944214
0.4551758749999989,0.0034223749999999996,133.0,4.8220588738583015,0.7583072466453781,1.7827182942587223,0.0008107382026395074,-0.0003096163761601607,0.0002774948433776311,0.0610221177095594,-0.29333195090293884,0.15239748358726501,0.23094460368156433,1.8462023735046387,0.4212925434112549,-0.39916419982910156,-1.0674797296524048,-0.5855218768119812,-1.8251991271972656,1.066950798034668,1.013744592666626,-1.2475441694259644
0.4551758749999989,0.0034223749999999996,133.0,4.853561875714695,0.7885871510628738,1.7855203992637363,0.000987558940009954,-0.0003777740174335871,0.0003308240524951209,0.061026993812746406,-0.29190793633461,0.15375761687755585,0.23021724820137024,1.8472529649734497,0.4330398440361023,-0.409252405166626,-1.0697730779647827,-0.5836979746818542,-1.8376100063323975,1.0671629905700684,1.023240089416504,-1.250565528869629
0.4551758749999989,0.0034223749999999996,133.0,4.883937178277905,0.817629915709067,1.7884999079743857,0.001214912448201062,-0.0004652900704756738,0.0003963481711589787,0.061012624120304164,-0.29006871581077576,0.15646493434906006,0.23270216584205627,1.8580199480056763,0.4529678523540497,-0.42374110221862793,-1.0768920183181763,-0.592043936252594,-1.8366626501083374,1.0472180843353271,1.01155686378479,-1.2529244422912598
0.4551758749999989,0.0034223749999999996,133.0,4.914100643469792,0.8453271766728998,1.7903678476964697,0.0013878502801177401,-0.0005328731755735571,0.00044354291142973095,0.0610622587098838,-0.2876451909542084,0.16155864298343658,0.23834839463233948,1.877772569656372,0.48313960433006287,-0.44713735580444336,-1.0835224390029907,-0.6083541512489319,-1.8266851902008057,1.0095713138580322,0.9779444932937622,-1.2561311721801758
0.4551758749999989,0.0034223749999999996,133.0,4.94307377604098,0.8718153166190687,1.7921524898581318,0.0015799931773040465,-0.0006109559599830595,0.0004973467765673187,0.06109080480740519,-0.28563597798347473,0.16140678524971008,0.23742017149925232,1.8755494356155396,0.4905470609664917,-0.4566671848297119,-1.088152527809143,-0.6063832640647888,-1.8335782289505005,1.0066289901733398,0.9937275648117065,-1.2560501098632812
0.4551758749999989,0.0034223749999999996,133.0,4.971102410710651,0.8978939117302666,1.7942410127518666,0.0018104453815296242,-0.0007033807144351658,0.0005619040886868091,0.0611201579128351,-0.2844484746456146,0.16355447471141815,0.23861560225486755,1.8827507495880127,0.5123645067214966,-0.4711799621582031,-1.0870935916900635,-0.6124774813652039,-1.840071439743042,0.9977250099182129,0.9941344261169434,-1.2572089433670044
0.4551758749999989,0.0034223749999999996,133.0,4.998156446898119,0.922699340621569,1.7961513982919228,0.0020434835600793588,-0.0008013515608646576,0.0006239843309123852,0.061146384489806235,-0.28274986147880554,0.1635342240333557,0.23886659741401672,1.8836150169372559,0.5178638696670532,-0.4789104461669922,-1.095727801322937,-0.613368570804596,-1.8405970335006714,0.98917555809021,1.0014965534210205,-1.257262945175171
0.4551758749999989,0.0034223749999999996,133.0,5.024245560026817,0.9464510084000748,1.7977641033591254,0.002299405156266216,-0.0009120873473996916,0.0006921679513674655,0.06119579703681182,-0.28084805607795715,0.16512566804885864,0.24157479405403137,1.8916361331939697,0.5278552174568176,-0.4905059337615967,-1.1062284708023071,-0.6204825043678284,-1.8317686319351196,0.966526985168457,0.9898440837860107,-1.2580896615982056
0.4551758749999989,0.0034223749999999996,133.0,5.049231911776105,0.9696006539653437,1.7987317633011402,0.0024869805337504086,-0.0009951597394082666,0.0007423636239982042,0.06124060403814011,-0.2792007625102997,0.16473178565502167,0.2412678301334381,1.8904776573181152,0.5328633189201355,-0.498302698135376,-1.1118375062942505,-0.6199443936347961,-1.834387183189392,0.9615144729614258,1.0021915435791016,-1.2575956583023071
0.4551758749999989,0.0034223749999999996,133.0,5.0731138970550225,0.9921413694060226,1.7996661177842808,0.002719751456059199,-0.0011065778508906352,0.000811426726538957,0.06130750389698255,-0.2779136598110199,0.16538269817829132,0.24238678812980652,1.894373893737793,0.5446029901504517,-0.5086684226989746,-1.116059422492981,-0.6244425177574158,-1.8343757390975952,0.9513161182403564,1.0053372383117676,-1.2570348978042603
0.4551758749999989,0.0034223749999999996,133.0,5.095935048027349,1.0146652257132787,1.8003915705514062,0.002964622257894721,-0.0012088210055976008,0.0008789045974172829,0.06133146213707797,-0.27697470784187317,0.16700951755046844,0.24264618754386902,1.8977426290512085,0.5576052665710449,-0.5191812515258789,-1.1143946647644043,-0.6256909966468811,-1.841324806213379,0.948063850402832,1.0090540647506714,-1.2592418193817139
0.4551758749999989,0.0034223749999999996,133.0,5.117900423145927,1.0362125868572194,1.800876254983207,0.0032227745988038063,-0.0013181484645866188,0.0009491303781030021,0.06135129260220812,-0.27561888098716736,0.16742606461048126,0.24291911721229553,1.8989911079406738,0.5643497109413147,-0.5272402763366699,-1.1185433864593506,-0.6264981627464294,-1.842538833618164,0.9411141872406006,1.0143507719039917,-1.259757399559021
0.4551758749999989,0.0034223749999999996,133.0,5.138870947812101,1.05651440474438,1.8012897012006688,0.003483617794211038,-0.0014306832566086478,0.0010147188140994829,0.06136512670098551,-0.2740287482738495,0.16774848103523254,0.24406591057777405,1.9014142751693726,0.5683951377868652,-0.5344836711883545,-1.1274244785308838,-0.6289601922035217,-1.837299108505249,0.9276778697967529,1.013106107711792,-1.2597229480743408
0.4551758749999989,0.0034223749999999996,133.0,5.158873053142368,1.0765046767361324,1.80191019874588,0.0036859648970252344,-0.0015187280737038154,0.0010664134389227343,0.06137111556766418,-0.27303990721702576,0.168696328997612,0.24427440762519836,1.9027178287506104,0.5739246606826782,-0.5415871143341064,-1.1305503845214844,-0.6282568573951721,-1.8403185606002808,0.9239232540130615,1.0159755945205688,-1.2617970705032349
0.4551758749999989,0.0034223749999999996,133.0,5.177760167823947,1.0958665038891744,1.8028119938615534,0.003917699840972389,-0.0016163222838423289,0.0011242857413019996,0.061367413198421074,-0.2727413475513458,0.16967818140983582,0.2443450391292572,1.9052314758300781,0.586605966091156,-0.5493452548980713,-1.1282782554626465,-0.6299477219581604,-1.8479738235473633,0.9247705936431885,1.0231060981750488,-1.2627131938934326
0.4551758749999989,0.0034223749999999996,133.0,5.196160438904267,1.1137032542392173,1.8031759754941734,0.004119183082140746,-0.001707958662910619,0.0011675940218667338,0.061364720962976724,-0.2709086239337921,0.1705835461616516,0.24642589688301086,1.9089717864990234,0.5822620987892151,-0.5543107986450195,-1.1440563201904297,-0.6311540007591248,-1.8365684747695923,0.9047098159790039,1.0092542171478271,-1.2651616334915161
0.4551758749999989,0.0034223749999999996,133.0,5.213527696064644,1.130755807127749,1.803410676775395,0.004351156149711808,-0.0018108017010391854,0.001226290225263365,0.061374741165071224,-0.2699849307537079,0.1698845773935318,0.2463570535182953,1.9080971479415894,0.5882207155227661,-0.5597958564758301,-1.147556185722351,-0.6320411562919617,-1.8389124870300293,0.9020371437072754,1.0207831859588623,-1.2635008096694946
0.4551758749999989,0.0034223749999999996,133.0,5.230071038992849,1.1475180176126156,1.8039878577736814,0.004557963056590943,-0.0018986139787625293,0.001275687599005192,0.06137850415445816,-0.26887527108192444,0.1711532324552536,0.24789360165596008,1.912861943244934,0.5956085920333862,-0.56723952293396,-1.1512341499328613,-0.6359886527061462,-1.8355313539505005,0.8888866901397705,1.0133134126663208,-1.2642850875854492
0.4551758749999989,0.0034223749999999996,133.0,5.245929363490799,1.1627741472124296,1.8040140351273386,0.004760740484986246,-0.001987311164256949,0.0013235927551262306,0.06139743183309184,-0.2674512565135956,0.17096291482448578,0.24768927693367004,1.9112176895141602,0.6016194820404053,-0.5742759704589844,-1.1522159576416016,-0.6357926726341248,-1.8367897272109985,0.8839898109436035,1.0214641094207764,-1.2629311084747314
0.4551758749999989,0.0034223749999999996,133.0,5.26119811999417,1.1770288935850663,1.8043043645345151,0.004920708174032233,-0.002057003594701643,0.0013521655085074614,0.06141526865582867,-0.26506730914115906,0.17069387435913086,0.24964335560798645,1.912658929824829,0.6021503806114197,-0.5801942348480225,-1.1627320051193237,-0.640307605266571,-1.8203798532485962,0.8599319458007812,1.0109455585479736,-1.2597689628601074
0.4551758749999989,0.0034223749999999996,133.0,5.27572521274797,1.1904139907052318,1.8041922617263988,0.005060894158726198,-0.0021176214323998187,0.0013811361093761902,0.06144826254790858,-0.263162761926651,0.17077472805976868,0.24987521767616272,1.9112008810043335,0.6098389029502869,-0.5891807079315186,-1.161517858505249,-0.6416725516319275,-1.8172979354858398,0.8495080471038818,1.0143100023269653,-1.25700044631958
0.4551758749999989,0.0034223749999999996,133.0,5.289446507878282,1.2030055635201828,1.8044675497677733,0.005211893559993855,-0.00218277165442899,0.001408807427074685,0.06147524563350493,-0.260174423456192,0.16829167306423187,0.24818703532218933,1.9016175270080566,0.6069886684417725,-0.5927212238311768,-1.1648937463760376,-0.6372453570365906,-1.8115564584732056,0.8404014110565186,1.0288282632827759,-1.251983880996704
0.4551758749999989,0.0034223749999999996,133.0,5.301790564649856,1.215623642285383,1.8052716871799792,0.00537810562706635,-0.002243899147792139,0.0014411316427768675,0.061487241876137494,-0.25914546847343445,0.16904614865779877,0.24838760495185852,1.9021070003509521,0.6181901693344116,-0.6007235050201416,-1.1590298414230347,-0.6390061974525452,-1.8133443593978882,0.8349258899688721,1.0305893421173096,-1.2507554292678833
0.4551758749999989,0.0034223749999999996,133.0,5.313117263691463,1.2278769125928213,1.8063364311051417,0.005548113351790922,-0.0023037740200768887,0.0014773828688431955,0.061495022709029803,-0.25888070464134216,0.17081759870052338,0.24915573000907898,1.9060206413269043,0.6344627141952515,-0.6093192100524902,-1.149696946144104,-0.6433089375495911,-1.8171249628067017,0.8308749198913574,1.0279029607772827,-1.2503721714019775
0.4551758749999989,0.0034223749999999996,133.0,5.323467113635332,1.240072175181502,1.8080603232718375,0.005719094865807912,-0.0023553635527925835,0.001508418657428701,0.06148749231359142,-0.25942346453666687,0.1749904900789261,0.2512088119983673,1.9163367748260498,0.6550170183181763,-0.6190400123596191,-1.136924147605896,-0.6506661772727966,-1.8213958740234375,0.8240478038787842,1.0092978477478027,-1.253222942352295
0.4551758749999989,0.0034223749999999996,133.0,5.332981166145817,1.2510576112167748,1.8093728417538442,0.005910749611068838,-0.0024206390294053345,0.0015504001750166068,0.06148866880837656,-0.259853333234787,0.179968923330307,0.2554645240306854,1.9312080144882202,0.6737589240074158,-0.6288373470306396,-1.130799651145935,-0.6630796790122986,-1.8133662939071655,0.8036472797393799,0.9725164771080017,-1.2554099559783936
0.4551758749999989,0.0034223749999999996,133.0,5.341556732527766,1.2621365756177412,1.8120118427134009,0.006149242847146123,-0.0025562641360296857,0.001633509790995373,0.0613742352924115,-0.26122233271598816,0.18174141645431519,0.2526174485683441,1.9307286739349365,0.6891149282455444,-0.6313884258270264,-1.1121784448623657,-0.6579319834709167,-1.8367944955825806,0.8273484706878662,0.9881263971328735,-1.2602828741073608
0.4551758749999989,0.0034223749999999996,133.0,5.3491772504700545,1.2715812016745833,1.8131808491123178,0.006439276562744919,-0.002658128671888391,0.0017063928042493326,0.06137602487034976,-0.26237425208091736,0.18456727266311646,0.25295206904411316,1.9371682405471802,0.7105726599693298,-0.6379787921905518,-1.095751166343689,-0.663370668888092,-1.8470338582992554,0.8315563201904297,0.9849348068237305,-1.2612906694412231
0.4551758749999989,0.0034223749999999996,133.0,5.356136614911391,1.2795859149922726,1.813799930358805,0.00687484556121862,-0.0028277462207953155,0.0018194709609677367,0.06138841570664423,-0.2625649869441986,0.18665683269500732,0.2538146674633026,1.9420617818832397,0.724456250667572,-0.644169807434082,-1.0867128372192383,-0.6678609251976013,-1.8478269577026367,0.8269181251525879,0.9765807390213013,-1.261655330657959
0.4551758749999989,0.0034223749999999996,133.0,5.362155647425672,1.287073819551524,1.8146410269868458,0.0076057564962753775,-0.0031138865217224697,0.0020076948552992372,0.06139238543535486,-0.2631043493747711,0.18826931715011597,0.2537102997303009,1.945810317993164,0.738290548324585,-0.6487727165222168,-1.0759825706481934,-0.6703135371208191,-1.8520190715789795,0.8286242485046387,0.9745599031448364,-1.2629737854003906
0.4551758749999989,0.0034223749999999996,133.0,5.3676204747397955,1.2929957600839088,1.8152846255208779,0.009256687594948899,-0.0037929224215552454,0.0024220142805147084,0.061404703049394466,-0.26277753710746765,0.19065077602863312,0.2562392055988312,1.954777479171753,0.746740996837616,-0.6554386615753174,-1.0762333869934082,-0.6763244271278381,-1.8371107578277588,0.8087289333343506,0.9463455677032471,-1.2657511234283447
0.4551758749999989,0.0034223749999999996,133.0,5.3719749391097995,1.2972868091328376,1.8159796812086637,0.017117089792201664,-0.007154183445526035,0.004376690264071924,0.06144357445275781,-0.2614668309688568,0.18811456859111786,0.2582700550556183,1.9655263423919678,0.7505155205726624,-0.6662149429321289,-1.0917075872421265,-0.6755523085594177,-1.798089861869812,0.7775123119354248,0.9247647523880005,-1.2772462368011475
0.4551758749999989,0.0034223749999999996,133.0,5.403477611761229,-1.1790119341092529,1.6577850205547981,-0.015016746714319297,-0.00029258751984247107,-0.00661213399281037,0.06631906938146391,-0.11174923181533813,0.23431162536144257,-0.03181737661361694,1.28093421459198,0.7349421977996826,-1.314511775970459,-0.5811614394187927,-0.15210813283920288,-1.2157196998596191,0.7862610816955566,1.456650972366333,-1.1289432048797607
0.4551758749999989,0.0034223749999999996,133.0,5.398499134393898,-1.173322181139302,1.6577833865993343,-0.008082295794282438,-0.00017214393649838078,-0.0036272850951786124,0.06628081482767399,-0.11273181438446045,0.2349877506494522,-0.03435060381889343,1.2789623737335205,0.7586728930473328,-1.306894063949585,-0.5480855703353882,-0.15005046129226685,-1.2127939462661743,0.8159382343292236,1.4477343559265137,-1.12893545627594
0.4551758749999989,0.0034223749999999996,133.0,5.392435889301211,-1.1673673360383088,1.657360835720922,-0.006642053405430551,-0.00016865116152544617,-0.002987843176494067,0.06624043637843985,-0.1155252456665039,0.23679019510746002,-0.03447344899177551,1.2870457172393799,0.7603778839111328,-1.299957275390625,-0.530413031578064,-0.1552410125732422,-1.2104655504226685,0.8253629207611084,1.4217548370361328,-1.1315507888793945
0.4551758749999989,0.0034223749999999996,133.0,5.385657686298258,-1.161069089756756,1.656624005238446,-0.0060084996350188566,-0.00019473151480542752,-0.0027082525744021313,0.0662059546912238,-0.11735454201698303,0.23721590638160706,-0.03657001256942749,1.2906264066696167,0.7637643814086914,-1.2888081073760986,-0.5065184235572815,-0.1567234992980957,-1.2076528072357178,0.83225417137146,1.4072959423065186,-1.1336027383804321
0.4551758749999989,0.0034223749999999996,133.0,5.377813491268557,-1.1538466967337762,1.6557597945662594,-0.005640985610809659,-0.00023173087098269664,-0.0025462847647126107,0.0661634469423606,-0.11952868103981018,0.23735645413398743,-0.03963714838027954,1.2945356369018555,0.7678443789482117,-1.2737035751342773,-0.47483503818511963,-0.1582464575767517,-1.204512357711792,0.8396334648132324,1.391484022140503,-1.136000394821167
0.4551758749999989,0.0034223749999999996,133.0,5.368843215907895,-1.1480404069704588,1.6521907919523595,-0.005385123633199239,-0.0003055706795561485,-0.002434259619599913,0.06620799163289018,-0.11913666129112244,0.23580263555049896,-0.04357039928436279,1.2893259525299072,0.7684327960014343,-1.2614448070526123,-0.443135142326355,-0.15410780906677246,-1.1940488815307617,0.8416666984558105,1.3866597414016724,-1.1351399421691895
0.4551758749999989,0.0034223749999999996,133.0,5.359289568936069,-1.139613791438216,1.6508199343246541,-0.005171511283943251,-0.00036239417624930073,-0.002343831082855659,0.06616027861579578,-0.12143871188163757,0.23589012026786804,-0.04681465029716492,1.2932536602020264,0.7724910974502563,-1.2453887462615967,-0.40979406237602234,-0.15594226121902466,-1.1894444227218628,0.848182201385498,1.370239019393921,-1.1372448205947876
0.4551758749999989,0.0034223749999999996,133.0,5.349021162433728,-1.1300579592372848,1.6498508653255428,-0.005012672596350565,-0.0003991363414547247,-0.0022728860979699178,0.06612024201473915,-0.12383344769477844,0.23601897060871124,-0.050169438123703,1.297098994255066,0.7695151567459106,-1.2302405834197998,-0.37477535009384155,-0.15674930810928345,-1.1810976266860962,0.8562624454498291,1.345992088317871,-1.1402192115783691
0.4551758749999989,0.0034223749999999996,133.0,5.337780626027457,-1.1197874854627279,1.6484965734767711,-0.004870712123395149,-0.0004515223915963567,-0.0022102327645723,0.06606646679213633,-0.12660014629364014,0.2358534336090088,-0.054419517517089844,1.3010553121566772,0.7711557149887085,-1.2104971408843994,-0.3316943049430847,-0.15818166732788086,-1.173220157623291,0.8646554946899414,1.322809100151062,-1.142760992050171
0.4551758749999989,0.0034223749999999996,133.0,5.325735980418366,-1.1088700653891765,1.6471899742585185,-0.004726722157388128,-0.0005038038369051041,-0.0021480413415353727,0.0660167083068963,-0.12909546494483948,0.23507896065711975,-0.05967414379119873,1.3031705617904663,0.7734167575836182,-1.1882662773132324,-0.28343379497528076,-0.15802299976348877,-1.1638926267623901,0.873340368270874,1.3006826639175415,-1.145132303237915
0.4551758749999989,0.0034223749999999996,133.0,5.313330924886705,-1.0970299423604988,1.6462666799811523,-0.00459160928508397,-0.0005345108855582242,-0.0020873820375769928,0.06599340236487677,-0.12993931770324707,0.23420362174510956,-0.06386217474937439,1.3012226819992065,0.7681602239608765,-1.1748950481414795,-0.2503508925437927,-0.15404772758483887,-1.150412917137146,0.8799011707305908,1.2822716236114502,-1.1471781730651855
0.4551758749999989,0.0034223749999999996,133.0,5.3002343357058646,-1.0844031861598358,1.645408055049977,-0.004455280629322102,-0.0005560426670574767,-0.00202453568555124,0.06596627361561476,-0.13068389892578125,0.23370647430419922,-0.06719622015953064,1.2999954223632812,0.769689679145813,-1.1637485027313232,-0.22609248757362366,-0.15151667594909668,-1.1400890350341797,0.8845670223236084,1.272655963897705,-1.1484944820404053
0.4551758749999989,0.0034223749999999996,133.0,5.2867540516151585,-1.0708245920074106,1.6448843453972315,-0.004336126850475188,-0.0005641899504997099,-0.0019676933337593335,0.06596719012456136,-0.13064274191856384,0.23318438231945038,-0.07017913460731506,1.2971879243850708,0.7667083144187927,-1.1557023525238037,-0.2069169133901596,-0.14723461866378784,-1.1273243427276611,0.8881566524505615,1.2601938247680664,-1.1499435901641846
0.4551758749999989,0.0034223749999999996,133.0,5.272953149823136,-1.0567196984620622,1.644550261477789,-0.004182248183443391,-0.0005598457537501553,-0.001896182627780679,0.06599634720054366,-0.12911203503608704,0.23274849355220795,-0.0720314085483551,1.2917829751968384,0.762495756149292,-1.154364824295044,-0.2022910863161087,-0.1410757303237915,-1.115214228630066,0.887779951095581,1.2542773485183716,-1.1506742238998413
0.4551758749999989,0.0034223749999999996,133.0,5.257734450960765,-1.0412841738116376,1.644154957163716,-0.003992496804020337,-0.0005519253752306385,-0.0018065025629450029,0.06600345163379001,-0.12789344787597656,0.23228195309638977,-0.07430702447891235,1.2869170904159546,0.7580137848854065,-1.150895118713379,-0.19285547733306885,-0.13552230596542358,-1.1028821468353271,0.8875763416290283,1.2447030544281006,-1.1513644456863403
0.4551758749999989,0.0034223749999999996,133.0,5.2416737071822395,-1.0249533693742974,1.6440387716088283,-0.0038159509874972847,-0.0005386594702097637,-0.0017217030177347039,0.06601299928749027,-0.12659326195716858,0.2327399104833603,-0.07500138878822327,1.284178376197815,0.755387008190155,-1.1515882015228271,-0.1957836002111435,-0.1322638988494873,-1.0948163270950317,0.8840157985687256,1.2370545864105225,-1.1518404483795166
0.4551758749999989,0.0034223749999999996,133.0,5.224783502902504,-1.0082761228857224,1.6433818152338928,-0.003611780009908455,-0.0005410961962320766,-0.0016281474715206898,0.06602109409763303,-0.1264907717704773,0.23218609392642975,-0.07838678359985352,1.281313180923462,0.7491552233695984,-1.1424798965454102,-0.17146460711956024,-0.1284887194633484,-1.0810658931732178,0.8852858543395996,1.2162466049194336,-1.1527947187423706
0.4551758749999989,0.0034223749999999996,133.0,5.207941406736616,-0.9908300350316587,1.6435147840204634,-0.0034164056809108273,-0.0005164812355383336,-0.0015377463779084521,0.06608200506172289,-0.12362998723983765,0.23258867859840393,-0.07833859324455261,1.275177001953125,0.7372868061065674,-1.1502153873443604,-0.18488304316997528,-0.12201941013336182,-1.0696301460266113,0.8782060146331787,1.2086563110351562,-1.1530684232711792
0.4551758749999989,0.0034223749999999996,133.0,5.189146190932458,-0.9718275460102241,1.643400427332956,-0.0032191532274449095,-0.0005014832570393925,-0.0014434462347648366,0.06608806300236955,-0.12422510981559753,0.2349695861339569,-0.07734814286231995,1.278786301612854,0.7235918045043945,-1.1523549556732178,-0.1895289421081543,-0.12345671653747559,-1.0594193935394287,0.8757219314575195,1.17949378490448,-1.154911994934082
0.4551758749999989,0.0034223749999999996,133.0,5.1698347680622225,-0.9527563510052808,1.6427919290589335,-0.003038053637531796,-0.0005039056402393293,-0.0013607082630111987,0.06610798433787188,-0.12370672821998596,0.2339920550584793,-0.08169615268707275,1.274183988571167,0.7182186841964722,-1.1409437656402588,-0.15888012945652008,-0.11821234226226807,-1.0416038036346436,0.8759310245513916,1.1563054323196411,-1.1556541919708252
0.4551758749999989,0.0034223749999999996,133.0,5.1501194540010085,-0.9325555605232476,1.6429119790918858,-0.0028034535469209257,-0.00047342368862598766,-0.0012528031618396142,0.06615952008328063,-0.122016042470932,0.23445367813110352,-0.08286705613136292,1.2697625160217285,0.7057942748069763,-1.1417458057403564,-0.15694165229797363,-0.11274939775466919,-1.0256438255310059,0.871190071105957,1.136513352394104,-1.1566022634506226
0.4551758749999989,0.0034223749999999996,133.0,5.128562369470632,-0.9124217764003328,1.6417728575548105,-0.002568521627101192,-0.00048341017039189047,-0.001149368924573931,0.06614707498918042,-0.12179812788963318,0.2314596176147461,-0.0909905731678009,1.262251377105713,0.7109249830245972,-1.1180574893951416,-0.09474137425422668,-0.10578256845474243,-1.0023255348205566,0.8744490146636963,1.110373616218567,-1.1564234495162964
0.4551758749999989,0.0034223749999999996,133.0,5.106926801793587,-0.8910948418229799,1.641690133816703,-0.0023500806491037634,-0.0004512991543556746,-0.0010453292883169125,0.06619308801679685,-0.12067949771881104,0.23123948276042938,-0.09383225440979004,1.2579915523529053,0.7051457762718201,-1.1117889881134033,-0.0780782550573349,-0.10111194849014282,-0.985245406627655,0.8707442283630371,1.0873167514801025,-1.1568455696105957
0.4551758749999989,0.0034223749999999996,133.0,5.083867729931447,-0.8686128704598003,1.6415696711131016,-0.0021332508477388307,-0.00041709842527728536,-0.0009437103061069012,0.06622773102607181,-0.11972618103027344,0.23058031499385834,-0.09773421287536621,1.252425193786621,0.6934283375740051,-1.1032629013061523,-0.05056067928671837,-0.09472811222076416,-0.9618375897407532,0.8691046237945557,1.0541757345199585,-1.15765380859375
0.4551758749999989,0.0034223749999999996,133.0,5.060079557213766,-0.8445972195741975,1.641685013222627,-0.001959870969518052,-0.0003863565225066208,-0.0008634414459409762,0.0662554641463662,-0.11846870183944702,0.23134638369083405,-0.09911304712295532,1.2493438720703125,0.6824201345443726,-1.1010799407958984,-0.04411439597606659,-0.09092879295349121,-0.9438939094543457,0.8623201847076416,1.026711106300354,-1.1582587957382202
0.4551758749999989,0.0034223749999999996,133.0,5.036165113965805,-0.820204500656362,1.642295821218151,-0.001745762206354648,-0.00033916189240505755,-0.0007693879287347615,0.06633376675274139,-0.11552286148071289,0.23236790299415588,-0.09910702705383301,1.2435860633850098,0.6672687530517578,-1.1068248748779297,-0.054345373064279556,-0.08426487445831299,-0.9267139434814453,0.851726770401001,1.006847620010376,-1.1590375900268555
0.4551758749999989,0.0034223749999999996,133.0,5.01061286796996,-0.795386675976633,1.6421802462036756,-0.0015470782915455628,-0.00031399106255134275,-0.000683532937592099,0.06636428537795243,-0.1144273579120636,0.23172827064990997,-0.10296407341957092,1.2377028465270996,0.6557968258857727,-1.0981910228729248,-0.027620304375886917,-0.07766211032867432,-0.902656078338623,0.848304033279419,0.9726781249046326,-1.1597509384155273
0.4551758749999989,0.0034223749999999996,133.0,4.984363519311068,-0.7701820706896761,1.6417398215150014,-0.001352027170335715,-0.000290708185100058,-0.0005970908380748775,0.06637763458710094,-0.11481976509094238,0.23042142391204834,-0.10865378379821777,1.2332236766815186,0.6516225934028625,-1.0809741020202637,0.019853610545396805,-0.07341480255126953,-0.8762142658233643,0.8483262062072754,0.93059241771698,-1.1595772504806519
0.4551758749999989,0.0034223749999999996,133.0,4.9574445855534455,-0.7438289787690014,1.6415096966860108,-0.0011907234789449849,-0.0002662904808322954,-0.0005253383206030374,0.06640435658000304,-0.11369618773460388,0.22946850955486298,-0.1130213737487793,1.2259857654571533,0.6387488842010498,-1.070937156677246,0.05283035337924957,-0.06618797779083252,-0.8467605113983154,0.8445117473602295,0.8903799653053284,-1.159538745880127
0.4551758749999989,0.0034223749999999996,133.0,4.929970900209949,-0.7168877008822434,1.641335172342407,-0.0010468245863726811,-0.00024295596135834812,-0.0004616547420114534,0.0664453461678798,-0.11260360479354858,0.2284562587738037,-0.11756554245948792,1.218179702758789,0.6250863075256348,-1.0601234436035156,0.08831685781478882,-0.0585513710975647,-0.8146916031837463,0.8406491279602051,0.8473227620124817,-1.1593111753463745
0.4551758749999989,0.0034223749999999996,133.0,4.901358208642239,-0.6887797876247346,1.6411427321157188,-0.0008629273709294803,-0.0002076913873308484,-0.00037847144879639085,0.06645831411367668,-0.11000925302505493,0.22789335250854492,-0.12066704034805298,1.2086631059646606,0.6098045706748962,-1.0552241802215576,0.10828086733818054,-0.049462854862213135,-0.7840404510498047,0.8316981792449951,0.8121660351753235,-1.158805251121521
0.4551758749999989,0.0034223749999999996,133.0,4.871653728593411,-0.6601729342683113,1.6407926756186502,-0.0007227609024753656,-0.00018291966732442882,-0.0003161949412418577,0.06646338585021347,-0.1108417809009552,0.22562946379184723,-0.12796959280967712,1.201081395149231,0.6055253744125366,-1.0331051349639893,0.17431509494781494,-0.044313251972198486,-0.7459648847579956,0.8319377899169922,0.7554773092269897,-1.1564018726348877
0.4551758749999989,0.0034223749999999996,133.0,4.841284947996461,-0.6306281954812628,1.6405881810946181,-0.0005412302904124679,-0.00014256491564325333,-0.00023642575812551174,0.06648138106894474,-0.11075589060783386,0.22362901270389557,-0.13425526022911072,1.1917831897735596,0.5963904857635498,-1.0156073570251465,0.23022286593914032,-0.03783482313156128,-0.7069903612136841,0.8290276527404785,0.7004342675209045,-1.1535638570785522
0.4551758749999989,0.0034223749999999996,133.0,4.810603016323888,-0.5999498181718006,1.6407486121643693,-0.00033932444485773827,-9.068108781713417e-5,-0.00014794585009845365,0.06652640289522124,-0.10970842838287354,0.22237202525138855,-0.1388893723487854,1.182037353515625,0.5813019871711731,-1.004044771194458,0.2700746953487396,-0.030702173709869385,-0.6699167490005493,0.8221156597137451,0.64875328540802,-1.1508678197860718
0.4551758749999989,0.0034223749999999996,133.0,4.778988882213668,-0.568600326709721,1.641029704368455,-0.00015822034914448718,-4.3138541993475206e-5,-6.898389870623397e-5,0.06657418722668366,-0.10668769478797913,0.22207055985927582,-0.14131581783294678,1.1713002920150757,0.5633366107940674,-1.0007524490356445,0.2870837152004242,-0.022220373153686523,-0.6374877095222473,0.8082044124603271,0.6082303524017334,-1.148503065109253
0.4551758749999989,0.0034223749999999996,133.0,4.7463032117965485,-0.5368536296322723,1.6414328942005512,1.7482344604371924e-5,4.927062957277974e-6,7.633626266881114e-6,0.06661343369637475,-0.10432788729667664,0.22135569155216217,-0.14467903971672058,1.1601369380950928,0.5458544492721558,-0.9937877655029297,0.31422919034957886,-0.013963103294372559,-0.6030306220054626,0.7958827018737793,0.5609100461006165,-1.1455047130584717
0.4551758749999989,0.0034223749999999996,133.0,4.712522932744213,-0.5042097160666035,1.641377590825793,0.0001926108886267865,5.631819256966111e-5,8.428741190197442e-5,0.06663386935001013,-0.10304993391036987,0.21784096956253052,-0.1518489122390747,1.1446634531021118,0.5381177663803101,-0.9770865440368652,0.3775951564311981,-0.005760550498962402,-0.5572341084480286,0.7877190113067627,0.5036556720733643,-1.1383135318756104
0.4551758749999989,0.0034223749999999996,133.0,4.6780354631387535,-0.4701726704829805,1.6412395928324195,0.00038163118265412555,0.0001142412865860979,0.00016677186886942578,0.06665105129656579,-0.10156375169754028,0.21582825481891632,-0.15678617358207703,1.130744218826294,0.5202630758285522,-0.9648873805999756,0.4238838851451874,0.002124309539794922,-0.5125679969787598,0.776526927947998,0.44545993208885193,-1.1321922540664673
0.4551758749999989,0.0034223749999999996,133.0,4.642664094368575,-0.4353405111466293,1.6416831576326318,0.0005297577562590381,0.00016067628091199744,0.0002314377654441865,0.06667750620969018,-0.10038489103317261,0.21590781211853027,-0.1592715084552765,1.1212780475616455,0.5013071894645691,-0.9551501274108887,0.44967684149742126,0.00751262903213501,-0.4784567654132843,0.7627222537994385,0.39256057143211365,-1.1279032230377197
0.4551758749999989,0.0034223749999999996,133.0,4.606474240341344,-0.40000797180086034,1.6419660164363172,0.0006958684694064069,0.00021567894874709,0.00030440206802163434,0.06669913943235517,-0.0990755558013916,0.21403169631958008,-0.16383570432662964,1.1068586111068726,0.48353642225265503,-0.9425134658813477,0.4934442937374115,0.015074104070663452,-0.4358065724372864,0.7502906322479248,0.3354542851448059,-1.1209384202957153
0.4551758749999989,0.0034223749999999996,133.0,4.569345752497204,-0.36391187497723176,1.6424057974872885,0.0008716957720791588,0.0002755779923811274,0.00038296278848282817,0.06672295922870643,-0.09779223799705505,0.21200154721736908,-0.16848313808441162,1.091037631034851,0.46480369567871094,-0.9288854598999023,0.539673924446106,0.02280193567276001,-0.39092567563056946,0.7370314598083496,0.2760772407054901,-1.1127246618270874
0.4551758749999989,0.0034223749999999996,133.0,4.531567717029657,-0.32699102945160385,1.6427577330841376,0.0010711462731627238,0.0003455260138725729,0.0004715946264355647,0.06673975263482922,-0.09644585847854614,0.2097364366054535,-0.1731317639350891,1.0736072063446045,0.4446398615837097,-0.9144275188446045,0.5880466103553772,0.0306168794631958,-0.3427589535713196,0.7224786281585693,0.21540799736976624,-1.102969765663147
0.4551758749999989,0.0034223749999999996,133.0,4.492599994873967,-0.28897521471392074,1.6430616496673527,0.0012599310084492892,0.0004168912788773811,0.000555624001323433,0.06673016259144712,-0.09508273005485535,0.20693837106227875,-0.17813342809677124,1.0535905361175537,0.42344045639038086,-0.898273229598999,0.6421889662742615,0.03884485363960266,-0.28945156931877136,0.7064931392669678,0.15202660858631134,-1.0910396575927734
0.4551758749999989,0.0034223749999999996,133.0,4.452941508721299,-0.25074397815338956,1.643895517164407,0.0013797907610111578,0.00046599761740088563,0.0006112913372467782,0.06674873074028692,-0.09508940577507019,0.2048911452293396,-0.18268579244613647,1.0344655513763428,0.4014248251914978,-0.8776383399963379,0.6975153088569641,0.045046865940093994,-0.23625579476356506,0.6914663314819336,0.08258707076311111,-1.077894687652588
0.4551758749999989,0.0034223749999999996,133.0,4.412693504959428,-0.21175678529723455,1.6444315884755951,0.0015314195688067834,0.0005290690670690785,0.0006854080635897361,0.06677078109542788,-0.09383618831634521,0.20005929470062256,-0.18906648457050323,1.0065898895263672,0.38253533840179443,-0.8578770160675049,0.7699217796325684,0.05446329712867737,-0.1700439155101776,0.6733922958374023,0.01632988266646862,-1.059348464012146
0.4551758749999989,0.0034223749999999996,133.0,4.370964818362742,-0.17086967641219564,1.644521898938188,0.0016797328089492014,0.000590241298122396,0.0007595750999164795,0.06675944491153378,-0.09152328968048096,0.19696004688739777,-0.19300392270088196,0.9810542464256287,0.3527444005012512,-0.8406486511230469,0.8209965229034424,0.06288903951644897,-0.10749543458223343,0.6488096714019775,-0.04595302790403366,-1.0420564413070679
0.4551758749999989,0.0034223749999999996,133.0,4.32909414313498,-0.12891066090290995,1.648187991042954,0.0018143277715778003,0.00064112242597823,0.0008437222696619918,0.06671701944824246,-0.09140810370445251,0.19041220843791962,-0.20026811957359314,0.9440510272979736,0.336893230676651,-0.8154146671295166,0.9104053974151611,0.07337048649787903,-0.029875347390770912,0.6306242942810059,-0.11101663112640381,-1.0154685974121094
0.4551758749999989,0.0034223749999999996,133.0,4.284086902477072,-0.08620988344862446,1.6488181340761354,0.0019076837355809484,0.0006981199951694393,0.0008999351938265486,0.06662555872482555,-0.09306097030639648,0.190027117729187,-0.20204076170921326,0.9334405660629272,0.3185596764087677,-0.8013880252838135,0.9381706118583679,0.0721558928489685,0.00391735415905714,0.620826244354248,-0.15851937234401703,-1.003483772277832
0.4551758749999989,0.0034223749999999996,133.0,4.234355662554365,-0.036143823000579826,1.6493737520640335,0.001870317554944371,0.0005541813537091887,0.0010146849585891445,0.06654998953183486,-0.0947934091091156,0.2115965634584427,-0.18171998858451843,1.026207447052002,0.3264665901660919,-0.8698775768280029,0.6502478122711182,0.042919158935546875,-0.28843453526496887,0.6845338344573975,0.004926325753331184,-1.067176342010498
0.4551758749999989,0.0034223749999999996,133.0,4.174535457890977,0.023411946471931823,1.6508229074708316,0.00170965186550725,-7.004520380109304e-5,0.0012159369082727813,0.06592149681873413,-0.12116280198097229,0.23550540208816528,-0.12036910653114319,1.1349804401397705,0.45783689618110657,-0.8483684062957764,0.07339774072170258,0.006653785705566406,-1.1222847700119019,0.9899773597717285,0.5006629824638367,-1.1383249759674072
0.4551758749999989,0.0034223749999999996,133.0,4.093761809972302,0.0382829008010216,1.6556650671711886,0.00010438858998302082,1.6366784982510805e-6,7.629769900544797e-5,0.06445200255269029,-0.1517973244190216,0.24445496499538422,-0.09576398134231567,1.1176773309707642,0.47293317317962646,-0.7123873233795166,-0.17152585089206696,0.04677766561508179,-1.5550086498260498,1.2780969142913818,0.6980823874473572,-1.1602920293807983
0.4551758749999989,0.0034223749999999996,133.0,4.112773961876048,0.07438046739224674,1.6792268955868475,-0.0018412190178236686,0.00024006646480755113,-0.0012888250248246876,0.06256759728162054,-0.280821293592453,0.11245683580636978,0.052362680435180664,1.5090606212615967,0.48966434597969055,-0.11788249015808105,-0.2098640352487564,-0.41140878200531006,-1.6147156953811646,1.4764933586120605,0.8800402283668518,-1.090286374092102
0.4551758749999989,0.0034223749999999996,133.0,4.128800571732131,0.12409437797816139,1.711417438511229,-0.002244602865114147,0.0007685369068289535,-0.0012484180497508593,0.06057254749342388,-0.32681015133857727,0.10122853517532349,0.14466562867164612,1.5459318161010742,0.07228818535804749,-0.041541099548339844,-0.7670098543167114,-0.44335341453552246,-1.6116864681243896,1.5139684677124023,1.1201142072677612,-1.091383695602417
0.4551758749999989,0.0034223749999999996,133.0,4.166953285015052,0.1710380361993857,1.7230372979005781,-0.0022888172232298923,0.0008294905111792258,-0.001164303186950431,0.06016141428039899,-0.3408118188381195,0.1058228611946106,0.185561865568161,1.6229593753814697,-0.03312522545456886,-0.02642035484313965,-0.935396671295166,-0.4493277072906494,-1.5695360898971558,1.4409289360046387,1.1162614822387695,-1.161045789718628
0.4551758749999989,0.0034223749999999996,133.0,4.211020731403252,0.2159054067874281,1.7293830189309245,-0.0021783933247872924,0.0007892903561717745,-0.0010604263678678663,0.06010025513403201,-0.33810654282569885,0.11257128417491913,0.19699522852897644,1.6679880619049072,0.01867590844631195,-0.06499385833740234,-0.9597232341766357,-0.4680890440940857,-1.6046209335327148,1.3867146968841553,1.062854528427124,-1.1869752407073975
0.4551758749999989,0.0034223749999999996,133.0,4.256102960068321,0.25845653096656956,1.7345260319559819,-0.001999884509633904,0.0007290240368269414,-0.0009334524974726081,0.060178521172446355,-0.33383265137672424,0.11893564462661743,0.20457157492637634,1.7015091180801392,0.07938242703676224,-0.10327315330505371,-0.9714795351028442,-0.4897608160972595,-1.6368414163589478,1.339151382446289,1.0264235734939575,-1.1985218524932861
0.4551758749999989,0.0034223749999999996,133.0,4.299830941209173,0.29930278295962287,1.7371240506198464,-0.001774336464858734,0.000645663789420954,-0.0008056120070566002,0.06029751638096947,-0.3295547068119049,0.12121854722499847,0.20664849877357483,1.7138001918792725,0.11429749429225922,-0.13300251960754395,-0.9757282137870789,-0.49847108125686646,-1.6671279668807983,1.3129839897155762,1.029158115386963,-1.202095627784729
0.4551758749999989,0.0034223749999999996,133.0,4.3429703228973215,0.33953672111051664,1.7396591292580483,-0.0016689595589468357,0.0006064219284358451,-0.0007428049459050751,0.060405779598859656,-0.32542261481285095,0.1228322982788086,0.2094118297100067,1.7258397340774536,0.13607068359851837,-0.15665698051452637,-0.9901671409606934,-0.507352888584137,-1.6827493906021118,1.2824745178222656,1.0312132835388184,-1.2051986455917358
0.4551758749999989,0.0034223749999999996,133.0,4.385485292949607,0.37932772312625807,1.7426440333875548,-0.0014290766963861768,0.0005202734473075342,-0.0006210209063669792,0.060458525663026064,-0.32211223244667053,0.12574508786201477,0.21183833479881287,1.7393474578857422,0.16810186207294464,-0.1821293830871582,-0.99540114402771,-0.5163318514823914,-1.7035173177719116,1.2592713832855225,1.0278260707855225,-1.2096893787384033
0.4551758749999989,0.0034223749999999996,133.0,4.427025677371022,0.4183650488651018,1.7458623506049264,-0.0012441594553327575,0.0004538486193063791,-0.0005278263830504515,0.06052844097272781,-0.3199259340763092,0.1285909116268158,0.2106429636478424,1.7434319257736206,0.19162419438362122,-0.20086121559143066,-0.9890544414520264,-0.5134933590888977,-1.739333152770996,1.2600631713867188,1.0380735397338867,-1.2167859077453613
0.4551758749999989,0.0034223749999999996,133.0,4.467687513984852,0.4568227684467151,1.748975542983162,-0.0010131503152363164,0.0003693791120668154,-0.00041736973712700295,0.06059206935825773,-0.3168066442012787,0.13133549690246582,0.21284672617912292,1.7560813426971436,0.2221471071243286,-0.2248387336730957,-0.9942162036895752,-0.522479236125946,-1.7563310861587524,1.2382838726043701,1.0362286567687988,-1.2204327583312988
0.4551758749999989,0.0034223749999999996,133.0,4.507458644612125,0.4938715501176251,1.751601303599737,-0.0008058416456053471,0.0002954245610721028,-0.00032509420891429044,0.06066500199978895,-0.31311342120170593,0.13640834391117096,0.21830394864082336,1.779697299003601,0.2635599374771118,-0.2550489902496338,-1.0033352375030518,-0.5390357375144958,-1.7645846605300903,1.1987459659576416,1.0100189447402954,-1.2273063659667969
0.4551758749999989,0.0034223749999999996,133.0,4.546275178738364,0.5302214459644977,1.7540434508679452,-0.0006090318028167827,0.00022362201300199584,-0.00024004536784490786,0.06072065728988125,-0.30999556183815,0.13860589265823364,0.22016039490699768,1.789958119392395,0.29031842947006226,-0.2773168087005615,-1.0089191198349,-0.5469947457313538,-1.777414083480835,1.1779756546020508,1.0108067989349365,-1.2296279668807983
0.4551758749999989,0.0034223749999999996,133.0,4.584142589502401,0.5656284611254353,1.756559973708175,-0.0004183764965109615,0.00015469904119462565,-0.00016179729300984526,0.060775266707283525,-0.3071146309375763,0.14090365171432495,0.22209379076957703,1.8001307249069214,0.31593164801597595,-0.2981526851654053,-1.0157238245010376,-0.554984986782074,-1.7880892753601074,1.1579961776733398,1.0098482370376587,-1.2318190336227417
0.4551758749999989,0.0034223749999999996,133.0,4.620923523364506,0.600363270318492,1.7587576035190244,-0.00023475691566401323,8.709964721989718e-5,-8.907436821632117e-5,0.060810282625522835,-0.3046349585056305,0.14314018189907074,0.22390803694725037,1.8098279237747192,0.339526504278183,-0.3176307678222656,-1.0209643840789795,-0.5621932148933411,-1.7971712350845337,1.1405508518218994,1.0091360807418823,-1.2343261241912842
0.4551758749999989,0.0034223749999999996,133.0,4.656668983907909,0.6341504266072672,1.7610501441114619,-6.999314962542984e-5,2.6061066803580852e-5,-2.603175494991181e-5,0.060863817201744566,-0.30265453457832336,0.1469678431749344,0.22646746039390564,1.8224228620529175,0.35779669880867004,-0.33492493629455566,-1.0286197662353516,-0.5667083859443665,-1.8059675693511963,1.1229875087738037,0.9963767528533936,-1.2423745393753052
0.4551758749999989,0.0034223749999999996,133.0,4.691214257304433,0.6666219773348382,1.7624101955002491,0.0001510466383910315,-5.673991691837148e-5,5.541447907363432e-5,0.060889217815038595,-0.300377756357193,0.1473822295665741,0.22637751698493958,1.8241021633148193,0.36554718017578125,-0.34670376777648926,-1.037909746170044,-0.5665907263755798,-1.8143912553787231,1.1144816875457764,1.0080726146697998,-1.2442907094955444
0.4551758749999989,0.0034223749999999996,133.0,4.72608104586951,0.6964206218208524,1.7626016017554322,0.00035643799071900686,-0.00013346809248406788,0.00012713953067679482,0.061049646342890326,-0.29695263504981995,0.14751094579696655,0.2277948558330536,1.828266978263855,0.3828156590461731,-0.3674490451812744,-1.046086311340332,-0.5732720494270325,-1.814955472946167,1.0935943126678467,1.0178449153900146,-1.2418421506881714
0.4551758749999989,0.0034223749999999996,133.0,4.759131640672151,0.7277599727204104,1.7648808489676293,0.0005638525532490327,-0.000212223861689537,0.00019718345206131067,0.06107434635562418,-0.29496368765830994,0.148715540766716,0.22903576493263245,1.8339167833328247,0.3922145664691925,-0.37865257263183594,-1.0578418970108032,-0.5765841603279114,-1.8169951438903809,1.0794999599456787,1.0181729793548584,-1.2441998720169067
0.4551758749999989,0.0034223749999999996,133.0,4.791413843294067,0.758362628785563,1.7668035479226245,0.000809735063579646,-0.00030637192167619137,0.00027881299598934354,0.06107535822913665,-0.29285135865211487,0.1514110416173935,0.23012563586235046,1.8414757251739502,0.41172918677330017,-0.3946976661682129,-1.060855746269226,-0.5800650715827942,-1.824928879737854,1.066784381866455,1.0146478414535522,-1.2483251094818115
0.4551758749999989,0.0034223749999999996,133.0,4.822875843985742,0.7886615221981209,1.7695977935202634,0.0009863322999487468,-0.00037382340892143194,0.00033240000727361043,0.061081126263353665,-0.29140689969062805,0.15279695391654968,0.22938886284828186,1.8425804376602173,0.42352479696273804,-0.4048449993133545,-1.0630269050598145,-0.5782307982444763,-1.837506890296936,1.0669491291046143,1.023990273475647,-1.2514092922210693
0.4551758749999989,0.0034223749999999996,133.0,4.853464046764092,0.8177302326444521,1.772589546493429,0.0012127245175856034,-0.00046140405042707913,0.00039772974928221265,0.06107724739817025,-0.28968122601509094,0.15836592018604279,0.23449042439460754,1.8633685111999512,0.45626023411750793,-0.42646217346191406,-1.0674467086791992,-0.5934904217720032,-1.8339414596557617,1.036133050918579,0.9911880493164062,-1.2567284107208252
0.4551758749999989,0.0034223749999999996,133.0,4.8833301763273,0.8453978107597403,1.7743316290110056,0.0013860128184784626,-0.0005276037839063002,0.00044601006456282844,0.061116231743137246,-0.2870996296405792,0.16061101853847504,0.23756316304206848,1.873363971710205,0.47402140498161316,-0.4430811405181885,-1.077142596244812,-0.602923572063446,-1.827019214630127,1.009164571762085,0.9785345792770386,-1.2572047710418701
0.4551758749999989,0.0034223749999999996,133.0,4.912237938542555,0.8719733140947266,1.776078569639241,0.0015779399095361432,-0.0006048402305345765,0.0005003636401285773,0.06114438191792319,-0.2850986421108246,0.16051499545574188,0.23660096526145935,1.871187686920166,0.4815395772457123,-0.45270800590515137,-1.081415057182312,-0.6008526682853699,-1.8343108892440796,1.0065176486968994,0.9942946434020996,-1.2572708129882812
0.4551758749999989,0.0034223749999999996,133.0,4.940276588380069,0.898079967061791,1.7781466917524553,0.0018082174050978168,-0.0006960341674132117,0.000565330517712537,0.06117440107357225,-0.2838883101940155,0.1626984179019928,0.237802654504776,1.8784599304199219,0.5035496950149536,-0.4674057960510254,-1.0802977085113525,-0.6069336533546448,-1.840965986251831,0.9975688457489014,0.9945294857025146,-1.2585139274597168
0.4551758749999989,0.0034223749999999996,133.0,4.96738246787332,0.922748357232837,1.7800660848544856,0.002041651083901783,-0.0007932234108144123,0.0006270535750851529,0.06119523062969607,-0.282144695520401,0.16260670125484467,0.23804649710655212,1.8791759014129639,0.5087007880210876,-0.4752371311187744,-1.089125156402588,-0.6077458262443542,-1.8412712812423706,0.9888451099395752,1.002288579940796,-1.2584999799728394
0.4551758749999989,0.0034223749999999996,133.0,4.993591759038352,0.9465140989444477,1.7818277982964146,0.0022983363613160238,-0.0009019520061207383,0.000695045929989138,0.06124064602876946,-0.28025326132774353,0.1642799973487854,0.24083557724952698,1.887540340423584,0.5190771818161011,-0.4870033264160156,-1.099814534187317,-0.6150922179222107,-1.8323544263839722,0.9659163951873779,0.9899845123291016,-1.2594316005706787
0.4551758749999989,0.0034223749999999996,133.0,5.018642511071742,0.9696399097963588,1.7829601742084906,0.0024870785314597106,-0.0009833548270026886,0.0007445041990726958,0.06127967147422077,-0.27862975001335144,0.1639523059129715,0.24054118990898132,1.8865413665771484,0.5242478251457214,-0.49477100372314453,-1.105379581451416,-0.6146138310432434,-1.8350584506988525,0.9609858989715576,1.0019173622131348,-1.2590343952178955
0.4551758749999989,0.0034223749999999996,133.0,5.042282193912695,0.9920142948435001,1.783811209202348,0.0027241350089729126,-0.0010885977208186205,0.0008141015576897692,0.06132610912856738,-0.2773348391056061,0.16445651650428772,0.2413935363292694,1.8896440267562866,0.5357707142829895,-0.5049781799316406,-1.1091289520263672,-0.6183870434761047,-1.8360562324523926,0.9521875381469727,1.0070263147354126,-1.2584214210510254
0.4551758749999989,0.0034223749999999996,133.0,5.065500468784962,1.014431720281939,1.7849727842657412,0.0029616535974475214,-0.0011995182880562476,0.0008813781879395445,0.06138114010356269,-0.2764149606227875,0.16625165939331055,0.24199602007865906,1.8940867185592651,0.5487821102142334,-0.5154170989990234,-1.108702540397644,-0.6205500960350037,-1.8416235446929932,0.9472334384918213,1.0079658031463623,-1.2607635259628296
0.4551758749999989,0.0034223749999999996,133.0,5.087512398680926,1.0359650617412164,1.7855420157953115,0.0032193277394157297,-0.001307843923430803,0.000951744317529269,0.06140356386749062,-0.27509239315986633,0.16671693325042725,0.24229636788368225,1.8955432176589966,0.5557940006256104,-0.5235188007354736,-1.1128970384597778,-0.6214753985404968,-1.8430726528167725,0.9404191970825195,1.0131129026412964,-1.2613682746887207
0.4551758749999989,0.0034223749999999996,133.0,5.1085608477235,1.0561267950907072,1.7858848006805916,0.003478940291706648,-0.0014198092709155567,0.0010177107105530073,0.06142323313559018,-0.2736704647541046,0.16683761775493622,0.2421461045742035,1.8950836658477783,0.5602414608001709,-0.5308561325073242,-1.1173795461654663,-0.6205118298530579,-1.8449604511260986,0.9355185031890869,1.0209119319915771,-1.2619715929031372
0.4551758749999989,0.0034223749999999996,133.0,5.1286402796391135,1.0760173945369835,1.7865150483093597,0.003680434072654634,-0.0015073507433050267,0.001069145128288285,0.061433740649355965,-0.2723873555660248,0.16784954071044922,0.2436271607875824,1.898950219154358,0.5654117465019226,-0.5383422374725342,-1.125030279159546,-0.6233112215995789,-1.8405195474624634,0.9227838516235352,1.0156904458999634,-1.263015627861023
0.4551758749999989,0.0034223749999999996,133.0,5.147565615313251,1.0953699040385965,1.7874205521571556,0.003911318672699121,-0.001603955926859478,0.00112758866404768,0.06143329982961908,-0.27183613181114197,0.16879668831825256,0.24469277262687683,1.9032593965530396,0.5766831040382385,-0.5458633899688721,-1.1271799802780151,-0.6274488568305969,-1.841848373413086,0.916407585144043,1.0161601305007935,-1.263205647468567
0.4551758749999989,0.0034223749999999996,133.0,5.165988392447171,1.1132045891739868,1.7878304797606608,0.004112578966901982,-0.001694832581666179,0.0011705758948893047,0.06143136534348389,-0.2705249488353729,0.16945452988147736,0.24472108483314514,1.9031068086624146,0.5753658413887024,-0.5508503913879395,-1.1346653699874878,-0.624189555644989,-1.8430827856063843,0.9112141132354736,1.0173660516738892,-1.2663798332214355
0.4551758749999989,0.0034223749999999996,133.0,5.183350729076119,1.130244464284181,1.7880634614108493,0.0043441237126264215,-0.0017970030299690437,0.0012296045547896144,0.06144142637506734,-0.2691093385219574,0.16946201026439667,0.24687978625297546,1.9070855379104614,0.5786365866661072,-0.5570299625396729,-1.1459184885025024,-0.6295173764228821,-1.833093523979187,0.8931398391723633,1.0113186836242676,-1.264967679977417
0.4551758749999989,0.0034223749999999996,133.0,5.199891824346614,1.147019261147363,1.7886632032339016,0.004550779737170125,-0.0018841731557258518,0.0012789831492626832,0.061444548441912036,-0.2682431638240814,0.17038674652576447,0.24729427695274353,1.9094716310501099,0.5874218344688416,-0.5641636848449707,-1.1456587314605713,-0.6312451958656311,-1.8359190225601196,0.8877394199371338,1.0125993490219116,-1.265673279762268
0.4551758749999989,0.0034223749999999996,133.0,5.215750980917523,1.1622583657879997,1.788671770790643,0.004753096108462922,-0.0019722466007750404,0.001327246299030237,0.061464000863850426,-0.26680055260658264,0.17018631100654602,0.24708035588264465,1.907776117324829,0.5934656262397766,-0.5712742805480957,-1.1466394662857056,-0.6310471892356873,-1.8371614217758179,0.8828465938568115,1.0208475589752197,-1.2642717361450195
0.4551758749999989,0.0034223749999999996,133.0,5.231015238127673,1.1765147742538953,1.788959840810715,0.004912785022731133,-0.002041487850157153,0.0013560268896243937,0.06148191114795679,-0.26441845297813416,0.16992349922657013,0.2490573227405548,1.9093286991119385,0.5941057801246643,-0.5773074626922607,-1.157274842262268,-0.6356417536735535,-1.8207894563674927,0.858731746673584,1.010372519493103,-1.26114022731781
0.4551758749999989,0.0034223749999999996,133.0,5.245540236317825,1.1899002007532686,1.788850125087095,0.00505278934254339,-0.0021017459687550943,0.0013850884441733236,0.06151468962250019,-0.26250365376472473,0.17001456022262573,0.24929854273796082,1.907918930053711,0.601896345615387,-0.5863609313964844,-1.1561166048049927,-0.6370418667793274,-1.817703366279602,0.8482587337493896,1.0136421918869019,-1.2583848237991333
0.4551758749999989,0.0034223749999999996,133.0,5.259252235547097,1.2025002445487103,1.7891374997071452,0.005203680554484411,-0.0021663634715489164,0.0014129264839798298,0.06154126015947233,-0.2595222294330597,0.16754092276096344,0.24761798977851868,1.8984133005142212,0.5990784168243408,-0.5899465084075928,-1.1594953536987305,-0.6326683163642883,-1.8120110034942627,0.839186429977417,1.0281585454940796,-1.2533916234970093
0.4551758749999989,0.0034223749999999996,133.0,5.271590455364644,1.215113501730109,1.789923117325512,0.00536947673883699,-0.002227128798575334,0.0014456625279649301,0.061553382937178276,-0.2584790289402008,0.16829492151737213,0.24782142043113708,1.8989049196243286,0.6103577017784119,-0.5980312824249268,-1.1536858081817627,-0.6344223618507385,-1.8138452768325806,0.8336789608001709,1.0299407243728638,-1.2521731853485107
0.4551758749999989,0.0034223749999999996,133.0,5.282917836036995,1.2273666553683378,1.7910031249649743,0.005539382532977352,-0.0022865854622371776,0.0014816898525917474,0.06156065710631681,-0.25820931792259216,0.17008693516254425,0.24860051274299622,1.902866244316101,0.6266871094703674,-0.606642484664917,-1.144384503364563,-0.6387189030647278,-1.8175987005233765,0.8295774459838867,1.0270129442214966,-1.2518424987792969
0.4551758749999989,0.0034223749999999996,133.0,5.293271374518029,1.2395395286873767,1.7927132005185011,0.0057099719312291896,-0.0023379486681273836,0.001512722860671945,0.06155327742120666,-0.2587335407733917,0.17426469922065735,0.25066909193992615,1.9131920337677002,0.6473846435546875,-0.6164343357086182,-1.1317789554595947,-0.6460601687431335,-1.8218553066253662,0.8226380348205566,1.0082546472549438,-1.2547190189361572
0.4551758749999989,0.0034223749999999996,133.0,5.302790067992406,1.2505010691821865,1.7940056578624157,0.005901165889126216,-0.002402893635540966,0.0015548626543724132,0.061554652471747164,-0.25914791226387024,0.17924271523952484,0.25494661927223206,1.928092122077942,0.6662574410438538,-0.6263418197631836,-1.1257961988449097,-0.6584696173667908,-1.813782811164856,0.8020985126495361,0.9713802933692932,-1.2569392919540405
0.4551758749999989,0.0034223749999999996,133.0,5.311368087347442,1.2615784304810918,1.7966650540947784,0.006139506631850256,-0.002537906483533948,0.0016379334387679834,0.061439247926377796,-0.26052507758140564,0.18103840947151184,0.252101331949234,1.9276255369186401,0.6815451979637146,-0.6287984848022461,-1.1071370840072632,-0.6532724499702454,-1.837185025215149,0.82584547996521,0.9866847991943359,-1.2618721723556519
0.4551758749999989,0.0034223749999999996,133.0,5.318993213411319,1.2710111412848957,1.7978236635596019,0.006428953007423184,-0.0026391344341561078,0.0017109708676719554,0.06144116672168076,-0.2616684138774872,0.18387269973754883,0.25245049595832825,1.934066891670227,0.7030579447746277,-0.6354129314422607,-1.090811014175415,-0.6586818099021912,-1.847396731376648,0.8299887180328369,0.9833365678787231,-1.2629125118255615
0.4551758749999989,0.0034223749999999996,133.0,5.325953145657276,1.2790096306805938,1.7984431966427157,0.006863854611967243,-0.002807594288152557,0.0018242779853366417,0.06145331940916543,-0.2618540823459625,0.18597428500652313,0.25332239270210266,1.938979148864746,0.7170153260231018,-0.6416225433349609,-1.0818527936935425,-0.6631607413291931,-1.8481577634811401,0.8253045082092285,0.9748225212097168,-1.2633072137832642
0.4551758749999989,0.0034223749999999996,133.0,5.331974724979793,1.2864946543733904,1.799288673536131,0.00759364164229778,-0.0030917673790626615,0.002012787007152444,0.06145708376971812,-0.26239195466041565,0.1876007467508316,0.25322601199150085,1.9427369832992554,0.730902910232544,-0.6462206840515137,-1.0712025165557861,-0.6655963063240051,-1.852313756942749,0.8269762992858887,0.972624659538269,-1.2646520137786865
0.4551758749999989,0.0034223749999999996,133.0,5.337440178031542,1.2924049768653596,1.799919456025231,0.009241756179624302,-0.0037663265492454065,0.002428397156531454,0.061469542970709314,-0.2620614469051361,0.1899806261062622,0.25576773285865784,1.9517172574996948,0.7394727468490601,-0.6529514789581299,-1.0716180801391602,-0.6716033816337585,-1.8373879194259644,0.8070037364959717,0.9443761706352234,-1.2674455642700195
0.4551758749999989,0.0034223749999999996,133.0,5.341796635582427,1.2967061693404995,1.8006088763005756,0.017089376731425465,-0.007106031339641514,0.004389290127141564,0.06150818108452127,-0.260760098695755,0.1874341517686844,0.2577902376651764,1.9623664617538452,0.7433355450630188,-0.6637129783630371,-1.0874602794647217,-0.6707456707954407,-1.79831063747406,0.7757406234741211,0.9228317737579346,-1.2789229154586792
0.4551758749999989,0.0034223749999999996,133.0,5.372889705942518,-1.1798600729119493,1.6432970846215678,-0.015001403164344475,-0.0003751574675766343,-0.0066033115956130465,0.06635120993891988,-0.10960358381271362,0.23311010003089905,-0.034703731536865234,1.274533987045288,0.7246450185775757,-1.3091280460357666,-0.5585326552391052,-0.14404433965682983,-1.1988885402679443,0.7828073501586914,1.4389981031417847,-1.1306648254394531
0.4551758749999989,0.0034223749999999996,133.0,5.367914662023551,-1.1741720049968218,1.6433095475607684,-0.008074286563866244,-0.0002158525131842822,-0.0036217976831335987,0.06631293678701988,-0.1106107234954834,0.2337980419397354,-0.03723892569541931,1.2725576162338257,0.7479478120803833,-1.3015213012695312,-0.5255821347236633,-0.14205598831176758,-1.1959757804870605,0.8128223419189453,1.4295827150344849,-1.1305787563323975
0.4551758749999989,0.0034223749999999996,133.0,5.361863558586696,-1.1682253395666327,1.6428861194257431,-0.006635310787939468,-0.00020421257635866376,-0.0029830498317698633,0.06627314572076103,-0.11340728402137756,0.2356138676404953,-0.03734591603279114,1.2805486917495728,0.7495983839035034,-1.2947137355804443,-0.5083872675895691,-0.1472124457359314,-1.1936869621276855,0.8222062587738037,1.4036110639572144,-1.133134126663208
0.4551758749999989,0.0034223749999999996,133.0,5.355091919709128,-1.1619289945177171,1.6421581448390896,-0.006002200994618592,-0.00022647790737758598,-0.0027036038575676403,0.06623919457591065,-0.11524093151092529,0.23603887856006622,-0.03944244980812073,1.2840840816497803,0.7529985904693604,-1.283609390258789,-0.48460957407951355,-0.1486946940422058,-1.1907470226287842,0.8290565013885498,1.3889092206954956,-1.135141134262085
0.4551758749999989,0.0034223749999999996,133.0,5.3472563720470365,-1.154706911150716,1.6413067668369778,-0.005634829098655567,-0.00026091270870659766,-0.002541548056005437,0.06619736548559729,-0.11742085218429565,0.23617687821388245,-0.042509526014328,1.287951111793518,0.7571395039558411,-1.2685542106628418,-0.4530293941497803,-0.15022265911102295,-1.187416911125183,0.8363692760467529,1.3727548122406006,-1.1374890804290771
0.4551758749999989,0.0034223749999999996,133.0,5.338284959394221,-1.148896044170208,1.637753110859084,-0.005379096218672968,-0.0003329313311925319,-0.0024292452547434525,0.06624222705036703,-0.11703446507453918,0.23460882902145386,-0.04644864797592163,1.2827744483947754,0.7577968835830688,-1.256286859512329,-0.4212091863155365,-0.14614051580429077,-1.1766966581344604,0.8383805751800537,1.3674681186676025,-1.1366047859191895
0.4551758749999989,0.0034223749999999996,133.0,5.328740867849017,-1.1404695104887361,1.636397630465805,-0.005165404788630187,-0.00038810231125466384,-0.002338578012140378,0.06619537009018292,-0.11934244632720947,0.2346944957971573,-0.049690961837768555,1.2866616249084473,0.7619160413742065,-1.240304708480835,-0.387983500957489,-0.14798367023468018,-1.1718833446502686,0.844822883605957,1.3506848812103271,-1.1386585235595703
0.4551758749999989,0.0034223749999999996,133.0,5.31848103466611,-1.1309110414182284,1.635447833675605,-0.005006546380728449,-0.0004232392994817447,-0.002267455726942497,0.06615628043804594,-0.12175139784812927,0.234825000166893,-0.053042471408843994,1.2904653549194336,0.7590492963790894,-1.2252275943756104,-0.35313016176223755,-0.14880961179733276,-1.1633834838867188,0.8528182506561279,1.3261168003082275,-1.1415711641311646
0.4551758749999989,0.0034223749999999996,133.0,5.3072500315026305,-1.1206435460425763,1.6341046652693374,-0.004864503984278857,-0.0004745159654444603,-0.002204593682056732,0.0661032614528419,-0.12451860308647156,0.2346518486738205,-0.057288795709609985,1.2943402528762817,0.760789692401886,-1.205596685409546,-0.31020158529281616,-0.15024149417877197,-1.1552274227142334,0.8610951900482178,1.3025310039520264,-1.1440303325653076
0.4551758749999989,0.0034223749999999996,133.0,5.295216544626215,-1.1097255596943192,1.6328175791715303,-0.0047204394806087185,-0.0005254192460830593,-0.002142187569418873,0.06605452801580021,-0.12701848149299622,0.23386652767658234,-0.06254389882087708,1.2963862419128418,0.7631629109382629,-1.183462142944336,-0.26197001338005066,-0.15009814500808716,-1.1455446481704712,0.8696825504302979,1.2798515558242798,-1.1463149785995483
0.4551758749999989,0.0034223749999999996,133.0,5.282814983127777,-1.0978828054057777,1.631911331272234,-0.00458537956731414,-0.0005549623004700357,-0.0020814130033631477,0.06603181230351912,-0.1278732717037201,0.2329830676317215,-0.06673058867454529,1.2944155931472778,0.7580070495605469,-1.170154333114624,-0.22889792919158936,-0.14617443084716797,-1.1318997144699097,0.8761627674102783,1.2611103057861328,-1.1482857465744019
0.4551758749999989,0.0034223749999999996,133.0,5.269719440106816,-1.0852514066603052,1.6310718337174621,-0.004449130116138319,-0.0005753825132121344,-0.0020184976340635328,0.06600530314729885,-0.1286335587501526,0.23248247802257538,-0.07005789875984192,1.2932014465332031,0.7595797181129456,-1.159081220626831,-0.20466548204421997,-0.1437092423439026,-1.1215007305145264,0.8807799816131592,1.2512662410736084,-1.1495468616485596
0.4551758749999989,0.0034223749999999996,133.0,5.2562395311527,-1.0716726919501167,1.6305601669896508,-0.004330066238455404,-0.0005827123846657233,-0.0019616779939650754,0.06600665479291537,-0.12859731912612915,0.23195163905620575,-0.07303977012634277,1.2903660535812378,0.7566246390342712,-1.1510822772979736,-0.1854647547006607,-0.13947004079818726,-1.108658790588379,0.8842854499816895,1.2386281490325928,-1.150925874710083
0.4551758749999989,0.0034223749999999996,133.0,5.2424361684319996,-1.0575730590885957,1.6302325195492027,-0.004176293030146972,-0.0005777383112477753,-0.00189032897667555,0.0660361942677354,-0.12708047032356262,0.2315143495798111,-0.07486623525619507,1.2850083112716675,0.752466082572937,-1.1498150825500488,-0.1810346245765686,-0.13339626789093018,-1.096757173538208,0.8838481903076172,1.2328766584396362,-1.1516177654266357
0.4551758749999989,0.0034223749999999996,133.0,5.2272109090650405,-1.0421403102755613,1.6298420246943013,-0.003986736679544988,-0.0005691152574735271,-0.0018008344498567708,0.06604339678770102,-0.12586888670921326,0.23104164004325867,-0.07711970806121826,1.2801589965820312,0.7480369210243225,-1.146420955657959,-0.17174705862998962,-0.12791943550109863,-1.0845332145690918,0.8835558891296387,1.2233307361602783,-1.152247428894043
0.4551758749999989,0.0034223749999999996,133.0,5.211153027666436,-1.0258115641937213,1.6297495867747784,-0.003810250251554713,-0.0005545990023934091,-0.0017162471558675783,0.06605458235807278,-0.12457898259162903,0.23149655759334564,-0.07782283425331116,1.277421236038208,0.7453649044036865,-1.147066593170166,-0.1744745671749115,-0.12468713521957397,-1.0764118432998657,0.8799920082092285,1.21549391746521,-1.1526975631713867
0.4551758749999989,0.0034223749999999996,133.0,5.194262474156761,-1.0091504676005978,1.6291027992737326,-0.003606060917388743,-0.000556319604169141,-0.0016229443083472645,0.0660640055851537,-0.12445878982543945,0.2309161275625229,-0.08123067021369934,1.2744252681732178,0.7391653656959534,-1.1379814147949219,-0.14989227056503296,-0.12090569734573364,-1.0622467994689941,0.8811564445495605,1.1941684484481812,-1.1535263061523438
0.4551758749999989,0.0034223749999999996,133.0,5.177405508588175,-0.9917281169274417,1.6292502631423715,-0.003410679479816253,-0.0005310842039343686,-0.0015331031053078409,0.0661260441948486,-0.1219778060913086,0.2321612685918808,-0.07992991805076599,1.2703242301940918,0.7232478260993958,-1.1490192413330078,-0.170145645737648,-0.11597126722335815,-1.051205039024353,0.8739619255065918,1.1824029684066772,-1.1541707515716553
0.4551758749999989,0.0034223749999999996,133.0,5.15857790925545,-0.9727952334143167,1.629060639244974,-0.0032134942896430486,-0.0005176640276197751,-0.0014393937895308961,0.06612924652507762,-0.12261518836021423,0.23312634229660034,-0.08151409029960632,1.2717664241790771,0.7186495661735535,-1.1424908638000488,-0.15659181773662567,-0.1160992980003357,-1.0404835939407349,0.8730883598327637,1.1572651863098145,-1.1553810834884644
0.4551758749999989,0.0034223749999999996,133.0,5.1392915966700805,-0.9537014214620095,1.628588762800526,-0.003032211465064464,-0.0005164922456253056,-0.0013569232596456079,0.06615606059594885,-0.12164628505706787,0.23267383873462677,-0.08464038372039795,1.2669737339019775,0.7080560922622681,-1.1362063884735107,-0.13618049025535583,-0.11051714420318604,-1.0216935873031616,0.8715922832489014,1.1328591108322144,-1.1561731100082397
0.4551758749999989,0.0034223749999999996,133.0,5.119553715562426,-0.9335248843561741,1.628747229451909,-0.0027977297352189882,-0.00048482580935298565,-0.001249710808668683,0.06620909577554618,-0.11994731426239014,0.23312422633171082,-0.08583405613899231,1.2624813318252563,0.6955121159553528,-1.1369318962097168,-0.13388320803642273,-0.10504192113876343,-1.0054363012313843,0.8667287826538086,1.112524151802063,-1.157062292098999
0.4551758749999989,0.0034223749999999996,133.0,5.097944626268625,-0.913395993659586,1.6277969336015297,-0.002566348421927898,-0.00048234944377528667,-0.0011420024014879302,0.06620617209651405,-0.11983746290206909,0.23015061020851135,-0.09397920966148376,1.255126714706421,0.7009291648864746,-1.1131482124328613,-0.07121060788631439,-0.09821176528930664,-0.9818131327629089,0.8702554702758789,1.0847735404968262,-1.1568893194198608
0.4551758749999989,0.0034223749999999996,133.0,5.076202886776609,-0.8921251964423474,1.627550793051144,-0.002346588786776149,-0.0004553143505440985,-0.0010411043785217072,0.0662455592077012,-0.11884227395057678,0.22897404432296753,-0.09844952821731567,1.2491374015808105,0.6957539319992065,-1.102302074432373,-0.04082852974534035,-0.09227520227432251,-0.960693895816803,0.8683426380157471,1.058127522468567,-1.15692937374115
0.4551758749999989,0.0034223749999999996,133.0,5.053118621197925,-0.8695831130101968,1.6275265502823957,-0.0021286982537915456,-0.0004216954283574618,-0.0009423288587495719,0.06628137445864121,-0.11766567826271057,0.22910133004188538,-0.10089132189750671,1.2446401119232178,0.6834007501602173,-1.0980651378631592,-0.025161217898130417,-0.08693832159042358,-0.9396896958351135,0.8644347190856934,1.0271828174591064,-1.1576834917068481
0.4551758749999989,0.0034223749999999996,133.0,5.0291683751934615,-0.8454523624055265,1.627660252054045,-0.001955872911152058,-0.00038842656493855913,-0.0008630177960792552,0.0663072789147422,-0.11646252870559692,0.22981764376163483,-0.10236090421676636,1.2415218353271484,0.672636091709137,-1.095484733581543,-0.017840616405010223,-0.08318465948104858,-0.9216506481170654,0.8576412200927734,0.9992618560791016,-1.1582109928131104
0.4551758749999989,0.0034223749999999996,133.0,5.005421976717332,-0.8211790011294651,1.6282477070827834,-0.0017423720259472039,-0.00034252451833531415,-0.0007685414970870347,0.06638172093121951,-0.11348658800125122,0.23088127374649048,-0.10218927264213562,1.2358088493347168,0.6573127508163452,-1.1016528606414795,-0.02931290864944458,-0.07663309574127197,-0.9049407839775085,0.8467366695404053,0.9801301956176758,-1.1589173078536987
0.4551758749999989,0.0034223749999999996,133.0,4.979894937187378,-0.7963324662356207,1.6281192800192372,-0.0015444110340441946,-0.00031661054338533997,-0.0006825726134357266,0.06640869702210374,-0.11239323019981384,0.23021064698696136,-0.10603594779968262,1.2297738790512085,0.6458832025527954,-1.0930554866790771,-0.0023934226483106613,-0.07010132074356079,-0.8805906772613525,0.8431131839752197,0.9455578327178955,-1.1594061851501465
0.4551758749999989,0.0034223749999999996,133.0,4.953673741825914,-0.7711111199682943,1.627684832068345,-0.0013498588329240117,-0.0002928198132580704,-0.0005961432169525276,0.06641982299738063,-0.11277952790260315,0.22888313233852386,-0.11168339848518372,1.2250869274139404,0.6417614817619324,-1.0760645866394043,0.04492739588022232,-0.0659072995185852,-0.8537827134132385,0.8428537845611572,0.9029365181922913,-1.1589674949645996
0.4551758749999989,0.0034223749999999996,133.0,4.9267569761701235,-0.7447567244785646,1.6274674902379955,-0.0011888307376287514,-0.0002680111626632192,-0.000524507092470334,0.0664463689821942,-0.11166328191757202,0.22790414094924927,-0.1160445511341095,1.2176768779754639,0.6289480924606323,-1.0660557746887207,0.07805246114730835,-0.05872732400894165,-0.8240642547607422,0.8388340473175049,0.862228512763977,-1.1587058305740356
0.4551758749999989,0.0034223749999999996,133.0,4.899417154922871,-0.7178367536464397,1.6273069239232418,-0.0010453927953656375,-0.00024471792937402146,-0.0004603814903375367,0.06648561942416002,-0.11056864261627197,0.2269134670495987,-0.12048071622848511,1.2097525596618652,0.6151745319366455,-1.0555269718170166,0.1129341721534729,-0.051227688789367676,-0.7918596267700195,0.8346102237701416,0.8189294338226318,-1.158216953277588
0.4551758749999989,0.0034223749999999996,133.0,4.870666114856925,-0.6896786829029363,1.6271312866132206,-0.0008615936360090199,-0.0002085600445391788,-0.00037786323738549986,0.06650120153061503,-0.10800033807754517,0.2262713462114334,-0.12368398904800415,1.2000092267990112,0.6000679135322571,-1.0502820014953613,0.13398265838623047,-0.04215645790100098,-0.7608569860458374,0.8255598545074463,0.7830597758293152,-1.1574686765670776
0.4551758749999989,0.0034223749999999996,133.0,4.840952638873519,-0.6610575339151289,1.6267869697671986,-0.0007216141513461896,-0.00018357291142716576,-0.0003157279391006297,0.06650685260588982,-0.10881701111793518,0.22395771741867065,-0.1309615671634674,1.1919958591461182,0.5958645939826965,-1.0283846855163574,0.2000151425600052,-0.036994993686676025,-0.7221243977546692,0.825406551361084,0.7257017493247986,-1.1546404361724854
0.4551758749999989,0.0034223749999999996,133.0,4.810703497270782,-0.6315432854050985,1.6266043521423186,-0.000540485320776654,-0.00014312127434712695,-0.00023582729420767523,0.06652331551843044,-0.10871431231498718,0.2219734936952591,-0.1371186375617981,1.1824204921722412,0.5865936875343323,-1.0112807750701904,0.25514736771583557,-0.03060281276702881,-0.682809591293335,0.8220129013061523,0.67033451795578,-1.151430368423462
0.4551758749999989,0.0034223749999999996,133.0,4.779913136538028,-0.6009149759027699,1.626778756744118,-0.0003387474976515585,-9.101162353741701e-5,-0.00014776316984995919,0.06657062643129058,-0.10764220356941223,0.22065047919750214,-0.14178144931793213,1.1722456216812134,0.5716331601142883,-0.999680757522583,0.2953490614891052,-0.023394346237182617,-0.6453291773796082,0.8147687911987305,0.6181775331497192,-1.1483806371688843
0.4551758749999989,0.0034223749999999996,133.0,4.748239345918269,-0.569482714141993,1.6270718001288824,-0.00015795775604054163,-4.322520871336389e-5,-6.894307148464841e-5,0.06661699772064374,-0.1046554446220398,0.22028841078281403,-0.1442432403564453,1.1612519025802612,0.5536709427833557,-0.9961316585540771,0.3131676912307739,-0.015021860599517822,-0.6124564409255981,0.8006341457366943,0.5769770741462708,-1.1456472873687744
0.4551758749999989,0.0034223749999999996,133.0,4.715530950770853,-0.5376736440020501,1.6274958995421789,1.7456207255913112e-5,4.924429208207232e-6,7.630052198051889e-6,0.0666556642318977,-0.10232734680175781,0.21953153610229492,-0.14759963750839233,1.1497948169708252,0.5361828207969666,-0.9890244007110596,0.34076637029647827,-0.006882905960083008,-0.5775676369667053,0.7880253791809082,0.5290437936782837,-1.1422343254089355
0.4551758749999989,0.0034223749999999996,133.0,4.681869150216776,-0.5050396220376173,1.6273564409333725,0.0001923601087592259,5.646047798777565e-5,8.414140736226837e-5,0.0666708219186647,-0.10097655653953552,0.21596910059452057,-0.15462711453437805,1.1338152885437012,0.5281693339347839,-0.9728991985321045,0.40344303846359253,0.0012718439102172852,-0.5309646725654602,0.7791604995727539,0.47170165181159973,-1.13448166847229
0.4551758749999989,0.0034223749999999996,133.0,4.647234130353156,-0.47100316988479213,1.6272941399046525,0.0003810521436393511,0.00011414247200186219,0.00016681568456193045,0.06669125970453227,-0.09952464699745178,0.21389652788639069,-0.15958425402641296,1.1194089651107788,0.5104683041572571,-0.9605350494384766,0.4502153694629669,0.00917351245880127,-0.4859163165092468,0.7676820755004883,0.41288408637046814,-1.1278871297836304
0.4551758749999989,0.0034223749999999996,133.0,4.611855218767218,-0.43618994785767734,1.6277354318034587,0.0005289464186247983,0.00016050818390016947,0.00023156284157450118,0.06671713696951843,-0.09832614660263062,0.21394266188144684,-0.1620294749736786,1.1095354557037354,0.4914024770259857,-0.9507501125335693,0.47592484951019287,0.014521241188049316,-0.4515199363231659,0.7534358501434326,0.359840989112854,-1.1231493949890137
0.4551758749999989,0.0034223749999999996,133.0,4.575688441658051,-0.40092151125191433,1.628123462312857,0.0006948156971393415,0.0002149314788411867,0.00030473368518864287,0.06674156120120846,-0.09705010056495667,0.21210479736328125,-0.16648134589195251,1.0947915315628052,0.47347819805145264,-0.9381136894226074,0.5190767049789429,0.022016942501068115,-0.408943235874176,0.7406365871429443,0.3025571405887604,-1.1157865524291992
0.4551758749999989,0.0034223749999999996,133.0,4.538675343299986,-0.36476853250669444,1.6284418823417068,0.0008707761602531234,0.0002749514334976122,0.00038262484859440793,0.06676045846997958,-0.09569799900054932,0.21001845598220825,-0.17100197076797485,1.0784611701965332,0.4543493092060089,-0.9248044490814209,0.5647707581520081,0.02963024377822876,-0.36321312189102173,0.726616382598877,0.24331414699554443,-1.1069461107254028
0.4551758749999989,0.0034223749999999996,133.0,4.500732953943643,-0.3278327913147259,1.6288593169608192,0.0010695587657412924,0.0003444151377486654,0.0004723519610875557,0.06677845724062377,-0.09437745809555054,0.20768782496452332,-0.1756429374217987,1.0603419542312622,0.4341174364089966,-0.91011643409729,0.6134902834892273,0.037492185831069946,-0.31454724073410034,0.7116720676422119,0.18226973712444305,-1.0965481996536255
0.4551758749999989,0.0034223749999999996,133.0,4.461848877150382,-0.2898890007882144,1.6291842453749414,0.0012583058734898405,0.0004144753473190606,0.0005562076346741342,0.06677417408118479,-0.09298577904701233,0.20492063462734222,-0.18046236038208008,1.039879322052002,0.4125266969203949,-0.8941290378570557,0.6664018630981445,0.04564404487609863,-0.2611657977104187,0.695037841796875,0.11933738738298416,-1.0840909481048584
0.4551758749999989,0.0034223749999999996,133.0,4.422073440788387,-0.25155461487333935,1.6299859965696024,0.0013777518473669698,0.0004641393649956528,0.0006128163282183343,0.0667854625890594,-0.0929686427116394,0.20278498530387878,-0.18495556712150574,1.0198891162872314,0.39019399881362915,-0.8733246326446533,0.7217051982879639,0.051881343126297,-0.20699462294578552,0.6793649196624756,0.05000271648168564,-1.0701178312301636
0.4551758749999989,0.0034223749999999996,133.0,4.3817870566162105,-0.21252591980339083,1.630517789202158,0.0015293225884880624,0.0005266046152578056,0.0006873747692644295,0.06680491039294639,-0.09169179201126099,0.19791783392429352,-0.19115471839904785,0.9912366271018982,0.37072452902793884,-0.8536326885223389,0.7931750416755676,0.061327844858169556,-0.14009565114974976,0.660545825958252,-0.015649911016225815,-1.050822377204895
0.4551758749999989,0.0034223749999999996,133.0,4.340034277132023,-0.1715880186427012,1.6305796615470582,0.001677618097262601,0.0005869795764817256,0.0007620483367903066,0.06679144701759118,-0.08936122059822083,0.19478905200958252,-0.1949344277381897,0.9651489853858948,0.34053918719291687,-0.836270809173584,0.8433403968811035,0.06961265206336975,-0.07718364149332047,0.6352846622467041,-0.07718165218830109,-1.032837986946106
0.4551758749999989,0.0034223749999999996,133.0,4.298134242927208,-0.1295886493037083,1.6342460540262813,0.0018122373158881721,0.0006370180745062854,0.0008467983576084518,0.06674586617610563,-0.08920431137084961,0.1882173717021942,-0.20188474655151367,0.9272711873054504,0.3238246738910675,-0.8110203742980957,0.9308708310127258,0.08020180463790894,0.0012025345349684358,0.6162424087524414,-0.14052732288837433,-1.0054821968078613
0.4551758749999989,0.0034223749999999996,133.0,4.253113437685096,-0.08683386546506044,1.6348314818589047,0.0019059062758817902,0.0006937601664640349,0.0009030145888040915,0.0666501949163256,-0.09089285135269165,0.18784199655056,-0.20350943505764008,0.916594386100769,0.30582842230796814,-0.7966041564941406,0.9575077295303345,0.0788634717464447,0.035137150436639786,0.6062488555908203,-0.18677328526973724,-0.993309497833252
0.4551758749999989,0.0034223749999999996,133.0,4.203140061269841,-0.03655143206004025,1.6353347441705364,0.0018679880392314533,0.0005507371730802912,0.0010195087269272987,0.06655928732618467,-0.09465980529785156,0.21317771077156067,-0.18094637989997864,1.022050380706787,0.31709590554237366,-0.8603410720825195,0.6506024599075317,0.04307040572166443,-0.27735045552253723,0.6754665374755859,-0.025632517412304878,-1.062952995300293
0.4551758749999989,0.0034223749999999996,133.0,4.14317068167435,0.02290900618313953,1.636438367872168,0.0017067801084644008,-6.513636475379594e-5,0.0012226753427024531,0.06589923087593819,-0.11961251497268677,0.2334183007478714,-0.12482786178588867,1.116804599761963,0.44921454787254333,-0.836082935333252,0.109198197722435,0.015747785568237305,-1.0933377742767334,0.9893686771392822,0.47485432028770447,-1.129259705543518
0.4551758749999989,0.0034223749999999996,133.0,4.062948486381077,0.03831560790784843,1.6404453762168913,0.00010407678199105409,2.4065500046674745e-6,7.655975651849307e-5,0.06447303285102607,-0.2540276348590851,0.10564401000738144,0.005400180816650391,1.4167280197143555,0.4996389150619507,-0.13193869590759277,0.007741747889667749,-0.33898085355758667,-1.4425945281982422,1.3809101581573486,0.8249609470367432,-1.0722657442092896
0.4551758749999989,0.0034223749999999996,133.0,4.082094306653198,0.07462004329451731,1.663784827067737,-0.001839370751793089,0.0002261280926017461,-0.0012922892670229576,0.06258094980958041,-0.2795242965221405,0.1125662550330162,0.04366445541381836,1.4931628704071045,0.49928411841392517,-0.1038515567779541,-0.14021609723567963,-0.39732712507247925,-1.5811984539031982,1.4831244945526123,0.8604021668434143,-1.088854432106018
0.4551758749999989,0.0034223749999999996,133.0,4.09830741559434,0.1246567028366502,1.6960210136506435,-0.0022434886104633423,0.0007595817782738288,-0.0012519836891424203,0.06059314907405954,-0.32971224188804626,0.0952037051320076,0.15043756365776062,1.5249637365341187,-0.007983502931892872,-0.018735885620117188,-0.8088763356208801,-0.4317045211791992,-1.5614129304885864,1.5070908069610596,1.1987954378128052,-1.0818116664886475
0.4551758749999989,0.0034223749999999996,133.0,4.136347197362019,0.1716986686139463,1.707528349299654,-0.0022881963676370464,0.0008224593165744694,-0.0011673982361999776,0.060176377635629934,-0.34059593081474304,0.10411151498556137,0.18403151631355286,1.6139510869979858,-0.04903363808989525,-0.018651723861694336,-0.9281532764434814,-0.4430915117263794,-1.5582700967788696,1.4424574375152588,1.1255549192428589,-1.1583800315856934
0.4551758749999989,0.0034223749999999996,133.0,4.180717848563265,0.21673272054502363,1.713694272298243,-0.0021794127914488495,0.0007829793695526224,-0.001058944601047256,0.06012021911361833,-0.3379063308238983,0.11112289875745773,0.19595101475715637,1.6610724925994873,0.005057943053543568,-0.058212995529174805,-0.9527329802513123,-0.46249085664749146,-1.594983696937561,1.3866093158721924,1.0681579113006592,-1.1857423782348633
0.4551758749999989,0.0034223749999999996,133.0,4.225485836178282,0.2590025786692786,1.71879734673961,-0.0019986525841148503,0.0007219139433944354,-0.0009373119427381299,0.060200880887099704,-0.33482053875923157,0.11781695485115051,0.20080628991127014,1.6878056526184082,0.06411243975162506,-0.0928955078125,-0.9514307975769043,-0.4750347137451172,-1.6440057754516602,1.3599674701690674,1.0383297204971313,-1.1997867822647095
0.4551758749999989,0.0034223749999999996,133.0,4.2692062468627965,0.29980832777530547,1.7213988913610507,-0.001773416171111827,0.0006395033415095227,-0.0008083682561656389,0.06032162526229779,-0.32953062653541565,0.1198781430721283,0.20563992857933044,1.7071675062179565,0.10036733001470566,-0.12540364265441895,-0.9695013165473938,-0.49213796854019165,-1.660368800163269,1.3142814636230469,1.0326262712478638,-1.2018779516220093
0.4551758749999989,0.0034223749999999996,133.0,4.312346767016048,0.34002283561670227,1.7239166818936922,-0.001667870626369747,0.0006001429973048304,-0.0007456744636308092,0.060434093224091524,-0.3253738582134247,0.12151510268449783,0.20840129256248474,1.7194162607192993,0.1225229874253273,-0.14950990676879883,-0.983253002166748,-0.5010330080986023,-1.6768454313278198,1.2837896347045898,1.0348092317581177,-1.2051739692687988
0.4551758749999989,0.0034223749999999996,133.0,4.354849863862613,0.37980239891787576,1.726853940820226,-0.0014279931834201114,0.000514802877837269,-0.000623696694178703,0.06048895982836739,-0.321978360414505,0.12449006736278534,0.21085014939308167,1.7331461906433105,0.15555544197559357,-0.17545604705810547,-0.9885000586509705,-0.510171115398407,-1.6988519430160522,1.2602760791778564,1.0309967994689941,-1.2097243070602417
0.4551758749999989,0.0034223749999999996,133.0,4.3963292515638335,0.41895720092932964,1.729861124677041,-0.0012445791796340967,0.00044766827897282214,-0.0005290582251828056,0.060552475718816896,-0.31972840428352356,0.1273939609527588,0.20954647660255432,1.7370606660842896,0.18004773557186127,-0.19469428062438965,-0.9811059236526489,-0.507092297077179,-1.7361788749694824,1.261512279510498,1.041229248046875,-1.2168956995010376
0.4551758749999989,0.0034223749999999996,133.0,4.4370433241631195,0.45720458278572124,1.733197330353197,-0.001012467034489068,0.0003654309876263971,-0.00041897107255972464,0.06062548429876863,-0.31657448410987854,0.1301695704460144,0.21190312504768372,1.7502049207687378,0.21036577224731445,-0.2186110019683838,-0.9873865842819214,-0.5164269804954529,-1.7531342506408691,1.238842487335205,1.0386269092559814,-1.2206764221191406
0.4551758749999989,0.0034223749999999996,133.0,4.47678373499975,0.49422817706375577,1.7357611003109934,-0.0008052212610685178,0.00029233273621752907,-0.0003264861386028386,0.06069943197379976,-0.3128269612789154,0.1352657973766327,0.21735945343971252,1.7739866971969604,0.25235995650291443,-0.2491590976715088,-0.996396541595459,-0.532969057559967,-1.762198805809021,1.1992597579956055,1.0121772289276123,-1.2277296781539917
0.4551758749999989,0.0034223749999999996,133.0,4.515597206734425,0.5305426625994065,1.7382204387897795,-0.0006085730602273693,0.00022124715577878626,-0.0002410396255374255,0.06075676116224087,-0.3096976578235626,0.13749994337558746,0.21922627091407776,1.7843769788742065,0.2792544960975647,-0.2716057300567627,-1.001881718635559,-0.5409439206123352,-1.7753463983535767,1.1785101890563965,1.0126687288284302,-1.2301604747772217
0.4551758749999989,0.0034223749999999996,133.0,4.553460503541307,0.5659235591173984,1.7407283493995767,-0.0004180546919422941,0.00015307336717419528,-0.00016247785102297397,0.06081235074415665,-0.3068128526210785,0.13982194662094116,0.22118523716926575,1.7947460412979126,0.30500614643096924,-0.29259347915649414,-1.0086027383804321,-0.5489889979362488,-1.7863816022872925,1.1585047245025635,1.011515498161316,-1.2324919700622559
0.4551758749999989,0.0034223749999999996,133.0,4.590237427990843,0.6006269254409726,1.7429036738824437,-0.00023456374757963114,8.617232049758618e-5,-8.945363507558501e-5,0.06084984378211746,-0.30428561568260193,0.14210663735866547,0.22303786873817444,1.8046499490737915,0.32923102378845215,-0.31232643127441406,-1.0142028331756592,-0.5563915371894836,-1.796102523803711,1.1408207416534424,1.0105105638504028,-1.2350093126296997
0.4551758749999989,0.0034223749999999996,133.0,4.625988886639927,0.63434226693924,1.7451504396511388,-6.992505250632091e-5,2.5780535818982645e-5,-2.615033276949989e-5,0.06090736540174031,-0.30228081345558167,0.1459304541349411,0.22560694813728333,1.8173184394836426,0.3476918935775757,-0.32979607582092285,-1.021945834159851,-0.5609447360038757,-1.805264949798584,1.123267650604248,0.9977868795394897,-1.2430920600891113
0.4551758749999989,0.0034223749999999996,133.0,4.6605576658423296,0.6667536252897445,1.7465302191652496,0.00015089695123806865,-5.612444935315543e-5,5.566148994776928e-5,0.060934916263243946,-0.29999539256095886,0.14635828137397766,0.22553375363349915,1.8190875053405762,0.3553890287876129,-0.3416891098022461,-1.0312532186508179,-0.5608980059623718,-1.813704490661621,1.114691972732544,1.0093863010406494,-1.2450238466262817
0.4551758749999989,0.0034223749999999996,133.0,4.69545577974072,0.696416174034968,1.7468818539286628,0.00035575053328400355,-0.00013251790175839313,0.00012788123342167854,0.0611021969049371,-0.29624053835868835,0.14531370997428894,0.22629103064537048,1.8194763660430908,0.3617611527442932,-0.35797953605651855,-1.045678734779358,-0.5643753409385681,-1.8103476762771606,1.093614101409912,1.0234180688858032,-1.2420176267623901
0.4551758749999989,0.0034223749999999996,133.0,4.728480416886343,0.7277965454909889,1.7491416493192422,0.000562736401754291,-0.000210741238816599,0.00019841508264499942,0.06112755302064901,-0.2945811450481415,0.14774934947490692,0.22825804352760315,1.8292856216430664,0.3820253312587738,-0.373676061630249,-1.0515364408493042,-0.5710954070091248,-1.81638503074646,1.0794787406921387,1.018815279006958,-1.2451043128967285
0.4551758749999989,0.0034223749999999996,133.0,4.7607835960489835,0.7584137158004652,1.7508961197079083,0.0008087653302397084,-0.00030309141475371533,0.0002801147584524941,0.061127913456797495,-0.2923617660999298,0.15041735768318176,0.2293020784854889,1.8367085456848145,0.40220019221305847,-0.3902754783630371,-1.0542250871658325,-0.5746049284934998,-1.8246755599975586,1.0665791034698486,1.0157151222229004,-1.2490711212158203
0.4551758749999989,0.0034223749999999996,133.0,4.792233646936915,0.7887254230778205,1.7537261640254231,0.000985207145752096,-0.00036973946288747483,0.00033383658433982106,0.061134905988322434,-0.2909053862094879,0.15184570848941803,0.2285887897014618,1.8379724025726318,0.4140949547290802,-0.40047359466552734,-1.0563912391662598,-0.5728560090065002,-1.8373116254806519,1.0665712356567383,1.0246739387512207,-1.2522249221801758
0.4551758749999989,0.0034223749999999996,133.0,4.822790267049256,0.8177712660904971,1.7566656697937097,0.0012112276523082949,-0.00045655648853590476,0.00039964279464968375,0.06113169464558005,-0.289150208234787,0.15741290152072906,0.233719140291214,1.8588979244232178,0.4470508098602295,-0.42226314544677734,-1.0610566139221191,-0.5881471037864685,-1.8339024782180786,1.0355863571166992,0.9916974306106567,-1.2576491832733154
0.4551758749999989,0.0034223749999999996,133.0,4.852600687502698,0.8453598403044759,1.7585146241160445,0.0013831754855677752,-0.0005242267760352035,0.0004488628662955859,0.06117278548639879,-0.2865818440914154,0.15968385338783264,0.23684921860694885,1.869146704673767,0.4645622670650482,-0.4387092590332031,-1.0713515281677246,-0.5976354479789734,-1.8268799781799316,1.0084114074707031,0.978432297706604,-1.2583191394805908
0.4551758749999989,0.0034223749999999996,133.0,4.881451203343723,0.872058282596447,1.7600393448633056,0.001575891635608698,-0.0005986624244126431,0.0005032072592058293,0.06119883994133412,-0.28453919291496277,0.1595887839794159,0.23581179976463318,1.8668196201324463,0.4724791646003723,-0.44876575469970703,-1.0749346017837524,-0.5954330563545227,-1.8347686529159546,1.0060818195343018,0.994902491569519,-1.2583732604980469
0.4551758749999989,0.0034223749999999996,133.0,4.909458641980013,0.8982270207586491,1.7620764972988026,0.0018059171070417368,-0.0006887474318082725,0.000568707073217976,0.06122924401531465,-0.2833079397678375,0.1618160903453827,0.23698720335960388,1.8741153478622437,0.4946780800819397,-0.4636220932006836,-1.0735352039337158,-0.6014208197593689,-1.8416743278503418,0.997234582901001,0.9949948787689209,-1.2597335577011108
0.4551758749999989,0.0034223749999999996,133.0,4.936586268686114,0.9228227273098906,1.7639456920659535,0.002039402506306198,-0.0007853521267190581,0.0006304684027424559,0.06124634870089938,-0.2815262973308563,0.1616724133491516,0.23722562193870544,1.8747254610061646,0.4996929466724396,-0.4716160297393799,-1.0825411081314087,-0.602178156375885,-1.8420034646987915,0.9884340763092041,1.003224492073059,-1.2596715688705444
0.4551758749999989,0.0034223749999999996,133.0,4.9628672089002235,0.9466952064737074,1.7656125027838832,0.002298393122782857,-0.0008888541372277327,0.0006979418618049385,0.061285317671849256,-0.2796008884906769,0.16339226067066193,0.2400185763835907,1.8831788301467896,0.510813295841217,-0.4839179515838623,-1.0928677320480347,-0.6096034646034241,-1.8335375785827637,0.9655041694641113,0.9912072420120239,-1.2606171369552612
0.4551758749999989,0.0034223749999999996,133.0,4.988002732623776,0.9697408596599983,1.7671005823348587,0.0024863280260527415,-0.000971965792948532,0.0007473384598554552,0.06132302942743955,-0.27805188298225403,0.1631760150194168,0.23983260989189148,1.8826563358306885,0.5157622694969177,-0.4912989139556885,-1.0990370512008667,-0.6093361973762512,-1.8358840942382812,0.9603650569915771,1.001763939857483,-1.2604718208312988
0.4551758749999989,0.0034223749999999996,133.0,5.012104813131594,0.9920591019668062,1.7680991758484534,0.00272529389653256,-0.001073974866960331,0.0008121446510358738,0.06137332603693579,-0.27664366364479065,0.16374343633651733,0.240923672914505,1.886248230934143,0.5278319716453552,-0.5021615028381348,-1.1032564640045166,-0.613854706287384,-1.8356401920318604,0.9497854709625244,1.0055279731750488,-1.2595899105072021
0.4551758749999989,0.0034223749999999996,133.0,5.03508808604218,1.0142388450350088,1.7693752573276091,0.0029639553590132916,-0.001184404910970418,0.0008805079295029904,0.06141459693841924,-0.2757687270641327,0.1654365062713623,0.2413313090801239,1.890183925628662,0.540221631526947,-0.5120091438293457,-1.102865219116211,-0.6153960824012756,-1.841812252998352,0.9460394382476807,1.0074057579040527,-1.2620551586151123
0.4551758749999989,0.0034223749999999996,133.0,5.057076619980587,1.0357813315196502,1.7703131206332157,0.0032170500900527118,-0.0012974970760890614,0.00095284987019633,0.0614503796899703,-0.27460137009620667,0.16607783734798431,0.24170544743537903,1.8922910690307617,0.5471264719963074,-0.5195341110229492,-1.1073375940322876,-0.6164796948432922,-1.843460202217102,0.9396255016326904,1.011075496673584,-1.2631410360336304
0.4551758749999989,0.0034223749999999996,133.0,5.078232412757511,1.055783451644077,1.7705904304139906,0.0034753492275751557,-0.00140897252959379,0.0010192071953932776,0.061476626135732265,-0.27284738421440125,0.16619251668453217,0.242807537317276,1.8942346572875977,0.55124431848526,-0.527461051940918,-1.1163840293884277,-0.6190112233161926,-1.8379127979278564,0.9257071018218994,1.0114545822143555,-1.2625662088394165
0.4551758749999989,0.0034223749999999996,133.0,5.098341048822184,1.0756104434199825,1.7711713505388282,0.0036757858143800616,-0.0014959462815333177,0.0010717101001142448,0.06149087805288318,-0.27177587151527405,0.1670694202184677,0.2430088222026825,1.8953818082809448,0.5569959282875061,-0.5349128246307373,-1.119721531867981,-0.6183928847312927,-1.8409018516540527,0.9216926097869873,1.014926791191101,-1.264404058456421
0.4551758749999989,0.0034223749999999996,133.0,5.117332811007594,1.0949206689310003,1.7720767591235487,0.003905770926527764,-0.0015916771151459597,0.0011301392644804745,0.06149511009498687,-0.27144375443458557,0.1680593341588974,0.24309656023979187,1.8979493379592896,0.5699126124382019,-0.5429165363311768,-1.1173752546310425,-0.620190441608429,-1.8485925197601318,0.9223816394805908,1.0220783948898315,-1.2652673721313477
0.4551758749999989,0.0034223749999999996,133.0,5.135809901045527,1.1127086041093464,1.7724839653038533,0.0041060301199303045,-0.0016817096538753959,0.001173526188606789,0.06149776083209283,-0.26986774802207947,0.16864587366580963,0.24412426352500916,1.8995587825775146,0.5670751929283142,-0.5477213859558105,-1.1293097734451294,-0.6194255948066711,-1.8433092832565308,0.9098527431488037,1.016815185546875,-1.2676339149475098
0.4551758749999989,0.0034223749999999996,133.0,5.153159519850456,1.1297650606546694,1.772702424537391,0.004337062182880563,-0.0017829559965729324,0.0012334543868734195,0.06150802879109486,-0.26865652203559875,0.16868586838245392,0.24539396166801453,1.9019571542739868,0.571763277053833,-0.5543313026428223,-1.136634349822998,-0.6226065754890442,-1.839106559753418,0.8982305526733398,1.0169447660446167,-1.2668551206588745
0.4551758749999989,0.0034223749999999996,133.0,5.169707098721501,1.1465277853204354,1.773334437694818,0.00454359608528671,-0.001869618922073977,0.0012823981345590158,0.061510699327896365,-0.2676038444042206,0.16961336135864258,0.24670132994651794,1.906068205833435,0.5792774558067322,-0.5611121654510498,-1.140181541442871,-0.6265198588371277,-1.8363220691680908,0.8865268230438232,1.0119712352752686,-1.267032265663147
0.4551758749999989,0.0034223749999999996,133.0,5.185571663358615,1.1617450245745742,1.7733339262932757,0.00474548488862185,-0.001957187742820516,0.0013307986139980787,0.06153056960076336,-0.2661522328853607,0.16940376162528992,0.24649301171302795,1.9043829441070557,0.5853101015090942,-0.5682792663574219,-1.1412042379379272,-0.626343309879303,-1.8375409841537476,0.8816096782684326,1.0202714204788208,-1.2656192779541016
0.4551758749999989,0.0034223749999999996,133.0,5.200833356523415,1.1760039954411474,1.7736153172909028,0.004904837651073729,-0.002026010765467179,0.00135984150369784,0.061548698028886524,-0.26393982768058777,0.16890542209148407,0.2476242482662201,1.904165506362915,0.587346076965332,-0.574368953704834,-1.14874267578125,-0.6293273568153381,-1.8259289264678955,0.8633646965026855,1.0166466236114502,-1.262390375137329
0.4551758749999989,0.0034223749999999996,133.0,5.215351877130709,1.1893850354279651,1.7735046409809798,0.005044650945328767,-0.0020858604053016865,0.0013891446488639959,0.061581200102763835,-0.2618428170681,0.16924133896827698,0.24872121214866638,1.9046190977096558,0.5939220190048218,-0.5835602283477783,-1.1506950855255127,-0.632409393787384,-1.8181239366531372,0.8469994068145752,1.0131040811538696,-1.259753942489624
0.4551758749999989,0.0034223749999999996,133.0,5.22905566374487,1.2019946491587827,1.7738103195740356,0.005195487891664012,-0.002149973678327096,0.0014170006386308275,0.06160723277351852,-0.25886622071266174,0.16678038239479065,0.24704131484031677,1.895187497138977,0.5911324620246887,-0.5871825218200684,-1.1540138721466064,-0.6280811429023743,-1.8124628067016602,0.8379592895507812,1.0275770425796509,-1.2547885179519653
0.4551758749999989,0.0034223749999999996,133.0,5.241392588943408,1.2146034878140366,1.7745978318463789,0.005361071604210393,-0.00221034743155664,0.0014497307495080194,0.06161912268037428,-0.2576350271701813,0.1674756407737732,0.24779203534126282,1.89656400680542,0.6013933420181274,-0.5949420928955078,-1.150686502456665,-0.6311337351799011,-1.8103939294815063,0.8280267715454102,1.025221586227417,-1.2531137466430664
0.4551758749999989,0.0034223749999999996,133.0,5.2527191831344435,1.226847945943148,1.77567025169041,0.0055306749372049735,-0.002269426919369288,0.0014858942373956868,0.06162629168259172,-0.2575351893901825,0.16934312880039215,0.24804523587226868,1.899693250656128,0.6188805103302002,-0.603975772857666,-1.1390715837478638,-0.6341319680213928,-1.8180598020553589,0.8282556533813477,1.026213526725769,-1.2532919645309448
0.4551758749999989,0.0034223749999999996,133.0,5.263074130876563,1.239014013562294,1.7773805585679718,0.005700982286566769,-0.002320454732822385,0.0015168358502621873,0.06161888685337424,-0.25805559754371643,0.17353887856006622,0.2501327693462372,1.9100779294967651,0.6396870613098145,-0.6138079166412354,-1.1265453100204468,-0.6414620280265808,-1.8223201036453247,0.8212602138519287,1.0072104930877686,-1.256238579750061
0.4551758749999989,0.0034223749999999996,133.0,5.272593094534965,1.2499577452047297,1.7786606514995822,0.005891772296635453,-0.0023850104547263754,0.0015591215454240118,0.0616203447344483,-0.2584599554538727,0.1785248965024948,0.25443658232688904,1.925036907196045,0.6587212085723877,-0.6238110065460205,-1.1207456588745117,-0.6538795828819275,-1.8142361640930176,0.8005878925323486,0.970189094543457,-1.258509635925293
0.4551758749999989,0.0034223749999999996,133.0,5.2811770855790465,1.2610255538818582,1.7813162896343802,0.006129628499650961,-0.0025196688900856533,0.0016424408816973102,0.06150459310440299,-0.2598221004009247,0.18033188581466675,0.25158777832984924,1.924521803855896,0.6740550994873047,-0.6262266635894775,-1.1021674871444702,-0.6486315131187439,-1.8376294374465942,0.8242928981781006,0.9853122234344482,-1.2634459733963013
0.4551758749999989,0.0034223749999999996,133.0,5.288802952940562,1.2704577660079635,1.7824827816593827,0.006418711375765945,-0.002620199770966974,0.0017154305022287367,0.06150607361595111,-0.260962575674057,0.18319132924079895,0.25194963812828064,1.930992841720581,0.6956498026847839,-0.6328322887420654,-1.0859283208847046,-0.6540136933326721,-1.8478147983551025,0.8283963203430176,0.9816707372665405,-1.2645412683486938
0.4551758749999989,0.0034223749999999996,133.0,5.295767561848564,1.2784390643843278,1.7830914869826913,0.006852801756172212,-0.0027875923176758927,0.0018290231349291143,0.061518340777154366,-0.26113608479499817,0.18529261648654938,0.2528318464756012,1.9358969926834106,0.7096673250198364,-0.6390869617462158,-1.0770750045776367,-0.6584776043891907,-1.8485299348831177,0.8236331939697266,0.973076581954956,-1.2649433612823486
0.4551758749999989,0.0034223749999999996,133.0,5.301791133943984,1.2859192976017237,1.7839360526552557,0.007581391317298407,-0.0030697982991917732,0.002017932629542337,0.061522037355754504,-0.2616676390171051,0.18692965805530548,0.2527407705783844,1.939648985862732,0.7236126661300659,-0.6436867713928223,-1.0665099620819092,-0.6608875393867493,-1.8526546955108643,0.8252658843994141,0.9707342386245728,-1.2663061618804932
0.4551758749999989,0.0034223749999999996,133.0,5.307257129607665,1.2918212565773965,1.7845585393015548,0.009226729028666359,-0.0037399178327191004,0.002434755462248429,0.06153451463037073,-0.26133742928504944,0.189310684800148,0.2552959620952606,1.9486478567123413,0.7322900891304016,-0.6504740715026855,-1.0670695304870605,-0.6668912768363953,-1.837706208229065,0.805229902267456,0.9424291253089905,-1.2691235542297363
0.4551758749999989,0.0034223749999999996,133.0,5.311614319582648,1.29613566053101,1.7852480281173537,0.017061672447099052,-0.007058165817370144,0.004401682413818019,0.06157274507359275,-0.26004937291145325,0.18676242232322693,0.2573178708553314,1.959230899810791,0.7362711429595947,-0.6612145900726318,-1.0833487510681152,-0.6659658551216125,-1.7985858917236328,0.7739167213439941,0.9208536744117737,-1.2805978059768677
0.4551758749999989,0.0034223749999999996,133.0,5.342291667101071,-1.1806999060293601,1.6288289320947995,-0.01498593778645073,-0.0004549591940249153,-0.006594131657113656,0.06638324654263322,-0.10747402906417847,0.23190100491046906,-0.03758740425109863,1.268125295639038,0.7144757509231567,-1.3037288188934326,-0.5358775854110718,-0.1360301375389099,-1.1820218563079834,0.779334545135498,1.4211190938949585,-1.1323281526565552
0.4551758749999989,0.0034223749999999996,133.0,5.337325212106727,-1.1750213706430452,1.6288445276999266,-0.008066151088150147,-0.0002585052310605736,-0.003616181916542404,0.066345062563441,-0.10891193151473999,0.23310883343219757,-0.03935670852661133,1.2680721282958984,0.7337666153907776,-1.297968864440918,-0.5049246549606323,-0.13543695211410522,-1.1781373023986816,0.8099362850189209,1.4045356512069702,-1.1326587200164795
0.4551758749999989,0.0034223749999999996,133.0,5.3312814456092745,-1.1690782544252345,1.6284257717391741,-0.006628506555757774,-0.00023886292422116014,-0.0029781418377498783,0.06630574802007161,-0.11129117012023926,0.23441874980926514,-0.04023584723472595,1.2739918231964111,0.7388858199119568,-1.289414644241333,-0.48613351583480835,-0.1391969919204712,-1.176717758178711,0.8190176486968994,1.385127305984497,-1.1346454620361328
0.4551758749999989,0.0034223749999999996,133.0,5.3245172113956185,-1.1627834475587318,1.627707027368976,-0.005995867055983315,-0.00025732541619210355,-0.002698844945351014,0.06627233086715119,-0.11312925815582275,0.2348438948392868,-0.04233163595199585,1.2774852514266968,0.7422997951507568,-1.2783594131469727,-0.4624849259853363,-0.14068055152893066,-1.1736544370651245,0.8258233070373535,1.370184302330017,-1.1366065740585327
0.4551758749999989,0.0034223749999999996,133.0,5.316688917802217,-1.1555602730521854,1.6268709348060388,-0.005628653982255639,-0.00028922470374207946,-0.002536733863871329,0.06623123888983952,-0.1153169572353363,0.23498040437698364,-0.045398712158203125,1.2813127040863037,0.7465056777000427,-1.2633514404296875,-0.43101009726524353,-0.14221692085266113,-1.1701430082321167,0.833073616027832,1.3536773920059204,-1.1389062404632568
0.4551758749999989,0.0034223749999999996,133.0,5.307716758140055,-1.1497443341290854,1.6233324491152776,-0.005373015040091839,-0.0003594183634696957,-0.0024241318193471964,0.0662764029439079,-0.11493706703186035,0.2333987057209015,-0.04934215545654297,1.2761704921722412,0.7472396492958069,-1.251084566116333,-0.39908120036125183,-0.13819420337677002,-1.1591742038726807,0.8350629806518555,1.3479328155517578,-1.1379947662353516
0.4551758749999989,0.0034223749999999996,133.0,5.298181819244331,-1.1413200568768704,1.6219885660319866,-0.005159279326505223,-0.00041312519387480187,-0.0023332720038935135,0.06623027054342288,-0.11724776029586792,0.23348088562488556,-0.052581220865249634,1.2800043821334839,0.7514159679412842,-1.2351875305175781,-0.3659818768501282,-0.1400400996208191,-1.1541422605514526,0.8414220809936523,1.3308095932006836,-1.139991044998169
0.4551758749999989,0.0034223749999999996,133.0,5.287934423297948,-1.1317589367085248,1.6210607121825196,-0.0050003825681408385,-0.00044651475447416914,-0.0022619792530973806,0.06619239945018518,-0.11967137455940247,0.23361504077911377,-0.055925846099853516,1.283768653869629,0.7486571073532104,-1.2201945781707764,-0.3313285708427429,-0.14088857173919678,-1.145492672920227,0.8493289947509766,1.3059096336364746,-1.14284086227417
0.4551758749999989,0.0034223749999999996,133.0,5.276710267040222,-1.1214939702920315,1.6197273870829878,-0.004858298757993466,-0.0004967720818019976,-0.0021989172924210846,0.0661399455698815,-0.12243929505348206,0.23343339562416077,-0.060169070959091187,1.2875568866729736,0.7505034804344177,-1.2006723880767822,-0.28854361176490784,-0.14231938123703003,-1.1370582580566406,0.857489824295044,1.2819291353225708,-1.1452124118804932
0.4551758749999989,0.0034223749999999996,133.0,5.264685848412653,-1.1105732348290058,1.618462057785547,-0.004714172713974938,-0.0005462711118963658,-0.0021363115656945924,0.06609225374449387,-0.12495282292366028,0.2326456755399704,-0.06540432572364807,1.2895715236663818,0.7530298829078674,-1.178685188293457,-0.24055252969264984,-0.14222240447998047,-1.1271737813949585,0.865973711013794,1.2588341236114502,-1.1474173069000244
0.4551758749999989,0.0034223749999999996,133.0,5.252287607658399,-1.0987265963264228,1.6175751721564993,-0.004579173943871291,-0.0005746072807175933,-0.0020754251278049182,0.06607019029653752,-0.12582701444625854,0.23176038265228271,-0.0695757269859314,1.2876075506210327,0.748000979423523,-1.1654717922210693,-0.20763397216796875,-0.13837522268295288,-1.1134709119796753,0.8723752498626709,1.2398524284362793,-1.1493167877197266
0.4551758749999989,0.0034223749999999996,133.0,5.23919601366913,-1.0860961956503126,1.6167467426610969,-0.004442968509121982,-0.0005942111466701349,-0.002012474734287182,0.06604426387178841,-0.1265954077243805,0.23125310242176056,-0.07289272546768188,1.2863857746124268,0.749614953994751,-1.1544897556304932,-0.18347153067588806,-0.13596618175506592,-1.1029878854751587,0.8769180774688721,1.2298310995101929,-1.1505122184753418
0.4551758749999989,0.0034223749999999996,133.0,5.225715677153135,-1.072514777162011,1.6162527109229026,-0.004323998954125249,-0.0006006159218851362,-0.0019556693224197456,0.06604618573450793,-0.126573383808136,0.2307189255952835,-0.07586526870727539,1.2835537195205688,0.7467144131660461,-1.1465458869934082,-0.16432702541351318,-0.13179069757461548,-1.0901458263397217,0.8803508281707764,1.2170592546463013,-1.151829719543457
0.4551758749999989,0.0034223749999999996,133.0,5.211907262429808,-1.0584206958222682,1.6159287134656135,-0.004170343392450235,-0.0005951471892028848,-0.001884474203055482,0.06607596157303605,-0.12505894899368286,0.23027396202087402,-0.0776764452457428,1.2782061100006104,0.7425641417503357,-1.1453378200531006,-0.1599707454442978,-0.12578445672988892,-1.0783536434173584,0.879828929901123,1.211372971534729,-1.1524646282196045
0.4551758749999989,0.0034223749999999996,133.0,5.1966794224943715,-1.0430003211110341,1.6155380296144906,-0.003980873954682299,-0.0005860636552282556,-0.0017952055430121498,0.06608365553160836,-0.12383508682250977,0.22977817058563232,-0.0799456536769867,1.2732868194580078,0.7381157875061035,-1.141939401626587,-0.15044350922107697,-0.1203116774559021,-1.06593918800354,0.8794479370117188,1.2016324996948242,-1.1530206203460693
0.4551758749999989,0.0034223749999999996,133.0,5.180626846453275,-1.0266742998692204,1.6154725748069367,-0.003804441576160453,-0.0005702273072400208,-0.0017108350053036106,0.0660966546877864,-0.12255275249481201,0.23023179173469543,-0.08065250515937805,1.2705422639846802,0.7354010343551636,-1.1425673961639404,-0.15301741659641266,-0.11712527275085449,-1.0577548742294312,0.8758666515350342,1.1935806274414062,-1.1534168720245361
0.4551758749999989,0.0034223749999999996,133.0,5.1637312577701024,-1.0100364989218447,1.6148338702857021,-0.00360019467532591,-0.0005713132825926221,-0.0016179236784219506,0.06610720285241745,-0.12275665998458862,0.2304389327764511,-0.08284717798233032,1.26931893825531,0.7254444360733032,-1.1369404792785645,-0.1354650855064392,-0.11470359563827515,-1.043807029724121,0.8769075870513916,1.1684291362762451,-1.154534101486206
0.4551758749999989,0.0034223749999999996,133.0,5.1468637459471545,-0.9926394711925485,1.6149986456166934,-0.0034047983936192,-0.0005454750194495227,-0.0015286403926520066,0.06617045233204571,-0.11991673707962036,0.23085495829582214,-0.0828186571598053,1.2632298469543457,0.7131892442703247,-1.1444056034088135,-0.1480179876089096,-0.10835111141204834,-1.0319188833236694,0.8696680068969727,1.1597973108291626,-1.1547319889068604
0.4551758749999989,0.0034223749999999996,133.0,5.128044781079705,-0.9737185702999779,1.6148710287992265,-0.0032074972006433974,-0.0005301680914523566,-0.001435400638753865,0.06617747952418127,-0.12005352973937988,0.23233731091022491,-0.08315905928611755,1.2643460035324097,0.7032784223556519,-1.143127679824829,-0.1452321857213974,-0.10802263021469116,-1.020538568496704,0.8669517040252686,1.1343392133712769,-1.1559827327728271
0.4551758749999989,0.0034223749999999996,133.0,5.108729540648984,-0.9546450103688893,1.6144265397738307,-0.003026319820719116,-0.0005282654499928886,-0.001353377168761263,0.06620444990871002,-0.11960771679878235,0.23136436939239502,-0.0875328779220581,1.259784460067749,0.6979992985725403,-1.1315958499908447,-0.1138797253370285,-0.1029123067855835,-1.0019437074661255,0.8671269416809082,1.1092863082885742,-1.1566202640533447
0.4551758749999989,0.0034223749999999996,133.0,5.0889674287569635,-0.9344747867874118,1.6146436651203797,-0.0027921366437803304,-0.000494851840555008,-0.0012467340657596078,0.06625885076185026,-0.11728763580322266,0.23080211877822876,-0.09010586142539978,1.2522056102752686,0.6859506368637085,-1.1301522254943848,-0.10292373597621918,-0.09479612112045288,-0.9823899269104004,0.8628253936767578,1.0899410247802734,-1.1571738719940186
0.4551758749999989,0.0034223749999999996,133.0,5.067253207484383,-0.9143495523721569,1.6137870339820515,-0.002562789047345016,-0.00048385499573061193,-0.001137291272305958,0.06626240991742487,-0.11783549189567566,0.22877131402492523,-0.09702548384666443,1.2477054595947266,0.6910222768783569,-1.108156442642212,-0.04710821807384491,-0.0905722975730896,-0.9607741236686707,0.8658509254455566,1.0587884187698364,-1.1571307182312012
0.4551758749999989,0.0034223749999999996,133.0,5.045319810830171,-0.8929718348771704,1.613617062274905,-0.0023430298960949547,-0.00045379285999522896,-0.0010384728274091648,0.0663030524716108,-0.11661303043365479,0.22831085324287415,-0.10018965601921082,1.2426550388336182,0.685286283493042,-1.1011581420898438,-0.027339991182088852,-0.08552110195159912,-0.9417119026184082,0.8618595600128174,1.0339782238006592,-1.1571550369262695
0.4551758749999989,0.0034223749999999996,133.0,5.022365457154208,-0.8705482290763211,1.613496413634927,-0.0021241514497291857,-0.0004262939774886304,-0.0009412415633942455,0.06633324503085364,-0.11560779809951782,0.22761622071266174,-0.10399845242500305,1.2367790937423706,0.6735290288925171,-1.0930149555206299,-0.00012482982128858566,-0.07923275232315063,-0.9176102876663208,0.8595700263977051,1.000154972076416,-1.157551884651184
0.4551758749999989,0.0034223749999999996,133.0,4.9984061312735095,-0.8463374489496523,1.6136621630665198,-0.001952342842318718,-0.00039096948290900696,-0.0008619116208482236,0.06635555282058736,-0.11447557806968689,0.22833073139190674,-0.10547003149986267,1.233717441558838,0.6628873348236084,-1.090240478515625,0.007482463493943214,-0.07560265064239502,-0.8995741009712219,0.8527703285217285,0.9719526171684265,-1.158009648323059
0.4551758749999989,0.0034223749999999996,133.0,4.974676911156624,-0.8221221724954466,1.6141948967023863,-0.001739298892757975,-0.00034543952493170125,-0.0007675761164836261,0.06642691487151235,-0.11145389080047607,0.22936157882213593,-0.10527947545051575,1.2278697490692139,0.6474628448486328,-1.0964536666870117,-0.00402478314936161,-0.06904196739196777,-0.8829104900360107,0.8416461944580078,0.9530864357948303,-1.1585936546325684
0.4551758749999989,0.0034223749999999996,133.0,4.949186113921593,-0.7972594354848549,1.614064202551133,-0.0015419019506127478,-0.0003190177915697281,-0.000681581142491591,0.06645133405987906,-0.11036264896392822,0.2286776304244995,-0.10908180475234985,1.2217254638671875,0.6360596418380737,-1.087993860244751,0.022745393216609955,-0.06260150671005249,-0.8584378957748413,0.8377816677093506,0.9182507991790771,-1.1588789224624634
0.4551758749999989,0.0034223749999999996,133.0,4.922979782863097,-0.7720309765900146,1.6136370212652849,-0.001347736877040862,-0.0002947965229692887,-0.0005952058667697796,0.06646155956282081,-0.1107458770275116,0.2273198515176773,-0.11470845341682434,1.2167974710464478,0.6320021152496338,-1.0711665153503418,0.07007931172847748,-0.058426499366760254,-0.8311923146247864,0.8372910022735596,0.8750476837158203,-1.158174991607666
0.4551758749999989,0.0034223749999999996,133.0,4.896060313939169,-0.7456633007243743,1.6134302131949496,-0.0011869919001070344,-0.00026953376114044177,-0.0005236905467042584,0.06648801858156479,-0.10963886976242065,0.22631217539310455,-0.1190650463104248,1.2091991901397705,0.6192383766174316,-1.0611763000488281,0.10339902341365814,-0.05130070447921753,-0.8011589646339417,0.8330588340759277,0.833810567855835,-1.1576693058013916
0.4551758749999989,0.0034223749999999996,133.0,4.868708769928417,-0.7187358775458127,1.6132744319626282,-0.00104377120596035,-0.00024598032514839375,-0.00045967442152261296,0.06652732853834549,-0.10853943228721619,0.2252904325723648,-0.12348583340644836,1.2010562419891357,0.6055257320404053,-1.0507175922393799,0.13832157850265503,-0.04385608434677124,-0.7687246203422546,0.8285341262817383,0.7901097536087036,-1.1569043397903442
0.4551758749999989,0.0034223749999999996,133.0,4.839931047838915,-0.6905755090396902,1.6131041347393245,-0.0008602400654401109,-0.00020953539441810793,-0.0003773670137512379,0.06654240209669907,-0.10597079992294312,0.22460569441318512,-0.1266975998878479,1.1911102533340454,0.5904346704483032,-1.0454027652740479,0.15972553193569183,-0.03484898805618286,-0.7374746799468994,0.8192291259765625,0.7538230419158936,-1.1558884382247925
0.4551758749999989,0.0034223749999999996,133.0,4.8102249056840884,-0.6619421056153898,1.6127949958732968,-0.000720477023841431,-0.00018413204033002704,-0.0003153401145187324,0.06654960655656025,-0.10679000616073608,0.2222658395767212,-0.13392898440361023,1.182716965675354,0.586285412311554,-1.023735761642456,0.225608691573143,-0.029705584049224854,-0.6981745958328247,0.8186993598937988,0.6957560777664185,-1.1526553630828857
0.4551758749999989,0.0034223749999999996,133.0,4.77996788305109,-0.6324263972038914,1.6126389698026429,-0.0005396321529645018,-0.00014339988039906021,-0.00023558686463571077,0.06656652145749513,-0.10668212175369263,0.22025223076343536,-0.14004570245742798,1.1727608442306519,0.5770246982574463,-1.0067920684814453,0.28065431118011475,-0.023325204849243164,-0.6583760976791382,0.8149206638336182,0.6398188471794128,-1.1490459442138672
0.4551758749999989,0.0034223749999999996,133.0,4.749165127409617,-0.6017816271046881,1.6128289770982036,-0.0003382092600840903,-9.111254410876255e-5,-0.00014765360854742754,0.0666141768806093,-0.10561078786849976,0.21889568865299225,-0.14467930793762207,1.1622487306594849,0.5620598793029785,-0.9952347278594971,0.32093456387519836,-0.016164124011993408,-0.6204735040664673,0.8073070049285889,0.5871859788894653,-1.1456084251403809
0.4551758749999989,0.0034223749999999996,133.0,4.71747002550244,-0.5702879364720667,1.6130899796056721,-0.00015771291082341925,-4.326471501567092e-5,-6.891077721130878e-5,0.06665838424205958,-0.1026226282119751,0.21846474707126617,-0.14714941382408142,1.1509497165679932,0.5440375804901123,-0.9915740489959717,0.3393135368824005,-0.007896661758422852,-0.5870909690856934,0.792830228805542,0.5455324649810791,-1.1424641609191895
0.4551758749999989,0.0034223749999999996,133.0,4.684757625226243,-0.5385872115526493,1.6135474433287935,1.7426033513753295e-5,4.932559193807337e-6,7.630029229076367e-6,0.06669738835724114,-0.10027781128883362,0.21769239008426666,-0.15044784545898438,1.1391866207122803,0.5265253782272339,-0.984529972076416,0.366636723279953,0.0002244710922241211,-0.5522047877311707,0.7798819541931152,0.4975270926952362,-1.1387231349945068
0.4551758749999989,0.0034223749999999996,133.0,4.651074791932343,-0.5058856423079211,1.613416449721032,0.00019206178325312093,5.643104093150955e-5,8.415447093212359e-5,0.06671169122313045,-0.09893995523452759,0.21407191455364227,-0.15742245316505432,1.1226980686187744,0.5184403657913208,-0.9685890674591064,0.42946770787239075,0.008337080478668213,-0.504789412021637,0.7705681324005127,0.43949419260025024,-1.130412220954895
0.4551758749999989,0.0034223749999999996,133.0,4.61642158467568,-0.47180917719175425,1.6133713146591926,0.0003805147864278197,0.00011388214169735724,0.00016689776298350344,0.06673084919689694,-0.09749928116798401,0.21196046471595764,-0.16232404112815857,1.1078534126281738,0.5006739497184753,-0.956265926361084,0.47623392939567566,0.01616305112838745,-0.4592278003692627,0.7586371898651123,0.3802880644798279,-1.1232998371124268
0.4551758749999989,0.0034223749999999996,133.0,4.581086684322725,-0.437120843062293,1.613924159104585,0.0005281410595797838,0.00015988226835368695,0.00023178930298540468,0.06676118443116386,-0.0963200032711029,0.21206626296043396,-0.16466328501701355,1.0977615118026733,0.48147642612457275,-0.9464113712310791,0.5011416673660278,0.021451890468597412,-0.425251841545105,0.7440738677978516,0.3272883892059326,-1.1182780265808105
0.4551758749999989,0.0034223749999999996,133.0,4.544865350440164,-0.40177625405993905,1.6142298232653864,0.0006937884881653419,0.00021429918617202933,0.0003050972366268197,0.06678122709988281,-0.09500104188919067,0.21012365818023682,-0.1690922975540161,1.082351803779602,0.46333786845207214,-0.9338340759277344,0.544628918170929,0.028945177793502808,-0.38167184591293335,0.7306864261627197,0.26969629526138306,-1.11024808883667
0.4551758749999989,0.0034223749999999996,133.0,4.507850916155228,-0.3656320779692957,1.6145752654191865,0.0008694864598644778,0.0002739304080781382,0.0003832199910370458,0.06680050973164998,-0.09365144371986389,0.20802073180675507,-0.17351999878883362,1.065535068511963,0.4440103769302368,-0.9205405712127686,0.5899468064308167,0.03651037812232971,-0.3356175124645233,0.7161805629730225,0.2103966921567917,-1.100869059562683
0.4551758749999989,0.0034223749999999996,133.0,4.469863171377444,-0.32863029942691274,1.6149302155720702,0.001067982541190141,0.0003433766430200178,0.0004732338581660144,0.06681502120617312,-0.09229621291160583,0.20560431480407715,-0.17809641361236572,1.0467333793640137,0.4235037565231323,-0.9059131145477295,0.6386573314666748,0.044345319271087646,-0.2860740125179291,0.7005958557128906,0.14931094646453857,-1.089760422706604
0.4551758749999989,0.0034223749999999996,133.0,4.430997121947501,-0.2907179316641759,1.6153022273512325,0.0012564220196404096,0.0004125748317978065,0.0005576102950631419,0.06681261180426129,-0.0909050703048706,0.20285159349441528,-0.18276649713516235,1.0257655382156372,0.4015745222568512,-0.8899261951446533,0.6906892657279968,0.052428871393203735,-0.23252232372760773,0.6833937168121338,0.08666422963142395,-1.0767264366149902
0.4551758749999989,0.0034223749999999996,133.0,4.391188431735958,-0.25235756037521007,1.6160936591277915,0.0013757892108145248,0.00046191549043452727,0.0006145524898436939,0.06682128048056339,-0.09085354208946228,0.20068399608135223,-0.18713301420211792,1.0050556659698486,0.3788611590862274,-0.8690493106842041,0.7452784776687622,0.058665931224823,-0.17773635685443878,0.6670427322387695,0.0177727360278368,-1.0620336532592773
0.4551758749999989,0.0034223749999999996,133.0,4.350894472211711,-0.21334760994646795,1.6166892262048358,0.001527185713950708,0.0005232747510464705,0.0006898319546020144,0.06684088231968066,-0.08957803249359131,0.1958429217338562,-0.1931072175502777,0.97576504945755,0.3588283658027649,-0.8493363857269287,0.8153477907180786,0.06810703873634338,-0.11061128973960876,0.6475787162780762,-0.047078877687454224,-1.0420899391174316
0.4551758749999989,0.0034223749999999996,133.0,4.309111569300022,-0.17236799605487668,1.6167083376190654,0.0016753760257630411,0.0005831928783829785,0.0007650231776186589,0.06682455483351332,-0.0872231125831604,0.19267083704471588,-0.19673192501068115,0.9491069316864014,0.32827699184417725,-0.8318395614624023,0.8646185398101807,0.07625967264175415,-0.04728338494896889,0.6216390132904053,-0.10776621103286743,-1.0234050750732422
0.4551758749999989,0.0034223749999999996,133.0,4.267214304149948,-0.13043986085043105,1.6204467733569756,0.0018094695253185785,0.0006321023857743199,0.0008510157127790733,0.06678037473252968,-0.08703425526618958,0.18615737557411194,-0.20332567393779755,0.9105157852172852,0.31069156527519226,-0.8064186573028564,0.9496349096298218,0.0869702696800232,0.0310733150690794,0.6018984317779541,-0.16904620826244354,-0.9954557418823242
0.4551758749999989,0.0034223749999999996,133.0,4.222283216322109,-0.08782269163249204,1.6211265178519207,0.0019023660139604087,0.0006882515038870465,0.0009082859848059732,0.06668928437239262,-0.08860659599304199,0.18569625914096832,-0.20486856997013092,0.8986573219299316,0.29246848821640015,-0.7908077239990234,0.9766227006912231,0.08594009280204773,0.06641940027475357,0.5909676551818848,-0.21514303982257843,-0.9824064373970032
0.4551758749999989,0.0034223749999999996,133.0,4.172141437337529,-0.03759756159125809,1.6215771154432768,0.0018631632107375055,0.0005509998896741252,0.001025021719010426,0.06658148664310984,-0.09106144309043884,0.20695462822914124,-0.18653830885887146,0.9932875633239746,0.3057968318462372,-0.856403112411499,0.7049143314361572,0.05662721395492554,-0.22485072910785675,0.6621923446655273,-0.05895474553108215,-1.0478737354278564
0.4551758749999989,0.0034223749999999996,133.0,4.111899033677521,0.022330614328997692,1.6220625673853664,0.0017038190473937832,-5.78843653778888e-5,0.0012286268274308801,0.06588580481674061,-0.11702314019203186,0.230779767036438,-0.1279502809047699,1.0998563766479492,0.441025048494339,-0.830052375793457,0.13237835466861725,0.02358672022819519,-1.0732167959213257,0.9799275398254395,0.45366325974464417,-1.120182991027832
0.4551758749999989,0.0034223749999999996,133.0,4.031702767074782,0.038123162415683774,1.6254796747658988,0.00010412895850514899,3.257878566100281e-6,7.666765046905331e-5,0.06444198778838969,-0.1506100296974182,0.23951706290245056,-0.09306636452674866,1.077345848083496,0.4511902332305908,-0.6820244789123535,-0.1938910186290741,0.07144668698310852,-1.5714232921600342,1.307953119277954,0.7263429164886475,-1.1443383693695068
0.4551758749999989,0.0034223749999999996,133.0,4.051440216713668,0.07484724876679912,1.648308719645703,-0.0018371527847125017,0.00020922178267205702,-0.0012956507337583804,0.06260185705527285,-0.27719470858573914,0.10964404046535492,0.04086795449256897,1.4733952283859253,0.4841510057449341,-0.10267400741577148,-0.12018649280071259,-0.3861057758331299,-1.5608298778533936,1.4782261848449707,0.8573863506317139,-1.0805060863494873
0.4551758749999989,0.0034223749999999996,133.0,4.06778462121795,0.12513926362476566,1.68055050492295,-0.002242633686479383,0.0007490315300438265,-0.0012558916347152288,0.06061416836370429,-0.32433727383613586,0.0967194139957428,0.13859012722969055,1.513658046722412,0.04299633577466011,-0.028918981552124023,-0.74268639087677,-0.4286332130432129,-1.5774600505828857,1.5184361934661865,1.1452006101608276,-1.074114203453064
0.4551758749999989,0.0034223749999999996,133.0,4.105730455850193,0.17235255671828179,1.692049494853745,-0.0022875514925183404,0.0008154994146032237,-0.0011703254039164763,0.060191912455115786,-0.3401722013950348,0.10220154374837875,0.18213120102882385,1.6036350727081299,-0.06473170220851898,-0.0113067626953125,-0.9199957847595215,-0.43694615364074707,-1.546213984489441,1.4441349506378174,1.1375380754470825,-1.1543259620666504
0.4551758749999989,0.0034223749999999996,133.0,4.150116076306966,0.2173333750710453,1.6980835936505438,-0.0021782833552009846,0.0007757069741568757,-0.001062120201227692,0.06014231070381176,-0.33800068497657776,0.1096113845705986,0.19490012526512146,1.6538598537445068,-0.01078815571963787,-0.0499567985534668,-0.946711540222168,-0.45622116327285767,-1.5850690603256226,1.3881409168243408,1.0739295482635498,-1.1848955154418945
0.4551758749999989,0.0034223749999999996,133.0,4.194752881165011,0.25982218654346856,1.7029060922361103,-0.0020001889205722456,0.0007139314720096014,-0.0009387437853627427,0.06020822410483891,-0.33385536074638367,0.11609762161970139,0.2023155391216278,1.687406301498413,0.05103560909628868,-0.08802628517150879,-0.9572340250015259,-0.47663432359695435,-1.622045874595642,1.342728614807129,1.0361829996109009,-1.197737216949463
0.4551758749999989,0.0034223749999999996,133.0,4.238599390169554,0.3003129309119572,1.7057158042115623,-0.0017725632867831968,0.0006331897376325714,-0.0008111097103486781,0.06034537658936081,-0.32903239130973816,0.11725404113531113,0.20507225394248962,1.6997814178466797,0.07443296909332275,-0.11483407020568848,-0.9731065630912781,-0.4863443374633789,-1.6424572467803955,1.307936191558838,1.0412607192993164,-1.2003378868103027
0.4551758749999989,0.0034223749999999996,133.0,4.281724907511008,0.340508265598054,1.7081873708376967,-0.0016668123620352778,0.0005937613710073222,-0.0007485238058713826,0.060462278385898516,-0.32530972361564636,0.12017510086297989,0.2073921263217926,1.7129443883895874,0.10905828326940536,-0.14243078231811523,-0.9764202833175659,-0.494790256023407,-1.6707895994186401,1.284942865371704,1.0387169122695923,-1.2050261497497559
0.4551758749999989,0.0034223749999999996,133.0,4.324228505967625,0.38025903038955544,1.711107424274395,-0.0014270064617473801,0.0005092273617671751,-0.0006261932344092359,0.06051935264755757,-0.3218546211719513,0.12321799993515015,0.20988288521766663,1.7269394397735596,0.14290806651115417,-0.16875553131103516,-0.9817549586296082,-0.5040877461433411,-1.6938676834106445,1.2611699104309082,1.0343369245529175,-1.2096774578094482
0.4551758749999989,0.0034223749999999996,133.0,4.365711048773602,0.41936738030680887,1.7141321524475155,-0.0012438064825247483,0.0004427986692821303,-0.0005309564702588056,0.060584197567058594,-0.3195686638355255,0.12617455422878265,0.20859584212303162,1.7309575080871582,0.16764801740646362,-0.1881091594696045,-0.9743158221244812,-0.5010104775428772,-1.7318739891052246,1.2622654438018799,1.0440325736999512,-1.2169462442398071
0.4551758749999989,0.0034223749999999996,133.0,4.406395341565618,0.45758994142860526,1.7174328941504766,-0.0010117938407837777,0.0003614540546027587,-0.00042056363409140654,0.06065866131761595,-0.3159573972225189,0.13195420801639557,0.2146318256855011,1.7578890323638916,0.21299003064632416,-0.21922087669372559,-0.9845384359359741,-0.5187953114509583,-1.7442466020584106,1.2213184833526611,1.0127147436141968,-1.2258625030517578
0.4551758749999989,0.0034223749999999996,133.0,4.446107526178597,0.4945850080120818,1.7199420632731668,-0.000804621709643834,0.00028918688476647756,-0.00032784546367702175,0.06073388070805793,-0.3125467598438263,0.13411276042461395,0.21642330288887024,1.7682615518569946,0.24113592505455017,-0.24325251579284668,-0.9895040988922119,-0.5269433856010437,-1.7597005367279053,1.1997225284576416,1.0145058631896973,-1.2280993461608887
0.4551758749999989,0.0034223749999999996,133.0,4.484921447404017,0.5308770998158219,1.72240591053068,-0.0006081119396123589,0.00021889046124305692,-0.00024203935208318036,0.060792301269234815,-0.3094007670879364,0.13638868927955627,0.21830222010612488,1.7787950038909912,0.2682296335697174,-0.2659165859222412,-0.994856595993042,-0.5349368453025818,-1.7731934785842896,1.1789650917053223,1.0146695375442505,-1.2306510210037231
0.4551758749999989,0.0034223749999999996,133.0,4.522772901093619,0.5662188379587562,1.724886656069926,-0.0004177195523112759,0.00015140968761202076,-0.0001631734997744355,0.06085031212285524,-0.30649909377098083,0.13871580362319946,0.22026929259300232,1.789285659790039,0.2940780818462372,-0.2870762348175049,-1.0014704465866089,-0.5430043339729309,-1.7845830917358398,1.158944845199585,1.0134549140930176,-1.2330793142318726
0.4551758749999989,0.0034223749999999996,133.0,4.559536479023676,0.6009039364664557,1.727052121436873,-0.0002343679860203417,8.524495357711726e-5,-8.984714653452171e-5,0.060888821451002564,-0.3045366108417511,0.14014282822608948,0.21878674626350403,1.7896195650100708,0.30792340636253357,-0.3009369373321533,-1.0000011920928955,-0.5392374396324158,-1.8072993755340576,1.1613683700561523,1.0293257236480713,-1.2373889684677124
0.4551758749999989,0.0034223749999999996,133.0,4.595304075073848,0.6345338016567771,1.729247352943805,-6.985716234006223e-5,2.5500247922913485e-5,-2.6269720252462193e-5,0.060950411395490754,-0.3019043505191803,0.14486096799373627,0.22473230957984924,1.8121036291122437,0.33741092681884766,-0.32468652725219727,-1.0151419639587402,-0.5551525950431824,-1.8043034076690674,1.1235384941101074,0.9994549751281738,-1.2437288761138916
0.4551758749999989,0.0034223749999999996,133.0,4.62987988844432,0.666912139202934,1.7306516843216733,0.00015074897437825132,-5.551112857161558e-5,5.591032569879746e-5,0.060979798484692226,-0.2996157705783844,0.1453288048505783,0.22467955946922302,1.8140296936035156,0.3452316224575043,-0.336681604385376,-1.0244908332824707,-0.5551990866661072,-1.8129855394363403,1.114924669265747,1.0108681917190552,-1.245721697807312
0.4551758749999989,0.0034223749999999996,133.0,4.664794799955656,0.6965443132821557,1.7310120542191543,0.000355386706181397,-0.00013106285948368785,0.00012845732621475322,0.061149370852807396,-0.2958180010318756,0.14430588483810425,0.22544512152671814,1.8145323991775513,0.3518695533275604,-0.3532369136810303,-1.0389204025268555,-0.5588029026985168,-1.8098126649856567,1.0936684608459473,1.0248430967330933,-1.242700457572937
0.4551758749999989,0.0034223749999999996,133.0,4.697814849786605,0.7279198099641331,1.7332714085845502,0.0005621320585640076,-0.00020843873123829507,0.00019931728124858412,0.06117674337309076,-0.2941502034664154,0.14676013588905334,0.22741112112998962,1.824446201324463,0.37223830819129944,-0.36905384063720703,-1.0446311235427856,-0.5655199885368347,-1.8160765171051025,1.0795660018920898,1.0201464891433716,-1.245895266532898
0.4551758749999989,0.0034223749999999996,133.0,4.730122728458116,0.7584543272178448,1.7352006346918496,0.0008072346624047128,-0.00030096924390453253,0.0002817501214543896,0.061180607639185786,-0.292193740606308,0.14852498471736908,0.22601494193077087,1.8245575428009033,0.38311660289764404,-0.38061976432800293,-1.0448955297470093,-0.5605650544166565,-1.8325918912887573,1.080449104309082,1.0299839973449707,-1.2511519193649292
0.4551758749999989,0.0034223749999999996,133.0,4.76161254168285,0.7887917129799185,1.7378913067900892,0.0009841093578285894,-0.0003656060126711929,0.0003352108537852067,0.061188721783810254,-0.2904139459133148,0.15090733766555786,0.2278061807155609,1.8334139585494995,0.40470167994499207,-0.3961164951324463,-1.0497766733169556,-0.5675258040428162,-1.8370729684829712,1.0661492347717285,1.0253323316574097,-1.2530453205108643
0.4551758749999989,0.0034223749999999996,133.0,4.792166308696804,0.8177479610612355,1.7407847940692431,0.0012098930944868227,-0.00045189388836581253,0.0004011016825819462,0.061184261805502585,-0.2881568968296051,0.15567359328269958,0.23320850729942322,1.853369951248169,0.43103548884391785,-0.41591572761535645,-1.06132972240448,-0.5825368762016296,-1.827562689781189,1.0297431945800781,0.9914106130599976,-1.2577487230300903
0.4551758749999989,0.0034223749999999996,133.0,4.821947644437004,0.845364565171774,1.7425469628156178,0.001381276168079225,-0.000518614511322086,0.00045106483873576383,0.06123130615386103,-0.28597643971443176,0.1587003618478775,0.23607608675956726,1.8646697998046875,0.45555421710014343,-0.4348909854888916,-1.0648759603500366,-0.5923587679862976,-1.826831340789795,1.007519245147705,0.9792184829711914,-1.2591692209243774
0.4551758749999989,0.0034223749999999996,133.0,4.850712078873639,0.8721020648002795,1.7440696048084297,0.0015739530091948188,-0.0005924675519578906,0.0005057834614345213,0.06125277187774785,-0.28396013379096985,0.15865448117256165,0.23504194617271423,1.862471103668213,0.4634318947792053,-0.44484376907348633,-1.068530797958374,-0.5901052355766296,-1.8350040912628174,1.0053684711456299,0.99542236328125,-1.2594019174575806
0.4551758749999989,0.0034223749999999996,133.0,4.878691988420208,0.8983093088772939,1.746060741814634,0.0018036421032298082,-0.0006815000871687461,0.0005718475130766173,0.061284277855338055,-0.2827039659023285,0.1609092354774475,0.23620662093162537,1.86979079246521,0.48576781153678894,-0.45984625816345215,-1.067016363143921,-0.5960342288017273,-1.8420761823654175,0.9965333938598633,0.9953787326812744,-1.2608451843261719
0.4551758749999989,0.0034223749999999996,133.0,4.905804397717622,0.9229217008600281,1.7478637553678138,0.0020368641809764506,-0.0007773740859657052,0.0006339958990374132,0.06130079265434431,-0.2808898389339447,0.16074539721012115,0.2363949716091156,1.8702765703201294,0.4907357394695282,-0.4680302143096924,-1.0757288932800293,-0.5966582894325256,-1.842591643333435,0.9878737926483154,1.0040711164474487,-1.2607967853546143
0.4551758749999989,0.0034223749999999996,133.0,4.932079830420675,0.9468557636726821,1.749574925120732,0.002296179354546839,-0.0008794099113174088,0.0007017946435765785,0.06133558554600811,-0.2789987027645111,0.1625446230173111,0.23921534419059753,1.8789798021316528,0.5021224617958069,-0.4804058074951172,-1.0860276222229004,-0.6041174530982971,-1.834434986114502,0.9650964736938477,0.9917051792144775,-1.261955976486206
0.4551758749999989,0.0034223749999999996,133.0,4.957281342078189,0.9699148399127523,1.7511964368203046,0.002484967337290223,-0.0009611709293053512,0.0007506785020650154,0.06136825295718625,-0.277498334646225,0.1624114066362381,0.23909655213356018,1.8787600994110107,0.5072509050369263,-0.4877758026123047,-1.0924164056777954,-0.603996217250824,-1.8368736505508423,0.9599819183349609,1.0017186403274536,-1.261962890625
0.4551758749999989,0.0034223749999999996,133.0,4.981477062309354,0.9921672999451994,1.7523351241658425,0.002724991594188045,-0.001061429528504584,0.0008147054329150809,0.06141369377241697,-0.2760845720767975,0.16301536560058594,0.24024370312690735,1.8825321197509766,0.5194372534751892,-0.4986708164215088,-1.0969839096069336,-0.6086440682411194,-1.8364965915679932,0.9491403102874756,1.0050091743469238,-1.2611274719238281
0.4551758749999989,0.0034223749999999996,133.0,5.00459937442645,1.0142192380921673,1.753787430087643,0.0029656186708140408,-0.0011698005748492855,0.000880593738149518,0.06144877049001592,-0.27485886216163635,0.16420435905456543,0.2409975826740265,1.8861476182937622,0.5269384980201721,-0.5068011283874512,-1.1021898984909058,-0.6102587580680847,-1.8373953104019165,0.9406774044036865,1.004163384437561,-1.2631617784500122
0.4551758749999989,0.0034223749999999996,133.0,5.026592221517705,1.0356126607424507,1.7550028432696025,0.0032146664348023882,-0.0012873351199398126,0.0009545106827750004,0.06149608648719552,-0.27409669756889343,0.16540753841400146,0.24113312363624573,1.8890122175216675,0.5383833050727844,-0.5155837535858154,-1.1020158529281616,-0.6114956736564636,-1.8438458442687988,0.9386804103851318,1.009243369102478,-1.2648769617080688
0.4551758749999989,0.0034223749999999996,133.0,5.047859590809967,1.0554781694152637,1.7552389934878583,0.003471697575871329,-0.001398195146497342,0.001021029241997179,0.06152956271364273,-0.27226516604423523,0.16543084383010864,0.24222341179847717,1.8907713890075684,0.5425447225570679,-0.5238537788391113,-1.111107587814331,-0.614083468914032,-1.8381205797195435,0.9244863986968994,1.0103304386138916,-1.264066219329834
0.4551758749999989,0.0034223749999999996,133.0,5.068018700799268,1.0752892746205989,1.7558992624474095,0.0036718465029788403,-0.0014843816678736246,0.0010734814545264265,0.061545228185895584,-0.271213561296463,0.16635505855083466,0.24243798851966858,1.892066478729248,0.5484599471092224,-0.5313277244567871,-1.1143540143966675,-0.6135403513908386,-1.8412083387374878,0.9205594062805176,1.0135358572006226,-1.265974521636963
0.4551758749999989,0.0034223749999999996,133.0,5.087067318923115,1.094498682338392,1.756743366491856,0.003900655146372231,-0.0015795773578682892,0.0011323856113274126,0.06155429749622491,-0.2705812156200409,0.1672229915857315,0.24349066615104675,1.8962026834487915,0.5598722100257874,-0.5392849445343018,-1.1164430379867554,-0.6177323460578918,-1.8424524068832397,0.9139430522918701,1.0147212743759155,-1.2659416198730469
0.4551758749999989,0.0034223749999999996,133.0,5.105589573346363,1.112243580027378,1.757120656395942,0.00409979772873458,-0.001668725605660257,0.0011766288360310813,0.06156168148111288,-0.2689693868160248,0.16816231608390808,0.24463453888893127,1.8984216451644897,0.5573373436927795,-0.5449438095092773,-1.127792239189148,-0.6168472170829773,-1.837367296218872,0.90079665184021,1.0076950788497925,-1.269031286239624
0.4551758749999989,0.0034223749999999996,133.0,5.122953874495682,1.1293092676433603,1.7573697177182142,0.004330248207515533,-0.0017687832892689175,0.0012372188920400228,0.06157367106773757,-0.2680613100528717,0.16751176118850708,0.24454161524772644,1.8976249694824219,0.5634525418281555,-0.5505256652832031,-1.1310093402862549,-0.6177403330802917,-1.8400377035140991,0.8984415531158447,1.019299864768982,-1.2674436569213867
0.4551758749999989,0.0034223749999999996,133.0,5.139516539100231,1.1460252043463,1.7579732721040187,0.004536126745473392,-0.0018549748043115003,0.0012862843710115186,0.06157790541353078,-0.2669426500797272,0.16880548000335693,0.24610283970832825,1.9025729894638062,0.5710821151733398,-0.5581274032592773,-1.1347429752349854,-0.621782124042511,-1.836685299873352,0.8852229118347168,1.0116140842437744,-1.2683136463165283
0.4551758749999989,0.0034223749999999996,133.0,5.155390832198015,1.1612367848184602,1.75800183144244,0.004737882411111218,-0.0019421389414427822,0.001334257401633755,0.061597244072281065,-0.2654949724674225,0.16861620545387268,0.24590745568275452,1.9009684324264526,0.5771589279174805,-0.5652980804443359,-1.135794997215271,-0.6216512322425842,-1.837889313697815,0.880298376083374,1.0197254419326782,-1.2669349908828735
0.4551758749999989,0.0034223749999999996,133.0,5.170644565592633,1.175488277750672,1.7582845889653653,0.004897017286678936,-0.0020105064197446947,0.0013635333437352591,0.06161511041108714,-0.2631506621837616,0.16732248663902283,0.24676427245140076,1.899226427078247,0.5761692523956299,-0.569810152053833,-1.1459236145019531,-0.6238171458244324,-1.8253810405731201,0.8623080253601074,1.019614577293396,-1.2630175352096558
0.4551758749999989,0.0034223749999999996,133.0,5.185160170680771,1.188874602288083,1.7581768309284604,0.005036648491089492,-0.0020699479798364636,0.0013929853181478273,0.06164742398349934,-0.2611851394176483,0.16846559941768646,0.24814799427986145,1.9013406038284302,0.5859009623527527,-0.5807352066040039,-1.1452500820159912,-0.6277853846549988,-1.8185310363769531,0.845703125,1.0125635862350464,-1.2611358165740967
0.4551758749999989,0.0034223749999999996,133.0,5.19885637480322,1.2014943873279142,1.7584801240689316,0.005187210562861277,-0.002133568944994309,0.0014211992438822017,0.06167350735401263,-0.2582068145275116,0.16601121425628662,0.24646195769309998,1.8919438123703003,0.5831885933876038,-0.5844361782073975,-1.148505687713623,-0.623494565486908,-1.812945008277893,0.8367156982421875,1.0271073579788208,-1.2561688423156738
0.4551758749999989,0.0034223749999999996,133.0,5.211192402856177,1.2140975704905177,1.7592774927033357,0.005352663541607397,-0.0021935296632761515,0.0014537754364379284,0.061685007936064906,-0.2571534812450409,0.16679032146930695,0.24669167399406433,1.8925328254699707,0.594606876373291,-0.5925931930541992,-1.142863392829895,-0.6252802014350891,-1.814798355102539,0.8311281204223633,1.0285967588424683,-1.2550143003463745
0.4551758749999989,0.0034223749999999996,133.0,5.222518886178952,1.2263330489659607,1.7603428218742174,0.0055219544659293575,-0.0022522571946285647,0.001490050172829544,0.06169209882947046,-0.2568610608577728,0.16859497129917145,0.2474897801876068,1.8965239524841309,0.6110556721687317,-0.6013107299804688,-1.13371741771698,-0.6295492053031921,-1.818538784980774,0.8269174098968506,1.0254584550857544,-1.2547407150268555
0.4551758749999989,0.0034223749999999996,133.0,5.232875875447445,1.2384893827442058,1.7620529365937212,0.005691986687025125,-0.002302979782409027,0.0015208524262413222,0.06168464183637694,-0.2573777735233307,0.17280952632427216,0.24960175156593323,1.9069777727127075,0.631991982460022,-0.6111836433410645,-1.1213358640670776,-0.6368829607963562,-1.8228039741516113,0.8198387622833252,1.0061964988708496,-1.2577526569366455
0.4551758749999989,0.0034223749999999996,133.0,5.242394886941376,1.2494134917621131,1.763306550267295,0.005882238366946136,-0.002367151776726648,0.0015635482990189172,0.06168644621144508,-0.2577665150165558,0.17779362201690674,0.2539233863353729,1.9219541549682617,0.651171088218689,-0.6213057041168213,-1.1156561374664307,-0.6492868065834045,-1.8147099018096924,0.7990579605102539,0.9691276550292969,-1.260055422782898
0.4551758749999989,0.0034223749999999996,133.0,5.250984233014396,1.2604756242161663,1.7659747425245778,0.006119833479843629,-0.002501350710806863,0.001646863989779088,0.06156987734392312,-0.2591247260570526,0.1796186864376068,0.25107184052467346,1.9214168787002563,0.6664979457855225,-0.6236443519592285,-1.0970923900604248,-0.64398592710495,-1.8380731344223022,0.8227639198303223,0.9839905500411987,-1.265021562576294
0.4551758749999989,0.0034223749999999996,133.0,5.258612956534151,1.2698977155716404,1.7671352021736773,0.006408393302618731,-0.0026012132690230064,0.0017199785468243617,0.06157131850729051,-0.2602510154247284,0.18249072134494781,0.2514360249042511,1.927860975265503,0.6881700158119202,-0.6302599906921387,-1.0809112787246704,-0.6493198275566101,-1.84821617603302,0.8268122673034668,0.9801490306854248,-1.2661397457122803
0.4551758749999989,0.0034223749999999996,133.0,5.26557854275559,1.2778717854162376,1.7677456840410741,0.006841827328672714,-0.002767482144087637,0.0018337426434640743,0.06158331647781062,-0.2604213058948517,0.1846047192811966,0.2523328959941864,1.932795763015747,0.702268660068512,-0.6365368366241455,-1.072177767753601,-0.6537805199623108,-1.8489103317260742,0.8219964504241943,0.9713850021362305,-1.2665748596191406
0.4551758749999989,0.0034223749999999996,133.0,5.271605033328006,1.2853451265697067,1.7685846522432327,0.007569164352278967,-0.0030477168662933506,0.002023122583654717,0.06158708168169027,-0.2609454095363617,0.18624866008758545,0.25224533677101135,1.9365296363830566,0.7162680625915527,-0.6411468982696533,-1.061686396598816,-0.6561629176139832,-1.8529984951019287,0.8235914707183838,0.9689297676086426,-1.2679479122161865
0.4551758749999989,0.0034223749999999996,133.0,5.277071732143314,1.291238796816717,1.769198715553334,0.009211728983817781,-0.003713373033827699,0.0024411671331559795,0.061599584515441314,-0.26061388850212097,0.18863137066364288,0.25481507182121277,1.9455506801605225,0.7250669598579407,-0.6479916572570801,-1.0624114274978638,-0.6621658205986023,-1.8380309343338013,0.8034796714782715,0.9405598640441895,-1.270785927772522
0.4551758749999989,0.0034223749999999996,133.0,5.281430950283374,1.2955635571870199,1.7698827717222028,0.017033864207823782,-0.007010052124746611,0.00441435432808432,0.06163756922790775,-0.2593356668949127,0.1860753297805786,0.2568317949771881,1.9560409784317017,0.7291523814201355,-0.6587188243865967,-1.0790977478027344,-0.6611612439155579,-1.798858642578125,0.7721223831176758,0.9189987182617188,-1.2822434902191162
0.4551758749999989,0.0034223749999999996,133.0,5.311686066574838,-1.181538951441527,1.6143667165788653,-0.014970329101231769,-0.0005334931308335197,-0.006584759401021255,0.06641504562039231,-0.10534006357192993,0.2306702882051468,-0.04048877954483032,1.2616298198699951,0.7043737173080444,-1.2982938289642334,-0.5130088329315186,-0.1280142068862915,-1.1649492979049683,0.7758252620697021,1.4029417037963867,-1.133905291557312
0.4551758749999989,0.0034223749999999996,133.0,5.306722884132184,-1.1758606719599718,1.6143977119592527,-0.008058031125375452,-0.0002997818778801387,-0.0036103488657716265,0.0663769168561728,-0.1068030297756195,0.2318941056728363,-0.04225766658782959,1.2615609169006348,0.7232246994972229,-1.2925548553466797,-0.48227542638778687,-0.1274799108505249,-1.161126732826233,0.8067333698272705,1.3859165906906128,-1.1341569423675537
0.4551758749999989,0.0034223749999999996,133.0,5.300689006890086,-1.169923921640803,1.6139803033487932,-0.00662168983995229,-0.0002724978476554536,-0.002973096642002759,0.06633812645366535,-0.10918554663658142,0.23321276903152466,-0.04312369227409363,1.2674133777618408,0.7282857894897461,-1.284102201461792,-0.46384257078170776,-0.13122648000717163,-1.1596976518630981,0.8157868385314941,1.3664271831512451,-1.1360886096954346
0.4551758749999989,0.0034223749999999996,133.0,5.293932673340674,-1.1636309184999825,1.6132725725727812,-0.0059894997736447,-0.00028723660516820663,-0.0026939781664202423,0.06630537377582169,-0.11102911829948425,0.23363876342773438,-0.04521811008453369,1.270864725112915,0.7317125201225281,-1.2730977535247803,-0.44032761454582214,-0.1327112913131714,-1.1565128564834595,0.8225491046905518,1.3512309789657593,-1.1380060911178589
0.4551758749999989,0.0034223749999999996,133.0,5.286113079234191,-1.1564095601114759,1.6124467896364538,-0.005622472067721772,-0.00031679096441039937,-0.0025318425289962278,0.06626491158745945,-0.11321976780891418,0.23377148807048798,-0.048283129930496216,1.2746362686157227,0.7359743118286133,-1.2581560611724854,-0.40897268056869507,-0.1342511773109436,-1.1528044939041138,0.8297228813171387,1.3343992233276367,-1.1402438879013062
0.4551758749999989,0.0034223749999999996,133.0,5.277139840722841,-1.150589035760614,1.6089238412098399,-0.005366897112005623,-0.00038520651241252005,-0.002418964742760632,0.06631045274478232,-0.11284595727920532,0.23217543959617615,-0.052231281995773315,1.269524097442627,0.7367858290672302,-1.2458925247192383,-0.3769410252571106,-0.1302868127822876,-1.1415841579437256,0.8316900730133057,1.3281954526901245,-1.139303207397461
0.4551758749999989,0.0034223749999999996,133.0,5.267613640938977,-1.1421653681818549,1.6075939344634513,-0.005153129569945674,-0.0004373838977392682,-0.0023279177423775146,0.06626512242410068,-0.1151610016822815,0.23225542902946472,-0.055467307567596436,1.2733079195022583,0.7410220503807068,-1.2300796508789062,-0.3439698815345764,-0.13213801383972168,-1.1363400220870972,0.8379697799682617,1.3107202053070068,-1.1412428617477417
0.4551758749999989,0.0034223749999999996,133.0,5.257381403499338,-1.1326051699948074,1.606684710358134,-0.004994172447333903,-0.00046916857229917263,-0.0022564906083443,0.06622854238285783,-0.11759817600250244,0.23239485919475555,-0.05879586935043335,1.277032732963562,0.7383771538734436,-1.2152066230773926,-0.30960434675216675,-0.133014976978302,-1.1275774240493774,0.845773458480835,1.2855560779571533,-1.14402174949646
0.4551758749999989,0.0034223749999999996,133.0,5.2461618351682535,-1.1223399963760334,1.6053642281281488,-0.004852054632452462,-0.0005183747546201762,-0.002193241468989746,0.06617667871358691,-0.12037214636802673,0.2322079986333847,-0.06303101778030396,1.2807499170303345,0.7403464913368225,-1.1957991123199463,-0.26701995730400085,-0.13445627689361572,-1.1189122200012207,0.853823184967041,1.2612061500549316,-1.1463117599487305
0.4551758749999989,0.0034223749999999996,133.0,5.234147755439766,-1.1114188003558407,1.6041176633098866,-0.004707869259227582,-0.0005665829492143297,-0.002130452690651191,0.06613000090093896,-0.12289077043533325,0.23140990734100342,-0.06826508045196533,1.2826884984970093,0.742999255657196,-1.1739237308502197,-0.2190878540277481,-0.13437652587890625,-1.1086806058883667,0.8622140884399414,1.2375773191452026,-1.148419976234436
0.4551758749999989,0.0034223749999999996,133.0,5.221752877043557,-1.0995700692275219,1.603247334178253,-0.0045729186199728435,-0.0005938638848236075,-0.0020694720727404037,0.06610857913053063,-0.12378126382827759,0.23052097856998444,-0.0724199116230011,1.2807217836380005,0.7380991578102112,-1.1608095169067383,-0.18633821606636047,-0.1306006908416748,-1.09491765499115,0.8685219287872314,1.2183735370635986,-1.1502432823181152
0.4551758749999989,0.0034223749999999996,133.0,5.208665061346811,-1.0869385274854484,1.6024347943387656,-0.004436765248556772,-0.0006125138169043809,-0.002006478204173224,0.06608337080991869,-0.12455692887306213,0.23000650107860565,-0.07573309540748596,1.2794855833053589,0.739728569984436,-1.1499037742614746,-0.1621633768081665,-0.12824255228042603,-1.084302306175232,0.8729877471923828,1.2080967426300049,-1.1513733863830566
0.4551758749999989,0.0034223749999999996,133.0,5.195187133028218,-1.0733623042003586,1.6019561324913745,-0.004317754147623052,-0.0006181750636957235,-0.0019497587845351651,0.06608640327846588,-0.12454649806022644,0.22947008907794952,-0.07868662476539612,1.2766568660736084,0.7368914484977722,-1.1420507431030273,-0.14317955076694489,-0.1241338849067688,-1.07150137424469,0.8763298988342285,1.1952661275863647,-1.1526260375976562
0.4551758749999989,0.0034223749999999996,133.0,5.18137275803926,-1.0592720815759784,1.6016389327783904,-0.004164200821330057,-0.0006121827772561809,-0.0018787107556485672,0.06611660415025367,-0.1230277419090271,0.22900696098804474,-0.08051744103431702,1.2712700366973877,0.7327036261558533,-1.1407997608184814,-0.13852551579475403,-0.11814749240875244,-1.0595790147781372,0.8757472038269043,1.18940269947052,-1.1532020568847656
0.4551758749999989,0.0034223749999999996,133.0,5.166142941854067,-1.0438685568519734,1.6012491027250957,-0.003974755680385768,-0.0006026753372790047,-0.0017897001389356058,0.06612513460366921,-0.12178760766983032,0.22849248349666595,-0.0827852189540863,1.2662822008132935,0.7282497882843018,-1.137467622756958,-0.12893883883953094,-0.1127094030380249,-1.0470495223999023,0.8752503395080566,1.1795247793197632,-1.1536552906036377
0.4551758749999989,0.0034223749999999996,133.0,5.1500879510879,-1.027553858809327,1.6012078490214439,-0.003798323498210145,-0.0005857361126189465,-0.001705687259315166,0.06613976930114011,-0.12050151824951172,0.22893595695495605,-0.08351337909698486,1.2634873390197754,0.7254565358161926,-1.1380422115325928,-0.13120129704475403,-0.10952258110046387,-1.0386723279953003,0.8716332912445068,1.1711702346801758,-1.1540004014968872
0.4551758749999989,0.0034223749999999996,133.0,5.133187113246315,-1.0109352010475368,1.600596996505227,-0.003593993449708907,-0.0005857376675304382,-0.001613212546906933,0.06615211066294918,-0.12070688605308533,0.22913825511932373,-0.08570817112922668,1.262192726135254,0.7155323028564453,-1.132450819015503,-0.11365808546543121,-0.10710203647613525,-1.024522066116333,0.8725671768188477,1.1456917524337769,-1.1550438404083252
0.4551758749999989,0.0034223749999999996,133.0,5.116299959279589,-0.9935601205172598,1.6007894372928848,-0.0033986419117125674,-0.0005590505626027091,-0.001524541664368075,0.06621635128400315,-0.11787149310112,0.22954538464546204,-0.08569607138633728,1.2561051845550537,0.7032244205474854,-1.139819622039795,-0.12593388557434082,-0.1007733941078186,-1.012563705444336,0.8653097152709961,1.1368680000305176,-1.1552200317382812
0.4551758749999989,0.0034223749999999996,133.0,5.097465831468624,-0.9746719139821706,1.6006755390716552,-0.00320127649496539,-0.0005432758591084212,-0.0014318682875069082,0.0662246254433934,-0.1185101568698883,0.2305062711238861,-0.08729672431945801,1.257343053817749,0.6985417604446411,-1.1333081722259521,-0.11220289766788483,-0.10082823038101196,-1.0012333393096924,0.8642640113830566,1.1108157634735107,-1.1562964916229248
0.4551758749999989,0.0034223749999999996,133.0,5.078145095358231,-0.9555797471792491,1.6003196745870776,-0.0030203108716127776,-0.0005389232419403261,-0.0013501031518333118,0.06625420126601869,-0.1169605553150177,0.22908525168895721,-0.09170562028884888,1.2495834827423096,0.6885122060775757,-1.1250360012054443,-0.0837167501449585,-0.09277927875518799,-0.979087769985199,0.8630886077880859,1.0867549180984497,-1.1566879749298096
0.4551758749999989,0.0034223749999999996,133.0,5.058184786198376,-0.9353403472322619,1.6006837239441947,-0.0027926961331019447,-0.0004850766740538016,-0.0012359866334209946,0.06631618255405344,-0.11538678407669067,0.22946493327617645,-0.09316956996917725,1.2450730800628662,0.6762843728065491,-1.1247973442077637,-0.07888157665729523,-0.08727532625198364,-0.9622511267662048,0.8587701320648193,1.064467191696167,-1.1575872898101807
0.4551758749999989,0.0034223749999999996,133.0,5.036486144313777,-0.9152858158140355,1.5997350326747963,-0.0025581632712647845,-0.00048776040839431577,-0.0011346404766715463,0.06631554938051215,-0.11578169465065002,0.22730854153633118,-0.10014307498931885,1.2399423122406006,0.6811624765396118,-1.103044033050537,-0.02228810451924801,-0.08281940221786499,-0.9390881657600403,0.8612139225006104,1.0323539972305298,-1.157147765159607
0.4551758749999989,0.0034223749999999996,133.0,5.01456226376722,-0.8939607069422274,1.5995343698375235,-0.0023377911422978485,-0.0004599051359909845,-0.0010374411576278134,0.0663547315707509,-0.11479383707046509,0.2260090410709381,-0.1047644317150116,1.2335820198059082,0.676227867603302,-1.0918512344360352,0.009854312986135483,-0.0768318772315979,-0.9167653322219849,0.8591077327728271,1.0039007663726807,-1.1568686962127686
0.4551758749999989,0.0034223749999999996,133.0,4.991597455224167,-0.8714903152949459,1.599464902404571,-0.0021199119643377008,-0.0004300256423046653,-0.0009401457057151702,0.0663834472112371,-0.11355957388877869,0.226106196641922,-0.10709449648857117,1.2287933826446533,0.6638259887695312,-1.0879833698272705,0.024922413751482964,-0.07157421112060547,-0.895409107208252,0.8545882701873779,0.9729819297790527,-1.1572481393814087
0.4551758749999989,0.0034223749999999996,133.0,4.967782952670717,-0.8472972446905356,1.5996558168412005,-0.0019490893817291851,-0.00039434987208526777,-0.0008600988565411322,0.06640201237367926,-0.11245223879814148,0.226880744099617,-0.10841599106788635,1.2258472442626953,0.6530777215957642,-1.0855307579040527,0.031494077295064926,-0.06813108921051025,-0.8777490854263306,0.8475475311279297,0.9450152516365051,-1.1576275825500488
0.4551758749999989,0.0034223749999999996,133.0,4.943941654734425,-0.8230376326346283,1.6001348923791865,-0.0017363548934759246,-0.0003483609948433159,-0.0007665907868533534,0.06647020911494125,-0.10941430926322937,0.22783182561397552,-0.10831496119499207,1.2198294401168823,0.6376978158950806,-1.0914270877838135,0.020903917029500008,-0.06153923273086548,-0.860945463180542,0.8363194465637207,0.9260281324386597,-1.158079981803894
0.4551758749999989,0.0034223749999999996,133.0,4.9186170985965445,-0.7982219204696044,1.6000241845528966,-0.0015397036801653085,-0.00032202011906754083,-0.0006799381507984594,0.06649138722821143,-0.10831955075263977,0.22718718647956848,-0.11198246479034424,1.2136478424072266,0.6261294484138489,-1.0833473205566406,0.04684862866997719,-0.0552448034286499,-0.8364471197128296,0.8321576118469238,0.89104825258255,-1.1581733226776123
0.4551758749999989,0.0034223749999999996,133.0,4.892279991536029,-0.7729328796671003,1.5995978595637461,-0.001345606106875924,-0.00029660822120722183,-0.0005943276699982564,0.06650366840001248,-0.10871759057044983,0.2257377952337265,-0.1177162230014801,1.2083656787872314,0.6223266124725342,-1.0663228034973145,0.09519855678081512,-0.05099397897720337,-0.8084832429885864,0.8315932750701904,0.8469308614730835,-1.157191514968872
0.4551758749999989,0.0034223749999999996,133.0,4.865498730561613,-0.746601874678213,1.5994121258470797,-0.0011853400439292955,-0.00027144405227768053,-0.0005223529082859749,0.06652864454792116,-0.10761010646820068,0.22475884854793549,-0.12195593118667603,1.200676441192627,0.6094465851783752,-1.0566442012786865,0.12782932817935944,-0.044004976749420166,-0.7783678770065308,0.8270282745361328,0.8054736852645874,-1.1564500331878662
0.4551758749999989,0.0034223749999999996,133.0,4.837980574600895,-0.7196214889037863,1.5992603719273992,-0.0010421678692027032,-0.00024703354221281053,-0.0004590555044247354,0.06656886133674406,-0.10651856660842896,0.22365044057369232,-0.12647086381912231,1.19220769405365,0.5959905385971069,-1.0459463596343994,0.16365846991539001,-0.03653514385223389,-0.745496392250061,0.8223123550415039,0.7610679268836975,-1.1553876399993896
0.4551758749999989,0.0034223749999999996,133.0,4.809202993060121,-0.69147093756825,1.5990987052935748,-0.000858876018340698,-0.00021032589925811158,-0.0003769173250165976,0.06658471635419753,-0.10394719243049622,0.2229343056678772,-0.12966737151145935,1.182072401046753,0.5808832049369812,-1.0406279563903809,0.1852218359708786,-0.027610421180725098,-0.7140488028526306,0.8127217292785645,0.7244381308555603,-1.1540982723236084
0.4551758749999989,0.0034223749999999996,133.0,4.7796085633796,-0.6628768248316639,1.598811276157344,-0.0007194605726843844,-0.0001850155399759561,-0.00031461964301020506,0.06659024864121697,-0.10474073886871338,0.22060655057430267,-0.13676777482032776,1.1733354330062866,0.5765981674194336,-1.0194354057312012,0.25024208426475525,-0.022508621215820312,-0.6743406653404236,0.8116953372955322,0.666016161441803,-1.1504697799682617
0.4551758749999989,0.0034223749999999996,133.0,4.749222487843438,-0.6333001102399525,1.5986971818002644,-0.0005387845433307018,-0.00014354796327478505,-0.0002353991231382295,0.06661009912854102,-0.10465756058692932,0.2185232788324356,-0.1429314911365509,1.1629233360290527,0.5675058364868164,-1.0023860931396484,0.30594944953918457,-0.016100406646728516,-0.63388592004776,0.8076479434967041,0.6091702580451965,-1.1464296579360962
0.4551758749999989,0.0034223749999999996,133.0,4.718412744135503,-0.6025961068583102,1.5988678580359597,-0.00033766833972223505,-9.121566338898091e-5,-0.00014758730302227713,0.06665647727457999,-0.10358071327209473,0.21711404621601105,-0.1475418210029602,1.1520309448242188,0.552512526512146,-0.9908757209777832,0.34644147753715515,-0.009007155895233154,-0.5953711867332458,0.7996156215667725,0.5560436844825745,-1.1425411701202393
0.4551758749999989,0.0034223749999999996,133.0,4.686689083909853,-0.5711342268753947,1.5991359499926394,-0.00015746481633309068,-4.3280387976356824e-5,-6.889701556356189e-5,0.06670012031262577,-0.10058572888374329,0.21663875877857208,-0.14999788999557495,1.1404495239257812,0.5344758629798889,-0.9871525764465332,0.3650282919406891,-0.0007989406585693359,-0.5618032217025757,0.7848243713378906,0.51414954662323,-1.1390540599822998
0.4551758749999989,0.0034223749999999996,133.0,4.653939403542423,-0.5393430326366037,1.5995424023299438,1.740077040172173e-5,4.933226975489682e-6,7.629828596321935e-6,0.06673509320611125,-0.09823501110076904,0.21577903628349304,-0.15330377221107483,1.1282572746276855,0.5169188976287842,-0.9800357818603516,0.39295801520347595,0.007230639457702637,-0.5261777639389038,0.771475076675415,0.46564507484436035,-1.1347918510437012
0.4551758749999989,0.0034223749999999996,133.0,4.620274566911431,-0.5067344888010059,1.599498461524317,0.0001917718633310451,5.634893358104339e-5,8.41876137011286e-5,0.06675240085610862,-0.09690913558006287,0.21217304468154907,-0.1601540744304657,1.1113721132278442,0.50872802734375,-0.9643974304199219,0.4550875425338745,0.0153464674949646,-0.47862204909324646,0.7617642879486084,0.4073297679424286,-1.126076102256775
0.4551758749999989,0.0034223749999999996,133.0,4.585671772076568,-0.472831845922266,1.5996139256195314,0.00037987715569036526,0.00011345882084198033,0.00016707823372573262,0.06677773978786808,-0.09550437331199646,0.2101515680551529,-0.1649017333984375,1.0963075160980225,0.49084538221359253,-0.9521524906158447,0.50068598985672,0.023146003484725952,-0.43364617228507996,0.7495222091674805,0.34819141030311584,-1.1187057495117188
0.4551758749999989,0.0034223749999999996,133.0,4.550261055986111,-0.4379631557479174,1.6000200397423372,0.0005273858874688947,0.00015941762756694155,0.0002320248456904908,0.06680020025402687,-0.09427165985107422,0.21010152995586395,-0.16728785634040833,1.08553946018219,0.4714651107788086,-0.9421987533569336,0.5265387892723083,0.02838858962059021,-0.3983236253261566,0.7343645095825195,0.29470741748809814,-1.112967848777771
0.4551758749999989,0.0034223749999999996,133.0,4.514036476325483,-0.4026328774721677,1.6003624475021276,0.0006927729437362966,0.00021347321595742766,0.00030555965164981674,0.06682108904981086,-0.0929608941078186,0.2081516683101654,-0.17162606120109558,1.0696771144866943,0.4531250596046448,-0.9296362400054932,0.5696651339530945,0.03583550453186035,-0.3544546961784363,0.7205305099487305,0.23697790503501892,-1.1044331789016724
0.4551758749999989,0.0034223749999999996,133.0,4.476996245433181,-0.3664512411931084,1.600678202816841,0.000868223445520143,0.00027294309197197967,0.0003838980302333772,0.0668383841297781,-0.0915926992893219,0.2059885412454605,-0.1759834587574005,1.0522704124450684,0.43358296155929565,-0.9163811206817627,0.6148767471313477,0.043365150690078735,-0.3077406883239746,0.7054715156555176,0.17761635780334473,-1.0944278240203857
0.4551758749999989,0.0034223749999999996,133.0,4.438980123479553,-0.32942535311258414,1.6010215590255616,0.001066424412139392,0.0003420779364821243,0.00047428670449734596,0.06685133400829135,-0.09022265672683716,0.20352762937545776,-0.18046560883522034,1.0328636169433594,0.4127974808216095,-0.9017641544342041,0.6632736921310425,0.05116012692451477,-0.25762003660202026,0.6893024444580078,0.11659512668848038,-1.0826727151870728
0.4551758749999989,0.0034223749999999996,133.0,4.400127571113307,-0.2915354125360288,1.601429622930491,0.0012545979476855206,0.00041041952092499203,0.0005591886178995667,0.06684989505582371,-0.08882805705070496,0.20078328251838684,-0.1849842667579651,1.0113773345947266,0.39051225781440735,-0.8857700824737549,0.7144290208816528,0.05917060375213623,-0.20383265614509583,0.671520471572876,0.054284460842609406,-1.0690431594848633
0.4551758749999989,0.0034223749999999996,133.0,4.360292500782602,-0.25316557402037004,1.6022253819861687,0.0013738446842019771,0.00045937420991670074,0.0006165277871147078,0.0668566787196377,-0.08874654769897461,0.19859616458415985,-0.18921101093292236,0.989977240562439,0.36741089820861816,-0.8647904396057129,0.7681662440299988,0.06540355086326599,-0.14854571223258972,0.6545183658599854,-0.01404976099729538,-1.053656816482544
0.4551758749999989,0.0034223749999999996,133.0,4.319969594033998,-0.2141229778091281,1.6028300400568711,0.0015252039077060444,0.0005199231591156571,0.0006923191889412873,0.06687403933590506,-0.08745551109313965,0.19373799860477448,-0.1949726641178131,0.9599865674972534,0.3468068242073059,-0.8450882434844971,0.8370348811149597,0.0748329758644104,-0.08086171746253967,0.6343505382537842,-0.0780438706278801,-1.0329995155334473
0.4551758749999989,0.0034223749999999996,133.0,4.2781854292435995,-0.17316287374865375,1.6028716764957183,0.0016731608286227279,0.0005788740075668165,0.0007683679222259158,0.06685730609923309,-0.08509907126426697,0.19057607650756836,-0.1984061896800995,0.9328900575637817,0.3159245252609253,-0.827385425567627,0.8849987983703613,0.08282077312469482,-0.017527880147099495,0.6078414916992188,-0.1377202272415161,-1.0137128829956055
0.4551758749999989,0.0034223749999999996,133.0,4.236321099209556,-0.1312836334885219,1.6066868916172818,0.0018069092458571816,0.0006263455854907823,0.0008552335525251187,0.06681575311953578,-0.08489176630973816,0.18414346873760223,-0.20462410151958466,0.8936991095542908,0.2974711060523987,-0.8016753196716309,0.967340886592865,0.09359252452850342,0.06063429266214371,0.5874688625335693,-0.1968127340078354,-0.985222339630127
0.4551758749999989,0.0034223749999999996,133.0,4.1913542267371104,-0.0886334428415182,1.6073290143386698,0.0018996431851529077,0.0006826604671053022,0.0009131658035664369,0.06672026858106697,-0.08642882108688354,0.18361206352710724,-0.206082284450531,0.8811501264572144,0.2792166471481323,-0.7853801250457764,0.9942036271095276,0.09256941080093384,0.09729575365781784,0.5761129856109619,-0.2423703968524933,-0.9714920520782471
0.4551758749999989,0.0034223749999999996,133.0,4.140993847256304,-0.03826685440644138,1.6076867093735405,0.0018597506552087567,0.0005472004351871106,0.0010317175376085618,0.06659220323913147,-0.08974868059158325,0.2054201066493988,-0.18844567239284515,0.9792948365211487,0.29651668667793274,-0.8508255481719971,0.7259143590927124,0.062159180641174316,-0.19906722009181976,0.6541082859039307,-0.08688956499099731,-1.0393924713134766
0.4551758749999989,0.0034223749999999996,133.0,4.080606858630715,0.021782415896233646,1.6077164794403203,0.0017010524518242642,-5.282521233153166e-5,0.0012347205145497328,0.0658670533716848,-0.11782801151275635,0.22896777093410492,-0.12346839904785156,1.082432746887207,0.44631412625312805,-0.8121206760406494,0.10055699944496155,0.03324773907661438,-1.122560739517212,1.0099895000457764,0.48467740416526794,-1.1121013164520264
0.4551758749999989,0.0034223749999999996,133.0,4.001541469331578,0.03814103275812276,1.6101653126156201,0.00010355917530776382,4.35591750885776e-6,7.684111482583172e-5,0.0645224999386998,-0.14816859364509583,0.2374458760023117,-0.09583291411399841,1.0600465536117554,0.4415361285209656,-0.6762270927429199,-0.1791401356458664,0.07980659604072571,-1.5578479766845703,1.3038601875305176,0.721159815788269,-1.135448932647705
0.4551758749999989,0.0034223749999999996,133.0,4.0208901187578885,0.0750988058871953,1.6328982891757293,-0.0018360499656406475,0.00019345229889057238,-0.0012978613776201556,0.06261619557944784,-0.2772148549556732,0.10394088923931122,0.046465009450912476,1.4426642656326294,0.43428105115890503,-0.10232925415039062,-0.16975107789039612,-0.384052038192749,-1.5469379425048828,1.4830851554870605,0.9084482789039612,-1.0515260696411133
0.4551758749999989,0.0034223749999999996,133.0,4.037161471479665,0.12566425109927398,1.6652605333827728,-0.002242484527957159,0.0007413088806741524,-0.0012581286102145098,0.060628033845239605,-0.3284006416797638,0.09097832441329956,0.14574429392814636,1.4982091188430786,-0.040976133197546005,-0.0045778751373291016,-0.7905876040458679,-0.4181237816810608,-1.5289080142974854,1.512127161026001,1.2254087924957275,-1.0689035654067993
0.4551758749999989,0.0034223749999999996,133.0,4.075009933891665,0.17324344491349702,1.6764841093087082,-0.002290540301682709,0.0008077325078459298,-0.0011700151791634533,0.06019118961297167,-0.3408288061618805,0.09687262028455734,0.18313416838645935,1.5966432094573975,-0.11279192566871643,9.965896606445312e-5,-0.9376792907714844,-0.4300972819328308,-1.5128817558288574,1.4342718124389648,1.1568433046340942,-1.1543002128601074
0.4551758749999989,0.0034223749999999996,133.0,4.119481456650103,0.21796931981029838,1.682512928144678,-0.002177290907146482,0.0007686166180334392,-0.0010652792558349157,0.060162185049654836,-0.33813855051994324,0.10807592421770096,0.19382575154304504,1.6465868949890137,-0.0268687903881073,-0.04163336753845215,-0.9404948949813843,-0.4499585032463074,-1.5748205184936523,1.3898439407348633,1.0803849697113037,-1.1839839220046997
0.4551758749999989,0.0034223749999999996,133.0,4.164132703348962,0.2604041589853138,1.687276696638773,-0.001999160846210945,0.0007072794325795193,-0.0009419452494026121,0.06022930479773884,-0.33393171429634094,0.11462149024009705,0.20133402943611145,1.680598497390747,0.03600391373038292,-0.08007407188415527,-0.9510933756828308,-0.4703894257545471,-1.6134825944900513,1.3440427780151367,1.0413539409637451,-1.1972675323486328
0.4551758749999989,0.0034223749999999996,133.0,4.207991117585564,0.30084274120535337,1.69004564958498,-0.0017716400857097933,0.0006267151474380924,-0.00081401574958695,0.06036948649372419,-0.3290337026119232,0.1157892718911171,0.20402738451957703,1.6930105686187744,0.06003379821777344,-0.10755205154418945,-0.9660329222679138,-0.4800708293914795,-1.6348580121994019,1.309201717376709,1.0466880798339844,-1.1999303102493286
0.4551758749999989,0.0034223749999999996,133.0,4.251109206447343,0.3409855483907293,1.6924834501440793,-0.00166582715379391,0.0005873942073312245,-0.0007512913032943099,0.0604895565592485,-0.3252488672733307,0.11880610883235931,0.20638534426689148,1.7064069509506226,0.09547699242830276,-0.13533282279968262,-0.9696506261825562,-0.4885958433151245,-1.664402723312378,1.2860107421875,1.0429664850234985,-1.2047675848007202
0.4551758749999989,0.0034223749999999996,133.0,4.293588869598311,0.38072470376993234,1.6953709611444265,-0.0014260180569840351,0.0005037020221378701,-0.0006286901260626566,0.06054913360224964,-0.3223086893558502,0.12046951800584793,0.20542266964912415,1.7086843252182007,0.11053469032049179,-0.1530444622039795,-0.9713954329490662,-0.48569464683532715,-1.6956349611282349,1.2802259922027588,1.0568100214004517,-1.2100732326507568
0.4551758749999989,0.0034223749999999996,133.0,4.335075558081804,0.41979432728528004,1.698410683969768,-0.001243015986465919,0.00043794221720389504,-0.0005328931092583404,0.06061552515501272,-0.31940844655036926,0.12493617832660675,0.20762118697166443,1.7247651815414429,0.15523761510849,-0.18160700798034668,-0.9672819375991821,-0.49490267038345337,-1.7275193929672241,1.2630579471588135,1.0472663640975952,-1.216935634613037
0.4551758749999989,0.0034223749999999996,133.0,4.375732388794624,0.45797755205122836,1.7016618987691128,-0.001011109284469004,0.0003575272034508134,-0.0004222185019368133,0.060690749433194774,-0.31575825810432434,0.1307537853717804,0.21368703246116638,1.751954197883606,0.20122523605823517,-0.21293258666992188,-0.9776544570922852,-0.5127140879631042,-1.7408533096313477,1.222066879272461,1.015453815460205,-1.2260808944702148
0.4551758749999989,0.0034223749999999996,133.0,4.415419355620301,0.4949629352811946,1.704155339387549,-0.0008040564043940635,0.0002860487416152696,-0.0003291957230193882,0.06076701285244474,-0.31228700280189514,0.13296861946582794,0.2155006229877472,1.7625709772109985,0.22991950809955597,-0.23729848861694336,-0.9826279282569885,-0.5209540724754333,-1.7571454048156738,1.2001893520355225,1.0169020891189575,-1.2284668684005737
0.4551758749999989,0.0034223749999999996,133.0,4.454222885521343,0.5312269832023453,1.706598409911993,-0.0006076606927348176,0.00021651757526351182,-0.00024305886282952667,0.060827041232132846,-0.30911585688591003,0.13527308404445648,0.21737167239189148,1.7731773853302002,0.257203072309494,-0.26020359992980957,-0.9877777695655823,-0.528921902179718,-1.7710446119308472,1.1794822216033936,1.016872525215149,-1.2311152219772339
0.4551758749999989,0.0034223749999999996,133.0,4.492035190372396,0.5666909166077432,1.7089249333102547,-0.0004178241345608841,0.00014918372566601819,-0.00016356046460875304,0.06088126006569528,-0.30619165301322937,0.13765433430671692,0.21929755806922913,1.783780813217163,0.2838057279586792,-0.28180956840515137,-0.9936285018920898,-0.5369406342506409,-1.783389687538147,1.1597645282745361,1.0156917572021484,-1.2337086200714111
0.4551758749999989,0.0034223749999999996,133.0,4.528836986439145,0.6012028127126933,1.711252579262438,-0.00023418875771517904,8.43110226017151e-5,-9.020798405980336e-5,0.06092728304227844,-0.30423012375831604,0.13909830152988434,0.21789821982383728,1.7843201160430908,0.29716986417770386,-0.2954699993133545,-0.9928429126739502,-0.5333454012870789,-1.80581533908844,1.1617779731750488,1.030949354171753,-1.238041639328003
0.4551758749999989,0.0034223749999999996,133.0,4.564609184185243,0.6347586471624063,1.7133934831781261,-6.979677318336828e-5,2.5219420937458487e-5,-2.6383223909680078e-5,0.060991387201746225,-0.30153778195381165,0.14379830658435822,0.22385826706886292,1.8069251775741577,0.327003538608551,-0.31954264640808105,-1.0081238746643066,-0.5493375658988953,-1.8031874895095825,1.1237292289733887,1.0011391639709473,-1.2444261312484741
0.4551758749999989,0.0034223749999999996,133.0,4.599212258501315,0.6670874172747921,1.7148184283014964,0.00015061409956120816,-5.4893044013098895e-5,5.614092925765719e-5,0.061023625292863835,-0.29924681782722473,0.1443013846874237,0.22384735941886902,1.8090344667434692,0.3349202573299408,-0.33164238929748535,-1.0176663398742676,-0.5495216250419617,-1.812042236328125,1.1150169372558594,1.0123069286346436,-1.246460199356079
0.4551758749999989,0.0034223749999999996,133.0,4.634148687737381,0.6966902383691544,1.7151730057146635,0.0003550463602909928,-0.00012958640307365096,0.00012899820560947494,0.061196034080543894,-0.29541000723838806,0.14329595863819122,0.22463133931159973,1.8096753358840942,0.3418034017086029,-0.3484656810760498,-1.0321515798568726,-0.5532673001289368,-1.8090565204620361,1.0935733318328857,1.026240348815918,-1.2434335947036743
0.4551758749999989,0.0034223749999999996,133.0,4.667147106323477,0.7280477775159557,1.7174194316369433,0.0005615828847351626,-0.0002061344611804529,0.00020019356979754363,0.06122366605121557,-0.29370221495628357,0.14576038718223572,0.22655829787254333,1.819560170173645,0.3624367117881775,-0.36447763442993164,-1.0376533269882202,-0.5599371790885925,-1.8156540393829346,1.0795202255249023,1.0216060876846313,-1.2466470003128052
0.4551758749999989,0.0034223749999999996,133.0,4.699462420410296,0.7585656632678823,1.7193704929785483,0.0008064152932614881,-0.0002976253444754061,0.0002829514538841464,0.061229959685841155,-0.2917502224445343,0.1475675404071808,0.22519353032112122,1.8198423385620117,0.3734600841999054,-0.376056432723999,-1.038057804107666,-0.5550759434700012,-1.8323787450790405,1.0803799629211426,1.0310559272766113,-1.251977801322937
0.4551758749999989,0.0034223749999999996,133.0,4.730991600028328,0.7887645540545448,1.7222174882070693,0.000982287998255401,-0.00036293188716389447,0.0003370151592637321,0.06124321726510357,-0.29017195105552673,0.1515180915594101,0.22789260745048523,1.8337817192077637,0.40403687953948975,-0.39518094062805176,-1.0389502048492432,-0.565243661403656,-1.8392080068588257,1.0635228157043457,1.017474889755249,-1.2557021379470825
0.4551758749999989,0.0034223749999999996,133.0,4.761539921340023,0.8177751560544918,1.72491397890027,0.0012085462668589876,-0.0004469053608223859,0.00040279265734894244,0.06123775012118384,-0.287607878446579,0.15471936762332916,0.2324388325214386,1.8488997220993042,0.42192506790161133,-0.41187071800231934,-1.0548266172409058,-0.5772518515586853,-1.8274956941604614,1.0290231704711914,0.9921977519989014,-1.25861394405365
0.4551758749999989,0.0034223749999999996,133.0,4.791274353990865,0.8453880951631488,1.72665174132936,0.0013796689988384977,-0.0005130490430712208,0.00045309376937678673,0.061285089735177704,-0.28541162610054016,0.15775804221630096,0.23530951142311096,1.8602864742279053,0.4465689957141876,-0.43094563484191895,-1.0584145784378052,-0.5870619416236877,-1.8269493579864502,1.0067963600158691,0.9798471927642822,-1.2601337432861328
0.4551758749999989,0.0034223749999999996,133.0,4.820014664023623,0.8720487898073283,1.7282983361832012,0.0015708851756937685,-0.0005884662725948143,0.0005088430258607964,0.06130885200241578,-0.28339776396751404,0.15773740410804749,0.23432335257530212,1.8582711219787598,0.45406463742256165,-0.44066476821899414,-1.0625592470169067,-0.5848744511604309,-1.83484947681427,1.0043470859527588,0.9953855276107788,-1.260475754737854
0.4551758749999989,0.0034223749999999996,133.0,4.847980827639362,0.8983103697116586,1.7300305692743603,0.0018012944706257408,-0.0006744219766834878,0.0005748087077896295,0.06133995752807079,-0.2817518413066864,0.15914319455623627,0.235638827085495,1.8640395402908325,0.4706779420375824,-0.4540891647338867,-1.0665404796600342,-0.5902593731880188,-1.8371371030807495,0.992168664932251,0.9961321353912354,-1.2608952522277832
0.4551758749999989,0.0034223749999999996,133.0,4.875058748543106,0.9230162767164418,1.7317980262431383,0.0020341500554897115,-0.0007688755676010541,0.0006377879428878634,0.06135850784555485,-0.27996644377708435,0.15892472863197327,0.2351064383983612,1.8631635904312134,0.47471824288368225,-0.4615309238433838,-1.0735044479370117,-0.5888864398002625,-1.8407796621322632,0.9870531558990479,1.0079467296600342,-1.2615247964859009
0.4551758749999989,0.0034223749999999996,133.0,4.9012392036580295,0.9470586801343592,1.7334090787918368,0.0022931329067948886,-0.0008697119958094381,0.0007066879778276359,0.06139212229576017,-0.2783639132976532,0.16164587438106537,0.23833784461021423,1.8745251893997192,0.49368637800216675,-0.4771144390106201,-1.078842043876648,-0.5985468029975891,-1.8357075452804565,0.9649674892425537,0.9931005239486694,-1.263132095336914
0.4551758749999989,0.0034223749999999996,133.0,4.92646495915524,0.9701502119622678,1.7351955739936304,0.00248298322347241,-0.0009503933141402824,0.000754889336072003,0.06141664244503822,-0.27693572640419006,0.16162581741809845,0.23828426003456116,1.8746843338012695,0.49880674481391907,-0.48430800437927246,-1.0853464603424072,-0.5985097289085388,-1.8382132053375244,0.9599230289459229,1.0022379159927368,-1.263426661491394
0.4551758749999989,0.0034223749999999996,133.0,4.9507673637248555,0.9923568924027212,1.7364875907203388,0.0027238942695343112,-0.0010490293420086362,0.0008181084671878943,0.061458076989834756,-0.2755274474620819,0.16227905452251434,0.23950323462486267,1.8786942958831787,0.5110275149345398,-0.495227575302124,-1.0901917219161987,-0.603315532207489,-1.8375580310821533,0.948768138885498,1.0048754215240479,-1.262664794921875
0.4551758749999989,0.0034223749999999996,133.0,4.973986459144663,1.014372346591016,1.7380065774262645,0.002965707224945964,-0.001154526641739344,0.0008837315056067619,0.06149018534624607,-0.2742709815502167,0.1634865254163742,0.24027928709983826,1.8823704719543457,0.5188514590263367,-0.503542423248291,-1.0955320596694946,-0.6050320267677307,-1.8384761810302734,0.9401047229766846,1.0039396286010742,-1.2646572589874268
0.4551758749999989,0.0034223749999999996,133.0,4.996174558712104,1.0354388894003848,1.7389425014042066,0.003220094470273473,-0.0012644593730556457,0.0009539011978276273,0.06152544402252835,-0.27326688170433044,0.1643913984298706,0.24033287167549133,1.884347677230835,0.5302473902702332,-0.5131046772003174,-1.095428705215454,-0.6061374545097351,-1.8444186449050903,0.9373898506164551,1.0111035108566284,-1.2656302452087402
0.4551758749999989,0.0034223749999999996,133.0,5.017379073348285,1.0552274457064985,1.739744928568894,0.003467908197536107,-0.0013871267996904593,0.0010244969371695654,0.06158080472289737,-0.27164968848228455,0.16462281346321106,0.24154886603355408,1.8870028257369995,0.5338594317436218,-0.5203471183776855,-1.1054538488388062,-0.6089521050453186,-1.8385885953903198,0.9235403537750244,1.0099239349365234,-1.2654708623886108
0.4551758749999989,0.0034223749999999996,133.0,5.037604356188001,1.0750300999223121,1.7405307030551456,0.0036679699529540114,-0.00147245554621537,0.0010764203472080586,0.061597789136232144,-0.27063408493995667,0.16561581194400787,0.24179396033287048,1.8885383605957031,0.5399010181427002,-0.5277981758117676,-1.108603596687317,-0.6085057854652405,-1.8417412042617798,0.9196748733520508,1.012640357017517,-1.2675189971923828
0.4551758749999989,0.0034223749999999996,133.0,5.056714716307485,1.094191356454064,1.7414603390584094,0.0038966356454186173,-0.0015671073944718934,0.0011344335020251845,0.06160783901215059,-0.27002111077308655,0.16652162373065948,0.2428981363773346,1.8928823471069336,0.5514137148857117,-0.5357587337493896,-1.110886812210083,-0.6128295063972473,-1.8429536819458008,0.9129559993743896,1.0134540796279907,-1.2675588130950928
0.4551758749999989,0.0034223749999999996,133.0,5.075320177617851,1.1118081706104808,1.7417341120701697,0.004094048039231124,-0.0016558866558817507,0.0011797271985443795,0.06162235501497677,-0.26852789521217346,0.16586768627166748,0.24219754338264465,1.8896255493164062,0.5474324226379395,-0.5390758514404297,-1.1198222637176514,-0.608494222164154,-1.844460368156433,0.9101572036743164,1.0233216285705566,-1.2687538862228394
0.4551758749999989,0.0034223749999999996,133.0,5.09272330520038,1.1289416502940905,1.742113693999672,0.004324417249645324,-0.0017545061054522822,0.0012400338636671165,0.06163549994277048,-0.2674681842327118,0.16680677235126495,0.2439759075641632,1.8943960666656494,0.5552352070808411,-0.547285795211792,-1.1254141330718994,-0.6130391955375671,-1.8404594659805298,0.8972201347351074,1.0181466341018677,-1.2689493894577026
0.4551758749999989,0.0034223749999999996,133.0,5.10931550288698,1.1455389171311743,1.7426546407606172,0.004529125314783939,-0.001840424942433163,0.0012895860178869642,0.061643281154101594,-0.266488641500473,0.16765137016773224,0.24444285035133362,1.8967137336730957,0.5639758110046387,-0.5546844005584717,-1.1257202625274658,-0.614923894405365,-1.8426411151885986,0.8910336494445801,1.0194048881530762,-1.269428014755249
0.4551758749999989,0.0034223749999999996,133.0,5.125209312573034,1.1607256202871687,1.7426718227916689,0.004730357934384261,-0.001926973599069885,0.001337582592334741,0.061663991569812476,-0.26463767886161804,0.1678052395582199,0.2461230456829071,1.899043083190918,0.5679522752761841,-0.5621130466461182,-1.1336278915405273,-0.6189807057380676,-1.83309805393219,0.8730263710021973,1.0137008428573608,-1.2676571607589722
0.4551758749999989,0.0034223749999999996,133.0,5.140453130040685,1.1749561640514785,1.7429379374276497,0.004889139451606522,-0.00199503696521911,0.0013673349975037155,0.06168161952971783,-0.2624683082103729,0.16650272905826569,0.24616411328315735,1.8957602977752686,0.5679992437362671,-0.5669476985931396,-1.1404728889465332,-0.6191311478614807,-1.8257167339324951,0.8609316349029541,1.01939857006073,-1.2642760276794434
0.4551758749999989,0.0034223749999999996,133.0,5.154962787000551,1.188369359277178,1.7428652561919715,0.0050287949435598445,-0.0020538692747527946,0.0013967170793425597,0.06171342962386694,-0.26028719544410706,0.16716182231903076,0.2470439374446869,1.89602792263031,0.5750061273574829,-0.5766634941101074,-1.1409708261489868,-0.6213919520378113,-1.8187789916992188,0.8454082012176514,1.0149998664855957,-1.2622805833816528
0.4551758749999989,0.0034223749999999996,133.0,5.168652223569145,1.2010045146285417,1.7431544391784617,0.005178951181368067,-0.0021170874517865606,0.0014254595694957585,0.06173979385911948,-0.2575449049472809,0.16524165868759155,0.24588456749916077,1.8886983394622803,0.5752837657928467,-0.5817046165466309,-1.143005132675171,-0.6189195513725281,-1.8134641647338867,0.8354470729827881,1.0266815423965454,-1.2575347423553467
0.4551758749999989,0.0034223749999999996,133.0,5.180998910478629,1.2135826132089518,1.7439775763716738,0.0053444360070391324,-0.0021767809251212046,0.0014572118594525503,0.06175072553858281,-0.25648608803749084,0.1660267561674118,0.24612930417060852,1.889348030090332,0.5866562128067017,-0.5898585319519043,-1.1374083757400513,-0.6207212805747986,-1.815224528312683,0.8297674655914307,1.027950406074524,-1.2564239501953125
0.4551758749999989,0.0034223749999999996,133.0,5.192310999898111,1.2258306165216415,1.7450191872816712,0.005513251803193309,-0.0022349631915347546,0.0014943498480869222,0.06175791138224986,-0.25618693232536316,0.16784459352493286,0.2469249665737152,1.8933371305465698,0.6032393574714661,-0.59865403175354,-1.1282546520233154,-0.6249563097953796,-1.8190712928771973,0.8256087303161621,1.0247882604599,-1.25618314743042
0.4551758749999989,0.0034223749999999996,133.0,5.202676872702997,1.2379628901399453,1.7467248509514568,0.005682967536012281,-0.002285494472230043,0.0015248564604104075,0.06175057442234881,-0.2566925585269928,0.1720677614212036,0.24906256794929504,1.903834581375122,0.6242820024490356,-0.6085765361785889,-1.1160529851913452,-0.632290780544281,-1.8232975006103516,0.8184056282043457,1.005297064781189,-1.2592394351959229
0.4551758749999989,0.0034223749999999996,133.0,5.212195451025335,1.2488693140888272,1.7479500782696629,0.005872659402671674,-0.0023492760918556095,0.0015680399616868608,0.06175273905957305,-0.257066935300827,0.17705166339874268,0.2534051239490509,1.9188389778137207,0.6436248421669006,-0.6188211441040039,-1.110529899597168,-0.6446899771690369,-1.8152034282684326,0.7975120544433594,0.9681758284568787,-1.2615751028060913
0.4551758749999989,0.0034223749999999996,133.0,5.220787288319472,1.2599308259687338,1.7506318282775046,0.006109952291500784,-0.002483002192530557,0.0016514327622104967,0.061635449837382554,-0.25842544436454773,0.17889977991580963,0.25055310130119324,1.9182963371276855,0.6589564085006714,-0.621077299118042,-1.0919885635375977,-0.6393408179283142,-1.838558554649353,0.8212332725524902,0.9827567338943481,-1.26658296585083
0.4551758749999989,0.0034223749999999996,133.0,5.228420007176516,1.2693423131495896,1.751789820266275,0.006398025191913958,-0.0025822144764685376,0.001724564305734529,0.06163678887823263,-0.25954464077949524,0.18178533017635345,0.25093021988868713,1.9247487783432007,0.6806854605674744,-0.6276955604553223,-1.075904369354248,-0.6446443200111389,-1.8486647605895996,0.8252236843109131,0.978693962097168,-1.2677384614944458
0.4551758749999989,0.0034223749999999996,133.0,5.235386896992508,1.277308480035064,1.752396847980378,0.006830733688760912,-0.0027473497465259067,0.0018386059893757186,0.06164867097048819,-0.2597068250179291,0.18390868604183197,0.2518360912799835,1.9296916723251343,0.6948688626289368,-0.6340045928955078,-1.0672643184661865,-0.6490930914878845,-1.8493319749832153,0.8203544616699219,0.9697903394699097,-1.2681944370269775
0.4551758749999989,0.0034223749999999996,133.0,5.241415840538021,1.284775690770205,1.75323554671248,0.007556883845108923,-0.003025617632473648,0.002028355807148729,0.06165234296633636,-0.26022371649742126,0.18556299805641174,0.2517518103122711,1.9334133863449097,0.7089229822158813,-0.6386127471923828,-1.0568472146987915,-0.6514460444450378,-1.8533788919448853,0.8219056129455566,0.9671809077262878,-1.2695835828781128
0.4551758749999989,0.0034223749999999996,133.0,5.246882994045796,1.2906611352192916,1.75384126787418,0.009196671558148005,-0.0036868005631277116,0.002447640529337687,0.06166485434882893,-0.2598898708820343,0.18794859945774078,0.2543362081050873,1.9424580335617065,0.7178572416305542,-0.6455130577087402,-1.057756781578064,-0.6574500203132629,-1.8383995294570923,0.8017129898071289,0.9387341141700745,-1.272444486618042
0.4551758749999989,0.0034223749999999996,133.0,5.251242964906909,1.2949992160239359,1.7545255457795768,0.01700613462821065,-0.0069618366458841195,0.004426966889633727,0.061702423955012194,-0.25862523913383484,0.18539009988307953,0.2563495934009552,1.9528697729110718,0.7220542430877686,-0.6562168598175049,-1.0748525857925415,-0.6563712954521179,-1.799177646636963,0.7703185081481934,0.917146623134613,-1.2838928699493408
0.4551758749999989,0.0034223749999999996,133.0,5.281069568422412,-1.182368615685045,1.5999228121755695,-0.014954658083779679,-0.0006093078878815624,-0.006575051296073197,0.06644671237650258,-0.10322344303131104,0.22943146526813507,-0.04338523745536804,1.2551236152648926,0.6944134831428528,-1.2928519248962402,-0.4901306629180908,-0.12005549669265747,-1.147860050201416,0.7722976207733154,1.384566307067871,-1.1354141235351562
0.4551758749999989,0.0034223749999999996,133.0,5.276112363839485,-1.1766954547066732,1.5999657090142068,-0.008049826838055482,-0.00033991834123002376,-0.0036044038963392567,0.06640870864066818,-0.10470473766326904,0.23066839575767517,-0.045152127742767334,1.2550230026245117,0.7127993106842041,-1.287144660949707,-0.45962727069854736,-0.11957049369812012,-1.1440768241882324,0.8034839630126953,1.3671023845672607,-1.1355795860290527
0.4551758749999989,0.0034223749999999996,133.0,5.270088368611121,-1.170764301194943,1.5995515911614946,-0.0066147914065689305,-0.00030512159609418746,-0.002967954724495904,0.0663705459728141,-0.10708791017532349,0.23199337720870972,-0.046014368534088135,1.2607965469360352,0.7177776098251343,-1.2787690162658691,-0.44145530462265015,-0.12329381704330444,-1.1425814628601074,0.8125131130218506,1.347459077835083,-1.1374551057815552
0.4551758749999989,0.0034223749999999996,133.0,5.263339304582604,-1.1644746789242084,1.598850222000348,-0.005983092530776696,-0.0003163821765733174,-0.0026890453956958235,0.06633827447008991,-0.1089327335357666,0.2324182093143463,-0.048106223344802856,1.264193058013916,0.7212068438529968,-1.267829418182373,-0.41808128356933594,-0.12477648258209229,-1.1392637491226196,0.8192164897918701,1.3320361375808716,-1.1393193006515503
0.4551758749999989,0.0034223749999999996,133.0,5.255529445821446,-1.1572564530486307,1.5980341986330902,-0.005616227380887757,-0.0003436864082147618,-0.0025269204497009308,0.06629854588685923,-0.11112454533576965,0.23254670202732086,-0.051169127225875854,1.2679011821746826,0.7255252599716187,-1.2529597282409668,-0.38685837388038635,-0.12631499767303467,-1.1353533267974854,0.8263130187988281,1.314880132675171,-1.141494870185852
0.4551758749999989,0.0034223749999999996,133.0,5.246553713845099,-1.1514252068594912,1.5945358049260832,-0.005360735710114121,-0.0004099943651044842,-0.002413732322770191,0.0663446427872484,-0.11076748371124268,0.23094117641448975,-0.05512186884880066,1.2628509998321533,0.726442813873291,-1.2406847476959229,-0.35472381114959717,-0.12242674827575684,-1.123910903930664,0.828282356262207,1.3081777095794678,-1.1405351161956787
0.4551758749999989,0.0034223749999999996,133.0,5.237037596494591,-1.1430074512008632,1.59321025723017,-0.005146940170360472,-0.00046102969955399964,-0.0023225456548064275,0.06629993016551622,-0.1130780279636383,0.231014221906662,-0.058353573083877563,1.2665529251098633,0.7307253479957581,-1.224980354309082,-0.3218974769115448,-0.12426900863647461,-1.1184227466583252,0.8344616889953613,1.2903903722763062,-1.142402172088623
0.4551758749999989,0.0034223749999999996,133.0,5.226817884363934,-1.133441375669893,1.5923292465991683,-0.004987965635843538,-0.0004908870055479994,-0.002250956415810362,0.06626474162606287,-0.11553820967674255,0.23116333782672882,-0.06166788935661316,1.2702631950378418,0.728208601474762,-1.2101984024047852,-0.2877933979034424,-0.1251869797706604,-1.1095671653747559,0.8421835899353027,1.2649126052856445,-1.1451234817504883
0.4551758749999989,0.0034223749999999996,133.0,5.215604955889318,-1.1231831345304522,1.5910117864728273,-0.0048457894020084,-0.0005394472257787131,-0.0021875650469240396,0.06621334041893231,-0.11830991506576538,0.2309688776731491,-0.06588742136955261,1.2738885879516602,0.7303013801574707,-1.1909515857696533,-0.24550531804561615,-0.12663310766220093,-1.10068941116333,0.8500931262969971,1.2402900457382202,-1.147315263748169
0.4551758749999989,0.0034223749999999996,133.0,5.2036006134950465,-1.1122584352465041,1.5897895996173177,-0.004701546636372294,-0.0005862072357740835,-0.002124605673358378,0.066167831984153,-0.12084358930587769,0.23016786575317383,-0.0711061954498291,1.2757837772369385,0.7331053614616394,-1.1692121028900146,-0.19776198267936707,-0.12659436464309692,-1.0902231931686401,0.8583922386169434,1.2162022590637207,-1.1493370532989502
0.4551758749999989,0.0034223749999999996,133.0,5.191211157138317,-1.1004109291768096,1.588933707838736,-0.004566610973333392,-0.0006125691060822812,-0.002063557866927183,0.06614714488091154,-0.12174415588378906,0.22927246987819672,-0.07524973154067993,1.2737913131713867,0.7283130288124084,-1.1561975479125977,-0.1651230901479721,-0.12287849187850952,-1.0763341188430786,0.8645994663238525,1.1967319250106812,-1.1510725021362305
0.4551758749999989,0.0034223749999999996,133.0,5.178127159104059,-1.0877834926203416,1.5881353500595088,-0.004430427082740061,-0.0006303864206511061,-0.0020005614224675905,0.06612300496429648,-0.12252229452133179,0.22874890267848969,-0.07855847477912903,1.2725274562835693,0.7299551367759705,-1.1453735828399658,-0.14094644784927368,-0.12056094408035278,-1.0655734539031982,0.8689732551574707,1.1862025260925293,-1.1521328687667847
0.4551758749999989,0.0034223749999999996,133.0,5.164653355860053,-1.0741720026708517,1.5877073697979969,-0.004311578967989065,-0.0006335274350104555,-0.0019436985757416236,0.06612820758890657,-0.12255069613456726,0.22821812331676483,-0.08152586221694946,1.2697408199310303,0.7271463871002197,-1.1374626159667969,-0.1216965913772583,-0.11654442548751831,-1.0526301860809326,0.8723268508911133,1.1728755235671997,-1.1533328294754028
0.4551758749999989,0.0034223749999999996,133.0,5.150833345050674,-1.060132889449216,1.5873669390529217,-0.00415780550772723,-0.0006287236104466344,-0.00187310275557294,0.06615847920187123,-0.12098923325538635,0.22772666811943054,-0.08335041999816895,1.2642382383346558,0.7229181528091431,-1.1363334655761719,-0.11709842085838318,-0.11054694652557373,-1.0406527519226074,0.8715591430664062,1.1671336889266968,-1.1538060903549194
0.4551758749999989,0.0034223749999999996,133.0,5.135592979449267,-1.0447464453225062,1.5869841270525298,-0.00396836622821412,-0.0006187302267184794,-0.0017844485375910866,0.06616781235354667,-0.11973053216934204,0.2271830439567566,-0.08565306663513184,1.2591445446014404,0.7184151411056519,-1.1329500675201416,-0.10707852244377136,-0.10508525371551514,-1.0277814865112305,0.8709776401519775,1.156886100769043,-1.1541774272918701
0.4551758749999989,0.0034223749999999996,133.0,5.119508062003437,-1.0284505569172067,1.5869450888782553,-0.0037919489712547536,-0.0006018187219147783,-0.0017009231027431122,0.06618240617623862,-0.11942580342292786,0.22903744876384735,-0.08449211716651917,1.2603228092193604,0.7102659940719604,-1.1375985145568848,-0.11874911189079285,-0.10497385263442993,-1.0208890438079834,0.8680229187011719,1.1415022611618042,-1.155212163925171
0.4551758749999989,0.0034223749999999996,133.0,5.1026347142895725,-1.0118493497895684,1.58639313882459,-0.003587480431819664,-0.0005995656044652101,-0.001608803433880513,0.06619868077846862,-0.11866050958633423,0.2278301864862442,-0.08855867385864258,1.2549941539764404,0.7056854963302612,-1.1280097961425781,-0.09187479317188263,-0.09952932596206665,-1.0050837993621826,0.8681390285491943,1.1226160526275635,-1.1554497480392456
0.4551758749999989,0.0034223749999999996,133.0,5.085684887625369,-0.994447524738473,1.5865953911986261,-0.003392484037171961,-0.0005725207204635802,-0.0015206706006808028,0.06626119162523182,-0.11582872271537781,0.2282031774520874,-0.0886126160621643,1.248848795890808,0.6933222413063049,-1.135119915008545,-0.10337772965431213,-0.09319156408309937,-0.9928473234176636,0.8608748912811279,1.1134028434753418,-1.1555798053741455
0.4551758749999989,0.0034223749999999996,133.0,5.066904325403072,-0.9755695928458078,1.586626515398346,-0.003194905196362704,-0.0005526776333420391,-0.0014284318844574552,0.06627768254219268,-0.11541047692298889,0.22879831492900848,-0.09017661213874817,1.2471256256103516,0.6837710738182068,-1.1319522857666016,-0.09326721727848053,-0.09038227796554565,-0.9786412119865417,0.8585729598999023,1.0887714624404907,-1.1565704345703125
0.4551758749999989,0.0034223749999999996,133.0,5.047461526495864,-0.9564855369182523,1.5863006176773713,-0.00301881378875205,-0.0005371401812873894,-0.0013408904218165292,0.06630701054941601,-0.11499428749084473,0.22774279117584229,-0.09469607472419739,1.2422850131988525,0.6787344813346863,-1.1200439929962158,-0.06024898961186409,-0.08523231744766235,-0.9587331414222717,0.8587820529937744,1.0615084171295166,-1.156960368156433
0.4551758749999989,0.0034223749999999996,133.0,5.027429867335454,-0.9362713289539023,1.586630729208336,-0.0027877924401666352,-0.0004889614391953242,-0.0012332353859550204,0.06636895101413424,-0.11334234476089478,0.22802968323230743,-0.0962749719619751,1.23740816116333,0.6663917899131775,-1.119570255279541,-0.05427217856049538,-0.07955586910247803,-0.9410330057144165,0.85418701171875,1.0385675430297852,-1.15767240524292
0.4551758749999989,0.0034223749999999996,133.0,5.005681694263454,-0.9161912506368985,1.5856586125049035,-0.002553222861166942,-0.0004928809384025007,-0.0011329535111438726,0.06636506512596271,-0.11371290683746338,0.22580018639564514,-0.10327011346817017,1.2319812774658203,0.6714453101158142,-1.097937822341919,0.00272167706862092,-0.07508116960525513,-0.9171125292778015,0.8563945293426514,1.0057262182235718,-1.1569539308547974
0.4551758749999989,0.0034223749999999996,133.0,4.983803808849237,-0.8948847368820324,1.5855350304456908,-0.0023329760509239123,-0.00046368106807718383,-0.0010363225590046422,0.06640721410147052,-0.1124868392944336,0.22532711923122406,-0.10635122656822205,1.2267987728118896,0.6657534241676331,-1.0912301540374756,0.02214983105659485,-0.07013428211212158,-0.8977892398834229,0.8520469665527344,0.9804238080978394,-1.1567347049713135
0.4551758749999989,0.0034223749999999996,133.0,4.960830823797215,-0.8724070193617698,1.5854265610975866,-0.002115929859579044,-0.0004330970832291544,-0.0009390103095725416,0.06643231570319473,-0.11152037978172302,0.22457851469516754,-0.11015585064888,1.220707654953003,0.6542622447013855,-1.0830388069152832,0.0497666597366333,-0.06398022174835205,-0.8732067346572876,0.8494527339935303,0.9458157420158386,-1.1567777395248413
0.4551758749999989,0.0034223749999999996,133.0,4.937034988827959,-0.8482049541997142,1.5856340103067523,-0.0019457291594249964,-0.00039685740115521617,-0.0008590332343595973,0.0664478376239274,-0.11042475700378418,0.225372314453125,-0.11140996217727661,1.217781901359558,0.6434794664382935,-1.0807101726531982,0.05590934306383133,-0.06064683198928833,-0.8558120131492615,0.8421974182128906,0.9178272485733032,-1.157067060470581
0.4551758749999989,0.0034223749999999996,133.0,4.913218566996653,-0.8239405345205406,1.58608557465509,-0.0017335733401102756,-0.00035091734502844214,-0.000765570501090603,0.06651234491380277,-0.10738199949264526,0.22628365457057953,-0.11133933067321777,1.211652159690857,0.628010630607605,-1.0864241123199463,0.04588979482650757,-0.05408620834350586,-0.83879554271698,0.830895185470581,0.8986728191375732,-1.1573765277862549
0.4551758749999989,0.0034223749999999996,133.0,4.887912397141517,-0.7991285735429406,1.5859773163340691,-0.0015372403722439234,-0.00032422227972464556,-0.0006789940681574962,0.06653356469384629,-0.10628584027290344,0.22562357783317566,-0.114970862865448,1.2053409814834595,0.6164585947990417,-1.0784721374511719,0.07169552147388458,-0.047852933406829834,-0.8141840100288391,0.8265056610107422,0.8634271025657654,-1.15727698802948
0.4551758749999989,0.0034223749999999996,133.0,4.861566302407991,-0.7738259072653797,1.5855773299522342,-0.00134349656702514,-0.00029816084136805986,-0.0005935176761315078,0.06654590631763213,-0.10669508576393127,0.22414715588092804,-0.12069287896156311,1.1998172998428345,0.6127418279647827,-1.0615644454956055,0.12014055252075195,-0.043622732162475586,-0.7857739925384521,0.825737476348877,0.8186107277870178,-1.1560285091400146
0.4551758749999989,0.0034223749999999996,133.0,4.834776070589703,-0.7474945103362701,1.5854068768809928,-0.0011834882403873887,-0.00027264228338191334,-0.0005216739661288762,0.06657090698834373,-0.10559344291687012,0.22314147651195526,-0.12492144107818604,1.191926121711731,0.5999374389648438,-1.0519182682037354,0.15288229286670685,-0.036685049533843994,-0.7553863525390625,0.8209366798400879,0.7766953706741333,-1.1550302505493164
0.4551758749999989,0.0034223749999999996,133.0,4.807250259517033,-0.7205097597996631,1.585271404072972,-0.0010405099095239301,-0.00024787660431522976,-0.00045855964073347966,0.06661171330185489,-0.10450521111488342,0.2220040112733841,-0.12941965460777283,1.1832197904586792,0.5865380764007568,-1.0412626266479492,0.18879272043704987,-0.02927076816558838,-0.7222219109535217,0.8159337043762207,0.7318487167358398,-1.153672218322754
0.4551758749999989,0.0034223749999999996,133.0,4.7784514440008525,-0.6923502514915357,1.5851152234803145,-0.0008575436116704962,-0.00021089767564284062,-0.00037655249013180265,0.06662660159838908,-0.10193461179733276,0.22124744951725006,-0.132615327835083,1.1728713512420654,0.5714186429977417,-1.0358877182006836,0.21066345274448395,-0.020421147346496582,-0.6905298233032227,0.8060691356658936,0.6948233842849731,-1.1520923376083374
0.4551758749999989,0.0034223749999999996,133.0,4.748850123964826,-0.6637498488678695,1.5848603804851686,-0.0007183577348319624,-0.00018523227017863008,-0.00031438707531887826,0.06663256748697473,-0.10272383689880371,0.21889270842075348,-0.1396665871143341,1.1637089252471924,0.5671542286872864,-1.0149292945861816,0.2755027115345001,-0.015314579010009766,-0.6502475738525391,0.8046374320983887,0.6357535719871521,-1.1480367183685303
0.4551758749999989,0.0034223749999999996,133.0,4.718466232543657,-0.6341611618295795,1.5847677992630607,-0.0005378640941574619,-0.00014374990172814206,-0.0002353687564657474,0.06665323442994796,-0.10263580083847046,0.21678049862384796,-0.1457771360874176,1.1528904438018799,0.5580440163612366,-0.9980664253234863,0.3310496509075165,-0.008928656578063965,-0.6092907190322876,0.8001742362976074,0.5784180164337158,-1.143561601638794
0.4551758749999989,0.0034223749999999996,133.0,4.687638588965808,-0.6034399843979751,1.5849381961862052,-0.00033714073529083005,-9.119236742112514e-5,-0.00014755790263085207,0.0666992170955243,-0.10155251622200012,0.21532881259918213,-0.15035805106163025,1.1416131258010864,0.5430296659469604,-0.986605167388916,0.3716330826282501,-0.0018689632415771484,-0.5703075528144836,0.7917430400848389,0.5248717665672302,-1.139251947402954
0.4551758749999989,0.0034223749999999996,133.0,4.6559023761476,-0.5719817451931957,1.5852083044765672,-0.0001572267989233774,-4.3248538255783576e-5,-6.890274625088356e-5,0.06674099919565209,-0.09855929017066956,0.21481163799762726,-0.15279173851013184,1.1297646760940552,0.5249583721160889,-0.9828174114227295,0.39043569564819336,0.006235480308532715,-0.5364956259727478,0.7766225337982178,0.4826948344707489,-1.135392665863037
0.4551758749999989,0.0034223749999999996,133.0,4.623142471625134,-0.5402142453485242,1.5856271159224475,1.7374344331413212e-5,4.927955411585259e-6,7.63261568551144e-6,0.06677533448084857,-0.09620672464370728,0.2139194905757904,-0.15605485439300537,1.1172301769256592,0.5073326826095581,-0.9756968021392822,0.41836273670196533,0.014206737279891968,-0.5006399154663086,0.762920618057251,0.4339655637741089,-1.1307264566421509
0.4551758749999989,0.0034223749999999996,133.0,4.5894666595459785,-0.5075794819589521,1.5856020999317042,0.0001914911258564391,5.6225598521857304e-5,8.423650911670668e-5,0.06679263726510087,-0.09488576650619507,0.21027418971061707,-0.16282492876052856,1.0998187065124512,0.4989801347255707,-0.9602861404418945,0.48034554719924927,0.022321194410324097,-0.45244428515434265,0.7527525424957275,0.3751753568649292,-1.1214747428894043
0.4551758749999989,0.0034223749999999996,133.0,4.554820878627095,-0.4735749145804962,1.585666188876923,0.0003793843290673266,0.00011313376751849969,0.00016720719114773048,0.06681429924677065,-0.09346640110015869,0.20816734433174133,-0.16754108667373657,1.0841729640960693,0.48092135787010193,-0.9480867385864258,0.5262332558631897,0.03007686138153076,-0.40655621886253357,0.7399752140045166,0.31562742590904236,-1.113477349281311
0.4551758749999989,0.0034223749999999996,133.0,4.519433444260109,-0.43880594566685205,1.5861402970679086,0.0005266420615859711,0.00015881890648609953,0.00023231495074499018,0.06683950379889039,-0.0922325849533081,0.20814597606658936,-0.16983669996261597,1.0730931758880615,0.4613819420337677,-0.9380714893341064,0.5514352917671204,0.035282254219055176,-0.3714372515678406,0.7244482040405273,0.26224207878112793,-1.1073869466781616
0.4551758749999989,0.0034223749999999996,133.0,4.48317438915914,-0.40343528678777985,1.5864545938070829,0.0006918039081038607,0.00021270845878365759,0.0003060476602203595,0.066858094030655,-0.09090548753738403,0.20613718032836914,-0.17411398887634277,1.056650161743164,0.44282329082489014,-0.9255328178405762,0.5945422649383545,0.04270672798156738,-0.32689252495765686,0.7100892066955566,0.2043503075838089,-1.0982471704483032
0.4551758749999989,0.0034223749999999996,133.0,4.446089206642511,-0.36718812450884974,1.5867113985177335,0.0008670044675618196,0.00027213503141186775,0.0003846522996154597,0.06687226470973616,-0.0895097553730011,0.20388874411582947,-0.17840945720672607,1.0386004447937012,0.42306187748908997,-0.912337064743042,0.639783501625061,0.05019569396972656,-0.2792988717556,0.6944301128387451,0.14492087066173553,-1.0875577926635742
0.4551758749999989,0.0034223749999999996,133.0,4.408090336892303,-0.33022175221064826,1.5871395909282686,0.0010649048407851962,0.00034045374953086684,0.0004754947538899571,0.06688753667557702,-0.08816060423851013,0.20146544277668,-0.18274301290512085,1.018751621246338,0.4019884467124939,-0.8976540565490723,0.6872774362564087,0.05793026089668274,-0.22922436892986298,0.677800178527832,0.084159716963768,-1.0752944946289062
0.4551758749999989,0.0034223749999999996,133.0,4.369229905739687,-0.2923268828155955,1.587555449422928,0.001252837598220498,0.0004080967815600753,0.0005609344745286482,0.06688539709058784,-0.08675265312194824,0.1987033486366272,-0.1871223747730255,0.9966878890991211,0.3793286085128784,-0.8816492557525635,0.7377044558525085,0.06587785482406616,-0.17501311004161835,0.6594135761260986,0.022210033610463142,-1.0610238313674927
0.4551758749999989,0.0034223749999999996,133.0,4.329387875595061,-0.2539710269860135,1.5883820656561414,0.0013719616967196998,0.0004563985597228817,0.0006187420137283918,0.06689152408145307,-0.08665025234222412,0.1965235471725464,-0.1911855936050415,0.9746636748313904,0.3558291792869568,-0.8605239391326904,0.7903546094894409,0.0720820426940918,-0.11940031498670578,0.6417984962463379,-0.04545760899782181,-1.0449854135513306
0.4551758749999989,0.0034223749999999996,133.0,4.2890483019907535,-0.21492275127511176,1.5890076370818464,0.001523206449458436,0.0005161148954369645,0.0006951188841131061,0.06690750906553258,-0.08534535765647888,0.191664919257164,-0.1967155486345291,0.9440216422080994,0.3346463143825531,-0.8407959938049316,0.8578171730041504,0.08149406313896179,-0.051320478320121765,0.6209578514099121,-0.10842178761959076,-1.0236568450927734
0.4551758749999989,0.0034223749999999996,133.0,4.247244024758909,-0.17393014088442277,1.5890311280984881,0.0016710441741231545,0.0005742766954305533,0.0007718750412607168,0.06688865356658968,-0.08298105001449585,0.18847502768039703,-0.19996996223926544,0.9164453744888306,0.30345070362091064,-0.822904109954834,0.9046821594238281,0.08929979801177979,0.012322554364800453,0.5938572883605957,-0.16707202792167664,-1.0037108659744263
0.4551758749999989,0.0034223749999999996,133.0,4.205386881681039,-0.13210546963704478,1.5929051177812226,0.0018044651534401327,0.0006206726397390025,0.0008596549832831307,0.06684745157616431,-0.08274373412132263,0.1821068525314331,-0.20581011474132538,0.8766367435455322,0.28412121534347534,-0.7968363761901855,0.9843518137931824,0.10015156865119934,0.09031189233064651,0.5728631019592285,-0.22381603717803955,-0.974683403968811
0.4551758749999989,0.0034223749999999996,133.0,4.160413910434129,-0.08945132139079591,1.5935642805570045,0.0018970258467149092,0.0006764299462967014,0.0009183878259925933,0.06675034546912342,-0.08443671464920044,0.1817696988582611,-0.2070644497871399,0.8647908568382263,0.2665243446826935,-0.7803759574890137,1.008811354637146,0.0986400842666626,0.12577824294567108,0.5622167587280273,-0.2676123082637787,-0.9611729383468628
0.4551758749999989,0.0034223749999999996,133.0,4.109889807187917,-0.039069632483974735,1.5938015445576366,0.0018562675601515458,0.0005462025334476075,0.0010367668113058926,0.06660460292537773,-0.08731168508529663,0.20450031757354736,-0.19368401169776917,0.9640318751335144,0.28041642904281616,-0.8621261119842529,0.7790095210075378,0.06265518069267273,-0.07509974390268326,0.6059951782226562,-0.17766550183296204,-1.0247873067855835
0.4551758749999989,0.0034223749999999996,133.0,4.0492531726063135,0.02128814541388998,1.5934574733659066,0.0016988195560260955,-4.8320141838360804e-5,0.0012406740812191085,0.0658421579906823,-0.11578917503356934,0.22686810791492462,-0.1264253854751587,1.066361904144287,0.43807172775268555,-0.8051369190216064,0.11991843581199646,0.0405249297618866,-1.1062802076339722,1.0040607452392578,0.46711423993110657,-1.1033365726470947
0.4551758749999989,0.0034223749999999996,133.0,3.970739357918262,0.038533739113606975,1.5946718818998435,0.00010334478306347731,5.1492042798412246e-6,7.703094104843574e-5,0.06452987093200066,-0.2514558732509613,0.09094154834747314,0.011610329151153564,1.3307198286056519,0.39513635635375977,-0.12993454933166504,-0.06290741264820099,-0.33140331506729126,-1.407671570777893,1.3987295627593994,0.9125750064849854,-0.9934413433074951
0.4551758749999989,0.0034223749999999996,133.0,3.990223944381575,0.07538361029122125,1.6174166637371816,-0.0018335848257238806,0.00017728957419842122,-0.0013010404735027063,0.06263704095829689,-0.27568331360816956,0.1013372465968132,0.044307172298431396,1.42540442943573,0.4190003573894501,-0.09994220733642578,-0.15467491745948792,-0.3748663663864136,-1.5292414426803589,1.48177170753479,0.9076262712478638,-1.0436204671859741
0.4551758749999989,0.0034223749999999996,133.0,4.0065920917274696,0.12625193448543265,1.6498673373691364,-0.002241658257598523,0.000732180626204502,-0.0012616714770883545,0.06064546190673908,-0.32390567660331726,0.09308834373950958,0.13511386513710022,1.490720510482788,0.00883810967206955,-0.013431310653686523,-0.7270629405975342,-0.4152495861053467,-1.5465484857559204,1.5244121551513672,1.1620187759399414,-1.0648021697998047
0.4551758749999989,0.0034223749999999996,133.0,4.044428041426846,0.17382379187819014,1.6610125716582456,-0.0022897045402572595,0.0008001466423971435,-0.0011730812788981343,0.06020950818358072,-0.34088894724845886,0.09503466635942459,0.18174955248832703,1.5880522727966309,-0.13026505708694458,0.008024930953979492,-0.9311158657073975,-0.42428141832351685,-1.4996358156204224,1.4361546039581299,1.167785406112671,-1.1516371965408325
0.4551758749999989,0.0034223749999999996,133.0,4.0888719221873995,0.21859463647788613,1.6669544922140878,-0.0021761585779780136,0.0007611095231881019,-0.001068629044364297,0.06018375618933137,-0.33828482031822205,0.10648462176322937,0.192758709192276,1.6392631530761719,-0.04313809424638748,-0.033376216888427734,-0.9342564940452576,-0.4437565803527832,-1.5642114877700806,1.3914525508880615,1.0875951051712036,-1.1829649209976196
0.4551758749999989,0.0034223749999999996,133.0,4.133501685533745,0.2609756891699596,1.6716274935642177,-0.0019979872918541165,0.0007003667692325441,-0.0009454207134559041,0.060251313287811116,-0.3349909484386444,0.11343556642532349,0.19751963019371033,1.6661972999572754,0.019495278596878052,-0.0691373348236084,-0.9309272170066833,-0.4553704857826233,-1.6193872690200806,1.3651647567749023,1.0539207458496094,-1.1981313228607178
0.4551758749999989,0.0034223749999999996,133.0,4.177395640239593,0.30136900633907143,1.6744230970176042,-0.0017707473131015987,0.000620248480608126,-0.0008167432895798532,0.06039390155868025,-0.32903072237968445,0.11431746184825897,0.20303025841712952,1.68637216091156,0.04574598744511604,-0.10029435157775879,-0.9592233896255493,-0.4739975333213806,-1.6270619630813599,1.3101224899291992,1.052354097366333,-1.199455976486206
0.4551758749999989,0.0034223749999999996,133.0,4.22048955308817,0.3414664173306185,1.6767963731650095,-0.0016648599765536375,0.0005809930258764943,-0.0007540356639433741,0.060516549392356636,-0.3251858651638031,0.11739210784435272,0.2053678333759308,1.6997876167297363,0.0817847028374672,-0.12832021713256836,-0.9626944661140442,-0.4824238419532776,-1.6577680110931396,1.287008285522461,1.0478413105010986,-1.2044062614440918
0.4551758749999989,0.0034223749999999996,133.0,4.262944106362246,0.38123858268679056,1.6796711467583598,-0.0014249997841664706,0.0004979836648969814,-0.0006312824769387467,0.06057944643505778,-0.3222542703151703,0.11919428408145905,0.20442143082618713,1.7022919654846191,0.09752491861581802,-0.146162748336792,-0.9642939567565918,-0.479550838470459,-1.6902549266815186,1.2814738750457764,1.060764193534851,-1.2099065780639648
0.4551758749999989,0.0034223749999999996,133.0,4.304435834405009,0.4202244474088317,1.6827079550844883,-0.0012422415073326286,0.000433050690706656,-0.0005348088164717872,0.06064661107438869,-0.3192566931247711,0.1236855685710907,0.2066458761692047,1.7185227870941162,0.14278845489025116,-0.17508959770202637,-0.9602611064910889,-0.4888172745704651,-1.7229993343353271,1.2638330459594727,1.05073881149292,-1.2168546915054321
0.4551758749999989,0.0034223749999999996,133.0,4.345085014085671,0.4583563969796129,1.685919482819128,-0.0010104336965478583,0.0003535604007367221,-0.00042381936559515,0.06072314016637846,-0.31554141640663147,0.12952682375907898,0.21274617314338684,1.7459849119186401,0.18942999839782715,-0.20676136016845703,-0.9706963300704956,-0.5066882967948914,-1.7372342348098755,1.22261643409729,1.0185223817825317,-1.2262094020843506
0.4551758749999989,0.0034223749999999996,133.0,4.384730120033111,0.49533814079562305,1.6883574835938666,-0.0008034322849028372,0.0002828976395986256,-0.00033059536691031803,0.060801060304126096,-0.31201931834220886,0.1317991018295288,0.2145685851573944,1.7567952871322632,0.2187286764383316,-0.2314009666442871,-0.9757063984870911,-0.5149829983711243,-1.7545232772827148,1.2006335258483887,1.0196343660354614,-1.2287341356277466
0.4551758749999989,0.0034223749999999996,133.0,4.423536132179723,0.5315613097162376,1.6907980599393517,-0.0006071842567510681,0.00021410535586405055,-0.00024407759199604958,0.060862967402383505,-0.30880478024482727,0.13414134085178375,0.21646597981452942,1.7675858736038208,0.2463495284318924,-0.254563570022583,-0.9809425473213196,-0.5230361819267273,-1.7689038515090942,1.1797220706939697,1.0192606449127197,-1.2314777374267578
0.4551758749999989,0.0034223749999999996,133.0,4.4613268032360445,0.5670127103797937,1.693102396731485,-0.00041748277939497537,0.00014754282791209009,-0.00016427125331426072,0.060918014458829745,-0.3058845102787018,0.13653811812400818,0.21838310360908508,1.7782689332962036,0.2729327380657196,-0.2763025760650635,-0.9864678382873535,-0.5309873223304749,-1.7815319299697876,1.1601800918579102,1.017963171005249,-1.2342162132263184
0.4551758749999989,0.0034223749999999996,133.0,4.498147276882477,0.6014856915200948,1.6954434838542596,-0.00023399698754401872,8.336477208276173e-5,-9.057905474145226e-5,0.06096677396858359,-0.30389848351478577,0.13801945745944977,0.21700724959373474,1.7789299488067627,0.28641995787620544,-0.2900876998901367,-0.9857295751571655,-0.5274853110313416,-1.8042011260986328,1.1620347499847412,1.0328902006149292,-1.2385735511779785
0.4551758749999989,0.0034223749999999996,133.0,4.533876405826829,0.6350109607776644,1.6975185100922732,-6.97359153462953e-5,2.4938595939042e-5,-2.6504040446708448e-5,0.061031121601175915,-0.301168292760849,0.14272356033325195,0.2229560911655426,1.8016462326049805,0.31662997603416443,-0.31441593170166016,-1.0009702444076538,-0.5434644818305969,-1.8021724224090576,1.1240229606628418,1.0031391382217407,-1.2450833320617676
0.4551758749999989,0.0034223749999999996,133.0,4.568490698542497,0.6673049773356001,1.6989426083534578,0.00015047325874351853,-5.428210823137776e-5,5.6401981247709535e-5,0.06106589686105579,-0.298873633146286,0.14326150715351105,0.22297075390815735,1.8039029836654663,0.3246805965900421,-0.326643705368042,-1.010617971420288,-0.543749988079071,-1.8112893104553223,1.1152939796447754,1.014144778251648,-1.247161626815796
0.4551758749999989,0.0034223749999999996,133.0,4.603468780791553,0.6968731334961781,1.6993484230197562,0.0003547321067651258,-0.00012812661726187434,0.00012953958990246143,0.06124017357886493,-0.2950003445148468,0.14230172336101532,0.22382250428199768,1.8048484325408936,0.33184924721717834,-0.34368228912353516,-1.0254273414611816,-0.5477476716041565,-1.8084207773208618,1.0934193134307861,1.027679204940796,-1.2441821098327637
0.4551758749999989,0.0034223749999999996,133.0,4.636492611872873,0.728175117239259,1.7015884054254036,0.0005610642882220641,-0.00020378168528168407,0.0002010156694358271,0.06127055482166384,-0.29324015974998474,0.14475373923778534,0.22572973370552063,1.8146929740905762,0.35261499881744385,-0.35994815826416016,-1.0307915210723877,-0.554422914981842,-1.81505286693573,1.0792434215545654,1.0230910778045654,-1.247349500656128
0.4551758749999989,0.0034223749999999996,133.0,4.66882663444377,0.7586702602843299,1.7035526776335173,0.000805606587892341,-0.0002941828153150212,0.0002841068680904904,0.06128026569533821,-0.29128625988960266,0.14659911394119263,0.22439584136009216,1.815134882926941,0.3638097643852234,-0.37157487869262695,-1.0313280820846558,-0.5496618151664734,-1.831999659538269,1.0800602436065674,1.0321918725967407,-1.252737045288086
0.4551758749999989,0.0034223749999999996,133.0,4.700305456717151,0.7888545534842291,1.7063447001541712,0.0009812498093872389,-0.0003588633805686695,0.00033852719438892795,0.06129334190833559,-0.28967157006263733,0.150551900267601,0.22705546021461487,1.82905113697052,0.3946266174316406,-0.3908565044403076,-1.032057523727417,-0.5597290396690369,-1.8392457962036133,1.0633058547973633,1.0186588764190674,-1.2565418481826782
0.4551758749999989,0.0034223749999999996,133.0,4.730871082555561,0.8178293757225692,1.7090575970045632,0.001207327162706735,-0.0004419566969407699,0.0004045006142498089,0.06128796107756699,-0.2870807945728302,0.15376754105091095,0.2316519320011139,1.8444055318832397,0.41274189949035645,-0.407778263092041,-1.04814612865448,-0.5718879103660583,-1.8275481462478638,1.02848219871521,0.9931544065475464,-1.2595365047454834
0.4551758749999989,0.0034223749999999996,133.0,4.760590954337733,0.8454241063507828,1.710745781736663,0.0013781037795429776,-0.0005075271302474329,0.00045517916307366514,0.061337249840588554,-0.28484752774238586,0.1568058580160141,0.23453262448310852,1.855872631072998,0.43761569261550903,-0.42705345153808594,-1.0518195629119873,-0.581738293170929,-1.827173113822937,1.0061287879943848,0.980742335319519,-1.261096477508545
0.4551758749999989,0.0034223749999999996,133.0,4.789353665777505,0.8720561383996319,1.7123356798658298,0.00156879745210101,-0.0005819788998711614,0.000511378523052164,0.0613666551889333,-0.2827754318714142,0.15676847100257874,0.2335663139820099,1.8538702726364136,0.4451535642147064,-0.43699026107788086,-1.0561165809631348,-0.5796508193016052,-1.8350040912628174,1.0033326148986816,0.9963170289993286,-1.2613513469696045
0.4551758749999989,0.0034223749999999996,133.0,4.817254816120855,0.898326144661758,1.7140828494722167,0.0017992726597264993,-0.0006672439586533444,0.000577586647099429,0.06139223705507645,-0.28116127848625183,0.15820887684822083,0.2349032461643219,1.859789490699768,0.4616854190826416,-0.45030879974365234,-1.0602800846099854,-0.5850054621696472,-1.8374329805374146,0.991283655166626,0.9967453479766846,-1.261948823928833
0.4551758749999989,0.0034223749999999996,133.0,4.844300866223504,0.9230863814124235,1.715813517352358,0.0020317262906970716,-0.0007605464882332562,0.0006412140420335818,0.061413025728562345,-0.27934297919273376,0.15800422430038452,0.23431918025016785,1.858832836151123,0.4658259451389313,-0.4579019546508789,-1.0668983459472656,-0.5835515856742859,-1.8412331342697144,0.9862661361694336,1.0087125301361084,-1.2625799179077148
0.4551758749999989,0.0034223749999999996,133.0,4.870424181854665,0.9471951770586448,1.717341984569788,0.0022902420429444384,-0.0008601190711279691,0.0007109973254527613,0.061448171054322834,-0.2777383625507355,0.16074120998382568,0.2375154197216034,1.8701896667480469,0.4850449860095978,-0.4736802577972412,-1.0720062255859375,-0.5931054949760437,-1.836638331413269,0.9645171165466309,0.9941561222076416,-1.264294147491455
0.4551758749999989,0.0034223749999999996,133.0,4.8956613503574,0.9703586451527747,1.7191475140268018,0.0024803285897617967,-0.0009395636351350271,0.0007594723296604653,0.06147043943061671,-0.27633312344551086,0.16079169511795044,0.2374703586101532,1.8705049753189087,0.49033230543136597,-0.48094868659973145,-1.0783379077911377,-0.59306401014328,-1.8394393920898438,0.9596419334411621,1.0030872821807861,-1.2647478580474854
0.4551758749999989,0.0034223749999999996,133.0,4.920048300800851,0.9925273699781937,1.7206136848052762,0.0027222059866628943,-0.0010367882518586067,0.0008217867144692047,0.06150614775519405,-0.27494242787361145,0.16151390969753265,0.238773912191391,1.8748259544372559,0.5025625228881836,-0.49179768562316895,-1.0835750102996826,-0.5980319380760193,-1.8385298252105713,0.9481582641601562,1.0048550367355347,-1.264127492904663
0.4551758749999989,0.0034223749999999996,133.0,4.943323428245716,1.0145322186149388,1.7221603716460716,0.0029647817765591556,-0.0011400750707419964,0.0008873704852373919,0.06153564987485351,-0.2736795246601105,0.16273459792137146,0.2395496666431427,1.8785182237625122,0.5106459259986877,-0.5002856254577637,-1.0888816118240356,-0.5997745394706726,-1.8395916223526,0.9395747184753418,1.004036545753479,-1.2661118507385254
0.4551758749999989,0.0034223749999999996,133.0,4.965624142328802,1.0353585260241591,1.7231080509238283,0.0032200669108983226,-0.0012495412546292487,0.0009564660765004697,0.06156465972942405,-0.2725764811038971,0.1635195016860962,0.23960444331169128,1.8802425861358643,0.521844744682312,-0.5100054740905762,-1.0892280340194702,-0.6008742451667786,-1.8451147079467773,0.9363553524017334,1.011648178100586,-1.2668397426605225
0.4551758749999989,0.0034223749999999996,133.0,4.986935497763351,1.0550463146929567,1.7240091526793724,0.0034695709480662526,-0.0013687010819894354,0.001025396221773036,0.061619248098522816,-0.27093377709388733,0.1637454330921173,0.24084249138832092,1.8829216957092285,0.5255725383758545,-0.5173618793487549,-1.0994434356689453,-0.6038013100624084,-1.8391085863113403,0.9223020076751709,1.0103981494903564,-1.2665886878967285
0.4551758749999989,0.0034223749999999996,133.0,5.00715854079893,1.074797598705516,1.7251248044147072,0.003664081827249583,-0.0014606220416108363,0.0010796224510239117,0.06164957459846677,-0.270040363073349,0.16486993432044983,0.24116477370262146,1.8850129842758179,0.5313516855239868,-0.5242900848388672,-1.1029877662658691,-0.6034994721412659,-1.8422316312789917,0.9186224937438965,1.0117660760879517,-1.269038200378418
0.4551758749999989,0.0034223749999999996,133.0,5.026301960060032,1.094036335707148,1.7261356908423058,0.0038925208210011763,-0.0015538929966666963,0.001138189372797523,0.061660649714448706,-0.2694850265979767,0.1658824235200882,0.24230429530143738,1.8896713256835938,0.5432395339012146,-0.5322864055633545,-1.1051013469696045,-0.6079337000846863,-1.8437796831130981,0.9121119976043701,1.0121097564697266,-1.2692785263061523
0.4551758749999989,0.0034223749999999996,133.0,5.045008309756716,1.111383942084614,1.7262950518854177,0.004088359493138092,-0.001643121250579004,0.0011832206456823433,0.06168177844201134,-0.2675640881061554,0.16591480374336243,0.24397745728492737,1.892038345336914,0.5415148138999939,-0.5382895469665527,-1.1190803050994873,-0.6101623177528381,-1.833849310874939,0.8937764167785645,1.0064942836761475,-1.2693777084350586
0.4551758749999989,0.0034223749999999996,133.0,5.062438309684956,1.1287169325368525,1.7269020538968471,0.004319285501729841,-0.0017397099066508502,0.0012430155608866103,0.061694227279702085,-0.2669314444065094,0.16620521247386932,0.24344077706336975,1.8914365768432617,0.5472815036773682,-0.543952226638794,-1.1197571754455566,-0.608392059803009,-1.8411957025527954,0.8961441516876221,1.0164707899093628,-1.270668864250183
0.4551758749999989,0.0034223749999999996,133.0,5.079071878063151,1.1451246175238647,1.7273440070274433,0.0045226401889281445,-0.0018256780755621306,0.0012929426515085334,0.06170619622231739,-0.26566436886787415,0.16687694191932678,0.24469605088233948,1.8949365615844727,0.5546761155128479,-0.5513596534729004,-1.123705506324768,-0.6122848391532898,-1.837803602218628,0.8836715221405029,1.0130404233932495,-1.2702642679214478
0.4551758749999989,0.0034223749999999996,133.0,5.095020447288101,1.1602237111012792,1.7273315973294863,0.004722795570600063,-0.0019116930017480703,0.0013411489494726358,0.06173085620133682,-0.26412662863731384,0.1669999063014984,0.244724303483963,1.8939969539642334,0.5607820749282837,-0.5594165325164795,-1.1249250173568726,-0.6122590899467468,-1.83839750289917,0.8773484230041504,1.0188472270965576,-1.269432783126831
0.4551758749999989,0.0034223749999999996,133.0,5.110258652598109,1.1744383828802605,1.7275842490700002,0.004881214551759112,-0.001979442751700157,0.001371265678189742,0.06174847220286023,-0.2619490921497345,0.16542968153953552,0.24468228220939636,1.8903180360794067,0.5611183047294617,-0.5639691352844238,-1.131929636001587,-0.6127092242240906,-1.830895185470581,0.8655400276184082,1.026143193244934,-1.2653608322143555
0.4551758749999989,0.0034223749999999996,133.0,5.124765011966581,1.1878698116898552,1.727535019684987,0.0050207444727750645,-0.002037816895627371,0.0014006697755701858,0.061780077600878905,-0.25960788130760193,0.16637256741523743,0.24646738171577454,1.8927022218704224,0.5670124292373657,-0.5738909244537354,-1.1355204582214355,-0.6167846322059631,-1.8191946744918823,0.8439767360687256,1.014609932899475,-1.263601303100586
0.4551758749999989,0.0034223749999999996,133.0,5.138438916370758,1.2005378548316998,1.7278493914922808,0.005170849503676375,-0.0021005605392718798,0.0014296488306580013,0.06180552925207489,-0.2568897306919098,0.16448070108890533,0.24530914425849915,1.8854889869689941,0.5673778653144836,-0.5789589881896973,-1.1374348402023315,-0.6143531203269958,-1.8140108585357666,0.8341748714447021,1.0262295007705688,-1.2589292526245117
0.4551758749999989,0.0034223749999999996,133.0,5.150796774966261,1.2130688528227116,1.72863588198149,0.005335733242242452,-0.0021599937456695624,0.0014615491580126487,0.06181762039299686,-0.2557969391345978,0.16523636877536774,0.24555251002311707,1.8860610723495483,0.5787712931632996,-0.587228536605835,-1.1319431066513062,-0.6161440014839172,-1.815719723701477,0.8283874988555908,1.0276408195495605,-1.257753849029541
0.4551758749999989,0.0034223749999999996,133.0,5.162101304638858,1.2253339068864904,1.7296993338374993,0.005504519683204864,-0.0022176952917818582,0.0014986262673657837,0.061823866820861745,-0.2555098235607147,0.1670914739370346,0.24636420607566833,1.8901516199111938,0.5954496264457703,-0.5960147380828857,-1.1228127479553223,-0.6203791499137878,-1.8196297883987427,0.8242580890655518,1.0241731405258179,-1.257613182067871
0.4551758749999989,0.0034223749999999996,133.0,5.1724741945786965,1.2374452124933681,1.7313866272377119,0.005673791446257986,-0.0022678913115191167,0.001529221421178142,0.06181701856697986,-0.25599971413612366,0.17131614685058594,0.2485157549381256,1.900659203529358,0.6165910363197327,-0.606010913848877,-1.110697865486145,-0.6276940703392029,-1.8238365650177002,0.8169620037078857,1.004547357559204,-1.260697603225708
0.4551758749999989,0.0034223749999999996,133.0,5.181992626946589,1.2483314469310536,1.7325998463091883,0.005863081313607338,-0.0023313976188039745,0.0015725049254190896,0.06181910601262803,-0.2563647925853729,0.17630638182163239,0.25288453698158264,1.915717601776123,0.6360909938812256,-0.6163485050201416,-1.1053677797317505,-0.6400981545448303,-1.815730333328247,0.7959489822387695,0.9672800302505493,-1.2630841732025146
0.4551758749999989,0.0034223749999999996,133.0,5.190589087967504,1.259386201201581,1.735291127519914,0.006100071823207712,-0.002464639898910477,0.0016559691832557517,0.061701123555899226,-0.25772181153297424,0.17817223072052002,0.25003376603126526,1.9151626825332642,0.6514134407043457,-0.6185262203216553,-1.0868710279464722,-0.6347032189369202,-1.8390696048736572,0.8196749687194824,0.9816082715988159,-1.2681251764297485
0.4551758749999989,0.0034223749999999996,133.0,5.198226096824598,1.2687877720984733,1.7364423915287712,0.0063876098926927095,-0.00256320192245402,0.0017292090284431005,0.06170245252310404,-0.2588302791118622,0.18107278645038605,0.2504231035709381,1.9216113090515137,0.6732421517372131,-0.6251602172851562,-1.0709145069122314,-0.639977753162384,-1.8491461277008057,0.8235995769500732,0.9773311614990234,-1.2693063020706177
0.4551758749999989,0.0034223749999999996,133.0,5.205193410632654,1.2767474390642384,1.7370498802590235,0.006819636337418433,-0.002727192247010493,0.0018434777432041014,0.06171411897971211,-0.2589856684207916,0.18320776522159576,0.2513384521007538,1.9265682697296143,0.687507688999176,-0.6314871311187744,-1.0623672008514404,-0.6444123387336731,-1.8497854471206665,0.8186743259429932,0.9682604074478149,-1.2697885036468506
0.4551758749999989,0.0034223749999999996,133.0,5.211225466445144,1.2842060409347757,1.7378867651169678,0.007544580411673604,-0.0030035323484068482,0.002033588308404169,0.0617177163151442,-0.25968506932258606,0.18560181558132172,0.2517043650150299,1.9321573972702026,0.7033683061599731,-0.6367611885070801,-1.0512657165527344,-0.6480899453163147,-1.85317063331604,0.8186378479003906,0.9602506756782532,-1.2716846466064453
0.4551758749999989,0.0034223749999999996,133.0,5.216690463274505,1.2900886984545517,1.738490928411268,0.00918170952971324,-0.0036601565290827758,0.0024540493101241905,0.06173004596588324,-0.25916406512260437,0.18726472556591034,0.25385579466819763,1.9393560886383057,0.7106733918190002,-0.6430373191833496,-1.0530942678451538,-0.6527393460273743,-1.8388025760650635,0.7999351024627686,0.9369415044784546,-1.2740898132324219
0.4551758749999989,0.0034223749999999996,133.0,5.221054336249733,1.2944345402416604,1.7391650319350587,0.016978252761934085,-0.006913562423450202,0.004439786348596474,0.061767518960271696,-0.2579067647457123,0.18469491600990295,0.25586041808128357,1.949652910232544,0.7149719595909119,-0.6537337303161621,-1.0705742835998535,-0.6515740752220154,-1.799515724182129,0.7685019969940186,0.9153987765312195,-1.2855067253112793
0.4551758749999989,0.0034223749999999996,133.0,5.250445836294262,-1.1831968779090978,1.5854909665063852,-0.014938836166345235,-0.0006833555529807539,-0.00656521650886831,0.06647823204143599,-0.10126376152038574,0.22865834832191467,-0.04531857371330261,1.2496694326400757,0.6806662082672119,-1.2910165786743164,-0.472564697265625,-0.1129007339477539,-1.1293526887893677,0.7686688899993896,1.3623839616775513,-1.1370666027069092
0.4551758749999989,0.0034223749999999996,133.0,5.245494892504413,-1.177528414144707,1.585544130949809,-0.008041527380310498,-0.00037909658489982334,-0.00359838760709374,0.06644043738470834,-0.1026085913181305,0.2294238805770874,-0.048055678606033325,1.2484219074249268,0.7024555206298828,-1.2817113399505615,-0.4368252754211426,-0.11168617010116577,-1.1268713474273682,0.8001916408538818,1.348005771636963,-1.1369141340255737
0.4551758749999989,0.0034223749999999996,133.0,5.239478106314078,-1.1715995772901207,1.585137979904915,-0.0066078646787529356,-0.0003367814847065806,-0.0029627128719096345,0.06640283732113442,-0.10499680042266846,0.23075740039348602,-0.048914700746536255,1.2541308403015137,0.7073641419410706,-1.2734005451202393,-0.41890275478363037,-0.11539262533187866,-1.1253236532211304,0.8092050552368164,1.3281904458999634,-1.1387404203414917
0.4551758749999989,0.0034223749999999996,133.0,5.232738998041474,-1.1653150265539975,1.5844421574208019,-0.005976620671735632,-0.000344684349160593,-0.0026840549725900306,0.06637119480680334,-0.10684356093406677,0.23118352890014648,-0.05099457502365112,1.257478952407837,0.7108078002929688,-1.2625513076782227,-0.3957694172859192,-0.11688268184661865,-1.1219178438186646,0.8158411979675293,1.3125932216644287,-1.140547752380371
0.4551758749999989,0.0034223749999999996,133.0,5.2249328847815315,-1.1580918347083484,1.5836447115763908,-0.005609979647939092,-0.0003694849119876451,-0.002521903479178549,0.06633216184470106,-0.10904896259307861,0.2313138246536255,-0.05405223369598389,1.26116144657135,0.7152152061462402,-1.2477421760559082,-0.36471277475357056,-0.11844265460968018,-1.1178793907165527,0.8228800296783447,1.2951191663742065,-1.1426739692687988
0.4551758749999989,0.0034223749999999996,133.0,5.215958668140784,-1.1522604185449974,1.5801557848155934,-0.005354540082056808,-0.00043429867511947623,-0.0024084960629893585,0.06637865099734477,-0.10869228839874268,0.22969146072864532,-0.05800655484199524,1.256117582321167,0.7162046432495117,-1.2355012893676758,-0.33250007033348083,-0.11460411548614502,-1.1061619520187378,0.8248069286346436,1.287975788116455,-1.1416711807250977
0.4551758749999989,0.0034223749999999996,133.0,5.206449354552277,-1.143839214801768,1.5788489766101514,-0.005140739027639543,-0.0004837002239086167,-0.002317128973391181,0.06633483766609735,-0.11101400852203369,0.22976721823215485,-0.0612277090549469,1.2597918510437012,0.7205655574798584,-1.2198944091796875,-0.2998718023300171,-0.1164703369140625,-1.1005215644836426,0.830909252166748,1.2698593139648438,-1.1434835195541382
0.4551758749999989,0.0034223749999999996,133.0,5.19624758747519,-1.1342749240764567,1.5779859168464219,-0.004981712003682778,-0.000512009345056822,-0.0022454273151653226,0.06630102380623876,-0.11348822712898254,0.22992411255836487,-0.06451928615570068,1.2634620666503906,0.718165934085846,-1.2052505016326904,-0.26612454652786255,-0.11742305755615234,-1.0915815830230713,0.8385193347930908,1.2441564798355103,-1.1461282968521118
0.4551758749999989,0.0034223749999999996,133.0,5.1850406740373725,-1.1240248210959682,1.5766734603772061,-0.004839424534888108,-0.0005599393295875212,-0.0021819355276036824,0.06625032324440505,-0.1162535548210144,0.22971852123737335,-0.0687347948551178,1.2669730186462402,0.7203571796417236,-1.1861340999603271,-0.22400574386119843,-0.1188536286354065,-1.0824016332626343,0.8462932109832764,1.2191599607467651,-1.1482207775115967
0.4551758749999989,0.0034223749999999996,133.0,5.173044455420799,-1.1130946972736746,1.575477501362744,-0.004695148478617963,-0.0006052259422978783,-0.0021188016540771744,0.0662059814181437,-0.11880409717559814,0.2289157211780548,-0.07393726706504822,1.2688286304473877,0.7233180403709412,-1.1645379066467285,-0.17646953463554382,-0.11886179447174072,-1.0717068910598755,0.8545053005218506,1.1946134567260742,-1.1501516103744507
0.4551758749999989,0.0034223749999999996,133.0,5.1606621210496035,-1.1012534511301042,1.574639489361112,-0.004560116235141094,-0.0006305961407419438,-0.0020577342966160775,0.06618669479412999,-0.119710773229599,0.22801269590854645,-0.07807591557502747,1.266794204711914,0.7186214923858643,-1.1516075134277344,-0.14387719333171844,-0.11518961191177368,-1.057634949684143,0.8606066703796387,1.1748135089874268,-1.1518007516860962
0.4551758749999989,0.0034223749999999996,133.0,5.147585061206383,-1.0886346989143376,1.5738536437845394,-0.0044238142794729655,-0.000647668522266114,-0.001994783275460058,0.06616403677202631,-0.12049052119255066,0.22748109698295593,-0.0813741385936737,1.2655010223388672,0.7202821969985962,-1.1408956050872803,-0.11976499855518341,-0.11292070150375366,-1.0467514991760254,0.8648841381072998,1.1640713214874268,-1.1527818441390991
0.4551758749999989,0.0034223749999999996,133.0,5.134111916542292,-1.0749763110262158,1.5734809336475077,-0.004305222665572977,-0.0006480113748943072,-0.0019378094834818815,0.0661711648110701,-0.12081080675125122,0.227557972073555,-0.08342567086219788,1.2641432285308838,0.7147009372711182,-1.1356315612792969,-0.1058502048254013,-0.11000478267669678,-1.0341007709503174,0.8683538436889648,1.1479668617248535,-1.154212474822998
0.4551758749999989,0.0034223749999999996,133.0,5.120283485456558,-1.0610059979880517,1.573110952379292,-0.004151088165443891,-0.000644893411057606,-0.0018677843412536446,0.06620156608755667,-0.11921557784080505,0.2270834743976593,-0.08519676327705383,1.2585866451263428,0.7100954055786133,-1.1347119808197021,-0.10142649710178375,-0.10404223203659058,-1.0219051837921143,0.867337703704834,1.1418733596801758,-1.1545926332473755
0.4551758749999989,0.0034223749999999996,133.0,5.1050367164224495,-1.045645585923514,1.5727338338263381,-0.00396155471460426,-0.000634558744574682,-0.0017795585649892788,0.06621208211344819,-0.11795830726623535,0.2265719324350357,-0.08744227886199951,1.2535192966461182,0.7053049206733704,-1.131507158279419,-0.09161345660686493,-0.09866970777511597,-1.0088880062103271,0.8665921688079834,1.13116455078125,-1.1548959016799927
0.4551758749999989,0.0034223749999999996,133.0,5.088941513828742,-1.0293629455362987,1.5727212072876002,-0.003785143852360709,-0.0006167675576946004,-0.0016964523149163818,0.06622802362889879,-0.11735635995864868,0.22771678864955902,-0.0873616635799408,1.2530088424682617,0.7003849148750305,-1.1331090927124023,-0.09684227406978607,-0.0973438024520874,-1.0013855695724487,0.8635571002960205,1.1184988021850586,-1.155563473701477
0.4551758749999989,0.0034223749999999996,133.0,5.072070716492937,-1.012768687946613,1.572223470897073,-0.003580674566724521,-0.000612749231882103,-0.0016047196545670773,0.06624681884205048,-0.11660724878311157,0.22650191187858582,-0.09143686294555664,1.2476544380187988,0.6958264112472534,-1.1235182285308838,-0.06969515979290009,-0.0919385552406311,-0.9851917624473572,0.8636269569396973,1.0988762378692627,-1.1557310819625854
0.4551758749999989,0.0034223749999999996,133.0,5.055073055629537,-0.9953548500335327,1.5724572846202114,-0.0033859370390827365,-0.0005847438014705058,-0.0015171526804441113,0.06630918433377832,-0.11321479082107544,0.22596921026706696,-0.09269636869430542,1.2388114929199219,0.6839070320129395,-1.1286020278930664,-0.07356320321559906,-0.083301842212677,-0.9702085256576538,0.8567566871643066,1.090714931488037,-1.1555612087249756
0.4551758749999989,0.0034223749999999996,133.0,5.036211508883144,-0.9764807743573546,1.5725732099865624,-0.0031933342304046983,-0.000551714074406723,-0.00141868319320337,0.0663290680865113,-0.11342108249664307,0.2274487316608429,-0.09316116571426392,1.239762306213379,0.6739856004714966,-1.1269745826721191,-0.06995190680027008,-0.08280068635940552,-0.9584454894065857,0.8542366027832031,1.0639042854309082,-1.1568150520324707
0.4551758749999989,0.0034223749999999996,133.0,5.01671743845258,-0.9574087173440091,1.5722707187286045,-0.0030149448068238992,-0.0005385494737308953,-0.0013356047849860263,0.06636036495794388,-0.11299103498458862,0.2263486385345459,-0.09771490097045898,1.234752893447876,0.669040322303772,-1.1150529384613037,-0.036521099507808685,-0.0776262879371643,-0.9380466938018799,0.854257345199585,1.035983681678772,-1.1570613384246826
0.4551758749999989,0.0034223749999999996,133.0,4.996661701601888,-0.93720557295126,1.5725787808363398,-0.0027821325452097793,-0.000494331901288621,-0.0012317783531142679,0.0664209894835865,-0.11129125952720642,0.226578950881958,-0.09934163093566895,1.2296392917633057,0.6566323637962341,-1.1144776344299316,-0.029932908713817596,-0.07189321517944336,-0.919804573059082,0.8494009971618652,1.0126265287399292,-1.1575965881347656
0.4551758749999989,0.0034223749999999996,133.0,4.974915085581322,-0.9171158498857497,1.5716229952729828,-0.0025479532877236374,-0.0004979218341655448,-0.0011317302049670215,0.06641601170981673,-0.11165443062782288,0.22430731356143951,-0.10632830858230591,1.2239875793457031,0.6617933511734009,-1.0930168628692627,0.027278708294034004,-0.06743866205215454,-0.8951859474182129,0.851402759552002,0.9789191484451294,-1.1566264629364014
0.4551758749999989,0.0034223749999999996,133.0,4.953159584757282,-0.8959004913137709,1.5714464431722903,-0.00232855286537998,-0.00047030255992723974,-0.0010343844420544462,0.0664527877105861,-0.11064818501472473,0.2230122983455658,-0.11078211665153503,1.2174632549285889,0.6568833589553833,-1.0824480056762695,0.05845222994685173,-0.06160682439804077,-0.872581958770752,0.8488450050354004,0.95010906457901,-1.1560149192810059
0.4551758749999989,0.0034223749999999996,133.0,4.930070953192481,-0.873295844445976,1.5714015491749782,-0.0021121624894713657,-0.00043590390030711913,-0.000937837754256896,0.06647938336372404,-0.10949501395225525,0.2230592668056488,-0.1131453812122345,1.2125903367996216,0.6447864770889282,-1.0782780647277832,0.07412388920783997,-0.05650573968887329,-0.851199746131897,0.8441214561462402,0.9186352491378784,-1.1561551094055176
0.4551758749999989,0.0034223749999999996,133.0,4.906320363796347,-0.84910133398206,1.5715998870425358,-0.0019424498592996717,-0.0003996989596843122,-0.0008579014337696481,0.06649202139034618,-0.1083899736404419,0.22383561730384827,-0.11439189314842224,1.2095316648483276,0.6339208483695984,-1.075943946838379,0.08039435744285583,-0.053193628787994385,-0.8335886597633362,0.8367092609405518,0.8904145956039429,-1.156288981437683
0.4551758749999989,0.0034223749999999996,133.0,4.882562970799047,-0.8249303971583487,1.5719855262346563,-0.0017309744102094024,-0.00035590960464530513,-0.0007638600327736013,0.06654861738651092,-0.10612455010414124,0.22433455288410187,-0.11539265513420105,1.2037444114685059,0.6195221543312073,-1.0773038864135742,0.08156391978263855,-0.047175824642181396,-0.8145884871482849,0.8278350830078125,0.8656348586082458,-1.1564167737960815
0.4551758749999989,0.0034223749999999996,133.0,4.857190559145082,-0.8000210984602264,1.571951273193811,-0.001534811265588469,-0.00032608082179346305,-0.0006781588366544673,0.0665755798117081,-0.10426545143127441,0.22404678165912628,-0.11794233322143555,1.196915626525879,0.6068885922431946,-1.0736289024353027,0.09651465713977814,-0.0405200719833374,-0.7918386459350586,0.8207406997680664,0.8355404138565063,-1.1562007665634155
0.4551758749999989,0.0034223749999999996,133.0,4.830984192592417,-0.7747602635844285,1.5715870687027216,-0.0013416336659432036,-0.0003000388439111757,-0.0005921716555916808,0.0665865179819777,-0.10467341542243958,0.22260433435440063,-0.12353304028511047,1.1912469863891602,0.6030769348144531,-1.057154893875122,0.14410805702209473,-0.03639400005340576,-0.7632225155830383,0.8196423053741455,0.7903775572776794,-1.154693603515625
0.4551758749999989,0.0034223749999999996,133.0,4.804033474219241,-0.7483714996468236,1.5714122446476242,-0.0011816417317001952,-0.00027364876893116086,-0.0005211075814686045,0.06661296437863858,-0.10358235239982605,0.22150348126888275,-0.12786802649497986,1.1830103397369385,0.5905279517173767,-1.0472395420074463,0.17789572477340698,-0.029412031173706055,-0.7322790026664734,0.8146922588348389,0.747711718082428,-1.1533957719802856
0.4551758749999989,0.0034223749999999996,133.0,4.7764913820349175,-0.7213728584743799,1.5712969621030164,-0.0010389438930635657,-0.0002484229140728313,-0.0004581505476774453,0.06665309508686486,-0.10250192880630493,0.220337375998497,-0.13235092163085938,1.1740596294403076,0.5771890878677368,-1.0366008281707764,0.21392706036567688,-0.02205735445022583,-0.6988067030906677,0.8094031810760498,0.7023959755897522,-1.1517313718795776
0.4551758749999989,0.0034223749999999996,133.0,4.747803549118809,-0.693277824422037,1.5711310142406891,-0.0008563876767620006,-0.00021187600920010073,-0.000375822576034058,0.06666491423485256,-0.09989681839942932,0.21958595514297485,-0.13544031977653503,1.163550853729248,0.5618413686752319,-1.031482219696045,0.2352139800786972,-0.013318955898284912,-0.6670627593994141,0.7991073131561279,0.6653928756713867,-1.149874210357666
0.4551758749999989,0.0034223749999999996,133.0,4.718089081746708,-0.6646171658148448,1.5709308952392798,-0.0007171389749867007,-0.00018552990449109544,-0.00031433339686223337,0.06667556363046662,-0.10071399807929993,0.21717263758182526,-0.14252102375030518,1.153911828994751,0.5577635169029236,-1.0105102062225342,0.30052241683006287,-0.008177578449249268,-0.6261071562767029,0.7973995208740234,0.6053819060325623,-1.145372986793518
0.4551758749999989,0.0034223749999999996,133.0,4.687701290149325,-0.6350198302360048,1.5708615661621705,-0.0005370220906704239,-0.00014371376293211436,-0.00023532557577846152,0.06669598456469511,-0.10062357783317566,0.215032696723938,-0.14857742190361023,1.1426758766174316,0.5486338138580322,-0.9938204288482666,0.3559074103832245,-0.0018093585968017578,-0.584667980670929,0.79252028465271,0.5475767850875854,-1.140458106994629
0.4551758749999989,0.0034223749999999996,133.0,4.656854975417465,-0.6042619225667187,1.5710425160203365,-0.0003366559787416851,-9.099255566983237e-5,-0.0001475702674175654,0.06674096688952114,-0.09954822063446045,0.2135455459356308,-0.15312406420707703,1.131035327911377,0.5336121916770935,-0.9823815822601318,0.39659059047698975,0.005182385444641113,-0.5452095866203308,0.7836973667144775,0.49356475472450256,-1.1357125043869019
0.4551758749999989,0.0034223749999999996,133.0,4.625097032113529,-0.5728218863856664,1.5712982747241049,-0.00015699993076322624,-4.316121465622566e-5,-6.892903083221181e-5,0.06678110272402966,-0.0965384840965271,0.2129765748977661,-0.1555369794368744,1.1188640594482422,0.5154653787612915,-0.9785599708557129,0.4155829846858978,0.01322200894355774,-0.5111183524131775,0.768211841583252,0.45118916034698486,-1.131464958190918
0.4551758749999989,0.0034223749999999996,133.0,4.592321249256566,-0.5411280272665328,1.5716680965745695,1.73460113875925e-5,4.929697201711079e-6,7.637981681676134e-6,0.0668136740231782,-0.09412944316864014,0.21202056109905243,-0.15875941514968872,1.1058651208877563,0.4976990818977356,-0.9715499877929688,0.44343018531799316,0.02122199535369873,-0.4749469459056854,0.7540581226348877,0.40249815583229065,-1.1263625621795654
0.4551758749999989,0.0034223749999999996,133.0,4.558708614442796,-0.5085363244171296,1.571869530185963,0.00019121676402974254,5.589189371535568e-5,8.432456304187055e-5,0.06683810882080671,-0.09292784333229065,0.20848749577999115,-0.1653614640235901,1.0882809162139893,0.48918968439102173,-0.956214427947998,0.5044533014297485,0.029225021600723267,-0.4270968437194824,0.7437186241149902,0.34319961071014404,-1.1168091297149658
0.4551758749999989,0.0034223749999999996,133.0,4.523988915398233,-0.4744369102587792,1.5717968290103186,0.00037882586964498754,0.00011275007366156126,0.00016742415428506853,0.06685392250467556,-0.09143584966659546,0.20624129474163055,-0.17006638646125793,1.071893572807312,0.4709300696849823,-0.94415283203125,0.5507765412330627,0.03700721263885498,-0.3800055980682373,0.730269193649292,0.2834378182888031,-1.108099102973938
0.4551758749999989,0.0034223749999999996,133.0,4.488573671762012,-0.4396120972708481,1.5722484903556364,0.000525918298614626,0.00015816877544524543,0.0002326846227468327,0.0668768590121211,-0.0901898443698883,0.20616459846496582,-0.17233359813690186,1.0603418350219727,0.4512379765510559,-0.9340252876281738,0.5760917663574219,0.0421467125415802,-0.3443353772163391,0.714285135269165,0.22985568642616272,-1.1014710664749146
0.4551758749999989,0.0034223749999999996,133.0,4.452259820404053,-0.4041550024282287,1.57246850174487,0.0006908645064891779,0.00021214110355812657,0.0003065833321884905,0.06689093375210473,-0.08882150053977966,0.2040504515171051,-0.17656856775283813,1.0432215929031372,0.4324505031108856,-0.9215664863586426,0.619418740272522,0.049551576375961304,-0.2987716794013977,0.6993114948272705,0.171827495098114,-1.0916348695755005
0.4551758749999989,0.0034223749999999996,133.0,4.415185451877931,-0.36797198868493536,1.5728261023836247,0.0008658165945843204,0.0002708064573863111,0.0003855940442409621,0.0669075798636403,-0.08745908737182617,0.20184464752674103,-0.18072539567947388,1.0247727632522583,0.41246068477630615,-0.9082925319671631,0.6638475060462952,0.056978315114974976,-0.2512606978416443,0.6832611560821533,0.11253803223371506,-1.0804774761199951
0.4551758749999989,0.0034223749999999996,133.0,4.377168396672598,-0.33097963103814215,1.5732429811824957,0.0010634655862522913,0.0003386857970902747,0.0004768419529212611,0.06692135276842796,-0.08609557151794434,0.19938206672668457,-0.18494585156440735,1.0043288469314575,0.3910628855228424,-0.8936123847961426,0.710888683795929,0.06465619802474976,-0.20060589909553528,0.6660408973693848,0.05197849124670029,-1.0675618648529053
0.4551758749999989,0.0034223749999999996,133.0,4.338299513013285,-0.2930733789554971,1.573648861635389,0.0012512009758571358,0.00040575904217518387,0.0005627282760391704,0.06691792828320277,-0.08466750383377075,0.1965913623571396,-0.18918249011039734,0.9816757440567017,0.3680080473423004,-0.8776094913482666,0.7605763077735901,0.0725400447845459,-0.14589740335941315,0.6470324993133545,-0.009522628039121628,-1.0526366233825684
0.4551758749999989,0.0034223749999999996,133.0,4.298461555721932,-0.25474759451060613,1.5745207501133462,0.0013701936124966084,0.00045331151171706897,0.0006210219878329127,0.06692421921126342,-0.0845487117767334,0.19443762302398682,-0.19306680560112,0.9590662717819214,0.3440845012664795,-0.8562877178192139,0.8119757771492004,0.07871177792549133,-0.09010297060012817,0.6288340091705322,-0.0764140710234642,-1.0359809398651123
0.4551758749999989,0.0034223749999999996,133.0,4.258095310803537,-0.21566315338330164,1.5751496013833604,0.0015213887887533003,0.0005122443527694471,0.0006979289025266378,0.0669380586235733,-0.08322975039482117,0.18956229090690613,-0.1983634978532791,0.9277647137641907,0.3223216235637665,-0.8364987373352051,0.8780964612960815,0.08809059858322144,-0.021493637934327126,0.6073174476623535,-0.13828235864639282,-1.013959288597107
0.4551758749999989,0.0034223749999999996,133.0,4.216286661975858,-0.17469058449672162,1.5751987659507225,0.001668978158343524,0.0005693614631237466,0.0007756391332337931,0.06691880678439201,-0.08087122440338135,0.18638871610164642,-0.20141378045082092,0.899795651435852,0.29082030057907104,-0.8183205127716064,0.9235300421714783,0.09571143984794617,0.042059946805238724,0.5797338485717773,-0.19572369754314423,-0.9934380054473877
0.4551758749999989,0.0034223749999999996,133.0,4.174442885408443,-0.1329176493076664,1.57913891364363,0.0018021728458977723,0.0006145104625416054,0.0008642371871022783,0.0668779288767286,-0.08060908317565918,0.18008624017238617,-0.2068617045879364,0.8594363331794739,0.27067112922668457,-0.7918219566345215,1.000431776046753,0.10660448670387268,0.11983808875083923,0.5581550598144531,-0.24999570846557617,-0.963901698589325
0.4551758749999989,0.0034223749999999996,133.0,4.129414591917742,-0.09015097910598513,1.5797266788383222,0.0018948543858129123,0.00066996218471736,0.000923591920871918,0.0667754224741354,-0.08238235116004944,0.17978693544864655,-0.20799440145492554,0.847686231136322,0.2535043954849243,-0.7750170230865479,1.0238159894943237,0.10473069548606873,0.15580084919929504,0.5478057861328125,-0.2926591634750366,-0.9501299858093262
0.4551758749999989,0.0034223749999999996,133.0,4.078732804523674,-0.03976804520057664,1.579828690951502,0.0018527162798807203,0.0005438454432193577,0.001042898635525268,0.06661493320017027,-0.08627468347549438,0.20150063931941986,-0.19189971685409546,0.9485629796981812,0.2779388725757599,-0.8407943248748779,0.7660282850265503,0.07340797781944275,-0.14374810457229614,0.6329586505889893,-0.1430511772632599,-1.0198568105697632
0.4551758749999989,0.0034223749999999996,133.0,4.01794708129749,0.020774613610572604,1.5791769340125639,0.0016965603832270518,-4.309286916033599e-5,0.001245966991472797,0.06582353385153947,-0.11721643805503845,0.22553259134292603,-0.1211424469947815,1.048964023590088,0.4407324492931366,-0.7861344814300537,0.08024507761001587,0.05035778880119324,-1.158132553100586,1.0380704402923584,0.5031892657279968,-1.095447063446045
0.4551758749999989,0.0034223749999999996,133.0,3.9397079931698666,0.03833105641108656,1.5797780934602756,0.00010332150997277805,6.261167995197199e-6,7.704957615941383e-5,0.06451945445672956,-0.24880769848823547,0.0929931178689003,-0.008442193269729614,1.3110876083374023,0.4173518419265747,-0.11137533187866211,0.09423494338989258,-0.29675495624542236,-1.3449442386627197,1.4046297073364258,0.8423083424568176,-1.009480595588684
0.4551758749999989,0.0034223749999999996,133.0,3.959590377820228,0.07555255021974727,1.6022462704023654,-0.0018325580601963804,0.0001649397202707029,-0.001302672115611414,0.06264856993379878,-0.2771369516849518,0.09587284177541733,0.05131581425666809,1.3998228311538696,0.36251962184906006,-0.09614109992980957,-0.21328862011432648,-0.37511610984802246,-1.5147888660430908,1.4877676963806152,0.9634031057357788,-1.0174435377120972
0.4551758749999989,0.0034223749999999996,133.0,3.9759911521560967,0.1266909542047632,1.6345296580012265,-0.0022412497869574344,0.000722267597679253,-0.00126488886536302,0.06066268522707394,-0.3243022859096527,0.09166606515645981,0.13412120938301086,1.4826421737670898,-0.009449495002627373,-0.004749298095703125,-0.7225849032402039,-0.40920478105545044,-1.532615065574646,1.527662754058838,1.1667470932006836,-1.062878131866455
0.4551758749999989,0.0034223749999999996,133.0,4.013821278160772,0.17439362543201245,1.6455696328181646,-0.002289061648649999,0.0007926147600431115,-0.0011760739132767471,0.060225920842692016,-0.34135040640830994,0.09340732544660568,0.1808117926120758,1.5808600187301636,-0.14850513637065887,0.017085552215576172,-0.9262838363647461,-0.41841715574264526,-1.4863156080245972,1.4385488033294678,1.1762603521347046,-1.150416374206543
0.4551758749999989,0.0034223749999999996,133.0,4.058285600805718,0.21917406101027193,1.651359532585132,-0.002174768749730074,0.000753268134906729,-0.0010724137222985642,0.06020665646686299,-0.33841589093208313,0.10478349030017853,0.19164231419563293,1.6316591501235962,-0.059707120060920715,-0.025327444076538086,-0.927793562412262,-0.43757539987564087,-1.5529521703720093,1.393049716949463,1.0959124565124512,-1.1816496849060059
0.4551758749999989,0.0034223749999999996,133.0,4.102863918115742,0.26154158947856604,1.6559104081057074,-0.001996446142855826,0.000692986342455459,-0.0009497286297147735,0.06027452054161394,-0.33503100275993347,0.11182721704244614,0.19640234112739563,1.6586854457855225,0.003965538926422596,-0.06124305725097656,-0.924184262752533,-0.4488731026649475,-1.6102638244628906,1.3666670322418213,1.06058669090271,-1.1972219944000244
0.4551758749999989,0.0034223749999999996,133.0,4.1468022760202885,0.3018727630446248,1.658786502734708,-0.0017696949453251448,0.0006136006744696231,-0.0008195440620366416,0.060420414987616605,-0.3290157616138458,0.11280889064073563,0.20203331112861633,1.6796408891677856,0.03145778179168701,-0.09302163124084473,-0.9526685476303101,-0.4680177569389343,-1.6190519332885742,1.310936450958252,1.0583851337432861,-1.1987968683242798
0.4551758749999989,0.0034223749999999996,133.0,4.189887416098742,0.34193739265487505,1.6611415381458376,-0.0016639000156583974,0.0005745073594418813,-0.0007566370084643631,0.06054438727740528,-0.32513418793678284,0.11594104021787643,0.2043447196483612,1.6930712461471558,0.06785592436790466,-0.12133026123046875,-0.9555992484092712,-0.47625529766082764,-1.6506880521774292,1.2879853248596191,1.0532375574111938,-1.2039471864700317
0.4551758749999989,0.0034223749999999996,133.0,4.232325543530644,0.3817044155869148,1.6640117688942206,-0.001424123350881001,0.0004922460974699516,-0.0006335638037438559,0.06060942652337735,-0.32256171107292175,0.11935196071863174,0.20325961709022522,1.698136329650879,0.09602534025907516,-0.14224505424499512,-0.9483824968338013,-0.47335314750671387,-1.6943405866622925,1.2874701023101807,1.058179497718811,-1.2120535373687744
0.4551758749999989,0.0034223749999999996,133.0,4.273814569529202,0.42063598260216534,1.6670408706010666,-0.001241528787791146,0.0004280786271617804,-0.0005366053593131963,0.06067767799885816,-0.3191191852092743,0.12240723520517349,0.2056804597377777,1.712242841720581,0.13009113073349,-0.16850638389587402,-0.9532577991485596,-0.4827359914779663,-1.7180923223495483,1.2645530700683594,1.0544626712799072,-1.216733455657959
0.4551758749999989,0.0034223749999999996,133.0,4.314428563070298,0.45874039037213155,1.6701799418963985,-0.0010097327398312455,0.00034954143611608826,-0.0004254529027914245,0.06075587130191271,-0.315327912569046,0.1282886266708374,0.21179541945457458,1.7399468421936035,0.17765399813652039,-0.20060491561889648,-0.9636996388435364,-0.500662624835968,-1.7335717678070068,1.2231934070587158,1.021858811378479,-1.2262725830078125
0.4551758749999989,0.0034223749999999996,133.0,4.354074117182553,0.4956734615668249,1.672594951938612,-0.000802841754810596,0.0002796540233172356,-0.0003319138499129293,0.060835698934465644,-0.31174007058143616,0.1306087225675583,0.2136637270450592,1.7510288953781128,0.2075149118900299,-0.22554636001586914,-0.9689766764640808,-0.5091137290000916,-1.7516348361968994,1.2008297443389893,1.0225045680999756,-1.2289085388183594
0.4551758749999989,0.0034223749999999996,133.0,4.392849175154648,0.5319061213259105,1.675023473221792,-0.000606730083320214,0.00021165458589060882,-0.0002450685887156692,0.06089863874366337,-0.30850455164909363,0.13301311433315277,0.21557477116584778,1.7620195150375366,0.23553098738193512,-0.24892210960388184,-0.9741446375846863,-0.5172038674354553,-1.7667152881622314,1.1799187660217285,1.0217472314834595,-1.2318130731582642
0.4551758749999989,0.0034223749999999996,133.0,4.43062368188327,0.5673322578455635,1.6772995421764232,-0.00041715140093519866,0.0001458693480302336,-0.0001649712725109129,0.060954749093545334,-0.30556103587150574,0.1354227215051651,0.21749809384346008,1.772821068763733,0.26224711537361145,-0.2708401679992676,-0.9795511960983276,-0.5251569151878357,-1.7797305583953857,1.1603505611419678,1.020313024520874,-1.234666347503662
0.4551758749999989,0.0034223749999999996,133.0,4.467450255834085,0.6018000487166432,1.6796792507230358,-0.00023382452825412107,8.243178512760958e-5,-9.092981747626238e-5,0.061004258397557166,-0.30358991026878357,0.1369665414094925,0.21614184975624084,1.7736307382583618,0.2757258117198944,-0.28466033935546875,-0.9786672592163086,-0.5216856598854065,-1.8025673627853394,1.162259817123413,1.0347628593444824,-1.2391365766525269
0.4551758749999989,0.0034223749999999996,133.0,4.503132101962715,0.6352770685290021,1.6816241931972156,-6.967024928233734e-5,2.465832420534673e-5,-2.66322049758682e-5,0.06107130099757596,-0.3007848560810089,0.14162923395633698,0.22204145789146423,1.7962857484817505,0.30632632970809937,-0.30936503410339355,-0.9937460422515869,-0.5375975966453552,-1.8011690378189087,1.1242966651916504,1.0054458379745483,-1.245656132698059
0.4551758749999989,0.0034223749999999996,133.0,4.537753504832523,0.6675422512807176,1.683075948143522,0.00015032949232542933,-5.366918118544812e-5,5.6665091824803987e-5,0.06110823501122524,-0.29848363995552063,0.1422146111726761,0.22208425402641296,1.7987258434295654,0.31448638439178467,-0.32169198989868164,-1.003483772277832,-0.5379837155342102,-1.810518503189087,1.115473985671997,1.0161752700805664,-1.2478129863739014
0.4551758749999989,0.0034223749999999996,133.0,4.572727555332173,0.6971183299324077,1.683487818032538,0.0003543901267679284,-0.00012667851117275167,0.0001301492924374975,0.06128388077082112,-0.29458364844322205,0.1413068175315857,0.22296330332756042,1.7999048233032227,0.3220289647579193,-0.3389601707458496,-1.0183690786361694,-0.5421367287635803,-1.8080546855926514,1.0934534072875977,1.0294910669326782,-1.2449100017547607
0.4551758749999989,0.0034223749999999996,133.0,4.605827438778759,0.7283271688432877,1.6857617499937316,0.0005605436052060321,-0.00020144094985413412,0.00020184757342654763,0.06131687198565439,-0.29278096556663513,0.1437494158744812,0.22492370009422302,1.809876561164856,0.34278765320777893,-0.3554112911224365,-1.0240347385406494,-0.5489553809165955,-1.8144375085830688,1.078855037689209,1.024623155593872,-1.248056411743164
0.4551758749999989,0.0034223749999999996,133.0,4.638134276186138,0.758816540784689,1.6877282564982488,0.0008048877457682259,-0.0002908222616929806,0.00028529896600364114,0.06132623853004485,-0.2908075749874115,0.14562520384788513,0.2235468327999115,1.8103022575378418,0.3541855812072754,-0.36711955070495605,-1.024267315864563,-0.5441340804100037,-1.831742286682129,1.0798368453979492,1.0336278676986694,-1.253488302230835
0.4551758749999989,0.0034223749999999996,133.0,4.669613236866349,0.788971273912194,1.6904843743265108,0.0009802746169601867,-0.00035478583200051914,0.0003399993335964091,0.06134201302660652,-0.28916963934898376,0.149591863155365,0.22622796893119812,1.8243366479873657,0.3852747082710266,-0.3865649700164795,-1.0251593589782715,-0.5542462468147278,-1.8392665386199951,1.0630121231079102,1.019888162612915,-1.2573657035827637
0.4551758749999989,0.0034223749999999996,133.0,4.700186370026363,0.8179093286465315,1.6931940699705232,0.0012061145850743979,-0.00043692913549459196,0.000406282213758583,0.06133783195995469,-0.28697291016578674,0.1535818725824356,0.23059317469596863,1.8408124446868896,0.41036561131477356,-0.40585780143737793,-1.0347806215286255,-0.5667309165000916,-1.8337438106536865,1.0330274105072021,0.9948832988739014,-1.2611863613128662
0.4551758749999989,0.0034223749999999996,133.0,4.7298952370878835,0.8454685651493596,1.6948380532494802,0.0013765808805822264,-0.0005018851061220083,0.00045730204748502745,0.06138894838481064,-0.28427430987358093,0.15585514903068542,0.23376068472862244,1.8514575958251953,0.4287625253200531,-0.4231894016265869,-1.0453369617462158,-0.5764346718788147,-1.8275172710418701,1.0053997039794922,0.9817647933959961,-1.2620394229888916
0.4551758749999989,0.0034223749999999996,133.0,4.75867829198715,0.8720741289683495,1.6964413890814207,0.0015670466389371977,-0.0005755087413497523,0.0005136924640552494,0.061419930593939895,-0.28219011425971985,0.15583345293998718,0.23283544182777405,1.849585771560669,0.4362545907497406,-0.43319225311279297,-1.0498228073120117,-0.5744590163230896,-1.835240364074707,1.0023820400238037,0.9970650672912598,-1.2623097896575928
0.4551758749999989,0.0034223749999999996,133.0,4.786535403966917,0.8983152451741666,1.6983009733957894,0.0017957528383305687,-0.0006622585571877921,0.0005814685209634624,0.06144886241109307,-0.2809238135814667,0.15812821686267853,0.23401781916618347,1.8570677042007446,0.45871689915657043,-0.44832682609558105,-1.0485097169876099,-0.5802759528160095,-1.8427612781524658,0.9937114715576172,0.9966082572937012,-1.2640290260314941
0.4551758749999989,0.0034223749999999996,133.0,4.8135803660918475,0.9231334094198265,1.699889970809559,0.0020294843780376518,-0.0007520429675304856,0.000644406731227859,0.06146673426238988,-0.2790139615535736,0.15799662470817566,0.23409155011177063,1.8573931455612183,0.464225709438324,-0.45722007751464844,-1.0561800003051758,-0.5807501673698425,-1.8439128398895264,0.98531174659729,1.0060820579528809,-1.2639764547348022
0.4551758749999989,0.0034223749999999996,133.0,4.839635648488851,0.9472271962110644,1.7015316977612502,0.002285888489791897,-0.0008539603805562728,0.0007157778980859308,0.061504295198033986,-0.277165025472641,0.15987780690193176,0.23679247498512268,1.8661812543869019,0.47602128982543945,-0.46981382369995117,-1.0658925771713257,-0.5878549218177795,-1.8370503187179565,0.9636745452880859,0.9942125082015991,-1.2655823230743408
0.4551758749999989,0.0034223749999999996,133.0,4.86482930716467,0.9705415591233238,1.7030877790300085,0.0024773049946371153,-0.000928706053943286,0.00076423511802163,0.06152713717239795,-0.2757128179073334,0.15992024540901184,0.23663410544395447,1.8662086725234985,0.4818972945213318,-0.47762465476989746,-1.0713104009628296,-0.5876252055168152,-1.840672492980957,0.9593627452850342,1.0042842626571655,-1.265949010848999
0.4551758749999989,0.0034223749999999996,133.0,4.889273994372985,0.9927413122351763,1.704725437718181,0.002720150384769279,-0.0010245348336410374,0.00082576744222238,0.06155641718967896,-0.27437177300453186,0.16075891256332397,0.23803529143333435,1.8709746599197388,0.4942050278186798,-0.48834705352783203,-1.0768766403198242,-0.5927616953849792,-1.8396711349487305,0.947659969329834,1.0049445629119873,-1.2655956745147705
0.4551758749999989,0.0034223749999999996,133.0,4.912638959585893,1.0146517114507183,1.7062821355450402,0.0029631037765564462,-0.0011264897922852526,0.0008912826724126813,0.061583519799941054,-0.2732371389865875,0.16303373873233795,0.2393072545528412,1.877485752105713,0.5080861449241638,-0.4995744228363037,-1.0786106586456299,-0.596459686756134,-1.8422214984893799,0.9377427101135254,0.9991775751113892,-1.2684191465377808
0.4551758749999989,0.0034223749999999996,133.0,4.935017229844444,1.0353787965829182,1.7072986882894752,0.0032190816043936904,-0.001234272835920915,0.0009597812805483297,0.06161017593789193,-0.27175870537757874,0.16191065311431885,0.23810002207756042,1.8732203245162964,0.5073515176773071,-0.5040390491485596,-1.0856654644012451,-0.5925503373146057,-1.8460462093353271,0.9379913806915283,1.0165506601333618,-1.26822829246521
0.4551758749999989,0.0034223749999999996,133.0,4.956466864930795,1.0549939526420222,1.7080552200726633,0.0034742518832762245,-0.001344238152825731,0.001025709854741701,0.061653496767167894,-0.270170658826828,0.16284295916557312,0.2400883138179779,1.8786358833312988,0.5176461935043335,-0.5147881507873535,-1.0927902460098267,-0.5985965132713318,-1.8399248123168945,0.9211256504058838,1.0116418600082397,-1.267563819885254
0.4551758749999989,0.0034223749999999996,133.0,4.976705187081882,1.0746327944845242,1.7093933588131487,0.0036659119685639348,-0.0014408441662734231,0.001080800050178232,0.06168781014147316,-0.2693420946598053,0.16401906311511993,0.24046161770820618,1.8810197114944458,0.5232236385345459,-0.5213649272918701,-1.096861720085144,-0.5983745455741882,-1.843009352684021,0.9175333976745605,1.0123108625411987,-1.270220160484314
0.4551758749999989,0.0034223749999999996,133.0,4.995856084290101,1.0939237123179661,1.7107730306208335,0.0038885304457638805,-0.0015401511800093933,0.001142073257725367,0.06171364870834444,-0.2691480219364166,0.1658274084329605,0.2415417730808258,1.8872345685958862,0.5393133163452148,-0.5304319858551025,-1.0949530601501465,-0.6033055186271667,-1.8483022451400757,0.9136819839477539,1.011224627494812,-1.271526575088501
0.4551758749999989,0.0034223749999999996,133.0,5.014633315321576,1.1109610910102334,1.7107168374441093,0.004082021278695027,-0.001629875627129269,0.0011889869337937755,0.06174227558349928,-0.2670997679233551,0.16464973986148834,0.24210450053215027,1.885454535484314,0.5343954563140869,-0.5348777770996094,-1.1092337369918823,-0.6027628779411316,-1.8408267498016357,0.9006791114807129,1.0162160396575928,-1.2703287601470947
0.4551758749999989,0.0034223749999999996,133.0,5.032105417753546,1.1284821863779544,1.7116186864129967,0.004314295896200891,-0.0017246844988014986,0.0012462727690554787,0.06175214743802487,-0.2663654386997223,0.16555698215961456,0.24286875128746033,1.8882945775985718,0.5392486453056335,-0.5406703948974609,-1.1140352487564087,-0.603646457195282,-1.841978669166565,0.8950901031494141,1.0152339935302734,-1.2723076343536377
0.4551758749999989,0.0034223749999999996,133.0,5.048787800806215,1.144762764202381,1.712052143179168,0.00451693852362691,-0.0018109709334694717,0.0012958745013993695,0.06176537708981435,-0.2650519907474518,0.16616062819957733,0.24412992596626282,1.8916915655136108,0.5465863943099976,-0.5481970310211182,-1.1182713508605957,-0.6075785756111145,-1.8383787870407104,0.882390022277832,1.012115240097046,-1.2717621326446533
0.4551758749999989,0.0034223749999999996,133.0,5.064786302363806,1.1597681232651027,1.7120006719501448,0.0047158813920575035,-0.0018964093171049562,0.001344565730590707,0.06179455985467277,-0.2634592354297638,0.16621439158916473,0.24414238333702087,1.8905797004699707,0.5526371002197266,-0.5564327239990234,-1.1195285320281982,-0.6075649857521057,-1.838788390159607,0.8759117126464844,1.0183449983596802,-1.2707475423812866
0.4551758749999989,0.0034223749999999996,133.0,5.080058742814578,1.1739209020580057,1.7122233319383475,0.00487338061694309,-0.001963857982971965,0.001375088526178086,0.06181502354273574,-0.2612398564815521,0.16459551453590393,0.24408695101737976,1.8867928981781006,0.5529835224151611,-0.5611646175384521,-1.1265509128570557,-0.6080489754676819,-1.831194281578064,0.8639817237854004,1.0260459184646606,-1.2665367126464844
0.4551758749999989,0.0034223749999999996,133.0,5.094562425841519,1.1873762604742983,1.7122007384752695,0.005012734817908029,-0.0020216160704167813,0.001404713395555109,0.06184671987285296,-0.2586643397808075,0.1651117503643036,0.24561867117881775,1.8879626989364624,0.5563787817955017,-0.5700552463531494,-1.1318050622940063,-0.6111803650856018,-1.818231463432312,0.8419163227081299,1.015604853630066,-1.264513373374939
0.4551758749999989,0.0034223749999999996,133.0,5.108221392302546,1.2000796499766737,1.7125455601951687,0.005162805228544873,-0.002083942415999888,0.0014338605621755313,0.061871152783301034,-0.25622573494911194,0.16372185945510864,0.24474385380744934,1.8822898864746094,0.5595322847366333,-0.5762393474578857,-1.1319596767425537,-0.6098138689994812,-1.8145779371261597,0.8327999114990234,1.0257811546325684,-1.2603070735931396
0.4551758749999989,0.0034223749999999996,133.0,5.120586228765032,1.2125737855575893,1.7133013278338889,0.005327126005674337,-0.0021430679357686416,0.0014660008101679512,0.061884213621778206,-0.25493231415748596,0.16437683999538422,0.2455231249332428,1.883679747581482,0.5698522925376892,-0.5842998027801514,-1.1288862228393555,-0.6128988862037659,-1.8123434782028198,0.8225743770599365,1.0234334468841553,-1.2586135864257812
0.4551758749999989,0.0034223749999999996,133.0,5.131889360905939,1.2248357866898225,1.71437360039754,0.005495725536568097,-0.0022004034063429095,0.0015029889487516376,0.06189006914778626,-0.25482508540153503,0.16632986068725586,0.2458096444606781,1.8869574069976807,0.5876927375793457,-0.593407392501831,-1.117443561553955,-0.6158233284950256,-1.8202122449874878,0.8228418827056885,1.0236543416976929,-1.2590129375457764
0.4551758749999989,0.0034223749999999996,133.0,5.14226791502073,1.2369214969121822,1.71604844962558,0.005664602287439748,-0.002250390355804512,0.0015335153485126747,0.06188346155894275,-0.25530120730400085,0.17055603861808777,0.24797800183296204,1.8974822759628296,0.6089265942573547,-0.6034643650054932,-1.1054545640945435,-0.6231200098991394,-1.8244028091430664,0.8154547214508057,1.0038774013519287,-1.2621338367462158
0.4551758749999989,0.0034223749999999996,133.0,5.151787012700196,1.2477965287977053,1.7172512252533698,0.005853494305211543,-0.0023135032564541988,0.0015769864170808454,0.0618855602144413,-0.2556596100330353,0.17555835843086243,0.25237205624580383,1.912603735923767,0.628595232963562,-0.613896369934082,-1.100268840789795,-0.6355296969413757,-1.8163018226623535,0.7943413257598877,0.9664428234100342,-1.2645773887634277
0.4551758749999989,0.0034223749999999996,133.0,5.160387531989143,1.258846384108688,1.7199484717274702,0.006090101176589652,-0.002446285811529572,0.0016606255247795805,0.06176706413452027,-0.2570136487483978,0.1774391084909439,0.249515563249588,1.912016749382019,0.643904447555542,-0.6160013675689697,-1.0817612409591675,-0.6300742030143738,-1.8396273851394653,0.8180882930755615,0.9805532693862915,-1.2696466445922852
0.4551758749999989,0.0034223749999999996,133.0,5.168029892101378,1.268235992656483,1.7210932933416387,0.0063771040391302335,-0.0025442162469371953,0.0017339337327771025,0.06176839302327588,-0.2581094801425934,0.18035151064395905,0.24991217255592346,1.9184463024139404,0.6658118963241577,-0.6226444244384766,-1.0658925771713257,-0.6353113055229187,-1.8496595621109009,0.8219528198242188,0.976069450378418,-1.2708470821380615
0.4551758749999989,0.0034223749999999996,133.0,5.174997983211222,1.2761886848405997,1.7217044659172975,0.006808480928926462,-0.0027070643522000785,0.0018483640162966777,0.061779772469306764,-0.2582620084285736,0.18249879777431488,0.25083860754966736,1.9234272241592407,0.6801466941833496,-0.6289865970611572,-1.0574387311935425,-0.6397350430488586,-1.8502700328826904,0.8169889450073242,0.9668209552764893,-1.2713642120361328
0.4551758749999989,0.0034223749999999996,133.0,5.18103173580793,1.2836428857408306,1.7225434047449757,0.007532267286799623,-0.0029814873498059877,0.0020387906257357414,0.06178314915416246,-0.2589549124240875,0.18490760028362274,0.2512066066265106,1.9290083646774292,0.6960898041725159,-0.634253740310669,-1.0463998317718506,-0.64337557554245,-1.853614330291748,0.816910982131958,0.9586087465286255,-1.2732875347137451
0.4551758749999989,0.0034223749999999996,133.0,5.186497110935722,1.2895177434181495,1.723137582959877,0.009166589357047818,-0.0036335647323513754,0.0024605736016478736,0.061795583812595874,-0.2584303319454193,0.18656893074512482,0.25336840748786926,1.9362142086029053,0.7034940719604492,-0.6405820846557617,-1.0483793020248413,-0.6480206847190857,-1.8392287492752075,0.7981438636779785,0.9352741837501526,-1.2757036685943604
0.4551758749999989,0.0034223749999999996,133.0,5.19086380804283,1.293870752450949,1.7238031272904955,0.016950178415929044,-0.006865332388324609,0.004452748805966174,0.061832875931954766,-0.2571825087070465,0.1839912086725235,0.2553708851337433,1.9464142322540283,0.7079132795333862,-0.651273250579834,-1.0663127899169922,-0.6467823386192322,-1.7998883724212646,0.7666614055633545,0.9137498736381531,-1.2870938777923584
0.4551758749999989,0.0034223749999999996,133.0,5.219808770038977,-1.184014317524086,1.5710804858758376,-0.014922981882315979,-0.0007546263676672791,-0.006555096665894459,0.06650965452353534,-0.098806232213974,0.22671081125736237,-0.04940450191497803,1.2409429550170898,0.6713989973068237,-1.282632827758789,-0.4423183500766754,-0.10302245616912842,-1.1112124919891357,0.7658627033233643,1.3453867435455322,-1.1383720636367798
0.4551758749999989,0.0034223749999999996,133.0,5.2148652536068605,-1.1783532895319875,1.571139956347003,-0.008033183160115248,-0.0004170518657457841,-0.0035922557102893355,0.06647209051271198,-0.10052314400672913,0.2281671017408371,-0.05096060037612915,1.2417881488800049,0.6922297477722168,-1.2762515544891357,-0.41393178701400757,-0.10385257005691528,-1.1095951795578003,0.7968554496765137,1.3286443948745728,-1.1381640434265137
0.4551758749999989,0.0034223749999999996,133.0,5.208860711781027,-1.1724338365489049,1.5707345310965588,-0.006600819913532284,-0.0003678067018122759,-0.002957474074875339,0.0664351607992553,-0.1029076874256134,0.2295060008764267,-0.05181211233139038,1.2474067211151123,0.697037398815155,-1.2680344581604004,-0.3962942659854889,-0.10753035545349121,-1.1079682111740112,0.8058242797851562,1.3086882829666138,-1.1399286985397339
0.4551758749999989,0.0034223749999999996,133.0,5.202127651897506,-1.1661487264737254,1.5700505350025806,-0.005970089764664606,-0.00037213330743672183,-0.002679020601458411,0.06640413614268705,-0.10476323962211609,0.22993533313274384,-0.053883641958236694,1.2507236003875732,0.7005101442337036,-1.2572565078735352,-0.3733680844306946,-0.10903465747833252,-1.1044890880584717,0.8124139308929443,1.2928900718688965,-1.141688346862793
0.4551758749999989,0.0034223749999999996,133.0,5.194331534222414,-1.158930641503857,1.5692599642144789,-0.00560361602712038,-0.0003949485445107012,-0.002516927703432773,0.06636581922775274,-0.10697171092033386,0.23006503283977509,-0.056925028562545776,1.2543532848358154,0.7049924731254578,-1.2425663471221924,-0.34259137511253357,-0.11060768365859985,-1.1003217697143555,0.8193597793579102,1.275188684463501,-1.143747329711914
0.4551758749999989,0.0034223749999999996,133.0,5.185355073034796,-1.1530885380784335,1.5657954430569994,-0.005348284652774891,-0.0004577185906039811,-0.002403227055794422,0.0664128862427698,-0.1066364049911499,0.22843770682811737,-0.0608697235584259,1.2493855953216553,0.7061127424240112,-1.2303557395935059,-0.310414582490921,-0.10686516761779785,-1.0884710550308228,0.821274995803833,1.2676359415054321,-1.1427216529846191
0.4551758749999989,0.0034223749999999996,133.0,5.175856216098293,-1.1446723572183348,1.5644963901223226,-0.005134460204710252,-0.0005059166172209986,-0.002311741320892631,0.06636981600232449,-0.10895735025405884,0.22850991785526276,-0.06408119201660156,1.2529901266098022,0.7105315923690796,-1.2148716449737549,-0.2779911756515503,-0.1087309718132019,-1.0826297998428345,0.8272781372070312,1.2492308616638184,-1.1444637775421143
0.4551758749999989,0.0034223749999999996,133.0,5.165670857473281,-1.1351034130857791,1.5636601998484427,-0.0049754165205280285,-0.0005323085384657863,-0.0022398814979261296,0.06633759102899926,-0.11144834756851196,0.2286739945411682,-0.06736522912979126,1.256616473197937,0.7082358002662659,-1.2003159523010254,-0.24443332850933075,-0.109713613986969,-1.073513150215149,0.8348038196563721,1.2231487035751343,-1.1470332145690918
0.4551758749999989,0.0034223749999999996,133.0,5.154466360188457,-1.1248605529545679,1.562354349883425,-0.004833023369111182,-0.0005796576079295014,-0.0021763115106716753,0.06628754970876768,-0.11420774459838867,0.22845663130283356,-0.07157903909683228,1.260009527206421,0.7105271220207214,-1.1813251972198486,-0.20246575772762299,-0.1111263632774353,-1.064031720161438,0.8424465656280518,1.197774887084961,-1.1490236520767212
0.4551758749999989,0.0034223749999999996,133.0,5.142485500753243,-1.1139384952319555,1.5611745131748382,-0.004688587929408495,-0.0006238893244325764,-0.0021130811336723125,0.06624469782194688,-0.1167655885219574,0.227650448679924,-0.07675564289093018,1.2618001699447632,0.713644802570343,-1.1599228382110596,-0.1552479863166809,-0.11116975545883179,-1.053118109703064,0.8505408763885498,1.1728687286376953,-1.1508522033691406
0.4551758749999989,0.0034223749999999996,133.0,5.1301077730757125,-1.102099616130921,1.5603544174642716,-0.0045535139312735794,-0.0006482699269017334,-0.0020519791718379412,0.06622659467304082,-0.11767211556434631,0.22673259675502777,-0.08090850710868835,1.2596828937530518,0.7090134024620056,-1.1470329761505127,-0.12250345945358276,-0.10751891136169434,-1.0387173891067505,0.8565402030944824,1.152587890625,-1.1523962020874023
0.4551758749999989,0.0034223749999999996,133.0,5.117034671137715,-1.0894886751300248,1.559585870090736,-0.004417103836207474,-0.0006645383665943016,-0.001989151852363426,0.06620524818940152,-0.11845025420188904,0.22619026899337769,-0.08421114087104797,1.258337378501892,0.7106750011444092,-1.13639235496521,-0.09830673038959503,-0.1052808165550232,-1.0276001691818237,0.8607263565063477,1.14150869846344,-1.153291940689087
0.4551758749999989,0.0034223749999999996,133.0,5.103562820276694,-1.07581574993402,1.5592465669993198,-0.004298566841012063,-0.0006631945325175123,-0.0019322689983044946,0.0662140655474023,-0.11878475546836853,0.22626642882823944,-0.0862760841846466,1.256943702697754,0.7050657868385315,-1.131096363067627,-0.08420760929584503,-0.10240066051483154,-1.0147751569747925,0.8641140460968018,1.1250513792037964,-1.1546499729156494
0.4551758749999989,0.0034223749999999996,133.0,5.08972765743724,-1.0618857705306088,1.5588778729045094,-0.004144207578572206,-0.0006604211852675471,-0.0018626870297603398,0.06624535032191864,-0.11715838313102722,0.22577036917209625,-0.0880521833896637,1.2512948513031006,0.7003770470619202,-1.130239486694336,-0.0796627402305603,-0.09643387794494629,-1.0024223327636719,0.8629460334777832,1.1188273429870605,-1.1549431085586548
0.4551758749999989,0.0034223749999999996,133.0,5.0744632788102075,-1.0465498645596953,1.5585119217537857,-0.003954570609759294,-0.0006498179877355287,-0.0017749385417328999,0.06625693584274081,-0.11588969826698303,0.22523783147335052,-0.09030967950820923,1.2461588382720947,0.6955604553222656,-1.1270439624786377,-0.06966906785964966,-0.09105867147445679,-0.989219605922699,0.8621020317077637,1.1079000234603882,-1.1551796197891235
0.4551758749999989,0.0034223749999999996,133.0,5.058360669563693,-1.03027503072109,1.558532902578297,-0.0037782291277399654,-0.0006308645815771887,-0.001692225730383848,0.06627426881636046,-0.11529019474983215,0.22637835144996643,-0.09025558829307556,1.245583415031433,0.6905295848846436,-1.1285438537597656,-0.07457840442657471,-0.08970928192138672,-0.9815073609352112,0.8590264320373535,1.0949007272720337,-1.1558046340942383
0.4551758749999989,0.0034223749999999996,133.0,5.041466938102436,-1.0136496174153162,1.558108508145265,-0.00357410797471939,-0.0006244420435000726,-0.0016007428759554007,0.06629443439480195,-0.11402285099029541,0.22432130575180054,-0.09543365240097046,1.2376643419265747,0.6864904761314392,-1.1172192096710205,-0.040538232773542404,-0.08214765787124634,-0.9624753594398499,0.8594210147857666,1.0758204460144043,-1.1556514501571655
0.4551758749999989,0.0034223749999999996,133.0,5.024398219657346,-0.9962383872778109,1.5584402109978965,-0.0033849077833864876,-0.0005818485972263988,-0.0015059926926880396,0.0663610848282224,-0.11126121878623962,0.2246381640434265,-0.09563753008842468,1.2315597534179688,0.6742526888847351,-1.1237223148345947,-0.05045727640390396,-0.07585901021957397,-0.9501779079437256,0.8524813652038574,1.0656839609146118,-1.1557753086090088
0.4551758749999989,0.0034223749999999996,133.0,5.005467988746485,-0.97738006040284,1.558535978229171,-0.0031899622641752634,-0.0005523134116811455,-0.0014121811286910478,0.06638120309609338,-0.11142230033874512,0.2260650098323822,-0.09617027640342712,1.2322461605072021,0.6642970442771912,-1.121945858001709,-0.046317074447870255,-0.07522547245025635,-0.9379578232765198,0.8497350215911865,1.0385816097259521,-1.1569023132324219
0.4551758749999989,0.0034223749999999996,133.0,4.985943776427383,-0.9583304048475054,1.5582202097061415,-0.0030096494223106757,-0.000542576146285384,-0.0013328263354988336,0.06641242464585606,-0.11094194650650024,0.2248927354812622,-0.1007876992225647,1.226917028427124,0.6593507528305054,-1.1099743843078613,-0.01214137114584446,-0.06994569301605225,-0.9166911244392395,0.8495156764984131,1.0098570585250854,-1.1569346189498901
0.4551758749999989,0.0034223749999999996,133.0,4.965908006471645,-0.9381110784564686,1.558576730220779,-0.002776796735883036,-0.000498114317366539,-0.0012303089537105266,0.06647268759148378,-0.10927510261535645,0.22513869404792786,-0.10237324237823486,1.2218612432479858,0.6469647288322449,-1.1094050407409668,-0.005664784461259842,-0.06435137987136841,-0.8985249400138855,0.8445241451263428,0.986259937286377,-1.1573853492736816
0.4551758749999989,0.0034223749999999996,133.0,4.944229734463159,-0.9180060207903251,1.5576758994652142,-0.0025429969798217086,-0.0004994120914724266,-0.0011303948637693723,0.06647153911580621,-0.10879942774772644,0.22308999300003052,-0.10837608575820923,1.2150466442108154,0.6483466625213623,-1.0928642749786377,0.040867045521736145,-0.05880534648895264,-0.8742767572402954,0.8442285060882568,0.9559005498886108,-1.1563054323196411
0.4551758749999989,0.0034223749999999996,133.0,4.922392161545295,-0.8967681336494114,1.5574724006646667,-0.0023243847369420513,-0.00047260704497404,-0.0010331582405224316,0.06650176894148356,-0.10866126418113708,0.2215263992547989,-0.11374130845069885,1.2094608545303345,0.6475059986114502,-1.077735185623169,0.08251756429672241,-0.05420571565628052,-0.8508403301239014,0.8436183929443359,0.9228948950767517,-1.1554303169250488
0.4551758749999989,0.0034223749999999996,133.0,4.899475733179192,-0.8742371936762292,1.5574056271163403,-0.002108787242927671,-0.0004396255246118481,-0.0009358413299195682,0.06652371855870866,-0.10746592283248901,0.22159123420715332,-0.11598923802375793,1.2044625282287598,0.6351913809776306,-1.0739209651947021,0.09746527671813965,-0.04917877912521362,-0.8293469548225403,0.8385553359985352,0.8915113806724548,-1.1553661823272705
0.4551758749999989,0.0034223749999999996,133.0,4.875600274499436,-0.8499794088224518,1.557583510146177,-0.0019393212377993377,-0.00040206385840384267,-0.0008567704916002935,0.06653548729456046,-0.10636991262435913,0.2222939282655716,-0.1173349916934967,1.201200246810913,0.6244628429412842,-1.0712709426879883,0.10464631021022797,-0.045821428298950195,-0.811440646648407,0.8310904502868652,0.8628972768783569,-1.1553462743759155
0.4551758749999989,0.0034223749999999996,133.0,4.851858281379393,-0.825801615964452,1.558001201180023,-0.0017282562699583546,-0.00035737733711540745,-0.0007629081703021897,0.06659272241359818,-0.10413411259651184,0.22278589010238647,-0.11834385991096497,1.195375919342041,0.6100356578826904,-1.0724823474884033,0.1061544418334961,-0.039884984493255615,-0.792346715927124,0.822167158126831,0.8377195000648499,-1.1553525924682617
0.4551758749999989,0.0034223749999999996,133.0,4.826459412294261,-0.8009060340011638,1.5579512010208907,-0.001532404077393113,-0.00032755616538256903,-0.0006774037152900247,0.0666180424416931,-0.10225990414619446,0.22246181964874268,-0.12088760733604431,1.1883800029754639,0.597430408000946,-1.0688352584838867,0.12121672928333282,-0.03325575590133667,-0.7694675922393799,0.8148593902587891,0.8074499368667603,-1.1549437046051025
0.4551758749999989,0.0034223749999999996,133.0,4.800242913687799,-0.7756411428717266,1.5576067830471014,-0.0013395367023663423,-0.00030109783589375743,-0.0005915568061425884,0.06662903344372913,-0.1026701033115387,0.22099027037620544,-0.12645962834358215,1.1824305057525635,0.5936936736106873,-1.0525074005126953,0.16882818937301636,-0.029131650924682617,-0.7404001951217651,0.8135218620300293,0.7616724371910095,-1.1531472206115723
0.4551758749999989,0.0034223749999999996,133.0,4.773274855905718,-0.7492402150689468,1.5574440529142988,-0.0011798414261661653,-0.0002742916837939973,-0.0005206602154469619,0.06665474289493188,-0.10158446431159973,0.2198578119277954,-0.1307835578918457,1.1739592552185059,0.5812203288078308,-1.0426135063171387,0.20276734232902527,-0.022202491760253906,-0.7091296911239624,0.8083107471466064,0.7185412645339966,-1.151559829711914
0.4551758749999989,0.0034223749999999996,133.0,4.74572957118457,-0.7222340482158597,1.557339979640755,-0.0010373723849839828,-0.0002487862708098011,-0.00045780811328403285,0.06669504803429815,-0.10050410032272339,0.21866363286972046,-0.13524135947227478,1.16474449634552,0.5679094791412354,-1.0320312976837158,0.23883774876594543,-0.014901220798492432,-0.6753506660461426,0.8027007579803467,0.6728161573410034,-1.1495753526687622
0.4551758749999989,0.0034223749999999996,133.0,4.717025473271964,-0.694151462772461,1.5571883289397326,-0.0008549728512253859,-0.00021230017682552713,-0.0003757720397514365,0.06670629278177075,-0.09789639711380005,0.21788005530834198,-0.13831600546836853,1.1540164947509766,0.5525137782096863,-1.0268805027008057,0.2603004276752472,-0.006234228610992432,-0.6434141397476196,0.792107343673706,0.6354727745056152,-1.147425651550293
0.4551758749999989,0.0034223749999999996,133.0,4.687314247394148,-0.6654744670330051,1.5570160635752568,-0.0007160336650951278,-0.00018553593023649473,-0.00031427478729430204,0.06671730253299922,-0.0987108051776886,0.21544109284877777,-0.14533588290214539,1.143926978111267,0.5484297871589661,-1.0061671733856201,0.32535460591316223,-0.0010926127433776855,-0.6018909811973572,0.7899775505065918,0.5749041438102722,-1.14246666431427
0.4551758749999989,0.0034223749999999996,133.0,4.6569037273946705,-0.6358233190127691,1.5569085471638504,-0.0005362301313962118,-0.00014367270672033076,-0.0002352946693624918,0.06673614588858745,-0.09859025478363037,0.2132309228181839,-0.15136078000068665,1.1321587562561035,0.5392575263977051,-0.9896693229675293,0.3808242976665497,0.005276620388031006,-0.5596489906311035,0.7845890522003174,0.5166508555412292,-1.1370184421539307
0.4551758749999989,0.0034223749999999996,133.0,4.626056966639893,-0.6050709366016218,1.5571387921426283,-0.00033619677436688667,-9.075617867893989e-5,-0.00014761348422434188,0.06678049534089253,-0.09753432869911194,0.21174165606498718,-0.15584412217140198,1.1202139854431152,0.5242099761962891,-0.9782671928405762,0.42131027579307556,0.012195587158203125,-0.5199700593948364,0.7754111289978027,0.4622766971588135,-1.1318901777267456
0.4551758749999989,0.0034223749999999996,133.0,4.594303685514743,-0.5737536709587698,1.557475374830791,-0.0001567594193394629,-4.303079785421752e-5,-6.897583045794992e-5,0.06682402995456042,-0.09453937411308289,0.2111901193857193,-0.1581893265247345,1.1078548431396484,0.5059879422187805,-0.9744093418121338,0.43993863463401794,0.02017688751220703,-0.48619911074638367,0.7596797943115234,0.4198516607284546,-1.1273913383483887
0.4551758749999989,0.0034223749999999996,133.0,4.561495477209388,-0.5419433438613586,1.5577705336371093,1.732232742179599e-5,4.914304251510869e-6,7.643445766153144e-6,0.06685245409709788,-0.09210696816444397,0.2101133167743683,-0.16145125031471252,1.0942481756210327,0.4880025088787079,-0.967238187789917,0.46885162591934204,0.02814161777496338,-0.44882485270500183,0.7450599670410156,0.3703922927379608,-1.1216449737548828
0.4551758749999989,0.0034223749999999996,133.0,4.527873517324068,-0.5093443444879562,1.5579781237519852,0.0001909552688387929,5.569276266129262e-5,8.440995762483694e-5,0.06687663511193742,-0.09089478850364685,0.20654146373271942,-0.16795563697814941,1.0760828256607056,0.47923848032951355,-0.9521744251251221,0.5295478105545044,0.03617966175079346,-0.40034979581832886,0.7342221736907959,0.3108258843421936,-1.1115387678146362
0.4551758749999989,0.0034223749999999996,133.0,4.4931399678040895,-0.47523823781835844,1.5579348975213874,0.00037832080232022157,0.00011219918989213778,0.0001676666144786407,0.06689253585615128,-0.08942246437072754,0.2043030560016632,-0.17253419756889343,1.0593634843826294,0.4608762264251709,-0.9402635097503662,0.5750820636749268,0.04387110471725464,-0.3532705307006836,0.7203538417816162,0.2512440085411072,-1.1024022102355957
0.4551758749999989,0.0034223749999999996,133.0,4.4576560611163,-0.44032739455089087,1.5582769307055582,0.0005252239438125412,0.00015765481907333673,0.00023309527886294592,0.06690983942951588,-0.08812126517295837,0.20410877466201782,-0.17480427026748657,1.0471844673156738,0.4410231411457062,-0.9300928115844727,0.6008263826370239,0.048988014459609985,-0.31665390729904175,0.7037968635559082,0.1975158005952835,-1.0951273441314697
0.4551758749999989,0.0034223749999999996,133.0,4.421357504479033,-0.40492964324700453,1.5585789608453744,0.0006899277493488573,0.00021110717621392532,0.00030727448697174587,0.06692643648333772,-0.08677735924720764,0.20202894508838654,-0.17890778183937073,1.029674768447876,0.42202624678611755,-0.9176077842712402,0.6433914303779602,0.0563330352306366,-0.2711285352706909,0.6884255409240723,0.13961948454380035,-1.0848368406295776
0.4551758749999989,0.0034223749999999996,133.0,4.384252744075305,-0.3687130245883344,1.5589113213089827,0.0008646790534956647,0.00026947119371809817,0.0003865977268084824,0.06694058644808111,-0.08539947867393494,0.1997728943824768,-0.18297091126441956,1.0106288194656372,0.40174391865730286,-0.9043421745300293,0.6875524520874023,0.06371751427650452,-0.22296491265296936,0.6718158721923828,0.08040615171194077,-1.0730385780334473
0.4551758749999989,0.0034223749999999996,133.0,4.3462502461688075,-0.33176459068854985,1.5593984720751797,0.0010620665185399204,0.00033646412781165733,0.0004783516879692139,0.06695582887939641,-0.08405119180679321,0.1973392814397812,-0.1870364546775818,0.9897218346595764,0.3800102472305298,-0.8895723819732666,0.7336665987968445,0.07132723927497864,-0.1722579002380371,0.6541259288787842,0.020216627046465874,-1.0595875978469849
0.4551758749999989,0.0034223749999999996,133.0,4.307371474835064,-0.2938342311076595,1.559777530567766,0.0012495872658106419,0.0004029992150321872,0.000564729399278903,0.06695075752464665,-0.08259743452072144,0.1945113092660904,-0.1911279410123825,0.966468095779419,0.35653766989707947,-0.8735642433166504,0.7826226949691772,0.07914179563522339,-0.1169743463397026,0.6344828605651855,-0.0407821424305439,-1.0439932346343994
0.4551758749999989,0.0034223749999999996,133.0,4.267511500248826,-0.2555132008153022,1.560653338957918,0.0013684440747679869,0.000450183856504854,0.0006234828727392554,0.06695512254534695,-0.08244669437408447,0.19234926998615265,-0.19484670460224152,0.9432093501091003,0.33218449354171753,-0.8520495891571045,0.8329361081123352,0.085293710231781,-0.060775697231292725,0.6156668663024902,-0.1068427562713623,-1.026669979095459
0.4551758749999989,0.0034223749999999996,133.0,4.227116907121082,-0.21637496287729235,1.5612708157254156,0.0015196501668808839,0.0005083041602910187,0.0007008715667743434,0.06696644475952235,-0.08111116290092468,0.18745003640651703,-0.19990184903144836,0.9112550020217896,0.30982884764671326,-0.8321642875671387,0.897697925567627,0.09462633728981018,0.008420118130743504,0.5934712886810303,-0.16752029955387115,-1.0039499998092651
0.4551758749999989,0.0034223749999999996,133.0,4.185300697424589,-0.1754036779002864,1.5613369469619751,0.0016670814894769455,0.0005643156516347634,0.0007794555313179724,0.06694638994804263,-0.07876160740852356,0.18429100513458252,-0.20274406671524048,0.8829072117805481,0.27803167700767517,-0.8136425018310547,0.9416869878768921,0.1020488440990448,0.0718834176659584,0.5654308795928955,-0.2236742228269577,-0.9828546643257141
0.4551758749999989,0.0034223749999999996,133.0,4.1434336500471325,-0.13355662709826327,1.5652325662576514,0.0018004349534257043,0.0006086859800385504,0.0008684371774221935,0.06690130976803348,-0.0784507691860199,0.1779547929763794,-0.20781438052654266,0.8419138193130493,0.2571212649345398,-0.7867898941040039,1.0162965059280396,0.11293473839759827,0.15023566782474518,0.5431220531463623,-0.27542048692703247,-0.9526809453964233
0.4551758749999989,0.0034223749999999996,133.0,4.098368516164457,-0.09078215417277291,1.5658421717863868,0.0018930223128089858,0.0006636103600654636,0.0009285731134309463,0.06679654076560365,-0.08037132024765015,0.17781485617160797,-0.208779439330101,0.8307714462280273,0.2407258301973343,-0.7696356773376465,1.0376365184783936,0.11063027381896973,0.1852775365114212,0.5334689617156982,-0.3163558542728424,-0.9390917420387268
0.4551758749999989,0.0034223749999999996,133.0,4.047570250388647,-0.04041592460612924,1.565842421724456,0.001850101519271882,0.0005430528050124839,0.001047183148025356,0.06662042922106409,-0.08517834544181824,0.19823335111141205,-0.19026684761047363,0.9287489652633667,0.2738446891307831,-0.8174343109130859,0.7553602457046509,0.0848839282989502,-0.20628364384174347,0.6594493389129639,-0.10726495087146759,-1.011297345161438
0.4551758749999989,0.0034223749999999996,133.0,3.9865918752457254,0.02029100619205224,1.564925274720048,0.0016939699469391153,-4.066992222814198e-5,0.0012520475486274528,0.06580052261052981,-0.1128072440624237,0.22322151064872742,-0.13359081745147705,1.030705213546753,0.41855406761169434,-0.7841758728027344,0.17089392244815826,0.056860536336898804,-1.0630149841308594,1.0028443336486816,0.42982879281044006,-1.0840572118759155
0.4551758749999989,0.0034223749999999996,133.0,3.908741663724726,0.03832838747691969,1.5645593289240491,0.00010321992653915978,7.08872961434239e-6,7.714616633369425e-5,0.0645146689825089,-0.24701669812202454,0.09091897308826447,-0.012821018695831299,1.2842057943344116,0.39628222584724426,-0.10452008247375488,0.12152053415775299,-0.28584814071655273,-1.3077847957611084,1.40651273727417,0.8347175121307373,-0.9936766028404236
0.4551758749999989,0.0034223749999999996,133.0,3.928857451671462,0.07574484723309374,1.5870767315793408,-0.0018307802640130445,0.0001530767559146286,-0.0013047950294579485,0.06266321478127945,-0.2736957371234894,0.09728170186281204,0.03931546211242676,1.3907470703125,0.3851323127746582,-0.08742833137512207,-0.1257103681564331,-0.35934048891067505,-1.4860363006591797,1.4872698783874512,0.9026944041252136,-1.024756908416748
0.4551758749999989,0.0034223749999999996,133.0,3.945342618787088,0.12714437240998502,1.6193050493713574,-0.0022413743837394044,0.0007137146233585325,-0.0012672029817079081,0.060675137518675835,-0.32487753033638,0.08972027152776718,0.13368955254554749,1.4742954969406128,-0.030487723648548126,0.004000186920166016,-0.718902051448822,-0.40285634994506836,-1.517303228378296,1.5301415920257568,1.1750001907348633,-1.0609854459762573
0.4551758749999989,0.0034223749999999996,133.0,3.9832061470436217,0.17499344435152409,1.6301654038313436,-0.002288424401265281,0.0007850332419284601,-0.0011789639393949202,0.06024269225713764,-0.341879278421402,0.09177500754594803,0.1799023449420929,1.5736366510391235,-0.1669764667749405,0.02635645866394043,-0.9216766953468323,-0.41263580322265625,-1.4727129936218262,1.4411444664001465,1.1851664781570435,-1.1490837335586548
0.4551758749999989,0.0034223749999999996,133.0,4.027703008249118,0.21974170371704407,1.635809654623776,-0.0021735355427602077,0.0007453873199910269,-0.001075828456449847,0.060229646011410516,-0.33842912316322327,0.10295355319976807,0.190339595079422,1.623361587524414,-0.07634034752845764,-0.017542362213134766,-0.920982301235199,-0.43154358863830566,-1.5411311388015747,1.3945741653442383,1.1061062812805176,-1.179495096206665
0.4551758749999989,0.0034223749999999996,133.0,4.072276628498149,0.2620601945631559,1.640287184107068,-0.001995157846811396,0.000685459388005423,-0.0009532699108217882,0.06029918937161215,-0.3350682556629181,0.11018901318311691,0.19529417157173157,1.6511191129684448,-0.011736905202269554,-0.053333282470703125,-0.9176297783851624,-0.4425499439239502,-1.6003360748291016,1.3679285049438477,1.0678027868270874,-1.1960811614990234
0.4551758749999989,0.0034223749999999996,133.0,4.116182141042023,0.3024123564089034,1.64315670527816,-0.0017686667009577314,0.0006068094836019594,-0.0008226044750661664,0.06044537773722603,-0.32947829365730286,0.11252883821725845,0.2005077302455902,1.6729656457901,0.028455641120672226,-0.0882716178894043,-0.9358398914337158,-0.46096110343933105,-1.6214449405670166,1.3197007179260254,1.0592255592346191,-1.199306845664978
0.4551758749999989,0.0034223749999999996,133.0,4.159278808768073,0.3424273197174357,1.6454937758487411,-0.001662970975224069,0.0005679367189982662,-0.0007592703373196924,0.0605716528306154,-0.32506468892097473,0.11447996646165848,0.20333215594291687,1.6863830089569092,0.054033733904361725,-0.1143796443939209,-0.9485899209976196,-0.4701772928237915,-1.6435866355895996,1.2887117862701416,1.0589901208877563,-1.2034282684326172
0.4551758749999989,0.0034223749999999996,133.0,4.20169941167064,0.38215684068147004,1.64836241649939,-0.0014233252228021938,0.0004866201754790199,-0.0006357238839770286,0.060638030687136905,-0.32246872782707214,0.11799192428588867,0.20224884152412415,1.691502571105957,0.0826357752084732,-0.13533401489257812,-0.9413717985153198,-0.46719080209732056,-1.6882559061050415,1.2883210182189941,1.0628057718276978,-1.2116674184799194
0.4551758749999989,0.0034223749999999996,133.0,4.243159647210738,0.4210682871722001,1.651374143711144,-0.0012408786611759477,0.00042310149791299897,-0.0005384568603698523,0.06070680489765177,-0.3189966380596161,0.12111708521842957,0.20469239354133606,1.7058496475219727,0.11731409281492233,-0.16187834739685059,-0.9461596608161926,-0.47659802436828613,-1.7131253480911255,1.2653987407684326,1.0585373640060425,-1.2165589332580566
0.4551758749999989,0.0034223749999999996,133.0,4.283775820787048,0.45910908556338553,1.6544491171367186,-0.0010090462687758286,0.00034545752928957687,-0.0004270808230741044,0.060788479137809624,-0.3151186406612396,0.1270093321800232,0.21084055304527283,1.7338160276412964,0.16561359167099,-0.19441461563110352,-0.9566517472267151,-0.4946058392524719,-1.7295631170272827,1.2237269878387451,1.025552749633789,-1.2262777090072632
0.4551758749999989,0.0034223749999999996,133.0,4.323406947541729,0.4960220441763964,1.656856015334618,-0.0008023062336087969,0.00027642449699067994,-0.00033321839398665947,0.06086839122615408,-0.31148532032966614,0.1294030249118805,0.21276012063026428,1.7452336549758911,0.19610580801963806,-0.21960973739624023,-0.9621602892875671,-0.5032139420509338,-1.7485471963882446,1.2010877132415771,1.0255887508392334,-1.2290868759155273
0.4551758749999989,0.0034223749999999996,133.0,4.362134290342472,0.5322236451271277,1.6591582675585996,-0.0006061803949668212,0.00020919479617080656,-0.0002462671098956601,0.06093451986954159,-0.30817750096321106,0.13179607689380646,0.21460893750190735,1.7561203241348267,0.22456447780132294,-0.24337100982666016,-0.9669879078865051,-0.5112149119377136,-1.7644990682601929,1.180309772491455,1.025099754333496,-1.2319793701171875
0.4551758749999989,0.0034223749999999996,133.0,4.399903945284115,0.5676651751493633,1.6615195424969156,-0.000416849137018715,0.0001442019792094518,-0.00016567197677680407,0.06098931598995497,-0.30525150895118713,0.13431140780448914,0.2166168987751007,1.7673715353012085,0.2515851855278015,-0.2653496265411377,-0.9726356863975525,-0.519340455532074,-1.7779433727264404,1.1605534553527832,1.0227930545806885,-1.2351014614105225
0.4551758749999989,0.0034223749999999996,133.0,4.436744099118347,0.6020976955694867,1.663885481143943,-0.0002336346257580632,8.148199646954405e-5,-9.130958864908461e-5,0.06104263546069974,-0.3032420575618744,0.13588303327560425,0.21527227759361267,1.7682547569274902,0.26519834995269775,-0.2793455123901367,-0.9717352390289307,-0.5159371495246887,-1.8010423183441162,1.1622951030731201,1.0370081663131714,-1.2395741939544678
0.4551758749999989,0.0034223749999999996,133.0,4.4723884201644255,0.6355566477943625,1.6657537337858372,-6.960504660517361e-5,2.4377297286227052e-5,-2.6758218056881603e-5,0.06111128961866579,-0.30038687586784363,0.1405467391014099,0.22115734219551086,1.7910065650939941,0.29622307419776917,-0.30435943603515625,-0.9867343902587891,-0.5318438410758972,-1.8002341985702515,1.1243336200714111,1.0077530145645142,-1.2461974620819092
0.4551758749999989,0.0034223749999999996,133.0,4.507007426362225,0.6677905812498278,1.6671974506300118,0.00015018342491335986,-5.305765326601332e-5,5.6936859548779095e-5,0.0611500044162899,-0.2980636656284332,0.1411602795124054,0.2212068736553192,1.7935428619384766,0.30449095368385315,-0.31683969497680664,-0.9964773654937744,-0.5322862267494202,-1.8098357915878296,1.1154422760009766,1.0183818340301514,-1.248392105102539
0.4551758749999989,0.0034223749999999996,133.0,4.541980702517927,0.6973664750743302,1.6676275518717913,0.0003540480518120494,-0.0001252217085977102,0.00013076768450920217,0.06132723552539966,-0.2941531240940094,0.14029668271541595,0.2221105992794037,1.794929027557373,0.3122267723083496,-0.3342912197113037,-1.011348843574524,-0.5365648865699768,-1.8076077699661255,1.093355417251587,1.031482458114624,-1.2455674409866333
0.4551758749999989,0.0034223749999999996,133.0,4.575089600666123,0.7285426714792921,1.6698974500436818,0.0005599930789672492,-0.00019913607035664104,0.00020278530392361376,0.061361941285613134,-0.2923222482204437,0.14275498688220978,0.22408190369606018,1.804994821548462,0.3331729471683502,-0.3509056568145752,-1.0171033143997192,-0.5434272885322571,-1.814205288887024,1.078657865524292,1.0264700651168823,-1.248762845993042
0.4551758749999989,0.0034223749999999996,133.0,4.607410012245211,0.7589994181391331,1.6718843370317698,0.0008041358376598495,-0.00028746986270087644,0.00028656947782313737,0.06137194918818248,-0.29032304883003235,0.14465847611427307,0.22270497679710388,1.8054803609848022,0.34471195936203003,-0.362701416015625,-1.0172969102859497,-0.5386407971382141,-1.8316489458084106,1.0795624256134033,1.0351951122283936,-1.254218339920044
0.4551758749999989,0.0034223749999999996,133.0,4.638909129632578,0.7890986069548425,1.6746400027174242,0.0009793458212171704,-0.0003506821711253321,0.00034145453314095373,0.06138959482187705,-0.28865060210227966,0.14863473176956177,0.22541561722755432,1.8196442127227783,0.37598180770874023,-0.38230085372924805,-1.0183961391448975,-0.5488124489784241,-1.8392645120620728,1.06251859664917,1.021131992340088,-1.2581621408462524
0.4551758749999989,0.0034223749999999996,133.0,4.669445979189796,0.8180323240320982,1.6774509338358008,0.0012037734248129402,-0.0004334472049139568,0.00040923969552534683,0.06139096858701511,-0.28651002049446106,0.1527106612920761,0.22985419631004333,1.8365505933761597,0.4011988937854767,-0.4014780521392822,-1.0284329652786255,-0.5614177584648132,-1.8340113162994385,1.0325677394866943,0.9953519105911255,-1.2622885704040527
0.4551758749999989,0.0034223749999999996,133.0,4.699191709082139,0.8455265667180216,1.6789540740295792,0.0013751739671575341,-0.0004962810021409074,0.0004593682725524966,0.06143836669576452,-0.2837027609348297,0.15491005778312683,0.2329954206943512,1.8470488786697388,0.41990891098976135,-0.41933369636535645,-1.038857340812683,-0.571142852306366,-1.8278197050094604,1.0046207904815674,0.9827980995178223,-1.2629772424697876
0.4551758749999989,0.0034223749999999996,133.0,4.727981919829178,0.8721223558727281,1.680537253562349,0.0015653127548887647,-0.0005690551020094406,0.0005160993991640661,0.061472082645993104,-0.2815993130207062,0.1548975259065628,0.2320825755596161,1.845255732536316,0.4274437427520752,-0.4294581413269043,-1.0433287620544434,-0.5692359805107117,-1.835600733757019,1.0014941692352295,0.9980556964874268,-1.2632564306259155
0.4551758749999989,0.0034223749999999996,133.0,4.755864112821332,0.8983162490062299,1.6823450138479468,0.0017935229566992282,-0.0006546575622699238,0.0005843254903349841,0.061505362292848455,-0.28028354048728943,0.15716886520385742,0.23328307271003723,1.852725625038147,0.44995665550231934,-0.4447817802429199,-1.0421885251998901,-0.5750991702079773,-1.8430441617965698,0.9925768375396729,0.9975767135620117,-1.2649177312850952
0.4551758749999989,0.0034223749999999996,133.0,4.782860249460366,0.9231974900779749,1.6840082304758246,0.0020273894846920934,-0.0007434730583898386,0.0006474880370438662,0.061519079104224,-0.27843615412712097,0.1571231484413147,0.23339858651161194,1.8533525466918945,0.455475389957428,-0.45351719856262207,-1.0499926805496216,-0.575626790523529,-1.8443763256072998,0.9843342304229736,1.0064671039581299,-1.265108346939087
0.4551758749999989,0.0034223749999999996,133.0,4.808918696651626,0.9472531388238671,1.6856153471501538,0.0022833672042983414,-0.000844398725946936,0.0007192465093259361,0.06155858486268607,-0.27653494477272034,0.15897125005722046,0.23608693480491638,1.8620760440826416,0.46731898188591003,-0.46631383895874023,-1.0597606897354126,-0.5827283263206482,-1.8374528884887695,0.9625294208526611,0.9947959184646606,-1.2666540145874023
0.4551758749999989,0.0034223749999999996,133.0,4.834083474501651,0.9705916483493492,1.6871225303127604,0.002474571960481706,-0.0009180973928691826,0.0007682419712819237,0.061581995214535626,-0.2750621736049652,0.1590082049369812,0.23587700724601746,1.8619883060455322,0.47322261333465576,-0.4742574691772461,-1.0648788213729858,-0.5823833346366882,-1.8412967920303345,0.9584324359893799,1.0051970481872559,-1.2670235633850098
0.4551758749999989,0.0034223749999999996,133.0,4.858453246483869,0.9928680123495709,1.6889090217407494,0.0027153109971441657,-0.0010165505632669766,0.0008314683528767252,0.06161242192516317,-0.2738051116466522,0.15996693074703217,0.23729124665260315,1.8670846223831177,0.48555248975753784,-0.4846954345703125,-1.0704771280288696,-0.5874823927879333,-1.8406469821929932,0.9471158981323242,1.0050806999206543,-1.267033338546753
0.4551758749999989,0.0034223749999999996,133.0,4.881904001702242,1.0147796792830257,1.6903741392197142,0.002960935027832195,-0.0011130717219196148,0.0008955536448015575,0.061633695246385366,-0.2726195752620697,0.16223102807998657,0.23856279253959656,1.8735450506210327,0.4997366964817047,-0.4963052272796631,-1.0719358921051025,-0.5911850333213806,-1.843305230140686,0.93707275390625,0.9995828866958618,-1.2698049545288086
0.4551758749999989,0.0034223749999999996,133.0,4.90440589058512,1.0354097729667877,1.6914320314453655,0.0032172430197992905,-0.001219181729487914,0.0009637182488200489,0.0616599290378558,-0.27109596133232117,0.16107355058193207,0.23737820982933044,1.8692331314086914,0.4989084005355835,-0.5009493827819824,-1.079067587852478,-0.5873677134513855,-1.8467955589294434,0.9369902610778809,1.0170519351959229,-1.2694734334945679
0.4551758749999989,0.0034223749999999996,133.0,4.925863837935412,1.0550016395508228,1.6922305351790399,0.0034733357778777146,-0.0013276773043538951,0.0010293865660261363,0.06169803048904865,-0.2695118486881256,0.1620224267244339,0.23935040831565857,1.8746745586395264,0.5094077587127686,-0.5117623805999756,-1.0861579179763794,-0.5933802723884583,-1.8409165143966675,0.9203150272369385,1.012214183807373,-1.2688699960708618
0.4551758749999989,0.0034223749999999996,133.0,4.946183756374943,1.0745658358157737,1.6936643557812188,0.0036670389588299413,-0.0014214807048272523,0.001082664923619057,0.061727740672700294,-0.2685500681400299,0.16369450092315674,0.24128887057304382,1.881201148033142,0.5183262825012207,-0.5201437473297119,-1.0927904844284058,-0.5981258749961853,-1.837409496307373,0.9072718620300293,1.003114938735962,-1.270599126815796
0.4551758749999989,0.0034223749999999996,133.0,4.965396974806831,1.0937480607796783,1.6950502888409644,0.0038908499409827015,-0.0015190531389596281,0.0011429541007900203,0.061750216253812225,-0.2681984603404999,0.16456298530101776,0.2410898506641388,1.883030891418457,0.5271857380867004,-0.5261485576629639,-1.0929666757583618,-0.5981535315513611,-1.845262885093689,0.9090888500213623,1.0099228620529175,-1.272498607635498
0.4551758749999989,0.0034223749999999996,133.0,4.984214928353444,1.1106024543728268,1.6951762861862174,0.004076496988047747,-0.0016167767380907939,0.001193625242471892,0.06179939517105264,-0.2664138376712799,0.16377611458301544,0.24141326546669006,1.8815847635269165,0.5257933735847473,-0.5317690372467041,-1.1033726930618286,-0.5976939797401428,-1.8413398265838623,0.8995325565338135,1.016575813293457,-1.271572470664978
0.4551758749999989,0.0034223749999999996,133.0,5.001733959781445,1.1281853574207965,1.6962390736486017,0.004309166592346262,-0.0017105975438229642,0.001250016023141555,0.06180783102335505,-0.26582470536231995,0.1658286601305008,0.2429327666759491,1.887755274772644,0.5350500345230103,-0.5396368503570557,-1.1061170101165771,-0.6008455157279968,-1.8422157764434814,0.891068696975708,1.008081316947937,-1.2745654582977295
0.4551758749999989,0.0034223749999999996,133.0,5.018462436595345,1.1444353931038858,1.6967508725615728,0.004511581905632259,-0.0017963119154201302,0.0012987430733703727,0.0618226178457235,-0.2646258771419525,0.16546690464019775,0.24268421530723572,1.8867535591125488,0.5395015478134155,-0.5451767444610596,-1.1090033054351807,-0.6006618142127991,-1.84427809715271,0.8873074054718018,1.016848087310791,-1.273842453956604
0.4551758749999989,0.0034223749999999996,133.0,5.034517326853545,1.159328104438932,1.6966549430566935,0.004709225727498243,-0.00188132148821805,0.0013480499755404742,0.06185638044706112,-0.2627846896648407,0.16503173112869263,0.2432943880558014,1.8862245082855225,0.5444178581237793,-0.5528161525726318,-1.1138911247253418,-0.6027266383171082,-1.839601755142212,0.8756012916564941,1.0207409858703613,-1.2712870836257935
0.4551758749999989,0.0034223749999999996,133.0,5.049830684425383,1.1734338881687252,1.6968731181329335,0.0048659804642827405,-0.001948478887940853,0.0013784993617772694,0.06187955203996754,-0.2605385482311249,0.16377747058868408,0.24349012970924377,1.8833022117614746,0.5448376536369324,-0.558321475982666,-1.1210992336273193,-0.6033748984336853,-1.8315414190292358,0.8624465465545654,1.0258643627166748,-1.2677603960037231
0.4551758749999989,0.0034223749999999996,133.0,5.064343263534073,1.1869039524391807,1.6968792649469142,0.0050050165124483886,-0.002005528643308339,0.001408528767710814,0.061912021267635065,-0.25816360116004944,0.16419734060764313,0.2443448007106781,1.8831965923309326,0.5497162938117981,-0.5673050880432129,-1.1235185861587524,-0.605207622051239,-1.8229045867919922,0.8456130027770996,1.0207566022872925,-1.2658106088638306
0.4551758749999989,0.0034223749999999996,133.0,5.077998784001381,1.199640141991075,1.6972428216695177,0.005154748766976602,-0.0020672255141804896,0.0014382152424702141,0.06193684673238025,-0.2555564343929291,0.16296564042568207,0.24418148398399353,1.8790903091430664,0.5517325401306152,-0.5735516548156738,-1.126470923423767,-0.6052948832511902,-1.8151661157608032,0.8313717842102051,1.0253583192825317,-1.2616658210754395
0.4551758749999989,0.0034223749999999996,133.0,5.090375010418588,1.2120837225998093,1.6979864284774049,0.005318667934827225,-0.002126158783729087,0.0014700825435761226,0.06195057774004218,-0.2544226348400116,0.16367162764072418,0.24442508816719055,1.8795652389526367,0.5631095767021179,-0.5819745063781738,-1.1211274862289429,-0.6070665717124939,-1.8167970180511475,0.8254971504211426,1.026999831199646,-1.2604138851165771
0.4551758749999989,0.0034223749999999996,133.0,5.101671983914115,1.224358959077282,1.6990722247253816,0.005487120399300756,-0.002183011622462375,0.0015071297254231671,0.061955893688179456,-0.2541467845439911,0.1655818670988083,0.24526283144950867,1.883808970451355,0.5799576044082642,-0.5907890796661377,-1.112047553062439,-0.6112911105155945,-1.8208194971084595,0.821397066116333,1.0230528116226196,-1.2604351043701172
0.4551758749999989,0.0034223749999999996,133.0,5.112058032295171,1.2364034250305076,1.7007127351860094,0.005655415879546551,-0.002232856492735229,0.0015378217147911937,0.06194997114685578,-0.2545972168445587,0.16979308426380157,0.2474440038204193,1.8943002223968506,0.6012910604476929,-0.6009395122528076,-1.1002328395843506,-0.6185627579689026,-1.8249881267547607,0.8138935565948486,1.0032540559768677,-1.2635486125946045
0.4551758749999989,0.0034223749999999996,133.0,5.121578052720903,1.2472657211536908,1.701904576367519,0.005843892086176857,-0.002295591942299279,0.0015814851103895533,0.06195212809053074,-0.2549472749233246,0.1748034954071045,0.2518561780452728,1.909468650817871,0.6210929155349731,-0.6114621162414551,-1.0951306819915771,-0.630961000919342,-1.8168753385543823,0.7926928997039795,0.9656713604927063,-1.2660504579544067
0.4551758749999989,0.0034223749999999996,133.0,5.130184714336063,1.2583070136124435,1.7046051415459162,0.006080105226906952,-0.002427930947327606,0.0016652923335875212,0.061833142091675404,-0.25629714131355286,0.17669887840747833,0.24899640679359436,1.9088488817214966,0.6364118456840515,-0.6135003566741943,-1.0766547918319702,-0.6254529356956482,-1.8401988744735718,0.816457986831665,0.979576587677002,-1.271138310432434
0.4551758749999989,0.0034223749999999996,133.0,5.137828094395532,1.2676955038900914,1.7057554437445352,0.0063667113552832695,-0.002525150567554006,0.0017385953044037686,0.061834129004211896,-0.2573905885219574,0.1796334981918335,0.24940231442451477,1.9152947664260864,0.658398449420929,-0.6201307773590088,-1.0608525276184082,-0.6306552290916443,-1.850211262702942,0.8202977180480957,0.9748176336288452,-1.272390604019165
0.4551758749999989,0.0034223749999999996,133.0,5.144800266722218,1.275629483982071,1.7063570145369655,0.006797285251784299,-0.002686923965804793,0.0018532981738523422,0.06184559451680274,-0.25752905011177063,0.1817798614501953,0.250337690114975,1.9202624559402466,0.6728034019470215,-0.626511812210083,-1.0525200366973877,-0.635062038898468,-1.8507810831069946,0.8152546882629395,0.9654861092567444,-1.2729113101959229
0.4551758749999989,0.0034223749999999996,133.0,5.150834523274861,1.2830838018957482,1.707201205684903,0.007519944329885366,-0.002959367608340686,0.0020440613160782072,0.061848703650161894,-0.2582235038280487,0.1842096447944641,0.2507176697254181,1.9258720874786377,0.6888425946235657,-0.6317660808563232,-1.0415905714035034,-0.6386889815330505,-1.8541074991226196,0.815150260925293,0.9570324420928955,-1.274876356124878
0.4551758749999989,0.0034223749999999996,133.0,5.15630110693812,1.2889489504148892,1.7077849514715477,0.00915144804047231,-0.0036069316559609664,0.0024671486985367776,0.061861242141133914,-0.2576933205127716,0.18586814403533936,0.2528860867023468,1.933071494102478,0.696343183517456,-0.6381540298461914,-1.0437082052230835,-0.6433220505714417,-1.8396975994110107,0.7963159084320068,0.9336733818054199,-1.277298092842102
0.4551758749999989,0.0034223749999999996,133.0,5.160668677834027,1.2933168680673566,1.7084490246302824,0.016922244576212612,-0.00681695012430928,0.004465707948332417,0.061898175957514484,-0.2564598023891449,0.18329021334648132,0.2548847496509552,1.9431897401809692,0.7008877992630005,-0.6488208770751953,-1.0620570182800293,-0.6420099139213562,-1.80031418800354,0.764808177947998,0.9121169447898865,-1.28867506980896
0.4551758749999989,0.0034223749999999996,133.0,5.189164839895802,-1.18483064269373,1.5566798406984295,-0.01490690183853991,-0.0008243914551458046,-0.006544943194064752,0.06654107578506865,-0.09672108292579651,0.22543029487133026,-0.05230340361595154,1.234312891960144,0.6618142127990723,-1.2771539688110352,-0.41922083497047424,-0.0952073335647583,-1.0938894748687744,0.7622334957122803,1.3263009786605835,-1.1396111249923706
0.4551758749999989,0.0034223749999999996,133.0,5.184231096037086,-1.1791806162604461,1.5567425637813137,-0.008024674922017236,-0.0004543522306632991,-0.003586141409557062,0.06650382060641646,-0.09874945878982544,0.2274859994649887,-0.0528736412525177,1.2366772890090942,0.6784031987190247,-1.2738659381866455,-0.3960765600204468,-0.09723168611526489,-1.0915796756744385,0.7931993007659912,1.3049311637878418,-1.1396163702011108
0.4551758749999989,0.0034223749999999996,133.0,5.1782323354251565,-1.1732609315453524,1.5563476663241926,-0.006593728098253268,-0.0003978702745233983,-0.0029521573097517173,0.066467489384352,-0.10083732008934021,0.2282456010580063,-0.05469772219657898,1.2406741380691528,0.6868716478347778,-1.2626779079437256,-0.3737390637397766,-0.09974569082260132,-1.090633511543274,0.8024072647094727,1.289035677909851,-1.1410290002822876
0.4551758749999989,0.0034223749999999996,133.0,5.171508381783496,-1.1669798877957853,1.555672061132092,-0.005963472459328494,-0.0003989385758434677,-0.0026739612594861386,0.06643717306264672,-0.10269913077354431,0.22867952287197113,-0.05675199627876282,1.2439568042755127,0.6903691291809082,-1.2520065307617188,-0.3511100709438324,-0.10126638412475586,-1.0871069431304932,0.8089325428009033,1.2730873823165894,-1.1427372694015503
0.4551758749999989,0.0034223749999999996,133.0,5.163718127377049,-1.1597597979666476,1.55489720783281,-0.005597216508073625,-0.00041946912711491826,-0.0025118956328046525,0.06639958443487605,-0.10491377115249634,0.22880706191062927,-0.05979380011558533,1.247529149055481,0.6949133276939392,-1.2373743057250977,-0.3204350471496582,-0.10284250974655151,-1.0827419757843018,0.8158102035522461,1.2550266981124878,-1.1447348594665527
0.4551758749999989,0.0034223749999999996,133.0,5.154744180359365,-1.1539156462831968,1.5514455821741577,-0.0053419627286219505,-0.000480627170443598,-0.0023979664055486264,0.06644717670020742,-0.104585200548172,0.22716836631298065,-0.0637291967868805,1.242591142654419,0.6961296796798706,-1.2252275943756104,-0.28829365968704224,-0.09917104244232178,-1.0706850290298462,0.8176829814910889,1.2470730543136597,-1.143664836883545
0.4551758749999989,0.0034223749999999996,133.0,5.145255661404004,-1.1455044959558316,1.5501568135713977,-0.005128066044069589,-0.0005275847604309772,-0.0023063808408721282,0.0664051531012826,-0.10690435767173767,0.22723673284053802,-0.06693556904792786,1.2461204528808594,0.7005930542945862,-1.2098548412322998,-0.25602081418037415,-0.10103249549865723,-1.0646014213562012,0.8235886096954346,1.2283293008804321,-1.1453346014022827
0.4551758749999989,0.0034223749999999996,133.0,5.135090334593597,-1.1359459569169446,1.5493273040538749,-0.0049690294601842395,-0.0005519117319493841,-0.002234266848506998,0.0663748245972059,-0.10939350724220276,0.22739948332309723,-0.07020452618598938,1.2496464252471924,0.698384702205658,-1.1954452991485596,-0.2227545529603958,-0.10201597213745117,-1.0552904605865479,0.8309736251831055,1.2020000219345093,-1.1478008031845093
0.4551758749999989,0.0034223749999999996,133.0,5.123885824355448,-1.1256994804608325,1.5480471964350193,-0.004826449443400008,-0.0005989106728461672,-0.0021707738025759215,0.06632542324565462,-0.11198925971984863,0.22664782404899597,-0.07533976435661316,1.2515976428985596,0.7005659937858582,-1.1741456985473633,-0.17416216433048248,-0.10207504034042358,-1.043725609779358,0.8392975330352783,1.1747417449951172,-1.149761438369751
0.4551758749999989,0.0034223749999999996,133.0,5.111914938984204,-1.1147784073442777,1.546892094772711,-0.004681951671834574,-0.0006417639310529666,-0.0021074717398204645,0.0662837787018912,-0.1147279441356659,0.22636641561985016,-0.0795905590057373,1.2546736001968384,0.7040404081344604,-1.1552743911743164,-0.13377243280410767,-0.10349512100219727,-1.0342806577682495,0.8465187549591064,1.150698184967041,-1.1514360904693604
0.4551758749999989,0.0034223749999999996,133.0,5.09954041271704,-1.1029448494609413,1.5460944168903088,-0.004546748404849919,-0.0006651458313963972,-0.0020464283522013257,0.0662672252318481,-0.11564186215400696,0.2254413664340973,-0.08374089002609253,1.2525041103363037,0.699512243270874,-1.1424674987792969,-0.10105986893177032,-0.0998908281326294,-1.0196685791015625,0.8524177074432373,1.130059838294983,-1.1528794765472412
0.4551758749999989,0.0034223749999999996,133.0,5.0864723140281916,-1.0903452055485605,1.5453401252172256,-0.00441023089862521,-0.0006807226717079027,-0.0019837112514603478,0.06624720486107297,-0.1166524887084961,0.22544264793395996,-0.08619138598442078,1.2523763179779053,0.6985859870910645,-1.13442063331604,-0.08204403519630432,-0.09858548641204834,-1.008797526359558,0.856623649597168,1.1167463064193726,-1.1539725065231323
0.4551758749999989,0.0034223749999999996,133.0,5.073007744672442,-1.0766587501915734,1.5450357120727016,-0.0042917078024015355,-0.0006776364230386945,-0.001926977088643618,0.06625797139578805,-0.11676037311553955,0.22496289014816284,-0.08912429213523865,1.2496483325958252,0.6955049633979797,-1.1265926361083984,-0.062499914318323135,-0.09482818841934204,-0.9952366948127747,0.8597927093505859,1.1017817258834839,-1.1549580097198486
0.4551758749999989,0.0034223749999999996,133.0,5.059154905739504,-1.0627665602155392,1.5446720169432586,-0.004137154825780011,-0.000675304747489967,-0.0018578341838248976,0.06628987702234955,-0.11511203646659851,0.224441796541214,-0.09091830253601074,1.2439193725585938,0.6907556653022766,-1.125730037689209,-0.05772539600729942,-0.08884251117706299,-0.9827250838279724,0.8585107326507568,1.095407247543335,-1.155190110206604
0.4551758749999989,0.0034223749999999996,133.0,5.043878610966975,-1.0474512005461227,1.544324666468188,-0.003947433580254244,-0.0006641909964426522,-0.001770527750324086,0.06630284045567893,-0.1138351559638977,0.22389577329158783,-0.09317350387573242,1.238736867904663,0.6859080791473389,-1.1225805282592773,-0.047651469707489014,-0.08349603414535522,-0.9693952798843384,0.8575468063354492,1.084244966506958,-1.155350923538208
0.4551758749999989,0.0034223749999999996,133.0,5.027751442717079,-1.0312454248866434,1.544315315693971,-0.0037708840212644836,-0.0006470107348642913,-0.0016884511880888222,0.06631929522185655,-0.11317333579063416,0.2250026911497116,-0.09312719106674194,1.2379529476165771,0.6807441711425781,-1.1241614818572998,-0.0525800883769989,-0.08203130960464478,-0.9615171551704407,0.8542532920837402,1.071390151977539,-1.1558862924575806
0.4551758749999989,0.0034223749999999996,133.0,5.010795484479255,-1.0145148259273764,1.5440745850966908,-0.0035729527162834023,-0.0006218391418673846,-0.0015890042272599504,0.0663461147729455,-0.11206811666488647,0.2229839712381363,-0.09835454821586609,1.2303040027618408,0.676987886428833,-1.1124703884124756,-0.01772022247314453,-0.07469379901885986,-0.9423532485961914,0.8550848960876465,1.0507954359054565,-1.1557673215866089
0.4551758749999989,0.0034223749999999996,133.0,4.993673633617089,-0.9971399165952362,1.5444235770748334,-0.0033811317877149006,-0.0005821263953704562,-0.0014993611719580303,0.06641445842551656,-0.1092761754989624,0.22325678169727325,-0.09862568974494934,1.2240726947784424,0.6646559834480286,-1.1187617778778076,-0.0268697626888752,-0.06834906339645386,-0.9296708106994629,0.8480167388916016,1.0401670932769775,-1.155822515487671
0.4551758749999989,0.0034223749999999996,133.0,4.974687866783498,-0.9782921218738584,1.5444657344517305,-0.00318450175971279,-0.0005568077357468906,-0.001409150933432146,0.06643234584016337,-0.10936582088470459,0.2246045619249344,-0.09924912452697754,1.2243773937225342,0.6546139121055603,-1.1168138980865479,-0.02194601111114025,-0.06753027439117432,-0.9167039394378662,0.8450138568878174,1.0127140283584595,-1.1567599773406982
0.4551758749999989,0.0034223749999999996,133.0,4.95515458662353,-0.9592448612566177,1.5441666028999508,-0.003004136290761937,-0.000547418142902766,-0.0013307689239870151,0.06646228382580571,-0.10888904333114624,0.22341683506965637,-0.10382664203643799,1.2189724445343018,0.6498138904571533,-1.1050078868865967,0.01203230768442154,-0.06233423948287964,-0.8953140377998352,0.8445839881896973,0.9836816787719727,-1.1566290855407715
0.4551758749999989,0.0034223749999999996,133.0,4.935258273950674,-0.939079039843885,1.54453871504192,-0.002771765617062848,-0.0005046687216335878,-0.001228151135837976,0.06651952072597413,-0.10721182823181152,0.22369995713233948,-0.10528552532196045,1.2139337062835693,0.6372666954994202,-1.1047613620758057,0.01768941804766655,-0.05687993764877319,-0.8772728443145752,0.8393113613128662,0.9602352976799011,-1.1569517850875854
0.4551758749999989,0.0034223749999999996,133.0,4.913458117330159,-0.9189459270502345,1.5436732503956123,-0.002538053075417653,-0.0005031691511171865,-0.0011294069938114699,0.0665206598023354,-0.10677313804626465,0.22159987688064575,-0.11133307218551636,1.206999659538269,0.6389591693878174,-1.0881483554840088,0.06467540562152863,-0.05133485794067383,-0.852787435054779,0.8389937877655029,0.9292416572570801,-1.1557496786117554
0.4551758749999989,0.0034223749999999996,133.0,4.891644846082993,-0.8976569405530579,1.5434802733706978,-0.002319975648669887,-0.00047585669286554974,-0.0010323187264908542,0.06654936837910619,-0.10664811730384827,0.22001320123672485,-0.11667665839195251,1.2012498378753662,0.6381604671478271,-1.0731468200683594,0.10647410154342651,-0.046807944774627686,-0.8288819193840027,0.8382046222686768,0.8955698609352112,-1.1546329259872437
0.4551758749999989,0.0034223749999999996,133.0,4.868745034493179,-0.8751124040203226,1.5434110852502956,-0.0021053083189907598,-0.00044189092689012397,-0.000934743066022831,0.06656816924439574,-0.1054564118385315,0.2200656533241272,-0.11889469623565674,1.1961545944213867,0.6258446574211121,-1.0693817138671875,0.12135651707649231,-0.0418546199798584,-0.8073504567146301,0.8329489231109619,0.8640480637550354,-1.1543970108032227
0.4551758749999989,0.0034223749999999996,133.0,4.8450103881982,-0.8509155251624412,1.5436131018635268,-0.0019364679000462006,-0.0004049715914597592,-0.0008549909874752635,0.06657755596038507,-0.10435375571250916,0.22080424427986145,-0.12014585733413696,1.1928629875183105,0.6149097084999084,-1.0669519901275635,0.12794123589992523,-0.03858327865600586,-0.789484441280365,0.8252809047698975,0.8354063630104065,-1.1542552709579468
0.4551758749999989,0.0034223749999999996,133.0,4.821162339129187,-0.8266568407230439,1.5440525255249904,-0.0017255680531824645,-0.0003579118048636411,-0.0007621553684147798,0.0666380630202335,-0.10133373737335205,0.2216341346502304,-0.12013140320777893,1.1865582466125488,0.5993148684501648,-1.0721654891967773,0.11910246312618256,-0.032179951667785645,-0.7724196314811707,0.8137550354003906,0.8158639669418335,-1.154234528541565
0.4551758749999989,0.0034223749999999996,133.0,4.79584593165572,-0.8018377495748372,1.5439814052165557,-0.0015302848524311058,-0.0003295144585872818,-0.0006760784641992725,0.0666580902575177,-0.10025885701179504,0.2209126055240631,-0.12371757626533508,1.179795742034912,0.5878995656967163,-1.0643279552459717,0.1451134830713272,-0.026106417179107666,-0.7471972107887268,0.8087868690490723,0.7794262170791626,-1.1535152196884155
0.4551758749999989,0.0034223749999999996,133.0,4.769485224954185,-0.7765125278017344,1.5436429551070048,-0.00133746438227864,-0.0003018845746412526,-0.0005910432813381807,0.06667143833800351,-0.10067498683929443,0.2193617820739746,-0.12935876846313477,1.1734651327133179,0.5844192504882812,-1.0479247570037842,0.19342558085918427,-0.021929025650024414,-0.7175174355506897,0.8072543144226074,0.732819676399231,-1.1513924598693848
0.4551758749999989,0.0034223749999999996,133.0,4.742506434879363,-0.7501068976597417,1.543503335754517,-0.0011780689387045145,-0.00027460699612987536,-0.0005203202090395388,0.06669660538662738,-0.09959462285041809,0.2182137370109558,-0.1336469054222107,1.1647837162017822,0.5719839930534363,-1.0381124019622803,0.22730860114097595,-0.01506197452545166,-0.686045229434967,0.8017551898956299,0.6892684698104858,-1.1495294570922852
0.4551758749999989,0.0034223749999999996,133.0,4.715085978235954,-0.7231370215235738,1.5434076751077277,-0.0010359971164954273,-0.00024948899289028813,-0.00045702515239857207,0.06673491867132032,-0.09850186109542847,0.2170359194278717,-0.1379949450492859,1.1553767919540405,0.5585129857063293,-1.0277860164642334,0.26276513934135437,-0.007869601249694824,-0.6520644426345825,0.7957363128662109,0.6434131264686584,-1.1472351551055908
0.4551758749999989,0.0034223749999999996,133.0,4.686253978430631,-0.6949913803160027,1.5432805913146834,-0.0008536800842595454,-0.0002122006668824838,-0.00037567617470375366,0.06674859988181632,-0.09592613577842712,0.2161785066127777,-0.14114314317703247,1.1443673372268677,0.5432565808296204,-1.0223307609558105,0.2851683795452118,0.0007433891296386719,-0.619752824306488,0.7849617004394531,0.6053655743598938,-1.1447511911392212
0.4551758749999989,0.0034223749999999996,133.0,4.656533616477496,-0.666271989704939,1.543086526210062,-0.0007150215148020609,-0.00018526490803483255,-0.000314224770864601,0.06675817537982814,-0.09671196341514587,0.2136826068162918,-0.14811459183692932,1.1337336301803589,0.539139449596405,-1.0019004344940186,0.3501109480857849,0.005902588367462158,-0.5774181485176086,0.7823259830474854,0.5442964434623718,-1.139261245727539
0.4551758749999989,0.0034223749999999996,133.0,4.626108064087744,-0.6366487615672066,1.5430049430279458,-0.0005354704719191963,-0.00014337511312390887,-0.0002353265107809105,0.06677680140749646,-0.096576988697052,0.21144646406173706,-0.1540752351284027,1.1215124130249023,0.5299313068389893,-0.9856171607971191,0.4052659273147583,0.012292146682739258,-0.534782886505127,0.7765018939971924,0.48574140667915344,-1.1333744525909424
0.4551758749999989,0.0034223749999999996,133.0,4.595265532238181,-0.6060134590261781,1.5433297345141515,-0.0003356695578377502,-9.048977053269942e-5,-0.00014770117119169746,0.06682450695025206,-0.09553438425064087,0.20998965203762054,-0.15846720337867737,1.1092870235443115,0.5148545503616333,-0.9742939472198486,0.44513025879859924,0.01920267939567566,-0.4953007400035858,0.7670087814331055,0.43126431107521057,-1.1279512643814087
0.4551758749999989,0.0034223749999999996,133.0,4.563484280080174,-0.57459873222369,1.5436042209280032,-0.00015653805612180657,-4.288431575992023e-5,-6.903007898115919e-5,0.06686400335057693,-0.0925213098526001,0.2093309760093689,-0.16085457801818848,1.0964187383651733,0.4964030683040619,-0.9702281951904297,0.46481311321258545,0.027126938104629517,-0.46050769090652466,0.7508559226989746,0.38811051845550537,-1.122885823249817
0.4551758749999989,0.0034223749999999996,133.0,4.530714132737647,-0.5429833089080093,1.5439585433543626,1.729388754669746e-5,4.900429754830022e-6,7.653122799814713e-6,0.06689499515324587,-0.09007522463798523,0.208307147026062,-0.1639592945575714,1.0826489925384521,0.47827598452568054,-0.9632971286773682,0.4923625588417053,0.03505772352218628,-0.4238962233066559,0.735917329788208,0.33927497267723083,-1.1169376373291016
0.4551758749999989,0.0034223749999999996,133.0,4.497018156607722,-0.510136385071018,1.5440917054719312,0.0001907015190531315,5.545691367490665e-5,8.45181603889859e-5,0.06691420225176885,-0.08887547254562378,0.20461151003837585,-0.1704486608505249,1.06376051902771,0.4692944884300232,-0.9483306407928467,0.5538081526756287,0.043054282665252686,-0.37389740347862244,0.7245388031005859,0.2788720428943634,-1.106062650680542
0.4551758749999989,0.0034223749999999996,133.0,4.462290067069257,-0.4757905977633178,1.543898025448387,0.0003780091811194448,0.0001118332488545266,0.00016774110780182097,0.0669191886139905,-0.08736136555671692,0.20222459733486176,-0.1750110685825348,1.046297550201416,0.45056697726249695,-0.9364511966705322,0.6002042293548584,0.050639212131500244,-0.32496875524520874,0.7099151611328125,0.2185986340045929,-1.0960747003555298
0.4551758749999989,0.0034223749999999996,133.0,4.426749305972957,-0.4410914662429835,1.544385786907989,0.000524523015531708,0.00015687141254925693,0.00023359222609793217,0.06694523620368649,-0.08608728647232056,0.20211219787597656,-0.17716467380523682,1.0338999032974243,0.43075332045555115,-0.9261806011199951,0.6247119307518005,0.0557684600353241,-0.28941625356674194,0.6931858062744141,0.1654708832502365,-1.08859121799469
0.4551758749999989,0.0034223749999999996,133.0,4.39043120010911,-0.40567021688481925,1.5446773643735965,0.0006890305532802646,0.00021000091932995416,0.0003080381686158797,0.06696003307043784,-0.08473286032676697,0.19999204576015472,-0.18117377161979675,1.0158464908599854,0.4114963412284851,-0.9137289524078369,0.6669621467590332,0.06306841969490051,-0.24334202706813812,0.6772973537445068,0.10765252262353897,-1.077709674835205
0.4551758749999989,0.0034223749999999996,133.0,4.3533215139722214,-0.36947492861207565,1.545045627336713,0.0008635579727342133,0.0002677910903446068,0.00038774408146605735,0.06697432220860859,-0.08336138725280762,0.19773775339126587,-0.1851082444190979,0.9963036179542542,0.39090949296951294,-0.9004111289978027,0.7104752063751221,0.07039931416511536,-0.19491887092590332,0.660212516784668,0.04865580052137375,-1.0653584003448486
0.4551758749999989,0.0034223749999999996,133.0,4.315309665291507,-0.33251769881486665,1.5455368447345148,0.0010607225662066881,0.0003341801577559155,0.0004799585868730455,0.06698825826938556,-0.08200410008430481,0.19528205692768097,-0.1890396773815155,0.974836528301239,0.36881065368652344,-0.8855926990509033,0.7559313774108887,0.07794752717018127,-0.1437636911869049,0.6419727802276611,-0.011160649359226227,-1.051285743713379
0.4551758749999989,0.0034223749999999996,133.0,4.276427725695676,-0.2945835798614745,1.5459159316836277,0.0012480356812095527,0.0003999722709334439,0.0005668760742424875,0.06698255857423736,-0.08053669333457947,0.19244086742401123,-0.19296889007091522,0.9510278105735779,0.3449157178401947,-0.8695125579833984,0.8039849400520325,0.0856853723526001,-0.08809203654527664,0.6217503547668457,-0.0715605691075325,-1.0350581407546997
0.4551758749999989,0.0034223749999999996,133.0,4.236548602110164,-0.25625020328637904,1.546787610256446,0.0013668069072423439,0.00044668355213601667,0.0006260647279496969,0.06698498785593739,-0.080355703830719,0.19026939570903778,-0.19651560485363007,0.9271346926689148,0.3201240003108978,-0.8477632999420166,0.8531879186630249,0.091796875,-0.03145267814397812,0.602320671081543,-0.13673458993434906,-1.0170629024505615
0.4551758749999989,0.0034223749999999996,133.0,4.196124923147232,-0.21708410480129509,1.547412569407827,0.001517978000696028,0.0005039601365846883,0.0007040355828411537,0.06699401111263736,-0.079008549451828,0.18536321818828583,-0.2013138234615326,0.894564151763916,0.29717761278152466,-0.8276910781860352,0.9164204001426697,0.10108554363250732,0.03814559057354927,0.5794970989227295,-0.19606491923332214,-0.9936829209327698
0.4551758749999989,0.0034223749999999996,133.0,4.154286766226233,-0.17606455576833538,1.5474529158174168,0.0016653509423710602,0.0005590153022012363,0.0007833681793923227,0.06697173893568746,-0.07665961980819702,0.18218719959259033,-0.2039535492658615,0.86579829454422,0.2650941014289856,-0.8088088035583496,0.95912104845047,0.10829585790634155,0.10177533328533173,0.5509612560272217,-0.25090736150741577,-0.9719614386558533
0.4551758749999989,0.0034223749999999996,133.0,4.112407875731503,-0.13423276551877425,1.5513553401500235,0.0017985281221738639,0.0006026981751983016,0.000873125941943344,0.06692412060042621,-0.07630875706672668,0.1758648008108139,-0.20861773192882538,0.8242771625518799,0.24349771440029144,-0.781449556350708,1.0310242176055908,0.11918860673904419,0.18011459708213806,0.5280642509460449,-0.2998239994049072,-0.9412708282470703
0.4551758749999989,0.0034223749999999996,133.0,4.067309156210457,-0.09138341418728103,1.55192605442788,0.001891355172187868,0.000657040920061685,0.0009335773889431314,0.06681591915258529,-0.07824254035949707,0.17567990720272064,-0.20947390794754028,0.8128417134284973,0.22754088044166565,-0.76350998878479,1.0517970323562622,0.11677160859107971,0.21592926979064941,0.5181994438171387,-0.33963045477867126,-0.9272820949554443
0.4551758749999989,0.0034223749999999996,133.0,4.0163454729448755,-0.04099127839445196,1.5519501380338623,0.0018473496572467205,0.0005377647502714359,0.0010542320119499788,0.06662415851571983,-0.08290037512779236,0.19526316225528717,-0.19264481961727142,0.9076882004737854,0.26112231612205505,-0.8085982799530029,0.7849018573760986,0.09244111180305481,-0.16858510673046112,0.6449825763702393,-0.13617759943008423,-0.9977684617042542
0.4551758749999989,0.0034223749999999996,133.0,3.955150097194955,0.019932319768473008,1.5507200886601389,0.0016919348013036339,-4.153523763977715e-5,0.0012583069975574547,0.06576760330751412,-0.11149236559867859,0.22127993404865265,-0.137961745262146,1.009517788887024,0.4071448743343353,-0.7698862552642822,0.20518748462200165,0.06606322526931763,-1.0314147472381592,1.0039684772491455,0.4062477946281433,-1.0720876455307007
0.4551758749999989,0.0034223749999999996,133.0,3.8775767781943165,0.03841929163804557,1.5498666544954083,0.00010299406493629672,7.735591084038843e-6,7.745569074357433e-5,0.0645041617296366,-0.2446761429309845,0.08882048726081848,-0.01780065894126892,1.2522591352462769,0.3726535141468048,-0.09754776954650879,0.1525614708662033,-0.2729225754737854,-1.261722445487976,1.4036576747894287,0.8265304565429688,-0.9748375415802002
0.4551758749999989,0.0034223749999999996,133.0,3.8981633706209653,0.07600472357857692,1.571926206816581,-0.001829418211168452,0.00014197598776217402,-0.0013067789683639524,0.06267271911811603,-0.2721186578273773,0.09536343067884445,0.03520217537879944,1.3668016195297241,0.3675561249256134,-0.07923102378845215,-0.10403268039226532,-0.3495601415634155,-1.4525933265686035,1.4908459186553955,0.9000865817070007,-1.0107476711273193
0.4551758749999989,0.0034223749999999996,133.0,3.914502423258134,0.12775873630331647,1.6040133717654468,-0.002244921328431208,0.0007047859128725991,-0.0012664691263003193,0.06067218889392692,-0.3302820026874542,0.08405493944883347,0.14200589060783386,1.4644298553466797,-0.11966695636510849,0.03099679946899414,-0.7731149196624756,-0.3933368921279907,-1.4678529500961304,1.5255000591278076,1.2638264894485474,-1.0603554248809814
0.4551758749999989,0.0034223749999999996,133.0,3.952662206101294,0.1756563728788606,1.6147573754390923,-0.0022874557604577565,0.0007769452809912134,-0.0011823511128910998,0.06026156150441444,-0.34253934025764465,0.09022396802902222,0.17924043536186218,1.567317008972168,-0.18525567650794983,0.035767316818237305,-0.9176875948905945,-0.407148540019989,-1.458889365196228,1.4433910846710205,1.1932787895202637,-1.148358702659607
0.4551758749999989,0.0034223749999999996,133.0,3.9971061879386167,0.22035226951016001,1.6202373579163039,-0.002172099249230753,0.0007373168043970011,-0.0010798288369737916,0.060252085670976084,-0.33863869309425354,0.10124510526657104,0.18924018740653992,1.6156318187713623,-0.09316188842058182,-0.009076118469238281,-0.9152437448501587,-0.4255720376968384,-1.5293092727661133,1.3965015411376953,1.114809513092041,-1.177846908569336
0.4551758749999989,0.0034223749999999996,133.0,4.041689882920415,0.26257088415602087,1.6246634048491566,-0.001993837507783469,0.0006777799210061648,-0.0009568279311646955,0.0603243622394219,-0.33511635661125183,0.10849806666374207,0.19417372345924377,1.6434102058410645,-0.027674678713083267,-0.04541444778442383,-0.911127507686615,-0.43627411127090454,-1.5900044441223145,1.3692033290863037,1.075701355934143,-1.194754958152771
0.4551758749999989,0.0034223749999999996,133.0,4.085579561395496,0.30293066780925026,1.6275778938617411,-0.001767822120251331,0.0006001815679314047,-0.0008251798082808188,0.06046981955323959,-0.3295120894908905,0.11099734157323837,0.19949766993522644,1.6659636497497559,0.013592329807579517,-0.08057689666748047,-0.9295103549957275,-0.4548811912536621,-1.6126062870025635,1.3206920623779297,1.065578818321228,-1.198480486869812
0.4551758749999989,0.0034223749999999996,133.0,4.128666236290549,0.34291630280608354,1.6298708238700308,-0.0016620606643678213,0.0005613551687616461,-0.0007618615580374233,0.0605986159866369,-0.32501813769340515,0.11303828656673431,0.20235714316368103,1.6797398328781128,0.04024369642138481,-0.10723042488098145,-0.9421224594116211,-0.4642353057861328,-1.6363047361373901,1.2893927097320557,1.0645716190338135,-1.202818512916565
0.4551758749999989,0.0034223749999999996,133.0,4.171067835332322,0.38260324271989193,1.632716242464122,-0.0014225015697584928,0.00048095453379124744,-0.0006379252654358779,0.060666612792239366,-0.3223526179790497,0.11660593003034592,0.20124635100364685,1.684854507446289,0.06933554261922836,-0.12850499153137207,-0.93447345495224,-0.4611263871192932,-1.6821422576904297,1.2889344692230225,1.0678455829620361,-1.211171269416809
0.4551758749999989,0.0034223749999999996,133.0,4.212503522578483,0.4215162107296525,1.635721840608977,-0.0012402026947394866,0.00041818025561061426,-0.0005403158011263916,0.060735639724786364,-0.3188685476779938,0.11983785778284073,0.20373842120170593,1.699540138244629,0.10468731075525284,-0.15523171424865723,-0.939343273639679,-0.4705864191055298,-1.708154320716858,1.2660212516784668,1.0626540184020996,-1.2163431644439697
0.4551758749999989,0.0034223749999999996,133.0,4.253115925409876,0.45948570394696614,1.6387407551848783,-0.001008408608042796,0.0003413299351785927,-0.000428662634798457,0.06082038716056332,-0.3148941099643707,0.12573020160198212,0.2099001109600067,1.727725625038147,0.1537116914987564,-0.1882779598236084,-0.9497097730636597,-0.4886314272880554,-1.7256035804748535,1.2240440845489502,1.0294500589370728,-1.226240873336792
0.4551758749999989,0.0034223749999999996,133.0,4.2927434189085325,0.49636653742229125,1.6411343785655759,-0.0008017789408226022,0.0002731082149500142,-0.0003344883710033249,0.06090176144759258,-0.3112308084964752,0.12818583846092224,0.21186676621437073,1.7394204139709473,0.1846771538257599,-0.21369385719299316,-0.9553961157798767,-0.49736422300338745,-1.7453173398971558,1.2012481689453125,1.0288796424865723,-1.2291985750198364
0.4551758749999989,0.0034223749999999996,133.0,4.3314317564793,0.5325572722249544,1.6434191404284622,-0.000605766668991461,0.00020671982774902566,-0.0002472609270325749,0.06096815174471464,-0.3078868091106415,0.13064783811569214,0.21373799443244934,1.7505193948745728,0.21371424198150635,-0.2377030849456787,-0.9603641033172607,-0.5054686665534973,-1.7620993852615356,1.1804022789001465,1.0278979539871216,-1.2321960926055908
0.4551758749999989,0.0034223749999999996,133.0,4.369211067567355,0.567961611809319,1.6457681203108874,-0.0004165457225340233,0.00014246656669397774,-0.00016633663728420344,0.061025748111747546,-0.30491605401039124,0.13319967687129974,0.2157793939113617,1.7619742155075073,0.24108535051345825,-0.25995707511901855,-0.9661137461662292,-0.513700544834137,-1.7760039567947388,1.1604087352752686,1.0252496004104614,-1.2354118824005127
0.4551758749999989,0.0034223749999999996,133.0,4.406028433944545,0.6024105128242077,1.6481270453927779,-0.00023345701222253444,8.05179987411727e-5,-9.16726774236978e-5,0.06108058013365774,-0.3028985559940338,0.13483668863773346,0.21443691849708557,1.7629752159118652,0.25490227341651917,-0.27405214309692383,-0.9650625586509705,-0.5103066563606262,-1.799589991569519,1.1622135639190674,1.0390955209732056,-1.2399896383285522
0.4551758749999989,0.0034223749999999996,133.0,4.44164520743985,0.6358251608745037,1.6499110887434212,-6.954150446732444e-5,2.409174012007976e-5,-2.6883179363912323e-5,0.061151026665828515,-0.29997482895851135,0.1394796222448349,0.22030344605445862,1.7857695817947388,0.28628596663475037,-0.29940342903137207,-0.9800230264663696,-0.5262024998664856,-1.7992640733718872,1.1241602897644043,1.0099809169769287,-1.246667742729187
0.4551758749999989,0.0034223749999999996,133.0,4.4762635651552,0.6680625485215108,1.6513676898670027,0.00015004813458516567,-5.244302050766355e-5,5.7197947964786016e-5,0.06119050662579229,-0.297656387090683,0.14012639224529266,0.2203637659549713,1.7884618043899536,0.29456230998039246,-0.31197571754455566,-0.9895811676979065,-0.5266856551170349,-1.8090938329696655,1.1152877807617188,1.0204969644546509,-1.2489748001098633
0.4551758749999989,0.0034223749999999996,133.0,4.5111932716130845,0.6977484080586982,1.6516592861506363,0.00035405997997721547,-0.00012322518464740083,0.0001311359655227567,0.06136521761907182,-0.293710857629776,0.13930734992027283,0.22121450304985046,1.789880394935608,0.30295443534851074,-0.32988667488098145,-1.0038039684295654,-0.530953586101532,-1.8076403141021729,1.0934922695159912,1.0338630676269531,-1.2461975812911987
0.4551758749999989,0.0034223749999999996,133.0,4.54432172174171,0.728784538501777,1.6540203203814028,0.000559432078676584,-0.00019682869647733977,0.0002037712278266119,0.06140640208491032,-0.29186972975730896,0.14176009595394135,0.22324392199516296,1.8001036643981934,0.32363229990005493,-0.3464064598083496,-1.0102217197418213,-0.5379242300987244,-1.8140807151794434,1.078500509262085,1.0284838676452637,-1.2494367361068726
0.4551758749999989,0.0034223749999999996,133.0,4.57666636155531,0.7591978361745458,1.6560296498803788,0.0008033662734185585,-0.00028410023291815435,0.0002878948920665131,0.06141744557964893,-0.28984227776527405,0.1436825394630432,0.22187504172325134,1.8006651401519775,0.335232675075531,-0.3583042621612549,-1.0103790760040283,-0.5331810116767883,-1.8315645456314087,1.0792508125305176,1.0369324684143066,-1.254921317100525
0.4551758749999989,0.0034223749999999996,133.0,4.608181267521814,0.7892419298632207,1.658769447023027,0.000978352457771265,-0.00034656873792838236,0.0003430179513255993,0.061437609633629924,-0.28813037276268005,0.14766071736812592,0.22460392117500305,1.814916968345642,0.36670994758605957,-0.3780803680419922,-1.0116362571716309,-0.5433982014656067,-1.839314341545105,1.06203031539917,1.0226531028747559,-1.2589085102081299
0.4551758749999989,0.0034223749999999996,133.0,4.638708553237839,0.818173846963103,1.6615809387044014,0.0012025728356110977,-0.0004284270111902123,0.00041117036325918525,0.06143896514160925,-0.2859970033168793,0.1517825722694397,0.22908934950828552,1.832108736038208,0.3922407925128937,-0.39739155769348145,-1.021880865097046,-0.5560993552207947,-1.834370493888855,1.0320286750793457,0.9965078830718994,-1.263221025466919
0.4551758749999989,0.0034223749999999996,133.0,4.668466058828941,0.8456000874977658,1.6630525690564104,0.0013737230305819915,-0.000490575428375709,0.0004615352234413435,0.06148833090281441,-0.2831325829029083,0.153952494263649,0.2322334349155426,1.8426246643066406,0.41105905175209045,-0.4155097007751465,-1.0323848724365234,-0.5658710598945618,-1.8281716108322144,1.0038435459136963,0.9840611219406128,-1.2638810873031616
0.4551758749999989,0.0034223749999999996,133.0,4.6972415284826425,0.8722098725723603,1.6646520093018977,0.0015636847724149916,-0.0005626325320964427,0.0005185351837601552,0.06152193253504902,-0.28102871775627136,0.15398402512073517,0.23132196068763733,1.8409397602081299,0.4186808168888092,-0.4256770610809326,-1.0367697477340698,-0.5639812350273132,-1.8361259698867798,1.0007529258728027,0.9990851879119873,-1.264250636100769
0.4551758749999989,0.0034223749999999996,133.0,4.725158406514287,0.8983527166584976,1.666449682411377,0.0017916395449631196,-0.0006472291057019281,0.000587008031934204,0.06155669268663615,-0.27965936064720154,0.15624406933784485,0.2325362265110016,1.8484207391738892,0.441237211227417,-0.4411654472351074,-1.0357251167297363,-0.5698830485343933,-1.8434237241744995,0.9915225505828857,0.9984263181686401,-1.265882968902588
0.4551758749999989,0.0034223749999999996,133.0,4.752174931694467,0.9232021063591415,1.668061224126768,0.002025083842295424,-0.0007351673799203046,0.0006505444745030338,0.06157263123125026,-0.27777090668678284,0.15617315471172333,0.23266467452049255,1.8490351438522339,0.44676971435546875,-0.45009422302246094,-1.0436583757400513,-0.5704770684242249,-1.8446770906448364,0.9830679893493652,1.0074788331985474,-1.2659944295883179
0.4551758749999989,0.0034223749999999996,133.0,4.778204760594366,0.9472755433162219,1.6697136423693242,0.0022809745720948084,-0.0008348323323792091,0.000722643326216246,0.061611447341977925,-0.2758966386318207,0.1580655723810196,0.23538455367088318,1.8579773902893066,0.45867371559143066,-0.46286821365356445,-1.053576111793518,-0.5776249766349792,-1.8378803730010986,0.9613041877746582,0.9954640865325928,-1.2677103281021118
0.4551758749999989,0.0034223749999999996,133.0,4.80335823253333,0.9706152285093774,1.6711889319860123,0.002471953204124547,-0.0009077075782261692,0.0007720488757600087,0.061635203569900494,-0.2743915021419525,0.15809467434883118,0.235136479139328,1.8577872514724731,0.4646000564098358,-0.4709334373474121,-1.0585358142852783,-0.5772084593772888,-1.8418115377426147,0.9572656154632568,1.0060724020004272,-1.268049955368042
0.4551758749999989,0.0034223749999999996,133.0,4.827651227783752,0.9929960598142582,1.6729708249819102,0.0027127109949070527,-0.0010046076746937115,0.0008359009832958355,0.06166478259891033,-0.27317944169044495,0.1591162383556366,0.2365112006664276,1.862964391708374,0.4770824611186981,-0.4813687801361084,-1.0637624263763428,-0.5821697115898132,-1.8416945934295654,0.9464836120605469,1.0059603452682495,-1.268279790878296
0.4551758749999989,0.0034223749999999996,133.0,4.851144587829883,1.014884584374532,1.674399924350353,0.002958105292400454,-0.0010999693415076849,0.0009003093427654253,0.061686851460947024,-0.27179524302482605,0.16027823090553284,0.2372988760471344,1.8665295839309692,0.48557737469673157,-0.49063920974731445,-1.0689107179641724,-0.5839744210243225,-1.842797040939331,0.9375083446502686,1.0058388710021973,-1.2700796127319336
0.4551758749999989,0.0034223749999999996,133.0,4.87367321075361,1.035518138662755,1.6755116919226418,0.0032149662070801725,-0.0012044670320069087,0.0009684358721301835,0.06170977080441852,-0.27046826481819153,0.16026371717453003,0.23660704493522644,1.8652153015136719,0.49063238501548767,-0.4978058338165283,-1.0722373723983765,-0.5820696949958801,-1.8480879068374634,0.9364743232727051,1.0178600549697876,-1.2708086967468262
0.4551758749999989,0.0034223749999999996,133.0,4.8952348922449955,1.0549675211940104,1.6765321922708436,0.003468542999281072,-0.0013168741363609033,0.001035010863662088,0.061750185275586365,-0.2688926160335541,0.16122780740261078,0.238665372133255,1.8709430694580078,0.5007947087287903,-0.5084519386291504,-1.0798856019973755,-0.5882599949836731,-1.84159517288208,0.9193081855773926,1.012164831161499,-1.2703046798706055
0.4551758749999989,0.0034223749999999996,133.0,4.9156357566546065,1.0745923162977504,1.677981012115002,0.0036672804010926072,-0.001402473673971685,0.001084841947410255,0.061771578273165824,-0.26793423295021057,0.16296370327472687,0.24062862992286682,1.8776042461395264,0.5102435350418091,-0.5170865058898926,-1.086303949356079,-0.5930994153022766,-1.8383495807647705,0.9062998294830322,1.0029317140579224,-1.2720744609832764
0.4551758749999989,0.0034223749999999996,133.0,4.9349153760990925,1.093587763476005,1.6793416920972706,0.0038923201783882914,-0.0014992889894187287,0.001143742520724255,0.06178848033200689,-0.26750466227531433,0.16372358798980713,0.24039366841316223,1.8791176080703735,0.5189863443374634,-0.5232138633728027,-1.0866961479187012,-0.5930464863777161,-1.8460279703140259,0.9079413414001465,1.010377049446106,-1.2737419605255127
0.4551758749999989,0.0034223749999999996,133.0,4.9538160456322125,1.1103244623493453,1.6794274935261464,0.004078108861603254,-0.001594386203918984,0.0011944702310261132,0.061841904172883516,-0.26565006375312805,0.1628580093383789,0.24069258570671082,1.877443790435791,0.5176584124565125,-0.5291116237640381,-1.0971639156341553,-0.592613160610199,-1.8420286178588867,0.8982334136962891,1.0177184343338013,-1.2725658416748047
0.4551758749999989,0.0034223749999999996,133.0,4.971320922130562,1.1279056859012095,1.680857545627297,0.004304194908813383,-0.001696486274492386,0.0012538095555349423,0.061862503051286245,-0.26520678400993347,0.1650872379541397,0.24231866002082825,1.8843415975570679,0.526745080947876,-0.536370038986206,-1.1004340648651123,-0.5959648489952087,-1.8428664207458496,0.8898882865905762,1.007420301437378,-1.2760725021362305
0.4551758749999989,0.0034223749999999996,133.0,4.988107930962173,1.144122121896151,1.6814107099281412,0.0045061263327741425,-0.0017813100402903886,0.0013021669706549,0.061880226013476494,-0.2638116776943207,0.16471654176712036,0.24294039607048035,1.885058045387268,0.5302414894104004,-0.5418457984924316,-1.1069397926330566,-0.5980107188224792,-1.839607834815979,0.8799011707305908,1.0105180740356445,-1.2747728824615479
0.4551758749999989,0.0034223749999999996,133.0,5.004200726539266,1.1589563980319724,1.68131522308036,0.004703012054132732,-0.0018660994354646424,0.0013518188525348267,0.06191569324768508,-0.2621246874332428,0.16427727043628693,0.24269208312034607,1.882819414138794,0.5363153219223022,-0.5497770309448242,-1.1083253622055054,-0.5979692339897156,-1.8401764631271362,0.8742403984069824,1.020195484161377,-1.272679328918457
0.4551758749999989,0.0034223749999999996,133.0,5.019579217329288,1.1729615949100942,1.6814563362475652,0.0048582550599218415,-0.0019329948424739304,0.0013828208422343483,0.0619446532206038,-0.2596310079097748,0.16291117668151855,0.24366149306297302,1.8812296390533447,0.5358313918113708,-0.5554206371307373,-1.1187305450439453,-0.6006911396980286,-1.826992392539978,0.855109691619873,1.0207452774047852,-1.2683557271957397
0.4551758749999989,0.0034223749999999996,133.0,5.034099681344032,1.1864528663568479,1.6815537204011828,0.004997613142420995,-0.001989398029765341,0.0014123098337418718,0.06197589315729223,-0.25747671723365784,0.16341663897037506,0.24377337098121643,1.8798807859420776,0.5417566895484924,-0.56453537940979,-1.118080973625183,-0.600619375705719,-1.8233933448791504,0.8440718650817871,1.020405650138855,-1.2671228647232056
0.4551758749999989,0.0034223749999999996,133.0,5.047748229860056,1.1992362762526927,1.6819282990815414,0.005146869039281556,-0.0020504119366491565,0.001442904876034378,0.062001417287234906,-0.2548871338367462,0.16221554577350616,0.24360492825508118,1.8758723735809326,0.5439680814743042,-0.5708894729614258,-1.1208324432373047,-0.6007432341575623,-1.8158456087112427,0.8300042152404785,1.025030255317688,-1.2630388736724854
0.4551758749999989,0.0034223749999999996,133.0,5.060164771527452,1.2115905121613741,1.6826597970759054,0.005310172501415581,-0.0021091952656328767,0.0014742047458733267,0.06201719178293705,-0.25371405482292175,0.16287538409233093,0.24386325478553772,1.8762822151184082,0.5552590489387512,-0.5794024467468262,-1.115701675415039,-0.6025452017784119,-1.8172731399536133,0.8238959312438965,1.026756763458252,-1.2616924047470093
0.4551758749999989,0.0034223749999999996,133.0,5.071456237205957,1.223850451993002,1.6837174860260713,0.0054781191453182375,-0.0021656279209432147,0.0015118575104261045,0.062022800596527525,-0.2534290850162506,0.16478130221366882,0.24470403790473938,1.8805105686187744,0.572180449962616,-0.5882906913757324,-1.1066843271255493,-0.6067377924919128,-1.8213791847229004,0.8198213577270508,1.0228675603866577,-1.2617323398590088
0.4551758749999989,0.0034223749999999996,133.0,5.081845687926983,1.2358893959136688,1.6853865123753704,0.0056463431990356845,-0.0022152837016906923,0.0015419283343023728,0.06201631877588936,-0.2538900673389435,0.169025719165802,0.24691542983055115,1.8911237716674805,0.5936282873153687,-0.5984230041503906,-1.0950113534927368,-0.6140225529670715,-1.8255596160888672,0.8122739791870117,1.0026568174362183,-1.264952540397644
0.4551758749999989,0.0034223749999999996,133.0,5.09136579372229,1.2467392349623454,1.686561234966546,0.005834348546978044,-0.002277589591109333,0.0015859556156422039,0.062018666761987654,-0.2542308270931244,0.17404711246490479,0.2513551414012909,1.9063578844070435,0.6136178970336914,-0.6090495586395264,-1.0901007652282715,-0.6264271140098572,-1.8174736499786377,0.7909543514251709,0.964921236038208,-1.2675138711929321
0.4551758749999989,0.0034223749999999996,133.0,5.09997802863511,1.2577736889936488,1.6892670734761175,0.006070154709990038,-0.0024095155212719562,0.0016699311921206759,0.06189920605137822,-0.2555781900882721,0.17595888674259186,0.24848821759223938,1.9057011604309082,0.6289559602737427,-0.6110162734985352,-1.071624755859375,-0.6208632588386536,-1.840807318687439,0.8147585391998291,0.9786175489425659,-1.2726212739944458
0.4551758749999989,0.0034223749999999996,133.0,5.107625093355939,1.2671500478404434,1.6904086202437176,0.006356174099764885,-0.0025061064631383733,0.001743390519545734,0.061900302588328696,-0.2566598951816559,0.17890258133411407,0.24889996647834778,1.912124752998352,0.6510130167007446,-0.617659330368042,-1.0558971166610718,-0.626020610332489,-1.8507940769195557,0.8185584545135498,0.9736889600753784,-1.273895025253296
0.4551758749999989,0.0034223749999999996,133.0,5.114597543822238,1.2750788073580188,1.691013978100216,0.006786097949261912,-0.002666725005444652,0.001858275365834787,0.061911475637173946,-0.25679561495780945,0.1810598224401474,0.24984315037727356,1.9171092510223389,0.6654773950576782,-0.6240520477294922,-1.047614336013794,-0.6304077506065369,-1.8513383865356445,0.8134846687316895,0.9641922116279602,-1.274451732635498
0.4551758749999989,0.0034223749999999996,133.0,5.12063335416249,1.2825252014801534,1.6918547277422065,0.0075075339238270975,-0.002937213177188275,0.0020494788471838526,0.0619145127790341,-0.25770899653434753,0.1840537190437317,0.2503832280635834,1.9239305257797241,0.6835986971855164,-0.6298239231109619,-1.0352290868759155,-0.634783923625946,-1.855450987815857,0.8136765956878662,0.9530612826347351,-1.2768666744232178
0.4551758749999989,0.0034223749999999996,133.0,5.12610166816623,1.288383552764964,1.6924330027358947,0.009136263297057723,-0.0035802633262498216,0.002473792901991378,0.06192706032370407,-0.25695303082466125,0.18516138195991516,0.25240978598594666,1.9299308061599731,0.689202606678009,-0.6357450485229492,-1.0390594005584717,-0.6386393904685974,-1.8402122259140015,0.7944455146789551,0.9321504235267639,-1.2788786888122559
0.4551758749999989,0.0034223749999999996,133.0,5.130470055733881,1.292766412134391,1.6930955035439779,0.01689423403683584,-0.006768486782282099,0.004478806897217003,0.06196363964353287,-0.2557341158390045,0.18258218467235565,0.2544008791446686,1.9399535655975342,0.6938672661781311,-0.6463894844055176,-1.0577921867370605,-0.6372459530830383,-1.8007756471633911,0.762932300567627,0.910568118095398,-1.2902389764785767
0.4551758749999989,0.0034223749999999996,133.0,5.158510440861273,-1.1856417011108655,1.5422963899954296,-0.014890598231862737,-0.0008921999002992734,-0.006534735843103019,0.06657259636946816,-0.09465658664703369,0.224141925573349,-0.05519017577171326,1.2276716232299805,0.6524046659469604,-1.2716848850250244,-0.39618736505508423,-0.08746761083602905,-1.0765962600708008,0.7585797309875488,1.307067632675171,-1.1407639980316162
0.4551758749999989,0.0034223749999999996,133.0,5.153587266052742,-1.1800029611586473,1.542361482517724,-0.0080160394194004,-0.0004906277696061922,-0.003579990899341172,0.06653569196869022,-0.09669172763824463,0.22621415555477142,-0.055745869874954224,1.2299840450286865,0.6684484481811523,-1.2684791088104248,-0.37343984842300415,-0.0895240306854248,-1.0743836164474487,0.7897462844848633,1.285413384437561,-1.1406803131103516
0.4551758749999989,0.0034223749999999996,133.0,5.147593662548997,-1.174081998602663,1.5419797797099486,-0.0065865186777598235,-0.0004270434030214132,-0.00294682165637021,0.06650004233816027,-0.09878537058830261,0.2269776612520218,-0.05756986141204834,1.2339321374893188,0.6768547296524048,-1.2573332786560059,-0.35123661160469055,-0.0920376181602478,-1.073315143585205,0.7989411354064941,1.2692047357559204,-1.1420429944992065
0.4551758749999989,0.0034223749999999996,133.0,5.140880925369023,-1.167810723448702,1.5413068593249444,-0.005956689548493987,-0.00042513701749257246,-0.0026689495584149067,0.06647054822052775,-0.10064348578453064,0.22741001844406128,-0.059613585472106934,1.2371454238891602,0.6803461909294128,-1.2467634677886963,-0.3288355767726898,-0.09355217218399048,-1.0696669816970825,0.8053877353668213,1.2530866861343384,-1.1436876058578491
0.4551758749999989,0.0034223749999999996,133.0,5.1330979275301525,-1.160592420108134,1.5405451365203289,-0.005590606035719833,-0.0004435546578249692,-0.0025069429460172128,0.0664338809624545,-0.10286086797714233,0.22753562033176422,-0.06265059113502502,1.2406549453735352,0.6849489212036133,-1.2322206497192383,-0.2983272671699524,-0.09513270854949951,-1.0651131868362427,0.8121838569641113,1.2346969842910767,-1.145614743232727
0.4551758749999989,0.0034223749999999996,133.0,5.124124176750304,-1.1547421000898175,1.537114337470165,-0.005335448531033074,-0.0005028581189073236,-0.002392758916108297,0.06648218010363881,-0.10254111886024475,0.22588366270065308,-0.06659317016601562,1.2357373237609863,0.6862509846687317,-1.2200829982757568,-0.26604583859443665,-0.09152078628540039,-1.0527665615081787,0.814037561416626,1.2262060642242432,-1.1445040702819824
0.4551758749999989,0.0034223749999999996,133.0,5.114645881898982,-1.14633457404294,1.5358375484536166,-0.005121531712177186,-0.0005484938005414551,-0.002301061241545505,0.06644110808535503,-0.10485905408859253,0.2259465456008911,-0.06979969143867493,1.2391835451126099,0.6907592415809631,-1.2048065662384033,-0.2338767647743225,-0.09337204694747925,-1.0464084148406982,0.8198566436767578,1.2070808410644531,-1.146099328994751
0.4551758749999989,0.0034223749999999996,133.0,5.104501550345342,-1.136777282960489,1.5350290590285718,-0.004962483130754542,-0.0005710394262844276,-0.0022288182477297304,0.06641242401041897,-0.10735857486724854,0.22611582279205322,-0.07305377721786499,1.2426440715789795,0.6886416673660278,-1.1905198097229004,-0.20087158679962158,-0.09437602758407593,-1.0369189977645874,0.8271279335021973,1.1804378032684326,-1.1484769582748413
0.4551758749999989,0.0034223749999999996,133.0,5.093298474866952,-1.1265449614340397,1.533760904171316,-0.004819633903910413,-0.0006175192447386471,-0.00216540048880929,0.06636429860059581,-0.10994493961334229,0.22534891963005066,-0.07818639278411865,1.2444558143615723,0.690956175327301,-1.1693766117095947,-0.15243275463581085,-0.09442150592803955,-1.0249836444854736,0.835310697555542,1.1526987552642822,-1.1503113508224487
0.4551758749999989,0.0034223749999999996,133.0,5.081337948895751,-1.1156278028239588,1.5326265843418156,-0.004674999489819942,-0.0006592414580285978,-0.002102070130140435,0.06632410127839197,-0.11268767714500427,0.2250673919916153,-0.08242318034172058,1.2474477291107178,0.6945227384567261,-1.150662899017334,-0.11225135624408722,-0.09585148096084595,-1.0152742862701416,0.8424127101898193,1.1282474994659424,-1.151888370513916
0.4551758749999989,0.0034223749999999996,133.0,5.068969345360165,-1.1038050814209723,1.5318463666300712,-0.004539698742263735,-0.0006817628675914242,-0.0020411036939472615,0.06630882591274238,-0.11382657289505005,0.224636510014534,-0.08580312132835388,1.246377944946289,0.6877321600914001,-1.1402032375335693,-0.08421005308628082,-0.09311181306838989,-1.000767469406128,0.8483014106750488,1.1054235696792603,-1.153485655784607
0.4551758749999989,0.0034223749999999996,133.0,5.0559053660341835,-1.0912116121671336,1.5311074290386117,-0.00440312156176259,-0.0006966198426044148,-0.001978474949115097,0.06628998825588903,-0.11460822820663452,0.22412405908107758,-0.0890306830406189,1.2450008392333984,0.6891165375709534,-1.1299467086791992,-0.06045262888073921,-0.090981125831604,-0.9892897009849548,0.8522827625274658,1.0936282873153687,-1.1542335748672485
0.4551758749999989,0.0034223749999999996,133.0,5.042435003990133,-1.077515079960991,1.5308452665961574,-0.004284612547892652,-0.0006919174006363054,-0.0019219545569249348,0.06630249697934257,-0.11412107944488525,0.2231471687555313,-0.09242859482765198,1.2402594089508057,0.6861423850059509,-1.1221609115600586,-0.03951331600546837,-0.08557265996932983,-0.9744568467140198,0.8548572063446045,1.0809335708618164,-1.1549112796783447
0.4551758749999989,0.0034223749999999996,133.0,5.028572439248379,-1.0636466274208545,1.5304933725621568,-0.004129978858929532,-0.0006893680347315364,-0.0018532052174254185,0.06633513078406655,-0.11307483911514282,0.22310276329517365,-0.09377801418304443,1.2364654541015625,0.6812298893928528,-1.121241569519043,-0.03575799614191055,-0.08129739761352539,-0.9628786444664001,0.8539958000183105,1.0716722011566162,-1.1553120613098145
0.4551758749999989,0.0034223749999999996,133.0,5.013277009347851,-1.0483560415812094,1.5301687549769518,-0.003940090694390525,-0.0006779382224428137,-0.0017664334353545657,0.0663495985586369,-0.11179104447364807,0.22254276275634766,-0.09603509306907654,1.231237769126892,0.6763436198234558,-1.1181185245513916,-0.025572489947080612,-0.07596331834793091,-0.94941246509552,0.8529179096221924,1.0602525472640991,-1.1554126739501953
0.4551758749999989,0.0034223749999999996,133.0,4.9971012875299685,-1.032180786134199,1.5302328281639863,-0.0037690694963106986,-0.0006463670666055475,-0.0016763441221038507,0.06637177859778581,-0.11060038208961487,0.22282551229000092,-0.09709382057189941,1.227897047996521,0.6715741753578186,-1.1179711818695068,-0.023745108395814896,-0.07226830720901489,-0.9390423893928528,0.8501033782958984,1.0482556819915771,-1.1557097434997559
0.4551758749999989,0.0034223749999999996,133.0,4.980039646133902,-1.0153720958841541,1.5300427092862003,-0.003569299988747174,-0.0006222346614874926,-0.0015817495505921592,0.06639763112842212,-0.11008313298225403,0.22158953547477722,-0.10133793950080872,1.2226959466934204,0.6675546169281006,-1.1076018810272217,0.005723603069782257,-0.06717771291732788,-0.9217421412467957,0.8505649566650391,1.0251753330230713,-1.1556999683380127
0.4551758749999989,0.0034223749999999996,133.0,4.962891042769833,-0.9980406579524275,1.5303612807262148,-0.00337548895431383,-0.0005864373244440637,-0.0014959628193787285,0.06646580185663742,-0.10723313689231873,0.2218044400215149,-0.10165214538574219,1.2162714004516602,0.6551122069358826,-1.113795518875122,-0.0028673987835645676,-0.06076735258102417,-0.9086575508117676,0.8432769775390625,1.014351487159729,-1.1556315422058105
0.4551758749999989,0.0034223749999999996,133.0,4.9439077509401885,-0.9791775404108067,1.5304636497699298,-0.003178274051630469,-0.000560772720418117,-0.0014074071345501504,0.06648601140415877,-0.10736051201820374,0.2231721431016922,-0.10226041078567505,1.216590166091919,0.6451074481010437,-1.1117885112762451,0.0019825263880193233,-0.06001400947570801,-0.8957129120826721,0.8401942253112793,0.9866420030593872,-1.156515121459961
0.4551758749999989,0.0034223749999999996,133.0,4.924363583455505,-0.9601467197365111,1.5301271587750225,-0.0029983785906806705,-0.0005523213446992978,-0.0013292924411222758,0.06651193764508206,-0.10684826970100403,0.22192677855491638,-0.10684514045715332,1.210930347442627,0.6403875350952148,-1.1000783443450928,0.03616210073232651,-0.05477875471115112,-0.8738166093826294,0.8395328521728516,0.9573048949241638,-1.156167984008789
0.4551758749999989,0.0034223749999999996,133.0,4.904476766287385,-0.9399710811276917,1.5305099034588965,-0.0027665636052256236,-0.0005089469116522711,-0.0012270000502604321,0.06656767091346824,-0.10519179701805115,0.22222036123275757,-0.10823550820350647,1.2059504985809326,0.6279041767120361,-1.099935531616211,0.04134935885667801,-0.049458205699920654,-0.856139600276947,0.8340775966644287,0.9340929388999939,-1.1564158201217651
0.4551758749999989,0.0034223749999999996,133.0,4.882741860280981,-0.9198588491527281,1.5296315125623545,-0.002533978835866227,-0.0005094080549710749,-0.00112718883382338,0.06656110183135538,-0.1055864691734314,0.21988998353481293,-0.11507567763328552,1.1998546123504639,0.6335028409957886,-1.0792956352233887,0.09792999923229218,-0.04519236087799072,-0.8305283188819885,0.835517406463623,0.8986636400222778,-1.1547962427139282
0.4551758749999989,0.0034223749999999996,133.0,4.860895301730004,-0.8985220658629212,1.5295008125464042,-0.002316101665140957,-0.00047796434405433005,-0.0010311707605047467,0.06659511122686815,-0.10464861989021301,0.21849827468395233,-0.11955884099006653,1.1929700374603271,0.6289246678352356,-1.0686969757080078,0.13008145987987518,-0.039515018463134766,-0.8070629835128784,0.8326401710510254,0.8682195544242859,-1.1536608934402466
0.4551758749999989,0.0034223749999999996,133.0,4.838013739546021,-0.8759866706327422,1.5294385150874976,-0.0021018776477364433,-0.00044382325991881903,-0.0009337361706884518,0.06661242011000422,-0.1034555435180664,0.2185327410697937,-0.12177056074142456,1.1877295970916748,0.6165952086448669,-1.0649235248565674,0.14507879316806793,-0.03459060192108154,-0.7853282690048218,0.827228307723999,0.8364304900169373,-1.1532487869262695
0.4551758749999989,0.0034223749999999996,133.0,4.8142756824455,-0.8517889015394178,1.5296361907543181,-0.0019334589744083826,-0.00040649797008003553,-0.0008540803300983306,0.06662049026998539,-0.10236486792564392,0.21924394369125366,-0.12303590774536133,1.1843221187591553,0.6056821346282959,-1.062384843826294,0.15188077092170715,-0.031327903270721436,-0.7673390507698059,0.8194715976715088,0.8076856732368469,-1.1529816389083862
0.4551758749999989,0.0034223749999999996,133.0,4.790410043264555,-0.827533652970757,1.5300771119023047,-0.0017229022145460657,-0.0003591794141797497,-0.0007614681740450852,0.06668029818081202,-0.09935426712036133,0.220048725605011,-0.1230359673500061,1.1779615879058838,0.5900523066520691,-1.067444086074829,0.143401101231575,-0.024986863136291504,-0.7502797245979309,0.8078651428222656,0.787993848323822,-1.1528420448303223
0.4551758749999989,0.0034223749999999996,133.0,4.765084544797428,-0.8027110731950435,1.5300143772430204,-0.0015279707862653176,-0.0003303519665937304,-0.000675554710244329,0.06669961013135911,-0.09827467799186707,0.2192949801683426,-0.12662258744239807,1.1709730625152588,0.5786544680595398,-1.0596108436584473,0.16968996822834015,-0.018945395946502686,-0.7246682643890381,0.8026676177978516,0.7510017156600952,-1.151862621307373
0.4551758749999989,0.0034223749999999996,133.0,4.738709469487283,-0.7773731369892505,1.5296931832126897,-0.0013354624997054516,-0.0003023299827328236,-0.000590666291892511,0.06671283017791892,-0.09868749976158142,0.21771980822086334,-0.13222646713256836,1.164341688156128,0.5752193927764893,-1.043405294418335,0.2178996205329895,-0.014778196811676025,-0.6945710778236389,0.8008408546447754,0.7038273215293884,-1.1494240760803223
0.4551758749999989,0.0034223749999999996,133.0,4.7117250680707725,-0.7509532906442624,1.5295597701371053,-0.0011763355401105844,-0.0002747812207887897,-0.000520040446846462,0.06673779196127692,-0.09760984778404236,0.21654154360294342,-0.13649281859397888,1.1554055213928223,0.5628292560577393,-1.0336408615112305,0.25186896324157715,-0.007965683937072754,-0.6627594828605652,0.7950482368469238,0.6598517298698425,-1.1472487449645996
0.4551758749999989,0.0034223749999999996,133.0,4.684299140124438,-0.7239870112755095,1.529487809443148,-0.001034370205816291,-0.0002496204963783543,-0.0004569979266525126,0.06677627655637612,-0.0965200662612915,0.2153448462486267,-0.14080816507339478,1.1457360982894897,0.5493607521057129,-1.0233635902404785,0.28728383779525757,-0.0008247494697570801,-0.6285216212272644,0.7887046337127686,0.6136066317558289,-1.1446372270584106
0.4551758749999989,0.0034223749999999996,133.0,4.65544780976923,-0.695794441199405,1.529329935738088,-0.000852484405644227,-0.0002121042961346354,-0.0003756016868663159,0.06678763312650564,-0.09393498301506042,0.2144262045621872,-0.14395403861999512,1.1344389915466309,0.5340662598609924,-1.0178699493408203,0.31007158756256104,0.007688283920288086,-0.5957690477371216,0.7775671482086182,0.5752007365226746,-1.1417648792266846
0.4551758749999989,0.0034223749999999996,133.0,4.62573854739183,-0.6670920536951475,1.529176133101401,-0.0007140157633562146,-0.00018491380653461208,-0.00031423601466832717,0.06679865012993329,-0.09471431374549866,0.211917906999588,-0.15084251761436462,1.12335205078125,0.5299059748649597,-0.997746467590332,0.37452712655067444,0.012862920761108398,-0.5529871582984924,0.7744934558868408,0.5137304663658142,-1.1358301639556885
0.4551758749999989,0.0034223749999999996,133.0,4.595303790488298,-0.6374659782727266,1.529124478893842,-0.0005347404169403006,-0.0001429253625541118,-0.0002354221390814929,0.06681668266199595,-0.09457629919052124,0.2096632719039917,-0.15673363208770752,1.1106836795806885,0.5206148028373718,-0.9816427230834961,0.4293941557407379,0.019250482320785522,-0.5099166631698608,0.7682342529296875,0.4548129737377167,-1.129489541053772
0.4551758749999989,0.0034223749999999996,133.0,4.5644512670316635,-0.6068574224963946,1.52946084968797,-0.0003351968883117289,-9.018014992653486e-5,-0.0001478027333919571,0.06686473204431291,-0.09351259469985962,0.20816093683242798,-0.16110259294509888,1.0979443788528442,0.5054008364677429,-0.9703075885772705,0.469471275806427,0.026191771030426025,-0.4698162376880646,0.7583043575286865,0.3998796045780182,-1.1235792636871338
0.4551758749999989,0.0034223749999999996,133.0,4.532653072836192,-0.575427176125847,1.529737792338739,-0.00015632154913313852,-4.271162507262819e-5,-6.909847065890319e-5,0.06690332988876514,-0.09051546454429626,0.2074854075908661,-0.16342297196388245,1.0848722457885742,0.4868365228176117,-0.9662494659423828,0.48889443278312683,0.033984869718551636,-0.4350760579109192,0.7418355941772461,0.3567166328430176,-1.1181755065917969
0.4551758749999989,0.0034223749999999996,133.0,4.499850267701292,-0.5437890521506329,1.5300258287515514,1.7270469155562966e-5,4.885955467572238e-6,7.662444054865317e-6,0.06693043914907756,-0.08803495764732361,0.2063802182674408,-0.16650083661079407,1.0706076622009277,0.46852946281433105,-0.9593448638916016,0.5166605710983276,0.04189020395278931,-0.3978911340236664,0.7264480590820312,0.3077488839626312,-1.1117076873779297
0.4551758749999989,0.0034223749999999996,133.0,4.466132892160508,-0.5108999636696212,1.5301911429716604,0.00019045750930328536,5.5177607448873995e-5,8.46509917985805e-5,0.06695068918273489,-0.08685433864593506,0.20266039669513702,-0.17288503050804138,1.051159143447876,0.45929765701293945,-0.9445757865905762,0.5777887105941772,0.04989337921142578,-0.34729620814323425,0.71462082862854,0.24704906344413757,-1.100271224975586
0.4551758749999989,0.0034223749999999996,133.0,4.431423909905486,-0.4766196985879861,1.5300890174913442,0.0003774943841844281,0.00011113531868810611,0.00016809512067646922,0.06695803954669576,-0.08537304401397705,0.20033718645572662,-0.17727309465408325,1.03347647190094,0.44043317437171936,-0.9328305721282959,0.6229283213615417,0.05738037824630737,-0.29880836606025696,0.6996195316314697,0.18718373775482178,-1.089959740638733
0.4551758749999989,0.0034223749999999996,133.0,4.395828147746784,-0.4418383117658084,1.5305024341303366,0.0005238445746883137,0.00015598113060051898,0.00023415036664691964,0.06697970502402992,-0.08406785130500793,0.2001369744539261,-0.17940938472747803,1.0205137729644775,0.42044317722320557,-0.922457218170166,0.6477010846138,0.06245255470275879,-0.26246675848960876,0.682379961013794,0.1339273601770401,-1.0818570852279663
0.4551758749999989,0.0034223749999999996,133.0,4.35950579053889,-0.40643281918993374,1.5308221802435777,0.0006881295098762564,0.0002086577316745558,0.0003089081818032324,0.0669946214101767,-0.08270898461341858,0.19798943400382996,-0.18333443999290466,1.0018417835235596,0.4008566439151764,-0.9098865985870361,0.6897687315940857,0.06974509358406067,-0.2158064991235733,0.6660144329071045,0.07605431228876114,-1.0703463554382324
0.4551758749999989,0.0034223749999999996,133.0,4.322403905774383,-0.3702666112191568,1.531243425334548,0.0008624622002217752,0.0002656923872382341,0.0003890257862436368,0.06700923358474672,-0.08135223388671875,0.19575393199920654,-0.18712615966796875,0.9818401336669922,0.37994179129600525,-0.8964757919311523,0.7324931025505066,0.0770101249217987,-0.1672382801771164,0.6484901905059814,0.01735708676278591,-1.0574663877487183
0.4551758749999989,0.0034223749999999996,133.0,4.2843523979755265,-0.3332530507818363,1.531674651782112,0.0010594203328152872,0.0003317407116694296,0.0004816863989953992,0.06701938523095653,-0.0799623429775238,0.1932263970375061,-0.1909431666135788,0.9597128629684448,0.35746049880981445,-0.8816509246826172,0.7775606513023376,0.08450940251350403,-0.11525571346282959,0.6296262741088867,-0.04208630323410034,-1.042685866355896
0.4551758749999989,0.0034223749999999996,133.0,4.245474995104974,-0.29531881272410676,1.5320599733116655,0.001246546150727288,0.0003966825847928543,0.0005691561582294366,0.06701336074489922,-0.07848542928695679,0.19038265943527222,-0.1946984976530075,0.935380220413208,0.3331391513347626,-0.8654508590698242,0.8246030211448669,0.09215489029884338,-0.05926985293626785,0.6088426113128662,-0.10179948806762695,-1.0258424282073975
0.4551758749999989,0.0034223749999999996,133.0,4.205563197305925,-0.2569862345127059,1.5329253479476304,0.0013651612397295996,0.0004431109080467925,0.0006288709878826929,0.06701329193829161,-0.07827112078666687,0.18820130825042725,-0.19806961715221405,0.9108451008796692,0.307908833026886,-0.8434193134307861,0.8726520538330078,0.09823772311210632,-0.002235956257209182,0.5888185501098633,-0.16598357260227203,-1.0071799755096436
0.4551758749999989,0.0034223749999999996,133.0,4.165106285504372,-0.21774787786605473,1.5335238822041612,0.0015164301525104511,0.0004995357920829347,0.0007072698610838427,0.06701910756139248,-0.07690772414207458,0.18326589465141296,-0.20260748267173767,0.8776584267616272,0.2843823730945587,-0.8231327533721924,0.9344267249107361,0.10745412111282349,0.06794589757919312,0.5653436183929443,-0.22388742864131927,-0.9831126928329468
0.4551758749999989,0.0034223749999999996,133.0,4.123259616613755,-0.17673810778115975,1.5335816227428296,0.0016636163038412626,0.0005534854342263008,0.0007875189039947307,0.06699622723777295,-0.07457044720649719,0.18011409044265747,-0.2050238400697708,0.8485396504402161,0.2520362138748169,-0.8037645816802979,0.9755387306213379,0.11446377635002136,0.1313345730304718,0.5364141464233398,-0.2772538661956787,-0.9608418345451355
0.4551758749999989,0.0034223749999999996,133.0,4.081372749519716,-0.13488369194018293,1.5374748360849855,0.0017968384084050225,0.0005963868895801468,0.000877694505499662,0.06694579534152698,-0.07418471574783325,0.17379286885261536,-0.20927147567272186,0.8065537214279175,0.22984901070594788,-0.7758257389068604,1.044740915298462,0.1253056824207306,0.20973986387252808,0.5129528045654297,-0.32322731614112854,-0.9296402931213379
0.4551758749999989,0.0034223749999999996,133.0,4.036205490972679,-0.09191096735817254,1.537968594987298,0.0018900240605975898,0.0006504303820204997,0.000938451709399834,0.06683150847583022,-0.07612064480781555,0.17350830137729645,-0.21007151901721954,0.7946675419807434,0.214412659406662,-0.7570300102233887,1.065320372581482,0.12284055352210999,0.2467838078737259,0.5026454925537109,-0.3621780574321747,-0.9151611328125
0.4551758749999989,0.0034223749999999996,133.0,3.985106611967746,-0.04157960433063252,1.5380302283585605,0.0018445540709696251,0.000533309696892208,0.0010610638931815115,0.0666263791241021,-0.08070692420005798,0.19258348643779755,-0.1945689469575882,0.8870269656181335,0.24829213321208954,-0.799915075302124,0.8103649616241455,0.09966430068016052,-0.13240240514278412,0.630774736404419,-0.16462668776512146,-0.9843015074729919
0.4551758749999989,0.0034223749999999996,133.0,3.9236884147719757,0.019605461690685222,1.5366404178674244,0.0016896781657873977,-4.34761899488333e-5,0.0012646823265519943,0.06573578201590362,-0.10824212431907654,0.21558229625225067,-0.15196630358695984,0.9764683246612549,0.39155009388923645,-0.7546179294586182,0.3186586797237396,0.07929417490959167,-0.9277023077011108,0.984818696975708,0.34097012877464294,-1.0526456832885742
0.4551758749999989,0.0034223749999999996,133.0,3.8461005113418993,0.038200424629605365,1.5353237672732014,0.00010314290207141664,7.927774191718934e-6,7.750036066800105e-5,0.0644649212808945,-0.13223063945770264,0.22370554506778717,-0.1381659209728241,0.9395347833633423,0.39653149247169495,-0.6280961036682129,0.1138874888420105,0.12059599161148071,-1.3037277460098267,1.2450323104858398,0.5673477649688721,-1.0567386150360107
0.4551758749999989,0.0034223749999999996,133.0,3.8673381774958275,0.07629472854054072,1.5568728343734344,-0.0018278997056213058,0.00013314063445916548,-0.0013087811570529604,0.06268120470761047,-0.2701978385448456,0.0935361310839653,0.030905693769454956,1.3413394689559937,0.3501904010772705,-0.07175040245056152,-0.08172887563705444,-0.3387035131454468,-1.4159268140792847,1.4914953708648682,0.895665168762207,-0.9963119626045227
0.4551758749999989,0.0034223749999999996,133.0,3.883981924884953,0.12825742595485282,1.588718235620471,-0.002244370427127662,0.0006943824110340769,-0.0012692958460947643,0.060693156243782326,-0.33567532896995544,0.07816875725984573,0.1501179039478302,1.4577997922897339,-0.20908629894256592,0.059741973876953125,-0.8264299631118774,-0.38433516025543213,-1.4132509231567383,1.5176398754119873,1.3592216968536377,-1.062461018562317
0.4551758749999989,0.0034223749999999996,133.0,3.922117184218894,0.17629007410672512,1.5993424001862542,-0.0022862863600744726,0.0007688210241505057,-0.0011857067781675965,0.06028232290573499,-0.342825323343277,0.08832298219203949,0.17809835076332092,1.559333324432373,-0.2034008800983429,0.04413747787475586,-0.9125229716300964,-0.40204036235809326,-1.4440206289291382,1.4451253414154053,1.2056450843811035,-1.1456009149551392
0.4551758749999989,0.0034223749999999996,133.0,3.9665425169330693,0.22089388693740666,1.6047314005146227,-0.00217090865946117,0.0007291931326861733,-0.001083085665498185,0.06027563729213611,-0.33898618817329407,0.09954436123371124,0.18832680583000183,1.6083906888961792,-0.11053979396820068,-0.00021123886108398438,-0.9103291034698486,-0.41974711418151855,-1.516710638999939,1.3982665538787842,1.1233625411987305,-1.1765401363372803
0.4551758749999989,0.0034223749999999996,133.0,4.011082095627317,0.2631180191854278,1.6090804198086712,-0.0019925458887041433,0.0006702056197755765,-0.0009604292233581552,0.060348217513129666,-0.3352087438106537,0.10681742429733276,0.19307556748390198,1.635736346244812,-0.04367757588624954,-0.0372929573059082,-0.9049259424209595,-0.43012434244155884,-1.579494833946228,1.3705708980560303,1.0838172435760498,-1.1933376789093018
0.4551758749999989,0.0034223749999999996,133.0,4.054963133721432,0.30346790975212223,1.6120321657596828,-0.001766965239666267,0.0005934493083798295,-0.0008278722305906573,0.060493842368947656,-0.32957109808921814,0.1094759926199913,0.198526531457901,1.6590477228164673,-0.001252960180863738,-0.07275533676147461,-0.9235521554946899,-0.44896185398101807,-1.6035706996917725,1.3216001987457275,1.0720007419586182,-1.197581171989441
0.4551758749999989,0.0034223749999999996,133.0,4.098033273843946,0.3434197516533144,1.614264466228774,-0.0016611515293839863,0.0005548653718427124,-0.0007644923213426311,0.06062452453640354,-0.3249986469745636,0.11159122735261917,0.20139023661613464,1.6730543375015259,0.026346728205680847,-0.0999455451965332,-0.9358383417129517,-0.4583438038825989,-1.628756046295166,1.2901403903961182,1.0703121423721313,-1.202118158340454
0.4551758749999989,0.0034223749999999996,133.0,4.140437789118841,0.3830675208252059,1.6171119845882296,-0.0014217727346716028,0.00047522830894382507,-0.0006399742787966361,0.06069473647797233,-0.3222581446170807,0.11522214114665985,0.20026931166648865,1.6782439947128296,0.05598887801170349,-0.12163925170898438,-0.9276950359344482,-0.4551531672477722,-1.6757965087890625,1.2894847393035889,1.0730595588684082,-1.2106225490570068
0.4551758749999989,0.0034223749999999996,133.0,4.181842078309444,0.4219697456032914,1.6200894824729128,-0.0012395398328780402,0.0004132310489528918,-0.0005421588363852793,0.06076417379741533,-0.31874898076057434,0.11854558438062668,0.20279011130332947,1.6931911706924438,0.09201385080814362,-0.14857912063598633,-0.9325730800628662,-0.464621365070343,-1.7030022144317627,1.2666053771972656,1.067038655281067,-1.2160418033599854
0.4551758749999989,0.0034223749999999996,133.0,4.222429642161946,0.45990661413826406,1.623061806165295,-0.0010078470583162723,0.0003373247135527402,-0.0004302411249004644,0.06084921684992219,-0.314712792634964,0.12448374927043915,0.20897701382637024,1.7216780185699463,0.14183548092842102,-0.18198084831237793,-0.9428980946540833,-0.482680082321167,-1.7216168642044067,1.224501609802246,1.0332670211791992,-1.2262248992919922
0.4551758749999989,0.0034223749999999996,133.0,4.262061098155591,0.4967321892567498,1.6254206013059076,-0.0008012547249102305,0.00026981383097507693,-0.000335795682070628,0.06093397934498607,-0.3109876215457916,0.126967653632164,0.21096882224082947,1.733572006225586,0.17328551411628723,-0.20778107643127441,-0.9485807418823242,-0.4915241599082947,-1.742077112197876,1.2014679908752441,1.0323859453201294,-1.2292662858963013
0.4551758749999989,0.0034223749999999996,133.0,4.300716703579819,0.532916981362371,1.6276880150903341,-0.0006053741944885663,0.00020423958495645862,-0.000248257355826749,0.06100059785475169,-0.3076057732105255,0.12950249016284943,0.21286460757255554,1.7449018955230713,0.20292100310325623,-0.23204493522644043,-0.9536846280097961,-0.49973374605178833,-1.7597301006317139,1.1805362701416016,1.0308886766433716,-1.2323858737945557
0.4551758749999989,0.0034223749999999996,133.0,4.338490283278404,0.5682936637261419,1.6300155066225062,-0.0004162622997860434,0.00014075433402824537,-0.0001670223072193017,0.061059711537996234,-0.3045923411846161,0.13208964467048645,0.21492817997932434,1.7565335035324097,0.23064543306827545,-0.25456666946411133,-0.95947265625,-0.5080401301383972,-1.774184226989746,1.160381555557251,1.0279535055160522,-1.2357021570205688
0.4551758749999989,0.0034223749999999996,133.0,4.375321407723792,0.602714277142051,1.632389931026504,-0.00023329164120474536,7.955037272977652e-5,-9.202629284380527e-5,0.061117414509341356,-0.30255112051963806,0.13377653062343597,0.21361467242240906,1.757688045501709,0.2446090131998062,-0.2687866687774658,-0.9584824442863464,-0.5047352910041809,-1.7980642318725586,1.162018060684204,1.0413826704025269,-1.2403390407562256
0.4551758749999989,0.0034223749999999996,133.0,4.410890290208843,0.636121055113773,1.6340958199006406,-6.948259993967602e-5,2.380884810166022e-5,-2.7006505529813007e-5,0.06118860765314962,-0.2995789349079132,0.13842523097991943,0.21945849061012268,1.7805671691894531,0.2764280140399933,-0.2944321632385254,-0.9733174443244934,-0.5205991864204407,-1.7983791828155518,1.1240155696868896,1.0122942924499512,-1.2471355199813843
0.4551758749999989,0.0034223749999999996,133.0,4.445512160316476,0.6683262686273791,1.635524509862267,0.00014990666411136665,-5.182045746116828e-5,5.746870799591855e-5,0.06123147103817055,-0.29722997546195984,0.1390651911497116,0.21951165795326233,1.783293604850769,0.2846726179122925,-0.3071885108947754,-0.9826892614364624,-0.5211068987846375,-1.808336853981018,1.1150648593902588,1.0229507684707642,-1.2494518756866455
0.4551758749999989,0.0034223749999999996,133.0,4.480439613200953,0.6980144567423424,1.6358304495618115,0.00035372695345789646,-0.00012175342363838945,0.00013173702563202373,0.06140791834903433,-0.29327133297920227,0.13829083740711212,0.22039207816123962,1.784934401512146,0.2932553291320801,-0.3252899646759033,-0.9969156980514526,-0.5255082249641418,-1.8071056604385376,1.0931668281555176,1.0360573530197144,-1.2467586994171143
0.4551758749999989,0.0034223749999999996,133.0,4.513554834002024,0.7290253528367241,1.6381649022338345,0.0005588937790693339,-0.00019452051244519167,0.00020474117717780735,0.06144977452874077,-0.29140928387641907,0.14075809717178345,0.2224261462688446,1.7952297925949097,0.3141176998615265,-0.34194350242614746,-1.0034483671188354,-0.5324957966804504,-1.8138505220413208,1.0781745910644531,1.0305750370025635,-1.250052809715271
0.4551758749999989,0.0034223749999999996,133.0,4.545938254963185,0.7593936394732365,1.64021417592621,0.0008026535728944841,-0.000280685220171103,0.0002891362125814453,0.06146226788816064,-0.2893553078174591,0.14270572364330292,0.22108307480812073,1.7959238290786743,0.3257967233657837,-0.3539414405822754,-1.0036438703536987,-0.5278453230857849,-1.831328272819519,1.078693151473999,1.0386481285095215,-1.2555737495422363
0.4551758749999989,0.0034223749999999996,133.0,4.57742164700814,0.789414412450959,1.6428947196424615,0.0009774082072197237,-0.0003424992288966396,0.00034462938277330036,0.06148323293638098,-0.2876007854938507,0.14668212831020355,0.22377833724021912,1.8101489543914795,0.35747605562210083,-0.3739161491394043,-1.004729151725769,-0.5379683375358582,-1.8394036293029785,1.0615217685699463,1.0243738889694214,-1.2596313953399658
0.4551758749999989,0.0034223749999999996,133.0,4.6079544818490685,0.8183189990958406,1.6457009379926641,0.001201382499658044,-0.0004234434686328481,0.00041310877146111036,0.06148609867570533,-0.28545859456062317,0.15083229541778564,0.2283128798007965,1.8275927305221558,0.3832794427871704,-0.39339780807495117,-1.0152415037155151,-0.5507796406745911,-1.8346818685531616,1.0313713550567627,0.9979225397109985,-1.2640833854675293
0.4551758749999989,0.0034223749999999996,133.0,4.637712269965554,0.8457035464825908,1.6471443369192875,0.0013723040036142291,-0.0004848808101831338,0.0004637863309330705,0.06153681634747447,-0.28256019949913025,0.15299634635448456,0.23146936297416687,1.8382017612457275,0.40226301550865173,-0.41173577308654785,-1.0258491039276123,-0.5606055855751038,-1.828608751296997,1.003058671951294,0.9854766130447388,-1.2647820711135864
0.4551758749999989,0.0034223749999999996,133.0,4.666496723110475,0.8722983983312883,1.648757409983449,0.0015620854014632218,-0.0005560662162461835,0.0005210035646670148,0.061571663961485994,-0.2804490029811859,0.15305736660957336,0.23057469725608826,1.8366143703460693,0.409919798374176,-0.421964168548584,-1.0302962064743042,-0.5587703585624695,-1.8366167545318604,0.9999022483825684,1.0002731084823608,-1.2651921510696411
0.4551758749999989,0.0034223749999999996,133.0,4.694432664669824,0.8984045690673017,1.6505564002527842,0.001789762546918184,-0.0006397535761435247,0.0005897305380542426,0.06160768808503769,-0.27873602509498596,0.15450391173362732,0.23200181126594543,1.8428505659103394,0.42632171511650085,-0.43559789657592773,-1.0351415872573853,-0.5643324255943298,-1.8386908769607544,0.9870171546936035,0.9999239444732666,-1.2658907175064087
0.4551758749999989,0.0034223749999999996,133.0,4.721448061074407,0.9232382685627123,1.6523540132873715,0.002021437865742881,-0.0007293375425826219,0.0006546272040931195,0.06162734779163548,-0.2772156894207001,0.1553439348936081,0.23201307654380798,1.8451672792434692,0.43789035081863403,-0.4462249279022217,-1.0377198457717896,-0.5654489398002625,-1.8449697494506836,0.9818713665008545,1.0074249505996704,-1.267198920249939
0.4551758749999989,0.0034223749999999996,133.0,4.747502296903563,0.9472769191995368,1.6538065932689923,0.0022786296840550595,-0.0008253876851069867,0.0007260210885247847,0.06166307135134028,-0.2752315104007721,0.1571456640958786,0.23469439148902893,1.8538620471954346,0.45009878277778625,-0.4595201015472412,-1.047507643699646,-0.5725715756416321,-1.8382890224456787,0.9598715305328369,0.9962799549102783,-1.2686997652053833
0.4551758749999989,0.0034223749999999996,133.0,4.772627285184189,0.970577790351822,1.6554378870784656,0.0024674472207866856,-0.0009010668193625114,0.0007768619336930381,0.061690193016822874,-0.2737729251384735,0.15722648799419403,0.23448219895362854,1.8539036512374878,0.455692857503891,-0.4672820568084717,-1.0528039932250977,-0.5721827149391174,-1.8420785665512085,0.9558351039886475,1.006203532218933,-1.2692369222640991
0.4551758749999989,0.0034223749999999996,133.0,4.796880565117367,0.9930902815449917,1.6570708752242802,0.002710191138278732,-0.000992956828698438,0.0008400034443078516,0.06171600691727632,-0.27253761887550354,0.15826824307441711,0.23577740788459778,1.858932375907898,0.46863222122192383,-0.4780735969543457,-1.0573065280914307,-0.5769801735877991,-1.8425583839416504,0.9454965591430664,1.0066587924957275,-1.2694904804229736
0.4551758749999989,0.0034223749999999996,133.0,4.820396129006733,1.0149364231925395,1.6584257305938959,0.002955076874809024,-0.0010871605155138328,0.0009049481769374687,0.061740731288722345,-0.27112171053886414,0.1593923568725586,0.23655351996421814,1.8624022006988525,0.4771770238876343,-0.4875473976135254,-1.0624867677688599,-0.5787670016288757,-1.8437626361846924,0.9365534782409668,1.0069457292556763,-1.2712153196334839
0.4551758749999989,0.0034223749999999996,133.0,4.842962012744698,1.0354546369011557,1.6597328951688977,0.003209635568433426,-0.0011948840314068626,0.0009740981039163021,0.06176596059893199,-0.26984283328056335,0.1594080626964569,0.23591992259025574,1.8613353967666626,0.4817125201225281,-0.4943728446960449,-1.0662524700164795,-0.5769162774085999,-1.8487101793289185,0.9354019165039062,1.0182158946990967,-1.2721295356750488
0.4551758749999989,0.0034223749999999996,133.0,4.864586346024656,1.0550165719097633,1.6606751804557232,0.0034665161009541233,-0.0013007696222709906,0.001039391068464941,0.06179931842608703,-0.26825782656669617,0.16042646765708923,0.237980455160141,1.8671448230743408,0.49251624941825867,-0.5054304599761963,-1.0734479427337646,-0.5831674933433533,-1.842610239982605,0.9183673858642578,1.0126677751541138,-1.2716482877731323
0.4551758749999989,0.0034223749999999996,133.0,4.8851001008456265,1.074595050240804,1.6622862267827445,0.0036663424968665648,-0.0013841548198422467,0.001087672827004206,0.06181985914992032,-0.2673057019710541,0.16221827268600464,0.24001535773277283,1.8740657567977905,0.5020681023597717,-0.5140659809112549,-1.080121397972107,-0.5881937146186829,-1.8390618562698364,0.905005693435669,1.0026661157608032,-1.273484230041504
0.4551758749999989,0.0034223749999999996,133.0,4.90448992099865,1.0933056285288698,1.6634438884106073,0.0038912201150638295,-0.0014799304164487316,0.001146496762891008,0.0618380662568045,-0.26667436957359314,0.16271567344665527,0.23966571688652039,1.874742865562439,0.5104984641075134,-0.5206892490386963,-1.0804628133773804,-0.587925374507904,-1.8462740182876587,0.9062316417694092,1.0118976831436157,-1.274543285369873
0.4551758749999989,0.0034223749999999996,133.0,4.923369695688813,1.1101269070108015,1.6636911764526234,0.004078751473560826,-0.0015725901933416444,0.0011963547757794918,0.061886474934390395,-0.2649171054363251,0.16198387742042542,0.23998132348060608,1.8734304904937744,0.5094812512397766,-0.5263984203338623,-1.0907891988754272,-0.5875480771064758,-1.8427609205245972,0.8969995975494385,1.0186055898666382,-1.2736706733703613
0.4551758749999989,0.0034223749999999996,133.0,4.940944139115955,1.127633953574371,1.665146402483346,0.004305976077813667,-0.0016725040681165248,0.0012544284699706712,0.061905594404676134,-0.26444199681282043,0.16419970989227295,0.2416185438632965,1.8803086280822754,0.518704891204834,-0.5337731838226318,-1.094179630279541,-0.5909425616264343,-1.8435300588607788,0.8884882926940918,1.0083248615264893,-1.2771131992340088
0.4551758749999989,0.0034223749999999996,133.0,4.9577179366730855,1.1438439286880813,1.6660274889984223,0.004500607450496304,-0.0017661259913437032,0.0013063788050575295,0.0619372528347409,-0.2633683383464813,0.16400325298309326,0.24147412180900574,1.8800066709518433,0.5231217741966248,-0.5388529300689697,-1.0975743532180786,-0.5910436511039734,-1.8455810546875,0.8848130702972412,1.0155291557312012,-1.2767918109893799
0.4551758749999989,0.0034223749999999996,133.0,4.973868739607034,1.1585974843641464,1.6659416796139581,0.00469672292033574,-0.0018507077843414393,0.001355837595330475,0.06197534211747531,-0.26145467162132263,0.16351096332073212,0.24208852648735046,1.8793805837631226,0.5281601548194885,-0.5467855930328369,-1.102694034576416,-0.5932134985923767,-1.8407106399536133,0.8728210926055908,1.019765019416809,-1.274036169052124
0.4551758749999989,0.0034223749999999996,133.0,4.989269212911749,1.1725327898172517,1.6660204658457807,0.0048507806440586925,-0.0019173678580444917,0.001388085889884843,0.062007361921742846,-0.2589152753353119,0.16207310557365417,0.24302402138710022,1.8776228427886963,0.5276902914047241,-0.5526895523071289,-1.1130056381225586,-0.5959177613258362,-1.8275489807128906,0.8536839485168457,1.021050214767456,-1.2695673704147339
0.4551758749999989,0.0034223749999999996,133.0,5.003832618744804,1.1860302664954698,1.6662354911209811,0.004990541092324281,-0.0019732559311985004,0.0014159618535421429,0.06203830563969569,-0.2567960321903229,0.16264675557613373,0.24319854378700256,1.8765889406204224,0.5337329506874084,-0.5617437362670898,-1.1125017404556274,-0.5960143208503723,-1.823875069618225,0.8425388336181641,1.0199967622756958,-1.2684754133224487
0.4551758749999989,0.0034223749999999996,133.0,5.017482332244551,1.1988328847387786,1.6665894982816527,0.005138987671917061,-0.002033627698261938,0.0014477630835193955,0.06206569606453668,-0.2542056143283844,0.16144821047782898,0.24302753806114197,1.8726205825805664,0.5361570715904236,-0.568265438079834,-1.1151882410049438,-0.596182644367218,-1.8165291547775269,0.8285667896270752,1.0248538255691528,-1.264387845993042
0.4551758749999989,0.0034223749999999996,133.0,5.029933899307847,1.211099980142614,1.66729344811328,0.005301582522287911,-0.002092339477791802,0.001478793117547446,0.062083457615124675,-0.2528096139431,0.1619844138622284,0.2438426911830902,1.8738502264022827,0.546403706073761,-0.5766446590423584,-1.1127357482910156,-0.5993501543998718,-1.8138859272003174,0.8177967071533203,1.0228849649429321,-1.262453317642212
0.4551758749999989,0.0034223749999999996,133.0,5.041230274094353,1.2233590079119292,1.6683637048532243,0.005469209556390289,-0.0021482005332192845,0.0015166110730575574,0.06208935182562066,-0.25270387530326843,0.16398315131664276,0.24414464831352234,1.8772084712982178,0.5644380450248718,-0.5858156681060791,-1.1013007164001465,-0.6021925806999207,-1.8219588994979858,0.818192720413208,1.0227028131484985,-1.2630163431167603
0.4551758749999989,0.0034223749999999996,133.0,5.051631963468188,1.2353853593728463,1.6700563491005989,0.005637291366071826,-0.002197424669972518,0.0015462232961275134,0.06208287385036649,-0.25317105650901794,0.16825737059116364,0.24639448523521423,1.8879477977752686,0.5860036611557007,-0.5959515571594238,-1.0898277759552002,-0.6095070242881775,-1.826133131980896,0.8105411529541016,1.0020872354507446,-1.2663321495056152
0.4551758749999989,0.0034223749999999996,133.0,5.0611498130382335,1.2462172963332243,1.6712150195582673,0.005824807200325188,-0.002259488000516739,0.0015904964779107791,0.062085313612400404,-0.2535019814968109,0.173283651471138,0.25085416436195374,1.9032254219055176,0.6061404347419739,-0.6066737174987793,-1.0850553512573242,-0.6219013333320618,-1.8180618286132812,0.7891323566436768,0.9642283916473389,-1.2689478397369385
0.4551758749999989,0.0034223749999999996,133.0,5.069767085368426,1.2572431827950385,1.6739278134959836,0.006060246669786258,-0.00239096646047605,0.0016746119677355908,0.061965304046627104,-0.25485339760780334,0.1752123236656189,0.2479887306690216,1.9025577306747437,0.6214956641197205,-0.6085636615753174,-1.0666412115097046,-0.6162942051887512,-1.8414287567138672,0.812985897064209,0.9777264595031738,-1.27408766746521
0.4551758749999989,0.0034223749999999996,133.0,5.077416654773675,1.2666184953544668,1.675068279731488,0.006345735273056516,-0.0024869137354715824,0.0017481994348828196,0.06196634626294102,-0.2559312880039215,0.17817585170269012,0.2484094202518463,1.9089899063110352,0.6436430215835571,-0.615203857421875,-1.0509699583053589,-0.6214160323143005,-1.8514163494110107,0.8167660236358643,0.9725620746612549,-1.2754058837890625
0.4551758749999989,0.0034223749999999996,133.0,5.084390191279787,1.274529715910461,1.6756677788071015,0.006774896596649366,-0.0026464299494540367,0.0018633619106273682,0.06197748272998057,-0.25605443120002747,0.18033084273338318,0.24935242533683777,1.9139469861984253,0.658146858215332,-0.6216228008270264,-1.042730689048767,-0.6257646679878235,-1.851920485496521,0.8116557598114014,0.9629928469657898,-1.275972843170166
0.4551758749999989,0.0034223749999999996,133.0,5.090429974722477,1.2819694820330048,1.67651347315327,0.007495168365947724,-0.0029150632514656945,0.0020547812297771998,0.06198031962522966,-0.25696703791618347,0.18334290385246277,0.24990537762641907,1.9207866191864014,0.676369309425354,-0.6273775100708008,-1.030470609664917,-0.6301235556602478,-1.8559956550598145,0.8118042945861816,0.9515987038612366,-1.2784223556518555
0.4551758749999989,0.0034223749999999996,133.0,5.095895942235611,1.287825506741687,1.677082202868801,0.009121091354215762,-0.0035534621846819653,0.002480584695719516,0.06199292720063793,-0.2562123239040375,0.18445314466953278,0.2519439160823822,1.9268079996109009,0.6820791959762573,-0.6333577632904053,-1.0344643592834473,-0.6339824795722961,-1.8407756090164185,0.7925262451171875,0.9306706786155701,-1.2804527282714844
0.4551758749999989,0.0034223749999999996,133.0,5.100265818620234,1.2922185999811426,1.6777444197235771,0.016866314254440556,-0.006719824588941496,0.004491940383128499,0.06202912688701133,-0.2550073564052582,0.1818721443414688,0.25393083691596985,1.936741828918457,0.6868671774864197,-0.6439774036407471,-1.0536266565322876,-0.6325147747993469,-1.8012903928756714,0.7609977722167969,0.9090601205825806,-1.2917938232421875
0.4551758749999989,0.0034223749999999996,133.0,5.12784827722345,-1.1864506763877722,1.5279259407637675,-0.014873952887942575,-0.0009584756361543838,-0.006524592241529146,0.06660433882211539,-0.09260028600692749,0.22283735871315002,-0.05807715654373169,1.2209751605987549,0.6431129574775696,-1.2662115097045898,-0.37306836247444153,-0.07977622747421265,-1.0592008829116821,0.7548787593841553,1.287596583366394,-1.1418122053146362
0.4551758749999989,0.0034223749999999996,133.0,5.122934129712874,-1.1808164516399513,1.5279956546669657,-0.008007277331917714,-0.0005257011039996706,-0.0035737803822995184,0.06656782635228237,-0.09464865922927856,0.2249295711517334,-0.05861291289329529,1.2232625484466553,0.6586365699768066,-1.263077735900879,-0.3507631719112396,-0.08188426494598389,-1.0571393966674805,0.7862403392791748,1.2656842470169067,-1.1416466236114502
0.4551758749999989,0.0034223749999999996,133.0,5.116951304348496,-1.174913370543831,1.5276155584800684,-0.006578994601712928,-0.00045609298111476014,-0.002941630716931524,0.06653316578847573,-0.09683063626289368,0.22614090144634247,-0.05956527590751648,1.2279512882232666,0.6632373332977295,-1.2551186084747314,-0.3342210054397583,-0.0849076509475708,-1.0550936460494995,0.7949779033660889,1.2467215061187744,-1.1431468725204468
0.4551758749999989,0.0034223749999999996,133.0,5.110246027215572,-1.1686445951275382,1.5269600760308768,-0.005949582453313249,-0.00045062715005678356,-0.0026640261325063795,0.06650498508627835,-0.09859246015548706,0.2261228710412979,-0.062482595443725586,1.230269193649292,0.6704133749008179,-1.241495132446289,-0.3064062297344208,-0.08587640523910522,-1.0520673990249634,0.8017914295196533,1.232755422592163,-1.144531488418579
0.4551758749999989,0.0034223749999999996,133.0,5.1024735503363665,-1.1614332439512864,1.526203051409187,-0.005583692762601447,-0.0004673260958855211,-0.0025021110597271638,0.06646904940296902,-0.10080179572105408,0.22624006867408752,-0.0655207633972168,1.2336719036102295,0.6750465035438538,-1.2270407676696777,-0.275994211435318,-0.08743780851364136,-1.047235369682312,0.8084883689880371,1.2140164375305176,-1.1463713645935059
0.4551758749999989,0.0034223749999999996,133.0,5.093497334956042,-1.155571328662872,1.5227977969374211,-0.005328714147148282,-0.0005245371776484239,-0.0023876256994983945,0.06651797450212008,-0.10050177574157715,0.22458156943321228,-0.06945952773094177,1.2288117408752441,0.6764733791351318,-1.214933156967163,-0.2436918467283249,-0.08390843868255615,-1.0347003936767578,0.8103311061859131,1.2050575017929077,-1.1452325582504272
0.4551758749999989,0.0034223749999999996,133.0,5.084028495066528,-1.1471700980872874,1.5215336560824924,-0.005114750432035485,-0.0005689742842081755,-0.002295841492810008,0.06647796591913804,-0.10282185673713684,0.22464488446712494,-0.07265004515647888,1.232194423675537,0.6810479760169983,-1.1998019218444824,-0.2117903083562851,-0.08576864004135132,-1.0281713008880615,0.8160519599914551,1.1856637001037598,-1.146752953529358
0.4551758749999989,0.0034223749999999996,133.0,5.073892429828224,-1.137624502280758,1.5207344562348308,-0.004955585633871365,-0.0005906684301336562,-0.0022237001212932995,0.06645043172709789,-0.10531222820281982,0.22480744123458862,-0.07590639591217041,1.2355196475982666,0.6789976358413696,-1.1856193542480469,-0.17893078923225403,-0.0867469310760498,-1.0183929204940796,0.8231832981109619,1.158685564994812,-1.1490213871002197
0.4551758749999989,0.0034223749999999996,133.0,5.062701156414231,-1.127391998540734,1.519495694930836,-0.004812596886600581,-0.0006354771453737915,-0.0021602279136467254,0.06640402235430024,-0.10791239142417908,0.22404129803180695,-0.08101814985275269,1.2372639179229736,0.6814676523208618,-1.1646478176116943,-0.13076958060264587,-0.08682388067245483,-1.0061993598937988,0.8312556743621826,1.1304781436920166,-1.1507527828216553
0.4551758749999989,0.0034223749999999996,133.0,5.050756257972499,-1.116486453457805,1.5183746457367504,-0.004667809229296765,-0.0006763486582845782,-0.002096854750274969,0.06636527903080723,-0.11088728904724121,0.2242588847875595,-0.0844855010509491,1.2413241863250732,0.6826741695404053,-1.148331642150879,-0.09525716304779053,-0.08908551931381226,-0.996399998664856,0.8383402824401855,1.1035778522491455,-1.1524839401245117
0.4551758749999989,0.0034223749999999996,133.0,5.038388508948699,-1.1046664617650914,1.517617792160212,-0.004532473702767674,-0.0006978075803436736,-0.0020359655354636997,0.06635116459820081,-0.11179342865943909,0.22331717610359192,-0.08862999081611633,1.238990068435669,0.6783823370933533,-1.1356852054595947,-0.06270788609981537,-0.0855264663696289,-0.9814030528068542,0.8439960479736328,1.0824260711669922,-1.1537152528762817
0.4551758749999989,0.0034223749999999996,133.0,5.025327359568312,-1.0920800273677898,1.51689899332483,-0.004395822521787592,-0.0007118775409153767,-0.0019734511224436114,0.06633366424508122,-0.11257007718086243,0.2227918803691864,-0.09186786413192749,1.2375352382659912,0.679736852645874,-1.1254887580871582,-0.03879273682832718,-0.0834120512008667,-0.9696086645126343,0.8478708267211914,1.070198655128479,-1.1543679237365723
0.4551758749999989,0.0034223749999999996,133.0,5.011849017151141,-1.0783797445606917,1.5166821166414168,-0.0042772869181360385,-0.0007056415534388956,-0.0019172070824636741,0.06634801603388904,-0.11165863275527954,0.2211683988571167,-0.09610742330551147,1.230757474899292,0.6771064400672913,-1.116377353668213,-0.01269569806754589,-0.0763024091720581,-0.9525630474090576,0.8506059646606445,1.0581004619598389,-1.154775619506836
0.4551758749999989,0.0034223749999999996,133.0,4.997975403423032,-1.0645262715775554,1.5163582888013525,-0.0041225598145517815,-0.0007023469502979618,-0.0018488867395150814,0.06638199896067287,-0.11057260632514954,0.22105459868907928,-0.09754100441932678,1.2267625331878662,0.672145664691925,-1.1153607368469238,-0.008268680423498154,-0.07190150022506714,-0.9406895637512207,0.8496699333190918,1.0486172437667847,-1.1551058292388916
0.4551758749999989,0.0034223749999999996,133.0,4.982582795092243,-1.0491827352029175,1.5161461224382398,-0.003939168708085232,-0.0006740991129211961,-0.0017534568059915214,0.06640016687589707,-0.10935962200164795,0.2204650193452835,-0.09990391135215759,1.2215546369552612,0.6674482822418213,-1.1118674278259277,0.0029365383088588715,-0.06659138202667236,-0.9271056652069092,0.8488895893096924,1.0363224744796753,-1.1552032232284546
0.4551758749999989,0.0034223749999999996,133.0,4.96635713339411,-1.0330785554416562,1.5161713107490684,-0.0037652235519840963,-0.0006476161508310179,-0.0016683854162553196,0.06642325390648293,-0.10858216881752014,0.2214222401380539,-0.10006928443908691,1.2201850414276123,0.6621220111846924,-1.11313796043396,-0.0004903888329863548,-0.06469178199768066,-0.918488085269928,0.8455379009246826,1.0230108499526978,-1.1556017398834229
0.4551758749999989,0.0034223749999999996,133.0,4.949255178481745,-1.016248412488512,1.5159892467005485,-0.0035634815059933387,-0.0006263061942281227,-0.0015780179011285374,0.06644893284201266,-0.10805299878120422,0.22014106810092926,-0.10434386134147644,1.2148211002349854,0.6581632494926453,-1.102747917175293,0.029448768123984337,-0.059601664543151855,-0.9006654620170593,0.8458006381988525,0.9992537498474121,-1.1554274559020996
0.4551758749999989,0.0034223749999999996,133.0,4.932083714938404,-0.9989173914857143,1.5163006342442353,-0.003369143974028541,-0.0005922240442933463,-0.0014940038399361396,0.0665156301584026,-0.10519063472747803,0.22032353281974792,-0.10467538237571716,1.2083334922790527,0.6456900835037231,-1.1088359355926514,0.021239876747131348,-0.05322468280792236,-0.887432336807251,0.8383855819702148,0.9883031845092773,-1.155264139175415
0.4551758749999989,0.0034223749999999996,133.0,4.913112036737902,-0.9800585917377062,1.516426070516518,-0.003172419632907795,-0.0005656204499009109,-0.0014056590889910772,0.06653522494710616,-0.10533112287521362,0.22170113027095795,-0.10525110363960266,1.208613634109497,0.6357048749923706,-1.1068599224090576,0.02582484483718872,-0.0525127649307251,-0.8745601773262024,0.8351633548736572,0.9605990648269653,-1.1560667753219604
0.4551758749999989,0.0034223749999999996,133.0,4.893564021604285,-0.961029300754765,1.5161156976163344,-0.002992775670923863,-0.0005562671327666645,-0.0013280138505000223,0.06656101693779608,-0.10483205318450928,0.22044599056243896,-0.10979440808296204,1.202885389328003,0.6311107277870178,-1.0953068733215332,0.05978069826960564,-0.04735279083251953,-0.8525734543800354,0.8343350887298584,0.9309598207473755,-1.1555736064910889
0.4551758749999989,0.0034223749999999996,133.0,4.873698350900104,-0.9408417435780799,1.5165061957350672,-0.002761646320492411,-0.000512100964522686,-0.00122585657915586,0.06661505446004867,-0.10254094004631042,0.22099143266677856,-0.11031278967857361,1.197413682937622,0.6174564957618713,-1.0987212657928467,0.05640918388962746,-0.04169946908950806,-0.8362159132957458,0.826735258102417,0.912043571472168,-1.1556453704833984
0.4551758749999989,0.0034223749999999996,133.0,4.851975956076405,-0.9207220552023886,1.5156445595626844,-0.002529714754948528,-0.000512083177534202,-0.0011259704904787507,0.06660639500004695,-0.10358437895774841,0.21837447583675385,-0.11796915531158447,1.1915608644485474,0.6243242025375366,-1.0747604370117188,0.12151427567005157,-0.037883877754211426,-0.8088179230690002,0.8300039768218994,0.8715533018112183,-1.1538273096084595
0.4551758749999989,0.0034223749999999996,133.0,4.830276196082486,-0.8994871086968355,1.515495801177025,-0.0023124533714370564,-0.00048231983756483356,-0.001029318666598832,0.06663649967714375,-0.10258719325065613,0.2169983834028244,-0.12230387330055237,1.1845349073410034,0.6195570230484009,-1.064741849899292,0.15261030197143555,-0.03228050470352173,-0.7853233218193054,0.8267307281494141,0.8412635326385498,-1.1524711847305298
0.4551758749999989,0.0034223749999999996,133.0,4.807281009023134,-0.8768571139729657,1.5154739157103145,-0.0020985648954240346,-0.00044532763536370563,-0.0009327896168389237,0.06665602993896741,-0.10146835446357727,0.2169974446296692,-0.12458640336990356,1.1792373657226562,0.6074772477149963,-1.0606238842010498,0.1683311015367508,-0.027420639991760254,-0.7635118961334229,0.8213706016540527,0.8089773654937744,-1.1519373655319214
0.4551758749999989,0.0034223749999999996,133.0,4.78352703207626,-0.8526561818702876,1.5156865912310864,-0.0019304666266735503,-0.0004075835331943767,-0.0008533128412905147,0.06666366043333455,-0.10039076209068298,0.21768279373645782,-0.1258850395679474,1.175687551498413,0.5965592861175537,-1.0579190254211426,0.17555052042007446,-0.024149715900421143,-0.7452709078788757,0.8135383129119873,0.7798564434051514,-1.1515346765518188
0.4551758749999989,0.0034223749999999996,133.0,4.7596368628584305,-0.828401230080772,1.5161226509535883,-0.0017203541401875392,-0.0003599207767023811,-0.0007609387188705772,0.06672137274594825,-0.097384512424469,0.21845752000808716,-0.12590017914772034,1.1692564487457275,0.5808980464935303,-1.062814712524414,0.16746333241462708,-0.01787269115447998,-0.7281913161277771,0.80181884765625,0.760003387928009,-1.1512609720230103
0.4551758749999989,0.0034223749999999996,133.0,4.734299407957905,-0.8035710996102091,1.5160538888141486,-0.001525672427477674,-0.0003310570558519237,-0.0006751271027906861,0.06674066561971714,-0.09629559516906738,0.21767425537109375,-0.12946486473083496,1.1620562076568604,0.5695238709449768,-1.055058479309082,0.19379524886608124,-0.011874735355377197,-0.7023250460624695,0.7963519096374512,0.7226696610450745,-1.1500248908996582
0.4551758749999989,0.0034223749999999996,133.0,4.707924706152426,-0.7782242486831382,1.5157628094907674,-0.0013335372166528507,-0.0003023633780867486,-0.0005903928008643898,0.06675370436988172,-0.09672242403030396,0.21607694029808044,-0.1350429654121399,1.1551222801208496,0.5661450028419495,-1.03898024559021,0.24202118813991547,-0.007710576057434082,-0.6717427372932434,0.7943019866943359,0.6748933792114258,-1.1472737789154053
0.4551758749999989,0.0034223749999999996,133.0,4.6809402692417565,-0.7518043234707324,1.5156471701686183,-0.0011744852978868693,-0.0002749044572046838,-0.0005200061645645292,0.06677950331901707,-0.0956425666809082,0.214866504073143,-0.1393025815486908,1.1458773612976074,0.5537415742874146,-1.0292129516601562,0.27625203132629395,-0.0009208917617797852,-0.6394345760345459,0.7882161140441895,0.6303106546401978,-1.1447622776031494
0.4551758749999989,0.0034223749999999996,133.0,4.653501453446201,-0.7248299787672571,1.5155830948396956,-0.0010328340590815748,-0.00024945575142002987,-0.00045698512479837067,0.06681703805570209,-0.09454727172851562,0.21364617347717285,-0.1435762643814087,1.135932207107544,0.5402795672416687,-1.0190274715423584,0.31156137585639954,0.006152629852294922,-0.6049548983573914,0.781503438949585,0.5837515592575073,-1.14180588722229
0.4551758749999989,0.0034223749999999996,133.0,4.624656388728824,-0.6966051552313541,1.5154270255742772,-0.0008513163432251913,-0.00021159836106023283,-0.0003756257641579497,0.06682768709788778,-0.09196951985359192,0.21267975866794586,-0.1467198133468628,1.124363899230957,0.5249200463294983,-1.0134356021881104,0.33477362990379333,0.01456025242805481,-0.5717684030532837,0.7700409889221191,0.5448890924453735,-1.1385550498962402
0.4551758749999989,0.0034223749999999996,133.0,4.594934054197737,-0.6679113600430553,1.5152898668444816,-0.0007130350585223571,-0.0001844003064660528,-0.0003143269536283969,0.06683851128427129,-0.09272775053977966,0.2101413458585739,-0.15353912115097046,1.1127455234527588,0.5206820368766785,-0.9936025142669678,0.39887145161628723,0.019790232181549072,-0.5284217000007629,0.7664985656738281,0.48303642868995667,-1.132138729095459
0.4551758749999989,0.0034223749999999996,133.0,4.564487722933033,-0.6382888822040058,1.5152620640009218,-0.0005340157671442333,-0.00014236485681974655,-0.00023556543938089394,0.06685677403738652,-0.0925818681716919,0.20787830650806427,-0.1593339443206787,1.099663257598877,0.5113013982772827,-0.9777684211730957,0.4531569480895996,0.026163458824157715,-0.4850790500640869,0.7597835063934326,0.423946738243103,-1.1253637075424194
0.4551758749999989,0.0034223749999999996,133.0,4.533627433088216,-0.6076970384415413,1.5156144165012018,-0.000334733768443836,-8.978291271003314e-5,-0.00014794167837110933,0.06690480809537497,-0.09150952100753784,0.2063698172569275,-0.16361409425735474,1.086572527885437,0.49595603346824646,-0.9665782451629639,0.49275049567222595,0.03306671977043152,-0.4448370635509491,0.7494127750396729,0.3689248263835907,-1.119062066078186
0.4551758749999989,0.0034223749999999996,133.0,4.501808353025318,-0.5762382659828521,1.5158769818738111,-0.0001561130711473022,-4.250500582371535e-5,-6.918237974359416e-5,0.06694171527989103,-0.08851659297943115,0.20564816892147064,-0.16590741276741028,1.0731664896011353,0.47723138332366943,-0.9624285697937012,0.5124015808105469,0.04076743125915527,-0.4097653925418854,0.7325999736785889,0.32549190521240234,-1.1132302284240723
0.4551758749999989,0.0034223749999999996,133.0,4.468997551810106,-0.5445698229287631,1.51619545544989,1.7248491842454322e-5,4.85620263996311e-6,7.673247599305024e-6,0.0669692001817467,-0.08605426549911499,0.20448516309261322,-0.1689896583557129,1.0583701133728027,0.4587133526802063,-0.9552583694458008,0.5408324599266052,0.04864338040351868,-0.37185949087142944,0.716883659362793,0.2759149670600891,-1.1061956882476807
0.4551758749999989,0.0034223749999999996,133.0,4.435189221863049,-0.5115514072042757,1.5161914580727036,0.00019023091611702282,5.498038665138699e-5,8.478909101414283e-5,0.06698118068180901,-0.08479565382003784,0.20061826705932617,-0.17529603838920593,1.0381499528884888,0.44920217990875244,-0.9409689903259277,0.601945161819458,0.05669751763343811,-0.3199697732925415,0.7043144702911377,0.21524107456207275,-1.0940396785736084
0.4551758749999989,0.0034223749999999996,133.0,4.40058170763036,-0.47734509688992943,1.5163048857922736,0.00037717213172085834,0.00011002080006193484,0.00016828831374127447,0.0669969166133998,-0.08342397212982178,0.1984468698501587,-0.17948222160339355,1.0203912258148193,0.4301615357398987,-0.9291121959686279,0.645635724067688,0.06400075554847717,-0.2722448706626892,0.6891388893127441,0.1555652916431427,-1.083456039428711
0.4551758749999989,0.0034223749999999996,133.0,4.364906415086338,-0.4425974531859793,1.5166539766542997,0.0005231760972299721,0.00015493522231556126,0.00023477375862192211,0.06701445345755562,-0.08205890655517578,0.19816502928733826,-0.18158969283103943,1.006817102432251,0.40998247265815735,-0.9186890125274658,0.670397162437439,0.06911233067512512,-0.23540610074996948,0.6713979244232178,0.10248854011297226,-1.0747848749160767
0.4551758749999989,0.0034223749999999996,133.0,4.328600805615962,-0.407233663320024,1.5170426376950763,0.0006872579295466483,0.0002069107082864013,0.0003098816776186335,0.06703082796029623,-0.08072742819786072,0.19606921076774597,-0.18533936142921448,0.9878745675086975,0.3901537358760834,-0.9061610698699951,0.7112475037574768,0.07629984617233276,-0.18901243805885315,0.6546556949615479,0.04513394832611084,-1.0628950595855713
0.4551758749999989,0.0034223749999999996,133.0,4.29145480405393,-0.3710091627896403,1.5173984273155299,0.0008614172388103485,0.0002636531145584381,0.00039036038652743877,0.06704120136610667,-0.07933095097541809,0.1937362402677536,-0.1890638917684555,0.9670838117599487,0.3688262403011322,-0.8926472663879395,0.7540894150733948,0.08356708288192749,-0.13929349184036255,0.6365125179290771,-0.013534773141145706,-1.0492295026779175
0.4551758749999989,0.0034223749999999996,133.0,4.25339464312476,-0.3339986092842481,1.5178468068786384,0.0010581499901251244,0.00032894638641301464,0.0004835579105387279,0.0670506518205135,-0.07794022560119629,0.19120456278324127,-0.19272828102111816,0.9444246888160706,0.3459608554840088,-0.8776857852935791,0.7983405590057373,0.0909959077835083,-0.08699260652065277,0.617142915725708,-0.07246393710374832,-1.0338454246520996
0.4551758749999989,0.0034223749999999996,133.0,4.2145117615056655,-0.2960573516691912,1.5182273335852645,0.0012450670351055414,0.0003931047585925876,0.0005716412207133689,0.06704365463850813,-0.0764516294002533,0.18835091590881348,-0.1963086873292923,0.919557511806488,0.3212186396121979,-0.861335277557373,0.8443867564201355,0.09854811429977417,-0.03064914606511593,0.5958099365234375,-0.13142701983451843,-1.0163748264312744
0.4551758749999989,0.0034223749999999996,133.0,4.174560466250102,-0.25769392431233756,1.5190602889435105,0.0013636108243998207,0.00043926321677666786,0.0006318057999642865,0.06704010622908023,-0.07619839906692505,0.1861410290002823,-0.19950473308563232,0.8943690061569214,0.29555171728134155,-0.8389999866485596,0.8913443088531494,0.10458531975746155,0.026930687949061394,0.5751707553863525,-0.19457146525382996,-0.9970176815986633
0.4551758749999989,0.0034223749999999996,133.0,4.134078005382385,-0.2184342171613016,1.5196799780275503,0.0015148769888360546,0.0004946366994793491,0.0007108368261033123,0.06704396742272052,-0.07483360171318054,0.18121516704559326,-0.20375874638557434,0.8606414198875427,0.27147629857063293,-0.8183612823486328,0.9513709545135498,0.11372631788253784,0.09732627123594284,0.5511469841003418,-0.2508656084537506,-0.9723355174064636
0.4551758749999989,0.0034223749999999996,133.0,4.092206176739463,-0.17736100380878153,1.5196938460460583,0.0016620395124244609,0.0005476848144296167,0.0007917655953777117,0.0670185735346924,-0.07249653339385986,0.17803803086280823,-0.2059602588415146,0.8311172723770142,0.23890210688114166,-0.7985227108001709,0.9911413192749023,0.12050986289978027,0.16088934242725372,0.5217535495758057,-0.3027549386024475,-0.9494386315345764
0.4551758749999989,0.0034223749999999996,133.0,4.050293033458879,-0.13544994234248914,1.523549978951651,0.0017953844595775391,0.0005898582066180439,0.0008823733933288839,0.06696399609264157,-0.07207244634628296,0.17169195413589478,-0.2097843736410141,0.7886679768562317,0.21620343625545502,-0.7699189186096191,1.05769944190979,0.13128554821014404,0.23946692049503326,0.49773240089416504,-0.345613032579422,-0.9177149534225464
0.4551758749999989,0.0034223749999999996,133.0,4.005123701053138,-0.09254313156978476,1.5241258224931356,0.0018882158468391734,0.0006429997552597304,0.0009442918213142746,0.06685018704670145,-0.07393118739128113,0.17131048440933228,-0.21045567095279694,0.7756956815719604,0.20077157020568848,-0.7494924068450928,1.0781428813934326,0.1290827989578247,0.2776322066783905,0.4865562915802002,-0.3837534189224243,-0.9024147987365723
0.4551758749999989,0.0034223749999999996,133.0,3.9538881659483973,-0.04225716736243826,1.524209605038465,0.001841996031329877,0.0005286618251624971,0.0010676442489932476,0.0666276192061191,-0.07794860005378723,0.19047725200653076,-0.20019221305847168,0.8662738800048828,0.22965721786022186,-0.8053903579711914,0.8751225471496582,0.10275885462760925,0.005145560950040817,0.5774171352386475,-0.26250460743904114,-0.9667712450027466
0.4551758749999989,0.0034223749999999996,133.0,3.8921453169992004,0.01928935520814027,1.5226775673427604,0.0016871568789703622,-5.0800896469532784e-5,0.0012717321580652556,0.0656987435087365,-0.10294848680496216,0.21127162873744965,-0.16341954469680786,0.9516884088516235,0.36504948139190674,-0.753666877746582,0.42110270261764526,0.08638432621955872,-0.7964321374893188,0.9317758083343506,0.24813979864120483,-1.0352540016174316
0.4551758749999989,0.0034223749999999996,133.0,3.814977176727758,0.03816059528226312,1.520835352474745,0.00010298075112213844,8.241757271054987e-6,7.775793987669185e-5,0.06445369627430207,-0.12866821885108948,0.22010958194732666,-0.14182120561599731,0.9140143394470215,0.38053205609321594,-0.6203231811523438,0.13900741934776306,0.1302592158317566,-1.2719806432724,1.2327678203582764,0.5592482089996338,-1.0409235954284668
0.4551758749999989,0.0034223749999999996,133.0,3.8364867506139557,0.0765528762157103,1.5420498513845913,-0.0018280566696201224,0.00012444183636600546,-0.0013089432701318088,0.06268504280792149,-0.2648094594478607,0.09390383958816528,0.016662567853927612,1.3178350925445557,0.3656094968318939,-0.06485652923583984,0.022904900833964348,-0.3148346543312073,-1.3619579076766968,1.4775125980377197,0.83563232421875,-0.9973854422569275
0.4551758749999989,0.0034223749999999996,133.0,3.853457657908757,0.12890969289928153,1.5733698909703528,-0.002243037388740313,0.0006853189543167068,-0.001272804318131826,0.06071353313240449,-0.33497652411460876,0.07448123395442963,0.15124043822288513,1.454702377319336,-0.23169073462486267,0.06282758712768555,-0.8368518352508545,-0.38676679134368896,-1.3794775009155273,1.5011210441589355,1.3746334314346313,-1.0569854974746704
0.4551758749999989,0.0034223749999999996,133.0,3.8915896776862993,0.17692742812858112,1.5839373077121077,-0.0022850821657419734,0.0007606484084393386,-0.0011889211441025495,0.060303979558666836,-0.343085914850235,0.08632426708936691,0.17688938975334167,1.5511380434036255,-0.22170647978782654,0.05237722396850586,-0.9073538184165955,-0.39715611934661865,-1.4282958507537842,1.4468002319335938,1.2192418575286865,-1.1424102783203125
0.4551758749999989,0.0034223749999999996,133.0,3.935980177366639,0.22143158950438457,1.5892359609107818,-0.0021696910099740607,0.0007208974743895078,-0.001086343196943731,0.060299723027692154,-0.339506596326828,0.09788575023412704,0.18760600686073303,1.6016818284988403,-0.12843762338161469,0.009146690368652344,-0.9061048030853271,-0.41396093368530273,-1.5036710500717163,1.4001078605651855,1.1313810348510742,-1.1757277250289917
0.4551758749999989,0.0034223749999999996,133.0,3.9804566601872877,0.26367802770192145,1.5934950379941841,-0.001991305014172493,0.0006626079245369297,-0.0009639969212993783,0.06037140829964769,-0.3353218138217926,0.1050986722111702,0.19195500016212463,1.6278680562973022,-0.059878405183553696,-0.02903580665588379,-0.8988575339317322,-0.4240236282348633,-1.5685566663742065,1.3720982074737549,1.0924303531646729,-1.1916810274124146
0.4551758749999989,0.0034223749999999996,133.0,4.024338540349834,0.3039987992214027,1.5964663994683463,-0.001766080733896647,0.0005867739676031886,-0.0008306014110940411,0.060517414344592665,-0.32923761010169983,0.10665835440158844,0.19806203246116638,1.652087926864624,-0.027678795158863068,-0.06254339218139648,-0.9277055859565735,-0.44439953565597534,-1.5834718942642212,1.3148882389068604,1.0854905843734741,-1.1952540874481201
0.4551758749999989,0.0034223749999999996,133.0,4.067383337027546,0.3439456499470745,1.5986660438789668,-0.0016603206012334927,0.000548395216763679,-0.0007671422697697354,0.06064878503930502,-0.3249898850917816,0.11009911447763443,0.2004096806049347,1.666267991065979,0.012323647737503052,-0.09274935722351074,-0.929373025894165,-0.4524773955345154,-1.6209971904754639,1.2909011840820312,1.076788306236267,-1.201294183731079
0.4551758749999989,0.0034223749999999996,133.0,4.109673683081235,0.3837133546118427,1.60131008582572,-0.0014227466384863815,0.00046805343606395037,-0.000640752964195801,0.060711883416828004,-0.3218572437763214,0.11236594617366791,0.19936159253120422,1.6691946983337402,0.03140142560005188,-0.11219978332519531,-0.9290893077850342,-0.4493500590324402,-1.6601347923278809,1.285893201828003,1.0867276191711426,-1.2074517011642456
0.4551758749999989,0.0034223749999999996,133.0,4.151175287069043,0.42242787204987525,1.6044782443841576,-0.0012388958313072284,0.0004082493515065244,-0.0005439778454635274,0.06079238857934099,-0.31864944100379944,0.11724785715341568,0.2018638551235199,1.6868412494659424,0.07929107546806335,-0.14183497428894043,-0.9260273575782776,-0.4587438702583313,-1.6976298093795776,1.2671618461608887,1.0715306997299194,-1.215653896331787
0.4551758749999989,0.0034223749999999996,133.0,4.191750383290581,0.46031376123812445,1.6073916940705124,-0.0010072434110789674,0.000333249555634233,-0.00043181756650811595,0.06087922733995737,-0.3145347535610199,0.12321725487709045,0.20807406306266785,1.715605616569519,0.12992462515830994,-0.17565536499023438,-0.9363111257553101,-0.47682225704193115,-1.717389702796936,1.2248616218566895,1.0372493267059326,-1.2260921001434326
0.4551758749999989,0.0034223749999999996,133.0,4.231284163221713,0.49729166636798666,1.6096057199410791,-0.0008017353137040058,0.00026544264065779066,-0.00033627643071397945,0.06095694146732858,-0.31077519059181213,0.12581028044223785,0.2099858820438385,1.7275968790054321,0.16248774528503418,-0.20197224617004395,-0.9409686923027039,-0.4854898452758789,-1.7395755052566528,1.2023265361785889,1.0361114740371704,-1.2294116020202637
0.4551758749999989,0.0034223749999999996,133.0,4.270005220903632,0.5332869811808776,1.6119865614450757,-0.0006050018282963997,0.00020176516291163285,-0.000249221144157224,0.061032319301758085,-0.30733373761177063,0.12836137413978577,0.21201178431510925,1.739320993423462,0.19217020273208618,-0.22640395164489746,-0.947065532207489,-0.49407535791397095,-1.7572671175003052,1.1805851459503174,1.0339776277542114,-1.2325366735458374
0.4551758749999989,0.0034223749999999996,133.0,4.307766501364543,0.5686270740341859,1.6142754752071526,-0.00041598212887006454,0.0001390103353206057,-0.00016769174539096423,0.061094086299926534,-0.3042679727077484,0.1309695541858673,0.214082270860672,1.7510719299316406,0.22023387253284454,-0.24921703338623047,-0.952845573425293,-0.5024271607398987,-1.7722996473312378,1.1602959632873535,1.0308771133422852,-1.2359237670898438
0.4551758749999989,0.0034223749999999996,133.0,4.344610880942146,0.6030229350264661,1.6166688851128965,-0.00023313095203030326,7.857334663736884e-5,-9.237566546019886e-5,0.06115388065913348,-0.3022063672542572,0.13271497189998627,0.2128029763698578,1.7524075508117676,0.23436516523361206,-0.2635519504547119,-0.9519287347793579,-0.49921685457229614,-1.7965173721313477,1.1617679595947266,1.0438306331634521,-1.2406436204910278
0.4551758749999989,0.0034223749999999996,133.0,4.3801353561487,0.6363921594846014,1.618243095127724,-6.941801848220724e-5,2.3517949391696883e-5,-2.713800239960013e-5,0.061227700433899725,-0.2991500794887543,0.13732649385929108,0.21859440207481384,1.775227427482605,0.26661744713783264,-0.28960084915161133,-0.9665602445602417,-0.5150094628334045,-1.797484278678894,1.1237993240356445,1.015095591545105,-1.2474557161331177
0.4551758749999989,0.0034223749999999996,133.0,4.414730273130814,0.6686020789964802,1.619676850963252,0.0001497673650308328,-5.119052180000823e-5,5.775071765116931e-5,0.06127142649377765,-0.2967924177646637,0.1380181461572647,0.21866008639335632,1.7781038284301758,0.27497798204421997,-0.302462100982666,-0.9759237170219421,-0.5155659317970276,-1.8077223300933838,1.1148083209991455,1.0254878997802734,-1.2498701810836792
0.4551758749999989,0.0034223749999999996,133.0,4.449666274499015,0.6983008297487132,1.6200106817317932,0.00035340537749404074,-0.00012027613873953863,0.00013234848863101874,0.061449318056556394,-0.29283347725868225,0.13727954030036926,0.21957436203956604,1.7799931764602661,0.2836228907108307,-0.3207223415374756,-0.990024983882904,-0.5200899243354797,-1.8066149950027466,1.0928168296813965,1.0383739471435547,-1.2472991943359375
0.4551758749999989,0.0034223749999999996,133.0,4.482773824786944,0.7292754416028386,1.6223003606582844,0.0005583401271431683,-0.0001922030404293709,0.0002057363541238156,0.06149319353244079,-0.2909160554409027,0.1397327482700348,0.22158339619636536,1.7902557849884033,0.30464428663253784,-0.3376190662384033,-0.9964456558227539,-0.5270542502403259,-1.8135721683502197,1.077735424041748,1.0330111980438232,-1.2505838871002197
0.4551758749999989,0.0034223749999999996,133.0,4.515126575016926,0.7596438955361956,1.624355554634363,0.0008019187590097373,-0.00027737624702410773,0.0002905476044877267,0.06150439350220314,-0.28888991475105286,0.14173810184001923,0.22025856375694275,1.7911100387573242,0.3164306879043579,-0.3495481014251709,-0.996758222579956,-0.5224141478538513,-1.8314334154129028,1.0784435272216797,1.04066801071167,-1.2562525272369385
0.4551758749999989,0.0034223749999999996,133.0,4.5466673970266065,0.7895961777314381,1.6270525507114146,0.0009765406988023052,-0.0003383552323526832,0.00034616255568455757,0.06152791916335813,-0.2870890200138092,0.14572417736053467,0.22301432490348816,1.805532455444336,0.3482894003391266,-0.36972618103027344,-0.9981776475906372,-0.5326797366142273,-1.8394321203231812,1.060828685760498,1.02591872215271,-1.2603611946105957
0.4551758749999989,0.0034223749999999996,133.0,4.5771832670852435,0.8184928583063572,1.6298219980260482,0.0012002115297319288,-0.0004184118552700707,0.0004151423481878685,0.061532162826246406,-0.28452053666114807,0.14912143349647522,0.22784385085105896,1.8223282098770142,0.36765679717063904,-0.3874390125274658,-1.0153709650039673,-0.5454397797584534,-1.8289756774902344,1.0255370140075684,0.9991462230682373,-1.264184832572937
0.4551758749999989,0.0034223749999999996,133.0,4.606939887872126,0.8458300514810794,1.6312551088469467,0.0013709630151535024,-0.00047922284552394563,0.00046601600883870655,0.061583454625918375,-0.282003253698349,0.15205779671669006,0.23073652386665344,1.8338648080825806,0.3935103118419647,-0.40794897079467773,-1.0194612741470337,-0.5554085373878479,-1.8290637731552124,1.0022130012512207,0.9868255853652954,-1.2656996250152588
0.4551758749999989,0.0034223749999999996,133.0,4.6357217889050855,0.8724181579597639,1.6328750869538635,0.0015605376317595707,-0.000549567302898795,0.0005235084286595716,0.06161966818232456,-0.27987733483314514,0.15214228630065918,0.22983518242835999,1.8323301076889038,0.40121111273765564,-0.41826534271240234,-1.023793339729309,-0.5535836815834045,-1.8371882438659668,0.9990510940551758,1.0015164613723755,-1.266150951385498
0.4551758749999989,0.0034223749999999996,133.0,4.663702440055291,0.89839949806816,1.6346882606093878,0.001788106434425717,-0.0006326755191443736,0.0005919577272172683,0.061655615913495415,-0.278122216463089,0.15355262160301208,0.23130682110786438,1.8386054039001465,0.41743767261505127,-0.4319727420806885,-1.0291281938552856,-0.5592299103736877,-1.8389710187911987,0.9857687950134277,1.0010313987731934,-1.2668018341064453
0.4551758749999989,0.0034223749999999996,133.0,4.690684187890752,0.9233265382128895,1.6364672619528897,0.0020194159204889083,-0.0007210115161055054,0.0006577664140845948,0.06167667793659263,-0.2766124904155731,0.15446411073207855,0.2312963902950287,1.8410300016403198,0.4293159246444702,-0.442699670791626,-1.0313395261764526,-0.5603150725364685,-1.8456451892852783,0.9808645248413086,1.0083165168762207,-1.26824951171875
0.4551758749999989,0.0034223749999999996,133.0,4.716764323341934,0.947323240918983,1.6378570946788782,0.0022761062208117647,-0.00081578039618509,0.0007298728037416595,0.061715334226099546,-0.27457132935523987,0.15623432397842407,0.23399582505226135,1.849735140800476,0.44168975949287415,-0.45625829696655273,-1.0413557291030884,-0.5675198435783386,-1.838947057723999,0.9585754871368408,0.9973495006561279,-1.269679307937622
0.4551758749999989,0.0034223749999999996,133.0,4.741897449883503,0.9706070066892515,1.6395247323700228,0.0024650000342609176,-0.0008907444877587843,0.0007806194509363231,0.06174109353712435,-0.27312639355659485,0.15633556246757507,0.2338133156299591,1.8498997688293457,0.4471675455570221,-0.46399402618408203,-1.046790599822998,-0.5671729445457458,-1.8426764011383057,0.95448899269104,1.0070360898971558,-1.2702949047088623
0.4551758749999989,0.0034223749999999996,133.0,4.76616671677557,0.9931088709502293,1.6411880333475353,0.002707669250971605,-0.0009813519660419533,0.0008438424910163273,0.06176752481305535,-0.27187302708625793,0.15738481283187866,0.23511281609535217,1.8549684286117554,0.4600469768047333,-0.47484874725341797,-1.0512797832489014,-0.5719625353813171,-1.843058466911316,0.9440381526947021,1.0073294639587402,-1.270594596862793
0.4551758749999989,0.0034223749999999996,133.0,4.789620591604551,1.0149849233917763,1.6426300978771977,0.0029496130802065235,-0.0010783101574751923,0.0009111904587591539,0.06179851852982761,-0.2705128490924835,0.15857812762260437,0.23588475584983826,1.8586267232894897,0.468595027923584,-0.4841334819793701,-1.0565149784088135,-0.5737081170082092,-1.8445764780044556,0.9354519844055176,1.0072338581085205,-1.272547721862793
0.4551758749999989,0.0034223749999999996,133.0,4.812236023257044,1.0354630422097888,1.643770135530874,0.003206607486846886,-0.001180533166732859,0.0009786685325532882,0.06182039280251101,-0.2691473066806793,0.1585124284029007,0.23518016934394836,1.8571885824203491,0.4732775092124939,-0.4913661479949951,-1.059889793395996,-0.5717373490333557,-1.849650263786316,0.9343492984771729,1.0194504261016846,-1.2732172012329102
0.4551758749999989,0.0034223749999999996,133.0,4.833883699253317,1.0550700258907055,1.6447822339617644,0.0034639615764373976,-0.0012848337838063145,0.001044401055575861,0.061850055711553255,-0.2675878703594208,0.15960215032100677,0.23726382851600647,1.863222360610962,0.48427385091781616,-0.5024607181549072,-1.0669865608215332,-0.5780201554298401,-1.8437025547027588,0.9173643589019775,1.0134600400924683,-1.2729276418685913
0.4551758749999989,0.0034223749999999996,133.0,4.85445833248062,1.0746836404093993,1.646584175448411,0.003665166779574565,-0.0013663466909395359,0.0010908971526954463,0.061867205851263166,-0.266852468252182,0.16005609929561615,0.2375921905040741,1.86516273021698,0.4908175468444824,-0.5080745220184326,-1.0719386339187622,-0.5792948603630066,-1.8460657596588135,0.9139561653137207,1.0177724361419678,-1.2736461162567139
0.4551758749999989,0.0034223749999999996,133.0,4.874005679811624,1.093047447960402,1.6475292314218866,0.0038893918749358914,-0.0014620851517367413,0.0011496678757680486,0.061887449356772865,-0.26571568846702576,0.16102783381938934,0.23827269673347473,1.8678511381149292,0.49678608775138855,-0.5157411098480225,-1.076855182647705,-0.5801821351051331,-1.846909999847412,0.9067845344543457,1.0176035165786743,-1.275484561920166
0.4551758749999989,0.0034223749999999996,133.0,4.892892255509921,1.1099563666830778,1.6478555052993997,0.004077648353160839,-0.0015517809683078968,0.0012002834148295437,0.061935226839474146,-0.26414427161216736,0.161081463098526,0.23925438523292542,1.8692939281463623,0.501413106918335,-0.5238583087921143,-1.084420084953308,-0.5824845433235168,-1.8435499668121338,0.8956701755523682,1.0198911428451538,-1.274652123451233
0.4551758749999989,0.0034223749999999996,133.0,4.9105053321922885,1.1274550938430654,1.6494460673122204,0.004306801926924125,-0.001649192264338993,0.0012563723106056254,0.06194987669407083,-0.2638779580593109,0.16230684518814087,0.23936572670936584,1.8720563650131226,0.5093814134597778,-0.5290720462799072,-1.0853163003921509,-0.5826347470283508,-1.8505311012268066,0.8963758945465088,1.0219995975494385,-1.2773280143737793
0.4551758749999989,0.0034223749999999996,133.0,4.927367721549931,1.143559367745458,1.6504537366222625,0.0045036711515993675,-0.0017411613069017503,0.0013044088904755325,0.061977517665200266,-0.2624630033969879,0.16316014528274536,0.24171355366706848,1.8779970407485962,0.5140451788902283,-0.5360000133514404,-1.095272421836853,-0.5883730053901672,-1.8408770561218262,0.8770782947540283,1.010194182395935,-1.2774351835250854
0.4551758749999989,0.0034223749999999996,133.0,4.943493364323593,1.158276012143211,1.6505509559524096,0.004690750609592249,-0.0018351089705468632,0.001360054536093874,0.062033378838368,-0.2608032524585724,0.1627492904663086,0.24148854613304138,1.8759844303131104,0.5199288725852966,-0.5437684059143066,-1.0969820022583008,-0.5884453654289246,-1.841317057609558,0.8714616298675537,1.0193957090377808,-1.275449514389038
0.4551758749999989,0.0034223749999999996,133.0,4.958922102915949,1.1721274903390542,1.6505118552553686,0.004843104273687933,-0.0019011993974500992,0.0013947194501655617,0.06207014586981703,-0.2585025727748871,0.1612878441810608,0.24120905995368958,1.8719615936279297,0.5235653519630432,-0.5508227348327637,-1.1007062196731567,-0.5891435742378235,-1.8361690044403076,0.8609719276428223,1.03003990650177,-1.2708165645599365
0.4551758749999989,0.0034223749999999996,133.0,4.97351778375519,1.1857556693408473,1.6509485399505386,0.0049838648716778134,-0.0019567577998660835,0.001420453706565188,0.062098208163305885,-0.2561686336994171,0.1619732528924942,0.2426421344280243,1.873539924621582,0.5259732007980347,-0.558917760848999,-1.1066999435424805,-0.5914523005485535,-1.8246880769729614,0.8411815166473389,1.0191888809204102,-1.2700262069702148
0.4551758749999989,0.0034223749999999996,133.0,4.9872007789490365,1.1984433438150235,1.6512459520752774,0.005131289688159559,-0.0020166924632176626,0.0014525659089648204,0.0621294272099117,-0.25351783633232117,0.16068243980407715,0.2424541413784027,1.8693735599517822,0.5283304452896118,-0.5656538009643555,-1.1095410585403442,-0.591630756855011,-1.8172012567520142,0.827049970626831,1.0246716737747192,-1.2657341957092285
0.4551758749999989,0.0034223749999999996,133.0,4.9996773368613665,1.2106475013860833,1.651935375206474,0.0052933814255347236,-0.0020753422004080547,0.001483480699211657,0.06214801731524392,-0.25209859013557434,0.1611836701631546,0.24328020215034485,1.8705743551254272,0.5385462641716003,-0.5741410255432129,-1.1072207689285278,-0.594816267490387,-1.8144837617874146,0.8161718845367432,1.0228607654571533,-1.263753890991211
0.4551758749999989,0.0034223749999999996,133.0,5.010983516196613,1.2228706315133924,1.6529703083179628,0.005460300897703069,-0.0021309126275136643,0.0015217970259652374,0.062155104173247946,-0.2519592344760895,0.163160502910614,0.2435697615146637,1.8738147020339966,0.5566768050193787,-0.5834143161773682,-1.0958489179611206,-0.5976099371910095,-1.8225644826889038,0.8165385723114014,1.022814393043518,-1.2642501592636108
0.4551758749999989,0.0034223749999999996,133.0,5.021402997631942,1.2348878665457168,1.6547200073934827,0.005628340566257311,-0.0021796765284467718,0.0015505273216334233,0.06214879217596932,-0.25244244933128357,0.1674797683954239,0.24586984515190125,1.8847428560256958,0.5783597826957703,-0.5935070514678955,-1.084617018699646,-0.6049845814704895,-1.826707124710083,0.8087625503540039,1.0016142129898071,-1.2676916122436523
0.4551758749999989,0.0034223749999999996,133.0,5.030929157222047,1.2457022353357734,1.6558717705645147,0.005815368725180885,-0.0022412580287151595,0.001594989918105156,0.06215181389860638,-0.2527637779712677,0.17251622676849365,0.2503555119037628,1.9000824689865112,0.5986447930335999,-0.6043219566345215,-1.0799928903579712,-0.6173833012580872,-1.8186211585998535,0.7872281074523926,0.9635591506958008,-1.2703641653060913
0.4551758749999989,0.0034223749999999996,133.0,5.0395517187946,1.2567267401515714,1.6585898290618586,0.006050437007954905,-0.002372250817804719,0.0016793033541173605,0.06203128710516722,-0.25411656498908997,0.1744651198387146,0.24748489260673523,1.899392008781433,0.6140370965003967,-0.6061396598815918,-1.0615788698196411,-0.6117226481437683,-1.8420380353927612,0.8111367225646973,0.9768526554107666,-1.2755342721939087
0.4551758749999989,0.0034223749999999996,133.0,5.047206019837039,1.266081762429011,1.6597179504680482,0.0063352770970529805,-0.0024675954905588504,0.001753104488384932,0.062032594848853234,-0.2551873028278351,0.1774328500032425,0.2479216754436493,1.9058189392089844,0.6362499594688416,-0.6127927303314209,-1.0460700988769531,-0.6168177723884583,-1.8520222902297974,0.8148782253265381,0.9715552926063538,-1.2768733501434326
0.4551758749999989,0.0034223749999999996,133.0,5.054178661951423,1.2739884029119615,1.6603256523672705,0.0067638276942096525,-0.0026259616220510144,0.0018684052868260085,0.06204333287082612,-0.2553105652332306,0.17960035800933838,0.2488705813884735,1.910793423652649,0.6508126258850098,-0.6192150115966797,-1.0378715991973877,-0.6211443543434143,-1.8525142669677734,0.8097600936889648,0.9618160128593445,-1.277482032775879
0.4551758749999989,0.0034223749999999996,133.0,5.060221262386372,1.2814138739385954,1.6611624956113678,0.0074827600011563924,-0.0028927428282071897,0.0020603358296926574,0.06204630678840727,-0.2562149465084076,0.18262025713920593,0.24942907691001892,1.9176121950149536,0.6691363453865051,-0.6249752044677734,-1.02572500705719,-0.6254705786705017,-1.8565618991851807,0.8098773956298828,0.9502633810043335,-1.2799429893493652
0.4551758749999989,0.0034223749999999996,133.0,5.065686902088467,1.2872662645752944,1.6617311869768874,0.009105981101248793,-0.0035265415675625198,0.0024873462199902375,0.062058821971251205,-0.25546351075172424,0.1837349832057953,0.2514798939228058,1.9236654043197632,0.6749279499053955,-0.6309957504272461,-1.0298595428466797,-0.6293309330940247,-1.8413389921188354,0.7905528545379639,0.9292678236961365,-1.2820019721984863
0.4551758749999989,0.0034223749999999996,133.0,5.070057793932562,1.2916712386190665,1.6623901328608897,0.016838407450611298,-0.006670880545659534,0.004505270671265716,0.06209473482006825,-0.2542724907398224,0.18115174770355225,0.25346073508262634,1.9335001707077026,0.6798482537269592,-0.6415956020355225,-1.0494452714920044,-0.6277856230735779,-1.801809549331665,0.7590174674987793,0.9076493382453918,-1.2933180332183838
0.4551758749999989,0.0034223749999999996,133.0,5.097179579497698,-1.1872671642899975,1.5135667438959406,-0.014857094513131735,-0.0010239636681966973,-0.006515084419036301,0.06663704293781916,-0.09056273102760315,0.22152821719646454,-0.060924410820007324,1.214273452758789,0.6340005397796631,-1.2608377933502197,-0.35028719902038574,-0.07217657566070557,-1.0419598817825317,0.7511065006256104,1.2681797742843628,-1.1427620649337769
0.4551758749999989,0.0034223749999999996,133.0,5.092274870578786,-1.1816396985794841,1.5136437971354242,-0.007998392952330175,-0.0005602894713915151,-0.00356797911825036,0.0666011677485226,-0.09261941909790039,0.22363507747650146,-0.06145671010017395,1.2165160179138184,0.6489726901054382,-1.2577323913574219,-0.32825344800949097,-0.07431399822235107,-1.0399478673934937,0.7826707363128662,1.2458926439285278,-1.1425178050994873
0.4551758749999989,0.0034223749999999996,133.0,5.086300510878418,-1.1757486325637367,1.5132671016565822,-0.0065715444493774835,-0.00048450982887407153,-0.0029367545143433177,0.06656743240643923,-0.09479835629463196,0.22485220432281494,-0.062399089336395264,1.2211298942565918,0.6534766554832458,-1.2498664855957031,-0.31201356649398804,-0.07731854915618896,-1.0378588438034058,0.7913589477539062,1.2268122434616089,-1.1439616680145264
0.4551758749999989,0.0034223749999999996,133.0,5.07960423044503,-1.1694853983167603,1.5126279207179971,-0.00594277539198495,-0.00047571661028261096,-0.002659525952048726,0.06654051640453455,-0.09656035900115967,0.22483116388320923,-0.06531628966331482,1.2233898639678955,0.6606553196907043,-1.236313819885254,-0.2842668294906616,-0.07829248905181885,-1.0345990657806396,0.7981202602386475,1.2124396562576294,-1.1452809572219849
0.4551758749999989,0.0034223749999999996,133.0,5.071839704411472,-1.162278784948389,1.511884025367036,-0.005578121036670519,-0.0004905511393672694,-0.0024981784346076326,0.06650573243950425,-0.09897646307945251,0.22545571625232697,-0.06749606132507324,1.227860927581787,0.6620794534683228,-1.2246479988098145,-0.25904208421707153,-0.08066362142562866,-1.0292062759399414,0.8044641017913818,1.1906449794769287,-1.1472868919372559
0.4551758749999989,0.0034223749999999996,133.0,5.062862396769647,-1.1564054065750438,1.5085020857670237,-0.0053200097533573545,-0.0005454245730597584,-0.0023819083231663082,0.06655480383519417,-0.09848004579544067,0.22327154874801636,-0.07230710983276367,1.2218568325042725,0.6668595671653748,-1.2098300457000732,-0.2214648425579071,-0.07637077569961548,-1.0166575908660889,0.806584358215332,1.1837873458862305,-1.1458549499511719
0.4551758749999989,0.0034223749999999996,133.0,5.053401951300844,-1.1480098692939011,1.5072521222805986,-0.005107159171248924,-0.0005886468665236154,-0.0022906296577879593,0.0665158912457224,-0.10057905316352844,0.2227596938610077,-0.07641831040382385,1.223644495010376,0.6716896891593933,-1.1925873756408691,-0.18322311341762543,-0.07689505815505981,-1.0082509517669678,0.8129093647003174,1.1637672185897827,-1.1471827030181885
0.4551758749999989,0.0034223749999999996,133.0,5.043272995451715,-1.1384734005361632,1.5064586832988867,-0.004948206284669265,-0.0006097441606925801,-0.0022186057183417487,0.06648905748000966,-0.10327261686325073,0.22348369657993317,-0.07875627279281616,1.2283204793930054,0.6694637537002563,-1.180734634399414,-0.15693917870521545,-0.07916319370269775,-0.999733030796051,0.8191769123077393,1.1366759538650513,-1.1494441032409668
0.4551758749999989,0.0034223749999999996,133.0,5.032097938178749,-1.1282443644637352,1.5052430805087367,-0.004805184239727404,-0.0006530923654346157,-0.0021550896427162233,0.06644431818089797,-0.10614383220672607,0.2232227474451065,-0.08309677243232727,1.23121976852417,0.6696839332580566,-1.162081003189087,-0.11339771747589111,-0.08015859127044678,-0.9875403642654419,0.827186107635498,1.1058545112609863,-1.151329517364502
0.4551758749999989,0.0034223749999999996,133.0,5.02016358354351,-1.1173460367568981,1.504142672292742,-0.004660311065320847,-0.0006928695412722102,-0.0020917411278448296,0.06640707889629259,-0.10885104537010193,0.22293046116828918,-0.08731657266616821,1.2339003086090088,0.6733334064483643,-1.1437432765960693,-0.0736425518989563,-0.08149641752243042,-0.9770798087120056,0.8340799808502197,1.0806657075881958,-1.152681827545166
0.4551758749999989,0.0034223749999999996,133.0,5.007799607814491,-1.1055339462893943,1.5034113518711933,-0.004524923583738186,-0.0007133357900802283,-0.002030972793953893,0.06639434573067969,-0.1097612977027893,0.22198344767093658,-0.09145358204841614,1.2315019369125366,0.6691022515296936,-1.1311955451965332,-0.041141118854284286,-0.07797110080718994,-0.9618464112281799,0.8396060466766357,1.0591081380844116,-1.153813362121582
0.4551758749999989,0.0034223749999999996,133.0,4.9947428966324825,-1.0929585703639608,1.502712855493421,-0.004388173768945125,-0.0007266566650285821,-0.0019686361923328248,0.06637834388021005,-0.11053043603897095,0.22144724428653717,-0.09469255805015564,1.2299692630767822,0.6704151034355164,-1.1210904121398926,-0.01715564914047718,-0.07587277889251709,-0.9497561454772949,0.8433575630187988,1.046494483947754,-1.1543693542480469
0.4551758749999989,0.0034223749999999996,133.0,4.981249708271397,-1.0792439664777944,1.5025502802906014,-0.0042697570452771075,-0.0007185700798137829,-0.0019126688532871295,0.0663941665751172,-0.10965585708618164,0.2198261022567749,-0.09892097115516663,1.223244309425354,0.6678580641746521,-1.1120109558105469,0.009003142826259136,-0.06887632608413696,-0.9326745867729187,0.8460466861724854,1.033981442451477,-1.1547129154205322
0.4551758749999989,0.0034223749999999996,133.0,4.967302778594448,-1.0653566465203037,1.5023284790979674,-0.004121924684374187,-0.0006977595264155468,-0.0018344458731431909,0.06643295290310247,-0.10809463262557983,0.21947047114372253,-0.10047131776809692,1.2179803848266602,0.6629225611686707,-1.1117527484893799,0.012416195124387741,-0.06341385841369629,-0.9203475117683411,0.8445734977722168,1.0267671346664429,-1.154859185218811
0.4551758749999989,0.0034223749999999996,133.0,4.951833842410643,-1.0500212845637469,1.5021234701125532,-0.00393529325829286,-0.0006736628506743954,-0.001745338527837159,0.06645155157412477,-0.10740804672241211,0.21908679604530334,-0.10283595323562622,1.2139718532562256,0.6582627296447754,-1.107081413269043,0.025865228846669197,-0.059173405170440674,-0.9068225622177124,0.844419002532959,1.0110050439834595,-1.1550610065460205
0.4551758749999989,0.0034223749999999996,133.0,4.935722310461757,-1.0340586726111662,1.502078444542047,-0.003757641864609091,-0.0006595569410942612,-0.0016654860767721174,0.0664716075108356,-0.10719302296638489,0.21989695727825165,-0.10361725091934204,1.2132904529571533,0.6557039022445679,-1.1050219535827637,0.02984735742211342,-0.058139026165008545,-0.8974518179893494,0.8421318531036377,0.9948886632919312,-1.1553083658218384
0.4551758749999989,0.0034223749999999996,133.0,4.918609494335327,-1.0171813294580254,1.5019631511350027,-0.003556537410174497,-0.0006352149636342935,-0.0015753310251515914,0.0664982585875566,-0.10601040720939636,0.21873080730438232,-0.10720586776733398,1.2069249153137207,0.6486992239952087,-1.0983355045318604,0.05216784030199051,-0.05217576026916504,-0.8796921372413635,0.8407497406005859,0.9734475016593933,-1.1549770832061768
0.4551758749999989,0.0034223749999999996,133.0,4.901393743969257,-0.9998290355178323,1.5022678549644872,-0.0033631557380168777,-0.0006002203975224874,-0.0014912450295543338,0.06656175634690127,-0.10315918922424316,0.21888096630573273,-0.1075620949268341,1.200418472290039,0.6362622380256653,-1.1042392253875732,0.04438244178891182,-0.04584139585494995,-0.866422176361084,0.8332834243774414,0.9624394774436951,-1.1547529697418213
0.4551758749999989,0.0034223749999999996,133.0,4.882438904689561,-0.9810300607491484,1.5023905100446604,-0.003166548470295749,-0.0005729640261414917,-0.001403498441817955,0.06658180598565781,-0.10326746106147766,0.22025899589061737,-0.1080896258354187,1.2005754709243774,0.6262310147285461,-1.102426528930664,0.048468925058841705,-0.04511094093322754,-0.8536238074302673,0.8298187255859375,0.9349357485771179,-1.1554523706436157
0.4551758749999989,0.0034223749999999996,133.0,4.8627679927482745,-0.9619039062701523,1.5021293513322749,-0.002987172260263297,-0.0005596508683938294,-0.00132696891261146,0.06660966027617227,-0.1028384268283844,0.21896883845329285,-0.11269405484199524,1.1948033571243286,0.6219571232795715,-1.09063720703125,0.08307965099811554,-0.04002159833908081,-0.8314595818519592,0.8290286064147949,0.904563844203949,-1.1548441648483276
0.4551758749999989,0.0034223749999999996,133.0,4.842910713863917,-0.9417171887905212,1.502521805403811,-0.0027568099576548515,-0.0005149535196445232,-0.0012249264406894605,0.06666082510518265,-0.10054883360862732,0.2195020318031311,-0.11319950222969055,1.1892964839935303,0.6082713603973389,-1.0940024852752686,0.07980246841907501,-0.034445226192474365,-0.8151533007621765,0.8213059902191162,0.885607898235321,-1.154803991317749
0.4551758749999989,0.0034223749999999996,133.0,4.821220279086707,-0.9215815758257246,1.5016894981710323,-0.0025255160539632486,-0.0005139020764927984,-0.001124877057880186,0.06665181376729538,-0.10160490870475769,0.2168630063533783,-0.12081587314605713,1.1832072734832764,0.615247368812561,-1.0703210830688477,0.14481540024280548,-0.030667543411254883,-0.7872044444084167,0.8243908882141113,0.8443650603294373,-1.1527035236358643
0.4551758749999989,0.0034223749999999996,133.0,4.79953304873654,-0.9003554016568144,1.5015355281610046,-0.0023087087253073563,-0.00048407513429055566,-0.001028328995935239,0.06668036504738793,-0.10060667991638184,0.2154577374458313,-0.12512582540512085,1.1760196685791016,0.6105243563652039,-1.0604407787322998,0.1758827567100525,-0.025096535682678223,-0.763473629951477,0.8209547996520996,0.8138402700424194,-1.1511485576629639
0.4551758749999989,0.0034223749999999996,133.0,4.776537917468301,-0.877713345546967,1.5015242273496774,-0.0020953647447468633,-0.000446335065352311,-0.0009318798487490563,0.06669891820688474,-0.09949728846549988,0.21544069051742554,-0.12739822268486023,1.1705929040908813,0.5984545350074768,-1.0563035011291504,0.19170023500919342,-0.02028799057006836,-0.7415211200714111,0.8154315948486328,0.7812890410423279,-1.1504337787628174
0.4551758749999989,0.0034223749999999996,133.0,4.752767793634822,-0.8535195711534693,1.5017560006173842,-0.0019275326451386717,-0.0004081871416137402,-0.0008526641749301391,0.06670629254114906,-0.09842061996459961,0.2161257416009903,-0.1286686658859253,1.1669645309448242,0.587515652179718,-1.053633451461792,0.19877015054225922,-0.017069518566131592,-0.7233516573905945,0.8074183464050293,0.752012312412262,-1.1498992443084717
0.4551758749999989,0.0034223749999999996,133.0,4.7288550647141605,-0.829267973460421,1.5021836687240455,-0.0017177585581767665,-0.00036046164091423105,-0.000760494799466156,0.06676283415516904,-0.0954177975654602,0.21686293184757233,-0.12871265411376953,1.1604305505752563,0.5718094706535339,-1.0583207607269287,0.19120755791664124,-0.010834038257598877,-0.706156313419342,0.7955992221832275,0.7319539785385132,-1.1494812965393066
0.4551758749999989,0.0034223749999999996,133.0,4.703519700807448,-0.8044320168982843,1.5021215620462702,-0.0015234067265446811,-0.00033120754009332437,-0.0006748307998850585,0.06678181173470656,-0.09433287382125854,0.21605834364891052,-0.13225439190864563,1.1530394554138184,0.5604669451713562,-1.0506095886230469,0.21759262681007385,-0.004891932010650635,-0.6800251007080078,0.7898991107940674,0.6942464113235474,-1.1479952335357666
0.4551758749999989,0.0034223749999999996,133.0,4.67713094810693,-0.7790691548650827,1.50184723142936,-0.0013315674013191052,-0.00030224233743861707,-0.0005902017892380405,0.06679500316261412,-0.09476467967033386,0.214427649974823,-0.1378174126148224,1.1457548141479492,0.5571368932723999,-1.0346448421478271,0.26590827107429504,-0.0007086396217346191,-0.648883044719696,0.787595272064209,0.645869791507721,-1.1449081897735596
0.4551758749999989,0.0034223749999999996,133.0,4.6502940423814145,-0.7527021455604558,1.5017471988807607,-0.0011729266147929023,-0.00027537028240392727,-0.0005193383762715901,0.06681868457891664,-0.0936623215675354,0.21324926614761353,-0.14194375276565552,1.1363348960876465,0.5445020198822021,-1.0252015590667725,0.299375057220459,0.005960941314697266,-0.6164029240608215,0.7810714244842529,0.6011239886283875,-1.1420936584472656
0.4551758749999989,0.0034223749999999996,133.0,4.622677070159167,-0.7256146302406091,1.501643053139967,-0.001031426429297077,-0.00024911686766823383,-0.0004569812132956504,0.06685500209936697,-0.09256595373153687,0.21189211308956146,-0.14634591341018677,1.1258373260498047,0.5312482714653015,-1.0146968364715576,0.3361040949821472,0.013091802597045898,-0.5809301137924194,0.774085521697998,0.5537058711051941,-1.1386463642120361
0.4551758749999989,0.0034223749999999996,133.0,4.593846027982303,-0.6974417505517797,1.5015498387346173,-0.0008500874914220918,-0.0002110237273382727,-0.00037573914898781974,0.06686842841738797,-0.09000915288925171,0.2109316885471344,-0.14943179488182068,1.1141157150268555,0.5158308744430542,-1.0091099739074707,0.35909727215766907,0.021391868591308594,-0.5478610396385193,0.7623472213745117,0.5146363377571106,-1.135129451751709
0.4551758749999989,0.0034223749999999996,133.0,4.564117771943584,-0.6687382134649982,1.5014263137924482,-0.0007120330856449083,-0.00018374153490146263,-0.0003144852172663445,0.06687889824606555,-0.09075060486793518,0.20836620032787323,-0.15617620944976807,1.101963758468628,0.511473536491394,-0.9895598888397217,0.4228335916996002,0.026664435863494873,-0.5039164423942566,0.7583281993865967,0.45239773392677307,-1.1282159090042114
0.4551758749999989,0.0034223749999999996,133.0,4.533701135320558,-0.6391888066089633,1.501511466381893,-0.0005332321679973625,-0.00014153212906897216,-0.00023578298869951617,0.06690105092903512,-0.09063071012496948,0.20616620779037476,-0.16182461380958557,1.0886051654815674,0.5019403100013733,-0.9739739894866943,0.47604724764823914,0.03300720453262329,-0.46080532670021057,0.7512474060058594,0.3932153880596161,-1.121126413345337
0.4551758749999989,0.0034223749999999996,133.0,4.502804309843982,-0.6085393932254878,1.5018048188616682,-0.0003342524990096355,-8.930113239126418e-5,-0.0001481175921032308,0.06694579361750617,-0.08952844142913818,0.20459745824337006,-0.16604995727539062,1.075053334236145,0.4864737391471863,-0.9629311561584473,0.5155356526374817,0.03986850380897522,-0.41999539732933044,0.7403726577758789,0.33807486295700073,-1.1143205165863037
0.4551758749999989,0.0034223749999999996,133.0,4.470944633433437,-0.5769662486015906,1.5019757422815725,-0.00015591866911173472,-4.2260490287396984e-5,-6.927179274558425e-5,0.06697710438493702,-0.08650484681129456,0.2037498950958252,-0.16838213801383972,1.0610764026641846,0.4675149917602539,-0.9586107730865479,0.5362272262573242,0.04751589894294739,-0.38377928733825684,0.7230837345123291,0.2940181791782379,-1.107865571975708
0.4551758749999989,0.0034223749999999996,133.0,4.438111923139737,-0.5454082055282184,1.5022805583562497,1.7232575457175323e-5,4.841295977164217e-6,7.690389356148653e-6,0.06700382986003109,-0.08430823683738708,0.20075906813144684,-0.17345091700553894,1.0423188209533691,0.457348108291626,-0.9482588768005371,0.5830506682395935,0.05603453516960144,-0.33944517374038696,0.7088778018951416,0.24244478344917297,-1.097623586654663
0.4551758749999989,0.0034223749999999996,133.0,4.404302092952298,-0.5123357313510626,1.5023709936603853,0.00018999383643278253,5.461143812858262e-5,8.497192469898502e-5,0.06701839271893666,-0.08280503749847412,0.19869346916675568,-0.17758029699325562,1.025085210800171,0.4390121400356293,-0.9372663497924805,0.6250694394111633,0.0634469985961914,-0.2934449315071106,0.6940317153930664,0.18369044363498688,-1.08768892288208
0.4551758749999989,0.0034223749999999996,133.0,4.369658081029888,-0.47805731624971565,1.5024733216512223,0.00037674236035778897,0.00010916070562609056,0.00016869984579745355,0.06703179815585737,-0.08143371343612671,0.19647827744483948,-0.18167957663536072,1.0067808628082275,0.41971901059150696,-0.925400972366333,0.6685678958892822,0.07069599628448486,-0.24509018659591675,0.6783440113067627,0.12399210780858994,-1.0765037536621094
0.4551758749999989,0.0034223749999999996,133.0,4.3339976655381705,-0.4433838368867118,1.5028588678241546,0.000522525625328187,0.00015368968012477273,0.00023545539842419842,0.06705018779142494,-0.08007419109344482,0.19623629748821259,-0.18365615606307983,0.9929890632629395,0.39940327405929565,-0.9149689674377441,0.6922363638877869,0.07569968700408936,-0.20869210362434387,0.6602859497070312,0.07149504125118256,-1.067507266998291
0.4551758749999989,0.0034223749999999996,133.0,4.297653907287509,-0.4079707878532864,1.5032017352741642,0.0006864381439579408,0.00020529234347451452,0.00031088771843462725,0.0670631517168954,-0.07872086763381958,0.19407936930656433,-0.1873094141483307,0.9734485149383545,0.37924376130104065,-0.9024419784545898,0.7328223586082458,0.0828472375869751,-0.16156087815761566,0.6430046558380127,0.014322677627205849,-1.0549795627593994
0.4551758749999989,0.0034223749999999996,133.0,4.260496799928065,-0.37174773123669846,1.5035724944051347,0.000860396243738461,0.0002614224039766729,0.00039180734820619894,0.06707265793610478,-0.07732462882995605,0.1917380541563034,-0.19089378416538239,0.9521437883377075,0.35756921768188477,-0.8888323307037354,0.7749502658843994,0.09005048871040344,-0.11149280518293381,0.6243820190429688,-0.043932847678661346,-1.040734887123108
0.4551758749999989,0.0034223749999999996,133.0,4.222403566699962,-0.334695177936257,1.5039865017465655,0.0010569426401277789,0.00032617366647915124,0.00048552240465683566,0.06707908638655832,-0.07591664791107178,0.18916049599647522,-0.1944185346364975,0.9288842082023621,0.3343191146850586,-0.8737640380859375,0.8185902833938599,0.09740996360778809,-0.05855866149067879,0.6044511795043945,-0.10232292115688324,-1.0246820449829102
0.4551758749999989,0.0034223749999999996,133.0,4.183530023513723,-0.29677353408493923,1.504386360889985,0.001243639173563434,0.0003893864431778314,0.0005742631842373521,0.06707230742408235,-0.07442498207092285,0.18632349371910095,-0.1978047490119934,0.903539776802063,0.30915454030036926,-0.8571946620941162,0.8634294867515564,0.10485568642616272,-0.002069993643090129,0.58262038230896,-0.16041693091392517,-1.0066280364990234
0.4551758749999989,0.0034223749999999996,133.0,4.143550159128243,-0.2583988474541092,1.5052169632299712,0.0013621102725180608,0.00043503199068111896,0.0006349365455961372,0.06706634162524165,-0.07414713501930237,0.18410973250865936,-0.2008083313703537,0.8777624368667603,0.2830784022808075,-0.8344624042510986,0.9091120958328247,0.11082693934440613,0.055854909121990204,0.5614321231842041,-0.2224128097295761,-0.9866198301315308
0.4551758749999989,0.0034223749999999996,133.0,4.103032251014465,-0.2190971227864401,1.5058255159181744,0.0015134334616659314,0.0004896727524870113,0.0007144205315605903,0.06706688853847126,-0.07277113199234009,0.17917054891586304,-0.2047756463289261,0.8434874415397644,0.25848522782325745,-0.813452959060669,0.9674264788627625,0.11988255381584167,0.12658502161502838,0.5368490219116211,-0.2769688367843628,-0.9613080620765686
0.4551758749999989,0.0034223749999999996,133.0,4.061144030085634,-0.17799280665308959,1.5058251209436104,0.0016604609856257365,0.0005416157044930447,0.000796259250545153,0.06704006984207285,-0.0704452395439148,0.17598961293697357,-0.2067461907863617,0.8136137127876282,0.22574274241924286,-0.7930536270141602,1.0056705474853516,0.12642696499824524,0.19011275470256805,0.5070736408233643,-0.32726404070854187,-0.9378279447555542
0.4551758749999989,0.0034223749999999996,133.0,4.019233208714922,-0.13610455918796574,1.509710193882928,0.001793648563049309,0.0005826868391695315,0.0008877267528432541,0.06698391678858258,-0.06999841332435608,0.16968291997909546,-0.21012043952941895,0.7708210945129395,0.2025824636220932,-0.763554573059082,1.0691684484481812,0.13713470101356506,0.2682381570339203,0.48265647888183594,-0.3668304681777954,-0.9056985974311829
0.4551758749999989,0.0034223749999999996,133.0,3.9740422034504768,-0.09318423666432084,1.5102785538675898,0.0018862981967453449,0.0006354475062202332,0.0009504846624598447,0.06686793449652335,-0.07164043188095093,0.1690071076154709,-0.21061694622039795,0.7559133768081665,0.18662406504154205,-0.7411296367645264,1.0904033184051514,0.13543760776519775,0.3089396059513092,0.4698324203491211,-0.4040912687778473,-0.8889732956886292
0.4551758749999989,0.0034223749999999996,133.0,3.9226078490120884,-0.04282086361288915,1.5103221769596553,0.001839501839916089,0.0005225822869879197,0.0010753553918792574,0.06662435336743797,-0.0752294659614563,0.18787650763988495,-0.20496976375579834,0.8431053161621094,0.21297308802604675,-0.8112697601318359,0.9360143542289734,0.10543379187583923,0.1463235467672348,0.5221915245056152,-0.3597014844417572,-0.9463744163513184
0.4551758749999989,0.0034223749999999996,133.0,3.860576318890428,0.01901402738882269,1.5086647369049138,0.0016857323783999385,-5.497039231742477e-5,0.0012781008661482973,0.0656551717412417,-0.10033655166625977,0.21050970256328583,-0.16548311710357666,0.9376634359359741,0.34595799446105957,-0.7468476295471191,0.44929075241088867,0.08762258291244507,-0.7368897795677185,0.8996434211730957,0.19382740557193756,-1.022373914718628
0.4551758749999989,0.0034223749999999996,133.0,3.783259374641689,0.03802295458915312,1.5064849562215998,0.00010329613926091813,8.456005081257938e-6,7.769738546370688e-5,0.06439707645978521,-0.12282028794288635,0.21657271683216095,-0.15436610579490662,0.8913670182228088,0.3627248704433441,-0.6247096061706543,0.24012614786624908,0.13545584678649902,-1.1657614707946777,1.1829144954681396,0.4815656244754791,-1.0238971710205078
0.4551758749999989,0.0034223749999999996,133.0,3.8056236628793836,0.07695044713301583,1.5269777283335482,-0.0018284805203453156,0.00011646912257283959,-0.0013096947901961194,0.06268009175881638,-0.2616134583950043,0.09054483473300934,0.012780725955963135,1.2869948148727417,0.3450484275817871,-0.06632351875305176,0.04554440453648567,-0.3000637888908386,-1.327833890914917,1.4676599502563477,0.8414022922515869,-0.9815464019775391
0.4551758749999989,0.0034223749999999996,133.0,3.8229580101128264,0.12951018374528725,1.5580765630898226,-0.002241943694727943,0.0006751128349916264,-0.001275804542308639,0.06073729546791775,-0.3280041515827179,0.07636374235153198,0.137740820646286,1.4319409132003784,-0.17333871126174927,0.04759716987609863,-0.7674647569656372,-0.3841387629508972,-1.3959448337554932,1.5152206420898438,1.3037651777267456,-1.0374053716659546
0.4551758749999989,0.0034223749999999996,133.0,3.8610628218800405,0.17757506545284585,1.5685600008444132,-0.002283906086459278,0.0007526367775276173,-0.0011920243263439548,0.06032511179275996,-0.3433600962162018,0.08425172418355942,0.17563417553901672,1.542673110961914,-0.24033625423908234,0.06069660186767578,-0.9023153781890869,-0.39237409830093384,-1.4117858409881592,1.4486658573150635,1.2338839769363403,-1.1388516426086426
0.4551758749999989,0.0034223749999999996,133.0,3.905438697556979,0.22197191448318662,1.573752066905604,-0.0021684118820186047,0.0007126168774839417,-0.0010896421883432878,0.06032382759508891,-0.33985963463783264,0.09604968130588531,0.186685711145401,1.5942636728286743,-0.1462877243757248,0.017984628677368164,-0.9013457894325256,-0.4084133505821228,-1.4900009632110596,1.4016141891479492,1.1416701078414917,-1.1739726066589355
0.4551758749999989,0.0034223749999999996,133.0,3.949858067922468,0.26422672493987853,1.5779544819425397,-0.001990127869053977,0.0006550092355309419,-0.0009672611893363197,0.06039517384301355,-0.335445374250412,0.10332898050546646,0.19085416197776794,1.6199586391448975,-0.07635547965765,-0.020740509033203125,-0.893036425113678,-0.4180930256843567,-1.5569648742675781,1.3734650611877441,1.101723313331604,-1.1898140907287598
0.4551758749999989,0.0034223749999999996,133.0,3.9937220733058054,0.3045540415244868,1.5809691431344977,-0.0017653328414182058,0.0005800451222868326,-0.000833142334316072,0.060540244585205516,-0.3293532431125641,0.10505667328834534,0.19710466265678406,1.6451514959335327,-0.04274721071124077,-0.05485796928405762,-0.9217734932899475,-0.43877243995666504,-1.573759913444519,1.315840721130371,1.0934585332870483,-1.1940456628799438
0.4551758749999989,0.0034223749999999996,133.0,4.0367276236380105,0.3444748229726595,1.58309834611356,-0.0016595068388807034,0.0005419597318288353,-0.0007697509061468675,0.06067254066013477,-0.325011283159256,0.10859303176403046,0.19944199919700623,1.6594313383102417,-0.001824603183194995,-0.08540868759155273,-0.9231860637664795,-0.4467097520828247,-1.612923502922058,1.291731834411621,1.083490014076233,-1.2003222703933716
0.4551758749999989,0.0034223749999999996,133.0,4.078996368841269,0.3842235879695626,1.5857219882997358,-0.0014220210913830952,0.00046239441050603593,-0.0006429842336730631,0.06073743182437851,-0.32183364033699036,0.11096759140491486,0.19840791821479797,1.6625442504882812,0.017920315265655518,-0.10520291328430176,-0.9226306676864624,-0.4435696601867676,-1.6533915996551514,1.286649227142334,1.092581033706665,-1.2066726684570312
0.4551758749999989,0.0034223749999999996,133.0,4.120482055328605,0.42288911873177604,1.5888773974157955,-0.0012382850895753803,0.0004032872447478402,-0.0005458914360382177,0.06081868470830882,-0.3185475170612335,0.11590829491615295,0.20091620087623596,1.6803629398345947,0.06644091755151749,-0.1351766586303711,-0.9193079471588135,-0.4528566002845764,-1.6921085119247437,1.2677135467529297,1.076662540435791,-1.2151497602462769
0.4551758749999989,0.0034223749999999996,133.0,4.161062444056319,0.46072166813492593,1.5917251564827977,-0.0010066483597251823,0.00032910819219506005,-0.00043342482338193573,0.060908837291070946,-0.3143511116504669,0.1219242662191391,0.2071675956249237,1.7094520330429077,0.11797334998846054,-0.16936874389648438,-0.9297212362289429,-0.4709964990615845,-1.7130028009414673,1.2251636981964111,1.0415968894958496,-1.2258479595184326
0.4551758749999989,0.0034223749999999996,133.0,4.20058695205515,0.49766524500283527,1.5939093963244084,-0.0008012083959509176,0.00026213474460827214,-0.0003375790261307041,0.06098853788710588,-0.31054607033729553,0.12455005943775177,0.20906373858451843,1.7215321063995361,0.15093174576759338,-0.19608569145202637,-0.9339669346809387,-0.47962522506713867,-1.7359808683395386,1.202662467956543,1.040279746055603,-1.2292916774749756
0.4551758749999989,0.0034223749999999996,133.0,4.239283796189813,0.5336563277741799,1.5962707067568858,-0.0006045988002631755,0.0001992298952382996,-0.00025021976424688077,0.0610650588137943,-0.30706849694252014,0.12718304991722107,0.21112623810768127,1.7335519790649414,0.18128928542137146,-0.22080183029174805,-0.9402059316635132,-0.48835819959640503,-1.7546201944351196,1.180809736251831,1.0375518798828125,-1.2325615882873535
0.4551758749999989,0.0034223749999999996,133.0,4.277037613696837,0.568968938289596,1.5985337897433753,-0.0004156904216541083,0.00013727619778240236,-0.00016839178857085358,0.06112780478723072,-0.3039585053920746,0.1298283189535141,0.2132152020931244,1.7454856634140015,0.20974141359329224,-0.24389147758483887,-0.9459941387176514,-0.49677711725234985,-1.770270586013794,1.1603803634643555,1.034159779548645,-1.236061692237854
0.4551758749999989,0.0034223749999999996,133.0,4.313594094095532,0.6033556156132638,1.600929295130704,-0.00023310797085943584,7.730573081770859e-5,-9.286012427434554e-5,0.061180120190745674,-0.3013429343700409,0.13386192917823792,0.21580085158348083,1.7594447135925293,0.23170919716358185,-0.26389098167419434,-0.9539405107498169,-0.5016791224479675,-1.7842973470687866,1.1406211853027344,1.0200012922286987,-1.2450696229934692
0.4551758749999989,0.0034223749999999996,133.0,4.34940404620832,0.6366633947274065,1.6024618522345344,-6.936140941129335e-5,2.322235905072215e-5,-2.7255913500262944e-5,0.06126590190143755,-0.2987324297428131,0.13624761998653412,0.21778133511543274,1.7700246572494507,0.2568399906158447,-0.2847623825073242,-0.9600244760513306,-0.5095614790916443,-1.7964223623275757,1.1233549118041992,1.0177546739578247,-1.2477689981460571
0.4551758749999989,0.0034223749999999996,133.0,4.383942277583187,0.6688985385670012,1.6038400956061225,0.00014963125001442906,-5.0563558384939446e-5,5.8033502253726115e-5,0.06131028620976873,-0.29634371399879456,0.13698428869247437,0.2178192436695099,1.7729312181472778,0.26553621888160706,-0.29782795906066895,-0.9692683815956116,-0.5101227164268494,-1.8072043657302856,1.11445951461792,1.028099536895752,-1.250207781791687
0.4551758749999989,0.0034223749999999996,133.0,4.41888820303794,0.6985917240281664,1.604206088880666,0.0003530903684630604,-0.00011878357740795194,0.00013295678468381667,0.06149032706821918,-0.29237714409828186,0.13627585768699646,0.21877065300941467,1.7750608921051025,0.27419379353523254,-0.31624484062194824,-0.9833061695098877,-0.5147702097892761,-1.806148648262024,1.0923120975494385,1.040751576423645,-1.2477498054504395
0.4551758749999989,0.0034223749999999996,133.0,4.451968153961781,0.7295589840006573,1.6064429227092125,0.0005577963692777991,-0.0001898842942414138,0.0002067565516697837,0.061535424135195325,-0.2904272973537445,0.13874129951000214,0.22076091170310974,1.7853460311889648,0.29542627930641174,-0.33333611488342285,-0.9896343350410461,-0.5216981768608093,-1.813469409942627,1.0772693157196045,1.0353803634643555,-1.2510939836502075
0.4551758749999989,0.0034223749999999996,133.0,4.484334462758282,0.7598988284906862,1.608526854514477,0.0008011913629105402,-0.0002739985281919657,0.00029190173069819147,0.06154728449451906,-0.28839436173439026,0.14078229665756226,0.21946164965629578,1.7863481044769287,0.3072867691516876,-0.3453037738800049,-0.9900131225585938,-0.5171254277229309,-1.831441879272461,1.0778849124908447,1.0426380634307861,-1.2568402290344238
0.4551758749999989,0.0034223749999999996,133.0,4.515881795907095,0.7897678465287811,1.6111574739556689,0.0009755680864479962,-0.00033422906403214424,0.00034790101820132956,0.06157290023185621,-0.28653767704963684,0.1447177678346634,0.22220376133918762,1.8007153272628784,0.33914098143577576,-0.36568212509155273,-0.9914330840110779,-0.5273364186286926,-1.8395286798477173,1.060142993927002,1.0280617475509644,-1.2609505653381348
0.4551758749999989,0.0034223749999999996,133.0,4.546399627834234,0.8186749890339289,1.6139563725525747,0.001199078342677023,-0.000413307536674389,0.00041716571655257953,0.061577680512170004,-0.28397175669670105,0.14817149937152863,0.22708460688591003,1.8178516626358032,0.3588138520717621,-0.3835945129394531,-1.008720874786377,-0.5402279496192932,-1.8292816877365112,1.0246965885162354,1.0008643865585327,-1.2649799585342407
0.4551758749999989,0.0034223749999999996,133.0,4.576175527561676,0.8458910592167124,1.615527876953382,0.001368466861239483,-0.0004756244758410104,0.0004690201632709323,0.06163295756799175,-0.28146788477897644,0.1511317938566208,0.23007026314735413,1.8297120332717896,0.3844183087348938,-0.4039440155029297,-1.013550043106079,-0.5503470301628113,-1.8291083574295044,1.0010101795196533,0.9877340793609619,-1.266660451889038
0.4551758749999989,0.0034223749999999996,133.0,4.604930211812763,0.8725564215728967,1.616981394572494,0.0015590248106821618,-0.0005430453166671287,0.000526088235117869,0.06166650126293971,-0.2793036997318268,0.15122777223587036,0.22910985350608826,1.8280620574951172,0.39257943630218506,-0.4146132469177246,-1.017377495765686,-0.5484467148780823,-1.8377946615219116,0.9981341361999512,1.0028702020645142,-1.2670778036117554
0.4551758749999989,0.0034223749999999996,133.0,4.632916921245518,0.8985007225780901,1.6187823196817226,0.0017863404995509594,-0.0006251975542384565,0.0005948452462563672,0.06170369996428831,-0.27752217650413513,0.15263943374156952,0.2305910885334015,1.8343820571899414,0.40884754061698914,-0.42844390869140625,-1.0228193998336792,-0.55411297082901,-1.839614748954773,0.9847400188446045,1.0023112297058105,-1.2677515745162964
0.4551758749999989,0.0034223749999999996,133.0,4.65990366916829,0.9234336793092125,1.620566906766236,0.0020174097071009507,-0.000712561954178208,0.0006610329038667976,0.06172552204683662,-0.2759896218776703,0.15358181297779083,0.23058035969734192,1.8368744850158691,0.42088836431503296,-0.43926239013671875,-1.0249894857406616,-0.5552176833152771,-1.846408724784851,0.9797570705413818,1.0093812942504883,-1.2692474126815796
0.4551758749999989,0.0034223749999999996,133.0,4.68599604378225,0.9473967868149267,1.6219348315356792,0.0022738216573650557,-0.0008062231621008556,0.0007335588644514539,0.061765022767904236,-0.2739146649837494,0.15533871948719025,0.23329421877861023,1.8456292152404785,0.43332600593566895,-0.4529995918273926,-1.0351266860961914,-0.5624684691429138,-1.839669942855835,0.9572865962982178,0.9984227418899536,-1.2706794738769531
0.4551758749999989,0.0034223749999999996,133.0,4.711129003868441,0.9706695827467431,1.623594613695248,0.002462391023706648,-0.0008803795259212871,0.000784636893772438,0.06179264180658976,-0.2724713981151581,0.1554485708475113,0.23312368988990784,1.845845341682434,0.438755065202713,-0.4607703685760498,-1.0406454801559448,-0.5621429085731506,-1.8434289693832397,0.9532132148742676,1.0080801248550415,-1.2713251113891602
0.4551758749999989,0.0034223749999999996,133.0,4.735385186877423,0.9931716880722479,1.6252883909000047,0.0027052134522116173,-0.0009698864674625731,0.0008480253746140597,0.06181663663021722,-0.2712201178073883,0.1565200388431549,0.23442640900611877,1.8509846925735474,0.4516179859638214,-0.47162556648254395,-1.0451561212539673,-0.5669066309928894,-1.8438498973846436,0.942779541015625,1.008172631263733,-1.2717190980911255
0.4551758749999989,0.0034223749999999996,133.0,4.758868560416228,1.0149757276240396,1.6266792613203054,0.0029466508264568273,-0.0010660465036407788,0.0009156178047088233,0.06185017183037218,-0.2697966992855072,0.15765300393104553,0.23517689108848572,1.8544870615005493,0.46008265018463135,-0.4810903072357178,-1.050450086593628,-0.5686127543449402,-1.8452494144439697,0.9340190887451172,1.0084362030029297,-1.2735589742660522
0.4551758749999989,0.0034223749999999996,133.0,4.781494425312931,1.035482881789845,1.6278297997387026,0.0032036921762787275,-0.001166567214905504,0.000983244522096798,0.06187248044621693,-0.268452912569046,0.15762905776500702,0.23446789383888245,1.85312020778656,0.46483245491981506,-0.48834896087646484,-1.0536526441574097,-0.5666212439537048,-1.8505213260650635,0.9331378936767578,1.0205490589141846,-1.2743194103240967
0.4551758749999989,0.0034223749999999996,133.0,4.803143077602698,1.0551505888196082,1.6288596510651083,0.0034610002354301707,-0.0012693210897948206,0.001049728755786223,0.061901532654501434,-0.26690831780433655,0.15876880288124084,0.23653998970985413,1.8592612743377686,0.4760544002056122,-0.49954748153686523,-1.0604859590530396,-0.5728760361671448,-1.8448301553726196,0.9163548946380615,1.0144438743591309,-1.2741646766662598
0.4551758749999989,0.0034223749999999996,133.0,4.823771253061873,1.0747356561627488,1.6307374426614838,0.003662819448614199,-0.001349263913562973,0.0010956713481520331,0.06191715853175514,-0.26618799567222595,0.15926159918308258,0.23689910769462585,1.861345887184143,0.4826131761074066,-0.5051405429840088,-1.0655571222305298,-0.5742051005363464,-1.8471884727478027,0.9128937721252441,1.0184221267700195,-1.2749707698822021
0.4551758749999989,0.0034223749999999996,133.0,4.84341275977934,1.0930181685902358,1.6317297205598325,0.0038873977691723845,-0.0014433527477381335,0.0011538034829170357,0.06193783448510988,-0.2650282680988312,0.16021326184272766,0.23759880661964417,1.8640341758728027,0.488556444644928,-0.5129067897796631,-1.0705482959747314,-0.5751655697822571,-1.8478082418441772,0.9055459499359131,1.0182267427444458,-1.2767343521118164
0.4551758749999989,0.0034223749999999996,133.0,4.862401885052006,1.10970869169858,1.6321167348448076,0.00407107516669427,-0.0015386696292623036,0.0012068763242990097,0.06199451137240253,-0.263374000787735,0.16016007959842682,0.2385784089565277,1.8652971982955933,0.492845356464386,-0.521111249923706,-1.0785038471221924,-0.5775156617164612,-1.8438600301742554,0.8939566612243652,1.0207626819610596,-1.2756736278533936
0.4551758749999989,0.0034223749999999996,133.0,4.879961425622189,1.1273271030874457,1.6338681992449962,0.0043014252981902305,-0.0016349193035065668,0.0012630607986408486,0.0620017099770607,-0.26323071122169495,0.16154815256595612,0.23869982361793518,1.8684526681900024,0.5011476874351501,-0.5260264873504639,-1.0791850090026855,-0.5776435732841492,-1.851463794708252,0.8952975273132324,1.0220527648925781,-1.278761386871338
0.4551758749999989,0.0034223749999999996,133.0,4.896962306984649,1.1433458145090993,1.6347733940487763,0.004504414417256929,-0.0017164538761332904,0.0013057859671417493,0.062024143145241184,-0.26171645522117615,0.16232523322105408,0.24105891585350037,1.874186396598816,0.5061537623405457,-0.5334546566009521,-1.0891618728637695,-0.5834928154945374,-1.841686487197876,0.8755702972412109,1.0108965635299683,-1.2785557508468628
0.4551758749999989,0.0034223749999999996,133.0,4.913083078286344,1.1579877285206897,1.6351429684600438,0.004685030046481893,-0.001819396842706793,0.0013644712849262975,0.06208992164254709,-0.2601505219936371,0.16199494898319244,0.2409020960330963,1.8726314306259155,0.511681854724884,-0.5407538414001465,-1.0913335084915161,-0.5836940407752991,-1.841955542564392,0.870006799697876,1.0190054178237915,-1.2768886089324951
0.4551758749999989,0.0034223749999999996,133.0,4.928531712377355,1.1718640896551589,1.6351166797281493,0.00483661609257794,-0.0018841821980206327,0.001400381531244375,0.06212986172270734,-0.25785598158836365,0.16056068241596222,0.24061712622642517,1.8686732053756714,0.5155540108680725,-0.5479474067687988,-1.0948892831802368,-0.5844407677650452,-1.837020993232727,0.85965895652771,1.0297327041625977,-1.2722731828689575
0.4551758749999989,0.0034223749999999996,133.0,4.943209580258471,1.1854295197566556,1.6355208378981474,0.004975890861338916,-0.0019393623709173604,0.0014263874606313817,0.06216430512248927,-0.2555300295352936,0.16165420413017273,0.2424018681049347,1.8716425895690918,0.5211849212646484,-0.5574285984039307,-1.0993832349777222,-0.5883960127830505,-1.8252004384994507,0.8381872177124023,1.0162711143493652,-1.2712070941925049
0.4551758749999989,0.0034223749999999996,133.0,4.956900865991391,1.1980514083484077,1.6358980602817284,0.005123882138419748,-0.0019997116850935235,0.0014572204267969124,0.062191996949010855,-0.2528265416622162,0.15991072356700897,0.24190214276313782,1.8661613464355469,0.5204319953918457,-0.5630316734313965,-1.1040468215942383,-0.5871104598045349,-1.8178292512893677,0.8253977298736572,1.024474859237671,-1.2670834064483643
0.4551758749999989,0.0034223749999999996,133.0,4.969411319300067,1.21018805109899,1.6365343090760154,0.005284955092906327,-0.002058354587864043,0.0014886068468805537,0.06221303929723555,-0.2513568103313446,0.16035626828670502,0.24271926283836365,1.8672231435775757,0.5306833386421204,-0.5717251300811768,-1.101793885231018,-0.5902915596961975,-1.8150277137756348,0.8143823146820068,1.0230361223220825,-1.264971375465393
0.4551758749999989,0.0034223749999999996,133.0,4.980717994329677,1.222425368450042,1.6376118186607176,0.005451840036730676,-0.00211337849484899,0.001526710231564694,0.06221957816694498,-0.25123515725135803,0.16238051652908325,0.24302944540977478,1.8705811500549316,0.5489648580551147,-0.5809609889984131,-1.0905252695083618,-0.5930972695350647,-1.8232200145721436,0.8148038387298584,1.0226058959960938,-1.2655709981918335
0.4551758749999989,0.0034223749999999996,133.0,4.991142947679901,1.2344193079641115,1.6393672194452484,0.005619608283123481,-0.0021617628711812116,0.001555315383872738,0.06221342280271127,-0.25152787566185,0.16661836206912994,0.24586626887321472,1.88232421875,0.5696254968643188,-0.5909218788146973,-1.0817413330078125,-0.6016409993171692,-1.8236461877822876,0.8026654720306396,0.9976060390472412,-1.268618106842041
0.4551758749999989,0.0034223749999999996,133.0,5.000689911541655,1.2452064427861746,1.6405295411100123,0.005806209734779266,-0.0022229785950047816,0.001599491685682841,0.06221718536422668,-0.25202545523643494,0.1717538684606552,0.2498660385608673,1.896968960762024,0.5911203622817993,-0.6019818782806396,-1.0749399662017822,-0.6128745675086975,-1.819196343421936,0.78525710105896,0.9628690481185913,-1.2718002796173096
0.4551758749999989,0.0034223749999999996,133.0,5.00933550607254,1.2562134596887513,1.6432456825145423,0.006040678359279257,-0.0023533104083949745,0.001684046148016313,0.062097390513820926,-0.2534008324146271,0.17301982641220093,0.24597379565238953,1.8935515880584717,0.6065956950187683,-0.6029601097106934,-1.054282546043396,-0.6051635146141052,-1.8467609882354736,0.8149988651275635,0.9851119518280029,-1.276369333267212
0.4551758749999989,0.0034223749999999996,133.0,5.016990556878191,1.2655555763698882,1.644367043506496,0.006324943472085538,-0.0024480811291794115,0.0017580250549047128,0.06209866579564067,-0.25442764163017273,0.1766815185546875,0.2474227249622345,1.902596354484558,0.6288096904754639,-0.6104147434234619,-1.0410386323928833,-0.6121982932090759,-1.85257887840271,0.8129127025604248,0.9706035852432251,-1.2783124446868896
0.4551758749999989,0.0034223749999999996,133.0,5.023964726465541,1.273446953597518,1.644974297648886,0.006752741371910339,-0.002605363717401916,0.0018735684396859993,0.062109346452117076,-0.25454792380332947,0.17885611951351166,0.2483886182308197,1.9075984954833984,0.6434535980224609,-0.6168568134307861,-1.0330008268356323,-0.6165234446525574,-1.8530747890472412,0.807750940322876,0.9607371687889099,-1.27894926071167
0.4551758749999989,0.0034223749999999996,133.0,5.030007395236957,1.2808564894020935,1.6458050032585272,0.00747037430832211,-0.0028702122402001194,0.0020660238715986684,0.06211240712503035,-0.2554505169391632,0.18188144266605377,0.24895688891410828,1.9144073724746704,0.6618580222129822,-0.6226112842559814,-1.0209870338439941,-0.6208223700523376,-1.857111930847168,0.8078606128692627,0.9490464329719543,-1.2814295291900635
0.4551758749999989,0.0034223749999999996,133.0,5.035470692834234,1.28672232539117,1.6463837264170287,0.009091055891475764,-0.0034993137481555054,0.002494200758782711,0.06212450274691182,-0.2547140419483185,0.1830204576253891,0.2510261833667755,1.9205466508865356,0.667772114276886,-0.628654956817627,-1.025265097618103,-0.624702513217926,-1.8419222831726074,0.7885153293609619,0.9278588891029358,-1.2835521697998047
0.4551758749999989,0.0034223749999999996,133.0,5.039843067681595,1.2911325165160277,1.647040820076861,0.016810753718690286,-0.0066215645516607005,0.004518601476020274,0.062160229061534795,-0.2535358965396881,0.18043150007724762,0.25300124287605286,1.9302785396575928,0.6728143692016602,-0.6392309665679932,-1.0452916622161865,-0.6230806708335876,-1.8023432493209839,0.7569713592529297,0.9062426686286926,-1.2948369979858398
0.4551758749999989,0.0034223749999999996,133.0,5.06650000689057,-1.1880844095030438,1.4992305568336535,-0.014838913854587141,-0.0010873624430679412,-0.006505565749606837,0.06667095212707463,-0.08854949474334717,0.220210462808609,-0.0637613832950592,1.2075611352920532,0.6250744462013245,-1.2554707527160645,-0.3275592029094696,-0.06465381383895874,-1.024746298789978,0.7473225593566895,1.248610258102417,-1.143622636795044
0.4551758749999989,0.0034223749999999996,133.0,5.061607991316942,-1.1824662215385255,1.4993090069928643,-0.007988795185443391,-0.0005941272751463733,-0.003562143145137997,0.06663547387895202,-0.09060502052307129,0.22232843935489655,-0.06428906321525574,1.2097389698028564,0.6394569873809814,-1.2524025440216064,-0.3057866394519806,-0.06681060791015625,-1.022726058959961,0.7790446281433105,1.2259284257888794,-1.1432901620864868
0.4551758749999989,0.0034223749999999996,133.0,5.055641245420664,-1.1765889508700458,1.4989386196836554,-0.0065633534334612375,-0.0005122314852278326,-0.002931841154677508,0.0666029734206427,-0.09277749061584473,0.22354920208454132,-0.06523129343986511,1.214261770248413,0.6438561081886292,-1.244610071182251,-0.28976455330848694,-0.06978875398635864,-1.020531415939331,0.7877006530761719,1.2066620588302612,-1.1446678638458252
0.4551758749999989,0.0034223749999999996,133.0,5.048957403090757,-1.170339310122779,1.498304315826742,-0.0059351061180178705,-0.0005006485917797629,-0.0026550266840179317,0.06657706228318601,-0.0945272445678711,0.22351813316345215,-0.06814789772033691,1.216421365737915,0.651005208492279,-1.2311480045318604,-0.26208439469337463,-0.07074242830276489,-1.0169869661331177,0.7943806648254395,1.1919183731079102,-1.1459063291549683
0.4551758749999989,0.0034223749999999996,133.0,5.0412023172297955,-1.1631408173192719,1.497573620326861,-0.005570893570349832,-0.0005134799226263975,-0.0024939959814611057,0.066543572128302,-0.09693756699562073,0.22414222359657288,-0.07032954692840576,1.2207863330841064,0.6524383425712585,-1.2195701599121094,-0.23701782524585724,-0.07308816909790039,-1.0113581418991089,0.8006236553192139,1.1698189973831177,-1.1478304862976074
0.4551758749999989,0.0034223749999999996,133.0,5.032218610694027,-1.1572495387190371,1.4942177820944371,-0.005312165246607216,-0.0005662785279826449,-0.0023768341956547524,0.06659267815571607,-0.0964544415473938,0.22194232046604156,-0.07514950633049011,1.2148051261901855,0.6573355793952942,-1.2047638893127441,-0.19921743869781494,-0.0688706636428833,-0.9984510540962219,0.8027365207672119,1.1622791290283203,-1.1463426351547241
0.4551758749999989,0.0034223749999999996,133.0,5.022764912635133,-1.1488490281751953,1.4929928881969816,-0.005099751634179639,-0.0006077346530384926,-0.002285642458773198,0.06655463161602486,-0.09856685996055603,0.2214304655790329,-0.07924836874008179,1.2165508270263672,0.6622707843780518,-1.1876473426818848,-0.16115690767765045,-0.06942689418792725,-0.9898257851600647,0.8089861869812012,1.1418346166610718,-1.1475937366485596
0.4551758749999989,0.0034223749999999996,133.0,5.012672412402892,-1.1393038982550616,1.4922260431153758,-0.004941063328157098,-0.0006261239861372525,-0.002213468860759738,0.06652937072915384,-0.10157126188278198,0.22269943356513977,-0.08079400658607483,1.2225072383880615,0.657608151435852,-1.178022861480713,-0.13951341807842255,-0.07270771265029907,-0.9814642667770386,0.81512451171875,1.1120487451553345,-1.1500394344329834
0.4551758749999989,0.0034223749999999996,133.0,5.001488334359626,-1.1291094896716027,1.4910120524538186,-0.004797546185597319,-0.0006702165448965168,-0.0021502947526720714,0.06648604448226195,-0.10411778092384338,0.22189398109912872,-0.0858985185623169,1.2238664627075195,0.6603828072547913,-1.1574647426605225,-0.09192951023578644,-0.07264906167984009,-0.9686065316200256,0.822948694229126,1.0833377838134766,-1.15151846408844
0.4551758749999989,0.0034223749999999996,133.0,4.989562631222792,-1.1182198675458608,1.4899426557333793,-0.0046525304771936095,-0.000708809226474444,-0.002086969265831867,0.0664505951708466,-0.10671493411064148,0.22112208604812622,-0.09089308977127075,1.2253108024597168,0.6643449068069458,-1.1373412609100342,-0.04660569131374359,-0.07299822568893433,-0.9563315510749817,0.8303370475769043,1.0569411516189575,-1.1526747941970825
0.4551758749999989,0.0034223749999999996,133.0,4.977201455248919,-1.1064081038694527,1.4892342588298297,-0.004517160732533396,-0.0007281699102944169,-0.0020263061345818854,0.06643893672940036,-0.10773864388465881,0.22064505517482758,-0.09425121545791626,1.2239532470703125,0.6599120497703552,-1.1267907619476318,-0.01973678544163704,-0.07047605514526367,-0.9422469735145569,0.8351333141326904,1.0356066226959229,-1.153787612915039
0.4551758749999989,0.0034223749999999996,133.0,4.96414438616743,-1.0938332547212681,1.4885683523159499,-0.0043804422074656835,-0.0007403403678831013,-0.0019640901694826895,0.0664242034765551,-0.10810384154319763,0.2194966971874237,-0.09827247262001038,1.2204924821853638,0.6615556478500366,-1.115513801574707,0.008972181007266045,-0.06678110361099243,-0.9280553460121155,0.839038610458374,1.0236207246780396,-1.1540720462799072
0.4551758749999989,0.0034223749999999996,133.0,4.95055659882263,-1.0800387177746125,1.4885488233863222,-0.00426891753851017,-0.0007134406929637753,-0.0018985677756610552,0.06644462496736663,-0.10776585340499878,0.21850793063640594,-0.10177615284919739,1.2158304452896118,0.6588675379753113,-1.1073603630065918,0.03116021119058132,-0.061569154262542725,-0.9128533601760864,0.8418416976928711,1.008987545967102,-1.1546242237091064
0.4551758749999989,0.0034223749999999996,133.0,4.936667187233851,-1.0662385916779584,1.4882500892059825,-0.004114570238899571,-0.0007091581998370943,-0.0018306185271977976,0.06647951644183166,-0.10609433054924011,0.21810166537761688,-0.10328927636146545,1.2103302478790283,0.6536944508552551,-1.107370138168335,0.03438977897167206,-0.05605226755142212,-0.9002043604850769,0.8398234844207764,1.0020925998687744,-1.1545937061309814
0.4551758749999989,0.0034223749999999996,133.0,4.921176415203771,-1.0509743360820567,1.4880459987850427,-0.003927502528782858,-0.0006859525326621373,-0.0017423193324830912,0.06649965552227409,-0.10534924268722534,0.21767571568489075,-0.10568323731422424,1.2060887813568115,0.6489322781562805,-1.1027393341064453,0.04815947264432907,-0.051712870597839355,-0.8862276077270508,0.8394553661346436,0.9859243631362915,-1.1546616554260254
0.4551758749999989,0.0034223749999999996,133.0,4.904929521264143,-1.0349393824852293,1.488044491303036,-0.0037515311735875374,-0.0006629998082391093,-0.0016617622669228825,0.06652306091951204,-0.1051759123802185,0.2184484750032425,-0.10656851530075073,1.2053146362304688,0.6464910507202148,-1.1002979278564453,0.05306132882833481,-0.05064117908477783,-0.8765661716461182,0.8372597694396973,0.9691584706306458,-1.154855728149414
0.4551758749999989,0.0034223749999999996,133.0,4.887798422991571,-1.0180444270872977,1.4879587031334731,-0.0035502996130038398,-0.0006389219602785135,-0.0015730219748943956,0.06654836093128717,-0.10401168465614319,0.21727076172828674,-0.11014136672019958,1.1989219188690186,0.6395946741104126,-1.093646764755249,0.07545648515224457,-0.044764578342437744,-0.8586792945861816,0.8357539176940918,0.9473285675048828,-1.1544078588485718
0.4551758749999989,0.0034223749999999996,133.0,4.870622587138432,-1.0007257361500792,1.4882858960854362,-0.003356599643420272,-0.0006041622916955093,-0.0014899870177994142,0.06661326727161448,-0.10116443037986755,0.2174254059791565,-0.11045858263969421,1.1924569606781006,0.6270865797996521,-1.0995697975158691,0.06758511811494827,-0.038517773151397705,-0.8455145359039307,0.8281631469726562,0.9363123178482056,-1.1541361808776855
0.4551758749999989,0.0034223749999999996,133.0,4.851646466863765,-0.9818951939126065,1.4883993481817452,-0.00316068754153778,-0.0005767746349991785,-0.0014023345205774452,0.06663032018334258,-0.10128167271614075,0.21878975629806519,-0.11098483204841614,1.1925268173217773,0.6171048879623413,-1.0976879596710205,0.0716826319694519,-0.03780323266983032,-0.8327150344848633,0.8245627880096436,0.9088284969329834,-1.1547342538833618
0.4551758749999989,0.0034223749999999996,133.0,4.832123494596496,-0.9628368324446906,1.4881733983537506,-0.0029821676798243322,-0.0005643133664886401,-0.0013249366002830282,0.06665505313209791,-0.10084643959999084,0.2175329625606537,-0.11546403169631958,1.1867021322250366,0.6127166152000427,-1.086305856704712,0.1055072546005249,-0.03282588720321655,-0.8104580640792847,0.8235278129577637,0.8782672882080078,-1.1539514064788818
0.4551758749999989,0.0034223749999999996,133.0,4.812123557732866,-0.9425782104446966,1.488551299002239,-0.0027523236832334283,-0.0005170716094997089,-0.001224034283821725,0.06670473026902045,-0.0985734760761261,0.21799418330192566,-0.11607792973518372,1.1810593605041504,0.599195659160614,-1.0892705917358398,0.10327611863613129,-0.0272446870803833,-0.7939581871032715,0.8158013820648193,0.8589563965797424,-1.1537858247756958
0.4551758749999989,0.0034223749999999996,133.0,4.790460911417955,-0.9224471093694668,1.4877577744469541,-0.0025214802441024123,-0.0005151897990601087,-0.0011239698921277608,0.0666961703474374,-0.09964561462402344,0.21534818410873413,-0.12362667918205261,1.1747701168060303,0.6062834858894348,-1.0659534931182861,0.1678682565689087,-0.02351093292236328,-0.7656621932983398,0.818701982498169,0.8171574473381042,-1.1514333486557007
0.4551758749999989,0.0034223749999999996,133.0,4.768791886207899,-0.9011857008429844,1.4876433576845545,-0.0023053157593457304,-0.0004839719965235156,-0.0010274226488980426,0.06672464780621587,-0.09868785738945007,0.21393513679504395,-0.12791883945465088,1.1674859523773193,0.6016126275062561,-1.056110143661499,0.19908174872398376,-0.01802438497543335,-0.7416770458221436,0.8151876926422119,0.786098301410675,-1.1496919393539429
0.4551758749999989,0.0034223749999999996,133.0,4.745777772803747,-0.8785647667438431,1.4875961705908833,-0.002092248325384858,-0.0004468721768695282,-0.0009311512865753251,0.06674139184612177,-0.09753867983818054,0.2138773500919342,-0.1301785707473755,1.1618279218673706,0.5895137190818787,-1.0520524978637695,0.2149020880460739,-0.013209819793701172,-0.7195301651954651,0.8093740940093994,0.7534735202789307,-1.148753046989441
0.4551758749999989,0.0034223749999999996,133.0,4.721997323840459,-0.8543764122989327,1.4878300541804057,-0.0019247304333767025,-0.0004084359476353089,-0.0008521440192212164,0.06674774599827463,-0.09645634889602661,0.21454834938049316,-0.13143163919448853,1.1580772399902344,0.5785432457923889,-1.0493876934051514,0.22195370495319366,-0.010032296180725098,-0.7013196349143982,0.8011724948883057,0.7240512371063232,-1.1480542421340942
0.4551758749999989,0.0034223749999999996,133.0,4.698152666401977,-0.8302189897760281,1.4882079157139205,-0.0017154563116635797,-0.00036294650821424164,-0.0007593338384675927,0.06679864170190576,-0.09421616792678833,0.21487343311309814,-0.13250884413719177,1.1515984535217285,0.5640724897384644,-1.0500271320343018,0.22510255873203278,-0.004269301891326904,-0.681581437587738,0.7915456295013428,0.6978930830955505,-1.1472342014312744
0.4551758749999989,0.0034223749999999996,133.0,4.672717599491611,-0.8052757463161123,1.4881986011478292,-0.0015212292409751767,-0.00033107569977310205,-0.0006746530281185381,0.06682197288663201,-0.09238338470458984,0.2144215852022171,-0.1350293755531311,1.1438488960266113,0.5514988899230957,-1.0461671352386475,0.24139977991580963,0.00204545259475708,-0.6575904488563538,0.7833306789398193,0.665665328502655,-1.1457449197769165
0.4551758749999989,0.0034223749999999996,133.0,4.646331261720149,-0.7799095535687328,1.487953519200676,-0.001329539904653025,-0.0003020095925152453,-0.000590299328572184,0.06683582300348456,-0.09282094240188599,0.21277819573879242,-0.14054381847381592,1.1362560987472534,0.5481905341148376,-1.0303947925567627,0.2895274758338928,0.006217300891876221,-0.6260393261909485,0.7807378768920898,0.6167852282524109,-1.142331600189209
0.4551758749999989,0.0034223749999999996,133.0,4.619404648065872,-0.7533961909650119,1.4877694517208058,-0.0011712931679676753,-0.0002750843657148428,-0.0005195921523875078,0.06685470808676418,-0.09169378876686096,0.2114669531583786,-0.14476436376571655,1.1262872219085693,0.5356034636497498,-1.0207562446594238,0.324316143989563,0.012894690036773682,-0.5922946333885193,0.7738351821899414,0.5711141228675842,-1.1389789581298828
0.4551758749999989,0.0034223749999999996,133.0,4.5918557187672775,-0.7264304847046087,1.4877575186951857,-0.0010300260329303853,-0.00024840771909565034,-0.0004571223515965754,0.06689385429045407,-0.09060993790626526,0.21016059815883636,-0.14904245734214783,1.1156485080718994,0.5222838521003723,-1.0104742050170898,0.3601226210594177,0.019951462745666504,-0.557140052318573,0.7665402889251709,0.5237182974815369,-1.1353087425231934
0.4551758749999989,0.0034223749999999996,133.0,4.5630127995089,-0.6982836528361372,1.4876614906124075,-0.0008489089222334062,-0.00021046380553425766,-0.0003759320095050829,0.06690683450262067,-0.0880383849143982,0.20916306972503662,-0.15209722518920898,1.103641152381897,0.506759524345398,-1.004906415939331,0.38314512372016907,0.028193563222885132,-0.52390456199646,0.7544434070587158,0.4844748079776764,-1.1314460039138794
0.4551758749999989,0.0034223749999999996,133.0,4.533302034341239,-0.6696429481705856,1.4876466441585232,-0.0007109903137552603,-0.00018288155050913724,-0.0003147615703455144,0.06692126411118932,-0.08880069851875305,0.20665036141872406,-0.15870141983032227,1.0911381244659424,0.5022615194320679,-0.9856774806976318,0.4458344280719757,0.03347724676132202,-0.4800299406051636,0.750042200088501,0.42202475666999817,-1.124182939529419
0.4551758749999989,0.0034223749999999996,133.0,4.5028769694862785,-0.6400173225448917,1.487699550606292,-0.0005325012737275571,-0.0001407517341281075,-0.00023603189294807238,0.06694186342675579,-0.08865997195243835,0.20439967513084412,-0.16428682208061218,1.077238917350769,0.49252453446388245,-0.9702847003936768,0.4989382326602936,0.03981134295463562,-0.43613648414611816,0.7424428462982178,0.36251726746559143,-1.1165401935577393
0.4551758749999989,0.0034223749999999996,133.0,4.471941149897152,-0.6092402471092911,1.4878910340714795,-0.000333889991923624,-8.874572955840401e-5,-0.00014828292892794838,0.06698003380308389,-0.0875101089477539,0.20270845293998718,-0.16852617263793945,1.063001275062561,0.4768216013908386,-0.9592232704162598,0.5392082333564758,0.0466788113117218,-0.39395269751548767,0.730975866317749,0.30677205324172974,-1.109055757522583
0.4551758749999989,0.0034223749999999996,133.0,4.440074728575557,-0.5777393139588765,1.4881297980065091,-0.00015572080194893164,-4.198787481560484e-5,-6.938436703554176e-5,0.06701398406434425,-0.08451569080352783,0.2018868327140808,-0.1707649827003479,1.0488487482070923,0.45777806639671326,-0.95487380027771,0.5593467950820923,0.05421218276023865,-0.3581564128398895,0.7134428024291992,0.2628419101238251,-1.102307677268982
0.4551758749999989,0.0034223749999999996,133.0,4.407182435208524,-0.5459949221916586,1.4884145537590514,1.721818036187009e-5,4.800543823653368e-6,7.705110476849957e-6,0.06703774984109395,-0.08206179738044739,0.20063480734825134,-0.17372989654541016,1.0332646369934082,0.438991904258728,-0.947681188583374,0.5876448750495911,0.061929672956466675,-0.3197108507156372,0.6969666481018066,0.21320641040802002,-1.0943248271942139
0.4551758749999989,0.0034223749999999996,133.0,4.373396605093389,-0.513087806806307,1.488543557806747,0.00018976715309079834,5.4206550498548035e-5,8.51686352343051e-5,0.06705380275289312,-0.08081784844398499,0.196761816740036,-0.1797848641872406,1.0117921829223633,0.4287160038948059,-0.9336590766906738,0.6477206945419312,0.07013389468193054,-0.2668801248073578,0.6835296154022217,0.15243956446647644,-1.0810468196868896
0.4551758749999989,0.0034223749999999996,133.0,4.338760326104903,-0.47887531150645585,1.4886819323646394,0.0003762519877193634,0.00010831731364799866,0.00016916793346221235,0.06706828452617719,-0.07944577932357788,0.19458089768886566,-0.18371006846427917,0.9931841492652893,0.4091721177101135,-0.921947717666626,0.6899822950363159,0.07731854915618896,-0.21878038346767426,0.6674058437347412,0.09335863590240479,-1.0694913864135742
0.4551758749999989,0.0034223749999999996,133.0,4.303061369051212,-0.44412463687631626,1.4890342079608967,0.0005219137177630274,0.0001524093029904282,0.00023618191209806005,0.06708310450075178,-0.07809418439865112,0.19430476427078247,-0.1856108009815216,0.9790548086166382,0.3887494206428528,-0.9114658832550049,0.7132729887962341,0.08217936754226685,-0.18209558725357056,0.6489794254302979,0.041085466742515564,-1.0600167512893677
0.4551758749999989,0.0034223749999999996,133.0,4.266700326468796,-0.40870699680541817,1.489375938628719,0.0006856396710738667,0.0002035411284438532,0.00031195179868781855,0.06709483239035718,-0.07672739028930664,0.19210898876190186,-0.18917156755924225,0.9588539004325867,0.36819788813591003,-0.8987689018249512,0.7536553144454956,0.0893189013004303,-0.13427092134952545,0.6311986446380615,-0.015987098217010498,-1.0468192100524902
0.4551758749999989,0.0034223749999999996,133.0,4.229515506429123,-0.3724584508915742,1.4897290370674048,0.0008594200619716156,0.0002591562354621072,0.0003933048462704571,0.06710207436676241,-0.07532134652137756,0.18973378837108612,-0.19262351095676422,0.9369885325431824,0.34617143869400024,-0.8850610256195068,0.795194149017334,0.09646239876747131,-0.0836767926812172,0.6120729446411133,-0.07378794252872467,-1.0319536924362183
0.4551758749999989,0.0034223749999999996,133.0,4.1914019493245185,-0.33539268363928537,1.4901502539568336,0.0010557578025687587,0.0003231349179838117,0.00048764302367057847,0.06710687662668079,-0.07391342520713806,0.18714505434036255,-0.1959872841835022,0.9131922125816345,0.32254013419151306,-0.8697941303253174,0.8379957675933838,0.10373619198799133,-0.03035902790725231,0.5916469097137451,-0.13154743611812592,-1.015278697013855
0.4551758749999989,0.0034223749999999996,133.0,4.1525207227737955,-0.29746357951144087,1.490539838253844,0.0012422594420318797,0.000385542617725766,0.0005770345820743346,0.06709896610288825,-0.07241049408912659,0.1842990517616272,-0.1991850882768631,0.8873352408409119,0.29696375131607056,-0.852994441986084,0.8817360997200012,0.1110735535621643,0.026451826095581055,0.5692980289459229,-0.18872815370559692,-0.9966058135032654
0.4551758749999989,0.0034223749999999996,133.0,4.112519203888662,-0.25909791949009986,1.4913776202063769,0.0013606090073667834,0.0004306777516531579,0.0006382733754929401,0.06709110537407337,-0.07210898399353027,0.18209193646907806,-0.2019835114479065,0.8610074520111084,0.27049878239631653,-0.8298158645629883,0.9260033369064331,0.1169685423374176,0.08459743857383728,0.5476014614105225,-0.24944552779197693,-0.9759758710861206
0.4551758749999989,0.0034223749999999996,133.0,4.071943028331478,-0.21970151016314696,1.4919369512611693,0.0015122264792570975,0.00048475547019995424,0.0007178909706680647,0.06708606817330992,-0.07071936130523682,0.17710497975349426,-0.20566554367542267,0.8261529803276062,0.24543558061122894,-0.808387041091919,0.9827577471733093,0.12592551112174988,0.15588340163230896,0.5224401950836182,-0.30216753482818604,-0.9499902129173279
0.4551758749999989,0.0034223749999999996,133.0,4.030074023514455,-0.17864125483221568,1.4919801805006114,0.0016588453417361638,0.0005352968023676193,0.0008010464619043997,0.06706066473205188,-0.06841865181922913,0.17397457361221313,-0.207377091050148,0.7960562705993652,0.21258233487606049,-0.7873294353485107,1.019071340560913,0.13221022486686707,0.21891266107559204,0.4924201965332031,-0.3507081866264343,-0.9260330200195312
0.4551758749999989,0.0034223749999999996,133.0,3.9883132198582505,-0.1366557116173978,1.4956537814058952,0.001793906135848712,0.0005752204582178806,0.0008897887641405367,0.06699957120042699,-0.06788182258605957,0.16761814057826996,-0.21028199791908264,0.753219485282898,0.18920458853244781,-0.7574906349182129,1.0795778036117554,0.14261919260025024,0.29725196957588196,0.4673426151275635,-0.38680481910705566,-0.8935681581497192
0.4551758749999989,0.0034223749999999996,133.0,3.942931273332568,-0.09378327638120089,1.4964075120060065,0.0018846990041766515,0.0006277280139988161,0.0009564735532550644,0.06688293569935683,-0.0694800615310669,0.16684618592262268,-0.2105690985918045,0.7368964552879333,0.17294462025165558,-0.7327823638916016,1.1005120277404785,0.14130884408950806,0.3388907015323639,0.45397377014160156,-0.42261502146720886,-0.8758193254470825
0.4551758749999989,0.0034223749999999996,133.0,3.8914064613042,-0.043474128008337484,1.4965366062170362,0.0018373680175925817,0.000517335844993103,0.0010814059584150011,0.06662523429135478,-0.07283022999763489,0.18475890159606934,-0.20619285106658936,0.8191746473312378,0.19849522411823273,-0.8000524044036865,0.9605197310447693,0.1130933165550232,0.1874065101146698,0.5052492618560791,-0.3882562518119812,-0.9300612211227417
0.4551758749999989,0.0034223749999999996,133.0,3.8290334648850406,0.01874739423716763,1.4946771301700674,0.0016838054482688986,-5.857193081374242e-5,0.0012847460943648551,0.06561511533798517,-0.09601059556007385,0.20690889656543732,-0.17448490858078003,0.9172794818878174,0.3211289644241333,-0.7492821216583252,0.5332154631614685,0.0924314558506012,-0.6161335110664368,0.8500821590423584,0.10710363835096359,-1.0070703029632568
0.4551758749999989,0.0034223749999999996,133.0,3.7516234551432457,0.03802256439559067,1.4920819187579628,0.00010350020315445402,8.528120391247007e-6,7.771650643079883e-5,0.06435273384721084,-0.12277135252952576,0.21730856597423553,-0.14738190174102783,0.8808159232139587,0.3447941541671753,-0.6113700866699219,0.18242643773555756,0.13962239027023315,-1.2022373676300049,1.1963603496551514,0.5083603858947754,-1.0171678066253662
0.4551758749999989,0.0034223749999999996,133.0,3.7746051297811136,0.07730818054340126,1.5121438588359422,-0.0018285874920613743,0.00011028717734289835,-0.0013103094741060274,0.06267823462686788,-0.2579047977924347,0.09030265361070633,0.01096278429031372,1.2839833498001099,0.34541675448417664,-0.06800627708435059,0.06414367258548737,-0.3000689744949341,-1.2942794561386108,1.4340813159942627,0.8021103143692017,-0.9786826968193054
0.4551758749999989,0.0034223749999999996,133.0,3.792364437926283,0.13014087839860208,1.5428905635424275,-0.0022416257065467956,0.0006666736275200928,-0.0012779879584556217,0.06075262069574247,-0.3212163746356964,0.07797689735889435,0.12401905655860901,1.4088408946990967,-0.11809760332107544,0.035212039947509766,-0.6930072903633118,-0.3788910508155823,-1.407743215560913,1.528306007385254,1.233218789100647,-1.0201342105865479
0.4551758749999989,0.0034223749999999996,133.0,3.8305230886280164,0.1782228399886991,1.553209752768772,-0.0022827412829340525,0.0007446139604655495,-0.0011950343403142466,0.06034636858289054,-0.34365496039390564,0.08210224658250809,0.17433491349220276,1.533958077430725,-0.2593218982219696,0.06910562515258789,-0.8974789977073669,-0.3877027630805969,-1.3944941759109497,1.4507231712341309,1.2496353387832642,-1.1349351406097412
0.4551758749999989,0.0034223749999999996,133.0,3.87491569347944,0.22249956299364518,1.558300231065827,-0.002167122945349293,0.0007041331803779366,-0.0010925524647616583,0.06035038975672659,-0.33987680077552795,0.0939127579331398,0.18534836173057556,1.5853980779647827,-0.16396088898181915,0.025837182998657227,-0.8955996632575989,-0.403245747089386,-1.4752488136291504,1.4027047157287598,1.1558854579925537,-1.1703979969024658
0.4551758749999989,0.0034223749999999996,133.0,3.9192542675011004,0.26478938056366896,1.5624126611563294,-0.001988856761741362,0.0006473315033014407,-0.0009707842478908484,0.06041852391911349,-0.33557745814323425,0.10150261223316193,0.18973585963249207,1.611890435218811,-0.09305727481842041,-0.012453317642211914,-0.8872332572937012,-0.4122374653816223,-1.5448781251907349,1.374851942062378,1.1118091344833374,-1.1877162456512451
0.4551758749999989,0.0034223749999999996,133.0,3.9631202017066505,0.30507143983301266,1.5654344785020482,-0.0017644134650007654,0.000573116605864505,-0.0008357952872478556,0.06056510991944619,-0.3294301927089691,0.10335352271795273,0.1961170732975006,1.6379637718200684,-0.05802035331726074,-0.04732704162597656,-0.9158409833908081,-0.4332301616668701,-1.5634808540344238,1.3166000843048096,1.10237455368042,-1.1925065517425537
0.4551758749999989,0.0034223749999999996,133.0,4.005696963163177,0.34504766664534847,1.5675264478994695,-0.0016598233271476668,0.0005336608830800895,-0.0007732377301181069,0.060682940605291474,-0.3252233564853668,0.10704097151756287,0.19818779826164246,1.6516427993774414,-0.01723642274737358,-0.07707095146179199,-0.9162156581878662,-0.4400791525840759,-1.6054469347000122,1.2947378158569336,1.0917834043502808,-1.1992777585983276
0.4551758749999989,0.0034223749999999996,133.0,4.048316636306416,0.38471879010995486,1.570138554380471,-0.0014212710296428682,0.0004567947445948773,-0.0006451501711585196,0.06076318667133618,-0.3218030631542206,0.10952141880989075,0.19743940234184265,1.6557446718215942,0.004334387369453907,-0.09824037551879883,-0.9162006378173828,-0.43784743547439575,-1.6463518142700195,1.2873623371124268,1.0989896059036255,-1.2056900262832642
0.4551758749999989,0.0034223749999999996,133.0,4.089812343367313,0.4233665740963363,1.5733140708382338,-0.001237715356563885,0.0003982733310200163,-0.0005476112120509093,0.06084577154389581,-0.318447083234787,0.11457090824842453,0.20000764727592468,1.6739591360092163,0.05369429662823677,-0.12858891487121582,-0.9127180576324463,-0.44712668657302856,-1.6863332986831665,1.2680490016937256,1.0819122791290283,-1.2145625352859497
0.4551758749999989,0.0034223749999999996,133.0,4.130367998170695,0.46113731599773133,1.5760841026846228,-0.0010060644012640108,0.0003249886589294239,-0.0004350272082609289,0.06093768591260778,-0.31416061520576477,0.12060546875,0.20625653862953186,1.703241229057312,0.10600634664297104,-0.16319775581359863,-0.9230026006698608,-0.4652160406112671,-1.7084859609603882,1.2253718376159668,1.0464121103286743,-1.2255034446716309
0.4551758749999989,0.0034223749999999996,133.0,4.169885108696252,0.4980570555386663,1.5782569767442676,-0.0008007361147686872,0.0002588102958071945,-0.00033881419294780996,0.06101913525683886,-0.3103313744068146,0.12329801917076111,0.20816215872764587,1.715503215789795,0.13937535881996155,-0.1901836395263672,-0.9270387887954712,-0.47383207082748413,-1.7322478294372559,1.2029285430908203,1.0445513725280762,-1.2291369438171387
0.4551758749999989,0.0034223749999999996,133.0,4.208561858646526,0.5340440277186808,1.5805861640407053,-0.0006042060616389758,0.00019671699432130847,-0.0002511947750265367,0.061097103304692556,-0.30681315064430237,0.12601424753665924,0.21025726199150085,1.7278156280517578,0.17048659920692444,-0.21522092819213867,-0.9333815574645996,-0.4827132821083069,-1.7519104480743408,1.180976390838623,1.0412181615829468,-1.2325468063354492
0.4551758749999989,0.0034223749999999996,133.0,4.2463074906690474,0.569327211787539,1.5828372846780934,-0.00041542331677372227,0.00013552926021513043,-0.00016904438818458685,0.0611610712746353,-0.3036637008190155,0.12870235741138458,0.21236911416053772,1.739955186843872,0.1993064284324646,-0.23856139183044434,-0.939212441444397,-0.491205632686615,-1.768176555633545,1.160409927368164,1.0374760627746582,-1.2361760139465332
0.4551758749999989,0.0034223749999999996,133.0,4.283102853622631,0.6037785888773234,1.5850970798646835,-0.00023306129262454876,7.62453121551812e-5,-9.289978626828385e-5,0.06121948449947927,-0.30088165402412415,0.13280139863491058,0.21511009335517883,1.754504919052124,0.22268420457839966,-0.2596583366394043,-0.9471615552902222,-0.496696412563324,-1.7824426889419556,1.1393303871154785,1.0224833488464355,-1.2451791763305664
0.4551758749999989,0.0034223749999999996,133.0,4.31866152827181,0.6369623937370452,1.586700172949183,-6.930812831888828e-5,2.2920289777530334e-5,-2.7374229076487843e-5,0.06130327979407367,-0.29832449555397034,0.13518400490283966,0.2169789969921112,1.7648624181747437,0.2471802681684494,-0.27995824813842773,-0.9534599184989929,-0.5041682124137878,-1.7954105138778687,1.1229045391082764,1.02049720287323,-1.248069167137146
0.4551758749999989,0.0034223749999999996,133.0,4.353195913425661,0.6691769692187873,1.5880211458757791,0.0001494896526243962,-4.9922525266773064e-5,5.8307678942359e-5,0.06135090517469896,-0.2958712875843048,0.13594065606594086,0.21701911091804504,1.7678245306015015,0.2561950385570526,-0.29334187507629395,-0.9627642035484314,-0.5048401951789856,-1.8065009117126465,1.1137809753417969,1.0307915210723877,-1.2504503726959229
0.4551758749999989,0.0034223749999999996,133.0,4.388127854383938,0.6988675796446773,1.588423824714316,0.00035278637708976697,-0.00011728591101212407,0.00013354411179302986,0.06153084135387341,-0.2919076383113861,0.13526605069637299,0.21799471974372864,1.7701678276062012,0.2648220658302307,-0.31185078620910645,-0.9767192006111145,-0.5095550417900085,-1.8055576086044312,1.091580867767334,1.0432137250900269,-1.2481358051300049
0.4551758749999989,0.0034223749999999996,133.0,4.421174989117595,0.729840063735887,1.5906281509887121,0.0005572862791269193,-0.00018753621099350953,0.00020772785533513993,0.061577019007572356,-0.2899380624294281,0.1377597600221634,0.21997514367103577,1.7805256843566895,0.2862800359725952,-0.3290891647338867,-0.9829819202423096,-0.5164607167243958,-1.8132790327072144,1.0766119956970215,1.0377178192138672,-1.2515743970870972
0.4551758749999989,0.0034223749999999996,133.0,4.453514123256038,0.7601713640259694,1.592687057470716,0.0008004425738665146,-0.0002706254836161071,0.0002933338366423117,0.06158952485272462,-0.2879033386707306,0.13983117043972015,0.2186700403690338,1.7815865278244019,0.29822272062301636,-0.3410778045654297,-0.9833272099494934,-0.5118624567985535,-1.8315762281417847,1.0773522853851318,1.044765830039978,-1.257404088973999
0.4551758749999989,0.0034223749999999996,133.0,4.485079581989089,0.7899806202959668,1.595302304063256,0.0009746736503501885,-0.0003301006334901187,0.0003495743737772751,0.061616123262138556,-0.2860117256641388,0.1437513530254364,0.2214326560497284,1.7960453033447266,0.3300991654396057,-0.3616006374359131,-0.9848381280899048,-0.5220856070518494,-1.8396832942962646,1.0594115257263184,1.0300145149230957,-1.2615920305252075
0.4551758749999989,0.0034223749999999996,133.0,4.5155986962958705,0.8188715191725154,1.5980812725852869,0.0011979233906696859,-0.0004082361558711491,0.0004192674227287764,0.061622468008347066,-0.283820778131485,0.14799799025058746,0.22604450583457947,1.8141210079193115,0.3568117022514343,-0.3817172050476074,-0.9954826831817627,-0.5350809693336487,-1.8357197046279907,1.0289723873138428,1.0027413368225098,-1.2664891481399536
0.4551758749999989,0.0034223749999999996,133.0,4.5453355126653765,0.8461379860444158,1.5994876065275458,0.0013682989137428511,-0.00046782009025130044,0.00047062718184885145,0.061674973318424725,-0.2808680832386017,0.15018098056316376,0.2292749583721161,1.8251762390136719,0.3761765956878662,-0.40052199363708496,-1.0066208839416504,-0.5450969338417053,-1.830061435699463,1.0003485679626465,0.9899227619171143,-1.2674407958984375
0.4551758749999989,0.0034223749999999996,133.0,4.574123007598928,0.8727041396378811,1.6010994454555603,0.0015574830935468332,-0.0005364635910545501,0.0005287126698716582,0.06171353364437821,-0.2787248194217682,0.15031328797340393,0.22839370369911194,1.8238099813461304,0.38397496938705444,-0.4109926223754883,-1.0110068321228027,-0.5433538556098938,-1.8384056091308594,0.9971332550048828,1.0043281316757202,-1.267975926399231
0.4551758749999989,0.0034223749999999996,133.0,4.602122249327302,0.8986243065497053,1.6028820425210322,0.0017845691978375133,-0.0006176366169113181,0.0005978138336024092,0.061751539754033545,-0.2769131362438202,0.1517297625541687,0.22988703846931458,1.8301845788955688,0.40033596754074097,-0.42497777938842773,-1.0165334939956665,-0.5490553975105286,-1.8402589559555054,0.9835939407348633,1.0036678314208984,-1.268669605255127
0.4551758749999989,0.0034223749999999996,133.0,4.629109494474359,0.9235645037587255,1.6046750941476133,0.002015412874044715,-0.0007040194456461457,0.0006643435991049079,0.06177413430638529,-0.2753792107105255,0.1527090221643448,0.22988751530647278,1.8327815532684326,0.4124692380428314,-0.4358363151550293,-1.0187124013900757,-0.5501812100410461,-1.8471531867980957,0.9786045551300049,1.0104581117630005,-1.2702466249465942
0.4551758749999989,0.0034223749999999996,133.0,4.65519595421033,0.9474994550601626,1.6060211342153072,0.002271576259896465,-0.0007967607330547615,0.0007373193557946467,0.06181330667331364,-0.27326372265815735,0.15445484220981598,0.2325948178768158,1.8415480852127075,0.42503684759140015,-0.4497528076171875,-1.0288833379745483,-0.5574347376823425,-1.84049391746521,0.9560136795043945,0.9995639324188232,-1.2716877460479736
0.4551758749999989,0.0034223749999999996,133.0,4.680357539931507,0.9707413791781985,1.6076511457471234,0.0024597050931242388,-0.0008699781325312515,0.0007887780226213768,0.06184437685041984,-0.2717881500720978,0.1545475721359253,0.23243001103401184,1.8417401313781738,0.43042317032814026,-0.4576742649078369,-1.0344455242156982,-0.5571456551551819,-1.844164490699768,0.9518005847930908,1.009329080581665,-1.2722727060317993
0.4551758749999989,0.0034223749999999996,133.0,4.70461079038822,0.9932318202341801,1.6093652643714753,0.0027025329622975517,-0.0009583833979626964,0.0008522995485547088,0.061867363999094024,-0.2705298960208893,0.15563370287418365,0.2337416112422943,1.8469347953796387,0.44327354431152344,-0.4685502052307129,-1.0390446186065674,-0.5619034171104431,-1.8445700407028198,0.941319465637207,1.0092343091964722,-1.2727270126342773
0.4551758749999989,0.0034223749999999996,133.0,4.7281004454760245,1.0150421838667807,1.6107737590719453,0.0029438147028137693,-0.001053332556496193,0.0009201400329782046,0.061901566308169974,-0.2690194547176361,0.1575394570827484,0.23633751273155212,1.855804681777954,0.45772427320480347,-0.48111414909362793,-1.0462077856063843,-0.5696690678596497,-1.8396447896957397,0.9222598075866699,0.9982693195343018,-1.273762583732605
0.4551758749999989,0.0034223749999999996,133.0,4.75070959435558,1.0355522571470615,1.611875213549806,0.003200555508608975,-0.0011526990925040377,0.000988343168910971,0.06192443165104487,-0.2677498757839203,0.15676026046276093,0.23374894261360168,1.8490495681762695,0.4565676152706146,-0.48539137840270996,-1.0473781824111938,-0.5615242123603821,-1.8515434265136719,0.9319205284118652,1.0217372179031372,-1.2754029035568237
0.4551758749999989,0.0034223749999999996,133.0,4.7723723447639355,1.0552471435776363,1.6129335004950323,0.00345800748684325,-0.0012537355731752698,0.0010551890904604273,0.061952764265705756,-0.26613494753837585,0.15716396272182465,0.23469123244285583,1.851533055305481,0.46196234226226807,-0.49384474754333496,-1.0553621053695679,-0.5637792944908142,-1.848209261894226,0.9203288555145264,1.0223939418792725,-1.2756513357162476
0.4551758749999989,0.0034223749999999996,133.0,4.792973247038158,1.0747982808207295,1.6149825607124562,0.00365723658460581,-0.0013380646400135805,0.0011029376506515574,0.06196904988937899,-0.26556554436683655,0.15850001573562622,0.23620018362998962,1.857640266418457,0.47420018911361694,-0.5019125938415527,-1.059342622756958,-0.5690625309944153,-1.8483858108520508,0.9119799137115479,1.0187673568725586,-1.2764580249786377
0.4551758749999989,0.0034223749999999996,133.0,4.812699001600877,1.0930237741692188,1.6160083365337146,0.003881649239904575,-0.0014311698067557218,0.0011607780975664837,0.06199105285669094,-0.2643846571445465,0.15945115685462952,0.23692730069160461,1.8603843450546265,0.48021337389945984,-0.5097877979278564,-1.0644681453704834,-0.5701095461845398,-1.8488892316818237,0.9044420719146729,1.018453598022461,-1.2781896591186523
0.4551758749999989,0.0034223749999999996,133.0,4.83179658622617,1.1097135246165388,1.6162998331685068,0.004069628275170244,-0.001518660341797525,0.0012114336093705838,0.06204165777614942,-0.2625919282436371,0.1587156504392624,0.23695656657218933,1.8584094047546387,0.47998836636543274,-0.5161418914794922,-1.0731905698776245,-0.5691902041435242,-1.846916913986206,0.8969430923461914,1.0272659063339233,-1.2772152423858643
0.4551758749999989,0.0034223749999999996,133.0,4.849434125322918,1.127309719234337,1.6180783337179188,0.00430067992080961,-0.0016118824393142606,0.001267572641176504,0.06204930789071055,-0.2625007927417755,0.16075852513313293,0.23800483345985413,1.8645946979522705,0.4933510422706604,-0.5234932899475098,-1.0726051330566406,-0.5726487040519714,-1.8525751829147339,0.8940479755401611,1.022848129272461,-1.2799521684646606
0.4551758749999989,0.0034223749999999996,133.0,4.866461025131259,1.1431798021351094,1.6192224425929624,0.004498832694829892,-0.0017013944823010589,0.0013116342142445846,0.06207798503687124,-0.2611941993236542,0.1616874635219574,0.23994633555412292,1.8700827360153198,0.5003114938735962,-0.5309062004089355,-1.0799427032470703,-0.5780321955680847,-1.8460986614227295,0.877845048904419,1.0138797760009766,-1.2799930572509766
0.4551758749999989,0.0034223749999999996,133.0,4.882673990075118,1.1577598591265075,1.6194099072620705,0.004687155570137658,-0.0017930143058937967,0.0013654012106899052,0.062131682497367356,-0.2593620717525482,0.1611252874135971,0.24022141098976135,1.8686864376068115,0.5038112998008728,-0.5383944511413574,-1.0850273370742798,-0.5787623524665833,-1.8427929878234863,0.8684666156768799,1.0201051235198975,-1.277928113937378
0.4551758749999989,0.0034223749999999996,133.0,4.898136194054064,1.171655152750964,1.619475006618013,0.004838916250940156,-0.001856447245309449,0.0014011925184072814,0.06217250449965986,-0.2571112811565399,0.1597505509853363,0.2399527132511139,1.864922046661377,0.507829487323761,-0.5455527305603027,-1.0885223150253296,-0.5795795321464539,-1.8380378484725952,0.8583178520202637,1.0305347442626953,-1.2734345197677612
0.4551758749999989,0.0034223749999999996,133.0,4.912832945850183,1.1850592373490183,1.620025000514885,0.004968475153196013,-0.001922654252894353,0.0014327699831661199,0.062225501259260144,-0.2547881305217743,0.16081176698207855,0.2417861521244049,1.8680827617645264,0.513104259967804,-0.5548784732818604,-1.0936847925186157,-0.5836705565452576,-1.8258213996887207,0.8365516662597656,1.0167263746261597,-1.27241849899292
0.4551758749999989,0.0034223749999999996,133.0,4.9265694209571285,1.1976921098162485,1.6205301924136861,0.0051168383969016126,-0.0019822698711845724,0.0014619778048180286,0.06225347154239585,-0.2522168457508087,0.16001519560813904,0.2420785129070282,1.86558997631073,0.5150389671325684,-0.56195068359375,-1.0977712869644165,-0.5843642354011536,-1.8172812461853027,0.8205888271331787,1.0175575017929077,-1.2692514657974243
0.4551758749999989,0.0034223749999999996,133.0,4.9391104044482645,1.2097592903483603,1.6211154360948328,0.005276909819158218,-0.00204131985921623,0.0014939482132788737,0.06227601923279034,-0.2506081759929657,0.159528449177742,0.24215516448020935,1.8638617992401123,0.522773265838623,-0.5693328380584717,-1.0963082313537598,-0.5857416987419128,-1.8155910968780518,0.8125455379486084,1.0232676267623901,-1.266203761100769
0.4551758749999989,0.0034223749999999996,133.0,4.950417163725511,1.2219951739595878,1.6222124782809748,0.005443593483021316,-0.002095739737112553,0.0015320322204363287,0.06228269625444004,-0.2504895031452179,0.16157840192317963,0.2424694001674652,1.867254376411438,0.5411823391914368,-0.5785691738128662,-1.0850876569747925,-0.5885239243507385,-1.823885202407837,0.8130333423614502,1.0226354598999023,-1.2668612003326416
0.4551758749999989,0.0034223749999999996,133.0,4.9608438617974695,1.2339897140058396,1.6240183691052934,0.0056114959743313545,-0.002143699633266876,0.0015600099159011353,0.06227561655262022,-0.2508067190647125,0.1658657342195511,0.24535122513771057,1.8791961669921875,0.5619986653327942,-0.588493824005127,-1.076533317565918,-0.5971116423606873,-1.8243739604949951,0.8008496761322021,0.9971133470535278,-1.2700612545013428
0.4551758749999989,0.0034223749999999996,133.0,4.970412658649645,1.2447271032093492,1.6251526789393127,0.005797240277068277,-0.0022044136931191026,0.0016047290395444743,0.06228131861866644,-0.2514234483242035,0.17058701813220978,0.2485201060771942,1.891894817352295,0.5844952464103699,-0.5992209911346436,-1.0672492980957031,-0.6067644953727722,-1.8242785930633545,0.7890291213989258,0.9697859287261963,-1.2729432582855225
0.4551758749999989,0.0034223749999999996,133.0,4.979096372484345,1.2556977686061503,1.6278532889953865,0.006030878541668126,-0.002334280559505974,0.0016895913104402686,0.06216289184210626,-0.25262412428855896,0.1722317785024643,0.2454676330089569,1.8902583122253418,0.5990409851074219,-0.6006567478179932,-1.049258828163147,-0.6005716919898987,-1.8473353385925293,0.8129587173461914,0.9845936298370361,-1.2777116298675537
0.4551758749999989,0.0034223749999999996,133.0,4.9867537023620825,1.2650449977217815,1.6289872008459956,0.006314742993016179,-0.002428566425373121,0.0017633947680730994,0.06216372774968669,-0.25365373492240906,0.1759205311536789,0.24692782759666443,1.8993438482284546,0.6213818788528442,-0.6081020832061768,-1.0360543727874756,-0.607578456401825,-1.853173017501831,0.8108723163604736,0.9697926640510559,-1.27972412109375
0.4551758749999989,0.0034223749999999996,133.0,4.993742848548596,1.2729138322032092,1.6296191883007534,0.006741753334664629,-0.0025844757797629093,0.001878878198389106,0.06217528777764022,-0.2537766993045807,0.178109809756279,0.24792274832725525,1.9044179916381836,0.6360713839530945,-0.6145365238189697,-1.0282152891159058,-0.6119317412376404,-1.8536118268966675,0.805609941482544,0.9596469402313232,-1.280403733253479
0.4551758749999989,0.0034223749999999996,133.0,4.9997888378602084,1.2803140069066032,1.6304548243353092,0.007458264429558669,-0.002847445417703618,0.0020715469595409034,0.06217806834947275,-0.25467780232429504,0.18114981055259705,0.24849995970726013,1.911232829093933,0.6545758843421936,-0.6202704906463623,-1.0163167715072632,-0.6162051558494568,-1.8576343059539795,0.8056995868682861,0.9477359056472778,-1.2829134464263916
0.4551758749999989,0.0034223749999999996,133.0,5.005244172015492,1.2861852402779343,1.631033803704555,0.009076267127872841,-0.003471967849403432,0.002501210010118396,0.062189845733431476,-0.25395527482032776,0.18229936063289642,0.2505793273448944,1.9174188375473022,0.6605753302574158,-0.6263432502746582,-1.0206876993179321,-0.6200827956199646,-1.8424901962280273,0.7863788604736328,0.9264882802963257,-1.2850853204727173
0.4551758749999989,0.0034223749999999996,133.0,5.009619684832501,1.2906032638580627,1.6316975351809648,0.016783630069365462,-0.006571686690125916,0.004531815795208238,0.06222534577285646,-0.25279614329338074,0.17970982193946838,0.2525547444820404,1.9270745515823364,0.6657275557518005,-0.63688063621521,-1.0411571264266968,-0.6183940768241882,-1.8028627634048462,0.7548336982727051,0.9048293828964233,-1.2963550090789795
0.4551758749999989,0.0034223749999999996,133.0,5.035815635584709,-1.1889175170119173,1.4849055678740068,-0.014819166959913104,-0.0011502487402948044,-0.006496615559898287,0.06670661439078053,-0.08653387427330017,0.21887286007404327,-0.06659102439880371,1.2007591724395752,0.6162473559379578,-1.250147819519043,-0.3048316538333893,-0.057169318199157715,-1.0074059963226318,0.7434601783752441,1.2288352251052856,-1.1443548202514648
0.4551758749999989,0.0034223749999999996,133.0,5.030936101513325,-1.1833165583275054,1.484986823092092,-0.00797822425619538,-0.0006279106798925839,-0.003556716457200345,0.06667169170953087,-0.08858278393745422,0.22100000083446503,-0.06711649894714355,1.202858805656433,0.6300181150436401,-1.247119426727295,-0.2833033800125122,-0.05933719873428345,-1.0053602457046509,0.7753396034240723,1.205744743347168,-1.1439288854599
0.4551758749999989,0.0034223749999999996,133.0,5.024977131388754,-1.1774482394808867,1.4846252529207091,-0.006554325996585844,-0.0005395931778744569,-0.0029273222349566965,0.06664046517418454,-0.0907515287399292,0.2222273349761963,-0.06805345416069031,1.207301378250122,0.6343019604682922,-1.239408254623413,-0.2675287127494812,-0.0622941255569458,-1.0030666589736938,0.7839438915252686,1.186298131942749,-1.1452467441558838
0.4551758749999989,0.0034223749999999996,133.0,5.018299525067205,-1.171199386642856,1.4840105847818985,-0.005926729437198245,-0.0005246259529302174,-0.002650799001666784,0.06661549719580191,-0.0925072729587555,0.2221955806016922,-0.07096675038337708,1.209412693977356,0.6414723992347717,-1.2260174751281738,-0.23994813859462738,-0.06325763463973999,-0.9993230700492859,0.7905807495117188,1.1711745262145996,-1.1464245319366455
0.4551758749999989,0.0034223749999999996,133.0,5.010552214059998,-1.1640055621378222,1.4832876098745755,-0.005562880885549469,-0.0005357416458159176,-0.0024899021614974122,0.06658280638955648,-0.09491071105003357,0.22281716763973236,-0.07315033674240112,1.2136671543121338,0.642926812171936,-1.2145187854766846,-0.21503160893917084,-0.06557589769363403,-0.9934689998626709,0.7967174053192139,1.148805022239685,-1.1482634544372559
0.4551758749999989,0.0034223749999999996,133.0,5.0015637537541835,-1.158091274624501,1.4799587149761801,-0.005304507005208004,-0.0005862934363661347,-0.002372086176029352,0.06663112885975009,-0.09444630146026611,0.2206050008535385,-0.0779707133769989,1.2077229022979736,0.6479465365409851,-1.1997435092926025,-0.1770775318145752,-0.06144756078720093,-0.9802480936050415,0.7988214492797852,1.1406173706054688,-1.1467207670211792
0.4551758749999989,0.0034223749999999996,133.0,4.992124439195118,-1.1497008061751117,1.4787485125006323,-0.005092132988702942,-0.0006264636615043378,-0.0022809377015081656,0.06659441565817856,-0.09688514471054077,0.2206428349018097,-0.0812736451625824,1.2108163833618164,0.6502938270568848,-1.184964656829834,-0.14349128305912018,-0.06303668022155762,-0.9715859293937683,0.8049883842468262,1.1169865131378174,-1.1481999158859253
0.4551758749999989,0.0034223749999999996,133.0,4.982022806253384,-1.1401934597411663,1.4779715030329037,-0.004933068742549528,-0.0006459114047382685,-0.0022091703304750487,0.06657000634579398,-0.09952124953269958,0.22134381532669067,-0.08361020684242249,1.2151119709014893,0.6482632756233215,-1.1732876300811768,-0.11781151592731476,-0.06517952680587769,-0.9626961946487427,0.8108921051025391,1.0898925065994263,-1.1502091884613037
0.4551758749999989,0.0034223749999999996,133.0,4.97086655165662,-1.129971473391005,1.476810051485121,-0.0047898511314901976,-0.0006864745830099848,-0.002145664324542375,0.06652836143573207,-0.10209992527961731,0.2205534130334854,-0.0886940062046051,1.2164323329925537,0.6511571407318115,-1.1528668403625488,-0.07039837539196014,-0.06518763303756714,-0.9494988322257996,0.8186407089233398,1.0604801177978516,-1.1515768766403198
0.4551758749999989,0.0034223749999999996,133.0,4.9589532146659865,-1.1190951447729942,1.475772356866505,-0.004644620391266398,-0.0007238967525989029,-0.0020824161630005247,0.0664950181985356,-0.10470250248908997,0.21978053450584412,-0.09367471933364868,1.2177743911743164,0.6552228927612305,-1.1329245567321777,-0.0252680741250515,-0.0655394196510315,-0.936880886554718,0.8259270191192627,1.0335711240768433,-1.152624249458313
0.4551758749999989,0.0034223749999999996,133.0,4.946589490455956,-1.1072712915345693,1.4750936434872135,-0.004509463730671856,-0.0007419493433951178,-0.0020217581465782845,0.06648379229105167,-0.10536810755729675,0.2187393754720688,-0.09776625037193298,1.2146296501159668,0.651187539100647,-1.1212177276611328,0.006045226007699966,-0.06155794858932495,-0.9208397269248962,0.8308768272399902,1.012769341468811,-1.1534641981124878
0.4551758749999989,0.0034223749999999996,133.0,4.93344348605573,-1.0946334773720108,1.474548699043099,-0.004379476677449397,-0.0007362135185234208,-0.00194982550944775,0.06647376356295558,-0.1062018871307373,0.2181665599346161,-0.10112264752388,1.212990164756775,0.65264892578125,-1.1108698844909668,0.031027697026729584,-0.05944693088531494,-0.9082285761833191,0.8348405361175537,0.998773455619812,-1.1539230346679688
0.4551758749999989,0.0034223749999999996,133.0,4.919940839417987,-1.0809185169632893,1.4744740206487468,-0.004261250724053872,-0.0007250414198679203,-0.0018946399207443168,0.06649195160116836,-0.10577037930488586,0.2171434760093689,-0.10456213355064392,1.208108901977539,0.6497735977172852,-1.1030943393707275,0.05281630903482437,-0.054224491119384766,-0.8926650285720825,0.8370907306671143,0.9843001365661621,-1.15426766872406
0.4551758749999989,0.0034223749999999996,133.0,4.905907148337825,-1.0670643660722259,1.4742473736868196,-0.004110991174747155,-0.0007076628778980342,-0.0018219542705716063,0.06653009892048338,-0.10415908694267273,0.2167113870382309,-0.10618191957473755,1.2026172876358032,0.6447248458862305,-1.1026825904846191,0.057035572826862335,-0.048718392848968506,-0.879905641078949,0.8352742195129395,0.9766827821731567,-1.1542348861694336
0.4551758749999989,0.0034223749999999996,133.0,4.890396837892612,-1.0517619454788758,1.4740445874724046,-0.003921974816280641,-0.0006871852433684724,-0.0017380233165136924,0.06654944275470043,-0.10339769721031189,0.21624639630317688,-0.10861372947692871,1.198219656944275,0.6398929357528687,-1.097961187362671,0.0714048445224762,-0.044383108615875244,-0.865393340587616,0.8346824645996094,0.9599202275276184,-1.15414297580719
0.4551758749999989,0.0034223749999999996,133.0,4.8741229634928676,-1.0357977735425028,1.4740325549509343,-0.0037450530285945533,-0.000667155364195929,-0.0016592626106033872,0.06657252516659566,-0.10317683219909668,0.21699300408363342,-0.10948589444160461,1.1972787380218506,0.6374165415763855,-1.095637559890747,0.0761152058839798,-0.04323774576187134,-0.8556861281394958,0.8322606086730957,0.9433088302612305,-1.1542460918426514
0.4551758749999989,0.0034223749999999996,133.0,4.8569926779142545,-1.0188973768790872,1.4739687548037725,-0.0035436207628813787,-0.0006434564974535393,-0.0015716302467741316,0.06659775643354016,-0.10202750563621521,0.21581023931503296,-0.11301898956298828,1.1908702850341797,0.6306090950965881,-1.089097023010254,0.09835909307003021,-0.03745383024215698,-0.837770938873291,0.8306009769439697,0.9212478399276733,-1.1536874771118164
0.4551758749999989,0.0034223749999999996,133.0,4.8398144157086485,-1.001587891220612,1.474306007393279,-0.0033505130642139886,-0.0006078460845335348,-0.0014887922726626855,0.06666129899270763,-0.09919041395187378,0.21595975756645203,-0.11330991983413696,1.1844477653503418,0.6180994510650635,-1.094994068145752,0.09046627581119537,-0.03130054473876953,-0.8248077630996704,0.8229146003723145,0.9103005528450012,-1.153365135192871
0.4551758749999989,0.0034223749999999996,133.0,4.820844377073325,-0.9827542197850359,1.4744367197505914,-0.0031551325462683922,-0.0005794360278855113,-0.0014013684647213073,0.06667741501853616,-0.09931439161300659,0.21731430292129517,-0.11385247111320496,1.1843974590301514,0.6080988645553589,-1.0929954051971436,0.09477773308753967,-0.03057342767715454,-0.811813473701477,0.8192238807678223,0.8825495839118958,-1.153854489326477
0.4551758749999989,0.0034223749999999996,133.0,4.801339959686082,-0.9636910198659508,1.4742101947743524,-0.002977235301995517,-0.0005666128537230733,-0.001323867391511468,0.06670009935337157,-0.09887471795082092,0.21603412926197052,-0.11830630898475647,1.1784098148345947,0.6037636995315552,-1.0817525386810303,0.1285884529352188,-0.0256386399269104,-0.7892524600028992,0.8179967403411865,0.8516271710395813,-1.1528635025024414
0.4551758749999989,0.0034223749999999996,133.0,4.781496865717842,-0.9435139771722738,1.4746070200337353,-0.0027481495367054558,-0.0005207582420255032,-0.0012221916655038784,0.06674696042487549,-0.09659451246261597,0.21654373407363892,-0.11878195405006409,1.1728463172912598,0.5900077819824219,-1.0850176811218262,0.12541510164737701,-0.02021157741546631,-0.7731179594993591,0.8100483417510986,0.8327023983001709,-1.152617335319519
0.4551758749999989,0.0034223749999999996,133.0,4.7597952177427745,-0.923323944107018,1.4739206511855176,-0.002517456198612315,-0.0005134410427950529,-0.001123369196178252,0.06674574715821988,-0.09690096974372864,0.2141202986240387,-0.12547102570533752,1.1656086444854736,0.5933477878570557,-1.0659308433532715,0.18045857548713684,-0.015421271324157715,-0.7455971240997314,0.8109843730926514,0.7941644191741943,-1.1503374576568604
0.4551758749999989,0.0034223749999999996,133.0,4.738027253877524,-0.902049094741425,1.4737202520556012,-0.0023018465792377096,-0.0004845868738669625,-0.0010267396530091145,0.06676708154592817,-0.09672054648399353,0.21238185465335846,-0.13066712021827698,1.1587145328521729,0.5927244424819946,-1.0520036220550537,0.22195973992347717,-0.010959506034851074,-0.7198128700256348,0.8091452121734619,0.7584287524223328,-1.1479905843734741
0.4551758749999989,0.0034223749999999996,133.0,4.715152411309888,-0.8794795333189075,1.4736981779496534,-0.002089405308326988,-0.0004482729724218669,-0.000929722537897608,0.06678215264239322,-0.0955711305141449,0.2123660445213318,-0.13281241059303284,1.153031349182129,0.5804417133331299,-1.0481910705566406,0.2370428889989853,-0.006268024444580078,-0.6977545022964478,0.8030805587768555,0.7258541584014893,-1.1468969583511353
0.4551758749999989,0.0034223749999999996,133.0,4.69122262554887,-0.8552233991477293,1.4739200492636602,-0.001922001284490014,-0.0004082072833261275,-0.0008517121708778223,0.06678922041782501,-0.09541606903076172,0.21396739780902863,-0.1332550048828125,1.1518785953521729,0.5672604441642761,-1.0454866886138916,0.2409338653087616,-0.0050795674324035645,-0.6809120178222656,0.7957680225372314,0.691569447517395,-1.1467030048370361
0.4551758749999989,0.0034223749999999996,133.0,4.66736328066627,-0.8310437661009352,1.47431827628752,-0.0017129824597752416,-0.0003621349370228233,-0.0007592241958227963,0.06684091137765863,-0.09229186177253723,0.2132730633020401,-0.1352444589138031,1.1424987316131592,0.5551791191101074,-1.0456798076629639,0.24845866858959198,0.002617478370666504,-0.6594012975692749,0.7850587368011475,0.6694949269294739,-1.145021915435791
0.4551758749999989,0.0034223749999999996,133.0,4.641902190414285,-0.806090669007317,1.4742715409284755,-0.0015191117162618915,-0.0003307918747984048,-0.0006745541682973814,0.0668612079074997,-0.09043911099433899,0.21276694536209106,-0.13776952028274536,1.134494662284851,0.542600154876709,-1.0418012142181396,0.2650739550590515,0.008905470371246338,-0.6350507736206055,0.7765846252441406,0.6370062232017517,-1.1432517766952515
0.4551758749999989,0.0034223749999999996,133.0,4.615511648828312,-0.7807107401461053,1.4740395265452428,-0.0013276652850536886,-0.0003016485600386484,-0.0005903656701038773,0.06687459768884335,-0.09087598323822021,0.21109896898269653,-0.14323964715003967,1.1265599727630615,0.5393221974372864,-1.0262281894683838,0.31306326389312744,0.013070225715637207,-0.603019654750824,0.7736785411834717,0.5876659750938416,-1.1394844055175781
0.4551758749999989,0.0034223749999999996,133.0,4.588656613744751,-0.7543143213770407,1.4739335220016179,-0.0011696828382450706,-0.00027433038460423294,-0.000519447631092191,0.06689690463935478,-0.08974695205688477,0.20981605350971222,-0.14737555384635925,1.1163700819015503,0.5266243815422058,-1.0167324542999268,0.34736335277557373,0.019720256328582764,-0.569247841835022,0.7664797306060791,0.5417294502258301,-1.135876178741455
0.4551758749999989,0.0034223749999999996,133.0,4.561025316975623,-0.7272491272198595,1.4738900740854908,-0.0010286296817789166,-0.0002474916646288692,-0.00045734950918779746,0.06693306183062395,-0.08866378664970398,0.20842976868152618,-0.15168052911758423,1.1053028106689453,0.5133495330810547,-1.0063605308532715,0.3837694823741913,0.02674594521522522,-0.5334070920944214,0.7588226795196533,0.4937802851200104,-1.1317458152770996
0.4551758749999989,0.0034223749999999996,133.0,4.532189340804028,-0.699190764299256,1.4738570141789173,-0.0008476396305161072,-0.0002096552317567567,-0.00037624413768449935,0.06694852817992787,-0.08610212802886963,0.20744234323501587,-0.1546717882156372,1.0930994749069214,0.49769410490989685,-1.0008046627044678,0.4064619243144989,0.0349297821521759,-0.5004021525382996,0.7464540004730225,0.45445623993873596,-1.127624750137329
0.4551758749999989,0.0034223749999999996,133.0,4.502464931190306,-0.6704752562448196,1.4738312742296291,-0.0007100236317525226,-0.0001818997986100645,-0.00031508694376436864,0.06696130564981408,-0.08684951066970825,0.20490066707134247,-0.16118672490119934,1.080071210861206,0.49301010370254517,-0.9818878173828125,0.4687454104423523,0.04021555185317993,-0.4558670222759247,0.7415299415588379,0.39165252447128296,-1.1198337078094482
0.4551758749999989,0.0034223749999999996,133.0,4.472036157195236,-0.6408321846002341,1.4739014400204475,-0.0005318111220086969,-0.00013981997817700075,-0.00023634807482919635,0.0669813144171275,-0.08670306205749512,0.20263449847698212,-0.16668465733528137,1.065692663192749,0.48308321833610535,-0.9666779041290283,0.5214403867721558,0.04654935002326965,-0.4115200936794281,0.7334744930267334,0.3319593071937561,-1.1117067337036133
0.4551758749999989,0.0034223749999999996,133.0,4.441083053274351,-0.6099945061440625,1.4740796077685543,-0.00033349113157107304,-8.805738472826285e-5,-0.0001485084660303162,0.06701801643807864,-0.08554035425186157,0.20088578760623932,-0.17089605331420898,1.0508896112442017,0.46714815497398376,-0.9555559158325195,0.5620315670967102,0.05341270565986633,-0.3684794306755066,0.7215244770050049,0.2757386863231659,-1.1036502122879028
0.4551758749999989,0.0034223749999999996,133.0,4.4091858980868395,-0.5784923259041694,1.4742934487320278,-0.00015553123080029263,-4.168299067242075e-5,-6.951628567571144e-5,0.06704983485533632,-0.08253887295722961,0.20002615451812744,-0.17307475209236145,1.036426305770874,0.4479864835739136,-0.9512157440185547,0.582015872001648,0.06084337830543518,-0.3325979709625244,0.7036283016204834,0.23189619183540344,-1.0964888334274292
0.4551758749999989,0.0034223749999999996,133.0,4.376285033899238,-0.546825032840582,1.4745627447874112,1.7195953915795828e-5,4.772530093715053e-6,7.723233554505256e-6,0.06707268985209856,-0.08005496859550476,0.19874194264411926,-0.17595428228378296,1.0204188823699951,0.4289836287498474,-0.9440886974334717,0.6099162101745605,0.06854203343391418,-0.2940596342086792,0.6867434978485107,0.18254166841506958,-1.0880627632141113
0.4551758749999989,0.0034223749999999996,133.0,4.342493793372018,-0.5138563102201147,1.4747560192799354,0.0001895400063341942,5.374104971830922e-5,8.539072861930098e-5,0.0670897117729523,-0.07885774970054626,0.19488389790058136,-0.1818479299545288,0.9984923601150513,0.4183412492275238,-0.9302339553833008,0.6692178845405579,0.07670596241950989,-0.24087956547737122,0.672896146774292,0.12182842940092087,-1.0742824077606201
0.4551758749999989,0.0034223749999999996,133.0,4.307815345889219,-0.4795308397257808,1.4748962101598555,0.0003758877977881561,0.0001071639518064236,0.00016964660273684456,0.06710157780321004,-0.07747939229011536,0.19458071887493134,-0.18375840783119202,0.9847888350486755,0.3977981209754944,-0.9203791618347168,0.6929957270622253,0.08124709129333496,-0.20280364155769348,0.6546339988708496,0.06819269061088562,-1.0649123191833496
0.4551758749999989,0.0034223749999999996,133.0,4.272112964260702,-0.44485230672823683,1.4752138331509437,0.000521306105045838,0.00015105999042486822,0.00023696079889685444,0.06711537549681253,-0.07612556219100952,0.19238294661045074,-0.18746843934059143,0.9649454355239868,0.3779763877391815,-0.9080164432525635,0.7336779236793518,0.08858272433280945,-0.15560530126094818,0.6375203132629395,0.011132674291729927,-1.052274465560913
0.4551758749999989,0.0034223749999999996,133.0,4.235722179507061,-0.40940857576970724,1.4755356325199545,0.0006848681133033904,0.00020173206117047373,0.00031309211549779243,0.06712457850723252,-0.07475000619888306,0.19015337526798248,-0.19090986251831055,0.944200873374939,0.3570966422557831,-0.8952443599700928,0.7735722661018372,0.09566998481750488,-0.10725706815719604,0.6192610263824463,-0.04559090733528137,-1.0384811162948608
0.4551758749999989,0.0034223749999999996,133.0,4.19851208588897,-0.37314415549915775,1.475882289685893,0.000858462187313545,0.0002567991264276949,0.0003949128730857449,0.06712996410471449,-0.07332918047904968,0.18773500621318817,-0.1942455917596817,0.9216543436050415,0.33463916182518005,-0.8812997341156006,0.8147497177124023,0.10278692841529846,-0.05593430623412132,0.5996136665344238,-0.10306382179260254,-1.0229071378707886
0.4551758749999989,0.0034223749999999996,133.0,4.1603868658917715,-0.3360815248650896,1.4763249705998334,0.001054601026437385,0.00031989051084658614,0.0004898962375472487,0.06713368249751409,-0.07192665338516235,0.18515023589134216,-0.19743430614471436,0.8973580598831177,0.31063368916511536,-0.86578369140625,0.8565676808357239,0.10996663570404053,-0.0023620396386832,0.5787355899810791,-0.16008664667606354,-1.005638599395752
0.4551758749999989,0.0034223749999999996,133.0,4.121500616712904,-0.29814162477429723,1.476700862105271,0.0012409006809958852,0.00038146586817894003,0.000579975621661123,0.06712466519046838,-0.07041314244270325,0.18229524791240692,-0.20043595135211945,0.8710061311721802,0.2846534848213196,-0.8487119674682617,0.899156928062439,0.11718025803565979,0.054772622883319855,0.5558836460113525,-0.2162773311138153,-0.9863492250442505
0.4551758749999989,0.0034223749999999996,133.0,4.081472603984487,-0.25978388581614253,1.4775413101488677,0.0013591511750842872,0.0004261328448813255,0.0006417785579556327,0.06711427258651255,-0.07008951902389526,0.18008962273597717,-0.2030252367258072,0.8441365957260132,0.25783970952033997,-0.8250348567962646,0.9419901967048645,0.12299320101737976,0.11311937868595123,0.5337057113647461,-0.2756163775920868,-0.9651008248329163
0.4551758749999989,0.0034223749999999996,133.0,4.040833751446032,-0.22030081470932547,1.4780636925952768,0.0015111145217895367,0.0004795391542543774,0.0007215173391361179,0.06710359983375895,-0.06869301199913025,0.17506206035614014,-0.20640763640403748,0.8087388873100281,0.2323620468378067,-0.8030896186828613,0.9970701932907104,0.13184010982513428,0.18484121561050415,0.5080311298370361,-0.3263493478298187,-0.9384669661521912
0.4551758749999989,0.0034223749999999996,133.0,3.9989762782543985,-0.17924448385485264,1.4781183029158922,0.001657339560862144,0.0005288450031611918,0.0008059465794693202,0.06707883379182691,-0.0664139986038208,0.1719544231891632,-0.20786011219024658,0.7784135341644287,0.19946564733982086,-0.7813694477081299,1.0315550565719604,0.13783898949623108,0.2475837767124176,0.4777672290802002,-0.3730785846710205,-0.9140015840530396
0.4551758749999989,0.0034223749999999996,133.0,3.957213871547129,-0.13725358545809718,1.4817865708230893,0.00179235976172178,0.0005677841248854567,0.0008953362676948048,0.06701556980328874,-0.06585389375686646,0.16561023890972137,-0.21029868721961975,0.7353135347366333,0.1758454144001007,-0.7504913806915283,1.0889734029769897,0.1481427550315857,0.3254247009754181,0.4523904323577881,-0.40556657314300537,-0.8811761140823364
0.4551758749999989,0.0034223749999999996,133.0,3.9118255581028483,-0.09440934350125904,1.482566634981777,0.001883028750377305,0.0006195788662360557,0.0009628773598832998,0.06689727725809173,-0.06733119487762451,0.16469943523406982,-0.21033799648284912,0.7176542282104492,0.15916943550109863,-0.7237017154693604,1.1094638109207153,0.14707744121551514,0.3685327172279358,0.43810486793518066,-0.4396824240684509,-0.8623418807983398
0.4551758749999989,0.0034223749999999996,133.0,3.8600798710959334,-0.04390531592739445,1.4826200547179909,0.0018352343983651345,0.0005091989406219614,0.0010899218787809425,0.06661727142873294,-0.07077768445014954,0.18204548954963684,-0.20700620114803314,0.7977193593978882,0.18560779094696045,-0.7903590202331543,0.9797906279563904,0.11947542428970337,0.2239987850189209,0.4907088279724121,-0.41275647282600403,-0.9149681329727173
0.4551758749999989,0.0034223749999999996,133.0,3.797362813939504,0.018555917503632138,1.4807836842496038,0.0016826028095166215,-6.695154453882225e-5,0.0012912183049299739,0.06556524184641,-0.09332224726676941,0.20381028950214386,-0.17651328444480896,0.895498514175415,0.3076649606227875,-0.7426981925964355,0.5513702630996704,0.09998983144760132,-0.5883325338363647,0.838325023651123,0.09018591046333313,-0.9928619861602783
0.4551758749999989,0.0034223749999999996,133.0,3.7206682372072275,0.038308161247617545,1.4780147146272595,0.000103289372721585,8.042129037321962e-6,7.803007260031328e-5,0.06435543015263333,-0.23178860545158386,0.0789843499660492,-0.03169110417366028,1.1341835260391235,0.26426079869270325,-0.0985879898071289,0.26757940649986267,-0.22026300430297852,-1.0837799310684204,1.3290190696716309,0.7606402039527893,-0.9103021621704102
0.4551758749999989,0.0034223749999999996,133.0,3.7436709814050184,0.07764253816568395,1.4974693817958182,-0.0018293325628010771,0.00010584585490577615,-0.0013099756388735822,0.06267548096370151,-0.25574836134910583,0.08693232387304306,0.00869014859199524,1.2580411434173584,0.32259130477905273,-0.06973576545715332,0.07781101763248444,-0.2885662913322449,-1.2701666355133057,1.427189588546753,0.8082659244537354,-0.964423656463623
0.4551758749999989,0.0034223749999999996,133.0,3.7618279832946366,0.13073340129333133,1.5277270288427651,-0.002241046244122527,0.0006575059400470643,-0.0012800971369044533,0.06077261181408322,-0.32049360871315,0.0753513053059578,0.1215122640132904,1.392242670059204,-0.13747352361679077,0.04212188720703125,-0.6854171752929688,-0.3728184103965759,-1.3843578100204468,1.5308191776275635,1.2514246702194214,-1.0097547769546509
0.4551758749999989,0.0034223749999999996,133.0,3.8000374454215358,0.17883137865581783,1.5378970549683855,-0.0022817499036175857,0.0007361329788796233,-0.001197834541950217,0.060368162480588926,-0.3439711630344391,0.07986689358949661,0.1730841100215912,1.525215983390808,-0.2786211669445038,0.07753729820251465,-0.8931882977485657,-0.3833093047142029,-1.3763281106948853,1.452604055404663,1.2661817073822021,-1.1307144165039062
0.4551758749999989,0.0034223749999999996,133.0,3.8443577971091316,0.22306585151647923,1.5428858785927682,-0.0021660751729748865,0.0006960691046237886,-0.0010954785077288143,0.06037268752652191,-0.33975377678871155,0.09161984175443649,0.18371793627738953,1.5754623413085938,-0.1817121058702469,0.03339862823486328,-0.8893178105354309,-0.39818644523620605,-1.4595662355422974,1.4040989875793457,1.1725674867630005,-1.1656503677368164
0.4551758749999989,0.0034223749999999996,133.0,3.888656936809014,0.26535280493443575,1.5469148360999034,-0.001987732754929975,0.0006397413446770442,-0.0009739389681108499,0.060441565152443436,-0.33573082089424133,0.09961841255426407,0.1886087954044342,1.60372793674469,-0.11006376147270203,-0.004175901412963867,-0.8814240097999573,-0.4064754247665405,-1.532279372215271,1.3762407302856445,1.1228992938995361,-1.1854325532913208
0.4551758749999989,0.0034223749999999996,133.0,3.932525810400479,0.30558446230018127,1.5499348298819695,-0.0017634815025039058,0.0005662214938209055,-0.0008383134021016352,0.06059047220248039,-0.3295101225376129,0.1016257107257843,0.1951424777507782,1.6307343244552612,-0.07333070039749146,-0.039740800857543945,-0.9102806448936462,-0.42788761854171753,-1.5528106689453125,1.3172483444213867,1.111651062965393,-1.1907269954681396
0.4551758749999989,0.0034223749999999996,133.0,3.975252624453714,0.3457591503936926,1.5517928829495613,-0.0016599172127969072,0.0005275241574699173,-0.0007733655477095763,0.060707999583894286,-0.3250734508037567,0.10551220178604126,0.197294682264328,1.6449253559112549,-0.029764655977487564,-0.07091379165649414,-0.9096943140029907,-0.4348944425582886,-1.5971428155899048,1.294372320175171,1.0987099409103394,-1.1978449821472168
0.4551758749999989,0.0034223749999999996,133.0,4.017638170954002,0.385246392455052,1.5546248198811554,-0.001420640855758062,0.0004511738618874971,-0.0006471743485663743,0.060787784617934486,-0.3220899999141693,0.10960366576910019,0.1962660253047943,1.6507947444915771,0.002583620371297002,-0.09359097480773926,-0.9009742140769958,-0.4314482808113098,-1.6493974924087524,1.2930727005004883,1.0965155363082886,-1.207255482673645
0.4551758749999989,0.0034223749999999996,133.0,4.059129002463145,0.423839587858443,1.5577343799213161,-0.0012370820691989105,0.0003932451922359593,-0.0005494321916642477,0.06087292463767303,-0.3183373510837555,0.11318329721689224,0.19906935095787048,1.6673622131347656,0.040869392454624176,-0.1220560073852539,-0.9060582518577576,-0.44140440225601196,-1.6804163455963135,1.2684223651885986,1.0877892971038818,-1.2137783765792847
0.4551758749999989,0.0034223749999999996,133.0,4.099661941409784,0.46155821732823676,1.560426973090163,-0.0010054157335954237,0.00032080067535195306,-0.00043669848371682057,0.06096747120978653,-0.31396082043647766,0.1192592978477478,0.20532193779945374,1.6968927383422852,0.09409487992525101,-0.1571035385131836,-0.9161780476570129,-0.459445059299469,-1.7039490938186646,1.2256300449371338,1.0516763925552368,-1.2250149250030518
0.4551758749999989,0.0034223749999999996,133.0,4.139178620293677,0.4984428131466592,1.56260454155893,-0.0008002411969069369,0.00025544942847025086,-0.0003400834591088862,0.06104992507049788,-0.31010469794273376,0.12201999872922897,0.20724979043006897,1.7093740701675415,0.12783364951610565,-0.18434739112854004,-0.920093297958374,-0.46806955337524414,-1.7284184694290161,1.203153133392334,1.0492043495178223,-1.2288544178009033
0.4551758749999989,0.0034223749999999996,133.0,4.177845122018163,0.5344272309070827,1.564906780319612,-0.0006038216856948499,0.00019418384462005763,-0.0002521657392665065,0.061128740053119246,-0.30655190348625183,0.12481027841567993,0.20937064290046692,1.7219667434692383,0.15950614213943481,-0.20968961715698242,-0.9263580441474915,-0.4770210385322571,-1.748995304107666,1.1811211109161377,1.0453274250030518,-1.2324695587158203
0.4551758749999989,0.0034223749999999996,133.0,4.215575045425399,0.569685159386843,1.5671392873280157,-0.00041514103624029505,0.0001337739322138126,-0.0001697152197241389,0.061194537952085036,-0.3033575713634491,0.12756170332431793,0.21151664853096008,1.734361171722412,0.18895649909973145,-0.23331880569458008,-0.9324007034301758,-0.4856749176979065,-1.7660508155822754,1.1603882312774658,1.041079044342041,-1.2361881732940674
0.4551758749999989,0.0034223749999999996,133.0,4.252377964964029,0.6040765867322565,1.5693634042504985,-0.00023288640038466584,7.523338243094327e-5,-9.327643635645457e-5,0.06125617914053473,-0.30053725838661194,0.13166946172714233,0.21427127718925476,1.7490345239639282,0.21250994503498077,-0.2546415328979492,-0.940329372882843,-0.49119657278060913,-1.7807079553604126,1.1392431259155273,1.0259222984313965,-1.2452808618545532
0.4551758749999989,0.0034223749999999996,133.0,4.287909988086074,0.6372521698993447,1.5709366895811678,-6.925437805232999e-5,2.2619669242053053e-5,-2.7494305019168724e-5,0.061340000840261574,-0.29794785380363464,0.1340869665145874,0.21614572405815125,1.7595254182815552,0.23728393018245697,-0.2751319408416748,-0.9466052055358887,-0.4986981749534607,-1.7941745519638062,1.1227710247039795,1.0236819982528687,-1.2482726573944092
0.4551758749999989,0.0034223749999999996,133.0,4.3224184498531395,0.6694703586716465,1.5722311995688818,0.0001493625988139107,-4.927904228678544e-5,5.8579714772057164e-5,0.061388981041049,-0.2954399883747101,0.13490548729896545,0.21620973944664001,1.7626852989196777,0.24677692353725433,-0.288769006729126,-0.9561450481414795,-0.4995250105857849,-1.8058149814605713,1.1133592128753662,1.033649206161499,-1.2506946325302124
0.4551758749999989,0.0034223749999999996,133.0,4.3573441468984555,0.699163283332306,1.5726341109553852,0.00035247986842769954,-0.00011577398403547648,0.00013415719888927653,0.06157077552040539,-0.29145678877830505,0.13425135612487793,0.21720436215400696,1.765211582183838,0.2554435133934021,-0.30747175216674805,-0.9699616432189941,-0.5043190121650696,-1.8049982786178589,1.091040849685669,1.0459562540054321,-1.2484803199768066
0.4551758749999989,0.0034223749999999996,133.0,4.3902711028818215,0.7302374146760731,1.5746482649067604,0.0005573063951022611,-0.00018434207579473308,0.00020835726829834448,0.06161283759704311,-0.28942814469337463,0.1367647498846054,0.21906986832618713,1.775384783744812,0.27754801511764526,-0.32506632804870605,-0.9755654335021973,-0.5109856724739075,-1.8138152360916138,1.0765349864959717,1.0409173965454102,-1.2519830465316772
0.4551758749999989,0.0034223749999999996,133.0,4.42268325290062,0.7604439919684708,1.5768651731482002,0.0007997661860132661,-0.0002672167677965552,0.00029474965221913397,0.0616296857542491,-0.2873978316783905,0.13887272775173187,0.21787801384925842,1.7768043279647827,0.28918299078941345,-0.33691906929016113,-0.9766035079956055,-0.5066272616386414,-1.831660270690918,1.0767006874084473,1.0470662117004395,-1.257920265197754
0.4551758749999989,0.0034223749999999996,133.0,4.4542413035529504,0.7902349794026475,1.5794535705478403,0.0009738418183124402,-0.0003260055476444693,0.0003512775573510459,0.06165680476697725,-0.28548339009284973,0.14281366765499115,0.22066304087638855,1.7913991212844849,0.3212939202785492,-0.3575782775878906,-0.9782719612121582,-0.5168766379356384,-1.8400218486785889,1.0586810111999512,1.0319830179214478,-1.2622166872024536
0.4551758749999989,0.0034223749999999996,133.0,4.4847685270521875,0.8190805264020735,1.5820870914329208,0.0011979895701972121,-0.00040155204233910505,0.0004201806644112399,0.061661424410409206,-0.2828165590763092,0.14621494710445404,0.22554150223731995,1.8086738586425781,0.34148290753364563,-0.3762369155883789,-0.9953935146331787,-0.5298371911048889,-1.8302003145217896,1.0229580402374268,1.0053201913833618,-1.2663198709487915
0.4551758749999989,0.0034223749999999996,133.0,4.514496167874414,0.8463210240150493,1.5835925346675481,0.001366994545561967,-0.0004620917455295037,0.0004730652625998643,0.06171901648218808,-0.2802930772304535,0.1492379903793335,0.228541761636734,1.820799469947815,0.36759552359580994,-0.39689087867736816,-1.0001782178878784,-0.5399655699729919,-1.830648422241211,0.999396562576294,0.9917465448379517,-1.268256425857544
0.4551758749999989,0.0034223749999999996,133.0,4.543283677291216,0.8728847750463162,1.5852124126156464,0.0015560390789460662,-0.0005299129757347833,0.0005314053411953006,0.06175808381578962,-0.27814701199531555,0.14940431714057922,0.2276720106601715,1.8195395469665527,0.37544184923171997,-0.40741753578186035,-1.0045554637908936,-0.5382594466209412,-1.8391016721725464,0.9961674213409424,1.005927562713623,-1.2688591480255127
0.4551758749999989,0.0034223749999999996,133.0,4.571281597779947,0.8987711213239246,1.5869795288200523,0.0017828932003033648,-0.0006101304564183921,0.0006008780705799758,0.06179695679652795,-0.2765945494174957,0.1516445279121399,0.2289416491985321,1.8271228075027466,0.398150235414505,-0.4234004020690918,-1.0042362213134766,-0.5442149043083191,-1.8461923599243164,0.986039400100708,1.004326343536377,-1.2705341577529907
0.4551758749999989,0.0034223749999999996,133.0,4.598285678889952,0.9237091647358759,1.5887644956309201,0.0020134535676340107,-0.0006955190175326213,0.0006677805963604455,0.06182121913038708,-0.274748295545578,0.15181666612625122,0.22917047142982483,1.8285881280899048,0.40406036376953125,-0.4324955940246582,-1.0122735500335693,-0.5451129078865051,-1.8479251861572266,0.9774434566497803,1.011837124824524,-1.2711796760559082
0.4551758749999989,0.0034223749999999996,133.0,4.624363542816648,0.9476318435477552,1.5900968802371092,0.002269343877951521,-0.0007872836995597961,0.0007412522074623928,0.06186053354794002,-0.2726183235645294,0.1535751074552536,0.23189732432365417,1.837469220161438,0.416801780462265,-0.4465219974517822,-1.0226463079452515,-0.5524188876152039,-1.8414088487625122,0.9547748565673828,1.0008436441421509,-1.2726824283599854
0.4551758749999989,0.0034223749999999996,133.0,4.649561065358553,0.970826846854844,1.5917173421049975,0.0024571019489650525,-0.0008595067165791796,0.0007929282758996028,0.061895145324730526,-0.27109000086784363,0.15364570915699005,0.23172804713249207,1.8376108407974243,0.4221409261226654,-0.45461487770080566,-1.0281842947006226,-0.5521554350852966,-1.8449280261993408,0.9503157138824463,1.010680079460144,-1.2731897830963135
0.4551758749999989,0.0034223749999999996,133.0,4.673790791650344,0.9933353177985103,1.5934126561662432,0.0026997201930380583,-0.0009470749715680708,0.0008569180808274587,0.061917327199993835,-0.2698385417461395,0.1547507494688034,0.2330402433872223,1.8428561687469482,0.43505483865737915,-0.46553587913513184,-1.0328097343444824,-0.5568879246711731,-1.8454914093017578,0.939955472946167,1.0105410814285278,-1.2737209796905518
0.4551758749999989,0.0034223749999999996,133.0,4.697285278228187,1.0151546582671724,1.594889453264941,0.0029411425720716525,-0.0010407239612203567,0.0009245969319814439,0.06195106450117133,-0.2683427035808563,0.15671133995056152,0.23568210005760193,1.8519660234451294,0.4496048390865326,-0.4780848026275635,-1.0401980876922607,-0.5647310614585876,-1.8405776023864746,0.920778751373291,0.9990106821060181,-1.2749133110046387
0.4551758749999989,0.0034223749999999996,133.0,4.719892055934413,1.0356441668359142,1.5959219035188854,0.0031974401587677764,-0.0011387945744494002,0.0009936097855142321,0.06197555626539512,-0.26703181862831116,0.1558942347764969,0.23303207755088806,1.844970464706421,0.44840312004089355,-0.482466459274292,-1.0411670207977295,-0.5564666390419006,-1.8525816202163696,0.9306056499481201,1.0229724645614624,-1.2764376401901245
0.4551758749999989,0.0034223749999999996,133.0,4.741539032450869,1.0553277997297152,1.597158694590814,0.0034522893945284653,-0.0012436476882387386,0.0010624653045901782,0.06200501780879785,-0.26549211144447327,0.15637707710266113,0.2340177595615387,1.8478056192398071,0.4535519778728485,-0.4906153678894043,-1.0493712425231934,-0.5587497353553772,-1.8492215871810913,0.9191181659698486,1.0228201150894165,-1.2770028114318848
0.4551758749999989,0.0034223749999999996,133.0,4.762174132331801,1.0749309398493252,1.5991421411948987,0.0036548951778848735,-0.0013213948399498588,0.0011079127980503942,0.06201685425516339,-0.2649029791355133,0.15773586928844452,0.2355097234249115,1.853870153427124,0.4661131799221039,-0.4989438056945801,-1.0530309677124023,-0.5639942288398743,-1.84966242313385,0.9108853340148926,1.019371747970581,-1.2778090238571167
0.4551758749999989,0.0034223749999999996,133.0,4.781991802499071,1.093067047827362,1.6001158972595138,0.0038789461103231047,-0.0014130210973778826,0.0011660466930001386,0.06204180384206023,-0.26353171467781067,0.15906402468681335,0.2377232015132904,1.8604280948638916,0.4751928448677063,-0.5088553428649902,-1.0607885122299194,-0.5697266459465027,-1.8437484502792358,0.8940825462341309,1.010354995727539,-1.2785747051239014
0.4551758749999989,0.0034223749999999996,133.0,4.80112813267577,1.1097852805560895,1.600536276466285,0.004068049974157667,-0.0014989194494513785,0.0012158348941100096,0.062088830416110304,-0.26192137598991394,0.15796998143196106,0.23629078269004822,1.854759931564331,0.4719569981098175,-0.5133354663848877,-1.0667750835418701,-0.5642139315605164,-1.848118782043457,0.895775556564331,1.0277271270751953,-1.278592824935913
0.4551758749999989,0.0034223749999999996,133.0,4.818837678415106,1.1273201972797322,1.6022814847141473,0.004299187906949694,-0.0015899719553808583,0.0012724507337849415,0.0620976419045812,-0.2617761790752411,0.15997806191444397,0.23732879757881165,1.860800862312317,0.4854922294616699,-0.5209009647369385,-1.0662389993667603,-0.5676727890968323,-1.8537291288375854,0.8927321434020996,1.0235751867294312,-1.2811863422393799
0.4551758749999989,0.0034223749999999996,133.0,4.8359802837911685,1.143027912485953,1.6034460203783658,0.004498019534075964,-0.001677912644940437,0.001315145478078642,0.062126436506410095,-0.2604006230831146,0.16082638502120972,0.23929551243782043,1.8661869764328003,0.4923451542854309,-0.5285017490386963,-1.0738729238510132,-0.5731492638587952,-1.846815824508667,0.8760490417480469,1.0148160457611084,-1.2810331583023071
0.4551758749999989,0.0034223749999999996,133.0,4.852242136437713,1.15756734258227,1.6037016366975,0.00468814014868238,-0.0017671923232911349,0.0013672318569511303,0.06217638126442009,-0.25856849551200867,0.16028355062007904,0.23958632349967957,1.864870309829712,0.4959293007850647,-0.536015510559082,-1.0790178775787354,-0.5739343762397766,-1.8434996604919434,0.8666296005249023,1.020851492881775,-1.2789908647537231
0.4551758749999989,0.0034223749999999996,133.0,4.867710983434974,1.1714326009536655,1.6040107570004918,0.004832604813286449,-0.0018401935765742026,0.0014070269159008532,0.06222911158522194,-0.2564094364643097,0.1589987576007843,0.23938342928886414,1.8615868091583252,0.4997483193874359,-0.5428235530853271,-1.0828351974487305,-0.5749184489250183,-1.8386425971984863,0.8565418720245361,1.0302913188934326,-1.274801254272461
0.4551758749999989,0.0034223749999999996,133.0,4.882503264814653,1.184715925278516,1.6044133609748998,0.004970426750817563,-0.0018946131524164998,0.0014321347559592935,0.06227131320535974,-0.25397661328315735,0.15993791818618774,0.24119719862937927,1.8643825054168701,0.5052028298377991,-0.552628755569458,-1.0879509449005127,-0.5790013670921326,-1.8262958526611328,0.8344810009002686,1.0174171924591064,-1.2734365463256836
0.4551758749999989,0.0034223749999999996,133.0,4.896209679730833,1.197291580006526,1.6050634151629355,0.005109131858571781,-0.0019652873292862576,0.001468084300609962,0.062315375723767746,-0.2515680491924286,0.158809632062912,0.24062594771385193,1.8599648475646973,0.5074893832206726,-0.5590364933013916,-1.089746356010437,-0.577974259853363,-1.821886658668518,0.824225902557373,1.0247163772583008,-1.270122766494751
0.4551758749999989,0.0034223749999999996,133.0,4.908786404620806,1.2093592816679277,1.605683221387916,0.005268995735603254,-0.002024138034962397,0.0014995163876713336,0.06233829915552404,-0.2498476803302765,0.1587052047252655,0.2416064441204071,1.8605259656906128,0.5148116946220398,-0.5669717788696289,-1.0908808708190918,-0.5812109112739563,-1.8160854578018188,0.810539960861206,1.0234307050704956,-1.2674424648284912
0.4551758749999989,0.0034223749999999996,133.0,4.92009507242331,1.2216126265335079,1.6068030730619578,0.005435428243064292,-0.002078282826698083,0.001537808011661619,0.0623444795476168,-0.24997112154960632,0.16076409816741943,0.24138298630714417,1.863006353378296,0.5348227024078369,-0.576209306716919,-1.0770598649978638,-0.5829312205314636,-1.8284605741500854,0.8158824443817139,1.027053952217102,-1.2682934999465942
0.4551758749999989,0.0034223749999999996,133.0,4.930532261264508,1.233571364111577,1.6086461578939633,0.00560343819765457,-0.0021256202721470704,0.0015649390441328896,0.06233726775769441,-0.2500586211681366,0.16509629786014557,0.24483761191368103,1.87601637840271,0.5542747974395752,-0.5861258506774902,-1.07129967212677,-0.5925716757774353,-1.824971079826355,0.7988438606262207,0.9966772794723511,-1.2714645862579346
0.4551758749999989,0.0034223749999999996,133.0,4.940114095184177,1.2442460923469918,1.6097227144399737,0.005788036859114192,-0.0021857569427066134,0.0016108348141587933,0.06234555815681861,-0.2506398856639862,0.1690709888935089,0.2470097839832306,1.8858952522277832,0.5766823291778564,-0.5961811542510986,-1.0601309537887573,-0.6002069115638733,-1.8286749124526978,0.7924220561981201,0.9783942699432373,-1.2736170291900635
0.4551758749999989,0.0034223749999999996,133.0,4.948825315669768,1.2551902516611386,1.6124082005145224,0.006020998075030396,-0.002315011782504231,0.0016961677477494602,0.06222790189760694,-0.25181517004966736,0.17141321301460266,0.2449476420879364,1.886849284172058,0.5914391279220581,-0.5984435081481934,-1.044234037399292,-0.5959330201148987,-1.8478939533233643,0.8108205795288086,0.9843698740005493,-1.278986930847168
0.4551758749999989,0.0034223749999999996,133.0,4.956490570231505,1.2645689401566549,1.613616769850563,0.00630504816917067,-0.002408630487298629,0.0017687161124851918,0.062227469507556206,-0.25288572907447815,0.17518553137779236,0.2464599311351776,1.896183967590332,0.6139659285545349,-0.605778694152832,-1.0312343835830688,-0.6030002236366272,-1.8537819385528564,0.8087158203125,0.9687782526016235,-1.281185269355774
0.4551758749999989,0.0034223749999999996,133.0,4.963492937483991,1.272409253292694,1.6142580424969308,0.00673133176967244,-0.002563427333633253,0.0018842650151492432,0.06223926086795927,-0.253002792596817,0.1773766130208969,0.24746760725975037,1.9012675285339355,0.6286898851394653,-0.6122274398803711,-1.0234959125518799,-0.6073471903800964,-1.854170799255371,0.8033945560455322,0.9584872126579285,-1.2818796634674072
0.4551758749999989,0.0034223749999999996,133.0,4.9695462881627535,1.279792414995793,1.6150899557240936,0.007446653612442083,-0.0028245530762428897,0.0020772484722919146,0.0622420441518159,-0.2538955509662628,0.1804184764623642,0.24804672598838806,1.9080445766448975,0.6472738981246948,-0.6179630756378174,-1.0116599798202515,-0.6115805506706238,-1.8581531047821045,0.8034605979919434,0.9464408755302429,-1.284393310546875
0.4551758749999989,0.0034223749999999996,133.0,4.975012797165878,1.2856629748959678,1.6156898525791281,0.009061865400824933,-0.0034439260621550007,0.0025080045575987197,0.062255041200499045,-0.2531851828098297,0.1815849393606186,0.2501519024372101,1.9143154621124268,0.653351366519928,-0.6240572929382324,-1.0162140130996704,-0.6154945492744446,-1.8429898023605347,0.7840671539306641,0.9250035881996155,-1.286609411239624
0.4551758749999989,0.0034223749999999996,133.0,4.979390290822413,1.290082808295963,1.6163600495010368,0.016757183384509527,-0.006521043258411183,0.004544647951913216,0.062290079720340695,-0.25204285979270935,0.17899368703365326,0.2521252930164337,1.923876404762268,0.658637285232544,-0.6345570087432861,-1.0371603965759277,-0.6137387156486511,-1.803321123123169,0.7525241374969482,0.9033125042915344,-1.297849178314209
0.4551758749999989,0.0034223749999999996,133.0,5.005119669518732,-1.1897540117400462,1.4706072128983945,-0.014798436461398055,-0.0012110370127282274,-0.006488195590191202,0.06674345019970734,-0.08452737331390381,0.2175193727016449,-0.06942376494407654,1.1938865184783936,0.6075351238250732,-1.2448198795318604,-0.2819914221763611,-0.049732506275177,-0.9899040460586548,0.739556074142456,1.2087469100952148,-1.1449673175811768
0.4551758749999989,0.0034223749999999996,133.0,5.000251304481497,-1.1841584665530542,1.4706905694117636,-0.007967326443663374,-0.0006602179250072913,-0.003551464810635834,0.06670862436249612,-0.08657410740852356,0.21965640783309937,-0.06994828581809998,1.1959185600280762,0.620710015296936,-1.2418067455291748,-0.2606813609600067,-0.05192679166793823,-0.9878296852111816,0.7715909481048584,1.1852355003356934,-1.1444435119628906
0.4551758749999989,0.0034223749999999996,133.0,4.994298526405559,-1.178301661916223,1.4703363971216348,-0.006545060526084563,-0.0005661210491629456,-0.002922922563545558,0.06667844891431907,-0.08873412013053894,0.22088505327701569,-0.0708899199962616,1.200263500213623,0.6248633861541748,-1.234144687652588,-0.2450491338968277,-0.05484563112258911,-0.9853929877281189,0.7801446914672852,1.1655560731887817,-1.1457009315490723
0.4551758749999989,0.0034223749999999996,133.0,4.987622447556998,-1.1720551157653518,1.4697378946364612,-0.005918073156844698,-0.0005482220832576653,-0.002646768588753316,0.0666543432531987,-0.09049102663993835,0.2208494246006012,-0.07380110025405884,1.2023117542266846,0.6320450305938721,-1.2208325862884521,-0.21756330132484436,-0.055809080600738525,-0.9814371466636658,0.7867193222045898,1.1500660181045532,-1.1468126773834229
0.4551758749999989,0.0034223749999999996,133.0,4.97989318084423,-1.164876162294934,1.4690276411229686,-0.005554405118713807,-0.0005573031294978896,-0.0024860432525704106,0.06662310672526714,-0.0932716429233551,0.22206361591815948,-0.0751306414604187,1.208082914352417,0.6308523416519165,-1.2115294933319092,-0.19733108580112457,-0.059376299381256104,-0.9757176041603088,0.7925567626953125,1.1243325471878052,-1.14883291721344
0.4551758749999989,0.0034223749999999996,133.0,4.970904841351157,-1.1589529886188576,1.4657153749342493,-0.005296431622763089,-0.0006060154687518978,-0.0023678584020464747,0.06667101718709031,-0.09295997023582458,0.2203313410282135,-0.07913774251937866,1.2030799388885498,0.6326297521591187,-1.1996910572052002,-0.16463735699653625,-0.05583631992340088,-0.962046205997467,0.7945044040679932,1.1137118339538574,-1.1475539207458496
0.4551758749999989,0.0034223749999999996,133.0,4.961476931893032,-1.1505693730674187,1.4645264257111195,-0.005084055507037146,-0.0006447477168914648,-0.0022767219099311337,0.06663567116085378,-0.09534040093421936,0.2195250540971756,-0.084014892578125,1.2048308849334717,0.6416330337524414,-1.1792469024658203,-0.12019124627113342,-0.05674159526824951,-0.9534211158752441,0.8013091087341309,1.0921493768692017,-1.1485235691070557
0.4551758749999989,0.0034223749999999996,133.0,4.951377626062892,-1.1410752481074304,1.4637592228320244,-0.004924925458025023,-0.000663638649638436,-0.002205110863508073,0.06661213143976574,-0.09749281406402588,0.21998530626296997,-0.08641141653060913,1.207674503326416,0.6389948129653931,-1.1685845851898193,-0.09610001742839813,-0.05773037672042847,-0.9437683820724487,0.8066165447235107,1.0673719644546509,-1.1502535343170166
0.4551758749999989,0.0034223749999999996,133.0,4.940230918682177,-1.1308431027003696,1.4626377122138121,-0.004781713290619443,-0.0007022198273849329,-0.002141535489824771,0.06657216248749347,-0.09987464547157288,0.2186599224805832,-0.09228515625,1.2075035572052002,0.6424022912979126,-1.1465649604797363,-0.043327465653419495,-0.05657696723937988,-0.9286468625068665,0.8148057460784912,1.037340521812439,-1.1513471603393555
0.4551758749999989,0.0034223749999999996,133.0,4.9283263063201606,-1.1199740453881684,1.4616463762367302,-0.004636376812305893,-0.00073795277054665,-0.002078344384960948,0.06654091693563094,-0.1023404598236084,0.2178647220134735,-0.0971885621547699,1.2084423303604126,0.6465363502502441,-1.1272759437561035,0.0006150268018245697,-0.056648850440979004,-0.9155775308609009,0.8217496871948242,1.0107653141021729,-1.1522657871246338
0.4551758749999989,0.0034223749999999996,133.0,4.915849417944926,-1.1080546352825789,1.4610767730383891,-0.004507557895761791,-0.0007388492702200266,-0.002009081813768409,0.06653235660776957,-0.10348427295684814,0.2174035906791687,-0.10061129927635193,1.207123041152954,0.6424520611763,-1.1164979934692383,0.028033560141921043,-0.05424600839614868,-0.9012120962142944,0.8267228603363037,0.9881212711334229,-1.1532902717590332
0.4551758749999989,0.0034223749999999996,133.0,4.902814285276504,-1.0955229570583476,1.460467125487829,-0.0043714958269262605,-0.000748358481521901,-0.0019460464593016593,0.06652082837077374,-0.10420799255371094,0.2168043702840805,-0.10387837886810303,1.2052512168884277,0.6436703205108643,-1.1066620349884033,0.05232347920536995,-0.05210977792739868,-0.8882467150688171,0.8301079273223877,0.9744040966033936,-1.1535420417785645
0.4551758749999989,0.0034223749999999996,133.0,4.889177988119477,-1.081737744953749,1.460487370114428,-0.004257304376413642,-0.0007231400891279783,-0.0018861434756814602,0.06654314880284218,-0.10385462641716003,0.2157633751630783,-0.1074228286743164,1.2003633975982666,0.6409798860549927,-1.0985016822814941,0.07510380446910858,-0.046915411949157715,-0.8724428415298462,0.8325779438018799,0.958918035030365,-1.1538488864898682
0.4551758749999989,0.0034223749999999996,133.0,4.87510876850345,-1.0679092796997856,1.4602348508650609,-0.004104495943338847,-0.0007105116032184613,-0.0018180722174670192,0.06658111297338873,-0.1021851897239685,0.21527095139026642,-0.10909372568130493,1.1946568489074707,0.6358073353767395,-1.0980157852172852,0.07992985844612122,-0.0413394570350647,-0.8592126965522766,0.830486536026001,0.9509845972061157,-1.1536742448806763
0.4551758749999989,0.0034223749999999996,133.0,4.859591295172822,-1.0526022931086658,1.4600586493712273,-0.003915194647982107,-0.0006904504826251858,-0.0017356192039317585,0.06659975644105039,-0.1014326810836792,0.21479973196983337,-0.11150997877120972,1.1902220249176025,0.6309921741485596,-1.0933241844177246,0.09432677924633026,-0.037065744400024414,-0.8446226716041565,0.8297476768493652,0.933984637260437,-1.1534837484359741
0.4551758749999989,0.0034223749999999996,133.0,4.843312451692169,-1.0366652153565186,1.460032045067657,-0.003737715710094039,-0.0006722069148999178,-0.0016581405169980535,0.06662271663545415,-0.1011800765991211,0.21552534401416779,-0.11236453056335449,1.1891429424285889,0.6284583806991577,-1.0910935401916504,0.09891942143440247,-0.03589475154876709,-0.8348004221916199,0.8271088600158691,0.9174363613128662,-1.1534755229949951
0.4551758749999989,0.0034223749999999996,133.0,4.8261793257645085,-1.0197571326512564,1.4600029059912316,-0.003536875776490549,-0.0006471295376258059,-0.0015706643142460056,0.0666474909236436,-0.100067138671875,0.21434548497200012,-0.11585867404937744,1.182761788368225,0.6217835545539856,-1.0846281051635742,0.1209760308265686,-0.030211210250854492,-0.8169809579849243,0.8253769874572754,0.8952106237411499,-1.1528394222259521
0.4551758749999989,0.0034223749999999996,133.0,4.80899971304677,-1.0024418189888078,1.4603414649291502,-0.0033444576402966624,-0.0006108539674578122,-0.001487909602546083,0.06670903486759791,-0.09723654389381409,0.21447385847568512,-0.1161586344242096,1.1763205528259277,0.6092498898506165,-1.090397596359253,0.11343562602996826,-0.024125277996063232,-0.8039765357971191,0.8176226615905762,0.8841040730476379,-1.1524312496185303
0.4551758749999989,0.0034223749999999996,133.0,4.7900508277090355,-0.9836114142402198,1.460480469151466,-0.0031497336292429156,-0.0005818131111450962,-0.0014005297260548473,0.06672322552608181,-0.09735226631164551,0.21582850813865662,-0.1166791319847107,1.1761634349822998,0.599190890789032,-1.088414192199707,0.11764368414878845,-0.023421645164489746,-0.790913999080658,0.8137493133544922,0.8562540411949158,-1.1527905464172363
0.4551758749999989,0.0034223749999999996,133.0,4.77056347118311,-0.9645446705909759,1.460264643217688,-0.0029724497975978977,-0.0005683950927002713,-0.0013229981619835513,0.06674399026885092,-0.09691095352172852,0.21452867984771729,-0.12110823392868042,1.1700096130371094,0.5948836207389832,-1.0773003101348877,0.15147088468074799,-0.01852858066558838,-0.768031120300293,0.8123385906219482,0.8248826265335083,-1.151587724685669
0.4551758749999989,0.0034223749999999996,133.0,4.750722697288843,-0.9443741291939415,1.4606565757902068,-0.0027438963726127263,-0.0005222689178036165,-0.0012214331015286892,0.06678934665161648,-0.09462931752204895,0.2150181531906128,-0.12158000469207764,1.1643853187561035,0.5810827016830444,-1.080498456954956,0.14844931662082672,-0.0131608247756958,-0.7519071698188782,0.8042738437652588,0.8059216141700745,-1.1512222290039062
0.4551758749999989,0.0034223749999999996,133.0,4.728995396926945,-0.9241870977568906,1.4599957711033695,-0.0025137237473671125,-0.0005144743449818851,-0.0011226965791551636,0.06678659941957552,-0.09494328498840332,0.2125675082206726,-0.12824144959449768,1.1569002866744995,0.5845435857772827,-1.0616416931152344,0.20340099930763245,-0.008368909358978271,-0.724012553691864,0.8050477504730225,0.7668302655220032,-1.1486902236938477
0.4551758749999989,0.0034223749999999996,133.0,4.707258499940389,-0.9029010687242018,1.4598103658097161,-0.0022985157471051986,-0.00048461674412304497,-0.001026158949254271,0.06680890823657115,-0.09476783871650696,0.21081829071044922,-0.13338547945022583,1.1498122215270996,0.5839095711708069,-1.0479564666748047,0.24470704793930054,-0.003956496715545654,-0.6978901624679565,0.8029928207397461,0.7306584715843201,-1.1460951566696167
0.4551758749999989,0.0034223749999999996,133.0,4.684380664745581,-0.8803198927545894,1.4598036328830593,-0.002086465201191093,-0.00044785658810218967,-0.0009292080667847068,0.06682403520436773,-0.09362980723381042,0.2107919156551361,-0.13551512360572815,1.14400053024292,0.5716164112091064,-1.0441174507141113,0.2598477005958557,0.0006769299507141113,-0.6757097840309143,0.7967565059661865,0.697821855545044,-1.1448122262954712
0.4551758749999989,0.0034223749999999996,133.0,4.660437185173043,-0.8560690820959865,1.4600307771202587,-0.001919264295558117,-0.00040766109826214535,-0.0008514498798013734,0.0668307989915891,-0.09346884489059448,0.21238240599632263,-0.1359577775001526,1.1426875591278076,0.5584079623222351,-1.0413153171539307,0.26377934217453003,0.0018575787544250488,-0.6587756872177124,0.7892482280731201,0.6634005904197693,-1.1444501876831055
0.4551758749999989,0.0034223749999999996,133.0,4.636587607917092,-0.8318531900271298,1.4604472732349276,-0.0017105860382849462,-0.00036074248614449033,-0.0007592076853140651,0.06688334330750773,-0.08956706523895264,0.21206919848918915,-0.13685017824172974,1.1332008838653564,0.5448122024536133,-1.0454802513122559,0.26078104972839355,0.009802281856536865,-0.6399146914482117,0.7760043144226074,0.6474382281303406,-1.1428937911987305
0.4551758749999989,0.0034223749999999996,133.0,4.611089404539233,-0.8069013799539259,1.4603590702892988,-0.001516805721477959,-0.00033072942773088704,-0.0006747945142643997,0.06690034863957603,-0.08850604295730591,0.21111111342906952,-0.1404539942741394,1.1250207424163818,0.5337732434272766,-1.0375564098358154,0.28841137886047363,0.015674561262130737,-0.6125425100326538,0.7696740627288818,0.608367383480072,-1.1405457258224487
0.4551758749999989,0.0034223749999999996,133.0,4.584686363601944,-0.7815148970903008,1.4601497205614602,-0.0013258532461663506,-0.000300817560698506,-0.0005904995255736479,0.06691374542374555,-0.08894595503807068,0.20941218733787537,-0.14590182900428772,1.1166956424713135,0.5305054187774658,-1.022094964981079,0.33647438883781433,0.01987132430076599,-0.579929769039154,0.7664880752563477,0.558463990688324,-1.1364145278930664
0.4551758749999989,0.0034223749999999996,133.0,4.55782670091581,-0.7551343233799572,1.4600700038827767,-0.0011680926225734068,-0.00027331043522517504,-0.0005196943256169494,0.06693618872088324,-0.08781018853187561,0.20811590552330017,-0.1499861478805542,1.1062135696411133,0.5177582502365112,-1.0127017498016357,0.3706337809562683,0.026476889848709106,-0.5459257960319519,0.7589397430419922,0.5121576189994812,-1.1324665546417236
0.4551758749999989,0.0034223749999999996,133.0,4.530193277760687,-0.728065430435141,1.4600399444059697,-0.0010272381273397765,-0.00024640367352622635,-0.000457657009787484,0.06697236584230686,-0.0867300033569336,0.20670486986637115,-0.1542532742023468,1.0948095321655273,0.5044090151786804,-1.0023605823516846,0.4069993793964386,0.03346848487854004,-0.509759783744812,0.7509431838989258,0.4639245867729187,-1.1279613971710205
0.4551758749999989,0.0034223749999999996,133.0,4.501340919808642,-0.7000305364748203,1.4600510966109848,-0.0008465051763065944,-0.00020846155684509337,-0.0003766465310383834,0.06698778626304734,-0.08497485518455505,0.2049368917942047,-0.15852093696594238,1.0816556215286255,0.49486684799194336,-0.9927272796630859,0.44307848811149597,0.040847986936569214,-0.47345849871635437,0.7405014038085938,0.4197222888469696,-1.1221362352371216
0.4551758749999989,0.0034223749999999996,133.0,4.471609351083307,-0.6712872229504592,1.4600073240966505,-0.0007090996998363211,-0.000180740624720072,-0.00031549332960045714,0.06700014899010648,-0.08490031957626343,0.20313788950443268,-0.16361424326896667,1.0688015222549438,0.48373791575431824,-0.9782085418701172,0.49132779240608215,0.04689249396324158,-0.4316631555557251,0.732825517654419,0.3614290952682495,-1.1152194738388062
0.4551758749999989,0.0034223749999999996,133.0,4.441178055880684,-0.6416153732142709,1.4600786202949865,-0.0005311530213588067,-0.0001388706505201108,-0.00023668325705766295,0.06701900285447965,-0.08474203944206238,0.20085182785987854,-0.16902148723602295,1.0539271831512451,0.47358760237693787,-0.9631903171539307,0.543624222278595,0.05322656035423279,-0.3868121802806854,0.7242903709411621,0.30159834027290344,-1.106593370437622
0.4551758749999989,0.0034223749999999996,133.0,4.410195113913524,-0.6107314131225791,1.4602300536452544,-0.00033310317332182316,-8.741008714928542e-5,-0.00014876577695141082,0.06705316517611043,-0.08296409249305725,0.1999923139810562,-0.17179593443870544,1.040618896484375,0.4559990167617798,-0.9553821086883545,0.5709428787231445,0.059437453746795654,-0.3489529490470886,0.7096118927001953,0.2517193555831909,-1.0993410348892212
0.4551758749999989,0.0034223749999999996,133.0,4.378283513723366,-0.5792358820716772,1.4604602180991972,-0.00015534825999996118,-4.1353957168393355e-5,-6.966157901038801e-5,0.06708469654679473,-0.08056926727294922,0.19816744327545166,-0.17530280351638794,1.0238196849822998,0.4381333589553833,-0.9476678371429443,0.6041615605354309,0.06740805506706238,-0.30711284279823303,0.6936283111572266,0.20126207172870636,-1.0904181003570557
0.4551758749999989,0.0034223749999999996,133.0,4.345359724589836,-0.5475895471387755,1.4607171267424703,1.717516275679294e-5,4.738134743363108e-6,7.742396685631932e-6,0.06710619690813938,-0.07836025953292847,0.19503918290138245,-0.1800542175769806,1.00351083278656,0.427016943693161,-0.937950611114502,0.650041401386261,0.07590320706367493,-0.26130592823028564,0.6780750751495361,0.14973503351211548,-1.0785880088806152
0.4551758749999989,0.0034223749999999996,133.0,4.3116023003110575,-0.5146592046226295,1.461020465882561,0.00018930689841410887,5.322659170679823e-5,8.562824892313731e-5,0.06712718654939069,-0.07692381739616394,0.19305458664894104,-0.1837957799434662,0.9850956201553345,0.4078386127948761,-0.9268555641174316,0.6898354887962341,0.08319944143295288,-0.2153165191411972,0.6621642112731934,0.09171361476182938,-1.0673402547836304
0.4551758749999989,0.0034223749999999996,133.0,4.276866861134841,-0.4803403219674591,1.4610059154173607,0.00037536458518749177,0.0001065566574928202,0.00017019159705188909,0.06713282885790856,-0.07548674941062927,0.19073595106601715,-0.18751183152198792,0.9654309153556824,0.38783589005470276,-0.9154024124145508,0.7312936186790466,0.09028187394142151,-0.16599591076374054,0.6449637413024902,0.033410266041755676,-1.0546283721923828
0.4551758749999989,0.0034223749999999996,133.0,4.2411419675370405,-0.4455578619058079,1.4613862744446595,0.0005207256892318065,0.00014965325047900795,0.00023778883974485187,0.0671457847378516,-0.0741666853427887,0.1904635727405548,-0.18923047184944153,0.9506587982177734,0.3670898973941803,-0.9046168327331543,0.7534948587417603,0.09490376710891724,-0.12917514145374298,0.6259090900421143,-0.018339771777391434,-1.044273018836975
0.4551758749999989,0.0034223749999999996,133.0,4.204713144973356,-0.4100743356406746,1.4616845858568732,0.0006841266536104817,0.0001998384385717031,0.00031432871328990533,0.06715221662707155,-0.07278445363044739,0.1881956160068512,-0.19255077838897705,0.9293625950813293,0.3458811640739441,-0.8917407989501953,0.792911946773529,0.1019364595413208,-0.08027026802301407,0.6071784496307373,-0.07467182725667953,-1.0298738479614258
0.4551758749999989,0.0034223749999999996,133.0,4.167493967807233,-0.37381266410241376,1.46204403326308,0.0008575334173362675,0.0002542740385661662,0.0003966168874557705,0.06715687055289962,-0.07135635614395142,0.18575556576251984,-0.19575071334838867,0.9061821103096008,0.3229771852493286,-0.877511739730835,0.8335283398628235,0.10901233553886414,-0.028370417654514313,0.587043046951294,-0.13171140849590302,-1.0136232376098633
0.4551758749999989,0.0034223749999999996,133.0,4.129344087015911,-0.33674099010622344,1.4624885984275364,0.001053480661719942,0.0003165704867508617,0.0004922750623082712,0.06715838611696957,-0.0699513852596283,0.18315686285495758,-0.19876496493816376,0.8813626170158386,0.29860788583755493,-0.8617372512817383,0.8744046688079834,0.11609610915184021,0.025568939745426178,0.5656983852386475,-0.18792256712913513,-0.9957379698753357
0.4551758749999989,0.0034223749999999996,133.0,4.090470044667493,-0.29880947336970026,1.4628677903802183,0.001239572604148547,0.000377153685652332,0.0005830247013607783,0.06714975419313225,-0.06843441724777222,0.18031342327594757,-0.201554536819458,0.8545699119567871,0.2722427248954773,-0.8443253040313721,0.9156683683395386,0.12317147850990295,0.08283275365829468,0.5424010753631592,-0.243002250790596,-0.9758713841438293
0.4551758749999989,0.0034223749999999996,133.0,4.050416139048704,-0.26045125830017796,1.4637111334930306,0.001357768446226535,0.00042128261160500995,0.0006453657860580929,0.06713663164233077,-0.0680917501449585,0.17810982465744019,-0.20392657816410065,0.8271916508674622,0.24511316418647766,-0.820096492767334,0.9570150375366211,0.1288771629333496,0.14138208329677582,0.5197708606719971,-0.3008878827095032,-0.9540131092071533
0.4551758749999989,0.0034223749999999996,133.0,4.009744147302777,-0.22091430065279857,1.4642074238533707,0.0015097566232339127,0.0004739224664529158,0.0007256596939308384,0.0671227629658159,-0.06669008731842041,0.17306184768676758,-0.20698580145835876,0.7913519740104675,0.21929411590099335,-0.7975859642028809,1.0101667642593384,0.13758358359336853,0.2133013904094696,0.4936509132385254,-0.34944427013397217,-0.9268015027046204
0.4551758749999989,0.0034223749999999996,133.0,3.967878391323674,-0.1798613286375491,1.4642779226569629,0.0016558308660720162,0.0005220305479902328,0.0008110955374906822,0.06709633579465253,-0.0644388496875763,0.16997265815734863,-0.20817968249320984,0.7607764601707458,0.18640726804733276,-0.775109052658081,1.0428354740142822,0.14331355690956116,0.2757125496864319,0.46321821212768555,-0.3942652940750122,-0.9018245339393616
0.4551758749999989,0.0034223749999999996,133.0,3.9261173463479517,-0.13793230822090174,1.4679907330876574,0.0017906760589430119,0.0005601703013823142,0.0009012365941855038,0.06703111228036882,-0.06386521458625793,0.16367167234420776,-0.21013890206813812,0.7174484729766846,0.16261182725429535,-0.743004322052002,1.0969396829605103,0.15354004502296448,0.35263535380363464,0.43769192695617676,-0.42297622561454773,-0.8687024712562561
0.4551758749999989,0.0034223749999999996,133.0,3.8806846977354477,-0.09497600389685358,1.468685030342682,0.0018814642117761977,0.0006115610297116164,0.0009692445215799524,0.06690919313607326,-0.06520119309425354,0.16250655055046082,-0.2099500596523285,0.6983129978179932,0.14574797451496124,-0.7142689228057861,1.117395043373108,0.15271183848381042,0.39791426062583923,0.4222683906555176,-0.4552672803401947,-0.8486378788948059
0.4551758749999989,0.0034223749999999996,133.0,3.8288485444689973,-0.044293491524287326,1.4685358640291253,0.0018354185281426142,0.0005052109951679649,0.0010935270029528844,0.06660171060917831,-0.06884735822677612,0.17916759848594666,-0.20460020005702972,0.7783227562904358,0.1741025745868683,-0.767141580581665,0.9599379897117615,0.12951162457466125,0.15491913259029388,0.5152859687805176,-0.36223194003105164,-0.9054989218711853
0.4551758749999989,0.0034223749999999996,133.0,3.765850883612214,0.01825763189608551,1.4668629494369914,0.001681292408162771,-7.238120851827885e-5,0.0012967935230949993,0.06552606936497746,-0.09385871887207031,0.20342658460140228,-0.1719757318496704,0.8772566318511963,0.30724412202835083,-0.7236082553863525,0.5032092928886414,0.10919800400733948,-0.6628355383872986,0.8756494522094727,0.1445588618516922,-0.9836180806159973
0.4551758749999989,0.0034223749999999996,133.0,3.6886634965285463,0.03814564305984882,1.4643097345561051,0.00010342939939727863,7.378343180787535e-6,7.835221077031137e-5,0.06428952035361313,-0.12954473495483398,0.22212663292884827,-0.1312791109085083,0.8688287734985352,0.32180941104888916,-0.568737268447876,0.02392638847231865,0.15841072797775269,-1.3608328104019165,1.287872076034546,0.6231961250305176,-1.023476481437683
0.4551758749999989,0.0034223749999999996,133.0,3.7127211431806657,0.07797720509971344,1.4827674258473778,-0.0018304795966762983,9.968382613213143e-5,-0.0013089729389931001,0.06267453721477076,-0.25804904103279114,0.08130647987127304,0.01781323552131653,1.234139323234558,0.2667149305343628,-0.0695350170135498,-0.002359929494559765,-0.29336458444595337,-1.2700331211090088,1.4400429725646973,0.8804669380187988,-0.9353112578392029
0.4551758749999989,0.0034223749999999996,133.0,3.7312505527929636,0.13133227394205807,1.5125990786740608,-0.0022407242207741207,0.00064849674084697,-0.0012819145249966899,0.060790945337787665,-0.3201824128627777,0.07278835773468018,0.11957833170890808,1.3781204223632812,-0.1578606814146042,0.04933977127075195,-0.67992103099823,-0.36736321449279785,-1.362129807472229,1.5330545902252197,1.269361972808838,-1.001222848892212
0.4551758749999989,0.0034223749999999996,133.0,3.769503763414443,0.1794605540395634,1.5224672197983564,-0.0022798432649943474,0.0007278535845540977,-0.0012019567596404325,0.060391139775189166,-0.34408310055732727,0.07736773788928986,0.1715025007724762,1.5151714086532593,-0.29793933033943176,0.08517837524414062,-0.8880540132522583,-0.3790278434753418,-1.3574769496917725,1.4545469284057617,1.2856624126434326,-1.1250886917114258
0.4551758749999989,0.0034223749999999996,133.0,3.8137875135816954,0.22365048892824368,1.527488726917788,-0.002164929247901592,0.0006878823997354849,-0.0010984750776366827,0.06039571395648144,-0.33981719613075256,0.08936753123998642,0.18226590752601624,1.5659946203231812,-0.19997702538967133,0.04145359992980957,-0.8837401270866394,-0.39317840337753296,-1.4433032274246216,1.4057762622833252,1.1887508630752563,-1.1613200902938843
0.4551758749999989,0.0034223749999999996,133.0,3.858051404925226,0.2659098765511264,1.5314304136600652,-0.0019866040838781426,0.0006320418876013145,-0.000977047295412782,0.06046496348658159,-0.3358963429927826,0.0976799950003624,0.1874559223651886,1.5953391790390015,-0.1273432970046997,0.004216432571411133,-0.8758701086044312,-0.4008341431617737,-1.5190484523773193,1.3777365684509277,1.1346384286880493,-1.1828044652938843
0.4551758749999989,0.0034223749999999996,133.0,3.901907179028426,0.30613661369143064,1.5344664977216667,-0.0017626383175421262,0.0005594588701505269,-0.0008408788671195011,0.06061350134595052,-0.3296224772930145,0.09987694770097733,0.19414696097373962,1.6233969926834106,-0.08879800885915756,-0.0320589542388916,-0.9046809673309326,-0.4225858449935913,-1.5418355464935303,1.3180644512176514,1.121548056602478,-1.1888011693954468
0.4551758749999989,0.0034223749999999996,133.0,3.94461642449061,0.3462803706229818,1.5363233048217202,-0.0016592360298474495,0.0005210700994031883,-0.0007755737101265744,0.06073145964758881,-0.32509908080101013,0.10389405488967896,0.19634386897087097,1.6379140615463257,-0.04419062286615372,-0.06373095512390137,-0.9037289023399353,-0.42948466539382935,-1.5880413055419922,1.2948319911956787,1.107132077217102,-1.1963461637496948
0.4551758749999989,0.0034223749999999996,133.0,3.9869736327770404,0.3857611451352049,1.5391445546442355,-0.0014201250647936316,0.0004455379633680555,-0.0006488437980319377,0.06081287681217935,-0.3220588266849518,0.10813730210065842,0.19532093405723572,1.6439329385757446,-0.010986041277647018,-0.08665084838867188,-0.8946799635887146,-0.42587709426879883,-1.6419872045516968,1.293534278869629,1.103445053100586,-1.206060528755188
0.4551758749999989,0.0034223749999999996,133.0,4.028451063811488,0.4243116563334555,1.542181583074977,-0.0012364591407422972,0.0003881568612288987,-0.0005512061686716737,0.06090025427548945,-0.3182157576084137,0.11178964376449585,0.19813880324363708,1.6607346534729004,0.028178296983242035,-0.11561346054077148,-0.8995328545570374,-0.43580299615859985,-1.6744343042373657,1.2686564922332764,1.0939490795135498,-1.2128442525863647
0.4551758749999989,0.0034223749999999996,133.0,4.068865326798082,0.46215503783118245,1.544704246915487,-0.0010061663008698507,0.0003153078082203404,-0.0004370921551973909,0.06098665070475808,-0.31378796696662903,0.11796820163726807,0.20429572463035583,1.690374493598938,0.08269529789686203,-0.1511232852935791,-0.90849769115448,-0.4534534215927124,-1.700108528137207,1.2264792919158936,1.057249903678894,-1.2245851755142212
0.4551758749999989,0.0034223749999999996,133.0,4.108495080907775,0.49880491675044303,1.5469838295883287,-0.0007997830029821182,0.0002520158357153638,-0.0003412676816113395,0.06108097491897771,-0.3098553717136383,0.1207423284649849,0.20637521147727966,1.70329749584198,0.11650168895721436,-0.17862462997436523,-0.9134901762008667,-0.4625055193901062,-1.724474310874939,1.203073263168335,1.0539166927337646,-1.2284239530563354
0.4551758749999989,0.0034223749999999996,133.0,4.147138091819615,0.5347864080272748,1.5492557459298053,-0.0006034517399696426,0.00019157802514640633,-0.0002531010003972533,0.061160898357533286,-0.3062695562839508,0.12360993027687073,0.208514004945755,1.7161489725112915,0.1487504094839096,-0.20426535606384277,-0.9196466207504272,-0.47150176763534546,-1.74601149559021,1.1810166835784912,1.049479365348816,-1.2322509288787842
0.4551758749999989,0.0034223749999999996,133.0,4.18485934853124,0.5700293025613494,1.551477323693657,-0.0004148769811375193,0.0001319816809355792,-0.00017034618783443042,0.06122817159940716,-0.3037526309490204,0.12555336952209473,0.20705661177635193,1.717564582824707,0.16568712890148163,-0.2208414077758789,-0.9171221256256104,-0.4682103395462036,-1.7758561372756958,1.1817779541015625,1.0624195337295532,-1.2371283769607544
0.4551758749999989,0.0034223749999999996,133.0,4.221651249987919,0.6043814571701231,1.5536614187027602,-0.0002327202386673696,7.422098683622204e-5,-9.36429177590732e-5,0.06129199177068092,-0.3001846373081207,0.1305655688047409,0.21345457434654236,1.743617296218872,0.2025962620973587,-0.24970436096191406,-0.9337303638458252,-0.4858231544494629,-1.7790238857269287,1.1390151977539062,1.0292896032333374,-1.245309591293335
0.4551758749999989,0.0034223749999999996,133.0,4.2571646844696875,0.6375552902352556,1.555207664110398,-6.920261269438801e-5,2.2316944847545877e-5,-2.7609396869773853e-5,0.06137654136617593,-0.2975741922855377,0.13300684094429016,0.21533194184303284,1.754244327545166,0.2275105118751526,-0.2703554630279541,-0.9398043751716614,-0.49331599473953247,-1.792916178703308,1.1225411891937256,1.0268908739089966,-1.2484447956085205
0.4551758749999989,0.0034223749999999996,133.0,4.291603567374561,0.6698406567609695,1.5564747794374347,0.00014925347160836585,-4.86275179910171e-5,5.8867364748736244e-5,0.061423128753225115,-0.29504862427711487,0.13392890989780426,0.2154063880443573,1.7576558589935303,0.2376137524843216,-0.28417348861694336,-0.949385941028595,-0.49423569440841675,-1.8054074048995972,1.1131341457366943,1.0364080667495728,-1.2510228157043457
0.4551758749999989,0.0034223749999999996,133.0,4.326537634004855,0.699490199929565,1.5568415516456784,0.00035216829475206665,-0.00011425239894914122,0.00013478694924196587,0.061610424619537106,-0.2910069525241852,0.13324609398841858,0.21640482544898987,1.760238528251648,0.24622060358524323,-0.3031635284423828,-0.9631040096282959,-0.4991031289100647,-1.8045915365219116,1.0905637741088867,1.0489031076431274,-1.2487900257110596
0.4551758749999989,0.0034223749999999996,133.0,4.35944944346586,0.730505550974958,1.5587947392712775,0.0005567683216339827,-0.00018195240342753778,0.00020940939231530963,0.06165400670981589,-0.2885178029537201,0.13822035491466522,0.221694678068161,1.7820017337799072,0.27794212102890015,-0.3271186351776123,-0.9739400148391724,-0.5132861733436584,-1.8054065704345703,1.0576741695404053,1.0174610614776611,-1.2561708688735962
0.4551758749999989,0.0034223749999999996,133.0,4.3918418430224975,0.7607347901178962,1.5610606596489671,0.000799090535367515,-0.000263793109116168,0.00029616308151958216,0.06166958714095645,-0.2868939936161041,0.1379241794347763,0.21709707379341125,1.772055983543396,0.2802633047103882,-0.3328094482421875,-0.9698923230171204,-0.5014576315879822,-1.8318092823028564,1.0760083198547363,1.0494773387908936,-1.2584052085876465
0.4551758749999989,0.0034223749999999996,133.0,4.423383767595142,0.790491476344221,1.5635944022582937,0.000972980704803492,-0.000321837212500115,0.0003530781612079184,0.06169754640695899,-0.28493252396583557,0.1418571025133133,0.21987208724021912,1.7866641283035278,0.312541127204895,-0.3536550998687744,-0.9715781211853027,-0.5116649270057678,-1.8403940200805664,1.057915210723877,1.0342937707901,-1.2627586126327515
0.4551758749999989,0.0034223749999999996,133.0,4.453938217463773,0.8192901970308084,1.5663521691372364,0.001195805134439873,-0.0003982211604095877,0.00042339502173560753,0.06170655816224527,-0.2826959192752838,0.14609085023403168,0.22455856204032898,1.8051179647445679,0.33942821621894836,-0.37415051460266113,-0.9824939370155334,-0.5247963070869446,-1.836535930633545,1.0270507335662842,1.0067225694656372,-1.2678951025009155
0.4551758749999989,0.0034223749999999996,133.0,4.483650027379033,0.8465224532916695,1.5676948337915668,0.001365681845672376,-0.00045633148955937473,0.00047554832934312987,0.061762732835633855,-0.27970531582832336,0.14829494059085846,0.22781184315681458,1.8164215087890625,0.35913023352622986,-0.3933424949645996,-0.9937173128128052,-0.5348848700523376,-1.8312783241271973,0.998366117477417,0.9937343597412109,-1.269020915031433
0.4551758749999989,0.0034223749999999996,133.0,4.512432563125163,0.8730760881293189,1.5693363812325467,0.0015546065005966206,-0.0005233159574052885,0.0005341249566020741,0.06180216871040698,-0.27756187319755554,0.14849631488323212,0.226955384016037,1.815274715423584,0.36697959899902344,-0.4038867950439453,-0.9981328248977661,-0.533211886882782,-1.8398233652114868,0.995128870010376,1.007653832435608,-1.2697021961212158
0.4551758749999989,0.0034223749999999996,133.0,4.54044783403823,0.8989210434948758,1.5710848240390625,0.0017811926922818003,-0.0006025070039520162,0.0006039294276304203,0.06184296833458336,-0.2759605944156647,0.150725856423378,0.22822138667106628,1.8228416442871094,0.3897320032119751,-0.4200167655944824,-0.9978291988372803,-0.5391610264778137,-1.8468735218048096,0.9848158359527588,1.0059404373168945,-1.2713662385940552
0.4551758749999989,0.0034223749999999996,133.0,4.567446105324823,0.9238720606611018,1.5728662828434234,0.002011565384459483,-0.0006869649410907246,0.0006712281169671617,0.06186723323685819,-0.27412381768226624,0.1509341448545456,0.2284729778766632,1.8244493007659912,0.3957391381263733,-0.4291667938232422,-1.005948781967163,-0.5401133894920349,-1.8487508296966553,0.9762351512908936,1.0132628679275513,-1.2720972299575806
0.4551758749999989,0.0034223749999999996,133.0,4.593512831223771,0.947777318009319,1.5741775309811536,0.0022670671704023643,-0.000777748947907259,0.0007452875437030636,0.06190773914484486,-0.271963506937027,0.15268483757972717,0.23119106888771057,1.8333491086959839,0.40856415033340454,-0.4433574676513672,-1.0162973403930664,-0.5474144816398621,-1.8423054218292236,0.9535121917724609,1.002321481704712,-1.2736258506774902
0.4551758749999989,0.0034223749999999996,133.0,4.6186978034169925,0.9709728149453658,1.5757756800754423,0.0024545983284440954,-0.000849243927161407,0.0007973720159497839,0.061942812859504565,-0.2704266607761383,0.15277166664600372,0.23102357983589172,1.8335353136062622,0.41398870944976807,-0.4515047073364258,-1.0219039916992188,-0.5471602082252502,-1.8459906578063965,0.9490723609924316,1.012141466140747,-1.274167776107788
0.4551758749999989,0.0034223749999999996,133.0,4.642962669746739,0.9934441915556882,1.577430037033693,0.002696678784093253,-0.0009355278793238323,0.000861866987817182,0.06196888150151722,-0.2691146433353424,0.15384812653064728,0.23233523964881897,1.8387172222137451,0.4269549250602722,-0.46265530586242676,-1.0265696048736572,-0.5519163012504578,-1.8464407920837402,0.9384517669677734,1.0121275186538696,-1.2746119499206543
0.4551758749999989,0.0034223749999999996,133.0,4.666450588986354,1.0152742641641017,1.5789900163367774,0.0029383246475869033,-0.0010281465392813459,0.0009291767733612404,0.062001042621225196,-0.2676553428173065,0.1558690220117569,0.23502376675605774,1.8480894565582275,0.44150498509407043,-0.4751260280609131,-1.0341486930847168,-0.5598147511482239,-1.8415244817733765,0.9192578792572021,0.9999808073043823,-1.2760075330734253
0.4551758749999989,0.0034223749999999996,133.0,4.6890570020614435,1.0357582306455735,1.5799860701817692,0.0031944257125900277,-0.001125080076487792,0.0009989730647263554,0.062024744634310416,-0.2663082182407379,0.15503928065299988,0.23233500123023987,1.8409518003463745,0.44033363461494446,-0.47957348823547363,-1.0350300073623657,-0.5514833331108093,-1.8536138534545898,0.9291417598724365,1.0241584777832031,-1.2774593830108643
0.4551758749999989,0.0034223749999999996,133.0,4.7106947093994656,1.055454930032353,1.5812020858465599,0.0034490269886259237,-0.0012286558978273812,0.0010684763544305009,0.06205479618765983,-0.26476773619651794,0.1555313766002655,0.23330095410346985,1.843782663345337,0.4455210864543915,-0.4878079891204834,-1.0430997610092163,-0.5537101626396179,-1.8504230976104736,0.9178221225738525,1.0241265296936035,-1.278077483177185
0.4551758749999989,0.0034223749999999996,133.0,4.731294925453189,1.07511418517523,1.583306822739426,0.0036526752898533893,-0.001304762672650679,0.0011131588182126556,0.062062743302430244,-0.2642528712749481,0.15699641406536102,0.23481234908103943,1.8501306772232056,0.4581323266029358,-0.495922327041626,-1.0467520952224731,-0.5589184165000916,-1.8511370420455933,0.9098830223083496,1.019973635673523,-1.279199242591858
0.4551758749999989,0.0034223749999999996,133.0,4.751170668151941,1.0932619740734268,1.5843025781478597,0.003876660382671402,-0.0013948636419877263,0.0011707415333619662,0.062090566149191354,-0.26287582516670227,0.1583581268787384,0.23704949021339417,1.8568156957626343,0.4674012362957001,-0.5059866905212402,-1.0544570684432983,-0.5647258162498474,-1.8452519178390503,0.8930048942565918,1.0107413530349731,-1.2800164222717285
0.4551758749999989,0.0034223749999999996,133.0,4.770375755725336,1.1099213436840694,1.584691181510621,0.004065735781053618,-0.0014794540702962814,0.0012214508008143833,0.062137243448851166,-0.26122620701789856,0.15721747279167175,0.23559293150901794,1.8509864807128906,0.4641193747520447,-0.5106415748596191,-1.0603073835372925,-0.5591933131217957,-1.8495601415634155,0.8946938514709473,1.028560757637024,-1.2798947095870972
0.4551758749999989,0.0034223749999999996,133.0,4.788159206433034,1.1273886890056644,1.5864383487711295,0.00429724938396034,-0.0015685995709656475,0.0012779383472859235,0.062145876149820485,-0.26104268431663513,0.159202441573143,0.236637681722641,1.8569672107696533,0.47769495844841003,-0.5183446407318115,-1.0598368644714355,-0.562661349773407,-1.8550450801849365,0.8914566040039062,1.024458408355713,-1.282418966293335
0.4551758749999989,0.0034223749999999996,133.0,4.80541203495646,1.142966887105231,1.587629580432174,0.0044963698451787265,-0.0016553177068085766,0.0013197862850787378,0.06217537965214834,-0.25961121916770935,0.1599949449300766,0.2386404573917389,1.8623218536376953,0.4845380187034607,-0.5261268615722656,-1.067824125289917,-0.5682623982429504,-1.8477628231048584,0.8743317127227783,1.015787124633789,-1.2821078300476074
0.4551758749999989,0.0034223749999999996,133.0,4.821714897947255,1.1574952999355528,1.5879933963233692,0.004688224352547664,-0.0017424035297955462,0.0013703060254581353,0.06222129671215253,-0.2578037679195404,0.1595049351453781,0.23895755410194397,1.861189603805542,0.48820948600769043,-0.5335876941680908,-1.072989821434021,-0.569112241268158,-1.8444669246673584,0.8649184703826904,1.0213764905929565,-1.2801827192306519
0.4551758749999989,0.0034223749999999996,133.0,4.837264079660216,1.1712666406989791,1.5883219725277657,0.0048337957676830075,-0.0018131286486451448,0.0014089278959094024,0.06227361539995875,-0.25561073422431946,0.15817791223526,0.2387687861919403,1.857864260673523,0.49196484684944153,-0.540534257888794,-1.0768905878067017,-0.5701608061790466,-1.8394101858139038,0.8546216487884521,1.0309860706329346,-1.275887131690979
0.4551758749999989,0.0034223749999999996,133.0,4.852037796266387,1.1844444602543467,1.5888565994916801,0.004963513537021375,-0.0018777362812837305,0.0014395612521365681,0.062328395531437056,-0.2533646523952484,0.15886658430099487,0.23972788453102112,1.8588132858276367,0.4981561005115509,-0.5498414039611816,-1.0793191194534302,-0.5725238919258118,-1.8314322233200073,0.8384871482849121,1.0243440866470337,-1.2744534015655518
0.4551758749999989,0.0034223749999999996,133.0,4.86581992125354,1.1969891020588774,1.5894579736382823,0.005111243264505385,-0.0019366048413585301,0.0014679874689984516,0.062359405267246086,-0.250600129365921,0.15793770551681519,0.24070283770561218,1.8576661348342896,0.49900519847869873,-0.5568299293518066,-1.086445689201355,-0.5750512480735779,-1.818277359008789,0.817192554473877,1.0209819078445435,-1.2707470655441284
0.4551758749999989,0.0034223749999999996,133.0,4.87839236868882,1.2090180032447067,1.5902343219762154,0.005261753777941243,-0.00200673243591643,0.0015054136258884395,0.062397244386536606,-0.2490921914577484,0.1578982025384903,0.2410522997379303,1.8572139739990234,0.5068160891532898,-0.564577579498291,-1.0854263305664062,-0.5766366124153137,-1.816658616065979,0.8085625171661377,1.0235695838928223,-1.2687486410140991
0.4551758749999989,0.0034223749999999996,133.0,4.889721757127296,1.2212563528715998,1.591344789931745,0.005427614037845956,-0.0020604920933087025,0.00154420854409982,0.06240433375134335,-0.24919083714485168,0.16025444865226746,0.24172833561897278,1.862004280090332,0.5283557772636414,-0.5745770931243896,-1.0731416940689087,-0.5809537768363953,-1.825541377067566,0.8087124824523926,1.0213340520858765,-1.2692564725875854
0.4551758749999989,0.0034223749999999996,133.0,4.900154923806585,1.2332273894323529,1.5932393439528811,0.005595901502960941,-0.002107656264333531,0.001570644045748354,0.062395312379598715,-0.24931290745735168,0.16434815526008606,0.24431738257408142,1.872855544090271,0.5465944409370422,-0.5837795734405518,-1.0660104751586914,-0.5879834294319153,-1.8257142305374146,0.7968800067901611,0.9962664842605591,-1.2729346752166748
0.4551758749999989,0.0034223749999999996,133.0,4.909772218945595,1.2438122251030534,1.5942806623420132,0.005779459996918757,-0.0021673171387307124,0.001616818820596998,0.062406784955992674,-0.24984756112098694,0.16827429831027985,0.24650445580482483,1.8826143741607666,0.5689820647239685,-0.5939528942108154,-1.0550986528396606,-0.595599353313446,-1.8292455673217773,0.7902317047119141,0.9780797958374023,-1.2749886512756348
0.4551758749999989,0.0034223749999999996,133.0,4.918522092575381,1.2547492523086934,1.5970157874123796,0.006012286640221164,-0.002295717312773721,0.0017016498304502263,0.06228930402233661,-0.25124987959861755,0.1703142672777176,0.24357792735099792,1.8817546367645264,0.5850309133529663,-0.5956127643585205,-1.0361405611038208,-0.5897213816642761,-1.8534125089645386,0.8150084018707275,0.9913105964660645,-1.2802143096923828
0.4551758749999989,0.0034223749999999996,133.0,4.9262059435289975,1.2641126375669594,1.598219679270421,0.006295748222412723,-0.0023885383826625587,0.0017742538584988813,0.06228960153602946,-0.25209376215934753,0.1744360774755478,0.2459883987903595,1.892965316772461,0.606445848941803,-0.603513240814209,-1.026333212852478,-0.5983886122703552,-1.8542921543121338,0.8064131736755371,0.9678366780281067,-1.2826223373413086
0.4551758749999989,0.0034223749999999996,133.0,4.933212299489117,1.2719349396843382,1.5988922761281623,0.006721431746500642,-0.0025421455548709183,0.0018897324722686884,0.06230150769265253,-0.25222232937812805,0.1766444444656372,0.24701336026191711,1.898113489151001,0.6212092638015747,-0.6099238395690918,-1.0187164545059204,-0.6027392745018005,-1.8546712398529053,0.8010902404785156,0.9572946429252625,-1.2833755016326904
0.4551758749999989,0.0034223749999999996,133.0,4.939271131466292,1.2793120106195561,1.599742504955729,0.007435796058848202,-0.0028014160075492175,0.0020826880419384636,0.06230401356724579,-0.2531227767467499,0.17971386015415192,0.24761083722114563,1.904942274093628,0.6399245262145996,-0.6156156063079834,-1.0070557594299316,-0.606971800327301,-1.858658790588379,0.8011443614959717,0.9449145793914795,-1.285940408706665
0.4551758749999989,0.0034223749999999996,133.0,4.9447386363458925,1.285176954843268,1.6003376696635916,0.009048543524160763,-0.003416099088653051,0.002514774792235766,0.062316996713579174,-0.25241169333457947,0.1808795928955078,0.24972495436668396,1.9112210273742676,0.6460995078086853,-0.6217689514160156,-1.0117517709732056,-0.6108824610710144,-1.8434988260269165,0.7817065715789795,0.9234660863876343,-1.2881677150726318
0.4551758749999989,0.0034223749999999996,133.0,4.949126712464917,1.2895957902503952,1.6010180899245718,0.01673242431932061,-0.006470463734121787,0.004557439667600015,0.0623522491097832,-0.2512846887111664,0.1782834529876709,0.25169602036476135,1.9206784963607788,0.651500940322876,-0.6322319507598877,-1.0331343412399292,-0.6090636849403381,-1.803756594657898,0.7501561641693115,0.9017531275749207,-1.2993621826171875
0.4551758749999989,0.0034223749999999996,133.0,4.974416602172161,-1.1906043123464005,1.4563236817338374,-0.014776307041485678,-0.0012711981586443345,-0.006481038034622703,0.0667815180396031,-0.08251166343688965,0.2161371409893036,-0.07227090001106262,1.1868751049041748,0.5988912582397461,-1.239494800567627,-0.2589493989944458,-0.04230964183807373,-0.972093403339386,0.735584020614624,1.1883188486099243,-1.1454269886016846
0.4551758749999989,0.0034223749999999996,133.0,4.969555426997939,-1.1850136922040986,1.4564200462462111,-0.007955592125265963,-0.0006920453038592655,-0.0035469166573950735,0.06674706862303144,-0.08456480503082275,0.2182915210723877,-0.0727861225605011,1.1888809204101562,0.6114741563796997,-1.2364990711212158,-0.23791655898094177,-0.04454827308654785,-0.9700684547424316,0.7677707672119141,1.164399266242981,-1.144826054573059
0.4551758749999989,0.0034223749999999996,133.0,4.963609832308354,-1.1791678319325385,1.456080602708059,-0.006534996682814486,-0.0005917455164163451,-0.002919239023222905,0.06671834152019983,-0.08717769384384155,0.22017675638198853,-0.07283538579940796,1.1949995756149292,0.6125926971435547,-1.230992078781128,-0.22680817544460297,-0.048892319202423096,-0.9677215218544006,0.7760851383209229,1.140446662902832,-1.1463358402252197
0.4551758749999989,0.0034223749999999996,133.0,4.956947547940095,-1.1729371285455041,1.4554810891491954,-0.00590866873461442,-0.0005714580761947649,-0.0026433965834453356,0.06669500004078498,-0.08888208866119385,0.22010710835456848,-0.07576629519462585,1.1968083381652832,0.6197905540466309,-1.2178339958190918,-0.19949600100517273,-0.0497208833694458,-0.9634830355644226,0.7825872898101807,1.1250412464141846,-1.147345781326294
0.4551758749999989,0.0034223749999999996,133.0,4.949225307133833,-1.165765014535232,1.4547865512886182,-0.005545241498602782,-0.0005785839483930544,-0.0024828370180242786,0.06666494683723519,-0.09123575687408447,0.2206992208957672,-0.07796591520309448,1.2007166147232056,0.6214337944984436,-1.2064850330352783,-0.17508168518543243,-0.05190151929855347,-0.9572901725769043,0.7884922027587891,1.102666974067688,-1.1489806175231934
0.4551758749999989,0.0034223749999999996,133.0,4.940234051203645,-1.1598245109612555,1.4514965789024818,-0.005288007035374923,-0.0006251794789474257,-0.002364116928040177,0.0667117886337866,-0.09094008803367615,0.21895921230316162,-0.08196714520454407,1.1957390308380127,0.6233092546463013,-1.194697380065918,-0.14234624803066254,-0.04843640327453613,-0.9433645009994507,0.7904071807861328,1.0915309190750122,-1.1476484537124634
0.4551758749999989,0.0034223749999999996,133.0,4.930817683978358,-1.151443095028015,1.4503394763076967,-0.005075648441838514,-0.0006621483259085412,-0.0022729469853926074,0.06667801014387109,-0.09333154559135437,0.21815580129623413,-0.08682003617286682,1.1974291801452637,0.6324174404144287,-1.1744470596313477,-0.09816893935203552,-0.04936563968658447,-0.934467077255249,0.7971246242523193,1.0694562196731567,-1.1485294103622437
0.4551758749999989,0.0034223749999999996,133.0,4.920735094369368,-1.1419434177557901,1.4496056549755356,-0.0049166308529519885,-0.000679056263023869,-0.00220123216655639,0.06665614569632268,-0.09549912810325623,0.21863333880901337,-0.08919721841812134,1.2002298831939697,0.6298150420188904,-1.1638834476470947,-0.07435762882232666,-0.050380587577819824,-0.9247064590454102,0.8023200035095215,1.0444061756134033,-1.1501879692077637
0.4551758749999989,0.0034223749999999996,133.0,4.909584310361576,-1.1317143107970276,1.4485176992952844,-0.004773385032413847,-0.0007164383758429332,-0.002137765907063214,0.06661721615431904,-0.09755319356918335,0.2167433798313141,-0.09580054879188538,1.198294997215271,0.6337987184524536,-1.1407132148742676,-0.01711628958582878,-0.047836899757385254,-0.9076059460639954,0.810744047164917,1.0146008729934692,-1.1509618759155273
0.4551758749999989,0.0034223749999999996,133.0,4.897569393052418,-1.1207526266965715,1.4476314497053333,-0.00463396238230129,-0.0007354375596006871,-0.002066361216262354,0.06658880109099724,-0.10046106576919556,0.2165192812681198,-0.10002842545509338,1.2009202241897583,0.6378675699234009,-1.1225237846374512,0.022656351327896118,-0.049363553524017334,-0.8960126042366028,0.8176343441009521,0.9861948490142822,-1.1520488262176514
0.4551758749999989,0.0034223749999999996,133.0,4.885208864541055,-1.108946505521236,1.4470028409277718,-0.004499257382903361,-0.0007511907040979907,-0.002005672350223654,0.0665792311436555,-0.10149884223937988,0.2160436362028122,-0.10334452986717224,1.1993719339370728,0.6335851550102234,-1.1122891902923584,0.04916023090481758,-0.04693871736526489,-0.8813886642456055,0.8220102787017822,0.9639083743095398,-1.1528666019439697
0.4551758749999989,0.0034223749999999996,133.0,4.872029205146035,-1.096344378266841,1.446479150552029,-0.00436699042762687,-0.0007474156017941597,-0.0019381512767093617,0.06657157245112826,-0.1023004949092865,0.21543097496032715,-0.10670581459999084,1.1975131034851074,0.6350181698799133,-1.1021242141723633,0.07422618567943573,-0.04482811689376831,-0.868280291557312,0.8256189823150635,0.9493489265441895,-1.1531041860580444
0.4551758749999989,0.0034223749999999996,133.0,4.8583755756177345,-1.082569480710096,1.4464940159769348,-0.004250801312141765,-0.0007250618462909927,-0.0018819809698329903,0.06659435930832404,-0.10186231136322021,0.2149290144443512,-0.10926508903503418,1.19321608543396,0.6283785700798035,-1.0974369049072266,0.089705690741539,-0.04000067710876465,-0.8526991009712219,0.8272495269775391,0.9330413937568665,-1.1535531282424927
0.4551758749999989,0.0034223749999999996,133.0,4.844292079596334,-1.068763614222935,1.446235623973405,-0.004097212184329231,-0.0007144784956565751,-0.0018158168192588388,0.06663138924802073,-0.10020846128463745,0.21381501853466034,-0.11197486519813538,1.1865766048431396,0.6270110011100769,-1.0934488773345947,0.10264711081981659,-0.034013986587524414,-0.8384654521942139,0.8255386352539062,0.9252098202705383,-1.1529405117034912
0.4551758749999989,0.0034223749999999996,133.0,4.828907801888543,-1.0535484760728375,1.446069860109561,-0.003907494175525571,-0.0006989870758377783,-0.0017336705788260787,0.06664862737272746,-0.09942108392715454,0.21337354183197021,-0.11426371335983276,1.182124376296997,0.6220164895057678,-1.0891883373260498,0.1161176860332489,-0.029827415943145752,-0.8239780068397522,0.8244879245758057,0.908466100692749,-1.152639389038086
0.4551758749999989,0.0034223749999999996,133.0,4.812644518620837,-1.0376209196300845,1.446065783176488,-0.003730475228180039,-0.0006792221291651982,-0.0016563441833959184,0.06667183013159828,-0.09917965531349182,0.2141115665435791,-0.11507102847099304,1.1810436248779297,0.6194339394569397,-1.0870466232299805,0.12037003040313721,-0.028705954551696777,-0.8143148422241211,0.8217248916625977,0.8920069336891174,-1.1525788307189941
0.4551758749999989,0.0034223749999999996,133.0,4.795361700137844,-1.0206041352837367,1.4460572771225673,-0.003530483545067092,-0.0006496440943833404,-0.0015697355071190545,0.06669609572354913,-0.09811991453170776,0.21286897361278534,-0.11867958307266235,1.1745383739471436,0.6130498647689819,-1.080190658569336,0.14360113441944122,-0.02303445339202881,-0.7960804104804993,0.8200569152832031,0.8689252734184265,-1.1518089771270752
0.4551758749999989,0.0034223749999999996,133.0,4.778186148136024,-1.0032858697155111,1.446390761517027,-0.003338641013031124,-0.0006131176403497478,-0.001487095345049166,0.06675576288462037,-0.09529101848602295,0.21297824382781982,-0.11897432804107666,1.1680835485458374,0.6004964709281921,-1.0858776569366455,0.13627763092517853,-0.017028987407684326,-0.7830849885940552,0.8122007846832275,0.8577737808227539,-1.151306390762329
0.4551758749999989,0.0034223749999999996,133.0,4.759255861842026,-0.9844593435712549,1.446539478186849,-0.003144620626978791,-0.0005832752830287236,-0.0013997653887649578,0.06676782064852003,-0.09540292620658875,0.2143278568983078,-0.11948934197425842,1.167801856994629,0.5903720259666443,-1.0838558673858643,0.14051668345928192,-0.016328930854797363,-0.7698848843574524,0.8081872463226318,0.8297505974769592,-1.1515371799468994
0.4551758749999989,0.0034223749999999996,133.0,4.739785207869962,-0.96539314424235,1.4463344805228482,-0.002967848068751604,-0.000569455908301336,-0.0013222143339883278,0.06678719460405504,-0.0949561595916748,0.21300815045833588,-0.12389203906059265,1.1614683866500854,0.586087167263031,-1.0728862285614014,0.1743326485157013,-0.01147162914276123,-0.7466760277748108,0.8065874576568604,0.7979423403739929,-1.1501150131225586
0.4551758749999989,0.0034223749999999996,133.0,4.719941039999284,-0.9452258639990925,1.4467207791108514,-0.0027398086009496757,-0.0005231198169152706,-0.0012208057900475605,0.06683083587041912,-0.09268313646316528,0.21348434686660767,-0.12434479594230652,1.1558313369750977,0.5722820162773132,-1.0760350227355957,0.17128553986549377,-0.006182968616485596,-0.7307244539260864,0.7984066009521484,0.7791211605072021,-1.1496576070785522
0.4551758749999989,0.0034223749999999996,133.0,4.69830526031837,-0.9250851591007377,1.446050825191372,-0.002510436612901795,-0.0005178722908178771,-0.0011208646051568806,0.06682308128623358,-0.09379369020462036,0.21080197393894196,-0.13174530863761902,1.1487787961959839,0.5796269774436951,-1.0536720752716064,0.23515932261943817,-0.0024828314781188965,-0.7010762691497803,0.8007650375366211,0.7352821826934814,-1.1464834213256836
0.4551758749999989,0.0034223749999999996,133.0,4.676483799710898,-0.9037443542609935,1.445927701496444,-0.002295229384497268,-0.0004840396518037682,-0.0010257001559157517,0.06685115753814029,-0.09283590316772461,0.2092646360397339,-0.13604438304901123,1.1408412456512451,0.5751634836196899,-1.0440313816070557,0.2670500874519348,0.002954721450805664,-0.676119863986969,0.7967088222503662,0.7028911709785461,-1.1440356969833374
0.4551758749999989,0.0034223749999999996,133.0,4.65359512196705,-0.8811512367237041,1.4459242504029937,-0.0020835349575045706,-0.000447109381978103,-0.0009288702230169772,0.06686577570468123,-0.0917019248008728,0.20921941101551056,-0.13816291093826294,1.1348731517791748,0.5628635883331299,-1.040165901184082,0.2822817862033844,0.0075394511222839355,-0.6537866592407227,0.7902791500091553,0.6698266863822937,-1.1425468921661377
0.4551758749999989,0.0034223749999999996,133.0,4.629631577176625,-0.8569011250094395,1.446146262112736,-0.001916565013869313,-0.00040686191583456347,-0.0008513546206646236,0.06687164290428725,-0.09153038263320923,0.21078750491142273,-0.13862138986587524,1.133362889289856,0.5496273040771484,-1.037222146987915,0.2864088714122772,0.008727014064788818,-0.6366439461708069,0.7825729846954346,0.6352189779281616,-1.1419957876205444
0.4551758749999989,0.0034223749999999996,133.0,4.605763091322959,-0.8326808154981304,1.4465599072199078,-0.0017081933532745613,-0.00035980994694986026,-0.0007593276230039557,0.06692330686491912,-0.08764135837554932,0.21043585240840912,-0.139522522687912,1.12380051612854,0.5360223054885864,-1.0412523746490479,0.28389012813568115,0.016561776399612427,-0.617686927318573,0.769219160079956,0.6189893484115601,-1.1402513980865479
0.4551758749999989,0.0034223749999999996,133.0,4.580260805096334,-0.8077319028145235,1.446488352515946,-0.0015146811518805682,-0.00032973527963449096,-0.0006750165753404999,0.06694007871667602,-0.08659583330154419,0.20946688950061798,-0.14308315515518188,1.115447998046875,0.5250300168991089,-1.0333929061889648,0.3113686442375183,0.022369861602783203,-0.5902162194252014,0.7626566886901855,0.5797455906867981,-1.1376641988754272
0.4551758749999989,0.0034223749999999996,133.0,4.553857157596425,-0.7823339129062399,1.4462957160004162,-0.0013240546248304208,-0.00029963484919585904,-0.0005907780989425871,0.0669529900587142,-0.08702385425567627,0.2077387124300003,-0.1484951674938202,1.1066982746124268,0.5216900706291199,-1.0180964469909668,0.359464555978775,0.02659592032432556,-0.5569625496864319,0.7591252326965332,0.5292183756828308,-1.1331321001052856
0.4551758749999989,0.0034223749999999996,133.0,4.526987689035619,-0.7559478118978636,1.4462226767632576,-0.0011665498610864136,-0.0002720235325159824,-0.0005200443246220232,0.06697481112602345,-0.08588874340057373,0.20641851425170898,-0.15253767371177673,1.0959153175354004,0.5089070796966553,-1.0087640285491943,0.3935447335243225,0.033161014318466187,-0.5226868391036987,0.7512540817260742,0.48265209794044495,-1.1288392543792725
0.4551758749999989,0.0034223749999999996,133.0,4.499368132063098,-0.7289363762268698,1.4462790274198343,-0.0010257963803535317,-0.0002448306692013661,-0.0004581391391940314,0.06701400137325517,-0.08483931422233582,0.20503383874893188,-0.15673381090164185,1.0842726230621338,0.4954705238342285,-0.9984447956085205,0.4294939339160919,0.040111809968948364,-0.48660290241241455,0.7430069446563721,0.43422606587409973,-1.1240482330322266
0.4551758749999989,0.0034223749999999996,133.0,4.470489370533098,-0.7008255945972625,1.4462180663467878,-0.0008454230218750595,-0.00020718186955459537,-0.00037706509187292506,0.06702585240812305,-0.08304974436759949,0.20319242775440216,-0.16095620393753052,1.0706878900527954,0.48572009801864624,-0.9889998435974121,0.4656441807746887,0.0474361777305603,-0.4496738016605377,0.7320661544799805,0.3897821307182312,-1.11773681640625
0.4551758749999989,0.0034223749999999996,133.0,4.44074577346808,-0.6720745046127338,1.4461812165202939,-0.0007082187767887087,-0.00017954256350081552,-0.00031591973085369344,0.06703741186730013,-0.08296194672584534,0.2013746052980423,-0.1659725308418274,1.0573649406433105,0.47442561388015747,-0.9746353626251221,0.5135117769241333,0.05348631739616394,-0.40748482942581177,0.7239458560943604,0.3313818871974945,-1.1103540658950806
0.4551758749999989,0.0034223749999999996,133.0,4.410286518248022,-0.6423191565140137,1.4461806697775805,-0.0005305834329464433,-0.00013794502225800164,-0.00023700831904570653,0.06705217959260681,-0.08276206254959106,0.19901546835899353,-0.1713142991065979,1.0418903827667236,0.4640531539916992,-0.9598462581634521,0.5657141804695129,0.05983114242553711,-0.3617367446422577,0.7148342132568359,0.2714148163795471,-1.1011371612548828
0.4551758749999989,0.0034223749999999996,133.0,4.379288547154441,-0.6114682476083487,1.446389065701765,-0.00033271683589705,-8.672998610621101e-5,-0.0001490495371867895,0.06708788735183346,-0.08101075887680054,0.19818246364593506,-0.1739959418773651,1.0283536911010742,0.44638869166374207,-0.9520003795623779,0.5924577116966248,0.06595179438591003,-0.32417044043540955,0.6998765468597412,0.2216748595237732,-1.0935628414154053
0.4551758749999989,0.0034223749999999996,133.0,4.347377133818609,-0.5800281036698721,1.4466661730740142,-0.0001551492056953053,-4.1025238586436856e-5,-6.982148346906979e-5,0.06712111273692171,-0.07861542701721191,0.19634433090686798,-0.17742833495140076,1.0110862255096436,0.428200364112854,-0.9442117214202881,0.6255123019218445,0.07391735911369324,-0.28204625844955444,0.6835112571716309,0.1711028665304184,-1.0841625928878784
0.4551758749999989,0.0034223749999999996,133.0,4.3144327212500695,-0.5483230684789557,1.4469121158566298,1.715558341065897e-5,4.695413566992274e-6,7.762968709181248e-6,0.06713994697633842,-0.07641792297363281,0.19319018721580505,-0.18203535676002502,0.9903795719146729,0.41672757267951965,-0.9347543716430664,0.6707630157470703,0.08234348893165588,-0.2358894646167755,0.6675314903259277,0.11977437883615494,-1.071861982345581
0.4551758749999989,0.0034223749999999996,133.0,4.280648308555602,-0.5153598499272236,1.4471929200786138,0.00018910097773532753,5.274315053682455e-5,8.587875073359104e-5,0.06715867572241617,-0.0749826729297638,0.19117869436740875,-0.18566405773162842,0.9715330600738525,0.3973502814769745,-0.9236984252929688,0.7099952697753906,0.08957526087760925,-0.18962104618549347,0.6512165069580078,0.06217407435178757,-1.0601180791854858
0.4551758749999989,0.0034223749999999996,133.0,4.245903130515251,-0.4809938511412087,1.4472365505142992,0.0003750135427240086,0.00010529507953220488,0.0001707485112500895,0.06716443549397975,-0.07357245683670044,0.18885138630867004,-0.1892743855714798,0.9513197541236877,0.3769490420818329,-0.9120168685913086,0.7512179613113403,0.09660258889198303,-0.13969047367572784,0.6335902214050293,0.0038014519959688187,-1.0467979907989502
0.4551758749999989,0.0034223749999999996,133.0,4.210238477346772,-0.44620652766517716,1.447487012938081,0.000520272174271644,0.00014852222764115744,0.00023840728553819275,0.06717050150228894,-0.07219552993774414,0.1885504126548767,-0.19085876643657684,0.9363345503807068,0.3560161888599396,-0.9014120101928711,0.7724630832672119,0.10103830695152283,-0.10270153731107712,0.6140434741973877,-0.04717567190527916,-1.036048173904419
0.4551758749999989,0.0034223749999999996,133.0,4.173703148527422,-0.4107535750832479,1.4478634990727535,0.0006833784832973652,0.00019779665852500766,0.00031564246094311466,0.06718012235897255,-0.07083231210708618,0.18625840544700623,-0.1940922886133194,0.91429603099823,0.33444201946258545,-0.8881285190582275,0.8116583228111267,0.10813981294631958,-0.05334455519914627,0.5949711799621582,-0.10329969972372055,-1.0209736824035645
0.4551758749999989,0.0034223749999999996,133.0,4.1364637206150165,-0.37447813966309057,1.4482220011918676,0.000856611785697365,0.0002515834789773725,0.0003984427088850729,0.0671830119204125,-0.06940451264381409,0.18380369246006012,-0.19713136553764343,0.8906075358390808,0.3111936151981354,-0.8736827373504639,0.8514382839202881,0.11513081192970276,-0.0010879153851419687,0.5743918418884277,-0.15964151918888092,-1.0041314363479614
0.4551758749999989,0.0034223749999999996,133.0,4.098295717809274,-0.3374056298201453,1.448679122518705,0.0010523762910970963,0.00031296776027983707,0.0004947959285886803,0.06718274699694153,-0.06800258159637451,0.1812025010585785,-0.19996070861816406,0.8652915954589844,0.2864706814289093,-0.8575835227966309,0.8912679553031921,0.12211093306541443,0.053108733147382736,0.552619218826294,-0.21495424211025238,-0.9856476783752441
0.4551758749999989,0.0034223749999999996,133.0,4.059434368398164,-0.2994663670178818,1.4490409545105394,0.0012382307056651033,0.0003725624198170471,0.0005862745845209614,0.06717444843077247,-0.0664772093296051,0.17835696041584015,-0.20253510773181915,0.8380693793296814,0.2597596049308777,-0.8398244380950928,0.9312178492546082,0.12902769446372986,0.11059346050024033,0.5288777351379395,-0.26885348558425903,-0.9651967883110046
0.4551758749999989,0.0034223749999999996,133.0,4.019334852167139,-0.2610993569178892,1.449870647669563,0.001356415525803315,0.00041640252985174594,0.0006490898002756219,0.06715688742565674,-0.0660955011844635,0.17611540853977203,-0.20471026003360748,0.8099976181983948,0.2322140634059906,-0.8149013519287109,0.9713967442512512,0.1346724033355713,0.16970008611679077,0.5056939125061035,-0.3253069221973419,-0.9425907135009766
0.4551758749999989,0.0034223749999999996,133.0,3.9786455419212214,-0.22153279571011367,1.4503706651210757,0.0015083735615074756,0.0004679692146237264,0.0007301052316411586,0.06714110615364305,-0.06469836831092834,0.17107300460338593,-0.20742259919643402,0.7737974524497986,0.20610718429088593,-0.7917091846466064,1.0223746299743652,0.14321023225784302,0.24158209562301636,0.47920799255371094,-0.3715354800224304,-0.9148546457290649
0.4551758749999989,0.0034223749999999996,133.0,3.9367596577934867,-0.1804634925547913,1.4504301170802,0.0016543048758142437,0.0005152455253943014,0.0008164152716095026,0.06711201641484763,-0.06248849630355835,0.16800406575202942,-0.20834065973758698,0.7431126832962036,0.17344079911708832,-0.7685501575469971,1.0530396699905396,0.14863982796669006,0.3034107983112335,0.448775053024292,-0.4142005741596222,-0.8894771933555603
0.4551758749999989,0.0034223749999999996,133.0,3.8949683599589635,-0.13853360678941506,1.454147256472922,0.0017892012363657356,0.0005524297572131079,0.0009072137375524726,0.06704304047362496,-0.06189867854118347,0.16169649362564087,-0.20981465280056,0.6995078325271606,0.14960366487503052,-0.7351436614990234,1.1040129661560059,0.15878063440322876,0.3796996772289276,0.42308759689331055,-0.438982218503952,-0.8560017943382263
0.4551758749999989,0.0034223749999999996,133.0,3.849524716111323,-0.09555629407678144,1.45482224220007,0.0018799193307795288,0.0006031466252572211,0.0009760074276412563,0.06691911315801083,-0.06334656476974487,0.16061142086982727,-0.20945841073989868,0.6806451082229614,0.13363881409168243,-0.7052972316741943,1.1226693391799927,0.1576312780380249,0.4247996509075165,0.40824174880981445,-0.46908968687057495,-0.8358995914459229
0.4551758749999989,0.0034223749999999996,133.0,3.7977243072015634,-0.04497226691636884,1.4545458622031904,0.0018342638456936057,0.0005002031045526601,0.0010972232807022846,0.06660576809582357,-0.06687253713607788,0.17364402115345,-0.20615173876285553,0.7441126704216003,0.16000045835971832,-0.7480738162994385,0.9979379773139954,0.13986530900001526,0.20863884687423706,0.4978499412536621,-0.3813578188419342,-0.8816663026809692
0.4551758749999989,0.0034223749999999996,133.0,3.734304792906278,0.018064562744437202,1.453032663034835,0.001680094728480844,-7.958218549716995e-5,0.0013024176673451578,0.06548372391376274,-0.09328854084014893,0.2005050927400589,-0.1717817783355713,0.8493877649307251,0.2984738051891327,-0.7081863880157471,0.4907950758934021,0.12511786818504333,-0.7032998204231262,0.9090535640716553,0.18997763097286224,-0.9716819524765015
0.4551758749999989,0.0034223749999999996,133.0,3.6560572929678536,0.03843725549689633,1.4507169912121434,0.00010375644135900466,5.118311501303456e-6,7.886775984489556e-5,0.06417531053782125,-0.23753011226654053,0.07180328667163849,-0.01616668701171875,1.115486979484558,0.19023407995700836,-0.09325861930847168,0.10787226259708405,-0.24422425031661987,-1.129866361618042,1.3696599006652832,0.8602166175842285,-0.8669479489326477
0.4551758749999989,0.0034223749999999996,133.0,3.681704877629078,0.07834705547045183,1.4681630105124646,-0.0018314324140838699,9.61194360363422e-5,-0.0013081358957067039,0.0626726819202031,-0.26195040345191956,0.07583923637866974,0.028254598379135132,1.2192683219909668,0.20659928023815155,-0.06522440910339355,-0.08881066739559174,-0.3008387088775635,-1.2699462175369263,1.453068494796753,0.9564287066459656,-0.9125264883041382
0.4551758749999989,0.0034223749999999996,133.0,3.700733356192964,0.13194081167209987,1.4973467509382987,-0.0022395844566738122,0.0006383517928458652,-0.0012848654375647226,0.060813678810761135,-0.3276572525501251,0.066028892993927,0.1309230625629425,1.3829861879348755,-0.2543453872203827,0.07751178741455078,-0.748661994934082,-0.36344021558761597,-1.3116168975830078,1.5245258808135986,1.383183479309082,-1.0096988677978516
0.4551758749999989,0.0034223749999999996,133.0,3.7389955071618894,0.18010125646212005,1.5071873515494643,-0.002278784641976191,0.000719646719194693,-0.0012048636820470467,0.06041159266718025,-0.34424683451652527,0.07482670992612839,0.16994675993919373,1.5052226781845093,-0.3175867795944214,0.09305191040039062,-0.8836813569068909,-0.37519246339797974,-1.3374303579330444,1.456477165222168,1.306013584136963,-1.1191108226776123
0.4551758749999989,0.0034223749999999996,133.0,3.783202884598454,0.2242615294334866,1.5120921933308271,-0.002163683444995315,0.0006798332132845218,-0.001101890370229388,0.06041680853961482,-0.3400576412677765,0.08717937767505646,0.1810118854045868,1.5571147203445435,-0.21858470141887665,0.05000472068786621,-0.8790804147720337,-0.3883095383644104,-1.4267204999923706,1.4075775146484375,1.2040772438049316,-1.1574372053146362
0.4551758749999989,0.0034223749999999996,133.0,3.827464794082524,0.2664427058452963,1.515987905033725,-0.001985547274296234,0.0006242265882257945,-0.0009799137028583843,0.06048896074168876,-0.33605900406837463,0.09566159546375275,0.18631085753440857,1.586862564086914,-0.14490021765232086,0.012552261352539062,-0.8705843091011047,-0.3954309821128845,-1.504976511001587,1.3790335655212402,1.1473029851913452,-1.1798516511917114
0.4551758749999989,0.0034223749999999996,133.0,3.8711177922727735,0.30694163885295644,1.518828400648519,-0.0017642312961260558,0.0005512915774633044,-0.0008414581985416108,0.060622606463351957,-0.32979658246040344,0.09818318486213684,0.19294777512550354,1.6154025793075562,-0.10390983521938324,-0.02421259880065918,-0.8980264067649841,-0.41675782203674316,-1.5318121910095215,1.320244550704956,1.131795048713684,-1.1867564916610718
0.4551758749999989,0.0034223749999999996,133.0,3.9139658449034678,0.34680419123323547,1.520841130651562,-0.0016584381126945815,0.0005145774584516317,-0.0007779265481452826,0.06075541692804042,-0.32512524724006653,0.1022258996963501,0.1953616440296173,1.6307119131088257,-0.058721043169498444,-0.05660390853881836,-0.8976762890815735,-0.42411088943481445,-1.5786919593811035,1.2953696250915527,1.1162711381912231,-1.1946232318878174
0.4551758749999989,0.0034223749999999996,133.0,3.956313016501164,0.38626685039894504,1.5236806268200636,-0.0014195832863411757,0.00043983430915804536,-0.0006505186562524449,0.06083834900008772,-0.3220277726650238,0.10663340985774994,0.19438210129737854,1.6370062828063965,-0.024680159986019135,-0.07976746559143066,-0.8884483575820923,-0.42040586471557617,-1.6342371702194214,1.2938826084136963,1.1109144687652588,-1.204702615737915
0.4551758749999989,0.0034223749999999996,133.0,3.9977805595551867,0.42478015245604217,1.5266677188383746,-0.001235889667184861,0.00038306995629458826,-0.0005528572646167068,0.06092721894940777,-0.3181018531322479,0.11037985235452652,0.19722238183021545,1.6540905237197876,0.015454251319169998,-0.10919547080993652,-0.8931012749671936,-0.43030840158462524,-1.6682207584381104,1.2688093185424805,1.100448727607727,-1.2117879390716553
0.4551758749999989,0.0034223749999999996,133.0,4.038174419313388,0.4625775902267671,1.5291413731944963,-0.0010056535744958398,0.00031108275283709894,-0.00043850835305803864,0.06101521000340905,-0.3135899007320404,0.1166287213563919,0.2034079134464264,1.6840829849243164,0.07091055065393448,-0.14510226249694824,-0.9019880294799805,-0.4479130506515503,-1.6953134536743164,1.2264349460601807,1.0628269910812378,-1.2239229679107666
0.4551758749999989,0.0034223749999999996,133.0,4.077788660025705,0.49920097523899776,1.5313963011928997,-0.000799378072862768,0.00024860337496449925,-0.000342428169322202,0.061110118272740876,-0.30962708592414856,0.11947953701019287,0.20550492405891418,1.6972259283065796,0.10522495955228806,-0.17288851737976074,-0.9068664312362671,-0.4569736123085022,-1.7205533981323242,1.2030587196350098,1.0587992668151855,-1.2279689311981201
0.4551758749999989,0.0034223749999999996,133.0,4.116427199488878,0.5351452896177564,1.533638576031945,-0.0006031277585712118,0.00018899241886580095,-0.00025401044175306706,0.061190987884738306,-0.3059872090816498,0.12240532785654068,0.20767071843147278,1.7103350162506104,0.1380038559436798,-0.19887351989746094,-0.913012683391571,-0.46604734659194946,-1.7429274320602417,1.180814504623413,1.0538324117660522,-1.2319706678390503
0.4551758749999989,0.0034223749999999996,133.0,4.154148184078587,0.5703667674018723,1.535829782521121,-0.00041461959629447806,0.0001301779446332662,-0.00017095731279435225,0.06126168029815799,-0.30343738198280334,0.12441281974315643,0.2062111794948578,1.7118546962738037,0.15528248250484467,-0.21564793586730957,-0.9103532433509827,-0.46277469396591187,-1.7735157012939453,1.1815955638885498,1.0663704872131348,-1.2369319200515747
0.4551758749999989,0.0034223749999999996,133.0,4.190939553530787,0.6046831872159639,1.5379796276002178,-0.0002325599870643212,7.319738439657886e-5,-9.399482452581711e-5,0.061327746211100556,-0.29982802271842957,0.12944485247135162,0.21263793110847473,1.7381699085235596,0.1925981342792511,-0.24483346939086914,-0.9269994497299194,-0.48045748472213745,-1.7771919965744019,1.1387193202972412,1.0329370498657227,-1.245302438735962
0.4551758749999989,0.0034223749999999996,133.0,4.226409531324883,0.6378659510665434,1.5394883248744875,-6.915199192550639e-5,2.2011453659193033e-5,-2.772613455597752e-5,0.06141230181173649,-0.29720446467399597,0.13191190361976624,0.2144964635372162,1.748885989189148,0.21765874326229095,-0.2656073570251465,-0.9327812194824219,-0.48788654804229736,-1.7916322946548462,1.1223948001861572,1.0304434299468994,-1.2485886812210083
0.4551758749999989,0.0034223749999999996,133.0,4.260807214889291,0.6701506344316034,1.5406716378692238,0.00014912042391803247,-4.797724465130913e-5,5.9157449605151296e-5,0.061460478007689286,-0.2946074903011322,0.13286888599395752,0.21456441283226013,1.7523889541625977,0.22828920185565948,-0.2797555923461914,-0.9424348473548889,-0.4889134168624878,-1.8048111200332642,1.1127965450286865,1.0399068593978882,-1.2511518001556396
0.4551758749999989,0.0034223749999999996,133.0,4.295722778044908,0.6998149220083636,1.541058732730029,0.0003518548353250597,-0.00011272440933945712,0.00013542885955000758,0.06164957751581946,-0.2905515730381012,0.13223613798618317,0.2156030833721161,1.755237102508545,0.2370879352092743,-0.29892539978027344,-0.9562393426895142,-0.49393051862716675,-1.8042185306549072,1.0900650024414062,1.0520721673965454,-1.2490297555923462
0.4551758749999989,0.0034223749999999996,133.0,4.328599751616221,0.7307887128814644,1.5429185216458134,0.0005561980287051136,-0.00017958144259305506,0.00021054062696621104,0.06169457972042215,-0.2879844009876251,0.13718676567077637,0.2208726704120636,1.7770029306411743,0.26920464634895325,-0.3231978416442871,-0.967162549495697,-0.5081073641777039,-1.8054865598678589,1.0570683479309082,1.0207245349884033,-1.256420373916626
0.4551758749999989,0.0034223749999999996,133.0,4.360994342325498,0.7610349453142161,1.545261602153456,0.0007984073897027107,-0.0002603394717577956,0.0002975902733191648,0.06170944272010124,-0.2863810360431671,0.13698941469192505,0.21633651852607727,1.7673473358154297,0.2715975344181061,-0.32878780364990234,-0.9633898735046387,-0.4964072108268738,-1.8320763111114502,1.0752265453338623,1.0519466400146484,-1.2588112354278564
0.4551758749999989,0.0034223749999999996,133.0,4.392538181951062,0.7907505528853335,1.5477668368297022,0.0009721457178687623,-0.0003176232032669793,0.0003548055221482736,0.06173825763793542,-0.2843661606311798,0.1409170925617218,0.2191101610660553,1.7819995880126953,0.3040202558040619,-0.349837064743042,-0.9650838375091553,-0.5065974593162537,-1.8407671451568604,1.056938648223877,1.0365731716156006,-1.2632250785827637
0.4551758749999989,0.0034223749999999996,133.0,4.423072133226225,0.8195074729980636,1.5503679393040195,0.0011959475940112377,-0.0003915846689735169,0.00042420936121844886,0.061743357819390235,-0.28166112303733826,0.1443110853433609,0.22406497597694397,1.799696445465088,0.3244219422340393,-0.36890506744384766,-0.9826129078865051,-0.5197293162345886,-1.831162691116333,1.020829439163208,1.0097565650939941,-1.267575979232788
0.4551758749999989,0.0034223749999999996,133.0,4.452775106726663,0.8467409787707795,1.551807251404083,0.00136440482393347,-0.00045056995874028286,0.0004780990093120968,0.06180496993353706,-0.279109388589859,0.14734824001789093,0.2270643413066864,1.8119961023330688,0.3507353365421295,-0.3898491859436035,-0.9871384501457214,-0.5298016667366028,-1.8319976329803467,0.9973633289337158,0.995955228805542,-1.2697441577911377
0.4551758749999989,0.0034223749999999996,133.0,4.481571070690057,0.8732840945611541,1.553459973080939,0.001553149291826084,-0.0005167206955367891,0.0005368921359706214,0.061845985643855475,-0.2769588530063629,0.14758184552192688,0.2262309491634369,1.8109771013259888,0.35862651467323303,-0.4004669189453125,-0.9916046261787415,-0.5281961560249329,-1.8405892848968506,0.9940273761749268,1.0096031427383423,-1.2704813480377197
0.4551758749999989,0.0034223749999999996,133.0,4.509589171752702,0.899088172099114,1.555178889843049,0.0017795333467248396,-0.0005948352119680777,0.0006070894709340956,0.061887713005039945,-0.27503862977027893,0.1489710807800293,0.22772875428199768,1.817389965057373,0.3750513195991516,-0.41488003730773926,-0.9973232746124268,-0.5339261889457703,-1.8424463272094727,0.9800660610198975,1.008873701095581,-1.2711830139160156
0.4551758749999989,0.0034223749999999996,133.0,4.536594513721471,0.9240430354608499,1.556967758666037,0.0020096545370382295,-0.000678369386864475,0.0006747508181664082,0.06191300717751183,-0.2734776437282562,0.1500377207994461,0.22776547074317932,1.8202598094940186,0.38748303055763245,-0.42594218254089355,-0.9995467662811279,-0.5351405739784241,-1.8495815992355347,0.974942684173584,1.0149301290512085,-1.2729401588439941
0.4551758749999989,0.0034223749999999996,133.0,4.562664235001447,0.9479216423528852,1.5582584152931138,0.002264841806451268,-0.0007680398741885936,0.0007493083912144079,0.061954710740735684,-0.2712930142879486,0.15178854763507843,0.2304982841014862,1.8292335271835327,0.4004298150539398,-0.4402804374694824,-1.0100427865982056,-0.5424870848655701,-1.8431845903396606,0.9521081447601318,1.0039284229278564,-1.2744958400726318
0.4551758749999989,0.0034223749999999996,133.0,4.587839491177356,0.971113195917953,1.5598378418280545,0.002452076741888115,-0.0008387507411954549,0.0008018237564910667,0.06199108275601116,-0.2697351276874542,0.15187759697437286,0.23031190037727356,1.8293923139572144,0.4058540463447571,-0.4485204219818115,-1.0155264139175415,-0.5421987175941467,-1.8469489812850952,0.9476926326751709,1.013809323310852,-1.27504563331604
0.4551758749999989,0.0034223749999999996,133.0,4.6121149947407485,0.9935596871162768,1.5614755077578535,0.0026938663657266443,-0.0009240035510850942,0.0008666794563736419,0.06201824702790246,-0.26839831471443176,0.15295593440532684,0.23164519667625427,1.8346292972564697,0.41888564825057983,-0.45976877212524414,-1.0204088687896729,-0.5469955801963806,-1.847409725189209,0.9369058609008789,1.0136970281600952,-1.2755028009414673
0.4551758749999989,0.0034223749999999996,133.0,4.635606600273654,1.0154094553136963,1.563085855013041,0.0029354571590839533,-0.0010154268421452882,0.0009339788119802237,0.06205091482795225,-0.2669433653354645,0.15502604842185974,0.2343635857105255,1.8441942930221558,0.4335659146308899,-0.47228169441223145,-1.028076410293579,-0.5549460053443909,-1.8425205945968628,0.9176151752471924,1.001084566116333,-1.2770371437072754
0.4551758749999989,0.0034223749999999996,133.0,4.658193459022425,1.0358907512163358,1.5640499290245802,0.0031914509195079023,-0.0011111231426829344,0.0010046190300742144,0.06207321188394543,-0.26557525992393494,0.15418528020381927,0.2316347062587738,1.8369240760803223,0.4323537349700928,-0.47673583030700684,-1.0288724899291992,-0.5465286374092102,-1.8547154664993286,0.927635669708252,1.0254672765731812,-1.2784433364868164
0.4551758749999989,0.0034223749999999996,133.0,4.679884275726717,1.0555339503165702,1.5652689869879712,0.003445790525034581,-0.0012136184163090914,0.0010741918760231966,0.06210480091436599,-0.26400551199913025,0.15465712547302246,0.23263201117515564,1.8397949934005737,0.4374600052833557,-0.4850943088531494,-1.0371394157409668,-0.5488294959068298,-1.8512970209121704,0.9160432815551758,1.0253982543945312,-1.2790255546569824
0.4551758749999989,0.0034223749999999996,133.0,4.700441468060365,1.075245196122095,1.5673585345206924,0.0036494861339199207,-0.0012885637295994427,0.001119302398588223,0.062111990303791526,-0.2635062634944916,0.15616042912006378,0.23410901427268982,1.8461436033248901,0.4502163529396057,-0.49323368072509766,-1.0405811071395874,-0.5539146065711975,-1.8523775339126587,0.9084374904632568,1.0212799310684204,-1.2802739143371582
0.4551758749999989,0.0034223749999999996,133.0,4.720356335220937,1.0933945410772878,1.5684297518469381,0.0038737682657323195,-0.001376985123693052,0.0011762143532550715,0.06214069849639866,-0.262152761220932,0.15757235884666443,0.2363889515399933,1.8530460596084595,0.4595356285572052,-0.5032975673675537,-1.0484026670455933,-0.5597990155220032,-1.846470832824707,0.8915107250213623,1.0115795135498047,-1.2812273502349854
0.4551758749999989,0.0034223749999999996,133.0,4.739547238388188,1.1101165325665485,1.5688577153813157,0.0040633769386401505,-0.0014600917648510765,0.0012271169116711417,0.06218515761020562,-0.2604342997074127,0.1568835973739624,0.23628273606300354,1.8509678840637207,0.45897844433784485,-0.5094823837280273,-1.056395173072815,-0.5584490895271301,-1.8453067541122437,0.8852996826171875,1.0209035873413086,-1.2805864810943604
0.4551758749999989,0.0034223749999999996,133.0,4.757413545733122,1.127475864940929,1.5705286103759368,0.004294475625262021,-0.0015478157238022338,0.0012842451377134182,0.06219586647879348,-0.26027706265449524,0.15839269757270813,0.23592373728752136,1.8530000448226929,0.4698745608329773,-0.5158696174621582,-1.0534353256225586,-0.5576085448265076,-1.8564035892486572,0.8901464939117432,1.0257304906845093,-1.2835628986358643
0.4551758749999989,0.0034223749999999996,133.0,4.774762668596547,1.1429709639873051,1.571779985163344,0.004494174752868468,-0.0016332365213498218,0.001325152282574242,0.062224663469454086,-0.2588178217411041,0.15917307138442993,0.23797473311424255,1.858452320098877,0.4767201542854309,-0.5237617492675781,-1.0617039203643799,-0.5633364319801331,-1.8488315343856812,0.8726346492767334,1.016845464706421,-1.2832190990447998
0.4551758749999989,0.0034223749999999996,133.0,4.7911258034310436,1.1574818264836304,1.5722601698939438,0.004687444991788613,-0.001718426546063371,0.0013743892767947086,0.06226712142719612,-0.25703689455986023,0.1587330400943756,0.2383337914943695,1.857539176940918,0.48042038083076477,-0.5311758518218994,-1.0669283866882324,-0.5642853379249573,-1.845445156097412,0.8631443977355957,1.0219230651855469,-1.281409740447998
0.4551758749999989,0.0034223749999999996,133.0,4.806750494489369,1.1711601495640271,1.5726031805955425,0.004833658388885263,-0.0017871237893754477,0.0014122935732326588,0.06232015871173502,-0.2548043429851532,0.15736399590969086,0.23814943432807922,1.8541464805603027,0.4841410517692566,-0.5382554531097412,-1.0709234476089478,-0.5653875470161438,-1.8401963710784912,0.8526487350463867,1.0317094326019287,-1.276993751525879
0.4551758749999989,0.0034223749999999996,133.0,4.821540370731488,1.1843146910422395,1.573206296812015,0.004965132353710728,-0.0018502962234968042,0.0014413318512693342,0.06237027458652706,-0.25258418917655945,0.158076211810112,0.23912319540977478,1.8552331924438477,0.4903775453567505,-0.5475473403930664,-1.0733202695846558,-0.5677749514579773,-1.8322736024856567,0.8366279602050781,1.0248528718948364,-1.2756723165512085
0.4551758749999989,0.0034223749999999996,133.0,4.8353256834617175,1.1967525127278393,1.5739253094283372,0.005104473236641407,-0.0019191971366717031,0.0014754294383743326,0.06241519960758577,-0.2500040829181671,0.1569816619157791,0.23942384123802185,1.8527042865753174,0.49206069111824036,-0.5542566776275635,-1.0782192945480347,-0.5689706206321716,-1.8229800462722778,0.8203518390655518,1.0266588926315308,-1.271963357925415
0.4551758749999989,0.0034223749999999996,133.0,4.847950846359647,1.2087535421981717,1.5746247980107748,0.00526433486503152,-0.0019772333474890246,0.0015057224107838244,0.06243836515985968,-0.248314768075943,0.1569720357656479,0.2405509054660797,1.8537908792495728,0.4997193515300751,-0.5624101161956787,-1.079649806022644,-0.572533905506134,-1.817123293876648,0.8062264919281006,1.024489164352417,-1.2694745063781738
0.4551758749999989,0.0034223749999999996,133.0,4.859270127529044,1.2209593680027582,1.575805350008356,0.005419664579858024,-0.002042481767468853,0.0015523812254830316,0.06246275108410626,-0.24839648604393005,0.15944012999534607,0.2411498725414276,1.8585503101348877,0.5205007791519165,-0.5723438262939453,-1.06766939163208,-0.5762606263160706,-1.8263044357299805,0.8067567348480225,1.0217193365097046,-1.2705438137054443
0.4551758749999989,0.0034223749999999996,133.0,4.869710939324798,1.2329458564835716,1.5778134918807782,0.005589120011147797,-0.0020896053117257186,0.0015764933359091377,0.062449792444737494,-0.24857619404792786,0.16362108290195465,0.2437998354434967,1.8697376251220703,0.5388766527175903,-0.5814008712768555,-1.0607277154922485,-0.583366334438324,-1.8265341520309448,0.794933557510376,0.9957789182662964,-1.274477243423462
0.4551758749999989,0.0034223749999999996,133.0,4.879362913587607,1.2434673323183305,1.578875507651086,0.005772305821636062,-0.002149000849396735,0.0016220568459426514,0.06246237261586677,-0.2490902841091156,0.16754066944122314,0.2460143268108368,1.8795051574707031,0.5612725615501404,-0.5915961265563965,-1.0500500202178955,-0.5909894108772278,-1.8299051523208618,0.7880887985229492,0.9773281812667847,-1.2765331268310547
0.4551758749999989,0.0034223749999999996,133.0,4.888168407183769,1.25434807414402,1.5815196856587974,0.0060033294064123985,-0.002276614921986252,0.0017088290834342788,0.06234935864689216,-0.25042757391929626,0.1695222556591034,0.2430572807788849,1.878348469734192,0.5773772597312927,-0.5934326648712158,-1.0310235023498535,-0.5850265622138977,-1.8540140390396118,0.8127737045288086,0.9910082817077637,-1.2815520763397217
0.4551758749999989,0.0034223749999999996,133.0,4.895855003631339,1.2636994396301517,1.5827511122162705,0.0062866018010686395,-0.00236848077363902,0.0017812827491399947,0.062349319491671655,-0.25127944350242615,0.1736704558134079,0.24548986554145813,1.88963782787323,0.5989029407501221,-0.6013138294219971,-1.0213552713394165,-0.5936837792396545,-1.854897379875183,0.8041367530822754,0.9671912789344788,-1.2840451002120972
0.4551758749999989,0.0034223749999999996,133.0,4.902873442906305,1.2715326489867222,1.583523762225545,0.006712531998402255,-0.0025207445040590537,0.001895384831440036,0.062359903307520254,-0.2514486014842987,0.17594823241233826,0.24656614661216736,1.8950355052947998,0.6137364506721497,-0.6075844764709473,-1.0139477252960205,-0.5981095433235168,-1.8552439212799072,0.798750638961792,0.955886721611023,-1.2849695682525635
0.4551758749999989,0.0034223749999999996,133.0,4.908951429696465,1.2788466769581033,1.5843314543578402,0.007425295964435679,-0.0027782649054405076,0.0020890950548112957,0.06236382549869928,-0.25230923295021057,0.17897237837314606,0.2471541464328766,1.9016934633255005,0.6324768662452698,-0.6133556365966797,-1.0023995637893677,-0.6022763848304749,-1.8591316938400269,0.7987072467803955,0.9437004327774048,-1.287431001663208
0.4551758749999989,0.0034223749999999996,133.0,4.914441425840428,1.284746303314459,1.5849977408020612,0.009036203635119306,-0.0033874035383825315,0.0025213177705907344,0.062377269419626014,-0.2516380250453949,0.18020595610141754,0.2493213713169098,1.9082136154174805,0.6387845277786255,-0.6194639205932617,-1.0073155164718628,-0.6062895655632019,-1.843937635421753,0.7791621685028076,0.9216099977493286,-1.289792537689209
0.4551758749999989,0.0034223749999999996,133.0,4.918817938409723,1.2891470908828349,1.585661770103065,0.016709332681572753,-0.006419366272531421,0.0045709559498607385,0.06241187888111343,-0.2506432831287384,0.17680484056472778,0.2500241696834564,1.9146225452423096,0.6452052593231201,-0.6291146278381348,-1.0256773233413696,-0.6021928191184998,-1.809938907623291,0.7555747032165527,0.9118702411651611,-1.300306797027588
0.4551758749999989,0.0034223749999999996,133.0,4.943684180897269,-1.1914305922775128,1.4420876818441488,-0.014753593510063487,-0.0013270886344747808,-0.006474848905666524,0.06682017997995693,-0.08096793293952942,0.21534080803394318,-0.07431542873382568,1.1816112995147705,0.5868859887123108,-1.2361111640930176,-0.238772451877594,-0.03614908456802368,-0.9536701440811157,0.7319068908691406,1.1615735292434692,-1.146267056465149
0.4551758749999989,0.0034223749999999996,133.0,4.938852427936829,-1.1858883690392956,1.4421666432009115,-0.007943071992143632,-0.0007234683629501,-0.003543242521297733,0.06678660713833413,-0.08299648761749268,0.21792733669281006,-0.07397347688674927,1.1840193271636963,0.595535933971405,-1.2363269329071045,-0.22469830513000488,-0.038821399211883545,-0.9513809680938721,0.7632632255554199,1.1375137567520142,-1.1455596685409546
0.4551758749999989,0.0034223749999999996,133.0,4.932914610089896,-1.1800530200379091,1.4418365205525245,-0.006524335583160775,-0.0006172347456619271,-0.002916272468408217,0.06675906545763598,-0.08514708280563354,0.21879121661186218,-0.07569333910942078,1.1876945495605469,0.6032245755195618,-1.225733995437622,-0.2040119767189026,-0.04146862030029297,-0.9494120478630066,0.7721242904663086,1.1189924478530884,-1.1464948654174805
0.4551758749999989,0.0034223749999999996,133.0,4.926249945776779,-1.1738207489664847,1.4412553312636134,-0.00589874254684641,-0.0005940198011840928,-0.002640714829319782,0.06673656508585407,-0.08685877919197083,0.2187259942293167,-0.07860413193702698,1.189469337463379,0.610454797744751,-1.2126970291137695,-0.17695972323417664,-0.04232192039489746,-0.9450749158859253,0.778557300567627,1.103312373161316,-1.1474435329437256
0.4551758749999989,0.0034223749999999996,133.0,4.918541421832827,-1.1666601806823698,1.4405907027436113,-0.005535560120820237,-0.0005985765940700475,-0.002480291081316443,0.06670816443753796,-0.08922016620635986,0.21933189034461975,-0.08078533411026001,1.193321943283081,0.6121096611022949,-1.2014667987823486,-0.15287046134471893,-0.04450303316116333,-0.9387685060501099,0.7843737602233887,1.080668568611145,-1.1490200757980347
0.4551758749999989,0.0034223749999999996,133.0,4.909544821532154,-1.1606973287386333,1.4373197629807815,-0.005279274205137763,-0.0006432419575212003,-0.0023608829912698717,0.06675342156464179,-0.0889405906200409,0.2175823599100113,-0.08478254079818726,1.1883618831634521,0.6140950918197632,-1.1897273063659668,-0.12007494270801544,-0.041112542152404785,-0.9245845079421997,0.786250114440918,1.0690242052078247,-1.1476280689239502
0.4551758749999989,0.0034223749999999996,133.0,4.90014182484611,-1.1523201378857981,1.4361902275197505,-0.005066974273038289,-0.0006784563083240126,-0.0022696527088393948,0.06672116088199123,-0.09133642911911011,0.21677716076374054,-0.08961957693099976,1.1899582147598267,0.6232970356941223,-1.1696629524230957,-0.07609009742736816,-0.0420493483543396,-0.915340781211853,0.7928802967071533,1.046395182609558,-1.1484036445617676
0.4551758749999989,0.0034223749999999996,133.0,4.890051504292094,-1.1428086332034908,1.4354996062565417,-0.00490802571916979,-0.0006946594126231575,-0.0021981289238059065,0.06669960193225735,-0.09319597482681274,0.21668832004070282,-0.09278357028961182,1.1910526752471924,0.6212229132652283,-1.1576809883117676,-0.047397661954164505,-0.04165637493133545,-0.9038926362991333,0.7984559535980225,1.0218183994293213,-1.1498239040374756
0.4551758749999989,0.0034223749999999996,133.0,4.878812238434096,-1.1324902129080487,1.4345241745206183,-0.004770947114136754,-0.0007130217751411634,-0.002125842521174908,0.06666450065181358,-0.0956939160823822,0.21539729833602905,-0.09864106774330139,1.190844178199768,0.6251726150512695,-1.135815143585205,0.005145787261426449,-0.04064047336578369,-0.8882087469100952,0.8067028522491455,0.990075945854187,-1.1507267951965332
0.4551758749999989,0.0034223749999999996,133.0,4.866905475207362,-1.1216346160179378,1.4335750641549045,-0.004625505836172034,-0.0007476196364766495,-0.0020632450720986695,0.06663517998759323,-0.09849303960800171,0.2151544988155365,-0.10276523232460022,1.1931734085083008,0.629082202911377,-1.1182341575622559,0.04393303766846657,-0.04209339618682861,-0.8762174844741821,0.8130183219909668,0.9619393944740295,-1.151591420173645
0.4551758749999989,0.0034223749999999996,133.0,4.854406990367465,-1.1097594978603116,1.433015014802274,-0.004494534715276012,-0.0007503769449253188,-0.0019981684823424926,0.06662875214597119,-0.09960100054740906,0.21466729044914246,-0.1061614453792572,1.1916086673736572,0.6250695586204529,-1.107703447341919,0.07100790739059448,-0.03968238830566406,-0.8615241050720215,0.8175506591796875,0.9389829039573669,-1.1523785591125488
0.4551758749999989,0.0034223749999999996,133.0,4.841213045795512,-1.097176367072092,1.432475301871493,-0.004360179141313882,-0.0007500659781179252,-0.0019342273007937894,0.06662195875035447,-0.10034239292144775,0.2139952927827835,-0.109580397605896,1.189450979232788,0.6263725757598877,-1.097538709640503,0.09671692550182343,-0.037474989891052246,-0.8476195335388184,0.8208909034729004,0.9237322807312012,-1.1524150371551514
0.4551758749999989,0.0034223749999999996,133.0,4.827548570862323,-1.083413417712682,1.4324888972581062,-0.004242992674323165,-0.0007298329140871219,-0.001880136299335524,0.0666443307903092,-0.09989196062088013,0.21347863972187042,-0.11211720108985901,1.1850841045379639,0.6197516322135925,-1.0929365158081055,0.11204363405704498,-0.03269469738006592,-0.8320506811141968,0.8222835063934326,0.9074905514717102,-1.1527488231658936
0.4551758749999989,0.0034223749999999996,133.0,4.813607084949727,-1.0696896778355252,1.4322704718868182,-0.0040892982547208415,-0.0007224328936179317,-0.0018138430558107847,0.0666804301471951,-0.098223477602005,0.2124059796333313,-0.11469912528991699,1.1785060167312622,0.6181594133377075,-1.0893499851226807,0.12418726086616516,-0.0268479585647583,-0.8179696798324585,0.8203325271606445,0.8997300863265991,-1.1520498991012573
0.4551758749999989,0.0034223749999999996,133.0,4.79808398987395,-1.0543960234846317,1.432127144516171,-0.0039001100546508034,-0.00070185330465675,-0.001732808890960171,0.0666990065170168,-0.09748029708862305,0.21192330121994019,-0.11706259846687317,1.173997402191162,0.6133618354797363,-1.0848002433776855,0.13834334909915924,-0.022675931453704834,-0.8033812642097473,0.8192884922027588,0.8825703859329224,-1.1516810655593872
0.4551758749999989,0.0034223749999999996,133.0,4.781820075360918,-1.038474402548293,1.4321232391382244,-0.003723479934833957,-0.0006818607058723767,-0.001655691657516586,0.06672129024730537,-0.09722831845283508,0.21264347434043884,-0.11787262558937073,1.1727969646453857,0.6107203960418701,-1.082641839981079,0.1427285373210907,-0.02154076099395752,-0.793550431728363,0.8163919448852539,0.8659617900848389,-1.1515129804611206
0.4551758749999989,0.0034223749999999996,133.0,4.764682783764774,-1.0215258209003313,1.4321569256493782,-0.003524354648072451,-0.0006535086249329172,-0.0015680390562164584,0.06674345758521502,-0.09617206454277039,0.21144957840442657,-0.12134286761283875,1.166334629058838,0.6042275428771973,-1.0761849880218506,0.16505800187587738,-0.016016662120819092,-0.7754727005958557,0.814516544342041,0.8428851366043091,-1.150630235671997
0.4551758749999989,0.0034223749999999996,133.0,4.7474856445797995,-1.0041757371092894,1.4324546674210612,-0.0033333999249918777,-0.0006174181146107567,-0.0014852796263754157,0.06679845093183474,-0.09333714842796326,0.21151429414749146,-0.12166276574134827,1.1598052978515625,0.5916528701782227,-1.0817172527313232,0.1582372933626175,-0.01006317138671875,-0.7623463869094849,0.8065502643585205,0.8316366076469421,-1.1500047445297241
0.4551758749999989,0.0034223749999999996,133.0,4.728472191686611,-0.9853099747425046,1.4326089468830783,-0.003139579608493721,-0.0005845988628407226,-0.0013991472033126904,0.06681152856011109,-0.09345293045043945,0.21281954646110535,-0.1222575306892395,1.159313678741455,0.5815982818603516,-1.0794143676757812,0.16317905485630035,-0.009306788444519043,-0.7487981915473938,0.8024759292602539,0.8031402230262756,-1.1500838994979858
0.4551758749999989,0.0034223749999999996,133.0,4.70900539607293,-0.9662425759556571,1.432424431595378,-0.0029633475050528193,-0.0005699101179684152,-0.0013216585278065414,0.06682968475478615,-0.09301570057868958,0.21148616075515747,-0.12663182616233826,1.15283203125,0.577370285987854,-1.068568229675293,0.19693586230278015,-0.004494667053222656,-0.7253662347793579,0.8007175922393799,0.7709524035453796,-1.1484653949737549
0.4551758749999989,0.0034223749999999996,133.0,4.6891574650049455,-0.9460741153784659,1.4328053420061506,-0.002735764321851423,-0.0005234327922045784,-0.0012202894326066582,0.06687249070506313,-0.09074416756629944,0.21195121109485626,-0.12706062197685242,1.1471790075302124,0.5635255575180054,-1.0716874599456787,0.19385193288326263,0.0007068514823913574,-0.7095682621002197,0.7923831939697266,0.7522072196006775,-1.1479060649871826
0.4551758749999989,0.0034223749999999996,133.0,4.667525661486314,-0.9259307736360345,1.432173364495879,-0.0025068954289032006,-0.0005171870139633667,-0.0011203422240985506,0.06686508323555466,-0.09186848998069763,0.20925778150558472,-0.1344049572944641,1.1398496627807617,0.5709348320960999,-1.0496609210968018,0.25741302967071533,0.004407525062561035,-0.6795046329498291,0.7945504188537598,0.707770586013794,-1.1444474458694458
0.4551758749999989,0.0034223749999999996,133.0,4.645694906711693,-0.9045754696344361,1.4320585756567294,-0.002292041648599077,-0.00048301224351388603,-0.0010253811699451377,0.06689270874483838,-0.09091290831565857,0.20770162343978882,-0.13866817951202393,1.131727933883667,0.5664593577384949,-1.0401771068572998,0.2892538011074066,0.009797215461730957,-0.6543130874633789,0.7902834415435791,0.675009548664093,-1.14176344871521
0.4551758749999989,0.0034223749999999996,133.0,4.622797721486003,-0.8819813927602785,1.432062272863446,-0.0020806868084690977,-0.0004458523118679397,-0.0009287401451229773,0.06690674669520326,-0.08978456258773804,0.2076507806777954,-0.14075234532356262,1.1256442070007324,0.5541777610778809,-1.036341667175293,0.3043423295021057,0.014310181140899658,-0.6319841742515564,0.7836470603942871,0.6418617963790894,-1.1400854587554932
0.4551758749999989,0.0034223749999999996,133.0,4.598825052859622,-0.8577374963239542,1.4322855534895373,-0.0019138615714453697,-0.00040571152704258054,-0.0008513837054705888,0.06691288379762401,-0.08960863947868347,0.20919808745384216,-0.1412290632724762,1.1239393949508667,0.540915310382843,-1.0332329273223877,0.30867505073547363,0.015508502721786499,-0.6146194934844971,0.7757656574249268,0.607073962688446,-1.139350175857544
0.4551758749999989,0.0034223749999999996,133.0,4.574918873836089,-0.8334520753448285,1.432650072073377,-0.0017060063171711872,-0.0003585895355859555,-0.0007595197016814116,0.06696053138045219,-0.08572205901145935,0.20878420770168304,-0.14214563369750977,1.1142648458480835,0.5273140668869019,-1.037140130996704,0.3067629635334015,0.02320927381515503,-0.5953992605209351,0.7622275352478027,0.5905899405479431,-1.1373623609542847
0.4551758749999989,0.0034223749999999996,133.0,4.549427266762956,-0.8085526668200165,1.4326299217918959,-0.0015126485302389633,-0.00032839993985468805,-0.0006753379251431118,0.06697876223760248,-0.08468866348266602,0.20782150328159332,-0.1456526219844818,1.1057274341583252,0.5163055062294006,-1.0293552875518799,0.33402568101882935,0.02897205948829651,-0.5678920745849609,0.7554500102996826,0.55106520652771,-1.1345393657684326
0.4551758749999989,0.0034223749999999996,133.0,4.523011651814206,-0.7831394837012847,1.4324470327080614,-0.0013223215453073121,-0.0002981513237037334,-0.0005911620509636751,0.0669913739409297,-0.08511188626289368,0.20605997741222382,-0.1510363519191742,1.0965449810028076,0.5128979086875916,-1.014190673828125,0.3821565508842468,0.03325054049491882,-0.5340268015861511,0.7516086101531982,0.5000382661819458,-1.129621982574463
0.4551758749999989,0.0034223749999999996,133.0,4.496165155116903,-0.7568385815369624,1.4324869318197933,-0.001164876666547141,-0.0002701559471989199,-0.0005206136956512336,0.06701730616410553,-0.08402177691459656,0.2047860324382782,-0.15499868988990784,1.0855929851531982,0.5000564455986023,-1.0048820972442627,0.415704607963562,0.039776116609573364,-0.5000060796737671,0.7435674667358398,0.45330092310905457,-1.1251131296157837
0.4551758749999989,0.0034223749999999996,133.0,4.468513385762965,-0.7297467276165813,1.432469682676215,-0.0010244615629693423,-0.0002432222260160883,-0.0004586701528542818,0.0670525132371957,-0.08293938636779785,0.20332446694374084,-0.1591770350933075,1.0734891891479492,0.4864986538887024,-0.994631290435791,0.45189064741134644,0.046694934368133545,-0.46320390701293945,0.7348446846008301,0.404603511095047,-1.1198292970657349
0.4551758749999989,0.0034223749999999996,133.0,4.43961916815662,-0.7016004354021914,1.432383348783886,-0.0008443925081398454,-0.0002057811419781794,-0.00037754247412723554,0.06706239354640096,-0.08113515377044678,0.2014446258544922,-0.16332903504371643,1.059550166130066,0.47655874490737915,-0.9853713512420654,0.48784375190734863,0.05394864082336426,-0.42593830823898315,0.7234704494476318,0.3600170612335205,-1.1130903959274292
0.4551758749999989,0.0034223749999999996,133.0,4.409866970896551,-0.6727747443608088,1.4322964717696571,-0.0007074644148100327,-0.00017823753590252508,-0.0003163175873902943,0.06707140341447212,-0.08101904392242432,0.19957499206066132,-0.16827771067619324,1.0457141399383545,0.46508651971817017,-0.9711918830871582,0.5355329513549805,0.05997416377067566,-0.3830249011516571,0.7148218154907227,0.3014816641807556,-1.105168342590332
0.4551758749999989,0.0034223749999999996,133.0,4.379387132427409,-0.6430360411124321,1.4323377639763162,-0.0005300060303519735,-0.00013682070356917258,-0.00023741811001531393,0.06708638343829625,-0.08082091808319092,0.19721852242946625,-0.17351651191711426,1.0297658443450928,0.45450401306152344,-0.95654296875,0.5871647596359253,0.06634804606437683,-0.3370414674282074,0.7052981853485107,0.24152737855911255,-1.0955021381378174
0.4551758749999989,0.0034223749999999996,133.0,4.348403754024843,-0.6122674803748058,1.432621106234989,-0.0003322938167914323,-8.598736344421586e-5,-0.00014935853721992278,0.06712583464664028,-0.0790800154209137,0.19641631841659546,-0.17610716819763184,1.0159235000610352,0.43663015961647034,-0.9486122131347656,0.6133787631988525,0.0724271833896637,-0.2996503412723541,0.6900303363800049,0.19184140861034393,-1.0875773429870605
0.4551758749999989,0.0034223749999999996,133.0,4.316447903016094,-0.5807477675479991,1.4328416994021218,-0.00015497563778884456,-4.065679074643766e-5,-6.998929132084733e-5,0.06715427492050155,-0.07668271660804749,0.1945236325263977,-0.17945268750190735,0.998295783996582,0.4182766377925873,-0.9409394264221191,0.6461570858955383,0.08027788996696472,-0.2571885287761688,0.6732501983642578,0.1414823830127716,-1.077701449394226
0.4551758749999989,0.0034223749999999996,133.0,4.283516382172575,-0.5490843395999415,1.4331561318452766,1.7135361198298604e-5,4.6488105393002855e-6,7.784797426212368e-6,0.06717534588343099,-0.0745200514793396,0.19141389429569244,-0.1838715672492981,0.9773334264755249,0.40645623207092285,-0.9316995143890381,0.6902291178703308,0.08863824605941772,-0.2113167643547058,0.6569743156433105,0.0906311571598053,-1.0650748014450073
0.4551758749999989,0.0034223749999999996,133.0,4.24969168676422,-0.5160667933804688,1.4333926576081026,0.00018889568761785956,5.221447305043422e-5,8.615022148088063e-5,0.06719028856732918,-0.07305100560188293,0.18931137025356293,-0.18744933605194092,0.9577316641807556,0.38662970066070557,-0.9205117225646973,0.7297487258911133,0.09590059518814087,-0.16388390958309174,0.6401088237762451,0.032904721796512604,-1.0526045560836792
0.4551758749999989,0.0034223749999999996,133.0,4.214910691032971,-0.48164101918456476,1.4334238955829404,0.00037464262215220547,0.00010414227554246204,0.0001713481940666509,0.06719365031583203,-0.07162320613861084,0.18886515498161316,-0.18917299807071686,0.9426968097686768,0.3655076026916504,-0.9103233814239502,0.7529505491256714,0.10019513964653015,-0.12442167848348618,0.6206049919128418,-0.02028580568730831,-1.0416617393493652
0.4551758749999989,0.0034223749999999996,133.0,4.17922909184923,-0.44687775412181907,1.4336661183630166,0.0005197139578714698,0.0001469748842534413,0.0002393565165785158,0.06719859499452917,-0.07027137279510498,0.18666189908981323,-0.19241094589233398,0.9217959046363831,0.34491631388664246,-0.8980562686920166,0.7909037470817566,0.10716420412063599,-0.07664404809474945,0.6022107601165771,-0.07551846653223038,-1.0275993347167969
0.4551758749999989,0.0034223749999999996,133.0,4.142676553052281,-0.41141589283630187,1.4340483618448203,0.0006826557428492311,0.00019563173558509786,0.0003170322432384621,0.0672067605735232,-0.06891021132469177,0.1843605786561966,-0.19549335539340973,0.8992738723754883,0.3229909837245941,-0.8845982551574707,0.8293159008026123,0.1141938865184784,-0.02695387229323387,0.5827243328094482,-0.13104775547981262,-1.0119701623916626
0.4551758749999989,0.0034223749999999996,133.0,4.1054160373228905,-0.3751224110818106,1.434397845182542,0.0008557256200478237,0.0002487804742863209,0.00040034584005481806,0.06720763150772804,-0.06747069954872131,0.18186664581298828,-0.19838982820510864,0.8749347925186157,0.29931047558784485,-0.8698172569274902,0.8685351610183716,0.12113115191459656,0.025979559868574142,0.5616543292999268,-0.18682162463665009,-0.99442458152771
0.4551758749999989,0.0034223749999999996,133.0,4.067235150135754,-0.3380464480035252,1.4348586106278414,0.0010513446089676537,0.0003092381163194957,0.0004973316757706349,0.06720564328214589,-0.0660693347454071,0.1792610138654709,-0.20102640986442566,0.8491395115852356,0.2742393910884857,-0.853370189666748,0.9072628021240234,0.12799525260925293,0.08043484389781952,0.5394692420959473,-0.2411448210477829,-0.9753478169441223
0.4551758749999989,0.0034223749999999996,133.0,4.028397421784558,-0.3001375865133838,1.4352422490914742,0.0012368514125491756,0.00036765432036802597,0.0005897779056520073,0.0671988587024506,-0.06453487277030945,0.17642255127429962,-0.2033916711807251,0.8213945031166077,0.24709483981132507,-0.8350574970245361,0.9459623098373413,0.13478723168373108,0.138142928481102,0.5152771472930908,-0.29388028383255005,-0.9542524814605713
0.4551758749999989,0.0034223749999999996,133.0,3.988232802627773,-0.2617129027322642,1.4360246857494143,0.0013551441206738847,0.0004113704584461568,0.0006528789912660869,0.06717538153246819,-0.06412434577941895,0.1741345077753067,-0.20534752309322357,0.7927619218826294,0.21929551661014557,-0.8095118999481201,0.9848027229309082,0.14031317830085754,0.1977415233850479,0.4916195869445801,-0.348707377910614,-0.9309739470481873
0.4551758749999989,0.0034223749999999996,133.0,3.9475409521012836,-0.2221565559900218,1.4365545840339755,0.0015069813942864085,0.000461720389265657,0.0007347942147301216,0.06715852026447343,-0.06273782253265381,0.16912204027175903,-0.20769473910331726,0.7562780380249023,0.19297859072685242,-0.7855455875396729,1.0333800315856934,0.1486682891845703,0.26930442452430725,0.46486973762512207,-0.39243999123573303,-0.9027779698371887
0.4551758749999989,0.0034223749999999996,133.0,3.905606714825203,-0.18102242210735744,1.4365758459049451,0.0016529362284529417,0.0005081093934489469,0.0008219176829720486,0.06712489451353916,-0.060584694147109985,0.16605986654758453,-0.2083211988210678,0.7256168127059937,0.16076567769050598,-0.7617976665496826,1.0619903802871704,0.1537516713142395,0.33051976561546326,0.4345669746398926,-0.4328044056892395,-0.8770878314971924
0.4551758749999989,0.0034223749999999996,133.0,3.8638418843153337,-0.1392032276706251,1.4403698904918136,0.0017874598268437204,0.0005440014558156387,0.0009138824611280652,0.067055920575915,-0.05998852849006653,0.1598210483789444,-0.20928993821144104,0.6818149089813232,0.13695493340492249,-0.7269010543823242,1.1094183921813965,0.16383212804794312,0.4054636061191559,0.40896105766296387,-0.45364436507225037,-0.8433646559715271
0.4551758749999989,0.0034223749999999996,133.0,3.818364620151116,-0.09609513194383458,1.440947833339686,0.0018787166692256555,0.0005943226972355625,0.000982295296929754,0.0669286803576073,-0.061416566371917725,0.15856178104877472,-0.20877023041248322,0.6621260643005371,0.1214950904250145,-0.6953682899475098,1.127563714981079,0.16269570589065552,0.45218151807785034,0.39361023902893066,-0.48152679204940796,-0.8224599957466125
0.4551758749999989,0.0034223749999999996,133.0,3.76649128389241,-0.04596819859718136,1.4407752316476092,0.0018313660199217464,0.0005086002662278369,0.0010984316630431074,0.06660403278967329,-0.06535810232162476,0.1718149483203888,-0.20885084569454193,0.7261960506439209,0.15270361304283142,-0.7559595108032227,1.042527437210083,0.1397174894809723,0.34054431319236755,0.44771432876586914,-0.46834272146224976,-0.8637306094169617
0.4551758749999989,0.0034223749999999996,133.0,3.7028149001708184,0.017789777690038512,1.4391980420099386,0.0016789109025700485,-8.823880034554433e-5,0.0013078461617857776,0.06544165986460553,-0.09329554438591003,0.20079000294208527,-0.17294472455978394,0.8370477557182312,0.2913039028644562,-0.6982021331787109,0.49804213643074036,0.1296955645084381,-0.697907030582428,0.9160254001617432,0.18211685121059418,-0.9639958739280701
0.4551758749999989,0.0034223749999999996,133.0,3.6244103591612618,0.03842108119920874,1.4369158935578417,0.00010373457112179219,3.945926417354714e-6,7.929817062355092e-5,0.06412549807102183,-0.24225643277168274,0.06514142453670502,-0.008437812328338623,1.097630500793457,0.13202527165412903,-0.0984354019165039,0.007844979874789715,-0.25220006704330444,-1.1697148084640503,1.4121034145355225,0.9562873244285583,-0.8408223390579224
0.4551758749999989,0.0034223749999999996,133.0,3.6507279465464393,0.07869920159715749,1.4537708414025285,-0.0018335580791346766,9.579084763245732e-5,-0.0013062152762613256,0.06266432905931531,-0.2637843191623688,0.07482172548770905,0.029236167669296265,1.218893051147461,0.18943361937999725,-0.05661630630493164,-0.09366421401500702,-0.30139559507369995,-1.2656874656677246,1.4616494178771973,0.9504106044769287,-0.9116560220718384
0.4551758749999989,0.0034223749999999996,133.0,3.6701359502287683,0.13253662407195205,1.482309676231954,-0.002239800232525634,0.0006295584377954194,-0.0012857482536435556,0.06083069841902013,-0.3292277157306671,0.0642518699169159,0.13122305274009705,1.380342960357666,-0.2767059803009033,0.08800077438354492,-0.7512978315353394,-0.3602406978607178,-1.2946115732192993,1.5275654792785645,1.3940304517745972,-1.0103553533554077
0.4551758749999989,0.0034223749999999996,133.0,3.708466680001623,0.18073514877032537,1.4919120982558058,-0.0022775770910382818,0.0007114715368772566,-0.001207775853614864,0.06043306848456521,-0.3447937071323395,0.07243046164512634,0.16879060864448547,1.4965651035308838,-0.3379543721675873,0.10203099250793457,-0.8807942271232605,-0.3714118003845215,-1.316898226737976,1.4588096141815186,1.3240611553192139,-1.1143654584884644
0.4551758749999989,0.0034223749999999996,133.0,3.752638801636221,0.22485374713131825,1.49667653246946,-0.0021621984791050514,0.000671555608805475,-0.0011054442205412113,0.06044002979968337,-0.3404732048511505,0.08498628437519073,0.17995604872703552,1.5487852096557617,-0.2377142459154129,0.0589139461517334,-0.8751941919326782,-0.3836088180541992,-1.4096850156784058,1.409424066543579,1.2190333604812622,-1.1539366245269775
0.4551758749999989,0.0034223749999999996,133.0,3.7968404107180596,0.2670219452628375,1.5005775848200467,-0.0019845026147738303,0.0006168198894933969,-0.0009828573448351927,0.060510590111350265,-0.3362521231174469,0.09362732619047165,0.18514952063560486,1.5782742500305176,-0.16256584227085114,0.02101421356201172,-0.8655863404273987,-0.39018553495407104,-1.4905681610107422,1.3804993629455566,1.1605092287063599,-1.1766307353973389
0.4551758749999989,0.0034223749999999996,133.0,3.84051147268374,0.30749530144902026,1.5034265142764978,-0.0017634889739959927,0.0005445168565736143,-0.0008437457538725256,0.060645361850286156,-0.3299509584903717,0.09634070098400116,0.1919531524181366,1.60786771774292,-0.11981144547462463,-0.016490697860717773,-0.8926504254341125,-0.4117087125778198,-1.519730806350708,1.3211028575897217,1.1430037021636963,-1.184383749961853
0.4551758749999989,0.0034223749999999996,133.0,3.8833238026826224,0.34734129522824503,1.5054030791946216,-0.0016577982731024359,0.0005080343049948116,-0.0007800804067025521,0.06077833448109136,-0.32519087195396423,0.1005295068025589,0.19438299536705017,1.6234519481658936,-0.07348424941301346,-0.04938673973083496,-0.8916592597961426,-0.41881102323532104,-1.5689256191253662,1.2960271835327148,1.1259613037109375,-1.1927714347839355
0.4551758749999989,0.0034223749999999996,133.0,3.925666533838056,0.38675922736200485,1.5082547631205616,-0.00141909966191896,0.0004341122609087917,-0.0006520496778585344,0.060863682853172694,-0.3212345540523529,0.10540372878313065,0.1966693103313446,1.6402475833892822,-0.03690475597977638,-0.07654833793640137,-0.8952781558036804,-0.4228520393371582,-1.613317608833313,1.2740259170532227,1.108316421508789,-1.2054367065429688
0.4551758749999989,0.0034223749999999996,133.0,3.9671157982137673,0.42525260378099683,1.5111756952417983,-0.0012353476456382917,0.0003779673696730017,-0.000554428821180123,0.06095404426448982,-0.31799283623695374,0.1089572161436081,0.1963094174861908,1.647406816482544,0.0027191981207579374,-0.10281753540039062,-0.8866967558860779,-0.42488622665405273,-1.6618690490722656,1.2689268589019775,1.107316017150879,-1.210620641708374
0.4551758749999989,0.0034223749999999996,133.0,4.007482022501748,0.4630041854891856,1.5135881300192466,-0.0010051261463072394,0.00030685322159367754,-0.00043991155658657216,0.06104388160438912,-0.31338563561439514,0.1152728796005249,0.20251700282096863,1.6777269840240479,0.059176214039325714,-0.1391584873199463,-0.8954563140869141,-0.4424341320991516,-1.6904296875,1.2263522148132324,1.0687613487243652,-1.2231369018554688
0.4551758749999989,0.0034223749999999996,133.0,4.04708016905873,0.4995901305717011,1.5158008236347402,-0.0007989306085644867,0.00024516680080116795,-0.00034362579545199184,0.061139855832359216,-0.30936571955680847,0.1182011216878891,0.20464536547660828,1.6911587715148926,0.09420575946569443,-0.16730046272277832,-0.9003735184669495,-0.4515834450721741,-1.7167598009109497,1.2028145790100098,1.063987374305725,-1.227378249168396
0.4551758749999989,0.0034223749999999996,133.0,4.085709332351003,0.5355155248783314,1.518035126260243,-0.0006028052543398323,0.00018634910127227986,-0.00025488971811969116,0.06122180391783827,-0.3057045638561249,0.12120062112808228,0.20683225989341736,1.704504132270813,0.127348855137825,-0.19354534149169922,-0.9063669443130493,-0.46065306663513184,-1.739859700202942,1.1805875301361084,1.0584229230880737,-1.2316153049468994
0.4551758749999989,0.0034223749999999996,133.0,4.123426197373843,0.5707266819439136,1.520250634318123,-0.0004144153078406129,0.0001283659046338458,-0.00017148996198886905,0.0612937067743092,-0.3031472861766815,0.12330649793148041,0.20540937781333923,1.7062926292419434,0.14493021368980408,-0.21043157577514648,-0.9037247896194458,-0.45745277404785156,-1.7711173295974731,1.1813092231750488,1.0702452659606934,-1.2367666959762573
0.4551758749999989,0.0034223749999999996,133.0,4.160209704664811,0.6049796441346229,1.5223051111693044,-0.0002324049688226471,7.215440733728653e-5,-9.435110496240872e-5,0.06136296318451234,-0.29946401715278625,0.12831689417362213,0.2118198573589325,1.7326860427856445,0.18265315890312195,-0.24002766609191895,-0.9202512502670288,-0.4751279950141907,-1.7753533124923706,1.1383802890777588,1.036837100982666,-1.245222806930542
0.4551758749999989,0.0034223749999999996,133.0,4.195678838860556,0.6381439493626986,1.5237565622733305,-6.91001010070628e-5,2.1699006020353405e-5,-2.7841471551347388e-5,0.061449023991964814,-0.2967785894870758,0.130803182721138,0.21368184685707092,1.7435023784637451,0.208073690533638,-0.26111268997192383,-0.9260010719299316,-0.48261553049087524,-1.790259599685669,1.1218788623809814,1.0341538190841675,-1.2485499382019043
0.4551758749999989,0.0034223749999999996,133.0,4.230051725059906,0.6704289038297322,1.524964290152908,0.00014900889798424705,-4.730856575136026e-5,5.9399978829447486e-5,0.061497912112305694,-0.2946636378765106,0.13078463077545166,0.21070542931556702,1.7374169826507568,0.20549297332763672,-0.2681691646575928,-0.9310486912727356,-0.47324252128601074,-1.8129016160964966,1.129546880722046,1.0595862865447998,-1.2520860433578491
0.4551758749999989,0.0034223749999999996,133.0,4.264926125389171,0.7001270634205503,1.5253088296534085,0.00035155407890634984,-0.00011117309040540212,0.00013604351384299135,0.06168865988621481,-0.2900780737400055,0.1312367469072342,0.21482816338539124,1.7502917051315308,0.2282051295042038,-0.29480981826782227,-0.9495929479598999,-0.4889214038848877,-1.8038219213485718,1.0893495082855225,1.0552531480789185,-1.249161958694458
0.4551758749999989,0.0034223749999999996,133.0,4.297768050207812,0.7310565528601821,1.5270808975996275,0.0005556459763018794,-0.0001771648920722985,0.00021161882578045314,0.061735440916343136,-0.2874428927898407,0.13615263998508453,0.22007635235786438,1.77205491065979,0.26054561138153076,-0.31935882568359375,-0.9605105519294739,-0.5030497908592224,-1.8054735660552979,1.0562803745269775,1.0240614414215088,-1.2566004991531372
0.4551758749999989,0.0034223749999999996,133.0,4.33008857122724,0.7614082176461615,1.529321734925042,0.0007984464948564511,-0.00025568626397609226,0.0002984010573088818,0.06174556083748901,-0.2858220636844635,0.13602612912654877,0.2154735028743744,1.7623263597488403,0.26335829496383667,-0.32508206367492676,-0.9561785459518433,-0.4912065863609314,-1.8328609466552734,1.0747950077056885,1.0552703142166138,-1.2590656280517578
0.4551758749999989,0.0034223749999999996,133.0,4.3616428232900954,0.7911336754341568,1.5318213204195616,0.0009721915480157638,-0.00031182281024729787,0.00035582120685557963,0.06177572013827927,-0.28379425406455994,0.14000341296195984,0.21830102801322937,1.7772480249404907,0.2960808277130127,-0.3462691307067871,-0.9580838084220886,-0.5014944672584534,-1.8417720794677734,1.056330680847168,1.0393110513687134,-1.2636480331420898
0.4551758749999989,0.0034223749999999996,133.0,4.392230714474557,0.8197278551126168,1.5345269447402148,0.0011948823967738954,-0.0003863811182925985,0.00042632790664376636,0.06178538279172177,-0.2810550034046173,0.14336663484573364,0.2233426868915558,1.7952234745025635,0.3162032663822174,-0.3654358386993408,-0.9763343930244446,-0.5148218274116516,-1.8317240476608276,1.019573450088501,1.0121519565582275,-1.2680745124816895
0.4551758749999989,0.0034223749999999996,133.0,4.421892377970262,0.8469681949907533,1.5359242847877916,0.0013631494333507007,-0.0004447157604724701,0.0004806612870524776,0.061846876227498335,-0.27851220965385437,0.1464184820652008,0.22634533047676086,1.8076344728469849,0.3425823748111725,-0.38642215728759766,-0.980834424495697,-0.5248398184776306,-1.8328702449798584,0.9962923526763916,0.9982132911682129,-1.2704099416732788
0.4551758749999989,0.0034223749999999996,133.0,4.450687184803517,0.8735039160362136,1.5375778950426755,0.0015516929167255953,-0.0005100352029799601,0.000539786201624364,0.061889150769766234,-0.2763555943965912,0.14666567742824554,0.22550693154335022,1.8066686391830444,0.3503960371017456,-0.3970978260040283,-0.9851255416870117,-0.523220956325531,-1.8415018320083618,0.9929673671722412,1.0117828845977783,-1.2712113857269287
0.4551758749999989,0.0034223749999999996,133.0,4.478715375796137,0.8993687114153031,1.539259166062471,0.0017776897804746884,-0.0005867668101827159,0.000610870551374307,0.0619334936384497,-0.27469947934150696,0.14894109964370728,0.22678890824317932,1.814365267753601,0.3735349774360657,-0.4135284423828125,-0.9847909808158875,-0.5291984677314758,-1.8487852811813354,0.9824948310852051,1.0095839500427246,-1.2729771137237549
0.4551758749999989,0.0034223749999999996,133.0,4.505735552387406,0.9242584014239238,1.5409317884397198,0.002009433152552772,-0.0006665274135688916,0.0006769636520152334,0.06195627525644631,-0.272514671087265,0.1481749415397644,0.22649654746055603,1.8131335973739624,0.37217286229133606,-0.42020082473754883,-0.9971166849136353,-0.5279317498207092,-1.848360300064087,0.9736731052398682,1.0214722156524658,-1.2731046676635742
0.4551758749999989,0.0034223749999999996,133.0,4.5318182622873895,0.9480644392489777,1.542346011571818,0.002262587183571319,-0.0007582061492256725,0.0007533661312175707,0.062001949378191444,-0.27059802412986755,0.15087935328483582,0.22980675101280212,1.825088620185852,0.3923622965812683,-0.4373183250427246,-1.0037637948989868,-0.5376145243644714,-1.8440277576446533,0.9505572319030762,1.0057270526885986,-1.2752827405929565
0.4551758749999989,0.0034223749999999996,133.0,4.5569717092376445,0.9712630945026246,1.5439057403758627,0.0024495400779114196,-0.0008282195775196524,0.0008063483464588088,0.062039006990543315,-0.26904383301734924,0.15098872780799866,0.22961798310279846,1.8252915143966675,0.3978201448917389,-0.44558119773864746,-1.0092642307281494,-0.5373123288154602,-1.847961664199829,0.9462478160858154,1.0155727863311768,-1.2758909463882446
0.4551758749999989,0.0034223749999999996,133.0,4.581238211562741,0.9937042506119698,1.5455225567483575,0.0026910951716550223,-0.0009124333243142923,0.0008716587283290837,0.06206648164458995,-0.26769110560417175,0.15207238495349884,0.23094961047172546,1.8305459022521973,0.41089412569999695,-0.45691537857055664,-1.0141576528549194,-0.5420891642570496,-1.8484995365142822,0.9354517459869385,1.015425682067871,-1.276386022567749
0.4551758749999989,0.0034223749999999996,133.0,4.604736795982573,1.0155708363112983,1.5472094971448327,0.0029325745220035357,-0.0010025480017037,0.000938810027055672,0.06210093909721812,-0.2662535011768341,0.1542048305273056,0.2337150275707245,1.8403743505477905,0.42566460371017456,-0.4694178104400635,-1.021989345550537,-0.550122082233429,-1.8436108827590942,0.9160301685333252,1.0021824836730957,-1.2780967950820923
0.4551758749999989,0.0034223749999999996,133.0,4.627321233784608,1.0360023897189767,1.5480907424656927,0.0031882006211173784,-0.0010976795670226084,0.0010102202439438244,0.062122182121592595,-0.26481732726097107,0.15329597890377045,0.23092666268348694,1.832805871963501,0.42435842752456665,-0.4739983081817627,-1.0226895809173584,-0.5415979027748108,-1.8557541370391846,0.9260473251342773,1.0271170139312744,-1.2793140411376953
0.4551758749999989,0.0034223749999999996,133.0,4.649040133307969,1.0556425256626871,1.5493440034415167,0.003442576259157746,-0.0011986825195427373,0.001080047212357893,0.06215367777493675,-0.2632451355457306,0.15379002690315247,0.23195478320121765,1.8358074426651,0.4294678270816803,-0.48241329193115234,-1.0310657024383545,-0.5439659953117371,-1.8522391319274902,0.9143028259277344,1.0267736911773682,-1.2799575328826904
0.4551758749999989,0.0034223749999999996,133.0,4.66959069374073,1.0753632060310943,1.5514088511161397,0.0036460699928206695,-0.0012725287007234387,0.0011255010449530316,0.062161907357102926,-0.2627393305301666,0.15530559420585632,0.2334272563457489,1.8421636819839478,0.44231459498405457,-0.49062228202819824,-1.034529447555542,-0.5490067601203918,-1.8534953594207764,0.9067671298980713,1.02268648147583,-1.2812588214874268
0.4551758749999989,0.0034223749999999996,133.0,4.689471756076262,1.093582505418546,1.5525526773638054,0.003871000231664074,-0.0013595588093089344,0.0011822434890815935,0.062187434332776834,-0.2614431083202362,0.1568058729171753,0.2357197105884552,1.8493114709854126,0.4517858624458313,-0.500591516494751,-1.0422883033752441,-0.5548686385154724,-1.8478983640670776,0.8901255130767822,1.012486219406128,-1.2824773788452148
0.4551758749999989,0.0034223749999999996,133.0,4.708669774803385,1.1103286874552534,1.5529899428169287,0.004060574346545748,-0.001441091570304437,0.0012332705875272945,0.06223366941255653,-0.2597312033176422,0.1561417281627655,0.23559466004371643,1.8472464084625244,0.4512810707092285,-0.5068285465240479,-1.0500816106796265,-0.5534786581993103,-1.8469241857528687,0.8841166496276855,1.0218619108200073,-1.2818902730941772
0.4551758749999989,0.0034223749999999996,133.0,4.7266061273303706,1.1275965760526763,1.5545965112696203,0.004291401991586953,-0.0015276994644886268,0.001290926180249666,0.06224509373470918,-0.2594980299472809,0.15757903456687927,0.23520204424858093,1.849008321762085,0.4620949625968933,-0.513413667678833,-1.0470603704452515,-0.5525551438331604,-1.8578360080718994,0.8887910842895508,1.0271316766738892,-1.284683346748352
0.4551758749999989,0.0034223749999999996,133.0,4.744000077282576,1.1430728360872302,1.5558769512892785,0.0044915917444402894,-0.0016117704624501283,0.0013315160074519072,0.0622727500949278,-0.25803515315055847,0.15837262570858002,0.23727044463157654,1.8545527458190918,0.4690297842025757,-0.5214009284973145,-1.0553512573242188,-0.5583202242851257,-1.8502624034881592,0.8712108135223389,1.0181388854980469,-1.2843949794769287
0.4551758749999989,0.0034223749999999996,133.0,4.760436270529235,1.1575626085481954,1.5564653279423344,0.004685939793536853,-0.0016952315841432238,0.0013795640428549642,0.06231309071144405,-0.25627419352531433,0.1579795926809311,0.2376846969127655,1.8538696765899658,0.4727485477924347,-0.5288023948669434,-1.0607064962387085,-0.5593982338905334,-1.8467289209365845,0.8615555763244629,1.0226815938949585,-1.2826809883117676
0.4551758749999989,0.0034223749999999996,133.0,4.776127240818463,1.171147803816762,1.5568062545857537,0.004832490964609058,-0.0017623857195248535,0.0014171054038706358,0.06236688748918188,-0.2539951503276825,0.15655991435050964,0.23750343918800354,1.8503869771957397,0.4764121472835541,-0.5360398292541504,-1.0648266077041626,-0.5605389475822449,-1.8412829637527466,0.8508403301239014,1.0327163934707642,-1.278136968612671
0.4551758749999989,0.0034223749999999996,133.0,4.790963272630611,1.1842947642056967,1.5575319994657684,0.00496580932742994,-0.001823774330948075,0.0014444454715030535,0.06241261174463297,-0.2518194019794464,0.1573372483253479,0.23853960633277893,1.851787805557251,0.4827588200569153,-0.5452654361724854,-1.0674010515213013,-0.5630624890327454,-1.8333309888839722,0.8347659111022949,1.0251898765563965,-1.2769885063171387
0.4551758749999989,0.0034223749999999996,133.0,4.804785281226306,1.1966606498800645,1.5582432857778266,0.005105951559052953,-0.0018911067009806414,0.0014780890383672214,0.062456376217365724,-0.24896207451820374,0.1558540314435959,0.2388879358768463,1.8487404584884644,0.4823201298713684,-0.5515162944793701,-1.0744458436965942,-0.5642464756965637,-1.8215423822402954,0.8160953521728516,1.0268443822860718,-1.2727631330490112
0.4551758749999989,0.0034223749999999996,133.0,4.817415016751661,1.2085203184380102,1.5589544543879743,0.0052562320612610175,-0.0019595736640538454,0.0015158361279140706,0.0624957069450997,-0.2475697100162506,0.1559964120388031,0.23996463418006897,1.8502899408340454,0.4937756359577179,-0.5605485439300537,-1.0730657577514648,-0.5687093138694763,-1.818278193473816,0.8044755458831787,1.0267351865768433,-1.2698543071746826
0.4551758749999989,0.0034223749999999996,133.0,4.828798928509259,1.2207607185413183,1.5602020413973505,0.005422759849709872,-0.002011515564625609,0.0015528576710204846,0.06250211732373212,-0.24758973717689514,0.15865519642829895,0.24058309197425842,1.8550714254379272,0.5128257274627686,-0.5702300071716309,-1.0619736909866333,-0.571551501750946,-1.8271714448928833,0.8047342300415039,1.0220682621002197,-1.2718232870101929
0.4551758749999989,0.0034223749999999996,133.0,4.839180295128541,1.2327499826300314,1.5623318674621773,0.005582575071000861,-0.0020713346749333394,0.0015838021233271576,0.0625015623149396,-0.2478354275226593,0.1629035472869873,0.24325677752494812,1.8665708303451538,0.5312023162841797,-0.5790586471557617,-1.05531907081604,-0.5786682963371277,-1.8275351524353027,0.7930967807769775,0.9954710006713867,-1.2760546207427979
0.4551758749999989,0.0034223749999999996,133.0,4.8488784583136635,1.2431958245073762,1.5634282474985763,0.005765774691020388,-0.002130902314174534,0.0016278628183437035,0.06251403776577753,-0.2483285367488861,0.16681572794914246,0.2455078661441803,1.8763691186904907,0.5535730123519897,-0.589256763458252,-1.0449188947677612,-0.5863134264945984,-1.8306670188903809,0.7859952449798584,0.9766634702682495,-1.2781164646148682
0.4551758749999989,0.0034223749999999996,133.0,4.857724059498771,1.254026432815833,1.5659836242086134,0.005995125220241108,-0.002257148130844571,0.0017169396435264507,0.062405597927806124,-0.2495335042476654,0.16892971098423004,0.24343112111091614,1.8769811391830444,0.5702171921730042,-0.5917716026306152,-1.0280957221984863,-0.5827192664146423,-1.8505825996398926,0.8048274517059326,0.9848896265029907,-1.2824790477752686
0.4551758749999989,0.0034223749999999996,133.0,4.865407963999617,1.2633638919844374,1.5672206510923434,0.006278207809191591,-0.002347932853924002,0.0017900021175118032,0.06240470071869924,-0.2504633963108063,0.17290954291820526,0.24496296048164368,1.8862477540969849,0.5913670659065247,-0.5991232395172119,-1.0162924528121948,-0.5888686776161194,-1.8557188510894775,0.8020083904266357,0.9667636752128601,-1.2855195999145508
0.4551758749999989,0.0034223749999999996,133.0,4.872457424459631,1.2712006887249088,1.568121589044362,0.006704472960583878,-0.002499020395054745,0.001901987354877821,0.062414470724264405,-0.2506762444972992,0.1752660870552063,0.24610307812690735,1.8919442892074585,0.6062480211257935,-0.6052322387695312,-1.0091243982315063,-0.5934064984321594,-1.855929970741272,0.7964763641357422,0.9545193910598755,-1.2866227626800537
0.4551758749999989,0.0034223749999999996,133.0,4.878565309574938,1.2784570411282605,1.568905794647784,0.00741601680231415,-0.0027550655944298943,0.002095691860612962,0.06241926228973871,-0.251505047082901,0.1782580018043518,0.2466963827610016,1.8984894752502441,0.6250124573707581,-0.6110584735870361,-0.9977034330368042,-0.5975407958030701,-1.8596768379211426,0.7962958812713623,0.9423620700836182,-1.2890058755874634
0.4551758749999989,0.0034223749999999996,133.0,4.884064593256395,1.2843698931658554,1.5696278497666938,0.009025345203233207,-0.0033594726751734476,0.0025282592168086445,0.062432176643082045,-0.2508634030818939,0.17953716218471527,0.24889972805976868,1.9051799774169922,0.6314343214035034,-0.6171286106109619,-1.0028382539749146,-0.6016141772270203,-1.8444644212722778,0.7766895294189453,0.9198132157325745,-1.291473627090454
0.4551758749999989,0.0034223749999999996,133.0,4.8884403206703055,1.2887784589283038,1.5703080521669452,0.01668957962447508,-0.006368759063146579,0.004584057112396835,0.06246625976847331,-0.24989119172096252,0.1761428415775299,0.24958536028862,1.9114723205566406,0.6379836201667786,-0.6266927719116211,-1.0215734243392944,-0.5974242091178894,-1.8104592561721802,0.753209114074707,0.91002357006073,-1.3019602298736572
0.4551758749999989,0.0034223749999999996,133.0,4.912922308085125,-1.1922374779630314,1.4278913249574432,-0.014730224136115577,-0.0013782413683245105,-0.006470160135111578,0.06685931271435304,-0.07901391386985779,0.2139454483985901,-0.07719346880912781,1.1745092868804932,0.5785778760910034,-1.230614423751831,-0.21534156799316406,-0.02886056900024414,-0.9355023503303528,0.727919340133667,1.1403005123138428,-1.146498441696167
0.4551758749999989,0.0034223749999999996,133.0,4.908129497168932,-1.1867717747358812,1.427953716965457,-0.007929675628399697,-0.0007532474219629429,-0.003540730852600037,0.06682754196198883,-0.08099305629730225,0.21653923392295837,-0.07680889964103699,1.176790475845337,0.5863789916038513,-1.2310466766357422,-0.2018720656633377,-0.031502723693847656,-0.9332252144813538,0.7592833042144775,1.1161179542541504,-1.1456890106201172
0.4551758749999989,0.0034223749999999996,133.0,4.90219642778832,-1.1809358187639005,1.4276467609904904,-0.006513116145358407,-0.0006407421223491083,-0.0029141075294354776,0.06680108186190861,-0.08315160870552063,0.21741345524787903,-0.07852092385292053,1.1804165840148926,0.5939847230911255,-1.2205150127410889,-0.18138407170772552,-0.034152448177337646,-0.9311500191688538,0.7681140899658203,1.0972669124603271,-1.1465709209442139
0.4551758749999989,0.0034223749999999996,133.0,4.8955353325765385,-1.1747103167507646,1.4270711825332911,-0.005888325594196242,-0.0006154465202634694,-0.0026386566122346016,0.06677931000505376,-0.08485549688339233,0.21734294295310974,-0.0814199149608612,1.1821048259735107,0.6012058854103088,-1.2076034545898438,-0.15450523793697357,-0.03500300645828247,-0.926598846912384,0.7744524478912354,1.0812809467315674,-1.1474342346191406
0.4551758749999989,0.0034223749999999996,133.0,4.887834248586685,-1.1675506180991553,1.4264375192032377,-0.005525618612567782,-0.000617284461000829,-0.0024782929053582528,0.06675184139204157,-0.08722913265228271,0.21796268224716187,-0.08358806371688843,1.1859066486358643,0.6029015183448792,-1.1964607238769531,-0.1306883692741394,-0.03719007968902588,-0.9201921224594116,0.7801885604858398,1.0583604574203491,-1.1489508152008057
0.4551758749999989,0.0034223749999999996,133.0,4.878842591409263,-1.1615701385349244,1.4231899087954136,-0.005270199576389815,-0.0006598041799593334,-0.0023581679816406503,0.06679634591752952,-0.08696910738945007,0.2162117213010788,-0.08756458759307861,1.1809847354888916,0.6049932241439819,-1.184816598892212,-0.09797818958759308,-0.03388988971710205,-0.9058185815811157,0.7820258140563965,1.046260952949524,-1.1475028991699219
0.4551758749999989,0.0034223749999999996,133.0,4.8694404867690695,-1.1531867668273692,1.4220989857826838,-0.005058083895106341,-0.0006930607372241792,-0.0022668907512754318,0.06676522444684233,-0.0890512466430664,0.21480391919612885,-0.09321829676628113,1.1807951927185059,0.6148069500923157,-1.1633012294769287,-0.04872360825538635,-0.03341782093048096,-0.8945682048797607,0.7890939712524414,1.0236865282058716,-1.147960901260376
0.4551758749999989,0.0034223749999999996,133.0,4.859268430499833,-1.143581059997311,1.4214885041192784,-0.004905111914671181,-0.0006909246058427855,-0.002187192508491723,0.06674603040988399,-0.09133291244506836,0.21533945202827454,-0.09560608863830566,1.1836565732955933,0.6125380396842957,-1.1526854038238525,-0.0251162089407444,-0.03453099727630615,-0.8847754001617432,0.7943875789642334,0.9977201223373413,-1.1495753526687622
0.4551758749999989,0.0034223749999999996,133.0,4.848124993783908,-1.1333746150165833,1.420484593824758,-0.00476228199918578,-0.0007249074321906997,-0.0021232488185444097,0.06671047932832525,-0.09374600648880005,0.21403111517429352,-0.10136875510215759,1.1831786632537842,0.6164188981056213,-1.1314048767089844,0.026538852602243423,-0.033457398414611816,-0.868671715259552,0.8021450042724609,0.9659743905067444,-1.1502636671066284
0.4551758749999989,0.0034223749999999996,133.0,4.836088285812142,-1.1224546702931506,1.4196040105516443,-0.004620534323909264,-0.0007461258498367916,-0.0020561120918873035,0.06668457814525022,-0.0964033305644989,0.21322917938232422,-0.10636374354362488,1.1839954853057861,0.6210322380065918,-1.1119439601898193,0.07146544754505157,-0.033730149269104004,-0.8545486330986023,0.8091330528259277,0.9365062713623047,-1.1508491039276123
0.4551758749999989,0.0034223749999999996,133.0,4.823576051063621,-1.1105923260311408,1.4190259721857135,-0.004487356475031074,-0.0007528254100381319,-0.001994886564447907,0.06667856645556751,-0.09766703844070435,0.21284466981887817,-0.10968753695487976,1.1827683448791504,0.616969108581543,-1.1012709140777588,0.098680779337883,-0.031746625900268555,-0.8396066427230835,0.8134925365447998,0.9118714928627014,-1.151533842086792
0.4551758749999989,0.0034223749999999996,133.0,4.810384436561127,-1.0980192342265314,1.4184906214672455,-0.0043521920323415265,-0.0007540186888404626,-0.0019324357115809315,0.06667246558388798,-0.09839072823524475,0.21255537867546082,-0.11240604519844055,1.1813197135925293,0.617874801158905,-1.0930938720703125,0.11884202063083649,-0.030207276344299316,-0.8270264267921448,0.816004753112793,0.8981751799583435,-1.1515707969665527
0.4551758749999989,0.0034223749999999996,133.0,4.796864658889708,-1.0843411862690624,1.4185348619843663,-0.004235087148905134,-0.000737038756479275,-0.0018778863253889418,0.06669342004756053,-0.09791970252990723,0.2120838612318039,-0.11481013894081116,1.1769812107086182,0.6110568642616272,-1.0888917446136475,0.13321331143379211,-0.025554418563842773,-0.8116641044616699,0.8170897960662842,0.8821606636047363,-1.1517986059188843
0.4551758749999989,0.0034223749999999996,133.0,4.7827803056026585,-1.070544627998821,1.4183203353613678,-0.004081365372900378,-0.0007258590105513495,-0.0018131469595507796,0.06673116713280225,-0.0962756872177124,0.21094883978366852,-0.11748635768890381,1.1703031063079834,0.6096003651618958,-1.085012435913086,0.14628128707408905,-0.019701361656188965,-0.7973448038101196,0.815131664276123,0.873913049697876,-1.1510093212127686
0.4551758749999989,0.0034223749999999996,133.0,4.767247584060931,-1.055274634511285,1.4181829299063362,-0.0038924697834375626,-0.0007055972405353185,-0.0017324148257774046,0.06674869092303287,-0.09552532434463501,0.21045152842998505,-0.11983302235603333,1.1657154560089111,0.6048033237457275,-1.080521821975708,0.16038967669010162,-0.015545010566711426,-0.7827309370040894,0.813927412033081,0.8566865921020508,-1.150545358657837
0.4551758749999989,0.0034223749999999996,133.0,4.750991873493442,-1.0393274900584588,1.4182014901920796,-0.003716806346054252,-0.0006832408042821716,-0.0016551194205586999,0.06676990779581285,-0.09528905153274536,0.21117162704467773,-0.12063536047935486,1.1644606590270996,0.6021015644073486,-1.078324556350708,0.16487069427967072,-0.014455080032348633,-0.7728050351142883,0.8109447956085205,0.8398280143737793,-1.1502764225006104
0.4551758749999989,0.0034223749999999996,133.0,4.733872880056607,-1.0223661759757376,1.4182588618158343,-0.003518316197331319,-0.0006543415053296556,-0.0015675592312292277,0.06679035080369597,-0.0942545235157013,0.20997464656829834,-0.12407433986663818,1.1579511165618896,0.5956515669822693,-1.0719420909881592,0.18717877566814423,-0.009012818336486816,-0.7546319365501404,0.8089618682861328,0.8164306879043579,-1.1492608785629272
0.4551758749999989,0.0034223749999999996,133.0,4.716690970825687,-1.0050226178580741,1.4185455618427862,-0.0033279307534118474,-0.0006184639937659495,-0.0014848167684185219,0.06684303776767855,-0.09141626954078674,0.2100125402212143,-0.12440109252929688,1.151373267173767,0.5830175280570984,-1.0773613452911377,0.18069954216480255,-0.003112316131591797,-0.7414188981056213,0.8009023666381836,0.8050813674926758,-1.1485337018966675
0.4551758749999989,0.0034223749999999996,133.0,4.697686816485411,-0.9861576581387649,1.4187004971308723,-0.003134695602465898,-0.0005851385681284026,-0.0013987257357419831,0.06685445483326982,-0.0915209949016571,0.21130751073360443,-0.1249922513961792,1.150731086730957,0.5729172825813293,-1.0750279426574707,0.18567882478237152,-0.0023592114448547363,-0.7277122139930725,0.7966651916503906,0.7764354944229126,-1.1484596729278564
0.4551758749999989,0.0034223749999999996,133.0,4.678223490630214,-0.9670895454143522,1.418533551556164,-0.002958900849490941,-0.0005697997733705381,-0.0013212486255315952,0.06687215221691407,-0.09108850359916687,0.20996926724910736,-0.12931326031684875,1.14412522315979,0.568724513053894,-1.0643835067749023,0.21913784742355347,0.0023876428604125977,-0.7041928768157959,0.7947103977203369,0.7439927458763123,-1.1466485261917114
0.4551758749999989,0.0034223749999999996,133.0,4.658362977595187,-0.9469165408702535,1.418908249876333,-0.0027318199989677092,-0.0005230704163147869,-0.0012199999847209687,0.06691350406211204,-0.08882278203964233,0.21041469275951385,-0.12973785400390625,1.1384302377700806,0.5548528432846069,-1.067411184310913,0.21620023250579834,0.007514476776123047,-0.688462495803833,0.7862555980682373,0.7252380847930908,-1.145972728729248
0.4551758749999989,0.0034223749999999996,133.0,4.636736425682847,-0.926774094004024,1.4183118527152352,-0.00250334116684806,-0.0005163294892590012,-0.0011199837603090815,0.06690689407594246,-0.08994939923286438,0.2077077329158783,-0.13702943921089172,1.1307756900787354,0.5622835159301758,-1.0457236766815186,0.27952536940574646,0.011232882738113403,-0.6578807830810547,0.7881951332092285,0.6801226139068604,-1.1421985626220703
0.4551758749999989,0.0034223749999999996,133.0,4.614891862148658,-0.9053930560198296,1.418208928106263,-0.002288935137707972,-0.0004814410978569321,-0.0010252537777613638,0.06693371408974329,-0.08806949853897095,0.2052353471517563,-0.14194434881210327,1.1195464134216309,0.55823814868927,-1.0367214679718018,0.31462401151657104,0.01880773901939392,-0.6301822662353516,0.7828974723815918,0.6501964330673218,-1.1386678218841553
0.4551758749999989,0.0034223749999999996,133.0,4.591989957423144,-0.8828040977253512,1.418216084056035,-0.0020778913600244713,-0.00044416422016702907,-0.0009287761657289902,0.06694733438891841,-0.08788484334945679,0.20607712864875793,-0.1433042585849762,1.1162850856781006,0.5455538630485535,-1.0325663089752197,0.3262266516685486,0.02101263403892517,-0.610177755355835,0.7769038677215576,0.613869845867157,-1.1374235153198242
0.4551758749999989,0.0034223749999999996,133.0,4.568002320561175,-0.8585552164499293,1.4184349869666173,-0.001911330852972383,-0.0004039595170823969,-0.000851614324357144,0.06695228414782313,-0.08769947290420532,0.20761419832706451,-0.14376631379127502,1.114431619644165,0.5322954058647156,-1.029395341873169,0.3304881155490875,0.02216920256614685,-0.5927707552909851,0.7687923908233643,0.5790448188781738,-1.1365002393722534
0.4551758749999989,0.0034223749999999996,133.0,4.544083765191959,-0.8342697101012193,1.418796187305134,-0.0017034612608777249,-0.00035754594754212454,-0.0007601810760169653,0.06699956679271894,-0.08381718397140503,0.20716224610805511,-0.14468565583229065,1.1046526432037354,0.5186240673065186,-1.0331861972808838,0.32905617356300354,0.02976974844932556,-0.5734013319015503,0.7551009654998779,0.5622270703315735,-1.1343059539794922
0.4551758749999989,0.0034223749999999996,133.0,4.518586661317212,-0.8093811828069432,1.4188055692387398,-0.0015106174803392602,-0.0003266780168319401,-0.0006758116998055294,0.06701773405135206,-0.08280661702156067,0.2061910480260849,-0.14815819263458252,1.095912218093872,0.5076177716255188,-1.0254127979278564,0.35625630617141724,0.03549101948738098,-0.5457683205604553,0.7481369972229004,0.5224690437316895,-1.1312336921691895
0.4551758749999989,0.0034223749999999996,133.0,4.492178768184962,-0.7839870436329315,1.4186684493179353,-0.0013205112624273651,-0.000296203873727661,-0.0005917250219604876,0.06703183845371807,-0.08324205875396729,0.2044314742088318,-0.1534786820411682,1.0863778591156006,0.5041225552558899,-1.0104248523712158,0.40404725074768066,0.03980153799057007,-0.5116021633148193,0.7440376281738281,0.47110575437545776,-1.1259894371032715
0.4551758749999989,0.0034223749999999996,133.0,4.465303635143221,-0.7576219604221551,1.4186484818619947,-0.0011634000484764316,-0.00026849917075238885,-0.000521142879749184,0.06705458151203393,-0.08212432265281677,0.20308004319667816,-0.15744242072105408,1.074963092803955,0.4911711812019348,-1.001115083694458,0.43800273537635803,0.04632854461669922,-0.4767948091030121,0.7355868816375732,0.4239889979362488,-1.1210185289382935
0.4551758749999989,0.0034223749999999996,133.0,4.437638398508037,-0.7305209004325709,1.4186415009351692,-0.0010232041316396397,-0.00024152169470700063,-0.00045924915387420223,0.06708900793053747,-0.08104294538497925,0.20160089433193207,-0.16156435012817383,1.062522292137146,0.477509468793869,-0.9909241199493408,0.47399574518203735,0.05320185422897339,-0.439760684967041,0.7265000343322754,0.37513843178749084,-1.1153494119644165
0.4551758749999989,0.0034223749999999996,133.0,4.408723244648872,-0.7023006658942461,1.4184896353822625,-0.0008434846860798688,-0.0002043425141705346,-0.0003780157951722608,0.0670953859202873,-0.07921335101127625,0.19964686036109924,-0.16567590832710266,1.0481362342834473,0.4673776626586914,-0.9818034172058105,0.5100955963134766,0.06040027737617493,-0.401807576417923,0.7146584987640381,0.33032575249671936,-1.1081078052520752
0.4551758749999989,0.0034223749999999996,133.0,4.378970105773524,-0.6735062454150149,1.41846143868608,-0.0007066810921493367,-0.0001767724697794984,-0.0003168373980916786,0.06710588756009109,-0.07910716533660889,0.19780845940113068,-0.17049703001976013,1.033966064453125,0.45575258135795593,-0.9678144454956055,0.5569190382957458,0.0663924515247345,-0.358976274728775,0.7056245803833008,0.27192145586013794,-1.0998138189315796
0.4551758749999989,0.0034223749999999996,133.0,4.348483073616567,-0.6437712635461046,1.4185257792522818,-0.0005294000185695093,-0.00013563132683269092,-0.00023788079821588802,0.06712158144510028,-0.07890519499778748,0.19546477496623993,-0.17560294270515442,1.017606496810913,0.4449462294578552,-0.9533917903900146,0.6077103614807129,0.07275518774986267,-0.3128698468208313,0.6956648826599121,0.21216580271720886,-1.0897208452224731
0.4551758749999989,0.0034223749999999996,133.0,4.317480144151512,-0.6129779499386216,1.4187962339677205,-0.0003319304234221809,-8.519057529310705e-5,-0.00014969779621809941,0.06715896980482142,-0.07714575529098511,0.1946093887090683,-0.17816224694252014,1.0032621622085571,0.4267861545085907,-0.9453339576721191,0.6341189742088318,0.07881417870521545,-0.2748449146747589,0.6799571514129639,0.16224808990955353,-1.0812736749649048
0.4551758749999989,0.0034223749999999996,133.0,4.285519657890576,-0.5814763387782859,1.4190415602942288,-0.0001547960407619226,-4.026976903981957e-5,-7.017023095233065e-5,0.06718813509014795,-0.07475611567497253,0.19272078573703766,-0.18138396739959717,0.9853264689445496,0.4081679880619049,-0.9377357959747314,0.6662624478340149,0.08657243847846985,-0.23238734900951385,0.662818193435669,0.11209211498498917,-1.07099449634552
0.4551758749999989,0.0034223749999999996,133.0,4.252561158320862,-0.5497794196134688,1.4193510995915424,1.711683574548567e-5,4.601719372863623e-6,7.808097512759078e-6,0.06720697255330706,-0.07259371876716614,0.1895638406276703,-0.18569639325141907,0.9637798070907593,0.39586904644966125,-0.9285745620727539,0.710105299949646,0.09494706988334656,-0.18583433330059052,0.646127462387085,0.061299584805965424,-1.057793140411377
0.4551758749999989,0.0034223749999999996,133.0,4.2187094438983905,-0.5167403046719005,1.4195793520014088,0.00018869880919244623,5.1667502802335844e-5,8.644105358697776e-5,0.0672199952071037,-0.07112979888916016,0.1874445527791977,-0.18913757801055908,0.9437884092330933,0.3757970929145813,-0.9173948764801025,0.7489098310470581,0.10212832689285278,-0.13824135065078735,0.6288607120513916,0.004175733774900436,-1.0448521375656128
0.4551758749999989,0.0034223749999999996,133.0,4.183915030761322,-0.48232529930834755,1.4196232992836992,0.000374238671911247,0.00010300297260713119,0.00017200425519205847,0.06722282068051258,-0.0697217583656311,0.1870211511850357,-0.1907445788383484,0.9285640120506287,0.35462555289268494,-0.9071056842803955,0.7712268829345703,0.10627517104148865,-0.09904035925865173,0.6091108322143555,-0.04845990240573883,-1.0335732698440552
0.4551758749999989,0.0034223749999999996,133.0,4.148284495337694,-0.44761778226635623,1.4198761342067363,0.0005192310971586145,0.00014524197352047054,0.00024011623919906026,0.06722962027054882,-0.06834951043128967,0.18482813239097595,-0.19382888078689575,0.9071855545043945,0.3335675597190857,-0.894690990447998,0.808335542678833,0.11318445205688477,-0.050958871841430664,0.5902655124664307,-0.10316933691501617,-1.0189727544784546
0.4551758749999989,0.0034223749999999996,133.0,4.111632511481753,-0.4120608918343779,1.4202391326102268,0.0006819524455205175,0.00019335908230848985,0.00031851512605124145,0.06723182428716068,-0.06701114773750305,0.18248431384563446,-0.1967761069536209,0.8841804265975952,0.31144651770591736,-0.8810439109802246,0.8461781740188599,0.12012538313865662,-0.0008238260634243488,0.570415735244751,-0.15809471905231476,-1.0027740001678467
0.4551758749999989,0.0034223749999999996,133.0,4.074359109331067,-0.37576296823519495,1.420592745306306,0.0008548713018081885,0.0002457411013962931,0.00040236317472278136,0.06723133140991087,-0.06556254625320435,0.17996418476104736,-0.19951525330543518,0.8592234253883362,0.2873283326625824,-0.8658833503723145,0.8846854567527771,0.12699726223945618,0.05268045514822006,0.5488841533660889,-0.2131882756948471,-0.984546422958374
0.4551758749999989,0.0034223749999999996,133.0,4.03615021306704,-0.3386557696809456,1.4210278961028346,0.0010503546862674915,0.00030543061668217205,0.000499963158128458,0.06722650049921174,-0.06415483355522156,0.17732998728752136,-0.20196154713630676,0.8329194188117981,0.2619348466396332,-0.8490722179412842,0.9224047064781189,0.1337413787841797,0.10754894465208054,0.5262727737426758,-0.2664671540260315,-0.964844286441803
0.4551758749999989,0.0034223749999999996,133.0,3.9973133537108825,-0.30076154009879086,1.4214258496278434,0.00123565224592392,0.00036290264286204616,0.0005931422255258745,0.06721937683095479,-0.06261289119720459,0.17448346316814423,-0.20411662757396698,0.8046256303787231,0.2343878149986267,-0.8301506042480469,0.9598912596702576,0.14041298627853394,0.1655440330505371,0.5016512870788574,-0.31795215606689453,-0.943083643913269
0.4551758749999989,0.0034223749999999996,133.0,3.957304872563957,-0.2623198910509065,1.4220545575952739,0.0013548032287503356,0.00040631648220201713,0.0006548031594192393,0.06719293541003671,-0.062126994132995605,0.17218761146068573,-0.20579026639461517,0.7758881449699402,0.2064298689365387,-0.8043756484985352,0.9967025518417358,0.14560052752494812,0.2253791242837906,0.4774205684661865,-0.3708794414997101,-0.9193693399429321
0.4551758749999989,0.0034223749999999996,133.0,3.9164056972618657,-0.2227494587864087,1.4227254383917995,0.0015056317157563922,0.0004554108836766744,0.0007396655957468229,0.06717335138164907,-0.06081521511077881,0.1671999990940094,-0.20778794586658478,0.7389322519302368,0.18005786836147308,-0.7792360782623291,1.0431026220321655,0.15391847491264343,0.2963762879371643,0.45072054862976074,-0.4120347201824188,-0.8906716108322144
0.4551758749999989,0.0034223749999999996,133.0,3.8744455193618816,-0.18160073491558884,1.4227436295586386,0.0016515099358742243,0.0005006931565197602,0.000827730137436343,0.06713683186164457,-0.05870690941810608,0.16414865851402283,-0.20812469720840454,0.7081197500228882,0.14821849763393402,-0.7546606063842773,1.0697444677352905,0.15871503949165344,0.35702478885650635,0.42055773735046387,-0.45015981793403625,-0.8645527958869934
0.4551758749999989,0.0034223749999999996,133.0,3.8326730449594844,-0.13973805548764698,1.4265012416304212,0.001786027031753313,0.000535289625971414,0.0009204592961152101,0.06706545057023784,-0.05812224745750427,0.15790504217147827,-0.20858202874660492,0.6643190383911133,0.12489677965641022,-0.718503475189209,1.113844871520996,0.16861990094184875,0.43096649646759033,0.3951113224029541,-0.46678459644317627,-0.830666720867157
0.4551758749999989,0.0034223749999999996,133.0,3.787174122623799,-0.09656269640837183,1.4270159680979306,0.0018778362888395512,0.0005853129779727952,0.0009885752152601012,0.06693406119353987,-0.0594581663608551,0.15639685094356537,-0.20790879428386688,0.6430001854896545,0.10925774276256561,-0.6844625473022461,1.1318929195404053,0.16777503490447998,0.48008444905281067,0.3786613941192627,-0.49219805002212524,-0.8084346652030945
0.4551758749999989,0.0034223749999999996,133.0,3.735486327107741,-0.04687669517413874,1.4270656718094012,0.0018305559631991728,0.000509357461480458,0.0010988758002406225,0.06660824801062593,-0.06399840116500854,0.17048309743404388,-0.20615844428539276,0.7099798321723938,0.14013589918613434,-0.7313213348388672,1.0117385387420654,0.14890345931053162,0.2577923536300659,0.4792652130126953,-0.40867194533348083,-0.8566243052482605
0.4551758749999989,0.0034223749999999996,133.0,3.671283429388499,0.017558741104717786,1.425464966421369,0.0016780993528583816,-0.00010115130673529528,0.0013133886832198411,0.06539037777424207,-0.09502577781677246,0.20150870084762573,-0.1673474907875061,0.8197797536849976,0.2896096408367157,-0.676295280456543,0.4385192394256592,0.1384725272655487,-0.777117133140564,0.9617359638214111,0.24350690841674805,-0.955287754535675
0.4551758749999989,0.0034223749999999996,133.0,3.5917916098416502,0.03838580369786685,1.4237648578431763,0.00010420913119789427,2.6779992729567533e-6,7.951704193415487e-5,0.06400858764365643,-0.24803194403648376,0.059664152562618256,0.0005033016204833984,1.0805894136428833,0.06417079269886017,-0.08510422706604004,-0.08067283034324646,-0.2613838315010071,-1.1647260189056396,1.435941457748413,1.0395479202270508,-0.8141793608665466
0.4551758749999989,0.0034223749999999996,133.0,3.6196466007119223,0.07905455570014154,1.4394138435409307,-0.0018353616125368676,9.481613316443406e-5,-0.001304457291837416,0.06265864875064975,-0.26912960410118103,0.06924131512641907,0.04045221209526062,1.2111701965332031,0.1225220188498497,-0.047882080078125,-0.1835842877626419,-0.3095148205757141,-1.2584046125411987,1.4733881950378418,1.035111665725708,-0.895368754863739
0.4551758749999989,0.0034223749999999996,133.0,3.6396203252654558,0.13318586022406026,1.4672099013915367,-0.002239370869581771,0.0006201075626483583,-0.0012872446876518704,0.06085198783591598,-0.33041372895240784,0.061761919409036636,0.13126185536384583,1.3748148679733276,-0.29941365122795105,0.0970160961151123,-0.7522768378257751,-0.35682886838912964,-1.2738585472106934,1.5295662879943848,1.4108843803405762,-1.0083415508270264
0.4551758749999989,0.0034223749999999996,133.0,3.677932908137176,0.1814139527209293,1.4767205168432012,-0.0022768062458547495,0.0007037082106215809,-0.001210119878897089,0.06045173379029184,-0.34555724263191223,0.0701310932636261,0.16787472367286682,1.488892674446106,-0.3584429621696472,0.1116783618927002,-0.8791912198066711,-0.36804521083831787,-1.296000599861145,1.461207628250122,1.3409444093704224,-1.1101865768432617
0.4551758749999989,0.0034223749999999996,133.0,3.722080168252042,0.2254619644991226,1.4813580692133619,-0.0021611741069989033,0.0006635359419069565,-0.0011083258095008113,0.06046089073910705,-0.34094735980033875,0.08274739235639572,0.17894211411476135,1.5406312942504883,-0.2570762634277344,0.06790399551391602,-0.8718163371086121,-0.3792967200279236,-1.3919694423675537,1.411226511001587,1.2348530292510986,-1.1502214670181274
0.4551758749999989,0.0034223749999999996,133.0,3.7662331971452825,0.2675923720303203,1.485185645891373,-0.0019835312675940513,0.0006094256175988251,-0.0009856256815080505,0.06053199862145682,-0.33611544966697693,0.09025644510984421,0.18467870354652405,1.5712188482284546,-0.19059154391288757,0.030397415161132812,-0.8712707161903381,-0.3881475329399109,-1.4647423028945923,1.3734207153320312,1.1831889152526855,-1.1717076301574707
0.4551758749999989,0.0034223749999999996,133.0,3.809901196209428,0.3080268452781963,1.4880213497940769,-0.0017626871127079551,0.0005375253531561463,-0.0008460774095505722,0.060669139870009096,-0.3300935924053192,0.0944041758775711,0.1909269392490387,1.6001265048980713,-0.13592080771923065,-0.009002923965454102,-0.8871636986732483,-0.40677493810653687,-1.5071297883987427,1.3218986988067627,1.1553746461868286,-1.1816929578781128
0.4551758749999989,0.0034223749999999996,133.0,3.852694836389266,0.3478455669051545,1.489965218773796,-0.0016570486906159814,0.0005013779979257072,-0.0007821502657165388,0.06080345439396118,-0.3252485692501068,0.09873902052640915,0.19337889552116394,1.6159459352493286,-0.08845824748277664,-0.042400360107421875,-0.8854890465736389,-0.41360414028167725,-1.558528184890747,1.2966692447662354,1.1366820335388184,-1.1905831098556519
0.4551758749999989,0.0034223749999999996,133.0,3.895033839229594,0.3872267060999771,1.4928151027988579,-0.0014184938822451277,0.00042823929790881466,-0.0006536119980763252,0.06089118679521291,-0.3211955726146698,0.10380152612924576,0.19574442505836487,1.6333037614822388,-0.05048554018139839,-0.07004928588867188,-0.8890469670295715,-0.4176904559135437,-1.605036973953247,1.274205207824707,1.117167592048645,-1.20375657081604
0.4551758749999989,0.0034223749999999996,133.0,3.9364765343291817,0.42569423541147544,1.4956992386918264,-0.0012347520465664332,0.0003726850702861775,-0.0005559496725657734,0.0609829761270972,-0.31788477301597595,0.10746898502111435,0.19538548588752747,1.6405737400054932,-0.010225415229797363,-0.09656929969787598,-0.8800698518753052,-0.4195070266723633,-1.6550060510635376,1.2690379619598389,1.1149165630340576,-1.209263563156128
0.4551758749999989,0.0034223749999999996,133.0,3.976789866805635,0.4634290207816591,1.4980525459043705,-0.0010046119129812235,0.0003025676870780481,-0.00044128837937439027,0.06107250933181337,-0.3132113516330719,0.11390514671802521,0.20162031054496765,1.6712521314620972,0.04728495702147484,-0.13314342498779297,-0.8889244794845581,-0.43696415424346924,-1.6852192878723145,1.226454734802246,1.0749492645263672,-1.2222239971160889
0.4551758749999989,0.0034223749999999996,133.0,4.016370259549154,0.5000047660986324,1.5002398442617415,-0.0007985177076620098,0.00024171404854599304,-0.0003447370311904707,0.0611693916739598,-0.30913451313972473,0.11692751944065094,0.20378413796424866,1.6850345134735107,0.08313819766044617,-0.1617109775543213,-0.8937321901321411,-0.4462042450904846,-1.7127872705459595,1.2027337551116943,1.0694094896316528,-1.2267208099365234
0.4551758749999989,0.0034223749999999996,133.0,4.054986712259032,0.5358873260383915,1.5024350316049584,-0.0006024694288496122,0.00018371616920801075,-0.00025580062312587754,0.06125204629824616,-0.30541542172431946,0.11998335272073746,0.2059931457042694,1.698622226715088,0.11680746078491211,-0.18830275535583496,-0.8996959924697876,-0.455322802066803,-1.736797571182251,1.1803359985351562,1.0633362531661987,-1.2311469316482544
0.4551758749999989,0.0034223749999999996,133.0,4.092692445985772,0.5710808314382206,1.5046393851119446,-0.000414179930033026,0.00012652508999613207,-0.00017207720377500541,0.061326322620970666,-0.30215325951576233,0.12441425025463104,0.20882758498191833,1.71485435962677,0.1446305215358734,-0.2121260166168213,-0.9069024324417114,-0.46126002073287964,-1.7580935955047607,1.1578755378723145,1.0466437339782715,-1.2413713932037354
0.4551758749999989,0.0034223749999999996,133.0,4.129471715395997,0.6052896269049902,1.5066734333380432,-0.0002322712337602547,7.112469673255302e-5,-9.46920232730095e-5,0.061395717925654535,-0.29910793900489807,0.12720683217048645,0.21102192997932434,1.7272582054138184,0.1727919578552246,-0.23525476455688477,-0.9135717749595642,-0.4698697328567505,-1.7735275030136108,1.1379759311676025,1.0408070087432861,-1.2451282739639282
0.4551758749999989,0.0034223749999999996,133.0,4.1649338339867095,0.6384274596576781,1.508069820856904,-6.905142476093053e-5,2.1387227698067975e-5,-2.795226119524936e-5,0.06148476361678765,-0.29636433720588684,0.12971211969852448,0.21288010478019714,1.7381608486175537,0.19855086505413055,-0.2566184997558594,-0.9192836284637451,-0.4774014353752136,-1.788933515548706,1.121356725692749,1.0379420518875122,-1.2484965324401855
0.4551758749999989,0.0034223749999999996,133.0,4.1992932271001555,0.6707071829683574,1.5092624269988375,0.00014889788510762068,-4.6628164907993356e-5,5.96421769071916e-5,0.06153543560185494,-0.2942436635494232,0.12972579896450043,0.20990124344825745,1.7321540117263794,0.1959240436553955,-0.2637460231781006,-0.9241242408752441,-0.46805816888809204,-1.8118559122085571,1.1290373802185059,1.063329815864563,-1.2520785331726074
0.4551758749999989,0.0034223749999999996,133.0,4.2341253624480935,0.70041577613487,1.5095567463375863,0.00035126365761957445,-0.00010960948948854654,0.00013666749793696346,0.06172657519194036,-0.28960224986076355,0.13021330535411835,0.21403345465660095,1.7452255487442017,0.21929000318050385,-0.29076194763183594,-0.9428383111953735,-0.4838988184928894,-1.8033803701400757,1.0887291431427002,1.058817982673645,-1.2491881847381592
0.4551758749999989,0.0034223749999999996,133.0,4.266938119121807,0.7313348670084948,1.5112846758634009,0.0005551421944651309,-0.00017471687091374122,0.00021265988539649825,0.06177476839972653,-0.28692588210105896,0.13513582944869995,0.21929052472114563,1.7671403884887695,0.25193262100219727,-0.3155250549316406,-0.9538121819496155,-0.49804121255874634,-1.8054553270339966,1.0555846691131592,1.0274693965911865,-1.2567640542984009
0.4551758749999989,0.0034223749999999996,133.0,4.299242548535769,0.7617118327074781,1.513540034279538,0.0007977498877707243,-0.0002521591865980051,0.0002998355684012038,0.06178548512491017,-0.2853299081325531,0.1350822150707245,0.2147108018398285,1.757559895515442,0.25478169322013855,-0.3211698532104492,-0.9494982957839966,-0.4862377643585205,-1.833130121231079,1.0741891860961914,1.0582133531570435,-1.2593345642089844
0.4551758749999989,0.0034223749999999996,133.0,4.330812008011834,0.7913907048646811,1.51603816196348,0.0009713940402911642,-0.00030752926615284376,0.00035744083958839636,0.06181613652480132,-0.28321436047554016,0.13907049596309662,0.21757027506828308,1.772650957107544,0.2878309190273285,-0.342618465423584,-0.9516993761062622,-0.49660903215408325,-1.842214584350586,1.0551636219024658,1.0418426990509033,-1.2640011310577393
0.4551758749999989,0.0034223749999999996,133.0,4.361417049303002,0.8199351389628375,1.5187065009911664,0.0011938208586159552,-0.00038104378409681863,0.0004283707783871283,0.06182836554533278,-0.2804388105869293,0.1424071490764618,0.22264084219932556,1.790784239768982,0.308006227016449,-0.3620600700378418,-0.9700543284416199,-0.5100111365318298,-1.832197666168213,1.018160343170166,1.0147501230239868,-1.2685110569000244
0.4551758749999989,0.0034223749999999996,133.0,4.391016453689819,0.8471859588242688,1.520049579642077,0.001361871968043961,-0.0004387986839893617,0.00048325127759239105,0.06188894769300571,-0.27787789702415466,0.14547017216682434,0.2256089150905609,1.8031975030899048,0.33456382155418396,-0.3831491470336914,-0.9744145274162292,-0.5199167132377625,-1.8337441682815552,0.9950926303863525,1.000786542892456,-1.2709627151489258
0.4551758749999989,0.0034223749999999996,133.0,4.419822439654691,0.8737160200295533,1.5217453728745338,0.0015503715977233075,-0.0005032928328141496,0.000542473983223993,0.06193116544701976,-0.27574804425239563,0.14576010406017303,0.224813312292099,1.802443504333496,0.3422544002532959,-0.3937709331512451,-0.9787932634353638,-0.5183603167533875,-1.8423728942871094,0.9917266368865967,1.0139445066452026,-1.2719099521636963
0.4551758749999989,0.0034223749999999996,133.0,4.447880358641272,0.8994679308364717,1.523414523045427,0.0017761469046638277,-0.0005791535059633853,0.0006135644702700892,0.06197773904386809,-0.27375850081443787,0.14715319871902466,0.22634783387184143,1.808989405632019,0.3588436245918274,-0.4085357189178467,-0.984717607498169,-0.5241988301277161,-1.8442132472991943,0.9773750305175781,1.0129733085632324,-1.2726331949234009
0.4551758749999989,0.0034223749999999996,133.0,4.474888745866495,0.9244341121956449,1.5250618823497168,0.002007579591460103,-0.0006576180148392083,0.0006804212207712435,0.06200197721484588,-0.27185043692588806,0.14727936685085297,0.22581753134727478,1.8089972734451294,0.364138662815094,-0.41714930534362793,-0.9908584356307983,-0.5231422781944275,-1.8492248058319092,0.972163200378418,1.0234401226043701,-1.2738189697265625
0.4551758749999989,0.0034223749999999996,133.0,4.500960808945308,0.9482179624201229,1.5264354675203056,0.002260361260913737,-0.0007483290821717707,0.0007574725765087117,0.062048435774208856,-0.269901305437088,0.14997272193431854,0.2291262447834015,1.820970058441162,0.3844201862812042,-0.4344196319580078,-0.9975670576095581,-0.5328088402748108,-1.844969391822815,0.9489798545837402,1.0076860189437866,-1.2760310173034668
0.4551758749999989,0.0034223749999999996,133.0,4.526105852040355,0.9714172047043977,1.5279979926116776,0.002447162724144013,-0.0008175398216999988,0.0008107549033568721,0.0620857994930198,-0.2683468163013458,0.1501048505306244,0.22894445061683655,1.8212429285049438,0.3898678123950958,-0.4427001476287842,-1.0030773878097534,-0.5325111746788025,-1.8489630222320557,0.9446721076965332,1.0173795223236084,-1.276702880859375
0.4551758749999989,0.0034223749999999996,133.0,4.550351392715948,0.9938547437748796,1.5295801844275494,0.0026883244410496614,-0.0009007902378579365,0.0008766604627683004,0.06211447454965488,-0.2669773995876312,0.15119053423404694,0.2302621304988861,1.8264777660369873,0.40298593044281006,-0.4541206359863281,-1.0079470872879028,-0.5372372269630432,-1.8496347665786743,0.9339361190795898,1.0172784328460693,-1.2772300243377686
0.4551758749999989,0.0034223749999999996,133.0,4.573849878914868,1.0157146752619761,1.5312683737494115,0.0029295615274313957,-0.0009897762237479316,0.0009441837756113508,0.06214987656456568,-0.265532523393631,0.15333916246891022,0.23304852843284607,1.8364139795303345,0.41782912611961365,-0.4667074680328369,-1.015896201133728,-0.5452954173088074,-1.8447818756103516,0.9144322872161865,1.0038329362869263,-1.2790215015411377
0.4551758749999989,0.0034223749999999996,133.0,4.596455015729981,1.0361224174150812,1.5321362394024964,0.0031848178489849903,-0.001083620733124114,0.0010159962691230092,0.062173078749817,-0.2640540301799774,0.15241099894046783,0.23024073243141174,1.828734040260315,0.4164409637451172,-0.47135496139526367,-1.0165300369262695,-0.5367612242698669,-1.8567848205566406,0.9243373870849609,1.0288426876068115,-1.280139684677124
0.4551758749999989,0.0034223749999999996,133.0,4.618172380742746,1.055762535178233,1.5334144570591322,0.003439315615039402,-0.0011837784400508956,0.0010861075563944904,0.0622019524728553,-0.2624818980693817,0.15292568504810333,0.2312852442264557,1.8318402767181396,0.4215686023235321,-0.47978949546813965,-1.0250173807144165,-0.5391519665718079,-1.8532671928405762,0.9125263690948486,1.0282783508300781,-1.280862808227539
0.4551758749999989,0.0034223749999999996,133.0,4.638737557121316,1.0754570133317727,1.5354833303634785,0.0036428236946019726,-0.0012567207781042982,0.0011315753784121479,0.062209961277825965,-0.2619573175907135,0.15443845093250275,0.2327653467655182,1.8382035493850708,0.4343699812889099,-0.4880521297454834,-1.0285887718200684,-0.5441737771034241,-1.8544553518295288,0.9048783779144287,1.0241036415100098,-1.2821884155273438
0.4551758749999989,0.0034223749999999996,133.0,4.658592862423446,1.0937304993282582,1.5366744349391004,0.003868194564071474,-0.0013423119245094147,0.001188237769381734,0.06223365833313255,-0.2607039511203766,0.15600469708442688,0.23507270216941833,1.8455504179000854,0.4439576268196106,-0.49796414375305176,-1.0363304615020752,-0.5500250458717346,-1.8490917682647705,0.8884408473968506,1.0135256052017212,-1.2836154699325562
0.4551758749999989,0.0034223749999999996,133.0,4.6777593972154525,1.1105395021587972,1.5370895540740093,0.004057389280088872,-0.001422142178043543,0.0012399658283376816,0.06228299566320913,-0.2590048611164093,0.1553727239370346,0.23490378260612488,1.8434585332870483,0.4435760974884033,-0.5042595863342285,-1.0437895059585571,-0.5485370755195618,-1.8484865427017212,0.8828210830688477,1.0230811834335327,-1.2831008434295654
0.4551758749999989,0.0034223749999999996,133.0,4.695726395484918,1.127726933391859,1.5385838297024168,0.004287652850168277,-0.0015078066228378397,0.0012985686202281466,0.06229570501701588,-0.2586917579174042,0.1567242592573166,0.2344507873058319,1.8448517322540283,0.45433130860328674,-0.5110583305358887,-1.0406800508499146,-0.5474615693092346,-1.8593796491622925,0.8875017166137695,1.0290615558624268,-1.2856836318969727
0.4551758749999989,0.0034223749999999996,133.0,4.713157846550922,1.1431469420107006,1.540068284258936,0.004484706138790273,-0.0015977296462063525,0.0013412309927420707,0.062324172146240336,-0.2572837769985199,0.15757966041564941,0.2365923821926117,1.8508021831512451,0.4610249102115631,-0.518791675567627,-1.049371600151062,-0.553344190120697,-1.8515108823776245,0.8697001934051514,1.0191091299057007,-1.2856749296188354
0.4551758749999989,0.0034223749999999996,133.0,4.729694324783116,1.1576392930767554,1.5405864607999487,0.004683435803807432,-0.001672401065507754,0.0013856837034538498,0.062361796051341484,-0.25546756386756897,0.1571727693080902,0.23701825737953186,1.8500382900238037,0.4650160074234009,-0.5265593528747559,-1.0545357465744019,-0.5544944405555725,-1.8479734659194946,0.8598430156707764,1.0239155292510986,-1.2838095426559448
0.4551758749999989,0.0034223749999999996,133.0,4.745419149772798,1.1712260669176506,1.5409935770209071,0.004830926330698663,-0.0017382583040112594,0.001422766772274884,0.06241270735841717,-0.25320741534233093,0.15579211711883545,0.23686209321022034,1.8467134237289429,0.4687574505805969,-0.53379225730896,-1.0587180852890015,-0.555695116519928,-1.842561960220337,0.8491353988647461,1.0336557626724243,-1.2793617248535156
0.4551758749999989,0.0034223749999999996,133.0,4.760289578285371,1.184372317448813,1.5418096827999028,0.00496562950659964,-0.0017982031820580546,0.0014487650749182008,0.06245518292484111,-0.2508026659488678,0.1562686264514923,0.23800531029701233,1.8479175567626953,0.4728323519229889,-0.5423085689544678,-1.0637061595916748,-0.558277428150177,-1.8318973779678345,0.8305206298828125,1.0250035524368286,-1.2779409885406494
0.4551758749999989,0.0034223749999999996,133.0,4.77413957872084,1.1966754949825211,1.542504082661619,0.005106221080065793,-0.001863882884115848,0.0014831243109300672,0.0624979243970393,-0.24817511439323425,0.15509065985679626,0.23827239871025085,1.8452107906341553,0.474831223487854,-0.5494370460510254,-1.0684483051300049,-0.5594943165779114,-1.8228282928466797,0.8143620491027832,1.0277169942855835,-1.2740373611450195
0.4551758749999989,0.0034223749999999996,133.0,4.786841155453334,1.2084784378747933,1.543258647986544,0.005258120449576085,-0.001930473311116312,0.001518665916084683,0.06253498815229447,-0.24677059054374695,0.1552344709634781,0.2393920123577118,1.8468475341796875,0.4862957298755646,-0.5585343837738037,-1.0672794580459595,-0.5640431046485901,-1.819381833076477,0.8025104999542236,1.0273540019989014,-1.271127700805664
0.4551758749999989,0.0034223749999999996,133.0,4.798220105371643,1.2205998100342703,1.5447209887611686,0.005417277804339488,-0.001993366016046859,0.0015591205452806448,0.06255128185555374,-0.24681857228279114,0.15756797790527344,0.23988130688667297,1.8511900901794434,0.5052838325500488,-0.5674140453338623,-1.0564649105072021,-0.5670512318611145,-1.8280867338180542,0.8032376766204834,1.0242319107055664,-1.2724984884262085
0.4551758749999989,0.0034223749999999996,133.0,4.808647034767621,1.2326135758308319,1.5465993392886268,0.005585117638858539,-0.0020393934237625034,0.0015868037436133102,0.06254005944741158,-0.24698826670646667,0.16211071610450745,0.24268171191215515,1.8629919290542603,0.5238242745399475,-0.5771911144256592,-1.0496983528137207,-0.5738844275474548,-1.8286635875701904,0.7910428047180176,0.9961332082748413,-1.27731454372406
0.4551758749999989,0.0034223749999999996,133.0,4.818299336841474,1.2430075274593346,1.5479752444311887,0.0057601975624413425,-0.002112441549412986,0.0016342720086808856,0.06256116811994392,-0.2477680742740631,0.16580739617347717,0.24416181445121765,1.8714569807052612,0.5469679236412048,-0.5863440036773682,-1.0369571447372437,-0.5800468325614929,-1.8361929655075073,0.7899317741394043,0.9829617738723755,-1.2795779705047607
0.4551758749999989,0.0034223749999999996,133.0,4.827279144315132,1.253790331402052,1.5502851484012916,0.005998841461746251,-0.0022219400713597306,0.0017180322991397598,0.062444453635795115,-0.24865207076072693,0.168136328458786,0.2428903877735138,1.873351812362671,0.5628620982170105,-0.5899002552032471,-1.0227442979812622,-0.5779047608375549,-1.8514808416366577,0.8025088310241699,0.9851071834564209,-1.283717155456543
0.4551758749999989,0.0034223749999999996,133.0,4.8348845808076915,1.2631298706765377,1.5517292890335415,0.006271463005463408,-0.0023273881331406844,0.0017977138764252493,0.06245440081687134,-0.2499600350856781,0.17196735739707947,0.24354907870292664,1.8813163042068481,0.5855616927146912,-0.5962247848510742,-1.0075880289077759,-0.5825187563896179,-1.86194908618927,0.8068444728851318,0.9734748601913452,-1.2870533466339111
0.4551758749999989,0.0034223749999999996,133.0,4.841936754633331,1.2709964526045052,1.5527615127572063,0.006698586720769548,-0.002477047634477784,0.0019076264075304232,0.062462030048778615,-0.2502962052822113,0.1745334267616272,0.24461475014686584,1.8873261213302612,0.6011238098144531,-0.6019444465637207,-0.9999555349349976,-0.587102472782135,-1.8623127937316895,0.8023076057434082,0.9602544903755188,-1.2884224653244019
0.4551758749999989,0.0034223749999999996,133.0,4.848072550502607,1.2781810489663146,1.5534777252104002,0.00740844411425655,-0.0027317828460865358,0.0021025147361324052,0.06246860326162081,-0.250548392534256,0.1776145100593567,0.24698343873023987,1.8966240882873535,0.6168792247772217,-0.6089377403259277,-0.9958767890930176,-0.5944433808326721,-1.8562339544296265,0.7885375022888184,0.9358900785446167,-1.2902276515960693
0.4551758749999989,0.0034223749999999996,133.0,4.853569910155603,1.284126134676731,1.5542583630384055,0.00901677584720712,-0.0033311934287036894,0.0025356695399683443,0.06248049300857278,-0.2501314580440521,0.17893797159194946,0.24845996499061584,1.9022588729858398,0.6242052912712097,-0.614666223526001,-0.9982509613037109,-0.5968702435493469,-1.8452929258346558,0.7744946479797363,0.9177632331848145,-1.2933366298675537
0.4551758749999989,0.0034223749999999996,133.0,4.857970649633462,1.288495649107585,1.5549211539194818,0.016672812628833137,-0.006318036612081557,0.004598582851641219,0.06251546317371315,-0.2491503655910492,0.17550532519817352,0.24913403391838074,1.9083305597305298,0.6308265328407288,-0.6242468357086182,-1.0174819231033325,-0.5925922989845276,-1.8111590147018433,0.750971794128418,0.9081857204437256,-1.3036872148513794
0.4551758749999989,0.0034223749999999996,133.0,4.8821428293518565,-1.193061248976949,1.4137296567820417,-0.014705289892249708,-0.0014272643251180565,-0.006467687822110326,0.06689965747420129,-0.07707479596138,0.21254512667655945,-0.08004102110862732,1.1673660278320312,0.570343554019928,-1.2252130508422852,-0.19210907816886902,-0.021639108657836914,-0.9172953367233276,0.723853588104248,1.1188201904296875,-1.1466175317764282
0.4551758749999989,0.0034223749999999996,133.0,4.877381378396192,-1.1876544863073828,1.413788296608182,-0.007915658471015418,-0.0007810512554577687,-0.003539232052418567,0.06686939657496113,-0.07901889085769653,0.21515028178691864,-0.07962828874588013,1.1695568561553955,0.5773451328277588,-1.225766897201538,-0.17908813059329987,-0.02427297830581665,-0.9150428771972656,0.7552547454833984,1.0943973064422607,-1.1457228660583496
0.4551758749999989,0.0034223749999999996,133.0,4.871453238369553,-1.181821447486476,1.4134950458681474,-0.006501423515837459,-0.0006630193385047049,-0.0029128109746749177,0.06684367402780483,-0.08117616176605225,0.21603047847747803,-0.08133089542388916,1.173109531402588,0.584846019744873,-1.2153196334838867,-0.15881431102752686,-0.02691483497619629,-0.9128311276435852,0.7640352249145508,1.0752633810043335,-1.1465363502502441
0.4551758749999989,0.0034223749999999996,133.0,4.864738161124651,-1.17546641016063,1.4130330155862867,-0.005886110737748464,-0.0006122447731918468,-0.0026240370823094987,0.06682187583535633,-0.08301594853401184,0.21601460874080658,-0.08426183462142944,1.175018310546875,0.5924336910247803,-1.202125072479248,-0.13165290653705597,-0.027944445610046387,-0.9084122776985168,0.7707505226135254,1.058357834815979,-1.1474329233169556
0.4551758749999989,0.0034223749999999996,133.0,4.857033331480576,-1.168325262411251,1.41241388191451,-0.005523730170505736,-0.0006134875710967561,-0.002464251685663487,0.06679466773079012,-0.08506152033805847,0.21599315106868744,-0.08732679486274719,1.1769602298736572,0.5947842001914978,-1.1893587112426758,-0.10223333537578583,-0.028596699237823486,-0.9003901481628418,0.7770962715148926,1.0361627340316772,-1.1486961841583252
0.4551758749999989,0.0034223749999999996,133.0,4.8480163261666,-1.1623270172021611,1.409175104351699,-0.00526659163862661,-0.0006580020823712449,-0.0023477733912746356,0.06684057663941796,-0.0848100483417511,0.2142409235239029,-0.09127470850944519,1.172055959701538,0.5969254374504089,-1.1777892112731934,-0.06950792670249939,-0.025416433811187744,-0.8855392336845398,0.7787363529205322,1.0232735872268677,-1.147140383720398
0.4551758749999989,0.0034223749999999996,133.0,4.838615765165544,-1.1539610840423875,1.4081044623776857,-0.005054485542358731,-0.0006908143780288404,-0.002256980046809984,0.06681041091889336,-0.08719959855079651,0.21343344449996948,-0.09605497121810913,1.1734071969985962,0.6062123775482178,-1.1581907272338867,-0.026082806289196014,-0.02633988857269287,-0.8754522800445557,0.7850847244262695,0.9994438886642456,-1.1476725339889526
0.4551758749999989,0.0034223749999999996,133.0,4.828419612744969,-1.1443529748286243,1.407512130369267,-0.00489995598190084,-0.0006903364011901511,-0.002180552408868687,0.0667918457254489,-0.08947712182998657,0.21396245062351227,-0.09845522046089172,1.1761384010314941,0.6039915680885315,-1.1475985050201416,-0.0025177830830216408,-0.027418076992034912,-0.8654466867446899,0.7902181148529053,0.9731963872909546,-1.1491917371749878
0.4551758749999989,0.0034223749999999996,133.0,4.817288175912203,-1.1341961786097106,1.4065143507735618,-0.0047570774116529714,-0.0007233725949427727,-0.002116532934418189,0.06675885542446498,-0.09186151623725891,0.21263670921325684,-0.10418787598609924,1.1754318475723267,0.607972264289856,-1.1266276836395264,0.04875965788960457,-0.026296615600585938,-0.8489413261413574,0.7977826595306396,0.9410774111747742,-1.1496952772140503
0.4551758749999989,0.0034223749999999996,133.0,4.805243809054687,-1.1232862991590251,1.4056308685044332,-0.0046131570813037325,-0.0007480097877218038,-0.002053119773053196,0.06673417293571396,-0.09448686242103577,0.21180452406406403,-0.10918733477592468,1.1759920120239258,0.6126409769058228,-1.1073544025421143,0.09368015825748444,-0.026501893997192383,-0.834255039691925,0.8045332431793213,0.9111111760139465,-1.1500911712646484
0.4551758749999989,0.0034223749999999996,133.0,4.792736681997909,-1.1114335438799063,1.4050551769350872,-0.004479119421726008,-0.0007566573583536958,-0.0019934730073345795,0.06672844049878932,-0.09573864936828613,0.2114134132862091,-0.11248421669006348,1.1746524572372437,0.6086304783821106,-1.0968286991119385,0.12061092257499695,-0.02453714609146118,-0.8191903233528137,0.808661937713623,0.8864166140556335,-1.1506441831588745
0.4551758749999989,0.0034223749999999996,133.0,4.779624764540115,-1.0988572288635585,1.40451970055912,-0.004343918529696418,-0.0007609591656514852,-0.001930914554500889,0.06672081927410009,-0.09644365310668945,0.21113499999046326,-0.11513319611549377,1.1731561422348022,0.6093767881393433,-1.0889179706573486,0.14035452902317047,-0.023090898990631104,-0.80646151304245,0.8109004497528076,0.8726667165756226,-1.1505372524261475
0.4551758749999989,0.0034223749999999996,133.0,4.766025936776523,-1.08518931002754,1.40458536088604,-0.004226964838800529,-0.000740737899019997,-0.001877157009039216,0.06674352396260459,-0.09598115086555481,0.2106383889913559,-0.11756548285484314,1.1687418222427368,0.602659285068512,-1.0846171379089355,0.15491293370723724,-0.018435359001159668,-0.7911627292633057,0.8118870258331299,0.8565371632575989,-1.1506941318511963
0.4551758749999989,0.0034223749999999996,133.0,4.7519484702751775,-1.071389391005674,1.4043909140661692,-0.004073691616340456,-0.0007284794293015725,-0.001812582096481167,0.0667808198344476,-0.09434694051742554,0.2094915807247162,-0.12022832036018372,1.1620402336120605,0.6011502146720886,-1.080763578414917,0.16812103986740112,-0.01264888048171997,-0.7767869830131531,0.8098094463348389,0.8480510711669922,-1.1498137712478638
0.4551758749999989,0.0034223749999999996,133.0,4.736413610924046,-1.0561255800302716,1.4042716137964275,-0.0038854926557651734,-0.0007072752402594767,-0.00173185278848793,0.06679695507561552,-0.0936000645160675,0.20898351073265076,-0.12256622314453125,1.1573753356933594,0.5963334441184998,-1.0762896537780762,0.18231092393398285,-0.008525490760803223,-0.7620765566825867,0.8084816932678223,0.8305831551551819,-1.1492371559143066
0.4551758749999989,0.0034223749999999996,133.0,4.720182006095396,-1.040170876595525,1.4042949320340081,-0.0037103812941044695,-0.0006843466846743988,-0.0016547019292028414,0.06681666087541158,-0.09314391016960144,0.20881915092468262,-0.12460234761238098,1.1538865566253662,0.5944037437438965,-1.0716166496276855,0.19614136219024658,-0.005784928798675537,-0.7485812306404114,0.8064301013946533,0.8119783997535706,-1.1484577655792236
0.4551758749999989,0.0034223749999999996,133.0,4.703077826168152,-1.023209907994427,1.4043740032390877,-0.0035125692976717264,-0.0006547623595422143,-0.001567147839557488,0.06683543571883888,-0.09297415614128113,0.20919717848300934,-0.12608209252357483,1.151463508605957,0.5855031609535217,-1.0683517456054688,0.2058744877576828,-0.003587007522583008,-0.7350564002990723,0.8039042949676514,0.7870827317237854,-1.1481295824050903
0.4551758749999989,0.0034223749999999996,133.0,4.685921143190104,-1.0058892796164485,1.4046707748369653,-0.0033225982351858083,-0.0006182407577470968,-0.0014845241547833442,0.06688789095820533,-0.08951368927955627,0.20852597057819366,-0.12707087397575378,1.142892599105835,0.5744436383247375,-1.0731635093688965,0.20267723500728607,0.003737151622772217,-0.7206661105155945,0.7951409816741943,0.7785781025886536,-1.146909236907959
0.4551758749999989,0.0034223749999999996,133.0,4.667029653852855,-0.9871108603797781,1.4047788697624388,-0.003130201334869097,-0.000588513077021389,-0.0013973225303785305,0.0668932712409058,-0.09000498056411743,0.2092386782169342,-0.12874308228492737,1.1417925357818604,0.5695385336875916,-1.0668823719024658,0.2174796462059021,0.004214048385620117,-0.7056742310523987,0.7921328544616699,0.7483795285224915,-1.1461718082427979
0.4551758749999989,0.0034223749999999996,133.0,4.647432891565279,-0.967925844312614,1.4046578343584668,-0.0029546497434256446,-0.0005689753527507459,-0.0013209175258710633,0.0669138407702379,-0.08917880058288574,0.2084452509880066,-0.13196498155593872,1.1353046894073486,0.5601540207862854,-1.060241937637329,0.2412022203207016,0.009199202060699463,-0.6830036044120789,0.7886016368865967,0.7169563174247742,-1.144643783569336
0.4551758749999989,0.0034223749999999996,133.0,4.627557724336423,-0.9477496011555726,1.4050241045486842,-0.002728022186159954,-0.0005221300797328454,-0.0012198309852165488,0.0669536963234209,-0.08691707253456116,0.20887088775634766,-0.13238340616226196,1.129563808441162,0.5462568998336792,-1.0631811618804932,0.23840627074241638,0.014250129461288452,-0.6673411130905151,0.7800197601318359,0.6982018351554871,-1.1438478231430054
0.4551758749999989,0.0034223749999999996,133.0,4.605938056659918,-0.9276061494373303,1.4044684699866459,-0.002499959624386511,-0.0005145559365597331,-0.0011198762597625924,0.06694773992518675,-0.08805099129676819,0.20615528523921967,-0.13961616158485413,1.1215871572494507,0.5536935329437256,-1.0418386459350586,0.3014512062072754,0.01798194646835327,-0.636265218257904,0.7817392349243164,0.6524308323860168,-1.1397563219070435
0.4551758749999989,0.0034223749999999996,133.0,4.584080079391713,-0.906209905187365,1.404378229390437,-0.0022858703593132347,-0.0004794269259824781,-0.0010252725722621732,0.06697461489303061,-0.0861859917640686,0.2036568969488144,-0.1444980800151825,1.1101672649383545,0.5496473908424377,-1.0329816341400146,0.3366330564022064,0.025499671697616577,-0.6082910895347595,0.7762644290924072,0.6220812201499939,-1.1359730958938599
0.4551758749999989,0.0034223749999999996,133.0,4.561161072089031,-0.8836055381930892,1.4043739528536932,-0.002075230696749419,-0.00044207664933511775,-0.0009289551822407996,0.06698650721791491,-0.08599469065666199,0.2044849991798401,-0.14583507180213928,1.1067399978637695,0.5369806289672852,-1.0288100242614746,0.3481224775314331,0.027660131454467773,-0.5882151126861572,0.7700321674346924,0.5857470035552979,-1.1345198154449463
0.4551758749999989,0.0034223749999999996,133.0,4.537166262346174,-0.8593339685484981,1.4045620169967872,-0.0019089305781529332,-0.0004021403779576325,-0.0008518639645577626,0.06698996816390937,-0.08578503131866455,0.2060053050518036,-0.14627006649971008,1.1047260761260986,0.5236847996711731,-1.0256404876708984,0.3522566556930542,0.02875623106956482,-0.5707089304924011,0.7616252899169922,0.5509227514266968,-1.1333774328231812
0.4551758749999989,0.0034223749999999996,133.0,4.513243904103705,-0.8350865116627161,1.4049481123603056,-0.0017011976237275282,-0.00035581198587292663,-0.0007606323703297113,0.06703796202842877,-0.08192303776741028,0.20554028451442719,-0.14716428518295288,1.0949194431304932,0.5099664926528931,-1.0293545722961426,0.3509647846221924,0.03624638915061951,-0.5515037775039673,0.7478353977203369,0.5339990258216858,-1.1310420036315918
0.4551758749999989,0.0034223749999999996,133.0,4.487744046371437,-0.8102408095812861,1.4050211470076988,-0.0015085437860501956,-0.0003245603341983435,-0.0006764531797744195,0.0670576719046538,-0.08095031976699829,0.20457753539085388,-0.15060365200042725,1.0859893560409546,0.49894461035728455,-1.0215411186218262,0.3780519366264343,0.04195335507392883,-0.5238765478134155,0.7407529354095459,0.4940086901187897,-1.1277598142623901
0.4551758749999989,0.0034223749999999996,133.0,4.4613247048414895,-0.7848082634273438,1.4048769963866443,-0.001318786698457388,-0.00029413042286761005,-0.0005923435313395523,0.06707063413342783,-0.08137950301170349,0.20278982818126678,-0.1558709442615509,1.0760432481765747,0.495360791683197,-1.0067503452301025,0.42567312717437744,0.046280235052108765,-0.4891846179962158,0.7363119125366211,0.44231483340263367,-1.1221163272857666
0.4551758749999989,0.0034223749999999996,133.0,4.434430443709382,-0.7583982298671698,1.4048237687064946,-0.0011619645522487302,-0.0002666097147644338,-0.0005217546656529248,0.06709128669023266,-0.0802481472492218,0.20139360427856445,-0.15979647636413574,1.0642633438110352,0.4823214113712311,-0.9975121021270752,0.45964714884757996,0.05276492238044739,-0.4539121091365814,0.7274787425994873,0.3949989378452301,-1.1167361736297607
0.4551758749999989,0.0034223749999999996,133.0,4.40674996294289,-0.7312821022481412,1.404829900986226,-0.0010219682297720701,-0.00023965310791308802,-0.00045991794096041766,0.06712488872795928,-0.07916799187660217,0.19988815486431122,-0.1638793647289276,1.0514328479766846,0.46851715445518494,-0.9873104095458984,0.4956406056880951,0.05961814522743225,-0.416485071182251,0.7180271148681641,0.34589725732803345,-1.1106542348861694
0.4551758749999989,0.0034223749999999996,133.0,4.377828354143688,-0.7030448568514127,1.4046635016442592,-0.000842512875450385,-0.00020263321265560704,-0.00037862644416509215,0.06713047123658207,-0.07732915878295898,0.19789867103099823,-0.16792312264442444,1.0366712808609009,0.4581834077835083,-0.9783284664154053,0.5315719246864319,0.0667659342288971,-0.3781803846359253,0.7057807445526123,0.30098482966423035,-1.1029835939407349
0.4551758749999989,0.0034223749999999996,133.0,4.348067413895951,-0.6742459329991719,1.4046504957871437,-0.0007058792994022912,-0.000175217257880244,-0.0003174102390993649,0.06714093799106473,-0.07722219824790955,0.19605852663516998,-0.1726466715335846,1.0220779180526733,0.44639623165130615,-0.9644601345062256,0.5778416991233826,0.07274094223976135,-0.33514901995658875,0.6963365077972412,0.2427060604095459,-1.0942468643188477
0.4551758749999989,0.0034223749999999996,133.0,4.317569995718341,-0.6444965731126392,1.4047206655047622,-0.0005288119124315983,-0.000134363019705208,-0.00023837673057576283,0.06715604861438322,-0.07700684666633606,0.1937130242586136,-0.17761990427970886,1.0052876472473145,0.43531495332717896,-0.950270414352417,0.6278674602508545,0.07908895611763,-0.28877848386764526,0.6858978271484375,0.18314898014068604,-1.0837056636810303
0.4551758749999989,0.0034223749999999996,133.0,4.286563379756019,-0.6137411918526441,1.4050364390765326,-0.00033152122593239555,-8.435817227878425e-5,-0.0001500734992984681,0.06719502865679092,-0.07525363564491272,0.1928914338350296,-0.1800529658794403,0.9907387495040894,0.4169500768184662,-0.9422702789306641,0.6534156203269958,0.08504506945610046,-0.25104793906211853,0.6698710918426514,0.13347820937633514,-1.0749492645263672
0.4551758749999989,0.0034223749999999996,133.0,4.254579504677157,-0.5821773605709013,1.405246552591852,-0.00015462396161479026,-3.9851263129257886e-5,-7.036230436622629e-5,0.06722108311013902,-0.07284700870513916,0.19092068076133728,-0.18324008584022522,0.9721797108650208,0.39791667461395264,-0.9345455169677734,0.6859477162361145,0.09279012680053711,-0.20760266482830048,0.6522643566131592,0.08305191248655319,-1.0640324354171753
0.4551758749999989,0.0034223749999999996,133.0,4.221590173122594,-0.5504566569761238,1.4055490649627178,1.7098962893264544e-5,4.552130028722389e-6,7.832695794951228e-6,0.06723753285618665,-0.07069200277328491,0.1877453625202179,-0.18738961219787598,0.9502536654472351,0.3852495551109314,-0.9256150722503662,0.728995144367218,0.10110798478126526,-0.16086044907569885,0.6352014541625977,0.032749712467193604,-1.0503926277160645
0.4551758749999989,0.0034223749999999996,133.0,4.187697925793187,-0.5173799352797234,1.4057514057661782,0.0001885127437519746,5.1095717054502083e-5,8.675415212891434e-5,0.06724747145438087,-0.06922587752342224,0.18559381365776062,-0.1907133311033249,0.9297935366630554,0.3649507462978363,-0.9143972396850586,0.7672744393348694,0.1082216203212738,-0.11286860704421997,0.6175286769866943,-0.02391865663230419,-1.036914587020874
0.4551758749999989,0.0034223749999999996,133.0,4.152899326486696,-0.48299240081790223,1.4058212241119739,0.00037384054140613375,0.00010182855627982402,0.00017270026846542168,0.06725067713786345,-0.06782689690589905,0.18517400324344635,-0.1922350823879242,0.9141969084739685,0.3435414135456085,-0.9038276672363281,0.789099931716919,0.11228799819946289,-0.07356848567724228,0.5974781513214111,-0.07622221112251282,-1.025183081626892
0.4551758749999989,0.0034223749999999996,133.0,4.11724601043967,-0.4482622945966116,1.4060694863565866,0.0005186997687720663,0.00014352833785738194,0.0002411806927933188,0.06725541362679789,-0.06646782159805298,0.1829843372106552,-0.19515137374401093,0.892510712146759,0.3222668170928955,-0.8913500308990479,0.8252072930335999,0.11907359957695007,-0.025444375351071358,0.5782885551452637,-0.1301613599061966,-1.0101523399353027
0.4551758749999989,0.0034223749999999996,133.0,4.0805863040532735,-0.4127085662050387,1.4064408701542412,0.0006812559157657941,0.00019098469819141248,0.000320036128338393,0.06725664200592903,-0.06512314081192017,0.18062247335910797,-0.1979512721300125,0.8689188957214355,0.2997065484523773,-0.8773736953735352,0.8623883724212646,0.12596341967582703,0.025200380012392998,0.5580136775970459,-0.18451130390167236,-0.9933160543441772
0.4551758749999989,0.0034223749999999996,133.0,4.0432867729964235,-0.3763910769581271,1.4067941589150805,0.0008540351709734721,0.00024256949010954593,0.00040448265816083574,0.06725370251102898,-0.06367778778076172,0.17808791995048523,-0.20050908625125885,0.8434840440750122,0.27526718378067017,-0.861879825592041,0.8999187350273132,0.13272392749786377,0.07903356850147247,0.5360910892486572,-0.23869681358337402,-0.9745016098022461
0.4551758749999989,0.0034223749999999996,133.0,4.005057265128783,-0.33926879034999063,1.4072145307272312,0.0010493775162863385,0.0003014248256745915,0.0005027105135240605,0.0672465910300361,-0.06225493550300598,0.175416499376297,-0.20277447998523712,0.8165526986122131,0.24945420026779175,-0.8445422649383545,0.9367679953575134,0.13938415050506592,0.13445831835269928,0.5130043029785156,-0.2909518778324127,-0.954092264175415
0.4551758749999989,0.0034223749999999996,133.0,3.9661962489344305,-0.30134454425630497,1.4075932968009466,0.0012345489188235713,0.0003580820421361898,0.0005966038096349838,0.06723679759405472,-0.060713350772857666,0.1725512146949768,-0.20469927787780762,0.7878279685974121,0.22166138887405396,-0.8250999450683594,0.9728938341140747,0.14588159322738647,0.19268111884593964,0.4880330562591553,-0.34099724888801575,-0.9317317008972168
0.4551758749999989,0.0034223749999999996,133.0,3.9261740741799773,-0.2629205053878197,1.4082169924416976,0.00135353195982838,0.0004010294117496018,0.000658955739067504,0.06720854326613215,-0.060209304094314575,0.17026284337043762,-0.20611748099327087,0.7587093114852905,0.1935623586177826,-0.7985825538635254,1.007895588874817,0.1509099304676056,0.2524561285972595,0.4634983539581299,-0.39202556014060974,-0.9074853658676147
0.4551758749999989,0.0034223749999999996,133.0,3.8852590943875644,-0.22333869874829976,1.408904791918899,0.0015043162323522248,0.00044881599433287995,0.0007447052492432357,0.06718693051755856,-0.0589253306388855,0.16531068086624146,-0.2077168971300125,0.7216609716415405,0.1672777384519577,-0.7726254463195801,1.051651120185852,0.158988356590271,0.32282790541648865,0.43674707412719727,-0.4303627610206604,-0.8784629106521606
0.4551758749999989,0.0034223749999999996,133.0,3.8432496314134514,-0.18214040108178847,1.4089010929272745,0.001650227560902792,0.0004929689235409173,0.0008337043530605609,0.06714592258036726,-0.05686339735984802,0.16224150359630585,-0.20776157081127167,0.6906232833862305,0.13588771224021912,-0.7471280097961426,1.0764636993408203,0.16351574659347534,0.3830823004245758,0.40674328804016113,-0.4661521017551422,-0.8518602848052979
0.4551758749999989,0.0034223749999999996,133.0,3.8014837723887935,-0.14019993777516415,1.412583308204874,0.0017849444097277451,0.000526310676414573,0.0009268167013617325,0.06707186644708518,-0.05629301071166992,0.15596511960029602,-0.20769798755645752,0.6468654870986938,0.11328547447919846,-0.7097136974334717,1.1173052787780762,0.1732189655303955,0.45610010623931885,0.3815145492553711,-0.4783920645713806,-0.8178269863128662
0.4551758749999989,0.0034223749999999996,133.0,3.756042615580483,-0.09709621655104915,1.4130927879618322,0.0018766428206345646,0.0005757564662790119,0.000995486756189877,0.066940498503787,-0.05745384097099304,0.15417636930942535,-0.20671489834785461,0.6236002445220947,0.09734842926263809,-0.6728599071502686,1.134697437286377,0.1728510856628418,0.5071331858634949,0.3637697696685791,-0.5007284879684448,-0.7941367030143738
0.4551758749999989,0.0034223749999999996,133.0,3.7045695585304657,-0.047928220455695544,1.4133943212853504,0.0018298980885889029,0.0005129862994388984,0.0010961711115237507,0.06662427937197804,-0.06241843104362488,0.16553814709186554,-0.2086133360862732,0.6773074865341187,0.12980523705482483,-0.7235281467437744,1.0746803283691406,0.1525745689868927,0.41817712783813477,0.4182717800140381,-0.49745848774909973,-0.8277356624603271
0.4551758749999989,0.0034223749999999996,133.0,3.6398026262187733,0.017303323420306143,1.4117490797994907,0.001677815966838384,-0.00011284411334923026,0.0013182686398690987,0.06533877998711543,-0.09379684925079346,0.20034976303577423,-0.1684575080871582,0.8026924729347229,0.27874207496643066,-0.6672780513763428,0.44278988242149353,0.14439311623573303,-0.7663614153862,0.9621024131774902,0.2388966977596283,-0.9441654682159424
0.4551758749999989,0.0034223749999999996,133.0,3.5590202339865056,0.03801301053713025,1.410559909451802,0.00010473556834402895,1.5607082808876875e-6,7.962002881156316e-5,0.06389584213643323,-0.15195313096046448,0.2274198979139328,-0.09824329614639282,0.8273500204086304,0.1956876814365387,-0.41712212562561035,-0.3071233928203583,0.24525398015975952,-1.6668142080307007,1.530341625213623,0.9165864586830139,-1.0679166316986084
0.4551758749999989,0.0034223749999999996,133.0,3.5885019177862887,0.07945579629833814,1.4251737410155014,-0.001837816111502205,9.61191184426951e-5,-0.0013023023571003827,0.06264740601982796,-0.2697015702724457,0.0668887123465538,0.040584564208984375,1.1988379955291748,0.09960798174142838,-0.04328036308288574,-0.18471674621105194,-0.303985595703125,-1.241551160812378,1.4751296043395996,1.0415313243865967,-0.8886544704437256
0.4551758749999989,0.0034223749999999996,133.0,3.609102330760732,0.1337710760606486,1.4520581420846501,-0.0022384401417996883,0.0006099662175568993,-0.0012891751383262273,0.06087717108611876,-0.3394821584224701,0.05475272610783577,0.14338335394859314,1.3898144960403442,-0.40006279945373535,0.13268446922302246,-0.8231695890426636,-0.35425639152526855,-1.2111029624938965,1.5211663246154785,1.5286662578582764,-1.0255892276763916
0.4551758749999989,0.0034223749999999996,133.0,3.64738616519582,0.18211301737505195,1.4614877869855003,-0.0022756695978798053,0.0006959365157431025,-0.001212876994767465,0.060471578159714344,-0.34610798954963684,0.06753842532634735,0.16663137078285217,1.4802106618881226,-0.37859877943992615,0.12026643753051758,-0.876812756061554,-0.3650973439216614,-1.2743399143218994,1.4635064601898193,1.3612637519836426,-1.1045867204666138
0.4551758749999989,0.0034223749999999996,133.0,3.6912982661751537,0.22634554901795942,1.4659485806646555,-0.002163808186300361,0.000654964017216842,-0.0011075758543080175,0.06046463738936176,-0.3413446247577667,0.0803878903388977,0.17743459343910217,1.5308092832565308,-0.27628275752067566,0.0765981674194336,-0.8666014671325684,-0.3744651675224304,-1.374497413635254,1.4146630764007568,1.2536269426345825,-1.1453731060028076
0.4551758749999989,0.0034223749999999996,133.0,3.7352481557482484,0.26818147930982617,1.4698492603265274,-0.001984465774839977,0.0005997492469646648,-0.0009885746381777805,0.06053822400576225,-0.33654412627220154,0.0880734995007515,0.18322697281837463,1.561637282371521,-0.20995843410491943,0.03966712951660156,-0.8660920262336731,-0.3826422691345215,-1.4498491287231445,1.3770079612731934,1.1997337341308594,-1.1677700281143188
0.4551758749999989,0.0034223749999999996,133.0,3.779278674146671,0.30860179427496204,1.472642107066537,-0.001761958312158584,0.0005306179162375147,-0.0008485252912760842,0.06069054850130511,-0.3302399218082428,0.0924774557352066,0.18991902470588684,1.5924179553985596,-0.15182161331176758,-0.0014798641204833984,-0.8822278380393982,-0.4021413326263428,-1.494451642036438,1.3226041793823242,1.1678667068481445,-1.1787344217300415
0.4551758749999989,0.0034223749999999996,133.0,3.822073077655016,0.3483567888084797,1.474608966166812,-0.0016565147620879455,0.000494765460280915,-0.0007837982794843666,0.06082780412910257,-0.3253103792667389,0.09701348841190338,0.19247832894325256,1.6087909936904907,-0.10298725217580795,-0.03541231155395508,-0.8802856206893921,-0.4088781476020813,-1.548115849494934,1.2968647480010986,1.1469558477401733,-1.1882598400115967
0.4551758749999989,0.0034223749999999996,133.0,3.8643850429181894,0.3876770381480709,1.4772777529513346,-0.0014175530714791952,0.00042213369607445425,-0.0006559918826659321,0.06091874915588503,-0.3210865557193756,0.10211276262998581,0.19475588202476501,1.626020908355713,-0.06390564888715744,-0.06394267082214355,-0.8825628161430359,-0.41256892681121826,-1.5967273712158203,1.2742750644683838,1.1269230842590332,-1.2017035484313965
0.4551758749999989,0.0034223749999999996,133.0,3.9058484541659833,0.4261260825351773,1.4802220482898236,-0.001234099247942185,0.0003672555633769129,-0.0005575701153849447,0.06101257141819195,-0.31774255633354187,0.10596701502799988,0.19447705149650574,1.6337331533432007,-0.02288646250963211,-0.09058237075805664,-0.8735806345939636,-0.4143223166465759,-1.648107647895813,1.2688777446746826,1.1228293180465698,-1.2077049016952515
0.4551758749999989,0.0034223749999999996,133.0,3.9461130290850086,0.46382576985098456,1.4825130021503519,-0.0010040434689855867,0.00029817921205709924,-0.0004426926463725703,0.061102441394043465,-0.3130171000957489,0.11245418339967728,0.20068618655204773,1.664549708366394,0.03518255054950714,-0.12736892700195312,-0.8819451332092285,-0.43147385120391846,-1.6796432733535767,1.22654390335083,1.0821317434310913,-1.221108078956604
0.4551758749999989,0.0034223749999999996,133.0,3.985673195866961,0.5004050655022738,1.4847061773416728,-0.0007981195883070866,0.00023822467042344244,-0.00034580769341981896,0.06119890515654622,-0.308894544839859,0.11564600467681885,0.2029399573802948,1.678918719291687,0.07214750349521637,-0.15621733665466309,-0.8871861100196838,-0.44094085693359375,-1.7086994647979736,1.2024989128112793,1.075061321258545,-1.2259554862976074
0.4551758749999989,0.0034223749999999996,133.0,4.024165182784351,0.5364418202229315,1.486793034253599,-0.000602940193140062,0.0001801661341738365,-0.00025587717030535126,0.0612747771223727,-0.30517587065696716,0.11886090785264969,0.20508930087089539,1.6926974058151245,0.10685782134532928,-0.18307137489318848,-0.8923803567886353,-0.4498360753059387,-1.7345472574234009,1.18074369430542,1.0682162046432495,-1.230797290802002
0.4551758749999989,0.0034223749999999996,133.0,4.061959664975502,0.5714239382953427,1.4890486959000486,-0.0004139524852987465,0.00012468972746040776,-0.00017266905980738392,0.061357802164406255,-0.3018200695514679,0.12326239049434662,0.208033949136734,1.7092889547348022,0.13468576967716217,-0.20722198486328125,-0.90030437707901,-0.4560919404029846,-1.7558456659317017,1.1574158668518066,1.051206350326538,-1.2410545349121094
0.4551758749999989,0.0034223749999999996,133.0,4.098726097125882,0.6056075786250681,1.4910369439057218,-0.00023212909154465166,7.008241490072223e-5,-9.503899163645609e-5,0.06142902762385754,-0.2986999452114105,0.12610608339309692,0.21024778485298157,1.7219245433807373,0.16340294480323792,-0.23069095611572266,-0.9071024060249329,-0.4647940993309021,-1.7720621824264526,1.137218952178955,1.0449345111846924,-1.2449488639831543
0.4551758749999989,0.0034223749999999996,133.0,4.1341827322762965,0.6387097680723395,1.4923852845663905,-6.900232168213494e-5,2.107237524228484e-5,-2.8064679673192203e-5,0.06152025443954383,-0.295916885137558,0.12862735986709595,0.21209272742271423,1.7328590154647827,0.18931449949741364,-0.2522759437561035,-0.9126997590065002,-0.47230011224746704,-1.787806749343872,1.1206140518188477,1.0418903827667236,-1.2483714818954468
0.4551758749999989,0.0034223749999999996,133.0,4.168531208996528,0.6709929032594973,1.4935911342131398,0.0001487929888995134,-4.594720832853134e-5,5.9877392460554e-5,0.0615719831807068,-0.29382428526878357,0.12868312001228333,0.20910826325416565,1.7269248962402344,0.1864943951368332,-0.25938844680786133,-0.9172292351722717,-0.462943971157074,-1.8108680248260498,1.1284887790679932,1.0671666860580444,-1.2520368099212646
0.4551758749999989,0.0034223749999999996,133.0,4.203332952670841,0.7007092294874241,1.493812311606048,0.0003509710868612121,-0.00010802281656193352,0.00013729539829120173,0.0617645703029455,-0.28912821412086487,0.12917377054691315,0.21323207020759583,1.7401254177093506,0.21027053892612457,-0.286787748336792,-0.9358365535736084,-0.47885459661483765,-1.802874207496643,1.0881290435791016,1.0627107620239258,-1.249205231666565
0.4551758749999989,0.0034223749999999996,133.0,4.236116421049848,0.7316030262051967,1.4954904378225462,0.0005546286512720367,-0.00017225069316077738,0.00021373561765093742,0.06181372310810664,-0.2863994538784027,0.13410194218158722,0.21849671006202698,1.7621793746948242,0.2433440387248993,-0.3117942810058594,-0.9469857215881348,-0.4930538535118103,-1.8054310083389282,1.0548734664916992,1.0311989784240723,-1.2568637132644653
0.4551758749999989,0.0034223749999999996,133.0,4.268421436117516,0.7619961446554823,1.4977919810812093,0.0007970753784698096,-0.0002485402648073194,0.0003011824620579611,0.061826189961953104,-0.28480347990989685,0.13412705063819885,0.21395686268806458,1.7528128623962402,0.24629750847816467,-0.31740570068359375,-0.9428085088729858,-0.48135197162628174,-1.8333537578582764,1.0733084678649902,1.0613638162612915,-1.2595410346984863
0.4551758749999989,0.0034223749999999996,133.0,4.299969777382175,0.791650956104518,1.5002525006588885,0.0009705562793578412,-0.00030320908535368037,0.00035914714119430005,0.06185653058009933,-0.28234997391700745,0.1402837485074997,0.21992453932762146,1.7783911228179932,0.2875657379627228,-0.34435462951660156,-0.9502454996109009,-0.49858373403549194,-1.8350268602371216,1.0378780364990234,1.0210074186325073,-1.2676550149917603
0.4551758749999989,0.0034223749999999996,133.0,4.3305594135943615,0.8201859937093232,1.5028938613683585,0.0011927874491528088,-0.00037576646415295965,0.0004304998772796783,0.061869249890343085,-0.27983996272087097,0.1414729356765747,0.2219184935092926,1.7863409519195557,0.30000951886177063,-0.3587076663970947,-0.9636188745498657,-0.5051890015602112,-1.8329912424087524,1.016981601715088,1.017541527748108,-1.2689566612243652
0.4551758749999989,0.0034223749999999996,133.0,4.3601719833580335,0.8473878437878133,1.5042201469960905,0.0013606618114490668,-0.00043279636204016537,0.0004856632860170612,0.061931003710650336,-0.2772352993488312,0.14452849328517914,0.22490903735160828,1.7988430261611938,0.32663822174072266,-0.3799612522125244,-0.9681609272956848,-0.5151320099830627,-1.834529995918274,0.9936721324920654,1.0033481121063232,-1.2714580297470093
0.4551758749999989,0.0034223749999999996,133.0,4.388950246035228,0.8739284985985123,1.505888013971372,0.0015489326814960435,-0.0004964032278804248,0.0005453285462309277,0.06197447875502814,-0.2751164138317108,0.14485113322734833,0.22411975264549255,1.7981743812561035,0.3343685269355774,-0.39059901237487793,-0.9725774526596069,-0.5135758519172668,-1.8434070348739624,0.9904441833496094,1.0163719654083252,-1.2724909782409668
0.4551758749999989,0.0034223749999999996,133.0,4.416999544529809,0.8997671333000831,1.5075207692632342,0.0017743207954730395,-0.0005707003078427858,0.0006175058656096174,0.06202330990456242,-0.2734079658985138,0.14714226126670837,0.22542539238929749,1.805985450744629,0.35763487219810486,-0.4072532653808594,-0.9722857475280762,-0.5195682644844055,-1.8507380485534668,0.9797449111938477,1.0137362480163574,-1.274353265762329
0.4551758749999989,0.0034223749999999996,133.0,4.44403496474242,0.9246156051502127,1.5092058744686574,0.002005728946764107,-0.0006486344128021,0.0006839073735020354,0.06204739188627941,-0.2711889445781708,0.14639055728912354,0.22515127062797546,1.804900884628296,0.35620155930519104,-0.4141414165496826,-0.9846652150154114,-0.5184155106544495,-1.8501977920532227,0.9706366062164307,1.0255460739135742,-1.2745097875595093
0.4551758749999989,0.0034223749999999996,133.0,4.4700997857879265,0.9483759902647101,1.5105378495660349,0.002258159320496588,-0.0007383576078027774,0.0007616010396002072,0.062094494209216394,-0.269196480512619,0.14906910061836243,0.22845306992530823,1.8168654441833496,0.37659066915512085,-0.4315941333770752,-0.9914001822471619,-0.5280631184577942,-1.8459736108779907,0.9473416805267334,1.009781837463379,-1.2767345905303955
0.4551758749999989,0.0034223749999999996,133.0,4.495237986464975,0.9715748986437602,1.5120890147911332,0.002444719947693119,-0.0008067323346095608,0.0008152514020153763,0.062132983112593854,-0.26763495802879333,0.14921678602695465,0.22827383875846863,1.8171837329864502,0.3820366859436035,-0.4399261474609375,-0.9969120025634766,-0.5277679562568665,-1.8500293493270874,0.9430294036865234,1.0193902254104614,-1.2774479389190674
0.4551758749999989,0.0034223749999999996,133.0,4.5194804092638785,0.9939930120032722,1.5136481775244646,0.0026855258678320495,-0.0008889379981156402,0.0008816501047270077,0.06216301828437815,-0.26624390482902527,0.15030129253864288,0.22959312796592712,1.8224241733551025,0.39515453577041626,-0.4514298439025879,-1.00184166431427,-0.5324782729148865,-1.85071861743927,0.9322338104248047,1.019251823425293,-1.2779964208602905
0.4551758749999989,0.0034223749999999996,133.0,4.5429580085754235,1.0158844727366374,1.515346389459786,0.0029266674279174697,-0.0009767923409538639,0.0009496760370997989,0.06219765085991803,-0.2649814784526825,0.15363933145999908,0.23288390040397644,1.8354320526123047,0.41634559631347656,-0.466480016708374,-1.0061781406402588,-0.5422859787940979,-1.8478578329086304,0.9117882251739502,0.9992905855178833,-1.281085729598999
0.4551758749999989,0.0034223749999999996,133.0,4.5655973421812925,1.0362408205902363,1.5161687003937425,0.003181322947804038,-0.001069599549406968,0.0010218625636905598,0.06222413853036903,-0.2632703483104706,0.1515195667743683,0.22956499457359314,1.8246591091156006,0.40863558650016785,-0.46883559226989746,-1.0104196071624756,-0.5319933295249939,-1.857842206954956,0.9225015640258789,1.0307530164718628,-1.280893325805664
0.4551758749999989,0.0034223749999999996,133.0,4.587292579744869,1.0558888497525751,1.5174799133432946,0.003435984941081784,-0.0011687930044973647,0.0010923282712349365,0.062250178983334105,-0.26171454787254333,0.15206152200698853,0.2306213080883026,1.8278838396072388,0.4137255847454071,-0.4772343635559082,-1.0189577341079712,-0.5343800187110901,-1.8543537855148315,0.9107158184051514,1.0299385786056519,-1.2817363739013672
0.4551758749999989,0.0034223749999999996,133.0,4.607877811753819,1.0755603546656818,1.5195518582187286,0.003639476399564019,-0.0012409184454003602,0.001137814444714126,0.0622579608882789,-0.26117101311683655,0.1535731703042984,0.23211631178855896,1.8342734575271606,0.42650097608566284,-0.4855661392211914,-1.0226536989212036,-0.5394073128700256,-1.8554472923278809,0.9029197692871094,1.0256373882293701,-1.2830817699432373
0.4551758749999989,0.0034223749999999996,133.0,4.627737078327004,1.0938390325760534,1.5207771259268443,0.003865074447826033,-0.0013252432177384306,0.0011943988314378122,0.06228080895702771,-0.2599218785762787,0.15516935288906097,0.23444822430610657,1.8417549133300781,0.43614572286605835,-0.4954953193664551,-1.030532956123352,-0.5452834963798523,-1.8501027822494507,0.8864133358001709,1.0147452354431152,-1.2846158742904663
0.4551758749999989,0.0034223749999999996,133.0,4.646860020982341,1.110705134117968,1.521197719016549,0.004054167581348923,-0.0014036582322907328,0.0012465961101769093,0.062331209581220126,-0.2582522928714752,0.1545761078596115,0.23425069451332092,1.8396984338760376,0.4358160197734833,-0.5017569065093994,-1.0377699136734009,-0.5437188744544983,-1.8498166799545288,0.8811688423156738,1.0243351459503174,-1.284214973449707
0.4551758749999989,0.0034223749999999996,133.0,4.664614802707295,1.1278408975016767,1.5226724238974885,0.004282350247309044,-0.0014898477336065452,0.0013115622294789654,0.062341347598085704,-0.25797006487846375,0.15588419139385223,0.23362663388252258,1.8406703472137451,0.44617828726768494,-0.508181095123291,-1.0344409942626953,-0.5421034693717957,-1.8613502979278564,0.8868625164031982,1.0310962200164795,-1.2869246006011963
0.4551758749999989,0.0034223749999999996,133.0,4.682259755145339,1.143331899292534,1.5241239086597747,0.004481503915891124,-0.0015765200256931513,0.0013490372408996659,0.06237205363732667,-0.25651052594184875,0.15679724514484406,0.2358957827091217,1.8469445705413818,0.45345795154571533,-0.5164556503295898,-1.0431544780731201,-0.5483775734901428,-1.8531900644302368,0.8683242797851562,1.0205824375152588,-1.2868447303771973
0.4551758749999989,0.0034223749999999996,133.0,4.698840568035786,1.1577601695729463,1.524845494092985,0.004676884486497666,-0.0016572793447178183,0.001395263895269606,0.062411636119075256,-0.2547437846660614,0.15644823014736176,0.2363947331905365,1.8465626239776611,0.4571494162082672,-0.5239520072937012,-1.048719048500061,-0.5496535897254944,-1.8493142127990723,0.8582336902618408,1.024436116218567,-1.2852264642715454
0.4551758749999989,0.0034223749999999996,133.0,4.714621810284594,1.1713018590943787,1.5252835424576028,0.004824495371655848,-0.0017224115221253142,0.0014319824766981276,0.062462626430965305,-0.25245991349220276,0.15505652129650116,0.2362554371356964,1.8432683944702148,0.4608496129512787,-0.5312843322753906,-1.0529946088790894,-0.5509091019630432,-1.8437163829803467,0.8473353385925293,1.034114122390747,-1.2807527780532837
0.4551758749999989,0.0034223749999999996,133.0,4.7295280456766156,1.1845066247886296,1.5260512963121904,0.004964598376393813,-0.0017733830970329204,0.001454352468786578,0.062498295450334015,-0.2500496208667755,0.15556600689888,0.23740056157112122,1.8445087671279907,0.46533313393592834,-0.5400605201721191,-1.0577067136764526,-0.5535125136375427,-1.8333659172058105,0.8288495540618896,1.0255588293075562,-1.2793482542037964
0.4551758749999989,0.0034223749999999996,133.0,4.743445552543498,1.19676940142207,1.5267809588095158,0.005105873895901611,-0.0018375181750594576,0.0014882077224041858,0.06254033495427386,-0.24754610657691956,0.154122993350029,0.23686280846595764,1.8398514986038208,0.46812987327575684,-0.5469026565551758,-1.0597702264785767,-0.553111732006073,-1.828302264213562,0.8180725574493408,1.0343906879425049,-1.2751702070236206
0.4551758749999989,0.0034223749999999996,133.0,4.756178340273224,1.2085474358260329,1.5275404698585646,0.0052588816152077545,-0.0019024177655290932,0.001523050935956893,0.06257505986484466,-0.2459876835346222,0.15452314913272858,0.23882576823234558,1.8435184955596924,0.4789242744445801,-0.5565176010131836,-1.0614545345306396,-0.5593785643577576,-1.8206989765167236,0.8005976676940918,1.0278204679489136,-1.2725143432617188
0.4551758749999989,0.0034223749999999996,133.0,4.767627606067592,1.2206143075897087,1.5291189667116014,0.005420713554037338,-0.001963784736456384,0.00155926901975061,0.06258604171198522,-0.24587425589561462,0.15683308243751526,0.2400217354297638,1.8492494821548462,0.4970564842224121,-0.5652618408203125,-1.0535902976989746,-0.5640830397605896,-1.8250246047973633,0.7960870265960693,1.01981520652771,-1.2735249996185303
0.4551758749999989,0.0034223749999999996,133.0,4.778060548664466,1.2325310838757337,1.5308037461458812,0.005586732731198087,-0.0020085952643360415,0.0015909829664125048,0.06257865724776983,-0.24654534459114075,0.16112561523914337,0.2407020628452301,1.8565934896469116,0.5192187428474426,-0.5747430324554443,-1.038494348526001,-0.5665250420570374,-1.8378640413284302,0.7997441291809082,1.007358193397522,-1.278432846069336
0.4551758749999989,0.0034223749999999996,133.0,4.78774328473975,1.24286109817417,1.5322343192360757,0.005763327396127429,-0.0020795792269248372,0.0016365423359460886,0.0625977946223859,-0.2468942105770111,0.16502360999584198,0.24363121390342712,1.867919921875,0.5396082401275635,-0.5844812393188477,-1.0317471027374268,-0.5752840638160706,-1.83719801902771,0.7875676155090332,0.9832652807235718,-1.2808570861816406
0.4551758749999989,0.0034223749999999996,133.0,4.796720858222981,1.2536904859372737,1.5345349070081742,0.006002623670771465,-0.002186757436931107,0.0017213746494143813,0.0624794511503674,-0.24815592169761658,0.1677253246307373,0.24252530932426453,1.8710829019546509,0.5593727231025696,-0.5883195400238037,-1.0153135061264038,-0.5746589303016663,-1.8539150953292847,0.8014428615570068,0.9848068952560425,-1.284744143486023
0.4551758749999989,0.0034223749999999996,133.0,4.8043936356095145,1.262950391480286,1.535962769894588,0.00627602723807635,-0.0022904757893012547,0.001799512998141855,0.062489176148331896,-0.24905332922935486,0.17119085788726807,0.24301829934120178,1.8776394128799438,0.5783781409263611,-0.5944154262542725,-1.002356767654419,-0.577644407749176,-1.8629342317581177,0.8044242858886719,0.9735785722732544,-1.288306713104248
0.4551758749999989,0.0034223749999999996,133.0,4.811472571218575,1.2707828845024152,1.5370400432595126,0.0067038071950271646,-0.0024379365095352594,0.001907944489284661,0.062496668806536954,-0.24934247136116028,0.17404626309871674,0.24518707394599915,1.8861445188522339,0.5946165323257446,-0.6007506847381592,-0.9976133108139038,-0.5850799679756165,-1.8586162328720093,0.7931547164916992,0.9529362320899963,-1.2892446517944336
0.4551758749999989,0.0034223749999999996,133.0,4.81749551298661,1.2779965967878453,1.5380625687129368,0.007402586536287042,-0.0027082342352803203,0.002108747453353242,0.06251279834247542,-0.24980619549751282,0.17700771987438202,0.24652990698814392,1.893674612045288,0.6095594763755798,-0.606438159942627,-0.9912406802177429,-0.5896657109260559,-1.8571630716323853,0.78635573387146,0.9340179562568665,-1.2920993566513062
0.4551758749999989,0.0034223749999999996,133.0,4.822988460755857,1.2839677936063514,1.538871527619693,0.009009875949572381,-0.0033025297197252427,0.0025433664511811636,0.06252410238484668,-0.24941334128379822,0.17837385833263397,0.24801775813102722,1.8994033336639404,0.617039680480957,-0.6121358871459961,-0.9937213659286499,-0.5920937657356262,-1.846289038658142,0.7723538875579834,0.9155703186988831,-1.2952975034713745
0.4551758749999989,0.0034223749999999996,133.0,4.82739258747847,1.288322724806199,1.5395570570003427,0.016660568838207265,-0.006266860119892488,0.004612263647326435,0.06255822898758992,-0.24845311045646667,0.17494015395641327,0.2486850917339325,1.9053596258163452,0.6237686276435852,-0.6216301918029785,-1.0134446620941162,-0.5877376198768616,-1.8121007680892944,0.7489023208618164,0.9059342741966248,-1.3056063652038574
0.4551758749999989,0.0034223749999999996,133.0,4.851296424741145,-1.1937744975654854,1.3995647026426463,-0.014689033537717309,-0.0014545368658886533,-0.006449372102040957,0.06693908735621976,-0.07517865300178528,0.21112821996212006,-0.08292773365974426,1.1601542234420776,0.5624117255210876,-1.219609022140503,-0.16829852759838104,-0.014536082744598389,-0.8988175988197327,0.7199561595916748,1.0968350172042847,-1.1465493440628052
0.4551758749999989,0.0034223749999999996,133.0,4.846538489237605,-1.1884045080733794,1.3997313322377014,-0.007911325599908325,-0.0007791812505271341,-0.0035220055241831994,0.06691025274326576,-0.07718175649642944,0.21379691362380981,-0.08248719573020935,1.162511944770813,0.5688069462776184,-1.2200965881347656,-0.15579603612422943,-0.017268598079681396,-0.897037923336029,0.7516100406646729,1.0718488693237305,-1.1457128524780273
0.4551758749999989,0.0034223749999999996,133.0,4.840623725920887,-1.1825921654862073,1.3994612639802702,-0.006498203417201645,-0.0006596702346145613,-0.0028976563283754898,0.06688523055222434,-0.07901105284690857,0.213981494307518,-0.08520027995109558,1.1641275882720947,0.5769913196563721,-1.2076406478881836,-0.12894165515899658,-0.01830202341079712,-0.8931472301483154,0.761197566986084,1.0531642436981201,-1.1462763547897339
0.4551758749999989,0.0034223749999999996,133.0,4.8339840776495056,-1.176369761664778,1.398941216346064,-0.005875120944171611,-0.0006289760078364374,-0.0026225218014228387,0.06686466177000513,-0.08073318004608154,0.21395047008991241,-0.08800968527793884,1.1657735109329224,0.5840969085693359,-1.1951124668121338,-0.10279349982738495,-0.01924973726272583,-0.8881838917732239,0.7673149108886719,1.0363284349441528,-1.1469887495040894
0.4551758749999989,0.0034223749999999996,133.0,4.826170296987253,-1.169116056516801,1.3983960651586442,-0.005517796219919186,-0.0006114230922057598,-0.00245405773662416,0.06683776622531577,-0.0831955075263977,0.21461600065231323,-0.090186208486557,1.16957688331604,0.5861274600028992,-1.1839573383331299,-0.07929843664169312,-0.02149808406829834,-0.8817217350006104,0.773139476776123,1.012625813484192,-1.1484395265579224
0.4551758749999989,0.0034223749999999996,133.0,4.81727761916092,-1.1632098734786773,1.395119718247562,-0.005258990707959164,-0.0006720951077435732,-0.0023466509795801813,0.06688415444958308,-0.08286550641059875,0.21284842491149902,-0.09402796626091003,1.164547085762024,0.5880134105682373,-1.1729342937469482,-0.04734532907605171,-0.018339455127716064,-0.8664825558662415,0.7743368148803711,0.9997587203979492,-1.1467323303222656
0.4551758749999989,0.0034223749999999996,133.0,4.807752325141192,-1.154751002931221,1.394107787292008,-0.005049379226889445,-0.0006908694690018994,-0.0022509864195477186,0.06685598897364264,-0.08532464504241943,0.2120235711336136,-0.0988985002040863,1.1658270359039307,0.5976933240890503,-1.1531000137329102,-0.0032841963693499565,-0.019260048866271973,-0.856052815914154,0.7808921337127686,0.9749665260314941,-1.147193431854248
0.4551758749999989,0.0034223749999999996,133.0,4.797550696725934,-1.145164869780976,1.3935036908042504,-0.004892815709881974,-0.0006936914161232257,-0.0021777111948758586,0.06683823709365154,-0.08756613731384277,0.21253333985805511,-0.10130152106285095,1.1683526039123535,0.5954629182815552,-1.142615556716919,0.02014860510826111,-0.020270466804504395,-0.8457406163215637,0.7857823371887207,0.9485732913017273,-1.1485768556594849
0.4551758749999989,0.0034223749999999996,133.0,4.78642555245761,-1.135023904239525,1.3925396169967033,-0.004749923022364182,-0.0007252488775478952,-0.0021137151727226005,0.06680696661135321,-0.08995893597602844,0.2112113982439041,-0.10699304938316345,1.1675188541412354,0.5996038913726807,-1.1219215393066406,0.07097439467906952,-0.01916491985321045,-0.8290154337882996,0.7932097911834717,0.9160572290420532,-1.1489331722259521
0.4551758749999989,0.0034223749999999996,133.0,4.774391009221852,-1.1241220339499718,1.391670169099477,-0.004604937780847778,-0.0007516612131960677,-0.0020520347554616016,0.06678320042068962,-0.09257456660270691,0.21037285029888153,-0.11196580529212952,1.1679036617279053,0.6043543219566345,-1.102893352508545,0.11560787260532379,-0.019354164600372314,-0.8139700889587402,0.7997708320617676,0.8857160806655884,-1.149165391921997
0.4551758749999989,0.0034223749999999996,133.0,4.761892037867116,-1.1122786022889746,1.3911182107842375,-0.00447070765823004,-0.0007602602915990783,-0.0019929924117533812,0.06677805222926007,-0.0938272476196289,0.20998609066009521,-0.11523622274398804,1.1664772033691406,0.6003895401954651,-1.0924897193908691,0.14228245615959167,-0.01741969585418701,-0.7988081574440002,0.8037216663360596,0.8608418703079224,-1.1496007442474365
0.4551758749999989,0.0034223749999999996,133.0,4.7488488903513595,-1.09980010605126,1.3906230914763105,-0.004335671935804049,-0.0007643572311287583,-0.0019301053840979196,0.0667717169627256,-0.09451159834861755,0.2097354531288147,-0.1178010106086731,1.164966344833374,0.6010199189186096,-1.0849013328552246,0.1612856239080429,-0.01601654291152954,-0.7862426042556763,0.8057632446289062,0.8472172021865845,-1.1494324207305908
0.4551758749999989,0.0034223749999999996,133.0,4.735187251381442,-1.0860413608123396,1.3906802221885302,-0.004219046981333796,-0.0007427623931494204,-0.001876958459071276,0.06679344247176355,-0.0940750241279602,0.20920982956886292,-0.12026020884513855,1.1604965925216675,0.5943756103515625,-1.0804557800292969,0.17620083689689636,-0.011430561542510986,-0.770872950553894,0.8066055774688721,0.8309012055397034,-1.1494665145874023
0.4551758749999989,0.0034223749999999996,133.0,4.721114363423215,-1.0722279658906801,1.3904902421255603,-0.004066514588165296,-0.0007295235023791686,-0.0018121729504474568,0.06682928562407967,-0.09243941307067871,0.2080344557762146,-0.12293502688407898,1.153700351715088,0.5927901864051819,-1.0765745639801025,0.18980063498020172,-0.0056822896003723145,-0.7562335133552551,0.8044033050537109,0.8220410346984863,-1.148451566696167
0.4551758749999989,0.0034223749999999996,133.0,4.705592598766608,-1.0569646731249664,1.390388261477752,-0.0038788609349705797,-0.0007078498928782437,-0.001731546638282253,0.06684408249457004,-0.09169718623161316,0.20751921832561493,-0.1252555549144745,1.148964524269104,0.5879287123680115,-1.0721354484558105,0.2040272355079651,-0.0016068220138549805,-0.7414337992668152,0.8029367923736572,0.8043492436408997,-1.1477546691894531
0.4551758749999989,0.0034223749999999996,133.0,4.689377792672837,-1.0410086580125835,1.3904177564137654,-0.0037044093572960986,-0.0006843305681573621,-0.0016543968563006762,0.06686188655008256,-0.09123915433883667,0.20734667778015137,-0.1272619664669037,1.145380973815918,0.5859453678131104,-1.0675525665283203,0.2177610993385315,0.0010958313941955566,-0.7278632521629333,0.8007402420043945,0.7856389880180359,-1.146841287612915
0.4551758749999989,0.0034223749999999996,133.0,4.672287187121288,-1.024052518887124,1.3905044305094933,-0.0035071069919292374,-0.0006544942368304213,-0.0015668220447322835,0.0668796368368977,-0.09106862545013428,0.20772138237953186,-0.12872296571731567,1.1428604125976562,0.5770312547683716,-1.0643064975738525,0.22742368280887604,0.0032693147659301758,-0.7142672538757324,0.7980759143829346,0.7606295347213745,-1.1463898420333862
0.4551758749999989,0.0034223749999999996,133.0,4.655118305064383,-1.0067260759684722,1.390801904341038,-0.003317702071090977,-0.0006175595790295393,-0.0014842982157192335,0.06693023260297773,-0.087622731924057,0.20702557265758514,-0.12971439957618713,1.1342889070510864,0.5659681558609009,-1.0690205097198486,0.22456590831279755,0.010500431060791016,-0.6998916864395142,0.7892587184906006,0.7519670128822327,-1.1450752019882202
0.4551758749999989,0.0034223749999999996,133.0,4.636236528582625,-0.9879531431554511,1.390911632610009,-0.0031256714031270196,-0.0005875859393588978,-0.0013971392209601993,0.06693523383865099,-0.08810189366340637,0.20773287117481232,-0.13135752081871033,1.133033037185669,0.5610112547874451,-1.0628280639648438,0.2391694337129593,0.01097521185874939,-0.6847829818725586,0.7860682010650635,0.7216585278511047,-1.144179344177246
0.4551758749999989,0.0034223749999999996,133.0,4.616634746012779,-0.9687587142502804,1.3907962974871217,-0.0029505700330251816,-0.0005675417657714988,-0.001320771902719533,0.06695483478863294,-0.08728337287902832,0.20691975951194763,-0.13456961512565613,1.1263868808746338,0.5516564249992371,-1.056196928024292,0.2629773020744324,0.01592385768890381,-0.6618956327438354,0.7823798656463623,0.6899489760398865,-1.142453908920288
0.4551758749999989,0.0034223749999999996,133.0,4.5967456027530025,-0.9485825543974282,1.3911592139888482,-0.00272428392075402,-0.0005207129933246414,-0.0012198616442093792,0.06699386669145045,-0.085028737783432,0.20732936263084412,-0.13497889041900635,1.120609998703003,0.5377343893051147,-1.0590474605560303,0.26029491424560547,0.020892977714538574,-0.6463294625282288,0.7736730575561523,0.6711938977241516,-1.1415400505065918
0.4551758749999989,0.0034223749999999996,133.0,4.575128153461724,-0.9284330656880234,1.3906395961094076,-0.002496682357254806,-0.0005122891671339621,-0.0011199975898600809,0.06698799276513984,-0.08616822957992554,0.20460307598114014,-0.14215299487113953,1.1122907400131226,0.5451593399047852,-1.0380499362945557,0.32306772470474243,0.024649381637573242,-0.6147490739822388,0.7751662731170654,0.6247988343238831,-1.1371225118637085
0.4551758749999989,0.0034223749999999996,133.0,4.553266794966458,-0.9069833394085673,1.3906073295177903,-0.0022831430279993425,-0.00047566774438389386,-0.0010254566640734422,0.0670154975419223,-0.084078848361969,0.20294827222824097,-0.14563196897506714,1.1024223566055298,0.5397914052009583,-1.0326647758483887,0.3465380072593689,0.031135886907577515,-0.5908939838409424,0.7678055763244629,0.5987892150878906,-1.1338015794754028
0.4551758749999989,0.0034223749999999996,133.0,4.530335366542412,-0.8844108497685461,1.3905483916630677,-0.0020726013866375244,-0.00043966654276680726,-0.000929262884262784,0.06702593907704692,-0.08411902189254761,0.20290769636631012,-0.1482861042022705,1.0971226692199707,0.5284463167190552,-1.025226354598999,0.3694620430469513,0.03420040011405945,-0.5664770007133484,0.7630198001861572,0.5578216314315796,-1.1314330101013184
0.4551758749999989,0.0034223749999999996,133.0,4.506336504957175,-0.8601281904162059,1.3907163969119511,-0.001906232271769612,-0.00040050109640101114,-0.0008526468276106971,0.0670284789678972,-0.08389216661453247,0.20440924167633057,-0.14871224761009216,1.0949276685714722,0.5151025056838989,-1.021977186203003,0.37360990047454834,0.03526681661605835,-0.5488010048866272,0.7543597221374512,0.522934079170227,-1.1300814151763916
0.4551758749999989,0.0034223749999999996,133.0,4.482385424592709,-0.8358843293033893,1.3911108014285773,-0.0016990175205029013,-0.0003537491560083666,-0.0007612063371835303,0.06707576652772079,-0.08005905151367188,0.20391817390918732,-0.1495957374572754,1.0850844383239746,0.5013647675514221,-1.025573492050171,0.37257838249206543,0.0426461398601532,-0.5297275185585022,0.740490198135376,0.5059234499931335,-1.1275970935821533
0.4551758749999989,0.0034223749999999996,133.0,4.456869726059999,-0.8110157129344789,1.3911723798756823,-0.001506684260396358,-0.0003225796712881203,-0.0006770697485418178,0.06709397088154503,-0.0790858268737793,0.20291845500469208,-0.15302082896232605,1.075844645500183,0.49029433727264404,-1.0177531242370605,0.39985746145248413,0.04833057522773743,-0.5016940236091614,0.7331516742706299,0.46560144424438477,-1.1239798069000244
0.4551758749999989,0.0034223749999999996,133.0,4.430449232091688,-0.785569432222124,1.391043650652769,-0.0013171978916310088,-0.00029205015570215405,-0.0005929863714034652,0.06710698035418848,-0.07951545715332031,0.201120525598526,-0.15821629762649536,1.0655204057693481,0.4865926504135132,-1.0031836032867432,0.44712382555007935,0.05267098546028137,-0.46661216020584106,0.7283875942230225,0.41365495324134827,-1.117966890335083
0.4551758749999989,0.0034223749999999996,133.0,4.403544480088346,-0.7591592164483766,1.3910029986669876,-0.0011605740941097367,-0.00026456620452151104,-0.0005224667205802346,0.06712722670641007,-0.07838764786720276,0.19971129298210144,-0.1620810329914093,1.0534392595291138,0.47347596287727356,-0.9940142631530762,0.4808632433414459,0.05910998582839966,-0.43115344643592834,0.7192323207855225,0.3662421405315399,-1.1122368574142456
0.4551758749999989,0.0034223749999999996,133.0,4.375841229305908,-0.7319753972265212,1.3909503892788482,-0.001020870539289255,-0.00023783721401458353,-0.00046055268372351214,0.06715772342620831,-0.0772835910320282,0.19814766943454742,-0.1661209762096405,1.0401947498321533,0.45955169200897217,-0.9839053153991699,0.5168802738189697,0.06590819358825684,-0.3931603729724884,0.7093245983123779,0.3170214593410492,-1.1056861877441406
0.4551758749999989,0.0034223749999999996,133.0,4.346918877169168,-0.7037864084656292,1.390855304596261,-0.0008415512634728688,-0.00020082692259427374,-0.00037931679222469674,0.06716534252439188,-0.07547256350517273,0.19617033004760742,-0.1700863540172577,1.0251190662384033,0.44900786876678467,-0.9749386310577393,0.5524651408195496,0.07302850484848022,-0.35488179326057434,0.6968064308166504,0.2720556855201721,-1.0976676940917969
0.4551758749999989,0.0034223749999999996,133.0,4.317148699871327,-0.6749761092694171,1.3908429637447415,-0.0007050977732109292,-0.00017360153951511624,-0.00031805021131917094,0.06717517059353842,-0.07535019516944885,0.19431732594966888,-0.17471256852149963,1.0100635290145874,0.4369765520095825,-0.9612126350402832,0.5982213616371155,0.07900625467300415,-0.3114927411079407,0.6869077682495117,0.21386311948299408,-1.088468313217163
0.4551758749999989,0.0034223749999999996,133.0,4.2868272087197505,-0.6452986309289378,1.390934888885794,-0.0005283180316618261,-0.00013336838519256987,-0.0002385127319548844,0.06719108430421045,-0.07510405778884888,0.19206176698207855,-0.17943620681762695,0.9931266903877258,0.42540374398231506,-0.9474573135375977,0.6464056968688965,0.0852181613445282,-0.2653684914112091,0.6759321689605713,0.1549682319164276,-1.077639102935791
0.4551758749999989,0.0034223749999999996,133.0,4.255770780268585,-0.6145047705787411,1.3912032689775689,-0.000331242658772292,-8.375772353570206e-5,-0.00015018949562928526,0.06722628389982668,-0.07332849502563477,0.1911771446466446,-0.18182259798049927,0.9781484007835388,0.40682342648506165,-0.9394290447235107,0.6719325184822083,0.09112325310707092,-0.2271600067615509,0.6594958305358887,0.10536878556013107,-1.068404197692871
0.4551758749999989,0.0034223749999999996,133.0,4.223602746271576,-0.5827999342696988,1.391415142258844,-0.00015448796243186638,-3.938898409941018e-5,-7.057636991650073e-5,0.06724983856425389,-0.07096189260482788,0.18912085890769958,-0.1849927008152008,0.9590188264846802,0.3876901865005493,-0.9315249919891357,0.7049345970153809,0.09884205460548401,-0.18303179740905762,0.6416082382202148,0.05465067923069,-1.056891679763794
0.4551758749999989,0.0034223749999999996,133.0,4.190602506687371,-0.5511291236376015,1.391759778501339,1.7072923614405655e-5,4.498109553711476e-6,7.855837212953063e-6,0.06726748218943528,-0.06882867217063904,0.1859755963087082,-0.18895024061203003,0.9368143081665039,0.3746791481971741,-0.9227795600891113,0.7468068599700928,0.10710665583610535,-0.1365811675786972,0.6242687702178955,0.005067700520157814,-1.0429171323776245
0.4551758749999989,0.0034223749999999996,133.0,4.156697607728522,-0.5180511127024018,1.391976865650866,0.00018830925418471855,5.04751813861202e-5,8.708402782905276e-5,0.06727655785092733,-0.06736868619918823,0.18382368981838226,-0.19213198125362396,0.9159595370292664,0.3541022539138794,-0.9114851951599121,0.7843331694602966,0.11414539813995361,-0.0884140208363533,0.6062283515930176,-0.05107128620147705,-1.0289689302444458
0.4551758749999989,0.0034223749999999996,133.0,4.1218642954359845,-0.4836321364802905,1.3920207372530735,0.0003734557659113024,0.00010058099543379694,0.0001734366831731508,0.06727678760001889,-0.06596583127975464,0.18336372077465057,-0.19358859956264496,0.8999208807945251,0.33246833086013794,-0.900660514831543,0.8059377074241638,0.11813068389892578,-0.0486576147377491,0.5858266353607178,-0.10310851037502289,-1.0167155265808105
0.4551758749999989,0.0034223749999999996,133.0,4.08620063692005,-0.4489075938161561,1.3922810133031256,0.0005181644116054888,0.00014170679612108533,0.00024230924170807994,0.06728065507286933,-0.06461441516876221,0.18117763102054596,-0.19634917378425598,0.8778334856033325,0.3108888566493988,-0.8879907131195068,0.8411815762519836,0.12482655048370361,-0.0003625699318945408,0.5662951469421387,-0.1563807874917984,-1.0011944770812988
0.4551758749999989,0.0034223749999999996,133.0,4.04951673432549,-0.4133307879455462,1.3926409312619883,0.0006805902927758657,0.00018847975672299524,0.00032164490943480784,0.06727941413281648,-0.06325817108154297,0.17877881228923798,-0.1990034580230713,0.8536269068717957,0.28789037466049194,-0.8736696243286133,0.8777768015861511,0.13165855407714844,0.05094188079237938,0.5455760955810547,-0.21012404561042786,-0.9836865067481995
0.4551758749999989,0.0034223749999999996,133.0,4.012194170208311,-0.37700114105513677,1.3929869954816056,0.0008532335612458842,0.0002393188328827851,0.000406661490282024,0.06727417973899134,-0.061812371015548706,0.17623098194599152,-0.20137076079845428,0.8277351260185242,0.2631486654281616,-0.8578219413757324,0.914244532585144,0.1383008062839508,0.10504527390003204,0.5232820510864258,-0.26328569650650024,-0.9643000364303589
0.4551758749999989,0.0034223749999999996,133.0,3.974124204016433,-0.3398865072130676,1.3933030591263662,0.0010489559429061163,0.000297676569257122,0.0005041986787783635,0.06726547363057601,-0.06033426523208618,0.17355050146579742,-0.2033960074186325,0.8005386590957642,0.2369435876607895,-0.840254545211792,0.9496133327484131,0.14469289779663086,0.16086602210998535,0.49962401390075684,-0.31423425674438477,-0.9433606863021851
0.4551758749999989,0.0034223749999999996,133.0,3.935074395589663,-0.3019318485623415,1.393777277522649,0.0012334360990270906,0.00035303012398212166,0.0006002321738175149,0.06725342639266757,-0.058844923973083496,0.17066380381584167,-0.205124631524086,0.7711077928543091,0.20894622802734375,-0.8198635578155518,0.9847182631492615,0.1511760950088501,0.21920083463191986,0.4745166301727295,-0.3629120886325836,-0.9202858209609985
0.4551758749999989,0.0034223749999999996,133.0,3.895032765341773,-0.26349073179941906,1.3943880147848302,0.0013523529466841716,0.0003953003675454589,0.0006632261159348627,0.06722305945635064,-0.05874857306480408,0.1666780710220337,-0.20699185132980347,0.7369822263717651,0.1850966066122055,-0.7916276454925537,1.029876947402954,0.1575329303741455,0.2888079285621643,0.4504539966583252,-0.40974920988082886,-0.8924117684364319
0.4551758749999989,0.0034223749999999996,133.0,3.8540808429586684,-0.22388779302621553,1.3950626793305956,0.0015030747726348518,0.0004421393720977241,0.000749878763224154,0.06719772597317608,-0.05706605315208435,0.1634269654750824,-0.20748551189899445,0.7044471502304077,0.1546982228755951,-0.7657287120819092,1.0591628551483154,0.1638716757297516,0.34880968928337097,0.4229416847229004,-0.44737786054611206,-0.8661292195320129
0.4551758749999989,0.0034223749999999996,133.0,3.8120273843567656,-0.1826496144540292,1.395049251419317,0.0016490161263502908,0.0004850892103780743,0.0008398306345945639,0.06715253379993151,-0.0550578236579895,0.1603439301252365,-0.20722711086273193,0.6731829643249512,0.12385645508766174,-0.7392134666442871,1.0820858478546143,0.1681373417377472,0.40858569741249084,0.39318084716796875,-0.48071548342704773,-0.8390499353408813
0.4551758749999989,0.0034223749999999996,133.0,3.770303953606988,-0.14068672005992577,1.3986885291623818,0.0017837742757745522,0.0005167183686366424,0.0009334955742545282,0.0670786440829463,-0.05451291799545288,0.1540684998035431,-0.20663300156593323,0.6295323967933655,0.1021065041422844,-0.7004363536834717,1.1194714307785034,0.17766156792640686,0.48028653860092163,0.3683490753173828,-0.48847249150276184,-0.80495685338974
0.4551758749999989,0.0034223749999999996,133.0,3.7249493215741354,-0.09756159871099283,1.399066865940309,0.0018761854260840095,0.0005654282317755448,0.0010016381131414387,0.0669446757196171,-0.05551224946975708,0.15192340314388275,-0.20527984201908112,0.6047003269195557,0.08664058893918991,-0.6613626480102539,1.1360787153244019,0.1776164472103119,0.5332188606262207,0.3496062755584717,-0.5071723461151123,-0.7800342440605164
0.4551758749999989,0.0034223749999999996,133.0,3.673558662491072,-0.04895387559170066,1.3996652343024227,0.0018283998216052264,0.0005147502302223317,0.0010973215441233437,0.06662821418075453,-0.06022807955741882,0.15662038326263428,-0.20798812806606293,0.6328163146972656,0.11736796051263809,-0.694394588470459,1.1132570505142212,0.16638541221618652,0.48989224433898926,0.39487290382385254,-0.4921984076499939,-0.7971668839454651
0.4551758749999989,0.0034223749999999996,133.0,3.6082558851944837,0.01711506518125488,1.3980405556157014,0.0016777142016413894,-0.00012457846210978376,0.0013231654018522215,0.06528384896328754,-0.09596943855285645,0.2012324184179306,-0.16262200474739075,0.7848320007324219,0.27341726422309875,-0.6425201892852783,0.3785880208015442,0.15394103527069092,-0.8454755544662476,1.011232614517212,0.30454689264297485,-0.9356245994567871
0.4551758749999989,0.0034223749999999996,133.0,3.5239737790355137,0.0384439508129996,1.3985420618331892,0.00010596455538293105,-1.6155333799215074e-6,7.989718249969024e-5,0.06361867060962531,-0.2554517686367035,0.05317969620227814,-0.010907381772994995,0.98898845911026,-0.03818178549408913,-0.0397191047668457,-0.05571496859192848,-0.22069960832595825,-1.1192595958709717,1.5202138423919678,1.112133264541626,-0.7636709213256836
0.4551758749999989,0.0034223749999999996,133.0,3.5574185281815103,0.07987489749847779,1.410877974767954,-0.0018402072113487922,9.69820455745771e-5,-0.0012997834400577469,0.06264000783282772,-0.275545209646225,0.060741130262613297,0.05112352967262268,1.1919269561767578,0.02506539598107338,-0.02803349494934082,-0.2732228934764862,-0.31109243631362915,-1.2203501462936401,1.4850142002105713,1.1379338502883911,-0.8742112517356873
0.4551758749999989,0.0034223749999999996,133.0,3.5785555924091375,0.1344062539709029,1.437052837408614,-0.0022383127010235583,0.000600978129110509,-0.0012901807985698766,0.060896343357440715,-0.3409595191478729,0.05225696414709091,0.14334407448768616,1.385918140411377,-0.4227410852909088,0.14342403411865234,-0.82612544298172,-0.35191696882247925,-1.1874797344207764,1.5241808891296387,1.5456205606460571,-1.0241334438323975
0.4551758749999989,0.0034223749999999996,133.0,3.616824193116372,0.18282000360233489,1.446264795583961,-0.0022743996957368695,0.0006882622308670728,-0.0012156727700120698,0.06049197482212878,-0.3466363251209259,0.06482645124197006,0.16531029343605042,1.471303105354309,-0.39867284893989563,0.12865352630615234,-0.8746933341026306,-0.36249667406082153,-1.2519420385360718,1.4658443927764893,1.3827153444290161,-1.0984165668487549
0.4551758749999989,0.0034223749999999996,133.0,3.660736759497627,0.22696267086932062,1.4506572173044878,-0.0021627588423005226,0.0006471170859420666,-0.001110084730081769,0.06048659798271274,-0.341781884431839,0.07793626934289932,0.17630061507225037,1.5221076011657715,-0.2958211302757263,0.08530139923095703,-0.8635644316673279,-0.3707066774368286,-1.355202317237854,1.4164798259735107,1.271822452545166,-1.140561580657959
0.4551758749999989,0.0034223749999999996,133.0,3.7046620346842016,0.2687354667590835,1.454556110324793,-0.001983779164194881,0.0005923186781979781,-0.0009906406210509152,0.06055975624229439,-0.3360016644001007,0.0858912244439125,0.18549290299415588,1.5651776790618896,-0.22477692365646362,0.043645381927490234,-0.8755571246147156,-0.38741230964660645,-1.420867681503296,1.3574819564819336,1.2086893320083618,-1.1665188074111938
0.4551758749999989,0.0034223749999999996,133.0,3.7486973607058927,0.30911480652990925,1.457268362058562,-0.0017610945810326046,0.0005235110756501082,-0.0008507538698413877,0.060715519684832714,-0.3303631842136383,0.09043346345424652,0.1888733208179474,1.584397792816162,-0.16806276142597198,0.005881071090698242,-0.8774051666259766,-0.39769434928894043,-1.4807883501052856,1.3232555389404297,1.1814165115356445,-1.1752793788909912
0.4551758749999989,0.0034223749999999996,133.0,3.7914458968812834,0.34886923860077723,1.4592389700768773,-0.001655952291098942,0.00048787631646049685,-0.0007856368337524826,0.06085209665538763,-0.32537785172462463,0.09523802995681763,0.1915210783481598,1.6013118028640747,-0.11774788051843643,-0.028455018997192383,-0.8749372959136963,-0.40413129329681396,-1.5371599197387695,1.2973151206970215,1.1578909158706665,-1.1856368780136108
0.4551758749999989,0.0034223749999999996,133.0,3.8337545844420347,0.38814512541206,1.4618955487050156,-0.0014170868564229297,0.0004161174417733877,-0.0006573810207514774,0.06094520232133031,-0.3218306005001068,0.10017973929643631,0.19053927063941956,1.6081175804138184,-0.0797715038061142,-0.05358147621154785,-0.8633305430412292,-0.39950549602508545,-1.600588321685791,1.2947423458099365,1.1469507217407227,-1.1971261501312256
0.4551758749999989,0.0034223749999999996,133.0,3.875203471029293,0.4265567349819382,1.4647351754267632,-0.001233449587026912,0.00036177591512258475,-0.00055924467441932,0.06104150056110511,-0.31758472323417664,0.10445864498615265,0.1935623586177826,1.6268064975738525,-0.03538724035024643,-0.08467531204223633,-0.8672701716423035,-0.40924978256225586,-1.6412303447723389,1.268667459487915,1.1309775114059448,-1.2059504985809326
0.4551758749999989,0.0034223749999999996,133.0,3.9154239220111715,0.4642371622007087,1.4670145274895354,-0.0010035641128130464,0.00029377047531497385,-0.0004439819500652865,0.06113118783190604,-0.3128114640712738,0.11105196923017502,0.1997934877872467,1.6579904556274414,0.02355024218559265,-0.1217644214630127,-0.8753367066383362,-0.42622923851013184,-1.6743137836456299,1.2264058589935303,1.0892038345336914,-1.2198885679244995
0.4551758749999989,0.0034223749999999996,133.0,3.9549616876920917,0.5007995112502664,1.4691639830507863,-0.0007977068056682811,0.00023467740157290243,-0.0003469245014467308,0.061228356549772156,-0.30863890051841736,0.11432192474603653,0.20205512642860413,1.6726006269454956,0.061104029417037964,-0.15090250968933105,-0.8803300261497498,-0.43564558029174805,-1.704512119293213,1.2023413181304932,1.0813863277435303,-1.2250237464904785
0.4551758749999989,0.0034223749999999996,133.0,3.99345475412163,0.5368049675642156,1.471238487483797,-0.0006026189760035186,0.00017747379413063344,-0.00025670490406479564,0.06130557038900682,-0.30485185980796814,0.11765991896390915,0.2042911946773529,1.6868818998336792,0.09676799178123474,-0.17809748649597168,-0.8860356211662292,-0.4447985887527466,-1.7315212488174438,1.1801319122314453,1.0733245611190796,-1.2301028966903687
0.4551758749999989,0.0034223749999999996,133.0,4.031212144095825,0.571770247684774,1.4734403002002356,-0.00041370343493126426,0.00012280830743599907,-0.00017329276834100106,0.06139013886763383,-0.3014499843120575,0.12211422622203827,0.20723381638526917,1.7036707401275635,0.1250903457403183,-0.20252537727355957,-0.8938019275665283,-0.4510343670845032,-1.7537950277328491,1.1568424701690674,1.0559661388397217,-1.2405749559402466
0.4551758749999989,0.0034223749999999996,133.0,4.067971981879386,0.6059286122686954,1.4753993122344955,-0.00023198280736531053,6.902097054867946e-5,-9.539347390946007e-5,0.06146263216948591,-0.2982967793941498,0.1249864250421524,0.20945671200752258,1.7164801359176636,0.15400558710098267,-0.22621488571166992,-0.900438129901886,-0.4597272276878357,-1.7705214023590088,1.136587381362915,1.0494558811187744,-1.2446506023406982
0.4551758749999989,0.0034223749999999996,133.0,4.103331723062816,0.639127212712434,1.4765815319477917,-6.902982950609981e-5,2.0642199874469867e-5,-2.81100675497054e-5,0.06155014890511327,-0.2954650819301605,0.12757271528244019,0.2112031877040863,1.7273310422897339,0.18062418699264526,-0.24811673164367676,-0.9053484797477722,-0.4670065641403198,-1.7874774932861328,1.120471477508545,1.0463387966156006,-1.2482221126556396
0.4551758749999989,0.0034223749999999996,133.0,4.137765110594,0.6712839823788858,1.4779392746860243,0.00014869147671444597,-4.526008049623249e-5,6.0108526005021774e-5,0.06160801219943094,-0.2933960258960724,0.1276499181985855,0.2083205282688141,1.7217005491256714,0.1772189438343048,-0.2551290988922119,-0.9103447198867798,-0.45789527893066406,-1.8099600076675415,1.1278903484344482,1.0711681842803955,-1.2519354820251465
0.4551758749999989,0.0034223749999999996,133.0,4.172563838080366,0.7009876508831892,1.4781326614747394,0.0003507081252015884,-0.00010641266377214952,0.0001378488047860666,0.06180253799435854,-0.2886521518230438,0.12815317511558533,0.21246954798698425,1.7351346015930176,0.2013508528470993,-0.28287363052368164,-0.9290332198143005,-0.4739503860473633,-1.8022953271865845,1.0873234272003174,1.066558599472046,-1.2491904497146606
0.4551758749999989,0.0034223749999999996,133.0,4.205312469447738,0.7318623011770424,1.4797306217767945,0.0005541331427766905,-0.0001697037131343146,0.0002147336366267854,0.06185383355520614,-0.2858603298664093,0.13307742774486542,0.21772173047065735,1.7572635412216187,0.23489439487457275,-0.3081779479980469,-0.9402507543563843,-0.48817551136016846,-1.8054016828536987,1.0540201663970947,1.035007357597351,-1.256898045539856
0.4551758749999989,0.0034223749999999996,133.0,4.2375865182035115,0.7622938825768624,1.48207843381964,0.0007964535936138505,-0.0002449189134449347,0.0003024916543334421,0.06186524016709438,-0.28428611159324646,0.13319578766822815,0.2132064402103424,1.748103141784668,0.2379612922668457,-0.3136775493621826,-0.9361132979393005,-0.4765118360519409,-1.833718180656433,1.0724725723266602,1.064592957496643,-1.2597402334213257
0.4551758749999989,0.0034223749999999996,133.0,4.269141242501932,0.7918834020784217,1.4844584435566712,0.0009696865537424738,-0.00029875002278550197,0.0003608727025780256,0.06189820982855099,-0.28175243735313416,0.13930940628051758,0.21918240189552307,1.7737361192703247,0.27946528792381287,-0.3409392833709717,-0.9436880946159363,-0.4937618374824524,-1.8355659246444702,1.03676176071167,1.0242080688476562,-1.267891526222229
0.4551758749999989,0.0034223749999999996,133.0,4.2997296567153445,0.8204118376922931,1.4871029070476112,0.0011917626788517897,-0.00037036630232248943,0.00043255182499251255,0.06191089402006514,-0.279217928647995,0.14053332805633545,0.22121545672416687,1.7819209098815918,0.29212331771850586,-0.35549020767211914,-0.9572895169258118,-0.5004777312278748,-1.8337340354919434,1.0156011581420898,1.0204838514328003,-1.2693148851394653
0.4551758749999989,0.0034223749999999996,133.0,4.32932487870654,0.8475936921643001,1.4883903529828009,0.00135941475291006,-0.00042667346868984846,0.00048812988794628883,0.06197363668397183,-0.27656981348991394,0.1435932219028473,0.22420302033424377,1.7944658994674683,0.3189708888530731,-0.37692785263061523,-0.9619120359420776,-0.5104182362556458,-1.8354676961898804,0.9922139644622803,1.0061215162277222,-1.271862268447876
0.4551758749999989,0.0034223749999999996,133.0,4.358121259012384,0.874110037909683,1.4900884210035654,0.0015475814336589429,-0.0004894074342019953,0.00054791178213072,0.0620180228806633,-0.27443525195121765,0.14394134283065796,0.22343656420707703,1.793910264968872,0.32664725184440613,-0.3876168727874756,-0.9664070010185242,-0.508911669254303,-1.8442655801773071,0.9887943267822266,1.0188204050064087,-1.272953748703003
0.4551758749999989,0.0034223749999999996,133.0,4.386152958623485,0.8999457118829324,1.4916874374609779,0.0017727337645029341,-0.0005626669255774635,0.0006205926627145633,0.06206727720947017,-0.27272090315818787,0.14623601734638214,0.2247423231601715,1.8017518520355225,0.3498725891113281,-0.4042930603027344,-0.9660742282867432,-0.5148473381996155,-1.8516963720321655,0.9781570434570312,1.0160460472106934,-1.2749049663543701
0.4551758749999989,0.0034223749999999996,133.0,4.413178730747255,0.9247988806155595,1.4933618711625147,0.002003909275628295,-0.0006395409160013249,0.0006873879728403025,0.06209243970319491,-0.2705007493495941,0.14550518989562988,0.22447708249092102,1.8007678985595703,0.34845438599586487,-0.4112720489501953,-0.9784587025642395,-0.5137376189231873,-1.8512364625930786,0.969024658203125,1.0278123617172241,-1.2751173973083496
0.4551758749999989,0.0034223749999999996,133.0,4.439235825488492,0.9485427988860049,1.4946669648366606,0.0022560625948125365,-0.0007282827799034909,0.0007656514873815802,0.062139606126831795,-0.2684747278690338,0.14818115532398224,0.22777888178825378,1.8127636909484863,0.3689468801021576,-0.42887187004089355,-0.9852384924888611,-0.5233736634254456,-1.847044825553894,0.9456272125244141,1.0119330883026123,-1.2773849964141846
0.4551758749999989,0.0034223749999999996,133.0,4.464367633034308,0.9717330444962418,1.496183956627799,0.002442297984813259,-0.0007957261669361325,0.0008197726191615757,0.06218010889161208,-0.2669003903865814,0.14832240343093872,0.2275969684123993,1.8130831718444824,0.37430909276008606,-0.4372694492340088,-0.9906985759735107,-0.5230616927146912,-1.8511301279067993,0.941309928894043,1.021620750427246,-1.2781171798706055
0.4551758749999989,0.0034223749999999996,133.0,4.488596705845904,0.9941459583687589,1.4977246471988273,0.0026827904731520358,-0.0008769917509363684,0.0008866656206222915,0.06221074755610912,-0.2655048072338104,0.1494198441505432,0.22892805933952332,1.8183867931365967,0.3874497413635254,-0.44881343841552734,-0.9957469701766968,-0.5277703404426575,-1.8518948554992676,0.9305047988891602,1.021356463432312,-1.278728723526001
0.4551758749999989,0.0034223749999999996,133.0,4.512074255078035,1.0160169180097933,1.4994179508420864,0.0029236485791576125,-0.0009637523624509473,0.0009550534459187955,0.0622465733521992,-0.2642187774181366,0.15276460349559784,0.23223289847373962,1.83146333694458,0.40870940685272217,-0.46395421028137207,-1.0001946687698364,-0.537573516368866,-1.8490304946899414,0.9099206924438477,1.001153826713562,-1.281891107559204
0.4551758749999989,0.0034223749999999996,133.0,4.534686306013436,1.036425620570707,1.5002567783935221,0.0031781449160342887,-0.0010550849873170226,0.0010279699609749239,0.0622729290464893,-0.2625311315059662,0.1506929099559784,0.22890165448188782,1.8207470178604126,0.40100130438804626,-0.4662442207336426,-1.0042668581008911,-0.5272623896598816,-1.8591723442077637,0.9208366870880127,1.0324662923812866,-1.2817714214324951
0.4551758749999989,0.0034223749999999996,133.0,4.556412976310766,1.0560215997094693,1.5015425337661772,0.0034325600754244495,-0.001153665698397943,0.001098656929300164,0.062298798195844544,-0.2609345018863678,0.15120045840740204,0.2299714982509613,1.823952555656433,0.4060091972351074,-0.47478437423706055,-1.0129516124725342,-0.5296849608421326,-1.8554850816726685,0.9088025093078613,1.0317249298095703,-1.282558798789978
0.4551758749999989,0.0034223749999999996,133.0,4.576995452218313,1.0756873906742024,1.503613407697017,0.0036360145192073676,-0.0012249536283856477,0.0011442952123958412,0.06230622323638735,-0.26038244366645813,0.15271998941898346,0.2314734160900116,1.8303741216659546,0.4187608063220978,-0.4831511974334717,-1.0167160034179688,-0.5346885323524475,-1.856567621231079,0.9009451866149902,1.0272895097732544,-1.2839601039886475
0.4551758749999989,0.0034223749999999996,133.0,4.5968832327422655,1.09394099746568,1.5048750565148787,0.003861742801661825,-0.001308208747250384,0.0012007944901918418,0.0623284007760641,-0.25912347435951233,0.15432517230510712,0.23384246230125427,1.837977409362793,0.42837247252464294,-0.49312520027160645,-1.024810791015625,-0.5406278967857361,-1.8510469198226929,0.8842110633850098,1.016083002090454,-1.2855489253997803
0.4551758749999989,0.0034223749999999996,133.0,4.615955990526035,1.1108579516641204,1.5053083720183602,0.004050991578778726,-0.0013855112117466001,0.0012532994542127113,0.06237782575076693,-0.2574854791164398,0.15377096831798553,0.23361948132514954,1.8359639644622803,0.4280678629875183,-0.4993157386779785,-1.0318795442581177,-0.5389813780784607,-1.851047396659851,0.8793201446533203,1.0256398916244507,-1.2852747440338135
0.4551758749999989,0.0034223749999999996,133.0,4.633940460797542,1.127930436119201,1.5067128121226028,0.004276226354330387,-0.0014750955499369981,0.0013170360206469637,0.062398679329292404,-0.25708088278770447,0.15502581000328064,0.23308542370796204,1.8369300365447998,0.4385588765144348,-0.5062363147735596,-1.0287845134735107,-0.537667453289032,-1.8618313074111938,0.8840339183807373,1.0322484970092773,-1.2876737117767334
0.4551758749999989,0.0034223749999999996,133.0,4.6513496790538085,1.1435234121831976,1.5081368207304255,0.0044777578367305474,-0.0015552748671780953,0.0013574665696456391,0.06242156337387692,-0.25570300221443176,0.15598620474338531,0.23519906401634216,1.8430191278457642,0.4459048807621002,-0.5142648220062256,-1.0368843078613281,-0.5434587597846985,-1.8547605276107788,0.8667662143707275,1.0223208665847778,-1.2878990173339844
0.4551758749999989,0.0034223749999999996,133.0,4.667956636863593,1.1579463380166175,1.5088621968995148,0.004673378236621025,-0.0016346799539419042,0.0014037077992480951,0.06246080177036411,-0.2539267838001251,0.1556476503610611,0.23570457100868225,1.8426710367202759,0.4496566951274872,-0.5218493938446045,-1.0424835681915283,-0.544744074344635,-1.850937008857727,0.8566584587097168,1.0261558294296265,-1.2863062620162964
0.4551758749999989,0.0034223749999999996,133.0,4.683785421810684,1.1714618568140474,1.5093864241754784,0.004821904332874778,-0.001698804794086207,0.001439624539374944,0.06250897209834258,-0.25165584683418274,0.15428496897220612,0.23561343550682068,1.839570164680481,0.45329564809799194,-0.5291481018066406,-1.0469774007797241,-0.5460936427116394,-1.8451926708221436,0.8455805778503418,1.0354007482528687,-1.2819273471832275
0.4551758749999989,0.0034223749999999996,133.0,4.698716279544814,1.1846594771149823,1.5102074213154082,0.004962586159175195,-0.0017489039378206434,0.0014610504201776635,0.06254365856614807,-0.24926117062568665,0.15482370555400848,0.236781507730484,1.840973138809204,0.45783981680870056,-0.5379588603973389,-1.0517005920410156,-0.5487417578697205,-1.8348665237426758,0.8270988464355469,1.026563286781311,-1.2806391716003418
0.4551758749999989,0.0034223749999999996,133.0,4.712683329022491,1.1969088636771854,1.5110284293687755,0.0051048394499871395,-0.0018118251895565304,0.0014938874228671438,0.06258356506072407,-0.246780127286911,0.15342946350574493,0.2362947165966034,1.8365540504455566,0.46069231629371643,-0.544771671295166,-1.0539709329605103,-0.5484554171562195,-1.829742431640625,0.8161957263946533,1.0348670482635498,-1.2765806913375854
0.4551758749999989,0.0034223749999999996,133.0,4.725484033916378,1.2086376799920582,1.5117828023316535,0.005258142643888173,-0.0018752764995125248,0.001528649795819684,0.06261854370469692,-0.24518409371376038,0.1538037210702896,0.23828449845314026,1.840219259262085,0.47151443362236023,-0.5545711517333984,-1.0557963848114014,-0.5547814965248108,-1.8219507932662964,0.7984442710876465,1.0283141136169434,-1.2738630771636963
0.4551758749999989,0.0034223749999999996,133.0,4.736993160821693,1.2206343259155148,1.5133277156882077,0.0054208985037332855,-0.0019349583424531072,0.00156416884761354,0.06262781550561457,-0.24523213505744934,0.15596556663513184,0.2388276755809784,1.8444395065307617,0.4909355938434601,-0.5632591247558594,-1.045241355895996,-0.5581604838371277,-1.8302685022354126,0.7989532947540283,1.0256383419036865,-1.274739146232605
0.4551758749999989,0.0034223749999999996,133.0,4.747441694127959,1.2324785630700095,1.5149703666100967,0.005586672514355061,-0.0019790988797448003,0.0015964030904554417,0.06262056313077786,-0.24564769864082336,0.1603197604417801,0.24014952778816223,1.8529738187789917,0.511807918548584,-0.5730011463165283,-1.033061146736145,-0.5617933869361877,-1.8388938903808594,0.7973253726959229,1.008124589920044,-1.2796006202697754
0.4551758749999989,0.0034223749999999996,133.0,4.757189479581769,1.2427756424819063,1.5165169389108208,0.005765769435132214,-0.002048203288798859,0.0016378994837663715,0.06263556253348518,-0.24584564566612244,0.16423679888248444,0.24380609393119812,1.865707278251648,0.531420886516571,-0.5827295780181885,-1.02934992313385,-0.5721815228462219,-1.8340486288070679,0.7799091339111328,0.9789508581161499,-1.2817493677139282
0.4551758749999989,0.0034223749999999996,133.0,4.766016896025703,1.2536875395137141,1.518945970065621,0.005997585032369302,-0.0021657652058240536,0.001730745139778485,0.06252215882789892,-0.24739733338356018,0.16709749400615692,0.24200960993766785,1.8679842948913574,0.5520849823951721,-0.5860044956207275,-1.0102357864379883,-0.5698631405830383,-1.855287790298462,0.7994837760925293,0.9840022325515747,-1.286489486694336
0.4551758749999989,0.0034223749999999996,133.0,4.773833541558905,1.2628843056058805,1.5202217047627162,0.006280804433255247,-0.0022543118124202202,0.0018011487239042226,0.06252135596891224,-0.24799063801765442,0.1704447716474533,0.2431778609752655,1.875254511833191,0.5704448223114014,-0.5927441120147705,-0.9999344348907471,-0.5743275284767151,-1.860076665878296,0.7969341278076172,0.9690443873405457,-1.2892436981201172
0.4551758749999989,0.0034223749999999996,133.0,4.780952365468258,1.270659714119399,1.5212366426247035,0.00670803677380279,-0.0023994373258519786,0.0019107138386261495,0.06253079685463335,-0.24842038750648499,0.1732967048883438,0.2446974217891693,1.8825417757034302,0.5875639915466309,-0.5990433692932129,-0.9926156997680664,-0.5802410244941711,-1.8595705032348633,0.7904820442199707,0.9527719020843506,-1.2905356884002686
0.4551758749999989,0.0034223749999999996,133.0,4.78695310879877,1.2778931182455358,1.5224946910288384,0.007411992248283699,-0.002664761793737921,0.0021050533739685176,0.06253859954885008,-0.24899974465370178,0.1764017790555954,0.24611124396324158,1.8905761241912842,0.6025267839431763,-0.6042509078979492,-0.9865515828132629,-0.5849233269691467,-1.8581421375274658,0.7837941646575928,0.9323433637619019,-1.293787956237793
0.4551758749999989,0.0034223749999999996,133.0,4.792444982665591,1.283870479956585,1.5232569696027007,0.009020351549860256,-0.003249349164289884,0.0025413950743967285,0.06255102837681042,-0.24884381890296936,0.1781015247106552,0.2473447024822235,1.8964276313781738,0.6121121048927307,-0.6101949214935303,-0.9866625666618347,-0.58713299036026,-1.8498462438583374,0.7726390361785889,0.9146324396133423,-1.2973456382751465
0.4551758749999989,0.0034223749999999996,133.0,4.796745414005104,1.2882220258495778,1.524177138251778,0.016650179946431424,-0.006215069304907654,0.004626149068818686,0.06259826838047905,-0.24776461720466614,0.17440550029277802,0.24824896454811096,1.9024652242660522,0.6167646050453186,-0.6189794540405273,-1.0095341205596924,-0.5828977227210999,-1.8131446838378906,0.7467889785766602,0.90351802110672,-1.3075867891311646
0.4551758749999989,0.0034223749999999996,133.0,4.820532116499003,-1.1947567446398015,1.3855307576652092,-0.014665883829172693,-0.0014798407406836863,-0.0064423295435176815,0.06698511852738571,-0.0728532075881958,0.2088654488325119,-0.08699041604995728,1.1504857540130615,0.5547726154327393,-1.2113964557647705,-0.13672339916229248,-0.005271255970001221,-0.8784547448158264,0.7168898582458496,1.0743076801300049,-1.1462666988372803
0.4551758749999989,0.0034223749999999996,133.0,4.815656162289407,-1.1891833962329081,1.3856746994520666,-0.007904737643141979,-0.0007806178069011513,-0.003510725198328607,0.06695169239744451,-0.07499265670776367,0.21165867149829865,-0.08645281195640564,1.1533477306365967,0.5612390041351318,-1.2120585441589355,-0.12486524879932404,-0.008603215217590332,-0.8770791292190552,0.7487392425537109,1.0494941473007202,-1.1453298330307007
0.4551758749999989,0.0034223749999999996,133.0,4.809737614611488,-1.1833665178639072,1.3854371859723416,-0.0064931612499567505,-0.0006585900913222922,-0.0028881492893110803,0.06692688334970383,-0.07715767621994019,0.2125861942768097,-0.08807229995727539,1.156842827796936,0.5684312582015991,-1.2020149230957031,-0.10550941526889801,-0.011298775672912598,-0.8746581077575684,0.7573244571685791,1.0298516750335693,-1.1460243463516235
0.4551758749999989,0.0034223749999999996,133.0,4.803106818258135,-1.1771526753010437,1.3849371426651682,-0.005870678076917423,-0.0006265867535881862,-0.00261372234710727,0.06690782671579887,-0.07880374789237976,0.21289688348770142,-0.09015479683876038,1.158708095550537,0.5720416307449341,-1.192384958267212,-0.08513964712619781,-0.012312591075897217,-0.8692775964736938,0.7628087997436523,1.0124320983886719,-1.146822452545166
0.4551758749999989,0.0034223749999999996,133.0,4.79527156658473,-1.1699297493556367,1.3843694428923488,-0.005511952170160124,-0.0006131563802334492,-0.0024500957924872293,0.06688218945671658,-0.08130168914794922,0.21319417655467987,-0.09305226802825928,1.1620006561279297,0.5775347352027893,-1.1785876750946045,-0.05622890964150429,-0.014397740364074707,-0.8627683520317078,0.7689793109893799,0.9889250993728638,-1.1479918956756592
0.4551758749999989,0.0034223749999999996,133.0,4.78639758194326,-1.1640036341517457,1.3811247332144478,-0.00525192340478282,-0.0006716825388137336,-0.0023402855455962666,0.06692894406571405,-0.08099696040153503,0.2114340364933014,-0.09686338901519775,1.157013177871704,0.5795122981071472,-1.167694091796875,-0.02442873641848564,-0.011340677738189697,-0.8473515510559082,0.7701444625854492,0.975578784942627,-1.1462202072143555
0.4551758749999989,0.0034223749999999996,133.0,4.776866246164123,-1.15556566094612,1.38010639240052,-0.005041230961568109,-0.0006940715697829605,-0.0022483787555184725,0.06690192534227515,-0.08342850208282471,0.21058358252048492,-0.10172197222709656,1.1580857038497925,0.5892553329467773,-1.1481068134307861,0.019429314881563187,-0.01220625638961792,-0.8364900350570679,0.7765018939971924,0.9504181146621704,-1.1465282440185547
0.4551758749999989,0.0034223749999999996,133.0,4.766823916371204,-1.1461087096458706,1.379490509810542,-0.004883416332603838,-0.0007040710330686728,-0.002176451497010414,0.06688442194428075,-0.08559620380401611,0.21112675964832306,-0.10397946834564209,1.1604671478271484,0.5867461562156677,-1.138240098953247,0.04151636362075806,-0.01321476697921753,-0.8261532187461853,0.7809734344482422,0.9244136810302734,-1.1477649211883545
0.4551758749999989,0.0034223749999999996,133.0,4.755547254657961,-1.1358572850432602,1.3785750247591484,-0.004741407233756639,-0.0007286834135238261,-0.002112795620775463,0.06685439835843343,-0.08805516362190247,0.2097703218460083,-0.10977151989936829,1.1594891548156738,0.5913307666778564,-1.1172966957092285,0.09307236969470978,-0.012091457843780518,-0.8089976906776428,0.7884922027587891,0.8909335732460022,-1.1479942798614502
0.4551758749999989,0.0034223749999999996,133.0,4.743525707181841,-1.1249525260591593,1.3777368873040094,-0.004596387190861735,-0.0007546321421631306,-0.002051559903372422,0.06683146656257744,-0.09067782759666443,0.20893628895282745,-0.11471736431121826,1.159726858139038,0.5961697101593018,-1.0984859466552734,0.13744249939918518,-0.012283563613891602,-0.793624222278595,0.7949142456054688,0.8601292967796326,-1.1480730772018433
0.4551758749999989,0.0034223749999999996,133.0,4.731038904001564,-1.113118621699749,1.3772049986944206,-0.004462380927048087,-0.0007625310681575282,-0.0019926503399934543,0.0668266996593517,-0.09193381667137146,0.20855712890625,-0.11795118451118469,1.1582281589508057,0.5922492146492004,-1.0882258415222168,0.16376295685768127,-0.01038658618927002,-0.7784358859062195,0.7986884117126465,0.83516526222229,-1.148396372795105
0.4551758749999989,0.0034223749999999996,133.0,4.718003126012525,-1.1006478308828764,1.3767265947916856,-0.004327395199501021,-0.0007661021187202959,-0.0019300300889471117,0.06682134835384229,-0.09262055158615112,0.20831479132175446,-0.12046727538108826,1.1567144393920898,0.5928381681442261,-1.080803632736206,0.1823594719171524,-0.009041428565979004,-0.7660226225852966,0.800551176071167,0.821618378162384,-1.1481661796569824
0.4551758749999989,0.0034223749999999996,133.0,4.7043468363598455,-1.0868882766218146,1.3768019485950957,-0.004211253761143579,-0.0007434811351834219,-0.001877017223620177,0.06684222128397686,-0.09218743443489075,0.20778124034404755,-0.1229182779788971,1.15217125415802,0.5861644148826599,-1.0763554573059082,0.19732601940631866,-0.004506349563598633,-0.7505899667739868,0.8012337684631348,0.8051300644874573,-1.148075819015503
0.4551758749999989,0.0034223749999999996,133.0,4.6902865645368905,-1.0730673985003119,1.3766166420323311,-0.0040593720806047185,-0.0007295365734260315,-0.0018120976859158993,0.06687678583373383,-0.09055212140083313,0.20658652484416962,-0.12558355927467346,1.1453115940093994,0.58450847864151,-1.072510004043579,0.21109986305236816,0.0011810660362243652,-0.7358212471008301,0.7988917827606201,0.7960519194602966,-1.1469351053237915
0.4551758749999989,0.0034223749999999996,133.0,4.674779749552834,-1.0577944796511258,1.376527998214511,-0.003872517108569386,-0.0007070771352033332,-0.0017313665671553828,0.06688960796172484,-0.08981561660766602,0.20606350898742676,-0.12788620591163635,1.140501618385315,0.5795974135398865,-1.0681018829345703,0.22536881268024445,0.005201518535614014,-0.7209222316741943,0.7972836494445801,0.7781482934951782,-1.1461076736450195
0.4551758749999989,0.0034223749999999996,133.0,4.65858284230903,-1.0418423094848133,1.3765543865952508,-0.0036985637844063617,-0.0006836422616607444,-0.0016541270025698374,0.06690611370174691,-0.08934652805328369,0.2058735340833664,-0.12987357378005981,1.1367827653884888,0.577546238899231,-1.0636014938354492,0.23910073935985565,0.007886290550231934,-0.7071833610534668,0.794931173324585,0.7593011856079102,-1.145039439201355
0.4551758749999989,0.0034223749999999996,133.0,4.641495549954068,-1.02488996599098,1.3766483202673894,-0.0035018440161231523,-0.0006532500338913403,-0.0015665934202804019,0.06692253268283972,-0.0891767144203186,0.20624269545078278,-0.13132154941558838,1.1341603994369507,0.5686274766921997,-1.060352087020874,0.2487386167049408,0.010039329528808594,-0.6935127973556519,0.7921407222747803,0.7341668605804443,-1.1444642543792725
0.4551758749999989,0.0034223749999999996,133.0,4.624315832997727,-1.0075580784920155,1.3769425314917327,-0.0033127032500412097,-0.0006164754030520245,-0.001484520958658226,0.06697156962596423,-0.08574375510215759,0.20552335679531097,-0.1323084831237793,1.125592827796936,0.5575555562973022,-1.064985752105713,0.24614596366882324,0.01717609167098999,-0.6791926026344299,0.7832536697387695,0.7254101037979126,-1.1430580615997314
0.4551758749999989,0.0034223749999999996,133.0,4.605434793223854,-0.9887875553553234,1.3770562730490654,-0.003121290956851797,-0.0005858583292052349,-0.0013970835604065535,0.06697591642988258,-0.08621671795845032,0.20622634887695312,-0.13392373919487,1.1241908073425293,0.5525641441345215,-1.058868646621704,0.2605513632297516,0.017642885446548462,-0.664006233215332,0.7798986434936523,0.6950057744979858,-1.1420074701309204
0.4551758749999989,0.0034223749999999996,133.0,4.585827000002988,-0.9695850740687606,1.3769507685855695,-0.0029465750057337254,-0.0005653730912162697,-0.0013207800333389257,0.06699494336817935,-0.08540782332420349,0.2054046243429184,-0.13710403442382812,1.1174211502075195,0.543242335319519,-1.0523052215576172,0.2842540442943573,0.02253127098083496,-0.6410399079322815,0.7760357856750488,0.6631187796592712,-1.140096664428711
0.4551758749999989,0.0034223749999999996,133.0,4.565922764176047,-0.9494046551202626,1.377304206615686,-0.00272063978892004,-0.0005186570370098594,-0.0012200185342599301,0.06703298097550153,-0.0831509530544281,0.20578762888908386,-0.13752058148384094,1.1115505695343018,0.5292630791664124,-1.0550296306610107,0.2818804979324341,0.027439385652542114,-0.6253940463066101,0.7671952247619629,0.6441954970359802,-1.1390275955200195
0.4551758749999989,0.0034223749999999996,133.0,4.544310866457551,-0.9292506372331832,1.3768188016931624,-0.002493403306877798,-0.000509677707339337,-0.0011201715788677436,0.06702799563406701,-0.08429962396621704,0.2030567228794098,-0.14462289214134216,1.1029095649719238,0.5366856455802917,-1.0344030857086182,0.34424862265586853,0.031209290027618408,-0.5934022665023804,0.7684576511383057,0.5973212122917175,-1.1342949867248535
0.4551758749999989,0.0034223749999999996,133.0,4.522435519997974,-0.9077825221721123,1.3767902566340031,-0.0022802907910906968,-0.0004727394652037002,-0.0010257651535729834,0.06705434892562118,-0.08222535252571106,0.20138299465179443,-0.1480593979358673,1.0929139852523804,0.5313089489936829,-1.0291328430175781,0.36769306659698486,0.03761282563209534,-0.5694416165351868,0.7609236240386963,0.5711071491241455,-1.1307601928710938
0.4551758749999989,0.0034223749999999996,133.0,4.499500398345012,-0.8852008455104023,1.376722403471534,-0.0020700173625759033,-0.00043693524076559854,-0.000929643871741577,0.06706444491804309,-0.08225500583648682,0.20132821798324585,-0.15067967772483826,1.0873844623565674,0.5199362635612488,-1.0217523574829102,0.39046910405158997,0.0406554639339447,-0.5448089838027954,0.7558693885803223,0.5300332307815552,-1.1281392574310303
0.4551758749999989,0.0034223749999999996,133.0,4.475488703579728,-0.8609186425589486,1.376885443515303,-0.0019038336667227937,-0.0003979209271766128,-0.0008531911007281504,0.06706626461179921,-0.08202508091926575,0.20282213389873505,-0.15108969807624817,1.0850577354431152,0.5065787434577942,-1.0184142589569092,0.39450603723526,0.04168972373008728,-0.5271480679512024,0.7470090389251709,0.49519506096839905,-1.1266237497329712
0.4551758749999989,0.0034223749999999996,133.0,4.45153749174407,-0.8367532120478547,1.3773549471545112,-0.0016966970691141407,-0.0003510369893864546,-0.0007620117436696048,0.06711547569079986,-0.07823678851127625,0.2023504674434662,-0.15193063020706177,1.0752474069595337,0.49278637766838074,-1.021911859512329,0.39339444041252136,0.048959195613861084,-0.5085505247116089,0.733126163482666,0.4781462252140045,-1.124058485031128
0.4551758749999989,0.0034223749999999996,133.0,4.425988293656533,-0.8117770890845304,1.3773309594745673,-0.0015048237832386564,-0.00032032245628238693,-0.0006777620914240652,0.06712988862449003,-0.07723978161811829,0.20126646757125854,-0.15536993741989136,1.0655937194824219,0.4816456437110901,-1.014080286026001,0.42123526334762573,0.05461135506629944,-0.47965872287750244,0.7254259586334229,0.43738436698913574,-1.1199955940246582
0.4551758749999989,0.0034223749999999996,133.0,4.399566087094816,-0.7863307072954046,1.3772252018601667,-0.0013155782660282513,-0.0002897642648068393,-0.0005937210609630254,0.06714314726335087,-0.07766991853713989,0.19946417212486267,-0.16048532724380493,1.05490243434906,0.4778289794921875,-0.9997384548187256,0.4680618941783905,0.058967024087905884,-0.4442492425441742,0.7203474044799805,0.3852672576904297,-1.1136256456375122
0.4551758749999989,0.0034223749999999996,133.0,4.3726276441945515,-0.7598490683398915,1.3771217105175158,-0.0011593003402868435,-0.00026254540109914455,-0.0005231557474105471,0.06715967145167663,-0.07651916146278381,0.19799107313156128,-0.16431769728660583,1.0424163341522217,0.46462419629096985,-0.9906449317932129,0.5019239187240601,0.06536117196083069,-0.40817809104919434,0.7107720375061035,0.3376866281032562,-1.1074455976486206
0.4551758749999989,0.0034223749999999996,133.0,4.344926011252405,-0.7327051907105709,1.3771284985723213,-0.0010197082303127576,-0.00023570904471318483,-0.0004613145400197154,0.0671916854144388,-0.07543814182281494,0.19644126296043396,-0.1682853102684021,1.0288746356964111,0.4505847990512848,-0.9805212020874023,0.5375688076019287,0.07212492823600769,-0.3702235817909241,0.7005767822265625,0.2884804904460907,-1.1005589962005615
0.4551758749999989,0.0034223749999999996,133.0,4.316013441327559,-0.7045197229860107,1.377055529252548,-0.0008405763878704043,-0.00019890084880272338,-0.0003800069833009502,0.0672004646199264,-0.07363462448120117,0.19446052610874176,-0.17215725779533386,1.013486385345459,0.43978118896484375,-0.9716765880584717,0.5727357864379883,0.0791822075843811,-0.3318280279636383,0.6877033710479736,0.24352633953094482,-1.0921610593795776
0.4551758749999989,0.0034223749999999996,133.0,4.286225483595635,-0.6757248144110316,1.3770716569131485,-0.0007042635043950149,-0.00017189145082487962,-0.0003187537426667626,0.06721002320775113,-0.07350355386734009,0.1926114708185196,-0.17667821049690247,0.9979861974716187,0.4274764955043793,-0.9580585956573486,0.617862343788147,0.08517983555793762,-0.2882356643676758,0.677396297454834,0.1854875087738037,-1.0825340747833252
0.4551758749999989,0.0034223749999999996,133.0,4.25590827000075,-0.6460497695371518,1.3771949871983884,-0.0005276967254533519,-0.00013191219739641018,-0.00023911376616563826,0.06722648061437425,-0.0732525885105133,0.19037577509880066,-0.18125349283218384,0.9806729555130005,0.41558146476745605,-0.9444901943206787,0.6651304960250854,0.0913633406162262,-0.24196723103523254,0.6659932136535645,0.12684252858161926,-1.071296215057373
0.4551758749999989,0.0034223749999999996,133.0,4.224806148219622,-0.615138029882196,1.377353253838121,-0.00033091807365202754,-8.28521282321944e-5,-0.00015057770045093414,0.0672556417736457,-0.07143887877464294,0.18939507007598877,-0.1835981011390686,0.9652246832847595,0.396744042634964,-0.93648362159729,0.6908289790153503,0.09718066453933716,-0.20288965106010437,0.6490507125854492,0.07724317908287048,-1.061506748199463
0.4551758749999989,0.0034223749999999996,133.0,4.192631359112115,-0.5834810042625641,1.3776391189362704,-0.00015431178449658962,-3.89256892904982e-5,-7.080127477141764e-5,0.06728107244535854,-0.06910666823387146,0.1873813271522522,-0.18661978840827942,0.9458631277084351,0.37738752365112305,-0.9285616874694824,0.7229124307632446,0.10479038953781128,-0.15912659466266632,0.6309337615966797,0.026978889480233192,-1.0496504306793213
0.4551758749999989,0.0034223749999999996,133.0,4.1595897633195635,-0.5517698869223217,1.3779585484068912,1.7061525321138926e-5,4.445430000239377e-6,7.886997286824586e-6,0.06729517797867332,-0.06697350740432739,0.18419258296489716,-0.1904403269290924,0.9231631755828857,0.36395949125289917,-0.9199180603027344,0.7643144130706787,0.11302900314331055,-0.11216888576745987,0.6132092475891113,-0.022232048213481903,-1.0351530313491821
0.4551758749999989,0.0034223749999999996,133.0,4.125678557517006,-0.5186885427995713,1.3781909080932595,0.00018813041759144979,4.983072213183854e-5,8.743314909037537e-5,0.06730368064812138,-0.06553226709365845,0.18206433951854706,-0.19344496726989746,0.9020788073539734,0.34317830204963684,-0.9086034297943115,0.8007252812385559,0.1199345588684082,-0.06416613608598709,0.5948550701141357,-0.07757753133773804,-1.0208423137664795
0.4551758749999989,0.0034223749999999996,133.0,4.090826856493853,-0.4842821641496962,1.3782456803814955,0.0003730783172216033,9.926099693617274e-5,0.00017421986192097123,0.06730278423196018,-0.06413513422012329,0.18159833550453186,-0.1948166936635971,0.8856691718101501,0.32131993770599365,-0.8974909782409668,0.8218438029289246,0.1238311231136322,-0.02424539439380169,0.5741662979125977,-0.12922479212284088,-1.0081303119659424
0.4551758749999989,0.0034223749999999996,133.0,4.055137827198527,-0.44953514401598416,1.3784955989184176,0.0005176655893097097,0.0001397877297097264,0.00024350366486033817,0.06730400974803447,-0.06277349591255188,0.1793762743473053,-0.197447270154953,0.8630083799362183,0.29932743310928345,-0.8845384120941162,0.8565927743911743,0.13047251105308533,0.024680623784661293,0.5542223453521729,-0.18199890851974487,-0.9919822216033936
0.4551758749999989,0.0034223749999999996,133.0,4.018432711129494,-0.413940087592106,1.3788434892005568,0.0006799531586110072,0.0001858821580801979,0.0003233208453437964,0.06730078216853465,-0.061417728662490845,0.17696355283260345,-0.19992536306381226,0.8383597135543823,0.27601930499076843,-0.8699254989624023,0.8922441601753235,0.1371970772743225,0.07626955956220627,0.5331408977508545,-0.23484688997268677,-0.9739270806312561
0.4551758749999989,0.0034223749999999996,133.0,3.981089486043251,-0.37760267033571393,1.379186797573755,0.0008524624752806899,0.0002359372506531539,0.00040892199231095663,0.06729339614838231,-0.05997467041015625,0.17440947890281677,-0.2020941823720932,0.8120386600494385,0.2509877383708954,-0.8536739349365234,0.927568793296814,0.143711656332016,0.1305629014968872,0.5105156898498535,-0.28690406680107117,-0.9539870023727417
0.4551758749999989,0.0034223749999999996,133.0,3.943000601666152,-0.3404599948549398,1.3794839746006549,0.0010480312743145444,0.00029345568654671296,0.0005071536192473876,0.06728241418469634,-0.058487147092819214,0.17169120907783508,-0.2039213478565216,0.7842718362808228,0.22443518042564392,-0.8355050086975098,0.9619426131248474,0.14998763799667358,0.1868838369846344,0.48644447326660156,-0.3366701602935791,-0.9323660135269165
0.4551758749999989,0.0034223749999999996,133.0,3.9039295034728494,-0.3024950419278105,1.3799523278413863,0.0012323650622186604,0.00034786636773465697,0.0006039966195145602,0.06726797199671791,-0.05700427293777466,0.16879905760288239,-0.20539817214012146,0.7544616460800171,0.19628766179084778,-0.8144669532775879,0.9954833984375,0.15628647804260254,0.24522694945335388,0.4611020088195801,-0.38366997241973877,-0.9087334275245667
0.4551758749999989,0.0034223749999999996,133.0,3.863882127046256,-0.2640678763600913,1.3805725455640747,0.001351156522592329,0.00038935071569635,0.0006677139588779293,0.06723649110427982,-0.05690547823905945,0.16485314071178436,-0.20689712464809418,0.7202184796333313,0.17250199615955353,-0.7854106426239014,1.0380547046661377,0.16245001554489136,0.3143044412136078,0.4368882179260254,-0.42786335945129395,-0.8805561065673828
0.4551758749999989,0.0034223749999999996,133.0,3.8228907082265815,-0.22443510010159554,1.3812240455783076,0.0015018550579292485,0.0004352387538412757,0.0007552210185221736,0.06720711834227076,-0.05525335669517517,0.16159148514270782,-0.20707149803638458,0.6874858140945435,0.14249354600906372,-0.758641242980957,1.0653473138809204,0.16852331161499023,0.3738836646080017,0.4095041751861572,-0.46305447816848755,-0.85382080078125
0.4551758749999989,0.0034223749999999996,133.0,3.780802446985264,-0.1831933668093208,1.381206873797727,0.0016477048479590524,0.0004772058619015405,0.0008461841216278456,0.0671580555332951,-0.05312830209732056,0.16034568846225739,-0.206120565533638,0.6614127159118652,0.11238637566566467,-0.7341353893280029,1.07582688331604,0.17011144757270813,0.4228530526161194,0.38010644912719727,-0.4989912807941437,-0.8292233347892761
0.4551758749999989,0.0034223749999999996,133.0,3.7390957832500122,-0.141090440570569,1.384732962743861,0.0017829226884394996,0.0005067555149735634,0.0009401597776643126,0.06708157219232724,-0.051987648010253906,0.15322552621364594,-0.20543713867664337,0.615739107131958,0.08845412731170654,-0.6968517303466797,1.1130883693695068,0.18129459023475647,0.4941619038581848,0.35580992698669434,-0.5004258751869202,-0.7948183417320251
0.4551758749999989,0.0034223749999999996,133.0,3.6939221302458125,-0.09817350108439513,1.38514902956274,0.0018753301286889255,0.0005546297464824561,0.0010080199393608976,0.06695326386076461,-0.05374571681022644,0.14991514384746552,-0.20374137163162231,0.5868129730224609,0.07687868177890778,-0.6497962474822998,1.135349988937378,0.1820395588874817,0.5570482015609741,0.33678269386291504,-0.5123140811920166,-0.7666075825691223
0.4551758749999989,0.0034223749999999996,133.0,3.6427668687619517,-0.0504469488553142,1.386218790506335,0.0018274069861519305,0.0005245029529921607,0.0010910002239474103,0.06665361942064456,-0.05868649482727051,0.1550109088420868,-0.20658574998378754,0.6150729656219482,0.10881020128726959,-0.6826362609863281,1.1123559474945068,0.17118394374847412,0.5103269219398499,0.3860917091369629,-0.49623027443885803,-0.7842728495597839
0.4551758749999989,0.0034223749999999996,133.0,3.5767423199937776,0.016903750270090515,1.3843193516519274,0.0016777585576281484,-0.0001354546563419178,0.0013274006004565715,0.06523336218027437,-0.0945761501789093,0.19988498091697693,-0.16403982043266296,0.7662572264671326,0.2605609595775604,-0.6317834854125977,0.3852130174636841,0.16049200296401978,-0.8324154019355774,1.011315107345581,0.3036126494407654,-0.9236635565757751
0.4551758749999989,0.0034223749999999996,133.0,3.491492293092286,0.03906694258816771,1.3850126986221163,0.00010663260980723611,-2.798515897792246e-6,7.982323832902215e-5,0.06349715350433356,-0.2568131983280182,0.051156185567379,-0.012490570545196533,0.9660799503326416,-0.0695572942495346,-0.02678990364074707,-0.0524819940328598,-0.21277731657028198,-1.0969806909561157,1.5309560298919678,1.12006676197052,-0.748779833316803
0.4551758749999989,0.0034223749999999996,133.0,3.5263331343804296,0.08034204263720991,1.3964872294023578,-0.0018426681570558932,9.46979745517477e-5,-0.0012969533493658856,0.06263606621188417,-0.27580776810646057,0.057937074452638626,0.050171077251434326,1.1761715412139893,0.000365407788194716,-0.021680355072021484,-0.27225983142852783,-0.3051050901412964,-1.1985095739364624,1.4879329204559326,1.1522077322006226,-0.8645519614219666
0.4551758749999989,0.0034223749999999996,133.0,3.5479152404448437,0.13504779899417865,1.4222132669159593,-0.002239344054684917,0.0005931035014151822,-0.001289807118676163,0.06090877916431042,-0.3344068229198456,0.054599471390247345,0.13083705306053162,1.3601946830749512,-0.3667503893375397,0.12675714492797852,-0.7588760852813721,-0.34913647174835205,-1.2105662822723389,1.5379011631011963,1.4599288702011108,-1.0017306804656982
0.4551758749999989,0.0034223749999999996,133.0,3.5862936438771986,0.1835312107282403,1.4310778660486794,-0.0022732399715828504,0.000680373026284554,-0.001218409929611482,0.06051195470526226,-0.34710749983787537,0.061967868357896805,0.1639241874217987,1.4620999097824097,-0.4186956286430359,0.1367783546447754,-0.8727084398269653,-0.3602045178413391,-1.2282142639160156,1.4679224491119385,1.4053852558135986,-1.0916428565979004
0.4551758749999989,0.0034223749999999996,133.0,3.6301562568129064,0.2275988557256662,1.4353941812447442,-0.0021617117929072912,0.0006393268945072194,-0.0011127404309427256,0.06050726589629729,-0.3422096073627472,0.07538647204637527,0.1751352846622467,1.513357400894165,-0.31529974937438965,0.09370136260986328,-0.8605562448501587,-0.3672712445259094,-1.3352861404418945,1.4181904792785645,1.2913438081741333,-1.1353801488876343
0.4551758749999989,0.0034223749999999996,133.0,3.6743001861449303,0.26949119167476393,1.4392246032695444,-0.001985170329623749,0.0005859060527967428,-0.0009878637530459644,0.06058140509220441,-0.3361283838748932,0.08361289650201797,0.18448922038078308,1.557196855545044,-0.24107281863689423,0.05050492286682129,-0.8711852431297302,-0.38394975662231445,-1.404052495956421,1.357628583908081,1.2251933813095093,-1.16211998462677
0.4551758749999989,0.0034223749999999996,133.0,3.718090642011507,0.3096575124958378,1.441910764141181,-0.001760306519939608,0.0005164763452670896,-0.0008530108473471152,0.06073866088185147,-0.3305170238018036,0.08829935640096664,0.1877889335155487,1.5761687755584717,-0.18453949689865112,0.013056039810180664,-0.8723300695419312,-0.3933594822883606,-1.4666348695755005,1.3241350650787354,1.1963332891464233,-1.1715065240859985
0.4551758749999989,0.0034223749999999996,133.0,3.7608133547549345,0.3494032486878562,1.443866220639394,-0.0016553139055877559,0.0004809881247413488,-0.0007875664466703968,0.06087643551769437,-0.3256378471851349,0.09497212618589401,0.1901172697544098,1.594245433807373,-0.12119071930646896,-0.023088455200195312,-0.8597264885902405,-0.39710456132888794,-1.5371286869049072,1.3035008907318115,1.158503532409668,-1.185734748840332
0.4551758749999989,0.0034223749999999996,133.0,3.8031305934512725,0.3886093075913374,1.4465258260629337,-0.0014165961324637405,0.0004100212511552475,-0.0006587733053444795,0.06097200693481558,-0.32179227471351624,0.09853598475456238,0.18961367011070251,1.6008433103561401,-0.09349428862333298,-0.047189950942993164,-0.8575098514556885,-0.39468324184417725,-1.591516375541687,1.2947602272033691,1.156806230545044,-1.1947789192199707
0.4551758749999989,0.0034223749999999996,133.0,3.8445658751664094,0.42700957190568667,1.4493123332189384,-0.0012329081620186541,0.0003563007676652624,-0.000560698221569261,0.061069785940016205,-0.3182313144207001,0.10331928730010986,0.19000592827796936,1.6120842695236206,-0.049953632056713104,-0.07511115074157715,-0.8482221364974976,-0.39584028720855713,-1.6471447944641113,1.2862918376922607,1.1447805166244507,-1.2048752307891846
0.4551758749999989,0.0034223749999999996,133.0,3.8847657811472263,0.4646079282928194,1.4515090078492068,-0.001003037648519895,0.00028922534214809544,-0.0004452894745139958,0.06116133961870097,-0.3125580847263336,0.10960778594017029,0.19890758395195007,1.6513570547103882,0.012012887746095657,-0.11640453338623047,-0.8688223958015442,-0.42113620042800903,-1.6687606573104858,1.2259521484375,1.0967164039611816,-1.218443751335144
0.4551758749999989,0.0034223749999999996,133.0,3.9242689534819046,0.5011868118599287,1.4536671893650002,-0.0007973187367602222,0.00023110120485591085,-0.0003479308337416977,0.06125827456080949,-0.30836060643196106,0.11302278935909271,0.20121988654136658,1.6664268970489502,0.05037442967295647,-0.14580559730529785,-0.8737483024597168,-0.43058305978775024,-1.7003540992736816,1.2018358707427979,1.0877158641815186,-1.2240020036697388
0.4551758749999989,0.0034223749999999996,133.0,3.962749380113395,0.5371713372757835,1.4557247851128192,-0.0006023301015614423,0.00017474680891051408,-0.00025744428814262734,0.06133649163006716,-0.3053554594516754,0.11562038958072662,0.19968673586845398,1.6686702966690063,0.0719088613986969,-0.16506671905517578,-0.8700505495071411,-0.42724835872650146,-1.7399120330810547,1.202099084854126,1.0968255996704102,-1.2297247648239136
0.4551758749999989,0.0034223749999999996,133.0,4.000467619821112,0.572122032813907,1.4578626148055573,-0.00041346286581168794,0.00012093050866087883,-0.00017389023844792647,0.06142204298704777,-0.3010731637477875,0.12097807973623276,0.20645520091056824,1.6981078386306763,0.11566229909658432,-0.19793987274169922,-0.8873652815818787,-0.44609928131103516,-1.7517598867416382,1.1561388969421387,1.0608370304107666,-1.2400293350219727
0.4551758749999989,0.0034223749999999996,133.0,4.037221928062757,0.6062527314566848,1.4598123570494124,-0.00023185370966690146,6.79639237475244e-5,-9.572206577394266e-5,0.06149485544485274,-0.29789355397224426,0.1238866001367569,0.20869669318199158,1.7111294269561768,0.14475172758102417,-0.221818208694458,-0.8939109444618225,-0.45479387044906616,-1.7689769268035889,1.1358063220977783,1.0540095567703247,-1.244312047958374
0.4551758749999989,0.0034223749999999996,133.0,4.072573278956272,0.6394221135231019,1.4609381616454657,-6.898456376100465e-5,2.032386512455518e-5,-2.8217101839088758e-5,0.06158424353503032,-0.29497942328453064,0.1265101283788681,0.21045055985450745,1.7221359014511108,0.17185527086257935,-0.24404120445251465,-0.8989202380180359,-0.46213817596435547,-1.7866064310073853,1.1194002628326416,1.0505417585372925,-1.2479745149612427
0.4551758749999989,0.0034223749999999996,133.0,4.1069923541799405,0.6715754836799339,1.4622856132181339,0.00014858886836191962,-4.4558992685655786e-5,6.034189718736705e-5,0.061644347469455144,-0.29292842745780945,0.12661732733249664,0.2075386941432953,1.7164901494979858,0.16824044287204742,-0.25106287002563477,-0.9035285115242004,-0.45295506715774536,-1.8092525005340576,1.1270887851715088,1.0754090547561646,-1.2517398595809937
0.4551758749999989,0.0034223749999999996,133.0,4.141790119244096,0.7012664846436195,1.462460266942044,0.00035044689448046135,-0.00010478840372381154,0.00013840835044482354,0.06184006175684278,-0.28813984990119934,0.12713883817195892,0.21171441674232483,1.7301679849624634,0.19271457195281982,-0.27913403511047363,-0.9223148226737976,-0.4691464304924011,-1.8019073009490967,1.0863206386566162,1.0705949068069458,-1.249100923538208
0.4551758749999989,0.0034223749999999996,133.0,4.174532482117787,0.7321236645163438,1.4640448404366952,0.000553699565309392,-0.00016713307078858387,0.00021561900270498552,0.06189297351142458,-0.28567710518836975,0.1310501992702484,0.21402302384376526,1.7431316375732422,0.21492062509059906,-0.29833316802978516,-0.9288030862808228,-0.4737721085548401,-1.8140616416931152,1.0693480968475342,1.054982304573059,-1.2574009895324707
0.4551758749999989,0.0034223749999999996,133.0,4.206801711622896,0.7625411307899401,1.4663959120269034,0.0007958459836674392,-0.00024121992716630007,0.000303699863488901,0.061905328392131226,-0.2837305963039398,0.1322486400604248,0.21248933672904968,1.7434265613555908,0.22973226010799408,-0.31014013290405273,-0.9296417832374573,-0.47183698415756226,-1.8339049816131592,1.0712816715240479,1.0679606199264526,-1.259806513786316
0.4551758749999989,0.0034223749999999996,133.0,4.238337837387548,0.7920982459815051,1.4687070481952553,0.0009688617780817478,-0.00029423142255307196,0.00036249164004453424,0.06193973857426519,-0.2811557352542877,0.13834430277347565,0.21846500039100647,1.7691305875778198,0.2714213728904724,-0.33761024475097656,-0.9372333884239197,-0.4890415072441101,-1.8360249996185303,1.0355467796325684,1.027458906173706,-1.2680749893188477
0.4551758749999989,0.0034223749999999996,133.0,4.268899174857832,0.820623522818804,1.4713375039349181,0.0011907467379259167,-0.0003649100501215991,0.00043458456038344815,0.06195239397487865,-0.2786010205745697,0.13959890604019165,0.22052070498466492,1.777511477470398,0.2842686176300049,-0.3523285388946533,-0.9509848952293396,-0.4958190321922302,-1.8344829082489014,1.014233112335205,1.0235708951950073,-1.26963210105896
0.4551758749999989,0.0034223749999999996,133.0,4.298495649752209,0.8477802646600662,1.4726132030358543,0.0013582592251439305,-0.0004204825659774008,0.0004904208102851403,0.062015668515050755,-0.2758943736553192,0.14266297221183777,0.22351261973381042,1.7901233434677124,0.3113235533237457,-0.37398695945739746,-0.9556580185890198,-0.5057834982872009,-1.8362712860107422,0.9905974864959717,1.008939504623413,-1.272220492362976
0.4551758749999989,0.0034223749999999996,133.0,4.327291051418686,0.87428895786887,1.474306545743095,0.0015462551650971613,-0.00048231903634815516,0.0005504811489628294,0.06206125610955615,-0.273758202791214,0.14304040372371674,0.22277119755744934,1.7896937131881714,0.3190072178840637,-0.3847053050994873,-0.9602850675582886,-0.5043278336524963,-1.8451569080352783,0.9871175289154053,1.021384596824646,-1.2733862400054932
0.4551758749999989,0.0034223749999999996,133.0,4.3553142961772116,0.9001114272227893,1.4758655392671816,0.0017711541033448431,-0.0005544747591936358,0.0006236434549387848,0.06211156955703916,-0.27200236916542053,0.14532728493213654,0.22406694293022156,1.7975215911865234,0.342262327671051,-0.40148425102233887,-0.9599123597145081,-0.5102079510688782,-1.8526676893234253,0.9763772487640381,1.0185279846191406,-1.275378942489624
0.4551758749999989,0.0034223749999999996,133.0,4.38232924829278,0.9249821245135391,1.4775567781292678,0.0020021944641025365,-0.0006303567738197338,0.0006907079478881688,0.06213676048988263,-0.26979830861091614,0.1446387767791748,0.22382453083992004,1.796714186668396,0.34086018800735474,-0.4084959030151367,-0.9723426103591919,-0.5091580748558044,-1.8522922992706299,0.9672284126281738,1.0300612449645996,-1.2757055759429932
0.4551758749999989,0.0034223749999999996,133.0,4.408368302105409,0.9487133186617926,1.4788004477253203,0.0022539341140388348,-0.0007179931056450749,0.000769747645038425,0.062185225196368814,-0.26773694157600403,0.14729759097099304,0.22711268067359924,1.8086869716644287,0.36145734786987305,-0.42625999450683594,-0.9791196584701538,-0.5187525153160095,-1.8482369184494019,0.94382643699646,1.0142676830291748,-1.2779927253723145
0.4551758749999989,0.0034223749999999996,133.0,4.433503809407809,0.9718900227386305,1.4803150549818243,0.002439977345666537,-0.000784655474891548,0.0008241527507000755,0.06222643539713912,-0.26615259051322937,0.14744925498962402,0.2269425094127655,1.8090540170669556,0.36677098274230957,-0.4346957206726074,-0.98466557264328,-0.5184616446495056,-1.852267861366272,0.9394268989562988,1.0238063335418701,-1.2787485122680664
0.4551758749999989,0.0034223749999999996,133.0,4.457708453871261,0.9943063682746045,1.4818312809965812,0.0026801607240221695,-0.0008650237383070139,0.0008916015050919355,0.06225734483827331,-0.2647557556629181,0.14855177700519562,0.22826960682868958,1.814382791519165,0.37986549735069275,-0.44626498222351074,-0.9896734952926636,-0.523118793964386,-1.8531227111816406,0.9286861419677734,1.0235145092010498,-1.2794386148452759
0.4551758749999989,0.0034223749999999996,133.0,4.4811759658026915,1.016154683047219,1.4834810689992173,0.002920564512142911,-0.0009507708918967133,0.0009606643307088969,0.06229479292999831,-0.26344171166419983,0.15188415348529816,0.2315773069858551,1.8274656534194946,0.4011809527873993,-0.4615285396575928,-0.9942045211791992,-0.5328945517539978,-1.8502956628799438,0.9080312252044678,1.0032694339752197,-1.2826354503631592
0.4551758749999989,0.0034223749999999996,133.0,4.50377511522158,1.0365931421606167,1.4843311967500132,0.0031749639050479275,-0.0010409153035837275,0.0010340270627273457,0.0623204949090454,-0.26176777482032776,0.1498487889766693,0.22823914885520935,1.8167920112609863,0.3934267461299896,-0.4637608528137207,-0.9981722831726074,-0.522570788860321,-1.8605239391326904,0.9190669059753418,1.034440279006958,-1.2825677394866943
0.4551758749999989,0.0034223749999999996,133.0,4.52553013536017,1.0561617135578727,1.4855918559130736,0.0034289624458046335,-0.0011383086214039977,0.0011052377406437033,0.06234825036776714,-0.26013872027397156,0.15033915638923645,0.22932645678520203,1.820014476776123,0.3984218239784241,-0.4724538326263428,-1.0069669485092163,-0.5250474810600281,-1.8567016124725342,0.9068207740783691,1.0337127447128296,-1.2833189964294434
0.4551758749999989,0.0034223749999999996,133.0,4.546103918053472,1.075821272058555,1.4876906790499027,0.003632563560789802,-0.001209040196935143,0.0011508110849733776,0.06235379167439212,-0.2595926821231842,0.15188008546829224,0.23084822297096252,1.8265351057052612,0.41111835837364197,-0.4807910919189453,-1.0108568668365479,-0.5300422310829163,-1.8577487468719482,0.8988971710205078,1.0289814472198486,-1.2848247289657593
0.4551758749999989,0.0034223749999999996,133.0,4.5659916664491,1.0940564800219386,1.4889438176320586,0.0038582525771083107,-0.0012912230271479761,0.0012077205743026053,0.062375422213960884,-0.2583141624927521,0.15347665548324585,0.23322877287864685,1.8341679573059082,0.420701801776886,-0.49085116386413574,-1.01905357837677,-0.5359860062599182,-1.852135181427002,0.8820257186889648,1.0176972150802612,-1.2864395380020142
0.4551758749999989,0.0034223749999999996,133.0,4.585056589406209,1.1110060245942468,1.4894510463654798,0.004047968647912194,-0.001367512825718078,0.0012596593011822072,0.0624233971808053,-0.2567158043384552,0.1529805213212967,0.23303374648094177,1.8323603868484497,0.42035266757011414,-0.496915340423584,-1.0261808633804321,-0.5343753695487976,-1.8521733283996582,0.8772084712982178,1.0267819166183472,-1.286330223083496
0.4551758749999989,0.0034223749999999996,133.0,4.602863372834735,1.128046685752273,1.4907469631664105,0.004274744768827652,-0.0014508725558806568,0.0013268475480877945,0.06243922843622092,-0.2562980353832245,0.15416386723518372,0.23232343792915344,1.832763671875,0.4305974841117859,-0.5036919116973877,-1.0226778984069824,-0.532542884349823,-1.863573431968689,0.8828094005584717,1.0344841480255127,-1.2886974811553955
0.4551758749999989,0.0034223749999999996,133.0,4.6204523081389475,1.1436542779660743,1.4921844210024093,0.004474099766415873,-0.0015346922623279188,0.0013654311977453874,0.062469578108885565,-0.2548738420009613,0.15515665709972382,0.23455581068992615,1.8391757011413574,0.43821948766708374,-0.5120933055877686,-1.0309864282608032,-0.5386822819709778,-1.8560140132904053,0.8647713661193848,1.0239118337631226,-1.2888908386230469
0.4551758749999989,0.0034223749999999996,133.0,4.637049029656332,1.1581150235703053,1.4929044948738228,0.004669752657439561,-0.0016126609436842728,0.0014120135528543,0.06250923907803839,-0.2531067430973053,0.1548464149236679,0.23505046963691711,1.8388676643371582,0.44208595156669617,-0.519737720489502,-1.0364561080932617,-0.5399304032325745,-1.8524237871170044,0.8548538684844971,1.0277605056762695,-1.2873752117156982
0.4551758749999989,0.0034223749999999996,133.0,4.652874624820444,1.1716696440847232,1.4934737102882292,0.004818952851658128,-0.0016756108550551253,0.001447710161397671,0.06255524474862165,-0.2508625090122223,0.15353578329086304,0.23497429490089417,1.8359273672103882,0.4458318054676056,-0.5270230770111084,-1.0409610271453857,-0.5412946343421936,-1.846852421760559,0.8438887596130371,1.0367281436920166,-1.2831408977508545
0.4551758749999989,0.0034223749999999996,133.0,4.667825053914009,1.1848431972008258,1.4943562587956662,0.004960321508814259,-0.0017250055752745122,0.0014682833422551389,0.06258794030496632,-0.2484828531742096,0.15409241616725922,0.23616108298301697,1.8374717235565186,0.4503408372402191,-0.5358209609985352,-1.0457258224487305,-0.5439677834510803,-1.836488127708435,0.8253977298736572,1.0276238918304443,-1.281967043876648
0.4551758749999989,0.0034223749999999996,133.0,4.68186394276293,1.1970638790056305,1.49521023388941,0.0051028460040475525,-0.001786886672284987,0.001500619101364173,0.06262821090342803,-0.24599066376686096,0.15270869433879852,0.23571905493736267,1.8331900835037231,0.453265905380249,-0.5427370071411133,-1.0482102632522583,-0.5438060164451599,-1.83125638961792,0.8142621517181396,1.0356999635696411,-1.277919054031372
0.4551758749999989,0.0034223749999999996,133.0,4.694722669496927,1.2087390415318975,1.4959672920673612,0.005256332915476041,-0.0018490697286640454,0.0015355572886747205,0.0626632316614792,-0.24436327815055847,0.15306249260902405,0.23773500323295593,1.8368642330169678,0.4640514850616455,-0.5526793003082275,-1.0501962900161743,-0.5501680970191956,-1.823261022567749,0.7962532043457031,1.0290896892547607,-1.2751730680465698
0.4551758749999989,0.0034223749999999996,133.0,4.706268839763725,1.2207272916832292,1.4974990214840151,0.005419514966529533,-0.0019070976413687593,0.0015715736247217298,0.0626713803681851,-0.24438771605491638,0.15522632002830505,0.23828306794166565,1.8410314321517944,0.4835706055164337,-0.5614476203918457,-1.0396747589111328,-0.5535077452659607,-1.8315600156784058,0.7966868877410889,1.0263229608535767,-1.2760369777679443
0.4551758749999989,0.0034223749999999996,133.0,4.716743670675424,1.232418299360384,1.4992849385797178,0.005579892805659874,-0.001961527441522428,0.001605215996617948,0.06266916113575556,-0.24466243386268616,0.15960568189620972,0.2404012382030487,1.8512675762176514,0.5039336681365967,-0.5712401866912842,-1.0305185317993164,-0.5591437220573425,-1.8355557918548584,0.7893853187561035,1.0033106803894043,-1.2805392742156982
0.4551758749999989,0.0034223749999999996,133.0,4.726570552017041,1.242766826109042,1.5007835717286795,0.00576677925458951,-0.002018103880506678,0.0016411487182194002,0.06267468745665704,-0.24498829245567322,0.16352272033691406,0.24335035681724548,1.8624889850616455,0.5240418314933777,-0.5808920860290527,-1.0242350101470947,-0.5675950646400452,-1.8349509239196777,0.7771613597869873,0.9786664247512817,-1.283165454864502
0.4551758749999989,0.0034223749999999996,133.0,4.735346514673051,1.2537372046966784,1.5031463964768115,0.006000578929722875,-0.002131546871141776,0.0017354033002790837,0.06255620980651351,-0.2465399205684662,0.16640649735927582,0.24148264527320862,1.8645564317703247,0.5449600219726562,-0.584141731262207,-1.0048073530197144,-0.5650380253791809,-1.8566195964813232,0.7971925735473633,0.983944296836853,-1.2879412174224854
0.4551758749999989,0.0034223749999999996,133.0,4.743211387697095,1.2628749315003693,1.5045027722817637,0.006284891980945947,-0.00221939989198343,0.00180321271852394,0.0625532566526748,-0.2471419870853424,0.1697743535041809,0.242701917886734,1.8719568252563477,0.5632672905921936,-0.5907726287841797,-0.9948146343231201,-0.5695582032203674,-1.8611851930618286,0.7944254875183105,0.9683831334114075,-1.2907657623291016
0.4551758749999989,0.0034223749999999996,133.0,4.75024896067214,1.270628965489749,1.5056280619064624,0.0067028251660120565,-0.0023769798320583016,0.0019201368843768363,0.06257139309256744,-0.24785873293876648,0.17304086685180664,0.24403539299964905,1.879777193069458,0.5823624134063721,-0.5970289707183838,-0.9854528903961182,-0.5753608345985413,-1.862990140914917,0.7905943393707275,0.9517258405685425,-1.2927119731903076
0.4551758749999989,0.0034223749999999996,133.0,4.756412900353337,1.2778316589537642,1.5067717399557965,0.0074183834784168805,-0.002622291422366524,0.0021054318888722836,0.06256878122440312,-0.24811604619026184,0.1757369488477707,0.24568507075309753,1.887258768081665,0.5955135822296143,-0.6023883819580078,-0.9817681908607483,-0.5801696181297302,-1.8590155839920044,0.7809128761291504,0.9312515258789062,-1.2952725887298584
0.4551758749999989,0.0034223749999999996,133.0,4.761891586914431,1.2838288971159624,1.507588233620724,0.009029103175989437,-0.003197581506046499,0.0025405880473796942,0.06257965165260852,-0.24799880385398865,0.17748914659023285,0.2469293177127838,1.893211841583252,0.6052018404006958,-0.6082074642181396,-0.9819728136062622,-0.5823644995689392,-1.8508318662643433,0.769878625869751,0.9131074547767639,-1.2989445924758911
0.4551758749999989,0.0034223749999999996,133.0,4.766153013941921,1.288260832623326,1.508649933003402,0.01668030396376046,-0.006112958856622168,0.004613893878741783,0.06261535570588103,-0.24703404307365417,0.17392727732658386,0.24783310294151306,1.899375557899475,0.6101099848747253,-0.6165766716003418,-1.004989504814148,-0.5780655741691589,-1.8145617246627808,0.7445228099822998,0.9011675715446472,-1.30936598777771
0.4551758749999989,0.0034223749999999996,133.0,4.789618525261337,-1.1955299223952716,1.371478831528064,-0.014648581715527737,-0.0014856467978859767,-0.0064282815728386985,0.06702739793458483,-0.07102343440055847,0.2074352651834488,-0.08983743190765381,1.1432278156280518,0.5471540093421936,-1.205873727798462,-0.11314067244529724,0.001664280891418457,-0.8600624203681946,0.7130308151245117,1.0516972541809082,-1.1459770202636719
0.4551758749999989,0.0034223749999999996,133.0,4.784738510845804,-1.1900291234468772,1.371600800591729,-0.007892986183818675,-0.000788430599611664,-0.0035064293005362098,0.066995506851029,-0.07308676838874817,0.210209459066391,-0.08929908275604248,1.1459218263626099,0.5527940988540649,-1.2065765857696533,-0.10154660046100616,-0.0015869736671447754,-0.8586022853851318,0.7446656227111816,1.0266814231872559,-1.1449532508850098
0.4551758749999989,0.0034223749999999996,133.0,4.778809318386613,-1.1841689934505883,1.3713993929379906,-0.006484291185328921,-0.0006613868193148804,-0.002883876537525918,0.06696978357521582,-0.07528325915336609,0.21115262806415558,-0.09092938899993896,1.149404764175415,0.55998694896698,-1.1964819431304932,-0.08218240737915039,-0.004317820072174072,-0.856071412563324,0.7532613277435303,1.0065820217132568,-1.1455979347229004
0.4551758749999989,0.0034223749999999996,133.0,4.772189925349288,-1.1779647608305361,1.3709092577042026,-0.005862369849592463,-0.0006284282388183194,-0.0026097977797503464,0.0669513824827988,-0.07692208886146545,0.2114643007516861,-0.09299802780151367,1.1511839628219604,0.5635471940040588,-1.1869630813598633,-0.062019143253564835,-0.005322873592376709,-0.8505285978317261,0.7586452960968018,0.9889415502548218,-1.1463172435760498
0.4551758749999989,0.0034223749999999996,133.0,4.764349044179134,-1.170764274438169,1.3703345916917962,-0.005501285567304089,-0.0006182302077242147,-0.002448969407602147,0.06692716479013638,-0.07939222455024719,0.2117454707622528,-0.09588855504989624,1.154292345046997,0.5690445899963379,-1.1733372211456299,-0.033341966569423676,-0.007343947887420654,-0.8437424302101135,0.7646348476409912,0.9652472734451294,-1.1473662853240967
0.4551758749999989,0.0034223749999999996,133.0,4.755489425596407,-1.1648195316830152,1.367116320474043,-0.005245074645412585,-0.0006754784237949723,-0.0023390345010558602,0.06697358999696257,-0.07911056280136108,0.21041150391101837,-0.09891378879547119,1.1499054431915283,0.5676609873771667,-1.16526198387146,-0.007393022999167442,-0.004633009433746338,-0.8282358050346375,0.7652778625488281,0.9509683847427368,-1.1457757949829102
0.4551758749999989,0.0034223749999999996,133.0,4.745965354493419,-1.1563814479661059,1.366122194941286,-0.005032683157259266,-0.0006989838967831135,-0.0022482711228064044,0.06694774765229027,-0.08154323697090149,0.20913366973400116,-0.1045142412185669,1.1502690315246582,0.5809392333030701,-1.1431913375854492,0.04197583347558975,-0.005236804485321045,-0.8169079422950745,0.771981954574585,0.9257816672325134,-1.14570152759552
0.4551758749999989,0.0034223749999999996,133.0,4.735932371394926,-1.146936386700702,1.3655225756138933,-0.004875124161892335,-0.0007076296079273028,-0.002176098550520912,0.06693057692529025,-0.08370605111122131,0.2096872478723526,-0.10674598813056946,1.1525490283966064,0.5784502029418945,-1.1334576606750488,0.0636957436800003,-0.006240546703338623,-0.8065041303634644,0.7762999534606934,0.8996832370758057,-1.1468403339385986
0.4551758749999989,0.0034223749999999996,133.0,4.724669254274927,-1.1366925113395163,1.364631748908746,-0.004732721281264704,-0.0007322878932369799,-0.00211300293009931,0.06690190112964582,-0.0861678421497345,0.20833119750022888,-0.11249974370002747,1.151407241821289,0.5831658840179443,-1.1127874851226807,0.11486268043518066,-0.0051212310791015625,-0.7890511155128479,0.7836506366729736,0.8657850027084351,-1.1468980312347412
0.4551758749999989,0.0034223749999999996,133.0,4.712662015332521,-1.1257892435182664,1.36382848477536,-0.004587884860423526,-0.0007570236420763505,-0.0020518368679822156,0.0668797066757959,-0.0888005793094635,0.20750845968723297,-0.11740419268608093,1.151519775390625,0.5880878567695618,-1.0942296981811523,0.15882185101509094,-0.00532078742980957,-0.7734666466712952,0.7899398803710938,0.8346174955368042,-1.1468396186828613
0.4551758749999989,0.0034223749999999996,133.0,4.70033171030547,-1.114047170082283,1.3633340106860499,-0.004454165699060567,-0.0007672992243912788,-0.001991881621983682,0.06687462380376645,-0.09004339575767517,0.20719842612743378,-0.12047243118286133,1.150073766708374,0.5840287804603577,-1.0844898223876953,0.18374651670455933,-0.0035477876663208008,-0.7586442232131958,0.793421745300293,0.8100520372390747,-1.147085428237915
0.4551758749999989,0.0034223749999999996,133.0,4.687156707785522,-1.101484438315176,1.3628552440900812,-0.004319584152110354,-0.0007664316765130344,-0.0019302830699037593,0.06686994679226654,-0.09078088402748108,0.2064683884382248,-0.12379097938537598,1.1475505828857422,0.5853255391120911,-1.0749845504760742,0.20885421335697174,-0.0015516281127929688,-0.7441801428794861,0.7959213256835938,0.7941039204597473,-1.1465402841567993
0.4551758749999989,0.0034223749999999996,133.0,4.673504579007569,-1.0877269963903275,1.3629426048142836,-0.004204070363523472,-0.0007426684744184669,-0.0018771962634758594,0.06688957034147996,-0.09032121300697327,0.2063576728105545,-0.12552231550216675,1.1437976360321045,0.5780421495437622,-1.072364330291748,0.21811144053936005,0.002312183380126953,-0.7304612994194031,0.7957634925842285,0.7794132232666016,-1.1465282440185547
0.4551758749999989,0.0034223749999999996,133.0,4.65946230741733,-1.0739006422231387,1.36276351564585,-0.0040526539602977335,-0.0007286019641414388,-0.0018123307794052164,0.06692268116779536,-0.08868357539176941,0.20514565706253052,-0.1281726360321045,1.13687002658844,0.576295018196106,-1.0685758590698242,0.23201288282871246,0.007935523986816406,-0.7155637145042419,0.7932705879211426,0.7701215147972107,-1.1452536582946777
0.4551758749999989,0.0034223749999999996,133.0,4.643967571362345,-1.0586291789916427,1.3626790177095331,-0.003866521690208344,-0.0007058037981146321,-0.0017314375799694917,0.06693350181059272,-0.08794286847114563,0.20460714399814606,-0.1304655373096466,1.1319515705108643,0.5713340044021606,-1.064192295074463,0.24637384712696075,0.011925220489501953,-0.7005110383033752,0.7915103435516357,0.7520310282707214,-1.1442855596542358
0.4551758749999989,0.0034223749999999996,133.0,4.627784877287191,-1.0426720165661174,1.3627059577797307,-0.0036930798241344284,-0.0006820146895549309,-0.001654140563292726,0.06694893925885882,-0.08746916055679321,0.20440201461315155,-0.13243573904037476,1.128105878829956,0.5692170262336731,-1.0597560405731201,0.26012733578681946,0.014583975076675415,-0.6866025328636169,0.7890193462371826,0.7330145239830017,-1.1430625915527344
0.4551758749999989,0.0034223749999999996,133.0,4.610703544177914,-1.0257240584883953,1.3628061646373133,-0.003496781988939707,-0.000651426113928166,-0.0015665926161712645,0.06696479412349043,-0.08729898929595947,0.20476633310317993,-0.13386878371238708,1.1253786087036133,0.5602863430976868,-1.056506633758545,0.2697191536426544,0.016716420650482178,-0.6728652119636536,0.786095380783081,0.7077714800834656,-1.1423619985580444
0.4551758749999989,0.0034223749999999996,133.0,4.593508374001078,-1.0083825608426296,1.3630954933742616,-0.0033081164141595047,-0.0006145154005742791,-0.0014845645971015924,0.06701236442526638,-0.08388125896453857,0.20402218401432037,-0.1348520815372467,1.116811752319336,0.5492087006568909,-1.0610580444335938,0.2674141526222229,0.023755937814712524,-0.6585954427719116,0.7771451473236084,0.6989094018936157,-1.1408586502075195
0.4551758749999989,0.0034223749999999996,133.0,4.5746258904919,-0.9896178691777345,1.3632159928979573,-0.0031170624198010467,-0.0005835702662247716,-0.0013972268897552455,0.06701623338928954,-0.08435198664665222,0.20472778379917145,-0.136427104473114,1.1152961254119873,0.544190526008606,-1.0550379753112793,0.2814980745315552,0.02420598268508911,-0.643444299697876,0.7736237049102783,0.6685155034065247,-1.1396763324737549
0.4551758749999989,0.0034223749999999996,133.0,4.555011035156408,-0.9704039614478458,1.3631158957866985,-0.002942726752863395,-0.0005627182419681845,-0.0013209715146442907,0.06703459119043732,-0.08354973793029785,0.2038910686969757,-0.13958528637886047,1.1083710193634033,0.5348852276802063,-1.0485131740570068,0.30520156025886536,0.02904626727104187,-0.6203083395957947,0.769582986831665,0.6363844871520996,-1.1375596523284912
0.4551758749999989,0.0034223749999999996,133.0,4.535091756841732,-0.9502174408945256,1.3634570747650632,-0.0027171392382311045,-0.0005161788410957206,-0.0012203261932926552,0.06707156713691861,-0.08129000663757324,0.20424607396125793,-0.14000874757766724,1.1024008989334106,0.5208637714385986,-1.0511131286621094,0.3031456768512726,0.03388437628746033,-0.6045706272125244,0.760601282119751,0.6172981858253479,-1.1363226175308228
0.4551758749999989,0.0034223749999999996,133.0,4.513483221481268,-0.9300529772178832,1.3630081051624807,-0.002490330917530359,-0.0005063303526339612,-0.0011206158032422363,0.06706683482988264,-0.08245289325714111,0.20152021944522858,-0.14702284336090088,1.0934689044952393,0.5282832980155945,-1.0308892726898193,0.3649567663669586,0.03765517473220825,-0.5722736716270447,0.7616350650787354,0.5700552463531494,-1.131291151046753
0.4551758749999989,0.0034223749999999996,133.0,4.491594700261322,-0.9085755526139598,1.362985631237218,-0.0022775244322398264,-0.00046943013083697283,-0.0010262665115010519,0.06709283484041663,-0.08039024472236633,0.19982370734214783,-0.15042585134506226,1.0833098888397217,0.5228605270385742,-1.025712490081787,0.3884630799293518,0.04400172829627991,-0.5481395125389099,0.7539308071136475,0.5435752272605896,-1.127532958984375
0.4551758749999989,0.0034223749999999996,133.0,4.468653645983291,-0.8859832659001848,1.3629066358652155,-0.0020675309985775945,-0.00043386845142523694,-0.0009301981199376624,0.06710232862119132,-0.08041533827781677,0.19975869357585907,-0.15300455689430237,1.0775809288024902,0.5114687085151672,-1.0183897018432617,0.41099849343299866,0.04701733589172363,-0.5233822464942932,0.7486233711242676,0.5025177597999573,-1.1246851682662964
0.4551758749999989,0.0034223749999999996,133.0,4.444789453436665,-0.8617892370553515,1.3630683010201172,-0.0019016550124266033,-0.0003967695759813032,-0.0008529113919960295,0.06710268339397012,-0.08015146851539612,0.20130741596221924,-0.1532861590385437,1.0752537250518799,0.4978559911251068,-1.0152506828308105,0.4140012264251709,0.047938406467437744,-0.5060399174690247,0.7394397258758545,0.4681403338909149,-1.1230525970458984
0.4551758749999989,0.0034223749999999996,133.0,4.420654086966642,-0.8375089614805177,1.363513088278082,-0.0016946366754768752,-0.00034842249216896057,-0.0007628154236484333,0.0671514583021893,-0.07640194892883301,0.20071908831596375,-0.15425851941108704,1.0651416778564453,0.48421013355255127,-1.018289566040039,0.41446805000305176,0.055190443992614746,-0.4868553578853607,0.725536584854126,0.45031023025512695,-1.1201709508895874
0.4551758749999989,0.0034223749999999996,133.0,4.395093004249982,-0.8125186594912767,1.3634903726253267,-0.0015030379445081937,-0.00031788177459073075,-0.0006785781105451765,0.0671648966580163,-0.0754101574420929,0.19961683452129364,-0.1576520800590515,1.0552375316619873,0.4730147123336792,-1.0105164051055908,0.44220808148384094,0.06079182028770447,-0.4577462673187256,0.7175760269165039,0.4093913733959198,-1.1158044338226318
0.4551758749999989,0.0034223749999999996,133.0,4.36865814310098,-0.7870366042827905,1.3633702157019056,-0.0013140959362371643,-0.00028745766180197815,-0.0005945031481817296,0.06717690018401369,-0.07582792639732361,0.19778650999069214,-0.16269904375076294,1.0441288948059082,0.46907350420951843,-0.9964056015014648,0.4887540340423584,0.06516209244728088,-0.42181363701820374,0.7121305465698242,0.3571021854877472,-1.1090275049209595
0.4551758749999989,0.0034223749999999996,133.0,4.341720298603748,-0.7606007655987029,1.3633285305095801,-0.0011579060667095996,-0.00026016686071899173,-0.0005240655201531345,0.0671951835725603,-0.0746995210647583,0.19633865356445312,-0.16644346714019775,1.0314090251922607,0.4557662010192871,-0.9873631000518799,0.5220866799354553,0.07150951027870178,-0.3858836591243744,0.7023017406463623,0.3095591962337494,-1.1025630235671997
0.4551758749999989,0.0034223749999999996,133.0,4.314007022250013,-0.7334325743397989,1.3633281933660208,-0.0010185353912147538,-0.0002334621311128856,-0.00046216939295673303,0.06722624396909664,-0.07361611723899841,0.19475911557674408,-0.17035892605781555,1.0174864530563354,0.4415718615055084,-0.9772477149963379,0.5576289892196655,0.07823482155799866,-0.34757840633392334,0.6917245388031006,0.2603152394294739,-1.0952551364898682
0.4551758749999989,0.0034223749999999996,133.0,4.285116620776226,-0.7052677352519732,1.3633112356213688,-0.0008395999436913023,-0.00019664341034818998,-0.0003808519238399931,0.06723663932440287,-0.07183694839477539,0.19280153512954712,-0.17412137985229492,1.001837968826294,0.4304855167865753,-0.9684879779815674,0.5922117233276367,0.08521965146064758,-0.3092482388019562,0.6785516738891602,0.21542446315288544,-1.0865192413330078
0.4551758749999989,0.0034223749999999996,133.0,4.255292744480626,-0.6764424046854413,1.3632993716971726,-0.000703495090015889,-0.00017001429269449233,-0.00031952111515283894,0.06724360594593368,-0.07167533040046692,0.1909157931804657,-0.17855289578437805,0.9858300685882568,0.4178955554962158,-0.9550156593322754,0.6369310021400452,0.09123247861862183,-0.2651302218437195,0.6677632331848145,0.15752817690372467,-1.0763990879058838
0.4551758749999989,0.0034223749999999996,133.0,4.224963313141849,-0.6467329019398125,1.3634043375775364,-0.0005271499282753484,-0.00013045195257049927,-0.0002397333003867191,0.06725867395155549,-0.0714004635810852,0.18866653740406036,-0.1829943060874939,0.9680871367454529,0.40566930174827576,-0.9416518211364746,0.6834776997566223,0.09739184379577637,-0.21846793591976166,0.6558797359466553,0.09914954751729965,-1.064706802368164
0.4551758749999989,0.0034223749999999996,133.0,4.193845965282483,-0.6158330902872378,1.3635903862029073,-0.00033055244485627564,-8.189311825076092e-5,-0.00015103852307067763,0.06728803545027916,-0.069597989320755,0.18769091367721558,-0.18524643778800964,0.9523437023162842,0.38660097122192383,-0.9335486888885498,0.70868980884552,0.10312283039093018,-0.1794053167104721,0.638636589050293,0.04979925602674484,-1.0545347929000854
0.4551758749999989,0.0034223749999999996,133.0,4.161637850215156,-0.5841380412643291,1.363852855496489,-0.00015415362001307883,-3.845177612884259e-5,-7.104833367327952e-5,0.06731061367519359,-0.06642276048660278,0.1861778348684311,-0.18718820810317993,0.9340689182281494,0.36570289731025696,-0.928943395614624,0.7300451993942261,0.11049953103065491,-0.1408645361661911,0.6182558536529541,0.0067516472190618515,-1.0435277223587036
0.4551758749999989,0.0034223749999999996,133.0,4.128575989907039,-0.5524090285419422,1.3641789101363433,1.70378592817099e-5,4.386997588362568e-6,7.914025950023476e-6,0.06732308721829158,-0.06514838337898254,0.18245011568069458,-0.19181080162525177,0.9095237851142883,0.35315069556236267,-0.9170808792114258,0.7809661030769348,0.11881327629089355,-0.08820467442274094,0.602118968963623,-0.048830196261405945,-1.0272618532180786
0.4551758749999989,0.0034223749999999996,133.0,4.094650976364861,-0.5193339643107897,1.3644260201975684,0.00018793746439559357,4.916089612758285e-5,8.779963106440247e-5,0.06733033007375346,-0.06371349096298218,0.18032719194889069,-0.19466133415699005,0.8880835771560669,0.3320837616920471,-0.9056472778320312,0.8165056109428406,0.12563112378120422,-0.04011816158890724,0.5834310054779053,-0.103502057492733,-1.0125077962875366
0.4551758749999989,0.0034223749999999996,133.0,4.059768925995891,-0.4849099510537793,1.364464797061363,0.00037270696869049516,9.788940070234455e-5,0.00017503987939168473,0.06732684708615566,-0.06231486797332764,0.17983274161815643,-0.19595305621623993,0.8712670803070068,0.3099925220012665,-0.8942499160766602,0.837252676486969,0.1294323205947876,0.00015652691945433617,0.5624215602874756,-0.15476489067077637,-0.9992961883544922
0.4551758749999989,0.0034223749999999996,133.0,4.024056585602617,-0.4501499479862663,1.364708709129042,0.0005171720537449117,0.00013781441181561478,0.00024473985954825446,0.0673258235453144,-0.060956358909606934,0.17760096490383148,-0.19842109084129333,0.8482087254524231,0.287706196308136,-0.8810703754425049,0.8711320161819458,0.13596737384796143,0.049313757568597794,0.5421454906463623,-0.20675237476825714,-0.9826459288597107
0.4551758749999989,0.0034223749999999996,133.0,3.9873388283076037,-0.4145471605408695,1.3650536673178821,0.0006793253373949582,0.00018320718916143278,0.0003250282880802926,0.06732113162210945,-0.05960550904273987,0.1751871556043625,-0.20071204006671906,0.8231610655784607,0.26410970091819763,-0.8661234378814697,0.9057193398475647,0.1425720751285553,0.10105744004249573,0.5207476615905762,-0.2586138844490051,-0.9640748500823975
0.4551758749999989,0.0034223749999999996,133.0,3.9499649089294016,-0.37817479688350464,1.3653752839123494,0.0008517224550255207,0.00023248849668093587,0.00041123740078580434,0.06731059776795785,-0.058163970708847046,0.17261075973510742,-0.2026820331811905,0.796409010887146,0.2388276308774948,-0.8494467735290527,0.9399610757827759,0.14894461631774902,0.15564732253551483,0.49779701232910156,-0.3095278739929199,-0.9435655474662781
0.4551758749999989,0.0034223749999999996,133.0,3.911863643514858,-0.34104036349430833,1.3656861350147929,0.0010470957458073784,0.0002890038681821778,0.0005102850988537214,0.06729827955926308,-0.056674569845199585,0.16988106071949005,-0.20429520308971405,0.7681319713592529,0.21195974946022034,-0.8306057453155518,0.9731099605560303,0.1550980508327484,0.2122022807598114,0.4734008312225342,-0.35797441005706787,-0.9213159084320068
0.4551758749999989,0.0034223749999999996,133.0,3.8727658166864174,-0.30304689633592463,1.366128521622961,0.0012312885693185624,0.0003425737955141736,0.0006079427265007579,0.06728069200862939,-0.05519634485244751,0.1669684499502182,-0.20551688969135284,0.7379399538040161,0.18372909724712372,-0.8088915348052979,1.0051215887069702,0.16120627522468567,0.27060529589653015,0.4478437900543213,-0.4032125473022461,-0.8971191048622131
0.4551758749999989,0.0034223749999999996,133.0,3.8326990263802445,-0.26462422779204264,1.3667586518048072,0.0013500320187122825,0.0003831305071311155,0.0006724122251092156,0.06724716403217458,-0.0551011860370636,0.16305480897426605,-0.206647589802742,0.703587532043457,0.1601196974515915,-0.7789425849914551,1.0451503992080688,0.16716831922531128,0.3391391932964325,0.42354726791381836,-0.444700688123703,-0.868638813495636
0.4551758749999989,0.0034223749999999996,133.0,3.7916833238409473,-0.22497152870029744,1.3673895357786574,0.0015007085292767183,0.0004280414889693655,0.0007607051556155662,0.06721455305611894,-0.05348411202430725,0.15978769958019257,-0.20649398863315582,0.670678973197937,0.13059604167938232,-0.751244068145752,1.070380687713623,0.17297416925430298,0.3982057571411133,0.39636945724487305,-0.4773651957511902,-0.8414710760116577
0.4551758749999989,0.0034223749999999996,133.0,3.7495541652655433,-0.18370428242249254,1.3673433082003403,0.0016464647182233255,0.0004692527866664378,0.000852634781571712,0.06716102146867739,-0.0514301061630249,0.15851101279258728,-0.20532453060150146,0.6442965269088745,0.10118437558412552,-0.725820779800415,1.0794397592544556,0.174359530210495,0.44687727093696594,0.3674736022949219,-0.5112735033035278,-0.8163741827011108
0.4551758749999989,0.0034223749999999996,133.0,3.7079007829616564,-0.14151813114156842,1.370748113079369,0.0017821090941405049,0.0004960947710250377,0.0009473996089307217,0.0670812556579147,-0.05031025409698486,0.15129683911800385,-0.20406034588813782,0.5985491275787354,0.07840932160615921,-0.6870899200439453,1.113534688949585,0.18536517024040222,0.5173011422157288,0.3435971736907959,-0.5077380537986755,-0.7817304730415344
0.4551758749999989,0.0034223749999999996,133.0,3.662898527601826,-0.09881170863634209,1.371260839634347,0.0018743401613908774,0.0005435812064591068,0.0010146806484707706,0.06696144700682458,-0.05185773968696594,0.14778006076812744,-0.20184504985809326,0.567853569984436,0.06683521717786789,-0.6367144584655762,1.133457064628601,0.18671917915344238,0.5805937647819519,0.3235893249511719,-0.5152589082717896,-0.7523693442344666
0.4551758749999989,0.0034223749999999996,133.0,3.6125385360069497,-0.05252128262565349,1.3731043524362097,0.0018285476010058738,0.0005414441131508674,0.0010703360457881735,0.06673162711297587,-0.057225167751312256,0.15396854281425476,-0.20517869293689728,0.598450779914856,0.10004789382219315,-0.6705501079559326,1.108493447303772,0.17568755149841309,0.5275305509567261,0.37810611724853516,-0.5016171336174011,-0.7722033858299255
0.4551758749999989,0.0034223749999999996,133.0,3.545127930153446,0.016887373155896054,1.370667743889444,0.001677444871071602,-0.0001481051029346183,0.001332351805436783,0.0651777328238249,-0.0967300534248352,0.20390711724758148,-0.15890702605247498,0.7691570520401001,0.26506704092025757,-0.6207284927368164,0.31835055351257324,0.1606197953224182,-0.9032285809516907,1.036736249923706,0.3351103663444519,-0.9265502095222473
0.4551758749999989,0.0034223749999999996,133.0,3.4599029855902694,0.03996723059156351,1.3709964778796755,0.00010692278393647314,-3.5752775256968095e-6,7.984222310283854e-5,0.06343452159710541,-0.25773516297340393,0.049212124198675156,-0.013629555702209473,0.9464972615242004,-0.097505584359169,-0.016707420349121094,-0.04859204590320587,-0.20683050155639648,-1.0735572576522827,1.536935567855835,1.1272672414779663,-0.7352182865142822
0.4551758749999989,0.0034223749999999996,133.0,3.4952270774683907,0.08082585474639009,1.3821255121429292,-0.0018453551710051305,9.437928585721401e-5,-0.0012942588029579945,0.06262725420333057,-0.2762512266635895,0.055054374039173126,0.049237996339797974,1.1612467765808105,-0.024135995656251907,-0.014972925186157227,-0.27211275696754456,-0.29968684911727905,-1.1788113117218018,1.4912900924682617,1.1698030233383179,-0.8551565408706665
0.4551758749999989,0.0034223749999999996,133.0,3.51729731151045,0.1358076821199755,1.407262820611708,-0.0022397323696335333,0.0005845717191618565,-0.0012903405525464336,0.06092381218643375,-0.33477386832237244,0.05135609582066536,0.12936213612556458,1.3489383459091187,-0.3871197998523712,0.13496661186218262,-0.7581302523612976,-0.34593695402145386,-1.1845967769622803,1.5407795906066895,1.4853168725967407,-0.993804395198822
0.4551758749999989,0.0034223749999999996,133.0,3.5557908767766544,0.18419653951851095,1.415916159502435,-0.002272160738368699,0.0006722411414346262,-0.001220852113205255,0.06053313452415572,-0.34747710824012756,0.058995671570301056,0.16249701380729675,1.4528682231903076,-0.43808960914611816,0.14453458786010742,-0.8714183568954468,-0.35859495401382446,-1.203708529472351,1.4694347381591797,1.4286051988601685,-1.0841556787490845
0.4551758749999989,0.0034223749999999996,133.0,3.599591406136385,0.22824515660988706,1.4201333277700792,-0.0021605840398726023,0.00063147027078212,-0.0011153732648195608,0.06052881974854607,-0.3422599136829376,0.07244785875082016,0.17348048090934753,1.5029677152633667,-0.33424413204193115,0.10043215751647949,-0.8563218116760254,-0.36434078216552734,-1.3143309354782104,1.4197571277618408,1.315879464149475,-1.1280605792999268
0.4551758749999989,0.0034223749999999996,133.0,3.6436967409711833,0.2700881917649181,1.4239490336902514,-0.0019843568082392004,0.0005784562610724579,-0.0009899659088857442,0.060603736943672985,-0.3363553583621979,0.08114691823720932,0.1832534372806549,1.5483119487762451,-0.2590569257736206,0.05796003341674805,-0.8668515086174011,-0.38023877143859863,-1.3865078687667847,1.3590424060821533,1.244256615638733,-1.1570770740509033
0.4551758749999989,0.0034223749999999996,133.0,3.687489201850033,0.3102245894761288,1.4265913622276472,-0.0017597386362709338,0.000509107284596271,-0.0008550575182423921,0.0607611769510235,-0.33066579699516296,0.08615320920944214,0.18672552704811096,1.5680322647094727,-0.20076406002044678,0.02003765106201172,-0.867482602596283,-0.3893331289291382,-1.4523136615753174,1.324828863143921,1.211739420890808,-1.1675171852111816
0.4551758749999989,0.0034223749999999996,133.0,3.7301917770613158,0.3499678049323131,1.4285148898897702,-0.001654629494183099,0.0004741116151550945,-0.0007895608079803677,0.06090056900476609,-0.32493385672569275,0.09336476773023605,0.1925395429134369,1.5981981754302979,-0.13328640162944794,-0.02030491828918457,-0.8683275580406189,-0.401111900806427,-1.5137441158294678,1.2832145690917969,1.1610355377197266,-1.1856364011764526
0.4551758749999989,0.0034223749999999996,133.0,3.772495367129797,0.3890881394894291,1.4311695889591487,-0.001416143184853047,0.0004039255591355107,-0.0006600846645435924,0.060998428359194765,-0.3209652602672577,0.0972132459282875,0.19209471344947815,1.6050667762756348,-0.10402306914329529,-0.04516935348510742,-0.8655256032943726,-0.39856839179992676,-1.5703814029693604,1.2739996910095215,1.15640127658844,-1.195059061050415
0.4551758749999989,0.0034223749999999996,133.0,3.8139207741238197,0.42742257261019856,1.4338593503465047,-0.0012323043078356533,0.00035074995556991765,-0.0005622756851436512,0.06109817915509168,-0.3173569142818451,0.10461433976888657,0.1931658685207367,1.6212761402130127,-0.0433928519487381,-0.07644343376159668,-0.8477941155433655,-0.399319052696228,-1.6373765468597412,1.2664263248443604,1.122052550315857,-1.210494875907898
0.4551758749999989,0.0034223749999999996,133.0,3.854100605299257,0.4650009446102674,1.4360668925145184,-0.0010026313365066402,0.00028470837204146935,-0.0004464224883420973,0.061189842856468564,-0.31231847405433655,0.1082131639122963,0.19807228446006775,1.6449142694473267,0.0007293689413927495,-0.11104559898376465,-0.8626633882522583,-0.41624927520751953,-1.663320779800415,1.2253448963165283,1.104074239730835,-1.2169827222824097
0.4551758749999989,0.0034223749999999996,133.0,3.893555366858571,0.5015695317845832,1.4381356749415688,-0.0007968946174941603,0.00022747898089045638,-0.0003490938316645859,0.06128717442243287,-0.3080510199069977,0.11169611662626266,0.2003507912158966,1.6600865125656128,0.0397929809987545,-0.14090490341186523,-0.8670026063919067,-0.4255358576774597,-1.6963106393814087,1.2013425827026367,1.0945632457733154,-1.2228021621704102
0.4551758749999989,0.0034223749999999996,133.0,3.9320401492767005,0.5375458129414721,1.440238759621917,-0.000602053064767434,0.00017198464775208637,-0.0002581276271893784,0.06136788223051856,-0.30504289269447327,0.1144329234957695,0.19888892769813538,1.6627509593963623,0.06175966560840607,-0.1601722240447998,-0.863520622253418,-0.4223152995109558,-1.7367427349090576,1.2014789581298828,1.1024541854858398,-1.228822946548462
0.4551758749999989,0.0034223749999999996,133.0,3.9697328458339505,0.5724616323274881,1.4423232120082492,-0.0004132560348125417,0.00011903030270775016,-0.00017443756430182044,0.06145315573578153,-0.30069223046302795,0.11983125656843185,0.20568308234214783,1.6925376653671265,0.10620027780532837,-0.19344377517700195,-0.8808563947677612,-0.4412151575088501,-1.7496052980422974,1.155348300933838,1.0659984350204468,-1.2394267320632935
0.4551758749999989,0.0034223749999999996,133.0,4.0064602021740034,0.6065821959331261,1.4442047545625596,-0.0002317094097369959,6.688427950940375e-5,-9.606913656031142e-5,0.06152816706769073,-0.29745522141456604,0.12277914583683014,0.20791658759117126,1.7056875228881836,0.1357281506061554,-0.21762537956237793,-0.887285053730011,-0.44990575313568115,-1.7675846815109253,1.134976863861084,1.0588880777359009,-1.243839979171753
0.4551758749999989,0.0034223749999999996,133.0,4.041812264582716,0.6397215898170449,1.4453177417877496,-6.894021974170792e-5,2.000101742210899e-5,-2.832029146104961e-5,0.061618687721914575,-0.2944895327091217,0.12543953955173492,0.2096979320049286,1.7169301509857178,0.16309303045272827,-0.2400524616241455,-0.8923525214195251,-0.45730870962142944,-1.7857167720794678,1.1182982921600342,1.0550405979156494,-1.2476767301559448
0.4551758749999989,0.0034223749999999996,133.0,4.0762271138590185,0.6718753622155678,1.4466764419504474,0.00014849473916500234,-4.3865271885535015e-5,6.0560581834166644e-5,0.06167933680221125,-0.2924558222293854,0.12560977041721344,0.20678827166557312,1.711381435394287,0.15945646166801453,-0.2471015453338623,-0.896832287311554,-0.4481475353240967,-1.8085957765579224,1.1261334419250488,1.0796536207199097,-1.2515137195587158
0.4551758749999989,0.0034223749999999996,133.0,4.1110150864098145,0.7015557645760941,1.44681686706125,0.00035020007808784424,-0.00010314650208773366,0.00013894364008295687,0.061877088462023,-0.28762105107307434,0.12614554166793823,0.2109779417514801,1.725265622138977,0.18427281081676483,-0.27550411224365234,-0.915656566619873,-0.46444225311279297,-1.8016330003738403,1.0852301120758057,1.0747034549713135,-1.2489758729934692
0.4551758749999989,0.0034223749999999996,133.0,4.143760435485002,0.732362330612934,1.4483578097632346,0.0005532566381031487,-0.000164520032026348,0.00021649503415781078,0.06193276291528611,-0.2851053774356842,0.13004572689533234,0.21328654885292053,1.7382892370224,0.20664729177951813,-0.29490065574645996,-0.9222094416618347,-0.4690987467765808,-1.8140360116958618,1.0681235790252686,1.059018850326538,-1.2573049068450928
0.4551758749999989,0.0034223749999999996,133.0,4.176024895002897,0.7627811038979118,1.450723698024868,0.0007952436307304551,-0.00023744960301765787,0.0003048854607334045,0.061945701646261085,-0.28315994143486023,0.13129763305187225,0.21176967024803162,1.7387192249298096,0.2215806245803833,-0.30675482749938965,-0.9230707883834839,-0.46720731258392334,-1.8340778350830078,1.070044755935669,1.0715837478637695,-1.259798526763916
0.4551758749999989,0.0034223749999999996,133.0,4.207544284555442,0.7923054309478412,1.452988721154979,0.0009680858018810579,-0.00028967599848579283,0.00036402281390902815,0.06198064434478533,-0.2805388867855072,0.1373853236436844,0.2177569568157196,1.7645541429519653,0.2635086178779602,-0.33441901206970215,-0.9307793974876404,-0.48440635204315186,-1.8364824056625366,1.0341784954071045,1.0308399200439453,-1.2682033777236938
0.4551758749999989,0.0034223749999999996,133.0,4.238102605225802,0.8208206698214765,1.4556040957508978,0.001189775918276177,-0.0003593235147553718,0.00043646238459832355,0.06199449146575278,-0.2779702842235565,0.1386593133211136,0.21983912587165833,1.7731131315231323,0.2764739394187927,-0.3493170738220215,-0.9446442723274231,-0.4912603497505188,-1.8351075649261475,1.0127358436584473,1.0268243551254272,-1.2698602676391602
0.4551758749999989,0.0034223749999999996,133.0,4.267670987713598,0.8479638002884533,1.4568417765227957,0.0013570999450693874,-0.0004142336350285351,0.0004927154798341109,0.0620576016286108,-0.2752018868923187,0.14173273742198944,0.22282502055168152,1.7857873439788818,0.30383482575416565,-0.3711836338043213,-0.9494094848632812,-0.5012237429618835,-1.8371764421463013,0.9889135360717773,1.0119880437850952,-1.272512674331665
0.4551758749999989,0.0034223749999999996,133.0,4.2964509242262015,0.8744755576737242,1.458532630762782,0.0015449897983323044,-0.0004751228748670987,0.0005530267472130948,0.0621036998139391,-0.273070365190506,0.14213092625141144,0.22208645939826965,1.7854245901107788,0.3114074170589447,-0.38189101219177246,-0.9539755582809448,-0.4997416138648987,-1.846122145652771,0.985478401184082,1.0242704153060913,-1.2737703323364258
0.4551758749999989,0.0034223749999999996,133.0,4.32449027303355,0.9002721302359706,1.460064613126348,0.001769616276273435,-0.0005461603430915475,0.0006266010970371442,0.06215579494608773,-0.27127471566200256,0.14441494643688202,0.22339734435081482,1.7932853698730469,0.3347087800502777,-0.3987843990325928,-0.9537239670753479,-0.5056381821632385,-1.8535988330841064,0.9745423793792725,1.0211929082870483,-1.2757779359817505
0.4551758749999989,0.0034223749999999996,133.0,4.351487003179873,0.9251586575157191,1.4617547391240107,0.0020005017850288436,-0.0006210294947888089,0.0006940118245393073,0.0621809698499748,-0.26906558871269226,0.14376087486743927,0.22316548228263855,1.792608618736267,0.33338499069213867,-0.40587306022644043,-0.9661926031112671,-0.5046265721321106,-1.8533740043640137,0.9653270244598389,1.032584309577942,-1.2761967182159424
0.4551758749999989,0.0034223749999999996,133.0,4.377496819083183,0.9488802551844686,1.4629709033951124,0.0022519446675003576,-0.0007076352069668788,0.0007737157290621318,0.06222953533473015,-0.26698628067970276,0.14642377197742462,0.22645780444145203,1.804641842842102,0.3540271818637848,-0.42372584342956543,-0.973031759262085,-0.5141928791999817,-1.8493977785110474,0.9418904781341553,1.016638994216919,-1.2785714864730835
0.4551758749999989,0.0034223749999999996,133.0,4.40262980069026,0.9720515350544409,1.4644609688853416,0.00243772728157169,-0.0007734557107126964,0.0008285288604782733,0.06227200429601738,-0.26538553833961487,0.1465778946876526,0.22628548741340637,1.8050180673599243,0.35932832956314087,-0.4322328567504883,-0.9785856604576111,-0.5138995051383972,-1.8534584045410156,0.9374544620513916,1.0261625051498413,-1.2793381214141846
0.4551758749999989,0.0034223749999999996,133.0,4.426834022181585,0.9944466760659786,1.4659386387528814,0.0026774845727442808,-0.0008526931116529354,0.0008965338539477066,0.0623050557801167,-0.263967901468277,0.14767462015151978,0.22762343287467957,1.8103535175323486,0.37242284417152405,-0.4438915252685547,-0.9837449193000793,-0.5185645222663879,-1.8543039560317993,0.9266383647918701,1.025834321975708,-1.280026912689209
0.4551758749999989,0.0034223749999999996,133.0,4.45028103337768,1.0162887679365467,1.4675631977487944,0.002917625019125737,-0.0009376060089116429,0.0009662218990932282,0.06234196935658384,-0.2626506984233856,0.1510077565908432,0.23093923926353455,1.8235020637512207,0.3937394917011261,-0.45919322967529297,-0.9883113503456116,-0.5282949805259705,-1.8515522480010986,0.905996561050415,1.0054576396942139,-1.2833343744277954
0.4551758749999989,0.0034223749999999996,133.0,4.472868551420341,1.036753052113825,1.4684340274705283,0.003171866079232198,-0.0010264430477587149,0.0010399538301812234,0.0623680773630608,-0.26099327206611633,0.1490096002817154,0.22760149836540222,1.8128883838653564,0.3859212398529053,-0.46135544776916504,-0.9922100305557251,-0.517978847026825,-1.8618301153182983,0.9171261787414551,1.0364447832107544,-1.2833175659179688
0.4551758749999989,0.0034223749999999996,133.0,4.494625903872258,1.0563068372850861,1.4696759060392444,0.003425538702813,-0.001122955650545663,0.001111706745621355,0.06239621673470193,-0.25934872031211853,0.1494922786951065,0.22869381308555603,1.8161338567733765,0.3908998966217041,-0.47013044357299805,-1.0010687112808228,-0.5204651951789856,-1.8579813241958618,0.9048106670379639,1.035723328590393,-1.2840806245803833
0.4551758749999989,0.0034223749999999996,133.0,4.515199682077798,1.0759750175016995,1.4717393883105092,0.0036288229915946765,-0.0011927574829910914,0.0011577158172452427,0.06240298076053132,-0.258785218000412,0.15103909373283386,0.23021939396858215,1.822665810585022,0.40364697575569153,-0.4785757064819336,-1.0049619674682617,-0.5254396796226501,-1.8590712547302246,0.8968336582183838,1.0309531688690186,-1.2856190204620361
0.4551758749999989,0.0034223749999999996,133.0,4.535080989200667,1.0941962356648773,1.473006554532914,0.003854765159075758,-0.0012742115997798722,0.0012148160880183323,0.062421697214909984,-0.25750353932380676,0.1526418775320053,0.2326144278049469,1.8303769826889038,0.413168340921402,-0.48864293098449707,-1.0132877826690674,-0.5313718914985657,-1.8533995151519775,0.8798797130584717,1.0194647312164307,-1.28732168674469
0.4551758749999989,0.0034223749999999996,133.0,4.554106521081766,1.111177753925456,1.4735178728467524,0.004044430623492784,-0.001349552556453666,0.0012671463596827478,0.06246950097905526,-0.2559225857257843,0.15216855704784393,0.23241069912910461,1.8286197185516357,0.41279706358909607,-0.4946718215942383,-1.0203362703323364,-0.5297299027442932,-1.853568434715271,0.8752319812774658,1.0284899473190308,-1.287293791770935
0.4551758749999989,0.0034223749999999996,133.0,4.572168300803507,1.1281779900614617,1.474667890480093,0.004272184940910698,-0.001430094265605416,0.0013296377496613875,0.06249174683034941,-0.25534388422966003,0.15327858924865723,0.2317846119403839,1.8289024829864502,0.42333316802978516,-0.5021436214447021,-1.0168777704238892,-0.5282114148139954,-1.8642054796218872,0.8797562122344971,1.0362706184387207,-1.289224624633789
0.4551758749999989,0.0034223749999999996,133.0,4.589537856881784,1.143793357307503,1.4762324444504982,0.004470315628641116,-0.001514356151325715,0.0013735169063408706,0.06251716272371684,-0.2540380656719208,0.15433335304260254,0.23394188284873962,1.8354017734527588,0.4306476414203644,-0.509981632232666,-1.0252918004989624,-0.5340176224708557,-1.8572876453399658,0.8626194000244141,1.0255237817764282,-1.2898396253585815
0.4551758749999989,0.0034223749999999996,133.0,4.606123896389818,1.1582742406223658,1.4769369332222397,0.004666057487629716,-0.0015911450761355581,0.001420571331392444,0.06255620191572393,-0.25226685404777527,0.15403389930725098,0.23441877961158752,1.8350820541381836,0.43457749485969543,-0.5176942348480225,-1.0306448936462402,-0.5352080464363098,-1.8538565635681152,0.8528392314910889,1.0294517278671265,-1.28837251663208
0.4551758749999989,0.0034223749999999996,133.0,4.621939909251694,1.171862875560974,1.4775259651913935,0.004815485366386921,-0.0016527857267253187,0.001456408501958768,0.06260210517722045,-0.25003567337989807,0.15274980664253235,0.23432686924934387,1.8321888446807861,0.4383307695388794,-0.5250029563903809,-1.0349340438842773,-0.5365170836448669,-1.8484110832214355,0.8420505523681641,1.0383658409118652,-1.2842402458190918
0.4551758749999989,0.0034223749999999996,133.0,4.636691724836963,1.1849869718438344,1.478490062457728,0.004955147689722219,-0.0017037656039228337,0.001482662794697849,0.06263100240778288,-0.24773487448692322,0.15331025421619415,0.23542842268943787,1.8337169885635376,0.4425217807292938,-0.5333826541900635,-1.039863109588623,-0.5388770699501038,-1.838620662689209,0.8243622779846191,1.029489517211914,-1.2833657264709473
0.4551758749999989,0.0034223749999999996,133.0,4.650930807908401,1.197289366797532,1.479324598479195,0.005100340457859523,-0.0017623814404272519,0.0015087472659825792,0.0626720910826717,-0.24520662426948547,0.1519923359155655,0.23510804772377014,1.8297497034072876,0.4459919333457947,-0.5407629013061523,-1.0423117876052856,-0.5390861630439758,-1.8331483602523804,0.8126094341278076,1.0369457006454468,-1.2792561054229736
0.4551758749999989,0.0034223749999999996,133.0,4.663865543863892,1.208901654090283,1.480075992278207,0.0052540110664588595,-0.0018235225611224878,0.0015439293170039948,0.06270666035551768,-0.24353787302970886,0.15231753885746002,0.23716118931770325,1.8334429264068604,0.45673397183418274,-0.5508744716644287,-1.0445235967636108,-0.5455136895179749,-1.82488214969635,0.7942335605621338,1.0302677154541016,-1.2764627933502197
0.4551758749999989,0.0034223749999999996,133.0,4.675467947289347,1.2208224896309574,1.481602248454031,0.005417386293584725,-0.0018803672912776593,0.0015798006166166385,0.06271490389318428,-0.24352237582206726,0.15445595979690552,0.23772558569908142,1.8375287055969238,0.47619137167930603,-0.5597009658813477,-1.0342156887054443,-0.5488372445106506,-1.832950234413147,0.7944247722625732,1.0273857116699219,-1.2772618532180786
0.4551758749999989,0.0034223749999999996,133.0,4.686022812032319,1.2324525850650403,1.4833791766527924,0.005578018206954758,-0.0019336219346734994,0.0016127072066949122,0.06271324992673445,-0.2440011203289032,0.15879914164543152,0.23926714062690735,1.8466137647628784,0.4980975389480591,-0.569404125213623,-1.0222859382629395,-0.5533490777015686,-1.8407963514328003,0.792001485824585,1.0088181495666504,-1.2817821502685547
0.4551758749999989,0.0034223749999999996,133.0,4.6958620406511224,1.2428305871157252,1.48500783940639,0.005766472244178031,-0.001989375589680631,0.0016460423727265086,0.06271491417022997,-0.24401602149009705,0.16293808817863464,0.2437429130077362,1.8611209392547607,0.5168492197990417,-0.5794947147369385,-1.0217400789260864,-0.5652092099189758,-1.8317373991012573,0.7686870098114014,0.9729456305503845,-1.2841756343841553
0.4551758749999989,0.0034223749999999996,133.0,4.70466448154522,1.2537894619735326,1.4872855952517456,0.006000981287830727,-0.002099193176080599,0.001742246730698126,0.06259513428078585,-0.2456481158733368,0.16569316387176514,0.24099329113960266,1.8611303567886353,0.5378127098083496,-0.5824267864227295,-0.9996472597122192,-0.5603142380714417,-1.857846975326538,0.7945711612701416,0.9840078353881836,-1.2892930507659912
0.4551758749999989,0.0034223749999999996,133.0,4.712541156684655,1.2629004653948184,1.4886600904192546,0.006285923514683947,-0.0021862709114507457,0.0018089613557979826,0.0625901213597673,-0.24616435170173645,0.16926059126853943,0.2432045042514801,1.870694637298584,0.5565382242202759,-0.5896565914154053,-0.9923878908157349,-0.5673421025276184,-1.8579001426696777,0.7854902744293213,0.9619010090827942,-1.2917070388793945
0.4551758749999989,0.0034223749999999996,133.0,4.7196146330261675,1.2706069524531414,1.4897369082757446,0.0067052043535855465,-0.002340133720451988,0.0019258395289543445,0.06260602650937315,-0.24692043662071228,0.17229747772216797,0.24355432391166687,1.8761839866638184,0.5752670764923096,-0.5953903198242188,-0.9804603457450867,-0.5705237984657288,-1.864033818244934,0.787792444229126,0.9516660571098328,-1.2940120697021484
0.4551758749999989,0.0034223749999999996,133.0,4.725787275611102,1.2778043754928325,1.4909536851271536,0.007421843083628918,-0.002582230172714149,0.0021098840815039254,0.0626014545519581,-0.24721243977546692,0.17504096031188965,0.24523666501045227,1.8838311433792114,0.5884544253349304,-0.600618839263916,-0.9769637584686279,-0.5753559470176697,-1.8600420951843262,0.7780914306640625,0.9306232333183289,-1.2967103719711304
0.4551758749999989,0.0034223749999999996,133.0,4.731276892232703,1.2838254955919475,1.4918390921387004,0.009034812659968732,-0.003148033973396631,0.0025438850270594815,0.06261067828528391,-0.24712207913398743,0.17722436785697937,0.24772897362709045,1.892703652381897,0.5990076661109924,-0.6070711612701416,-0.9803544282913208,-0.5806658864021301,-1.8470674753189087,0.7598121166229248,0.9037489295005798,-1.3001017570495605
0.4551758749999989,0.0034223749999999996,133.0,4.73559488849146,1.2882838422758724,1.492987103127859,0.016701219482701906,-0.006016071849294488,0.004608198161832982,0.06263998328705342,-0.2462519109249115,0.17381475865840912,0.2487678825855255,1.899168848991394,0.6044155359268188,-0.6152408123016357,-1.003676414489746,-0.5765872597694397,-1.8108830451965332,0.7341492176055908,0.8905771374702454,-1.3105881214141846
0.4551758749999989,0.0034223749999999996,133.0,4.758666555653265,-1.1963023859326927,1.357430165040273,-0.01462754227638168,-0.0014957134299327034,-0.006423025054298017,0.06706953045659282,-0.06919705867767334,0.2059793919324875,-0.0926666259765625,1.1358814239501953,0.5397049784660339,-1.200376033782959,-0.08965504169464111,0.008529126644134521,-0.8416337966918945,0.7089686393737793,1.0290336608886719,-1.1455295085906982
0.4551758749999989,0.0034223749999999996,133.0,4.753941663890122,-1.191008218297778,1.357548080221675,-0.007876906397783722,-0.0008108965145905325,-0.003508485725256413,0.06704040588063322,-0.07113808393478394,0.2087758481502533,-0.0919950008392334,1.138418436050415,0.5440543293952942,-1.201659917831421,-0.07935798168182373,0.005352616310119629,-0.8401943445205688,0.740241527557373,1.0041316747665405,-1.144417405128479
0.4551758749999989,0.0034223749999999996,133.0,4.747864786539727,-1.1849891962046197,1.3573580238666547,-0.00647332896695292,-0.0006680020331457883,-0.0028838318035451275,0.06701329361683143,-0.07340171933174133,0.20969876646995544,-0.09374600648880005,1.141872525215149,0.5516454577445984,-1.1910805702209473,-0.059121157974004745,0.0025933384895324707,-0.8374811410903931,0.7490077018737793,0.9833722114562988,-1.145006537437439
0.4551758749999989,0.0034223749999999996,133.0,4.741254853716962,-1.1787876120050438,1.3568826011676796,-0.005852510089383856,-0.0006331706263446625,-0.0026094297167538745,0.06699544479142047,-0.07504034042358398,0.21001435816287994,-0.0958036482334137,1.1435773372650146,0.555176854133606,-1.181654691696167,-0.03913288190960884,0.0015863776206970215,-0.8317922353744507,0.7543134689331055,0.965480387210846,-1.1456481218338013
0.4551758749999989,0.0034223749999999996,133.0,4.733418645435046,-1.1716029298225101,1.3563096272477306,-0.005490554448196604,-0.0006249623662167162,-0.002450131740212704,0.06697221466201567,-0.07749229669570923,0.21028873324394226,-0.09868001937866211,1.1465294361114502,0.5606789588928223,-1.168194055557251,-0.010727792978286743,-0.000391542911529541,-0.8247652649879456,0.7601461410522461,0.9415735602378845,-1.1465837955474854
0.4551758749999989,0.0034223749999999996,133.0,4.7245728106231875,-1.1656383765557996,1.3531183941171028,-0.00523647786560273,-0.0006806708498136352,-0.0023391500163486532,0.06701747710243453,-0.07723668217658997,0.20896516740322113,-0.10167425870895386,1.142197608947754,0.5593844652175903,-1.1602208614349365,0.015012472867965698,0.0022180676460266113,-0.8092026114463806,0.7607357501983643,0.9269858598709106,-1.1449434757232666
0.4551758749999989,0.0034223749999999996,133.0,4.71506359464363,-1.1572032960735101,1.3521513535890444,-0.005023906721763114,-0.0007034494522175959,-0.0022484816358683507,0.06699255980118365,-0.0796729028224945,0.20768655836582184,-0.10724040865898132,1.142420768737793,0.5727407336235046,-1.1384375095367432,0.06406997889280319,0.0016181468963623047,-0.7975201606750488,0.7673289775848389,0.9012564420700073,-1.1447269916534424
0.4551758749999989,0.0034223749999999996,133.0,4.705041293860463,-1.147766288846913,1.3515743615869782,-0.004866399891494978,-0.0007112759914557499,-0.0021764762108984663,0.06697621923262731,-0.0818389356136322,0.208255335688591,-0.10944494605064392,1.144623041152954,0.5702764987945557,-1.1288256645202637,0.08540594577789307,0.0006113052368164062,-0.7871001362800598,0.7715086936950684,0.8750699162483215,-1.1457836627960205
0.4551758749999989,0.0034223749999999996,133.0,4.6937890734487,-1.1375200238258636,1.3507161225018378,-0.0047242263894367986,-0.0007345418040333876,-0.0021133877147875547,0.06694833912173304,-0.08431446552276611,0.20690692961215973,-0.11515635251998901,1.143341064453125,0.5751301050186157,-1.1084225177764893,0.13614718616008759,0.0017148256301879883,-0.7694188952445984,0.7787206172943115,0.8407784104347229,-1.1456807851791382
0.4551758749999989,0.0034223749999999996,133.0,4.6817964688111475,-1.1266166553103198,1.3499432054703806,-0.00457975184585194,-0.0007579166126757557,-0.002052149885886188,0.06692659869915436,-0.08695778250694275,0.20609907805919647,-0.12000948190689087,1.143339991569519,0.5801333785057068,-1.0901334285736084,0.17960098385810852,0.0015020370483398438,-0.7537070512771606,0.78487229347229,0.8093675971031189,-1.145491600036621
0.4551758749999989,0.0034223749999999996,133.0,4.669473778710134,-1.1148763825656747,1.3494683027405039,-0.004446472710901114,-0.0007671460037034877,-0.001992137008309172,0.06692130560642055,-0.08820125460624695,0.2057914137840271,-0.12305998802185059,1.1417889595031738,0.5760911703109741,-1.080472707748413,0.2043592780828476,0.0032572150230407715,-0.7387655377388,0.7881917953491211,0.7845988273620605,-1.1456124782562256
0.4551758749999989,0.0034223749999999996,133.0,4.656315000592782,-1.1023150912955366,1.349005004766231,-0.004312241852044892,-0.000765536058512781,-0.001930580230475521,0.0669164955450581,-0.08893534541130066,0.20505797863006592,-0.12635090947151184,1.139183521270752,0.5773344039916992,-1.0711147785186768,0.22931016981601715,0.00521242618560791,-0.7241736054420471,0.7905228137969971,0.7684639692306519,-1.144943356513977
0.4551758749999989,0.0034223749999999996,133.0,4.6426773317087155,-1.088558646955579,1.349095385452189,-0.00419725514720503,-0.0007415500668381743,-0.0018773887522724332,0.06693455111479366,-0.08846703171730042,0.20493756234645844,-0.12807217240333557,1.135347604751587,0.5699676275253296,-1.0684926509857178,0.2385919690132141,0.009027540683746338,-0.7103978991508484,0.7901735305786133,0.7537184357643127,-1.1447994709014893
0.4551758749999989,0.0034223749999999996,133.0,4.62864139082895,-1.0747253917744297,1.3489244734046941,-0.004046438040877619,-0.0007266438106572191,-0.0018125188299065965,0.06696630820808622,-0.0862092673778534,0.2031380534172058,-0.13115951418876648,1.126460075378418,0.5683692693710327,-1.0649216175079346,0.2545650005340576,0.016107380390167236,-0.694094181060791,0.7870573997497559,0.7465015649795532,-1.1430716514587402
0.4551758749999989,0.0034223749999999996,133.0,4.613161000433753,-1.0594560962367816,1.3488450555195528,-0.003860795547186752,-0.0007038690890589463,-0.0017314642196494562,0.06697623948468145,-0.08608898520469666,0.2031601071357727,-0.13297903537750244,1.1233537197113037,0.56313556432724,-1.060431718826294,0.266926109790802,0.01853114366531372,-0.6802931427955627,0.7856287956237793,0.7260503172874451,-1.142296314239502
0.4551758749999989,0.0034223749999999996,133.0,4.596986180657201,-1.0434985835868793,1.3488728660127154,-0.003687798129475856,-0.0006796489423134582,-0.0016541797044068115,0.06699095506982625,-0.08561038970947266,0.20293961465358734,-0.13493308424949646,1.1193782091140747,0.5609566569328308,-1.0560567378997803,0.28068989515304565,0.021171122789382935,-0.6662410497665405,0.7830002307891846,0.7068914771080017,-1.140923261642456
0.4551758749999989,0.0034223749999999996,133.0,4.579905227988243,-1.0265518724456446,1.3489756008095082,-0.0034919685678786584,-0.0006487675437079034,-0.00156664568296057,0.0670059123941742,-0.08544033765792847,0.2032957673072815,-0.13635560870170593,1.116539478302002,0.5520153045654297,-1.0527880191802979,0.29028865694999695,0.023289620876312256,-0.6524175405502319,0.7799429893493652,0.6815379858016968,-1.1400961875915527
0.4551758749999989,0.0034223749999999996,133.0,4.562691082407142,-1.0092008001982398,1.3492614335753286,-0.0033036998510038917,-0.0006118113978924928,-0.0014847256233422015,0.06705223261834665,-0.08203557133674622,0.20252420008182526,-0.137340247631073,1.107954502105713,0.5409178137779236,-1.057243824005127,0.28833574056625366,0.03023788332939148,-0.6381558775901794,0.7709231376647949,0.6724995970726013,-1.1384832859039307
0.4551758749999989,0.0034223749999999996,133.0,4.543807773760652,-0.9904335927570053,1.3493787524955798,-0.0031129846274772447,-0.0005807680675398785,-0.0013974328509469152,0.06705560325155838,-0.08249804377555847,0.20321917533874512,-0.13889923691749573,1.1062629222869873,0.5358607172966003,-1.051257848739624,0.302346795797348,0.03069239854812622,-0.6228237748146057,0.7672443389892578,0.6419657468795776,-1.1371288299560547
0.4551758749999989,0.0034223749999999996,133.0,4.524183769906477,-0.9712119055581033,1.3492941641919407,-0.0029390055500790463,-0.0005593621745607178,-0.0013213365229418894,0.0670733542604239,-0.08171442151069641,0.2023877501487732,-0.14200037717819214,1.0992693901062012,0.5266035199165344,-1.0448479652404785,0.3256951570510864,0.03544735908508301,-0.5998135805130005,0.7630321979522705,0.6098378896713257,-1.1348559856414795
0.4551758749999989,0.0034223749999999996,133.0,4.504250921295892,-0.951023201935229,1.3496243576246647,-0.0027137292004540056,-0.0005130910766012991,-0.0012208001451795988,0.06710942474158232,-0.07945773005485535,0.2027205228805542,-0.14241936802864075,1.093232274055481,0.512558102607727,-1.0473449230194092,0.32383254170417786,0.04020693898200989,-0.5840868353843689,0.7539172172546387,0.5907092094421387,-1.1334739923477173
0.4551758749999989,0.0034223749999999996,133.0,4.482645634977335,-0.9308518236793263,1.34920041166243,-0.0024873217334104142,-0.0005028801913340262,-0.0011210644953122072,0.06710494340277579,-0.08062410354614258,0.19998948276042938,-0.14935564994812012,1.0839552879333496,0.5199249386787415,-1.027501106262207,0.385196715593338,0.044010311365127563,-0.5513690114021301,0.7547051906585693,0.5430750250816345,-1.128123164176941
0.4551758749999989,0.0034223749999999996,133.0,4.4607430915228585,-0.9093545954994858,1.3491821489462912,-0.002274812532523405,-0.00046584073214504183,-0.0010268671731021247,0.06713056759951641,-0.07857632637023926,0.19827055931091309,-0.15272456407546997,1.073634147644043,0.5144466757774353,-1.022409439086914,0.4087781310081482,0.0502963662147522,-0.5270466208457947,0.7468297481536865,0.5163247585296631,-1.124138593673706
0.4551758749999989,0.0034223749999999996,133.0,4.4377848756127225,-0.8866878377466307,1.3490495004231509,-0.002064915519185462,-0.0004314168531375298,-0.0009311145731828311,0.06713782919155147,-0.07858189940452576,0.19816352427005768,-0.15528863668441772,1.0676236152648926,0.5030140280723572,-1.0151100158691406,0.431430846452713,0.05327555537223816,-0.501789927482605,0.7411959171295166,0.4750753939151764,-1.1209732294082642
0.4551758749999989,0.0034223749999999996,133.0,4.413938671977401,-0.8626103005683489,1.3493086087866182,-0.0018992425646365111,-0.00039328929079076897,-0.000853819998326677,0.06714149515876108,-0.07834208011627197,0.19976629316806793,-0.1555246114730835,1.0652551651000977,0.48936334252357483,-1.0118474960327148,0.43394023180007935,0.05417463183403015,-0.4849461019039154,0.7319598197937012,0.4407944977283478,-1.1192741394042969
0.4551758749999989,0.0034223749999999996,133.0,4.389746647132717,-0.8382296978841557,1.349674980869562,-0.001692675698894307,-0.0003455531819983152,-0.0007636723396496129,0.06718601814611765,-0.07459211349487305,0.19908899068832397,-0.15652894973754883,1.054936408996582,0.47567540407180786,-1.0147404670715332,0.4352285861968994,0.06131598353385925,-0.4652663767337799,0.7178490161895752,0.42263063788414,-1.1160759925842285
0.4551758749999989,0.0034223749999999996,133.0,4.3641800365060615,-0.8132388349239363,1.3496290142447447,-0.0015012595848146618,-0.0003154995484476796,-0.0006794245436108907,0.06719900282909412,-0.07358500361442566,0.1979590207338333,-0.15986847877502441,1.0447546243667603,0.4643949866294861,-1.007089614868164,0.46279335021972656,0.06687793135643005,-0.43590420484542847,0.7095718383789062,0.38169044256210327,-1.1113914251327515
0.4551758749999989,0.0034223749999999996,133.0,4.337906554263769,-0.7878484925799883,1.3495327140400448,-0.0013126831141428799,-0.0002862118339348306,-0.0005946061338472463,0.06721047734443802,-0.07398566603660583,0.1962045133113861,-0.16470298171043396,1.0335341691970825,0.4601110517978668,-0.9934911727905273,0.5076758861541748,0.07116177678108215,-0.4002473056316376,0.703742504119873,0.33002039790153503,-1.1044085025787354
0.4551758749999989,0.0034223749999999996,133.0,4.310798392042299,-0.7613286165677521,1.3495320910052802,-0.0011565692801254743,-0.0002575991765955931,-0.0005250250004429977,0.06722945237350637,-0.07290729880332947,0.19469065964221954,-0.16849994659423828,1.0203279256820679,0.44690534472465515,-0.9841523170471191,0.5417829751968384,0.0775558352470398,-0.3638041615486145,0.6937470436096191,0.28191080689430237,-1.097503423690796
0.4551758749999989,0.0034223749999999996,133.0,4.283072716088077,-0.7341468488932553,1.3495363034383419,-0.0010173915476011622,-0.00023101296337049124,-0.00046312754955866444,0.06725962175564237,-0.07181274890899658,0.1930912733078003,-0.17234653234481812,1.0060175657272339,0.4325028657913208,-0.9740910530090332,0.5771253108978271,0.08424019813537598,-0.32515206933021545,0.6827659606933594,0.2325446903705597,-1.089765191078186
0.4551758749999989,0.0034223749999999996,133.0,4.2541713107096095,-0.7059732968297122,1.349519165163027,-0.0008386702805686,-0.00019455772009867593,-0.0003817072879851683,0.06726942236160184,-0.07003140449523926,0.19111202657222748,-0.1760234832763672,0.9900122284889221,0.4211250841617584,-0.965440034866333,0.6113786697387695,0.09118184447288513,-0.2865946292877197,0.6692261695861816,0.18771588802337646,-1.0806268453598022
0.4551758749999989,0.0034223749999999996,133.0,4.224506409815066,-0.6772166781957191,1.3494929869424128,-0.0007028561519785974,-0.00016872110582944144,-0.00031978821805609845,0.06727510121361951,-0.07080262899398804,0.18885058164596558,-0.18110904097557068,0.9730492830276489,0.4125981032848358,-0.9492640495300293,0.6650570631027222,0.0963653028011322,-0.23813435435295105,0.6600155830383301,0.12467361241579056,-1.068730354309082
0.4551758749999989,0.0034223749999999996,133.0,4.1940028823575295,-0.6473965479191486,1.3496202891571576,-0.0005266093250808836,-0.00012889987152990705,-0.00024040603180166222,0.0672898577388373,-0.06957167387008667,0.1869773417711258,-0.18463629484176636,0.9554628729820251,0.3956837058067322,-0.9388942718505859,0.7011758089065552,0.10329315066337585,-0.1952500343322754,0.64569091796875,0.07200337946414948,-1.0579516887664795
0.4551758749999989,0.0034223749999999996,133.0,4.162857721965106,-0.6164795805501597,1.3497805715186018,-0.0003302131796086392,-8.09246761297254e-5,-0.00015150831403990586,0.06731737498855385,-0.06775736808776855,0.18597136437892914,-0.18680644035339355,0.9393761157989502,0.3763822615146637,-0.9307489395141602,0.7260509133338928,0.10894086956977844,-0.15595366060733795,0.6280817985534668,0.02293635718524456,-1.047352910041809
0.4551758749999989,0.0034223749999999996,133.0,4.13079305309228,-0.5848643398481952,1.3500367297356999,-0.00015402927301181365,-3.8082560336552384e-5,-7.117262255900916e-5,0.06733827923416653,-0.06457856297492981,0.18452000617980957,-0.18854668736457825,0.9211556911468506,0.3551631569862366,-0.9263033866882324,0.7460198998451233,0.11604583263397217,-0.11798103153705597,0.6074156761169434,-0.019297108054161072,-1.0361272096633911
0.4551758749999989,0.0034223749999999996,133.0,4.097540178086722,-0.5530307548175843,1.3504069896025008,1.7019844535379984e-5,4.325211574792938e-6,7.945473529331402e-6,0.06734881856184297,-0.06335064768791199,0.18073298037052155,-0.1930692344903946,0.8958906531333923,0.3422788381576538,-0.9142725467681885,0.7968564033508301,0.12445664405822754,-0.06461303681135178,0.5910019874572754,-0.07470988482236862,-1.0192376375198364
0.4551758749999989,0.0034223749999999996,133.0,4.063609504041395,-0.5199642507485526,1.350663652438492,0.00018775309396091175,4.846697587323158e-5,8.818686899289202e-5,0.06735555048014401,-0.06192159652709961,0.1786171942949295,-0.19575940072536469,0.8741231560707092,0.3209315836429596,-0.9027099609375,0.8314676880836487,0.13117390871047974,-0.016474008560180664,0.5719976425170898,-0.1286383420228958,-1.0040560960769653
0.4551758749999989,0.0034223749999999996,133.0,4.028694196049087,-0.4855257170382888,1.3506859701588354,0.0003723535917931605,9.646781742026412e-5,0.0001758940924936716,0.06734927289570367,-0.06052035093307495,0.1780966967344284,-0.1969672441482544,0.8569133877754211,0.2986084222793579,-0.891016960144043,0.8517932295799255,0.13487717509269714,0.024112209677696228,0.5506842136383057,-0.17945657670497894,-0.9903548955917358
0.4551758749999989,0.0034223749999999996,133.0,3.992962694825138,-0.45075421184736336,1.3509259851611402,0.0005167020071070537,0.0001357657234020101,0.000246010472248512,0.06734630575125754,-0.059168100357055664,0.17586219310760498,-0.19926585257053375,0.8334856033325195,0.2760460078716278,-0.877570390701294,0.8847367763519287,0.1412958800792694,0.07342617213726044,0.5301082134246826,-0.23058903217315674,-0.973220944404602
0.4551758749999989,0.0034223749999999996,133.0,3.9562224301505937,-0.4151144470055722,1.3512483816582566,0.0006787441017596994,0.00018043315052482744,0.00032680459021620315,0.06733902669320069,-0.057821452617645264,0.17342910170555115,-0.20137065649032593,0.808041512966156,0.25220465660095215,-0.8622808456420898,0.9183369874954224,0.14776024222373962,0.1254582703113556,0.5083954334259033,-0.2814386188983917,-0.954116702079773
0.4551758749999989,0.0034223749999999996,133.0,3.9188357117605754,-0.3787475090339979,1.351572682447851,0.0008509773354087967,0.00022892889387398513,0.0004136284451499111,0.06732722472222769,-0.05638661980628967,0.1708562970161438,-0.20312678813934326,0.7809314131736755,0.22670890390872955,-0.845134973526001,0.9512724280357361,0.15398266911506653,0.1800670325756073,0.4852004051208496,-0.3310694694519043,-0.9331034421920776
0.4551758749999989,0.0034223749999999996,133.0,3.8807038481330958,-0.34159683795739415,1.351871548354374,0.0010462109873739746,0.00028450793205188167,0.0005134745933092423,0.06731187023650508,-0.054889976978302,0.16809405386447906,-0.20452351868152618,0.752121090888977,0.19956353306770325,-0.8256068229675293,0.9832490086555481,0.1600138247013092,0.2369559109210968,0.4604768753051758,-0.3781093657016754,-0.9102039337158203
0.4551758749999989,0.0034223749999999996,133.0,3.841590663245242,-0.3036015891806865,1.3523212767467006,0.001230245366266725,0.00033697671226299295,0.0006120402271932181,0.06729220002229347,-0.053428053855895996,0.16518689692020416,-0.20547860860824585,0.721611499786377,0.17132000625133514,-0.8031303882598877,1.0135563611984253,0.16591668128967285,0.29518261551856995,0.43480658531188965,-0.4215084910392761,-0.8854907751083374
0.4551758749999989,0.0034223749999999996,133.0,3.8015060725140137,-0.2651655319169986,1.3529359776258165,0.0013489934551498548,0.00037670729641893795,0.0006771469351620147,0.06725613104103213,-0.053334444761276245,0.1612887680530548,-0.2062411606311798,0.6871732473373413,0.14801087975502014,-0.7722785472869873,1.0511080026626587,0.17166152596473694,0.3632287085056305,0.4104619026184082,-0.46023160219192505,-0.8567165732383728
0.4551758749999989,0.0034223749999999996,133.0,3.7604494304148064,-0.22547469521338592,1.3535359805553615,0.001499632424701102,0.000420766841610114,0.0007662932236156975,0.0672193939091481,-0.051756322383880615,0.15799802541732788,-0.20575425028800964,0.654028058052063,0.11905444413423538,-0.7435610294342041,1.0743486881256104,0.17723047733306885,0.4218376576900482,0.3835468292236328,-0.4902569651603699,-0.8290865421295166
0.4551758749999989,0.0034223749999999996,133.0,3.7183032821704036,-0.18422726566881867,1.3534827957639932,0.0016451904281793868,0.0004611387106231388,0.0008592430536649753,0.06716299052495456,-0.04977831244468689,0.15671101212501526,-0.20435257256031036,0.627341628074646,0.09039877355098724,-0.7171530723571777,1.0818110704421997,0.17844945192337036,0.469992071390152,0.3552877902984619,-0.5220093131065369,-0.8035328984260559
0.4551758749999989,0.0034223749999999996,133.0,3.6767531065928964,-0.14202379978920346,1.3567954551423687,0.0017812166750555763,0.00048559029143963896,0.0009542325004175907,0.06708318219790235,-0.048658668994903564,0.14939641952514648,-0.202487975358963,0.5813434720039368,0.0688251331448555,-0.6768360137939453,1.112705945968628,0.18935835361480713,0.539533257484436,0.3318662643432617,-0.5135278701782227,-0.7685542702674866
0.4551758749999989,0.0034223749999999996,133.0,3.6318044852601923,-0.09935691385546656,1.3573351009096226,0.0018734991513831751,0.0005324880709591089,0.0010215387954702543,0.06696533013450792,-0.050129055976867676,0.14573149383068085,-0.1998405009508133,0.5496653318405151,0.05814994126558304,-0.623673677444458,1.1302998065948486,0.19107112288475037,0.6028855443000793,0.3116929531097412,-0.516693651676178,-0.7385809421539307
0.4551758749999989,0.0034223749999999996,133.0,3.581633251933496,-0.053555440628244175,1.3594240959369304,0.0018277901594355493,0.0005365468195080606,0.001072394779350826,0.06674431590414082,-0.05578052997589111,0.15224666893482208,-0.20338061451911926,0.5809496641159058,0.09297211468219757,-0.6579961776733398,1.1061220169067383,0.1800175905227661,0.5474591255187988,0.3705148696899414,-0.501985490322113,-0.759101390838623
0.4551758749999989,0.0034223749999999996,133.0,3.513486450820655,0.016882682214592055,1.3569806608323498,0.0016774407456463228,-0.00016154800712494052,0.001336879980867705,0.06512047810569012,-0.09577473998069763,0.20281289517879486,-0.1605646312236786,0.7496169805526733,0.25067397952079773,-0.6073684692382812,0.324828177690506,0.16787344217300415,-0.8914185166358948,1.0415148735046387,0.33506011962890625,-0.9143377542495728
0.4551758749999989,0.0034223749999999996,133.0,3.428452312477701,0.041199443400858904,1.3569891953427982,0.00010723163383176048,-4.4953426457915205e-6,7.9721231226413e-5,0.06338624415398318,-0.2603466212749481,0.04594450071454048,-0.007645249366760254,0.9431563019752502,-0.14479142427444458,-0.005620479583740234,-0.10316711664199829,-0.2187967300415039,-1.0502816438674927,1.5342626571655273,1.1574466228485107,-0.7196507453918457
0.4551758749999989,0.0034223749999999996,133.0,3.464190123613157,0.0813514171460285,1.367615395315276,-0.0018480592384945444,9.151212740239518e-5,-0.0012915866764088037,0.06261943306402287,-0.27215203642845154,0.05739409103989601,0.041912972927093506,1.1501342058181763,0.0011378212366253138,-0.011307716369628906,-0.20481669902801514,-0.29062050580978394,-1.150038242340088,1.4770257472991943,1.0963674783706665,-0.8534761071205139
0.4551758749999989,0.0034223749999999996,133.0,3.4868060776672083,0.13647094596333068,1.392053087096242,-0.0022387354738686543,0.0005728025615774731,-0.0012932555666521517,0.06094672733974539,-0.3430168926715851,0.041221026331186295,0.14127716422080994,1.3661595582962036,-0.4911234974861145,0.16778826713562012,-0.8432010412216187,-0.35350191593170166,-1.0925825834274292,1.518958330154419,1.6152673959732056,-1.0031486749649048
0.4551758749999989,0.0034223749999999996,133.0,3.5249064657192903,0.18490280706547632,1.400771390505888,-0.00227288327124488,0.0006612484019826921,-0.0012239800583657885,0.060541079887367406,-0.3479529321193695,0.05595148727297783,0.16065970063209534,1.4423233270645142,-0.45838215947151184,0.1530625820159912,-0.86982661485672,-0.35648155212402344,-1.1793001890182495,1.4730095863342285,1.4534817934036255,-1.0758689641952515
0.4551758749999989,0.0034223749999999996,133.0,3.5690656936909737,0.22885555407664884,1.4049446948209297,-0.002159800232803638,0.0006233746634334693,-0.0011173178566298478,0.06055091099999508,-0.34226658940315247,0.06938404589891434,0.1718168556690216,1.4926003217697144,-0.35301804542541504,0.10672521591186523,-0.8524028658866882,-0.3618953824043274,-1.2924354076385498,1.4209935665130615,1.341742992401123,-1.1202771663665771
0.4551758749999989,0.0034223749999999996,133.0,3.6131024609412643,0.27070208809690877,1.4087487679369506,-0.0019838153846393064,0.0005710392311644347,-0.0009916590778926704,0.06062487022804767,-0.3373577296733856,0.07850801199674606,0.17846164107322693,1.5262103080749512,-0.2813692092895508,0.06948471069335938,-0.8487235903739929,-0.36740338802337646,-1.3800392150878906,1.3815019130706787,1.272051215171814,-1.1480858325958252
0.4551758749999989,0.0034223749999999996,133.0,3.6569053072287927,0.3107515317878749,1.411249699251839,-0.0017589045862361197,0.0005016845404099795,-0.0008570796561311352,0.06078713181527487,-0.3307792842388153,0.08385675400495529,0.18559065461158752,1.5595329999923706,-0.217253640294075,0.026522397994995117,-0.8621953129768372,-0.3854050040245056,-1.437216877937317,1.3255045413970947,1.228868842124939,-1.1630727052688599
0.4551758749999989,0.0034223749999999996,133.0,3.699577794098766,0.35051236577427614,1.4132036776425252,-0.0016541098577456277,0.0004670726698452598,-0.0007910981986648514,0.06092570839990493,-0.3258608281612396,0.09019818156957626,0.18787416815757751,1.5771464109420776,-0.17007558047771454,-0.005178689956665039,-0.8573856353759766,-0.38549351692199707,-1.5067431926727295,1.3031320571899414,1.1955957412719727,-1.1804836988449097
0.4551758749999989,0.0034223749999999996,133.0,3.7418633952559395,0.38956434377396704,1.4158251419353787,-0.001415672145680809,0.00039782109350075534,-0.0006613965772696625,0.061024775035860096,-0.32092246413230896,0.09549611061811447,0.19118747115135193,1.5978678464889526,-0.11745543777942657,-0.03932666778564453,-0.8596221208572388,-0.394126296043396,-1.5610476732254028,1.2739074230194092,1.1676498651504517,-1.192408561706543
0.4551758749999989,0.0034223749999999996,133.0,3.783128835970172,0.42803012697405474,1.4183923049516283,-0.0012337171748457428,0.0003437571043087368,-0.0005615832361542355,0.061114972322271706,-0.31728145480155945,0.1031537652015686,0.19213607907295227,1.613866925239563,-0.055710628628730774,-0.07041406631469727,-0.8407725095748901,-0.3939521312713623,-1.6308858394622803,1.2673118114471436,1.1310421228408813,-1.2085599899291992
0.4551758749999989,0.0034223749999999996,133.0,3.8234258392954468,0.4653873764033798,1.4206048793352886,-0.00100216049088934,0.00028011791814557793,-0.00044764090889157313,0.061218998267062154,-0.31204959750175476,0.10678834468126297,0.19721874594688416,1.6383503675460815,-0.010379941202700138,-0.10590457916259766,-0.8564240336418152,-0.4114542603492737,-1.6579488515853882,1.2246899604797363,1.1119450330734253,-1.2153112888336182
0.4551758749999989,0.0034223749999999996,133.0,3.862866552917563,0.5019396584717754,1.4226624314293645,-0.0007965320720588156,0.00022379496315696424,-0.0003500530823561123,0.06131695969529649,-0.3077486455440521,0.11038938909769058,0.1995275914669037,1.6538441181182861,0.029302522540092468,-0.13605713844299316,-0.8605480790138245,-0.4206761121749878,-1.6920793056488037,1.200690507888794,1.1013884544372559,-1.221510887145996
0.4551758749999989,0.0034223749999999996,133.0,3.9013637976629307,0.5378884319068352,1.4248046535248542,-0.0006018199681341343,0.00016921013305475755,-0.00025870883877742904,0.06139893347621914,-0.3039746582508087,0.1154848039150238,0.20257851481437683,1.6725614070892334,0.06352393329143524,-0.16268587112426758,-0.867737889289856,-0.42710477113723755,-1.7238017320632935,1.1768479347229004,1.0797820091247559,-1.2336994409561157
0.4551758749999989,0.0034223749999999996,133.0,3.9390126136424355,0.5727812635181754,1.4267682802083648,-0.00041301616149055974,0.0001170613784131645,-0.00017499829511592166,0.06148652838355545,-0.30026575922966003,0.11866729706525803,0.20491358637809753,1.6869293451309204,0.09696206450462341,-0.1892075538635254,-0.8743433952331543,-0.43645405769348145,-1.7474950551986694,1.1543505191802979,1.071485161781311,-1.2386643886566162
0.4551758749999989,0.0034223749999999996,133.0,3.9756933288155745,0.6069078725295405,1.4286179428840509,-0.00023157060278426562,6.578877782471425e-5,-9.64102020351148e-5,0.061561085621747336,-0.2970024645328522,0.12168403714895248,0.20715007185935974,1.7002838850021362,0.12687106430530548,-0.21357035636901855,-0.8807101249694824,-0.4451175928115845,-1.7662708759307861,1.1340305805206299,1.0639055967330933,-1.2433068752288818
0.4551758749999989,0.0034223749999999996,133.0,4.011017746574537,0.6400379475890884,1.4296934200199074,-6.889732187388643e-5,1.9674593313476215e-5,-2.8427851082550274e-5,0.061651748504345245,-0.29398784041404724,0.12437863647937775,0.20893064141273499,1.7116849422454834,0.15451444685459137,-0.23618292808532715,-0.885689377784729,-0.4525032639503479,-1.7850462198257446,1.1172447204589844,1.0598015785217285,-1.2473191022872925
0.4551758749999989,0.0034223749999999996,133.0,4.045441876350696,0.6721823884648976,1.4310611456956495,0.0001483993302086024,-4.316320408699357e-5,6.078781321751742e-5,0.06171386909960148,-0.29196158051490784,0.12460514903068542,0.2060283124446869,1.706234335899353,0.1508582979440689,-0.24329137802124023,-0.8900825381278992,-0.44338327646255493,-1.808101773262024,1.1251537799835205,1.0841673612594604,-1.2512078285217285
0.4551758749999989,0.0034223749999999996,133.0,4.080229194095366,0.7018504083600589,1.4311767873126808,0.00034995709613188346,-0.00010149901055579085,0.00013948429923093037,0.0619132972149632,-0.28708192706108093,0.12515830993652344,0.21024200320243835,1.7203571796417236,0.17601604759693146,-0.27202749252319336,-0.9089915156364441,-0.45980238914489746,-1.8014941215515137,1.0840773582458496,1.0790249109268188,-1.2487831115722656
0.4551758749999989,0.0034223749999999996,133.0,4.112979033590236,0.7326233624948824,1.4327078846680354,0.0005528438857513799,-0.00016190039215742606,0.00021733804247502295,0.06197136221254315,-0.28452804684638977,0.1290695071220398,0.21255800127983093,1.7335100173950195,0.1985941380262375,-0.2915952205657959,-0.9155572652816772,-0.4644988179206848,-1.8141745328903198,1.0668563842773438,1.0631403923034668,-1.2571992874145508
0.4551758749999989,0.0034223749999999996,133.0,4.1452401510470365,0.7630305968618509,1.4350722114924541,0.00079466988410896,-0.00023366767661298386,0.000306044886584799,0.06198509762979929,-0.28258857131004333,0.13035652041435242,0.21105274558067322,1.734030842781067,0.21348951756954193,-0.3034496307373047,-0.9164234399795532,-0.4626060128211975,-1.8343400955200195,1.0688145160675049,1.0753933191299438,-1.259782075881958
0.4551758749999989,0.0034223749999999996,133.0,4.1767477172692855,0.7925138146836572,1.437274158739933,0.0009673058518196182,-0.0002850453271997279,0.00036556130155511706,0.062021657974037664,-0.2799097001552582,0.13642290234565735,0.2170463502407074,1.7599620819091797,0.25566038489341736,-0.3313472270965576,-0.9242399334907532,-0.47980356216430664,-1.8370182514190674,1.0327939987182617,1.0345004796981812,-1.2682853937149048
0.4551758749999989,0.0034223749999999996,133.0,4.2072806872532205,0.821028662331032,1.4398641445033973,0.001188808059942843,-0.000353699016614625,0.0004384282270123444,0.062035581669537446,-0.2773337662220001,0.13771797716617584,0.21914032101631165,1.7686748504638672,0.2687293589115143,-0.3463916778564453,-0.9381524920463562,-0.4866896867752075,-1.8358759880065918,1.0113227367401123,1.0303964614868164,-1.2700629234313965
0.4551758749999989,0.0034223749999999996,133.0,4.236842162250391,0.8481550792797192,1.4410802215690106,0.0013559700759250047,-0.0004078503002237781,0.0004950080581712648,0.062099265821564116,-0.2745043933391571,0.14080694317817688,0.222141832113266,1.7814719676971436,0.29640352725982666,-0.36847758293151855,-0.9430893063545227,-0.496709406375885,-1.8381421566009521,0.9872057437896729,1.0152305364608765,-1.272781491279602
0.4551758749999989,0.0034223749999999996,133.0,4.2656062147167875,0.8746761300416768,1.442787237892815,0.0015437771856975301,-0.00046797558508130657,0.0005555459191886325,0.06214469461337543,-0.27239182591438293,0.14124605059623718,0.22142192721366882,1.7812398672103882,0.3039158284664154,-0.37914395332336426,-0.9476985931396484,-0.4952344298362732,-1.8471661806106567,0.9838249683380127,1.0271886587142944,-1.2741589546203613
0.4551758749999989,0.0034223749999999996,133.0,4.293652548020778,0.9004455067054609,1.4442733052918926,0.0017681303502695418,-0.0005378027513563297,0.0006295923363593338,0.06219879252926807,-0.2705586850643158,0.14352299273014069,0.22274670004844666,1.7891099452972412,0.32726120948791504,-0.39613962173461914,-0.9476212859153748,-0.5011371970176697,-1.8546448945999146,0.9727389812469482,1.0239444971084595,-1.276170015335083
0.4551758749999989,0.0034223749999999996,133.0,4.320639963601012,0.925332026565096,1.4459550315141354,0.001998813183080066,-0.0006116282176841474,0.0006973791822451873,0.06222464487097331,-0.2682265341281891,0.14478325843811035,0.22472849488258362,1.796217441558838,0.3330651521682739,-0.40763306617736816,-0.9619615077972412,-0.5052035450935364,-1.8496754169464111,0.9523396492004395,1.0164567232131958,-1.2791614532470703
0.4551758749999989,0.0034223749999999996,133.0,4.346621123168924,0.9490578399307364,1.4471448386148835,0.002249982551369706,-0.0006972125787926671,0.0007777207583085599,0.06227313269201955,-0.2662515342235565,0.14556334912776947,0.2258271872997284,1.8006671667099,0.3466944694519043,-0.421234130859375,-0.967082142829895,-0.5097172856330872,-1.8506954908370972,0.9399969577789307,1.0191469192504883,-1.279137134552002
0.4551758749999989,0.0034223749999999996,133.0,4.3717407947706155,0.9722262252159665,1.4486182343935525,0.0024355470067604777,-0.000762195680383232,0.0008329526633055304,0.06231638530024051,-0.26463451981544495,0.14573024213314056,0.22565492987632751,1.8010681867599487,0.3520112931728363,-0.42980337142944336,-0.9726613759994507,-0.5094267725944519,-1.8547743558883667,0.9355123043060303,1.0285598039627075,-1.2799246311187744
0.4551758749999989,0.0034223749999999996,133.0,4.3959411779965265,0.9946084027491952,1.4500528785011246,0.0026748377604442542,-0.000840322380827514,0.0009015358672643357,0.062351903139531865,-0.26317551732063293,0.14681464433670044,0.2269825041294098,1.8063634634017944,0.36515459418296814,-0.44159531593322754,-0.9778474569320679,-0.5140652060508728,-1.8556559085845947,0.9245851039886475,1.0282831192016602,-1.2805994749069214
0.4551758749999989,0.0034223749999999996,133.0,4.4193739801037495,1.0164410026338555,1.451661806091765,0.0029147728132521656,-0.0009242788943970759,0.0009717629900901099,0.06238841182649395,-0.2618662416934967,0.1501529961824417,0.2303212583065033,1.8196156024932861,0.3864452540874481,-0.4569084644317627,-0.9825356006622314,-0.523779571056366,-1.8529481887817383,0.9039511680603027,1.0077029466629028,-1.2840265035629272
0.4551758749999989,0.0034223749999999996,133.0,4.4419467404279365,1.0369279220155518,1.4525383128397853,0.0031687869402406755,-0.0010119025845059008,0.0010459727785040497,0.062414967032056914,-0.260219544172287,0.14818212389945984,0.2269769012928009,1.809027910232544,0.37856411933898926,-0.4590160846710205,-0.9863427877426147,-0.5134590268135071,-1.863277554512024,0.9151790142059326,1.0385891199111938,-1.2840392589569092
0.4551758749999989,0.0034223749999999996,133.0,4.463702418738472,1.0564769776150031,1.4537795817860422,0.0034223112047140542,-0.0011075382370196276,0.0011181933274203239,0.06244236687231032,-0.2585618793964386,0.14867201447486877,0.22807464003562927,1.812322735786438,0.3835453689098358,-0.4678647518157959,-0.9952360391616821,-0.5159494280815125,-1.8593971729278564,0.9027867317199707,1.0377486944198608,-1.284846305847168
0.4551758749999989,0.0034223749999999996,133.0,4.484261085609832,1.0761179756004542,1.4557892771400875,0.0036251573119109076,-0.0011766329869194192,0.0011649158029349233,0.062450145801672685,-0.25797513127326965,0.15018680691719055,0.22958573698997498,1.8187696933746338,0.39619559049606323,-0.4763824939727783,-0.9991440773010254,-0.5208516716957092,-1.860505223274231,0.8948071002960205,1.033202886581421,-1.286373257637024
0.4551758749999989,0.0034223749999999996,133.0,4.504158298401787,1.094363945894025,1.4571084866799202,0.003851381992107274,-0.0012569583035130037,0.0012216866032558624,0.062467839796681815,-0.25671181082725525,0.15184183418750763,0.23203536868095398,1.8267371654510498,0.40578219294548035,-0.48645806312561035,-1.0076345205307007,-0.5268781781196594,-1.8547642230987549,0.8776803016662598,1.0211286544799805,-1.2882328033447266
0.4551758749999989,0.0034223749999999996,133.0,4.52316910132692,1.1113285965987827,1.4575699739418737,0.004040525267563301,-0.001331548486008448,0.0012749179096495195,0.06251702503894886,-0.2550983130931854,0.15133441984653473,0.23180076479911804,1.8248456716537476,0.4053276479244232,-0.4925715923309326,-1.0146150588989258,-0.5251726508140564,-1.8549188375473022,0.8730618953704834,1.030454397201538,-1.2881367206573486
0.4551758749999989,0.0034223749999999996,133.0,4.541237557215257,1.1283346190484194,1.4587275758008285,0.004268375998833243,-0.0014108866138554143,0.001337649638472594,0.06253837373879897,-0.25451043248176575,0.152460515499115,0.23117873072624207,1.825131893157959,0.41582632064819336,-0.5000145435333252,-1.0111708641052246,-0.5236234068870544,-1.8654983043670654,0.8775489330291748,1.0379855632781982,-1.2901010513305664
0.4551758749999989,0.0034223749999999996,133.0,4.5585953699270965,1.1439524213674757,1.460289310331103,0.004466502918711723,-0.0014942076991745245,0.0013818438467959062,0.06256365674727947,-0.25320401787757874,0.1535234898328781,0.23333832621574402,1.8316810131072998,0.4231533110141754,-0.5079026222229004,-1.0196216106414795,-0.5294048190116882,-1.8586324453353882,0.8604304790496826,1.0271728038787842,-1.2907907962799072
0.4551758749999989,0.0034223749999999996,133.0,4.5751630524248785,1.1584445004136046,1.4609225705780091,0.0046616719257437335,-0.0015696568576912468,0.0014299992433291677,0.06260498929440513,-0.2514069378376007,0.15320344269275665,0.23377439379692078,1.8312264680862427,0.42712610960006714,-0.5157709121704102,-1.0247641801834106,-0.5304998755455017,-1.8553836345672607,0.850822925567627,1.0315005779266357,-1.2892861366271973
0.4551758749999989,0.0034223749999999996,133.0,4.590953835872052,1.1720782258168598,1.4615620122151083,0.004811825692203923,-0.0016305898759027796,0.0014656883835269523,0.06264739078815364,-0.24920901656150818,0.15197013318538666,0.23368290066719055,1.8284748792648315,0.4309069812297821,-0.5230143070220947,-1.028954267501831,-0.5317708849906921,-1.8500914573669434,0.8402156829833984,1.040131688117981,-1.285332202911377
0.4551758749999989,0.0034223749999999996,133.0,4.605899011931393,1.185271406032511,1.462460865496983,0.00495364114168792,-0.0016781641725027354,0.0014859662730648993,0.06267951637886013,-0.24685481190681458,0.15257225930690765,0.2348998486995697,1.8302556276321411,0.4356752932071686,-0.5319392681121826,-1.0338680744171143,-0.5344941020011902,-1.8400726318359375,0.8218939304351807,1.0308187007904053,-1.2843449115753174
0.4551758749999989,0.0034223749999999996,133.0,4.619961737967046,1.1975201936052053,1.4634045964570113,0.005097267566612091,-0.0017383049274410356,0.0015177309644411894,0.06271630121578504,-0.24440845847129822,0.1512632966041565,0.2345045506954193,1.8263005018234253,0.43875041604042053,-0.5388617515563965,-1.036490797996521,-0.5344132781028748,-1.835068702697754,0.810858964920044,1.0383810997009277,-1.2805379629135132
0.4551758749999989,0.0034223749999999996,133.0,4.63295758640676,1.2090903300487228,1.4641627275174562,0.0052511092148615785,-0.0017983109099960828,0.001552780212183512,0.06275115654092275,-0.24285241961479187,0.1513008028268814,0.23575475811958313,1.8279688358306885,0.45018142461776733,-0.548609733581543,-1.0361121892929077,-0.5391857028007507,-1.8307863473892212,0.7978365421295166,1.037894368171692,-1.2774326801300049
0.4551758749999989,0.0034223749999999996,133.0,4.644606474335225,1.221008535017996,1.4657589433017693,0.0054154306124449105,-0.001854088850016656,0.0015875200512582253,0.06275701781641128,-0.24270901083946228,0.1537710577249527,0.2372194230556488,1.8343334197998047,0.4689868092536926,-0.5578734874725342,-1.0288509130477905,-0.5442950129508972,-1.8345551490783691,0.7921645641326904,1.0279457569122314,-1.2786610126495361
0.4551758749999989,0.0034223749999999996,133.0,4.655213944590544,1.2325268389063557,1.467446366235281,0.005575608636422356,-0.001906660195556509,0.0016213274355378973,0.06275624604785272,-0.2429339587688446,0.15800121426582336,0.2394396960735321,1.8444639444351196,0.4902661442756653,-0.5679881572723389,-1.0197594165802002,-0.5504453778266907,-1.8380463123321533,0.7842793464660645,1.005430817604065,-1.2825431823730469
0.4551758749999989,0.0034223749999999996,133.0,4.665111440856742,1.242857755603106,1.469069860406284,0.005764014072001207,-0.0019610318070647946,0.001654540808889664,0.06275908462584055,-0.24329200387001038,0.1618996262550354,0.24246051907539368,1.8559104204177856,0.5107757449150085,-0.5775103569030762,-1.0137722492218018,-0.5591111779212952,-1.8374930620193481,0.7718017101287842,0.9803496599197388,-1.2851778268814087
0.4551758749999989,0.0034223749999999996,133.0,4.673880317531363,1.2539119463400379,1.471430278792915,0.006000805842596908,-0.0020681359180846947,0.001749392732673565,0.06263357549014031,-0.24468597769737244,0.16516534984111786,0.24141839146614075,1.8598177433013916,0.5310023427009583,-0.5811934471130371,-0.9971929788589478,-0.5579715371131897,-1.854997158050537,0.7861216068267822,0.9781814813613892,-1.2903146743774414
0.4551758749999989,0.0034223749999999996,133.0,4.68178882032813,1.2629845189146267,1.4728734699562887,0.006286596063848432,-0.002154054873600455,0.0018145844469273104,0.06262668976915763,-0.24532267451286316,0.16862182319164276,0.24276992678642273,1.8675522804260254,0.5494558215141296,-0.5877723693847656,-0.9875692129135132,-0.5626806616783142,-1.8592376708984375,0.7828500270843506,0.9612486362457275,-1.2932758331298828
0.4551758749999989,0.0034223749999999996,133.0,4.688877100795707,1.27067181456936,1.4738650251200287,0.006706552253833146,-0.002304837374529257,0.0019327310061139922,0.06264055467454357,-0.24603262543678284,0.171622171998024,0.2430906593799591,1.8728022575378418,0.5682724118232727,-0.5936305522918701,-0.9755706787109375,-0.5657368302345276,-1.8653639554977417,0.785153865814209,0.9512978792190552,-1.295470952987671
0.4551758749999989,0.0034223749999999996,133.0,4.695139584004538,1.2778021816373357,1.4750980774733875,0.007422933232047815,-0.002543732759640558,0.0021157038268208896,0.06263852022060572,-0.24624356627464294,0.17463889718055725,0.24596932530403137,1.8829991817474365,0.5819900035858154,-0.5996870994567871,-0.9754392504692078,-0.5735457539558411,-1.8562616109848022,0.768010139465332,0.9224916100502014,-1.2976629734039307
0.4551758749999989,0.0034223749999999996,133.0,4.700356705404273,1.2837555716306142,1.4760615404345405,0.009034242629043827,-0.0031061873319112154,0.002561936617062314,0.06263943424110295,-0.24628832936286926,0.1764906793832779,0.24719002842903137,1.889185905456543,0.5917296409606934,-0.6049075126647949,-0.9759953618049622,-0.5755302309989929,-1.8486732244491577,0.7577240467071533,0.9037221670150757,-1.3017747402191162
0.4551758749999989,0.0034223749999999996,133.0,4.705001996405728,1.2882958553418493,1.4771135770411417,0.016712043548163878,-0.005923257682135748,0.00461797616754276,0.06267057412845986,-0.24519404768943787,0.17324477434158325,0.24931278824806213,1.8972575664520264,0.5970611572265625,-0.6140010356903076,-1.0028889179229736,-0.5737748742103577,-1.8074251413345337,0.7245776653289795,0.8839659690856934,-1.311469316482544
0.4551758749999989,0.0034223749999999996,133.0,4.727677682110493,-1.1970349611443223,1.3433978467766743,-0.014603918736964476,-0.0015104474272744867,-0.006425501882064877,0.06711101781796747,-0.06740310788154602,0.20451238751411438,-0.0954766571521759,1.128523826599121,0.532507598400116,-1.1948332786560059,-0.06622110307216644,0.015269339084625244,-0.8232807517051697,0.7047379016876221,1.0062490701675415,-1.144946575164795
0.4551758749999989,0.0034223749999999996,133.0,4.722992109619086,-1.1918340975171242,1.3435018422282443,-0.007863795984748517,-0.0008203236049616114,-0.0035095699334575297,0.06708312700242931,-0.06927388906478882,0.20731113851070404,-0.09476920962333679,1.130937099456787,0.5359496474266052,-1.1962876319885254,-0.05641079321503639,0.012138515710830688,-0.8218573927879333,0.735931396484375,0.9812324047088623,-1.1437523365020752
0.4551758749999989,0.0034223749999999996,133.0,4.716912673527072,-1.1858066160071334,1.3433248225327419,-0.006462245552333922,-0.0006759272552276869,-0.002885616111595582,0.067056042900744,-0.07153540849685669,0.20823517441749573,-0.09652397036552429,1.1342920064926147,0.5434518456459045,-1.1857504844665527,-0.03625629097223282,0.009398102760314941,-0.8189516067504883,0.7446331977844238,0.9601340293884277,-1.1442614793777466
0.4551758749999989,0.0034223749999999996,133.0,4.710309161374111,-1.1796108625908865,1.3428637723181762,-0.005842697804583577,-0.0006393449512965845,-0.0026110867604201477,0.06703864773916762,-0.07317477464675903,0.20855769515037537,-0.0985599160194397,1.1359386444091797,0.546958327293396,-1.1764473915100098,-0.01655665598809719,0.008385896682739258,-0.8132098317146301,0.7498505115509033,0.9420892596244812,-1.1448370218276978
0.4551758749999989,0.0034223749999999996,133.0,4.702634139126891,-1.1725351651357951,1.342325871425646,-0.005481928836883897,-0.0006350978356340699,-0.002451582915361774,0.06701620550930593,-0.0755966305732727,0.20888808369636536,-0.10128340125083923,1.1388380527496338,0.552141010761261,-1.1636013984680176,0.010484755039215088,0.006375372409820557,-0.8062167763710022,0.7554152011871338,0.9182888865470886,-1.145678997039795
0.4551758749999989,0.0034223749999999996,133.0,4.693655974219416,-1.1664543274558101,1.3391412311319253,-0.00522582247794385,-0.0006851374217495105,-0.002339065296298795,0.06706090377375429,-0.07538694143295288,0.20752356946468353,-0.10437819361686707,1.1344735622406006,0.5512393116950989,-1.1552934646606445,0.037059932947158813,0.008946776390075684,-0.7903562784194946,0.7560982704162598,0.9030278325080872,-1.1439695358276367
0.4551758749999989,0.0034223749999999996,133.0,4.684156421729898,-1.1580135131616702,1.3382160441384834,-0.00501464930426551,-0.0007063332374460973,-0.0022488547065507964,0.0670369410941203,-0.07784393429756165,0.20625534653663635,-0.10990527272224426,1.1345983743667603,0.5646965503692627,-1.1337871551513672,0.0857485979795456,0.008334159851074219,-0.7784176468849182,0.7626183032989502,0.8767848014831543,-1.1436359882354736
0.4551758749999989,0.0034223749999999996,133.0,4.674144564288425,-1.148587427810506,1.3376479275132285,-0.004857688881930508,-0.0007133971809447937,-0.0021769105859670416,0.06702065608489513,-0.0800023078918457,0.206832617521286,-0.11208316683769226,1.1366937160491943,0.5622453689575195,-1.1243059635162354,0.1067008227109909,0.007334649562835693,-0.7679582834243774,0.7666382789611816,0.8505780100822449,-1.1445937156677246
0.4551758749999989,0.0034223749999999996,133.0,4.662903147463714,-1.1383399182498446,1.3368193012700065,-0.004715915009260309,-0.0007352628403100239,-0.002113829947609484,0.06699338945879496,-0.0824863612651825,0.20548707246780396,-0.11776164174079895,1.135239839553833,0.5672100186347961,-1.10414719581604,0.15711162984371185,0.008440732955932617,-0.7499626278877258,0.7737140655517578,0.8158342838287354,-1.1443160772323608
0.4551758749999989,0.0034223749999999996,133.0,4.650928228915141,-1.1274428318697818,1.3360762648166091,-0.004571880294131787,-0.000757365170445973,-0.002052501701744232,0.0669720654761509,-0.0851336419582367,0.20468904078006744,-0.1225736141204834,1.1350889205932617,0.5722697377204895,-1.0861191749572754,0.20015282928943634,0.008234918117523193,-0.7340319156646729,0.7797260284423828,0.7841095328330994,-1.1439801454544067
0.4551758749999989,0.0034223749999999996,133.0,4.638621763318711,-1.115707674084002,1.3356197926351894,-0.004439046509188515,-0.0007659148123423968,-0.0019924623355994644,0.06696633498792612,-0.0863770842552185,0.20438894629478455,-0.12559351325035095,1.1334455013275146,0.5682358145713806,-1.0765738487243652,0.2246328890323639,0.009961068630218506,-0.7190302014350891,0.7828750610351562,0.7592271566390991,-1.143978476524353
0.4551758749999989,0.0034223749999999996,133.0,4.625475013847028,-1.103132825649777,1.3351713392788984,-0.004305349159305224,-0.0007633527568617052,-0.0019308125012477725,0.0669610112203364,-0.08704227209091187,0.20312553644180298,-0.12963253259658813,1.1295340061187744,0.5700557231903076,-1.0656437873840332,0.25549760460853577,0.012753307819366455,-0.7021814584732056,0.7856781482696533,0.7412776350975037,-1.1428828239440918
0.4551758749999989,0.0034223749999999996,133.0,4.611861919163561,-1.089386318247707,1.3352584838762822,-0.004190646839269718,-0.0007396969838665737,-0.0018776470727879528,0.06697811697047198,-0.08662748336791992,0.2035222202539444,-0.1305612325668335,1.1268384456634521,0.5619494318962097,-1.0647573471069336,0.2586873173713684,0.01563483476638794,-0.690481960773468,0.7844736576080322,0.7281528115272522,-1.1429015398025513
0.4551758749999989,0.0034223749999999996,133.0,4.597826435526136,-1.0755443180645021,1.335094220660796,-0.004040366467693199,-0.0007242815658449524,-0.0018127442255529418,0.0670086789188317,-0.08437654376029968,0.20170220732688904,-0.13363105058670044,1.1179078817367554,0.560292661190033,-1.0612506866455078,0.2747775614261627,0.02263551950454712,-0.6741312146186829,0.7812294960021973,0.7207752466201782,-1.1410484313964844
0.4551758749999989,0.0034223749999999996,133.0,4.582353235248949,-1.0602774126201984,1.3350166811104731,-0.0038552574082683553,-0.000701162159718766,-0.0017315663984844032,0.06701778592978476,-0.08424961566925049,0.20171646773815155,-0.13543260097503662,1.1146934032440186,0.5549980998039246,-1.0568044185638428,0.28707441687583923,0.025034070014953613,-0.6602601408958435,0.7796368598937988,0.70025235414505,-1.1401398181915283
0.4551758749999989,0.0034223749999999996,133.0,4.5661813512885,-1.0443186884259759,1.3350499624985892,-0.0036826731129616513,-0.0006764721967419232,-0.0016543444373682045,0.06703191311951696,-0.08376947045326233,0.2014826536178589,-0.1373704969882965,1.1105916500091553,0.5527595281600952,-1.0524811744689941,0.3008503019809723,0.02765446901321411,-0.6460751295089722,0.7768819332122803,0.680934488773346,-1.1386194229125977
0.4551758749999989,0.0034223749999999996,133.0,4.549099346034004,-1.0273718697822987,1.335156905189677,-0.0034872500413209617,-0.0006453756375742944,-0.001566840563505245,0.06704628406451804,-0.08360189199447632,0.20183637738227844,-0.13877364993095398,1.1076602935791016,0.5438132286071777,-1.049213171005249,0.31037071347236633,0.02974453568458557,-0.6322275996208191,0.7736916542053223,0.6555123925209045,-1.1376709938049316
0.4551758749999989,0.0034223749999999996,133.0,4.531869320996464,-1.0100098931770602,1.3354360941212318,-0.0032993090278120936,-0.0006086531860935216,-0.0014850846346462277,0.06709128999307061,-0.08020946383476257,0.2010359913110733,-0.13976013660430908,1.0990469455718994,0.5326917171478271,-1.053572177886963,0.30878546833992004,0.03660261631011963,-0.6179370284080505,0.7645947933197021,0.6462897062301636,-1.1359387636184692
0.4551758749999989,0.0034223749999999996,133.0,4.51297974406028,-0.9912422259946098,1.3355546226988972,-0.0031089644937689334,-0.000577318880020022,-0.0013978011399744246,0.06709433724463226,-0.08066976070404053,0.20172445476055145,-0.14129924774169922,1.0972020626068115,0.5276125073432922,-1.0476222038269043,0.322669118642807,0.03705906867980957,-0.6025082468986511,0.7607741355895996,0.6156832575798035,-1.1344313621520996
0.4551758749999989,0.0034223749999999996,133.0,4.493347026082946,-0.9720087760757764,1.3354770613217037,-0.002935319043966896,-0.0005556258336107598,-0.0013217999493064518,0.06711151138260504,-0.07989645004272461,0.2008827030658722,-0.14437207579612732,1.0900604724884033,0.5183702707290649,-1.0412516593933105,0.3459644615650177,0.041764259338378906,-0.5793746113777161,0.7563910484313965,0.5833665728569031,-1.1319586038589478
0.4551758749999989,0.0034223749999999996,133.0,4.473399971851315,-0.9518146440132551,1.3357932931047665,-0.002710351132106686,-0.0005096724867827073,-0.0012213734091675668,0.06714659659777603,-0.0776418149471283,0.20119604468345642,-0.14477309584617615,1.0839804410934448,0.5043049454689026,-1.0436787605285645,0.3441806435585022,0.04642796516418457,-0.5637331008911133,0.747122049331665,0.5642740726470947,-1.130438208580017
0.4551758749999989,0.0034223749999999996,133.0,4.451797743640543,-0.9316387129169049,1.3353983353177648,-0.0024843305710845363,-0.0004990838921551287,-0.001121650248088155,0.06714238679596599,-0.07881402969360352,0.19846394658088684,-0.1516267955303192,1.0743625164031982,0.5116052627563477,-1.0242185592651367,0.405057817697525,0.05026412010192871,-0.5306244492530823,0.7476661205291748,0.5162883400917053,-1.1247724294662476
0.4551758749999989,0.0034223749999999996,133.0,4.4298819964591925,-0.9101189702179002,1.3353867275023195,-0.0022721219270759006,-0.000461872702528118,-0.0010275770472586265,0.06716780806437767,-0.07678413391113281,0.19672569632530212,-0.1549580991268158,1.0638788938522339,0.5060572028160095,-1.0192115306854248,0.42868971824645996,0.05648970603942871,-0.5061303377151489,0.739626407623291,0.4892810881137848,-1.120561122894287
0.4551758749999989,0.0034223749999999996,133.0,4.406913863500135,-0.8874399428823382,1.3352442901886243,-0.002062463538600727,-0.00042778004428770545,-0.0009319092222121408,0.06717456701158905,-0.07677975296974182,0.19659988582134247,-0.1574992537498474,1.0576080083847046,0.49456802010536194,-1.0119175910949707,0.45130839943885803,0.05946031212806702,-0.4805740416049957,0.7337427139282227,0.4478848874568939,-1.117125391960144
0.4551758749999989,0.0034223749999999996,133.0,4.38306303216023,-0.8633817910506145,1.3355130546475116,-0.0018968992644987073,-0.00038986503725358583,-0.0008547699135438047,0.06717830615134747,-0.07653605937957764,0.19820484519004822,-0.157713383436203,1.0551142692565918,0.48089101910591125,-1.008547306060791,0.4536609649658203,0.06031489372253418,-0.4638085961341858,0.724318265914917,0.4136546850204468,-1.1152572631835938
0.4551758749999989,0.0034223749999999996,133.0,4.358843067085105,-0.8389847335577446,1.3358610406516997,-0.0016905651933883169,-0.0003425379978809613,-0.0007647131069044942,0.06722150686490815,-0.0727986991405487,0.197484090924263,-0.15870708227157593,1.0446807146072388,0.4671368896961212,-1.0113542079925537,0.4552984833717346,0.06734347343444824,-0.44404616951942444,0.7100586891174316,0.3953641951084137,-1.111830472946167
0.4551758749999989,0.0034223749999999996,133.0,4.3332692820476275,-0.8139872850022466,1.3358336537936175,-0.0014994027937407256,-0.00031250793629493775,-0.0006805070988849864,0.06723426680577949,-0.07181492447853088,0.19635756313800812,-0.1619778573513031,1.0343306064605713,0.45580950379371643,-1.0037739276885986,0.48249351978302,0.07283082604408264,-0.41472429037094116,0.701570987701416,0.3545130491256714,-1.1068999767303467
0.4551758749999989,0.0034223749999999996,133.0,4.306985931917875,-0.7885870585026767,1.3357530804612538,-0.0013111042984894916,-0.0002832695366484292,-0.0005956988378113835,0.06724521151473162,-0.07221454381942749,0.19460049271583557,-0.16672784090042114,1.022745132446289,0.4513585865497589,-0.9903755187988281,0.5269188284873962,0.07713142037391663,-0.3787592947483063,0.6954295635223389,0.3027854561805725,-1.099564552307129
0.4551758749999989,0.0034223749999999996,133.0,4.2798666057619945,-0.7620514362646069,1.3357499533540425,-0.0011552158437014525,-0.0002548502986446281,-0.0005260842303421847,0.06726327467749926,-0.0711369514465332,0.19306260347366333,-0.17046844959259033,1.009190559387207,0.4380026161670685,-0.9810545444488525,0.5608824491500854,0.08349469304084778,-0.342009961605072,0.6850986480712891,0.2546708881855011,-1.0922784805297852
0.4551758749999989,0.0034223749999999996,133.0,4.252136437450198,-0.7348816757658919,1.335794165210645,-0.0010161937259480275,-0.00022827106268978758,-0.0004642431464842938,0.06729350858710384,-0.07005569338798523,0.1914762556552887,-0.17422235012054443,0.9946001172065735,0.4234097898006439,-0.9710321426391602,0.5957044959068298,0.0901186466217041,-0.30337485671043396,0.6737992763519287,0.2054319530725479,-1.0841970443725586
0.4551758749999989,0.0034223749999999996,133.0,4.223220344117636,-0.7066702677489084,1.3357488100951926,-0.0008377500015319319,-0.00019219156117578583,-0.00038267120094737626,0.06730155880140128,-0.06825250387191772,0.1894524246454239,-0.17782440781593323,0.9781621694564819,0.41169512271881104,-0.9624965190887451,0.6298409700393677,0.09701600670814514,-0.2642662823200226,0.659822940826416,0.1604953110218048,-1.074580430984497
0.4551758749999989,0.0034223749999999996,133.0,4.193550533707103,-0.6779044887138498,1.3357302357851732,-0.0007020865528643058,-0.0001666465042331835,-0.00032067582459203227,0.06730710434285997,-0.06900233030319214,0.1871953010559082,-0.1827716827392578,0.9607301950454712,0.4027894139289856,-0.9465062618255615,0.6826547384262085,0.10223424434661865,-0.21544377505779266,0.6501617431640625,0.09780329465866089,-1.062247395515442
0.4551758749999989,0.0034223749999999996,133.0,4.163035103873363,-0.6480713298353409,1.3358558478453608,-0.0005260323134795115,-0.00012730315015300027,-0.0002411315683466071,0.06732112547789876,-0.06776708364486694,0.1853218376636505,-0.1861688494682312,0.942844569683075,0.385631799697876,-0.9362151622772217,0.7180837988853455,0.10906726121902466,-0.1724848598241806,0.6354568004608154,0.045523129403591156,-1.051074504852295
0.4551758749999989,0.0034223749999999996,133.0,4.131855965978831,-0.6171393279851948,1.3360114765445723,-0.0003298594669782324,-7.986242132680889e-5,-0.00015203097029488068,0.06734627603481662,-0.06595471501350403,0.18430043756961823,-0.18825219571590424,0.9264392852783203,0.3661021292209625,-0.9279701709747314,0.7425705790519714,0.11462488770484924,-0.13306093215942383,0.6175317764282227,-0.0032457225024700165,-1.0400687456130981
0.4551758749999989,0.0034223749999999996,133.0,4.099780491887043,-0.5855363576053982,1.3363032303080582,-0.00015385357894657213,-3.7550498169072466e-5,-7.145043588241809e-5,0.06736692395622258,-0.06281241774559021,0.18286709487438202,-0.18986888229846954,0.9080538749694824,0.3446948230266571,-0.92344069480896,0.7618880867958069,0.12156260013580322,-0.095388263463974,0.5967106819152832,-0.04505231976509094,-1.0285089015960693
0.4551758749999989,0.0034223749999999996,133.0,4.066500607760854,-0.5536542179103677,1.3366436667138415,1.7011026476852845e-5,4.264546343017038e-6,7.982251326447723e-6,0.06737421142181729,-0.06158033013343811,0.17905043065547943,-0.19420680403709412,0.8823221921920776,0.3313624858856201,-0.9115102291107178,0.811867892742157,0.1299438774585724,-0.04151679575443268,0.5798895359039307,-0.09976663440465927,-1.011122226715088
0.4551758749999989,0.0034223749999999996,133.0,4.0325507303530586,-0.52057577245215,1.336894130871534,0.00018758400293057386,4.77551497469938e-5,8.859177267581609e-5,0.06737916110189125,-0.06015515327453613,0.17693014442920685,-0.19674059748649597,0.8602142333984375,0.30973920226097107,-0.899791955947876,0.8456297516822815,0.1365576982498169,0.006751204840838909,0.56056809425354,-0.15294121205806732,-0.9954984784126282
0.4551758749999989,0.0034223749999999996,133.0,3.997614332197897,-0.486140113463155,1.3369199429310918,0.00037200675932002236,9.499779205036063e-5,0.000176784061059166,0.0673710615566693,-0.05875787138938904,0.17640507221221924,-0.19785229861736298,0.8426701426506042,0.2871851623058319,-0.8877720832824707,0.8653702735900879,0.14014878869056702,0.04748360067605972,0.5389964580535889,-0.20323774218559265,-0.9813520908355713
0.4551758749999989,0.0034223749999999996,133.0,3.961851898830292,-0.45133232698982173,1.3371353848037386,0.0005162576291282891,0.00013365455244673216,0.00024732811839867373,0.06736503258380484,-0.05740934610366821,0.17415057122707367,-0.19998405873775482,0.8188701868057251,0.2643870413303375,-0.8740549087524414,0.897454023361206,0.1464369297027588,0.09706233441829681,0.5181219577789307,-0.25348785519599915,-0.9637190103530884
0.4551758749999989,0.0034223749999999996,133.0,3.9250905329774612,-0.4156830446634388,1.3374557790934438,0.0006781680896251881,0.00017755300599052868,0.00032867508809289746,0.06735571350374805,-0.0560707151889801,0.17171674966812134,-0.2018926590681076,0.7930737137794495,0.2403191775083542,-0.8583757877349854,0.9299147129058838,0.15276160836219788,0.14918743073940277,0.4961576461791992,-0.30322036147117615,-0.9441260099411011
0.4551758749999989,0.0034223749999999996,133.0,3.8876824543425608,-0.37929735248865354,1.3377669924811442,0.0008502609519943844,0.00022526134825504138,0.0004161379321698651,0.06734163281623144,-0.05464404821395874,0.169134721159935,-0.20343466103076935,0.765607476234436,0.21466121077537537,-0.8407340049743652,0.9615961313247681,0.15882238745689392,0.20387928187847137,0.47273969650268555,-0.3515301048755646,-0.9226003885269165
0.4551758749999989,0.0034223749999999996,133.0,3.8495309010417706,-0.3421443264813865,1.3380681529119556,0.0010453409934724838,0.00027980353503906613,0.0005168008977894097,0.06732423509933881,-0.05316087603569031,0.16637344658374786,-0.20459187030792236,0.7364718317985535,0.1874454915523529,-0.8205668926239014,0.992079496383667,0.164671391248703,0.26066887378692627,0.44786858558654785,-0.396974116563797,-0.8991992473602295
0.4551758749999989,0.0034223749999999996,133.0,3.810390443274935,-0.30413113349256105,1.3385036822109009,0.001229287583149554,0.00033119727382285353,0.0006162482857884695,0.06730109969876293,-0.05169636011123657,0.16343453526496887,-0.20528924465179443,0.7054875493049622,0.15911391377449036,-0.7972259521484375,1.0209027528762817,0.17041125893592834,0.31905606389045715,0.4219961166381836,-0.4385308623313904,-0.8738552927970886
0.4551758749999989,0.0034223749999999996,133.0,3.770291017819209,-0.2656873034150173,1.3391067000534653,0.0013479654194337623,0.0003702031769767089,0.0006820402914871713,0.06726300478992518,-0.05159634351730347,0.15953706204891205,-0.2056926041841507,0.6708244681358337,0.136060431599617,-0.7652809619903564,1.0560911893844604,0.17598995566368103,0.3867318034172058,0.39757680892944336,-0.47446873784065247,-0.8446991443634033
0.4551758749999989,0.0034223749999999996,133.0,3.729218146625654,-0.2259880487809242,1.3396915941477003,0.0014985443533762789,0.0004132665590823163,0.0007719664604598333,0.06722385936235187,-0.05008557438850403,0.15626481175422668,-0.20486262440681458,0.6376622915267944,0.10792497545480728,-0.7356066703796387,1.0770623683929443,0.18130195140838623,0.4443645179271698,0.3711671829223633,-0.5016917586326599,-0.8168073296546936
0.4551758749999989,0.0034223749999999996,133.0,3.6870438089776885,-0.18472932982293952,1.3396186763862585,0.0016439909839257231,0.00045279395135627056,0.0008658336020967368,0.06716396239682097,-0.04817807674407959,0.15494199097156525,-0.20320694148540497,0.610592246055603,0.08008211851119995,-0.7081372737884521,1.0829992294311523,0.18236172199249268,0.4922477900981903,0.3435673713684082,-0.531230628490448,-0.7907245755195618
0.4551758749999989,0.0034223749999999996,133.0,3.6455651887161102,-0.1424844242777956,1.3428365209090873,0.0017802812919990281,0.00047515650815346756,0.0009611838998418692,0.06708337531830603,-0.047035008668899536,0.14749883115291595,-0.20071563124656677,0.5640333890914917,0.059615131467580795,-0.6658735275268555,1.1107606887817383,0.19330132007598877,0.5610046982765198,0.32055234909057617,-0.51768559217453,-0.7552282214164734
0.4551758749999989,0.0034223749999999996,133.0,3.600711023370526,-0.09994088165912457,1.343430306393306,0.001872497942235058,0.0005213255537912636,0.0010286435958719573,0.06696863773349594,-0.04849940538406372,0.14378398656845093,-0.19763918220996857,0.5320576429367065,0.05066266655921936,-0.6105344295501709,1.1256303787231445,0.19523689150810242,0.6232134103775024,0.3010554313659668,-0.5165784955024719,-0.7251919507980347
0.4551758749999989,0.0034223749999999996,133.0,3.5504692903732806,-0.05407518352771718,1.3455012993009907,0.0018272736124477777,0.000526256648355918,0.0010791225633756244,0.06673858066507742,-0.05444347858428955,0.1503218412399292,-0.2015395164489746,0.563551664352417,0.08719443529844284,-0.6450653076171875,1.1039565801620483,0.1841430366039276,0.5688169002532959,0.3630053997039795,-0.5013773441314697,-0.7459036707878113
0.4551758749999989,0.0034223749999999996,133.0,3.481557310568621,0.016995441613739764,1.343210836494057,0.001679423181862057,-0.0001739919875463825,0.0013406230472405658,0.06504733747997223,-0.0991884171962738,0.20100811123847961,-0.15224656462669373,0.7147331237792969,0.22560416162014008,-0.568397045135498,0.22576075792312622,0.1917319893836975,-1.0046606063842773,1.130213975906372,0.4651546776294708,-0.9029807448387146
0.4551758749999989,0.0034223749999999996,133.0,3.3974065470943535,0.04174057687589387,1.3423708694575742,0.00010745109508417951,-4.178189177239609e-6,7.954140542359662e-5,0.06337259105181767,-0.2649611532688141,0.04197761043906212,0.004239112138748169,0.9595205187797546,-0.19647489488124847,0.014626502990722656,-0.19346493482589722,-0.24554824829101562,-1.0087225437164307,1.5196049213409424,1.212528944015503,-0.7087041139602661
0.4551758749999989,0.0034223749999999996,133.0,3.4332370590917263,0.08190130693178671,1.3529731846117856,-0.001850273890603248,8.677359469327868e-5,-0.0012887371247932266,0.06261944198075498,-0.2784857451915741,0.05136407911777496,0.051969170570373535,1.1459769010543823,-0.07781392335891724,0.01134634017944336,-0.2918747067451477,-0.30047541856765747,-1.1135331392288208,1.488344430923462,1.1949150562286377,-0.8389708995819092
0.4551758749999989,0.0034223749999999996,133.0,3.4563757445671355,0.13716117686723672,1.3767833061254602,-0.0022370801644455702,0.0005603617685309899,-0.0012967895638199133,0.06097358499109896,-0.3432799279689789,0.0377591997385025,0.13982811570167542,1.3576031923294067,-0.5089176297187805,0.17496871948242188,-0.8438934683799744,-0.3534603714942932,-1.0650132894515991,1.5199556350708008,1.6405816078186035,-0.9947445392608643
0.4551758749999989,0.0034223749999999996,133.0,3.494586015104207,0.18579115979936936,1.385482917268194,-0.002273524665214333,0.0006544755757184485,-0.001222235265451524,0.06056296213544908,-0.34779927134513855,0.05278672277927399,0.15901443362236023,1.4325965642929077,-0.47395652532577515,0.15841078758239746,-0.8682518005371094,-0.35624492168426514,-1.1551064252853394,1.472677230834961,1.4776731729507446,-1.0665056705474854
0.4551758749999989,0.0034223749999999996,133.0,3.538517933658236,0.22945095342337143,1.3897710304133504,-0.002158988108324385,0.0006149728677378722,-0.0011193268989546645,0.060573543499763904,-0.3425452411174774,0.06649749726057053,0.17052868008613586,1.483528971672058,-0.3718205690383911,0.11389923095703125,-0.8500084280967712,-0.359718918800354,-1.2703955173492432,1.4220526218414307,1.3645604848861694,-1.1135138273239136
0.4551758749999989,0.0034223749999999996,133.0,3.5825313245339516,0.2712714230108814,1.3934638807317228,-0.0019827928419260767,0.0005631370432679154,-0.0009939347234536446,0.060649445924180964,-0.3366886079311371,0.07597831636667252,0.18075868487358093,1.5305982828140259,-0.2942582964897156,0.07156682014465332,-0.8584519624710083,-0.37388330698013306,-1.3503611087799072,1.3610398769378662,1.2853702306747437,-1.1459804773330688
0.4551758749999989,0.0034223749999999996,133.0,3.626345637986207,0.311288611928868,1.395960728891863,-0.0017581908440430088,0.0004942493683150804,-0.0008588035901744701,0.06081306136789889,-0.3316773474216461,0.0821019634604454,0.18132111430168152,1.540371060371399,-0.2374199479818344,0.03723287582397461,-0.8428493142127991,-0.3712747097015381,-1.4360231161117554,1.346306324005127,1.2498348951339722,-1.1583027839660645
0.4551758749999989,0.0034223749999999996,133.0,3.668962705309426,0.35106639914665655,1.397890959035215,-0.0016534487747520245,0.00046006737919882825,-0.0007928214306819061,0.06095104655536923,-0.3258989155292511,0.08823667466640472,0.18688639998435974,1.5693928003311157,-0.18464134633541107,0.0008497238159179688,-0.8518908619880676,-0.38151711225509644,-1.4948477745056152,1.3033452033996582,1.2096459865570068,-1.1768213510513306
0.4551758749999989,0.0034223749999999996,133.0,3.7112310343742148,0.39003698630078026,1.4004589104706744,-0.0014150796027966857,0.0003915290738525792,-0.000662915923118517,0.06105197399800509,-0.3208485543727875,0.09372573345899582,0.19027122855186462,1.5905777215957642,-0.1306612193584442,-0.03384137153625488,-0.8536347150802612,-0.38988196849823,-1.551672101020813,1.273679494857788,1.1796034574508667,-1.1894710063934326
0.4551758749999989,0.0034223749999999996,133.0,3.7524822207139232,0.42845081157852355,1.402994079374208,-0.0012331994654967455,0.0003381643306566179,-0.0005629085071495848,0.06114312002507657,-0.3163394629955292,0.10131048411130905,0.19401082396507263,1.615228533744812,-0.06503341346979141,-0.06912016868591309,-0.847226083278656,-0.3979215621948242,-1.611137866973877,1.248758316040039,1.1346495151519775,-1.205913782119751
0.4551758749999989,0.0034223749999999996,133.0,3.792757039778952,0.4657760403510067,1.405193035626433,-0.001001773760490573,0.0002755250214172464,-0.0004487064558400961,0.06124730286654012,-0.311784952878952,0.10540348291397095,0.19642499089241028,1.6319727897644043,-0.02116577699780464,-0.1008918285369873,-0.8505975008010864,-0.40693795680999756,-1.6526747941970825,1.2238404750823975,1.1196820735931396,-1.2135441303253174
0.4551758749999989,0.0034223749999999996,133.0,3.832170755601859,0.5023154086125258,1.407210304904627,-0.000796198397355428,0.00022008721070680408,-0.00035100039027533074,0.061345716560073094,-0.3074134886264801,0.10910385847091675,0.19874152541160583,1.6477577686309814,0.01922578737139702,-0.13142919540405273,-0.8543112277984619,-0.41604113578796387,-1.688149094581604,1.1997134685516357,1.1082931756973267,-1.2201509475708008
0.4551758749999989,0.0034223749999999996,133.0,3.8706489628281715,0.5382277820688178,1.4093158905975802,-0.0006015436443747267,0.00016635636911941558,-0.00025943208195563356,0.06142964664715202,-0.30361244082450867,0.11425410956144333,0.2017829716205597,1.6666322946548462,0.05373469367623329,-0.15822100639343262,-0.8611516952514648,-0.42233067750930786,-1.720731496810913,1.1760914325714111,1.0861636400222778,-1.2326340675354004
0.4551758749999989,0.0034223749999999996,133.0,3.908294858494765,0.5730978648791164,1.4112631792563743,-0.0004128149174131131,0.00011510603893297087,-0.0001755090331899727,0.0615180978454882,-0.2998305857181549,0.11752604693174362,0.20417991280555725,1.6814409494400024,0.08788647502660751,-0.18510985374450684,-0.867989718914032,-0.43184328079223633,-1.745404601097107,1.1531448364257812,1.0770171880722046,-1.2378697395324707
0.4551758749999989,0.0034223749999999996,133.0,3.9449415249734847,0.6072240724392508,1.4130705086142674,-0.00023144891469070776,6.469300450701821e-5,-9.672218591058848e-5,0.06159290811673546,-0.29653021693229675,0.12060514837503433,0.20641961693763733,1.6949883699417114,0.11821561306715012,-0.20969343185424805,-0.8742836117744446,-0.44049370288848877,-1.76496422290802,1.1328303813934326,1.068973422050476,-1.2427163124084473
0.4551758749999989,0.0034223749999999996,133.0,3.980254037296404,0.6403246973384671,1.4140968860004046,-6.885497948796232e-5,1.9343407659482578e-5,-2.8529474186090876e-5,0.06168534160604726,-0.2934499680995941,0.12331661581993103,0.20819702744483948,1.7065114974975586,0.14613401889801025,-0.23253870010375977,-0.8792056441307068,-0.44787919521331787,-1.784337043762207,1.1158747673034668,1.064693570137024,-1.246849536895752
0.4551758749999989,0.0034223749999999996,133.0,4.014637013833714,0.6725026861910995,1.415453706400356,0.00014830677601730116,-4.245173313720428e-5,6.1017348257283135e-5,0.06174774797677933,-0.29144105315208435,0.12362460792064667,0.20527741312980652,1.701149821281433,0.14263293147087097,-0.23965215682983398,-0.883409321308136,-0.4387363791465759,-1.8079581260681152,1.1240558624267578,1.0888121128082275,-1.2508494853973389
0.4551758749999989,0.0034223749999999996,133.0,4.0494499377615885,0.7021326071048943,1.41554839279355,0.00034970934360454577,-9.981557825388238e-5,0.00014001577936952395,0.061950349003190575,-0.2865038812160492,0.12418527901172638,0.2095276415348053,1.7154992818832397,0.16810254752635956,-0.2687797546386719,-0.902530312538147,-0.45532941818237305,-1.8015002012252808,1.0826923847198486,1.0834310054779053,-1.248472809791565
0.4551758749999989,0.0034223749999999996,133.0,4.0821868112792865,0.7328831736529883,1.417056322965507,0.0005524417917814445,-0.00015926264970818137,0.0002181932112304029,0.06200899263677071,-0.28391537070274353,0.12810678780078888,0.21183571219444275,1.7287417650222778,0.19084855914115906,-0.28850269317626953,-0.9090205430984497,-0.4600095748901367,-1.814497947692871,1.065445899963379,1.0674115419387817,-1.2569950819015503
0.4551758749999989,0.0034223749999999996,133.0,4.114454326457088,0.7632883857195852,1.4194483846030068,0.0007941209134593706,-0.00022985222652634432,0.0003071544932192854,0.06202412134723098,-0.28199687600135803,0.12944945693016052,0.2103603184223175,1.7294336557388306,0.20572587847709656,-0.30031538009643555,-0.9099589586257935,-0.45814669132232666,-1.834771990776062,1.0674269199371338,1.0791739225387573,-1.2597144842147827
0.4551758749999989,0.0034223749999999996,133.0,4.145962450998447,0.7927183071932932,1.4215985873775987,0.0009665836110505718,-0.00028039081691605893,0.00036700555329850646,0.06206176029848677,-0.2792581617832184,0.13549131155014038,0.21636906266212463,1.7554751634597778,0.24808484315872192,-0.32843852043151855,-0.9179437160491943,-0.4753596782684326,-1.8376184701919556,1.031172275543213,1.0380865335464478,-1.2683132886886597
0.4551758749999989,0.0034223749999999996,133.0,4.176457975455708,0.821250674346758,1.4241545412757748,0.0011878936685769561,-0.00034803728451376003,0.00044031876694651414,0.06207583993023114,-0.2766760289669037,0.13680942356586456,0.21846696734428406,1.7643449306488037,0.26126983761787415,-0.3436121940612793,-0.9318085312843323,-0.4822416305541992,-1.836815595626831,1.0097086429595947,1.0339430570602417,-1.2702510356903076
0.4551758749999989,0.0034223749999999996,133.0,4.205998554793968,0.8483589173657137,1.4253371379615682,0.0013548724129605776,-0.0004014086649554497,0.0004972761655481554,0.06214030468331821,-0.2739298641681671,0.13881579041481018,0.21924611926078796,1.7699942588806152,0.2788216769695282,-0.36068248748779297,-0.9351361393928528,-0.48496103286743164,-1.8446524143218994,0.9969284534454346,1.03207528591156,-1.2732399702072144
0.4551758749999989,0.0034223749999999996,133.0,4.234753513104865,0.8748764594582,1.4270297893485733,0.0015425192726304467,-0.00046065239613773246,0.0005581347710005605,0.062186394556144484,-0.2716875970363617,0.14035680890083313,0.22075298428535461,1.777022361755371,0.29657959938049316,-0.37656283378601074,-0.94142085313797,-0.49078625440597534,-1.8483108282089233,0.9821088314056396,1.0303959846496582,-1.2744576930999756
0.4551758749999989,0.0034223749999999996,133.0,4.262557623730773,0.9006162193022749,1.428458313466778,0.0017675823411775146,-0.0005271054516754787,0.0006335849230779029,0.062232639081800205,-0.26989802718162537,0.14260293543338776,0.2219168245792389,1.7844865322113037,0.3195590674877167,-0.3931241035461426,-0.941085934638977,-0.49615806341171265,-1.8565598726272583,0.9721179008483887,1.0277684926986694,-1.2766022682189941
0.4551758749999989,0.0034223749999999996,133.0,4.289751821270692,0.925566979696787,1.4301860153403712,0.00199717151227143,-0.0006018427575476253,0.000701000207073466,0.062267554418162493,-0.26775941252708435,0.14492104947566986,0.22464850544929504,1.7950118780136108,0.3334381878376007,-0.40790700912475586,-0.9517613053321838,-0.5029477477073669,-1.8532344102859497,0.9503531455993652,1.013995885848999,-1.280259132385254
0.4551758749999989,0.0034223749999999996,133.0,4.315735558755229,0.9492438201941443,1.4313214486462646,0.0022480572795947474,-0.0006866946030224701,0.0007817707400247126,0.062315964175862396,-0.26549503207206726,0.14471206068992615,0.22520020604133606,1.7966980934143066,0.3395475447177887,-0.4188861846923828,-0.9611689448356628,-0.505314290523529,-1.8520702123641968,0.9380106925964355,1.0217986106872559,-1.2796356678009033
0.4551758749999989,0.0034223749999999996,133.0,4.340853623736045,0.972404897557465,1.4327867864338333,0.0024334292181989333,-0.0007507560210171931,0.0008373180142633329,0.062360406607221086,-0.263869971036911,0.1448887586593628,0.2250364124774933,1.7971464395523071,0.3448358178138733,-0.4274928569793701,-0.9668071866035461,-0.505037248134613,-1.856153964996338,0.9334750175476074,1.0311065912246704,-1.2804560661315918
0.4551758749999989,0.0034223749999999996,133.0,4.3650298695027585,0.9947875610445511,1.4341823595248302,0.002672318961308912,-0.000827816192679292,0.0009065761271602084,0.06239730403908026,-0.26239272952079773,0.1459714025259018,0.2263510525226593,1.8024156093597412,0.3579862117767334,-0.43935346603393555,-0.9719765186309814,-0.5096208453178406,-1.857124924659729,0.9225819110870361,1.0308477878570557,-1.2811610698699951
0.4551758749999989,0.0034223749999999996,133.0,4.388467882724375,1.0165854183901915,1.4357585772037864,0.002911918570477855,-0.0009108494921770367,0.0009773973806478824,0.06243439306420462,-0.2610522210597992,0.14929607510566711,0.22970852255821228,1.815707802772522,0.3793121576309204,-0.45477890968322754,-0.9768514037132263,-0.5193396210670471,-1.8543782234191895,0.9017651081085205,1.010129451751709,-1.284623384475708
0.4551758749999989,0.0034223749999999996,133.0,4.411035349114454,1.0370983043789515,1.4366627086105859,0.0031658415593782624,-0.0009970704219037503,0.0010518539816014147,0.06246140194331653,-0.2594318091869354,0.1473606377840042,0.2263757884502411,1.8052171468734741,0.3713126480579376,-0.4567832946777344,-0.9805920124053955,-0.509041965007782,-1.8647148609161377,0.9130668640136719,1.0408015251159668,-1.2847075462341309
0.4551758749999989,0.0034223749999999996,133.0,4.432788410444389,1.0566367129532488,1.4379003286956245,0.003419171841857605,-0.001091875003763407,0.0011245460563091127,0.06248830617358831,-0.2577662169933319,0.14785143733024597,0.22748395800590515,1.8085682392120361,0.37626850605010986,-0.4656827449798584,-0.9895685315132141,-0.5115450024604797,-1.8607966899871826,0.9006052017211914,1.0398731231689453,-1.2855567932128906
0.4551758749999989,0.0034223749999999996,133.0,4.453329605721673,1.076298608765004,1.4398964960815703,0.0036219068631112503,-0.0011602370632090996,0.001171575767319866,0.06249574935967744,-0.2571748197078705,0.1493890881538391,0.2289922535419464,1.8150519132614136,0.3889692425727844,-0.474245548248291,-0.9934341907501221,-0.5163984894752502,-1.8619945049285889,0.8926417827606201,1.0351642370224,-1.287169337272644
0.4551758749999989,0.0034223749999999996,133.0,4.473233748545092,1.0944794174348542,1.4411194934891438,0.003847256886378943,-0.0012396666370125123,0.001229621933991509,0.06251631864429592,-0.2558433711528778,0.15096411108970642,0.23141667246818542,1.822817087173462,0.3984794020652771,-0.4845468997955322,-1.0019882917404175,-0.522373616695404,-1.8561394214630127,0.8753621578216553,1.023604393005371,-1.2888809442520142
0.4551758749999989,0.0034223749999999996,133.0,4.49219418637397,1.1115156379387938,1.4416211090449762,0.004036633735364515,-0.0013133748399696487,0.0012829171736123543,0.06256389410695656,-0.2542788088321686,0.15052056312561035,0.23118576407432556,1.8210939168930054,0.3980342745780945,-0.49053287506103516,-1.0088425874710083,-0.5206426978111267,-1.8564997911453247,0.8709948062896729,1.0325860977172852,-1.2889764308929443
0.4551758749999989,0.0034223749999999996,133.0,4.5102704283354775,1.1285100709830351,1.4428089865075566,0.004264702172425536,-0.0013917242224484568,0.0013455528949850026,0.06258383193087723,-0.25368890166282654,0.15166357159614563,0.23058244585990906,1.8214294910430908,0.4084552824497223,-0.49789857864379883,-1.0055327415466309,-0.5190948843955994,-1.866957426071167,0.8753848075866699,1.039754033088684,-1.2909862995147705
0.4551758749999989,0.0034223749999999996,133.0,4.527637253913014,1.144122608003002,1.4443458652297991,0.004462628020641573,-0.0014740361629311432,0.0013902907526068889,0.06260987321610835,-0.25236228108406067,0.15271757543087006,0.232747882604599,1.8279931545257568,0.4157959818840027,-0.5059154033660889,-1.0140019655227661,-0.524873673915863,-1.860046625137329,0.8581655025482178,1.0289604663848877,-1.291691780090332
0.4551758749999989,0.0034223749999999996,133.0,4.543977077241585,1.158603647191304,1.4448884336048473,0.004659926151488303,-0.0015433549200753707,0.0014421015130994756,0.06264285742331654,-0.2505824863910675,0.15234431624412537,0.2330102026462555,1.8270771503448486,0.4195534884929657,-0.5135831832885742,-1.0187954902648926,-0.5254531502723694,-1.8575941324234009,0.8495903015136719,1.0343906879425049,-1.2902536392211914
0.4551758749999989,0.0034223749999999996,133.0,4.559965185799718,1.1722795215058899,1.4455869054018915,0.004807888283932404,-0.0016083734958449686,0.0014752043729658432,0.06269332097742016,-0.24836036562919617,0.15118202567100525,0.2330731451511383,1.8247958421707153,0.4236094355583191,-0.5211396217346191,-1.0232406854629517,-0.5271620154380798,-1.851723551750183,0.8381328582763672,1.0419838428497314,-1.2863225936889648
0.4551758749999989,0.0034223749999999996,133.0,4.57487598453765,1.1854977116945975,1.4464748214836256,0.004949698607878496,-0.0016552067004652776,0.001495812923680278,0.06272529448070821,-0.24601879715919495,0.15180061757564545,0.2342764437198639,1.8266299962997437,0.4284821152687073,-0.5301134586334229,-1.0280671119689941,-0.5298323035240173,-1.84196937084198,0.82002854347229,1.0327178239822388,-1.285442590713501
0.4551758749999989,0.0034223749999999996,133.0,4.588988257773867,1.1976435319225294,1.4472448881705537,0.005093500160478445,-0.0017138898841181417,0.0015266464335004762,0.06276423747636758,-0.2434617578983307,0.15035611391067505,0.23383435606956482,1.8222603797912598,0.4314974248409271,-0.5374479293823242,-1.0306340456008911,-0.5296768546104431,-1.8368359804153442,0.8088421821594238,1.0413234233856201,-1.2813040018081665
0.4551758749999989,0.0034223749999999996,133.0,4.6019783383099915,1.2093217957258446,1.4482202661552568,0.005247927877032871,-0.0017732720082607484,0.0015623307109308383,0.06279518956593806,-0.24202826619148254,0.15057331323623657,0.23518726229667664,1.8245842456817627,0.4430796504020691,-0.5468804836273193,-1.0305235385894775,-0.5346000790596008,-1.8327497243881226,0.7958662509918213,1.039358377456665,-1.2786927223205566
0.4551758749999989,0.0034223749999999996,133.0,4.613697044788256,1.221174629217251,1.4498380706526277,0.005412628925541007,-0.0018282351510820526,0.0015964309491901028,0.06280029643169456,-0.2418573796749115,0.1530349850654602,0.23670223355293274,1.8310035467147827,0.4618012011051178,-0.5561878681182861,-1.0235705375671387,-0.5397630333900452,-1.8362194299697876,0.7898144721984863,1.0290449857711792,-1.2799193859100342
0.4551758749999989,0.0034223749999999996,133.0,4.624358138157258,1.232641137456871,1.4514711346825149,0.005572661348335644,-0.0018799983548956588,0.0016306856946998536,0.06279974537172771,-0.24202945828437805,0.15723291039466858,0.23894140124320984,1.841037631034851,0.48314523696899414,-0.5664691925048828,-1.0146734714508057,-0.5458967089653015,-1.8395518064498901,0.7816610336303711,1.0065128803253174,-1.283724069595337
0.4551758749999989,0.0034223749999999996,133.0,4.634292653204207,1.2429125121586557,1.4530718396625684,0.005760811958633692,-0.0019334243100362879,0.001664315528407986,0.06280329752610307,-0.2423490583896637,0.16110560297966003,0.24198666214942932,1.8524320125579834,0.5036471486091614,-0.5760962963104248,-1.0089553594589233,-0.5545430779457092,-1.8388361930847168,0.768916130065918,0.9813357591629028,-1.2863249778747559
0.4551758749999989,0.0034223749999999996,133.0,4.643025268714875,1.2540582149835129,1.4555806685308605,0.006000263860848182,-0.002037742277979391,0.0017569523837700793,0.06267148525147062,-0.24410441517829895,0.16433316469192505,0.24009516835212708,1.8549119234085083,0.5255625247955322,-0.5787844657897949,-0.9886390566825867,-0.5517850518226624,-1.8616145849227905,0.7902441024780273,0.9848935604095459,-1.291712999343872
0.4551758749999989,0.0034223749999999996,133.0,4.650962615925313,1.2630893837182189,1.4570238773393218,0.006286290891710376,-0.0021225013259151674,0.0018220103327526002,0.0626636206690151,-0.24483844637870789,0.16716302931308746,0.24015608429908752,1.8595083951950073,0.5447694659233093,-0.5841038227081299,-0.9754302501678467,-0.5541641116142273,-1.8706912994384766,0.7947347164154053,0.9780375957489014,-1.2939542531967163
0.4551758749999989,0.0034223749999999996,133.0,4.658122303714487,1.2707139310463715,1.4579552246100482,0.006705965833189899,-0.0022711833279262963,0.00194084745513339,0.06267841695720773,-0.2449447214603424,0.1709485799074173,0.24347427487373352,1.870896816253662,0.5606970191001892,-0.5924386978149414,-0.9740089178085327,-0.5629318356513977,-1.862303376197815,0.776437520980835,0.9460470676422119,-1.2963683605194092
0.4551758749999989,0.0034223749999999996,133.0,4.664415941109486,1.2778122790639252,1.4591626962788802,0.007422046637348472,-0.002506784509395504,0.0021247116190776178,0.06267688657028868,-0.24530425667762756,0.1739189624786377,0.24557366967201233,1.8796041011810303,0.5750199556350708,-0.5981729030609131,-0.971091091632843,-0.5688747763633728,-1.857407808303833,0.7648506164550781,0.9222397208213806,-1.2989939451217651
0.4551758749999989,0.0034223749999999996,133.0,4.669813503107736,1.2838289101712852,1.4602951065631764,0.009028835262881443,-0.00307280369197607,0.002565358388157148,0.06268536305862832,-0.24540051817893982,0.1759307086467743,0.24697014689445496,1.8864209651947021,0.5849851369857788,-0.6033535003662109,-0.9720847606658936,-0.5712807774543762,-1.8492894172668457,0.7538430690765381,0.9015181064605713,-1.303297758102417
0.4551758749999989,0.0034223749999999996,133.0,4.674345189836756,1.288314537817273,1.461235314013501,0.01671696608579753,-0.005837527712536238,0.0046319148308712295,0.06270397615571878,-0.2442922294139862,0.17257905006408691,0.24896827340126038,1.8937863111495972,0.5903171896934509,-0.6124536991119385,-0.9992965459823608,-0.5690566897392273,-1.8085243701934814,0.7212419509887695,0.88322514295578,-1.3127598762512207
0.4551758749999989,0.0034223749999999996,133.0,4.6967084411239854,-1.1978171744593185,1.3293723495121752,-0.014578006854303495,-0.0015276560461475281,-0.0064306460249205135,0.06715316520496226,-0.06560474634170532,0.2030409425497055,-0.098208487033844,1.121099829673767,0.5253297686576843,-1.189554214477539,-0.04338311031460762,0.021925419569015503,-0.8050930500030518,0.7003512382507324,0.9836610555648804,-1.144210696220398
0.4551758749999989,0.0034223749999999996,133.0,4.692005518208241,-1.1925390283594963,1.329504838311578,-0.007852030226918256,-0.000823933175222707,-0.0035107420632894035,0.06712195477291871,-0.06750783324241638,0.20587129890918732,-0.09751731157302856,1.123605489730835,0.5282561779022217,-1.1907672882080078,-0.03347229212522507,0.01867586374282837,-0.8038065433502197,0.7316508293151855,0.9581124782562256,-1.1429868936538696
0.4551758749999989,0.0034223749999999996,133.0,4.6859599878140505,-1.1866202418099343,1.329312967470433,-0.006450889076586,-0.0006825927645934564,-0.002887753090642575,0.06709831314060212,-0.06970196962356567,0.20678353309631348,-0.09922638535499573,1.1267452239990234,0.5354259610176086,-1.1805782318115234,-0.01394253596663475,0.016053318977355957,-0.8007698059082031,0.7401647567749023,0.9370982646942139,-1.1433970928192139
0.4551758749999989,0.0034223749999999996,133.0,4.679365859277605,-1.1804293535674792,1.328864037798785,-0.005832535539247336,-0.000644497283501921,-0.002612933671126895,0.06708123298844623,-0.07133898138999939,0.20711030066013336,-0.10124751925468445,1.1283130645751953,0.5388880372047424,-1.1713802814483643,0.005543769337236881,0.015044301748275757,-0.794913113117218,0.7452971935272217,0.9188542366027832,-1.143895149230957
0.4551758749999989,0.0034223749999999996,133.0,4.671697898023061,-1.1733617659423083,1.328339870495717,-0.005472648384835519,-0.0006391890150948128,-0.002453457231350263,0.06705926448718041,-0.07375380396842957,0.20744158327579498,-0.10396069288253784,1.1310760974884033,0.5440708994865417,-1.1586685180664062,0.032355472445487976,0.013069570064544678,-0.7876977324485779,0.750755786895752,0.894777238368988,-1.1446349620819092
0.4551758749999989,0.0034223749999999996,133.0,4.662732320896339,-1.1672657727389266,1.3251812942395182,-0.005216556185703321,-0.0006882944737265257,-0.0023397215437273326,0.06710308928782764,-0.07356348633766174,0.2060832977294922,-0.10703277587890625,1.1267281770706177,0.5432417392730713,-1.1504552364349365,0.058795247226953506,0.015557169914245605,-0.7717073559761047,0.751384973526001,0.8791499137878418,-1.1428552865982056
0.4551758749999989,0.0034223749999999996,133.0,4.65324504959142,-1.158823411235835,1.3242882506790647,-0.005006066995214189,-0.0007081447779338998,-0.0022495780109043242,0.06707984271761874,-0.07603010535240173,0.20481835305690765,-0.11252731084823608,1.1267110109329224,0.5567678809165955,-1.129227638244629,0.10717228055000305,0.014953851699829102,-0.7594277262687683,0.7578177452087402,0.8523707985877991,-1.1423834562301636
0.4551758749999989,0.0034223749999999996,133.0,4.643247180624224,-1.1494083998852336,1.3237348160922033,-0.004849416725447806,-0.0007145142566528106,-0.0021776948629705804,0.06706390987696721,-0.07818275690078735,0.2054060846567154,-0.11468133330345154,1.1286993026733398,0.5543177127838135,-1.1198673248291016,0.1277746707201004,0.013963550329208374,-0.7489041090011597,0.7616863250732422,0.8260945677757263,-1.1432418823242188
0.4551758749999989,0.0034223749999999996,133.0,4.6320186998922335,-1.1391573893557025,1.322936787551943,-0.004708046030225081,-0.0007349812934182428,-0.0021145104902319982,0.06703713962710334,-0.08067721128463745,0.20406830310821533,-0.12031838297843933,1.1270816326141357,0.5593902468681335,-1.0999770164489746,0.1777762919664383,0.015066027641296387,-0.730643630027771,0.7686238288879395,0.7909607887268066,-1.142791986465454
0.4551758749999989,0.0034223749999999996,133.0,4.62006541483241,-1.128254894322968,1.3222233518030904,-0.004564544053220941,-0.0007556226074260648,-0.002053032643498086,0.06701581896096889,-0.08333209156990051,0.20328396558761597,-0.1250855028629303,1.1267863512039185,0.5644899606704712,-1.0822057723999023,0.22039571404457092,0.014856398105621338,-0.7144836187362671,0.7744996547698975,0.7589160799980164,-1.1423035860061646
0.4551758749999989,0.0034223749999999996,133.0,4.607777706065554,-1.116532522901659,1.321778282937694,-0.004432029431867484,-0.0007641851735304374,-0.0019929425487319,0.06700961554101484,-0.08456790447235107,0.20298819243907928,-0.12807342410087585,1.1250364780426025,0.5604432821273804,-1.0727910995483398,0.2445768415927887,0.016562938690185547,-0.6994056701660156,0.7774596214294434,0.7339717745780945,-1.1421738862991333
0.4551758749999989,0.0034223749999999996,133.0,4.594649885896517,-1.1039484707696057,1.3213415338838548,-0.004298800153740909,-0.0007609259995734867,-0.001931203234396882,0.06700375654160039,-0.08523178100585938,0.20172017812728882,-0.13207775354385376,1.1210273504257202,0.5622105598449707,-1.0620462894439697,0.2752663791179657,0.019306153059005737,-0.6823856234550476,0.7800829410552979,0.7158083319664001,-1.1409296989440918
0.4551758749999989,0.0034223749999999996,133.0,4.5810487032787535,-1.0902067907777802,1.3214295420705597,-0.004184488309656024,-0.00073693989821638,-0.0018779924775060564,0.06702005982221045,-0.08480656147003174,0.20211148262023926,-0.13299298286437988,1.118276596069336,0.5539990663528442,-1.0611419677734375,0.27840301394462585,0.022135287523269653,-0.6707301139831543,0.7786800861358643,0.702751636505127,-1.1408411264419556
0.4551758749999989,0.0034223749999999996,133.0,4.567012909985361,-1.0763545582034693,1.3212665754119937,-0.004034662178309259,-0.0007212530962938884,-0.001812967631379137,0.06704985934794273,-0.08255818486213684,0.20026686787605286,-0.13604912161827087,1.1092805862426758,0.5522674918174744,-1.0576989650726318,0.29465800523757935,0.02906474471092224,-0.6542853116989136,0.7752974033355713,0.6951799988746643,-1.1388506889343262
0.4551758749999989,0.0034223749999999996,133.0,4.551536065844684,-1.0610879972718419,1.321195580557066,-0.0038500936476189075,-0.0006978165171040715,-0.0017317150340238863,0.06705780810547408,-0.08242812752723694,0.20027343928813934,-0.13783761858940125,1.105958104133606,0.5469228029251099,-1.053269386291504,0.30692875385284424,0.031442850828170776,-0.6403499841690063,0.7735552787780762,0.6745571494102478,-1.1378124952316284
0.4551758749999989,0.0034223749999999996,133.0,4.535370481588322,-1.0451260011633994,1.3212314689303044,-0.0036778166510023137,-0.0006727067624288915,-0.001654545043159576,0.06707198326167958,-0.08194676041603088,0.20002970099449158,-0.1397501528263092,1.1017439365386963,0.544615626335144,-1.0490221977233887,0.32064199447631836,0.034033507108688354,-0.6260794401168823,0.7706611156463623,0.6551402807235718,-1.1361479759216309
0.4551758749999989,0.0034223749999999996,133.0,4.518285004943416,-1.0281821993706401,1.3213467230693803,-0.003482741964224701,-0.0006413711389872795,-0.0015671513893457756,0.06708588754433434,-0.08178219199180603,0.20038047432899475,-0.14113858342170715,1.0987093448638916,0.5356613993644714,-1.0457351207733154,0.3301273584365845,0.03609949350357056,-0.6121849417686462,0.7673470973968506,0.6296132802963257,-1.1350711584091187
0.4551758749999989,0.0034223749999999996,133.0,4.501033330097974,-1.010807091556772,1.321621219835695,-0.0032951774643945136,-0.0006046850680559005,-0.0014855058335693334,0.06712958787143947,-0.0784088671207428,0.1995536834001541,-0.14212355017662048,1.090085506439209,0.5245440006256104,-1.0499963760375977,0.3288668692111969,0.04286107420921326,-0.597933828830719,0.7581913471221924,0.6202647089958191,-1.133231520652771
0.4551758749999989,0.0034223749999999996,133.0,4.48214106039911,-0.9920382930743495,1.3217375348218874,-0.003105101367284098,-0.000573381002413954,-0.0013983058464197258,0.06713231584475648,-0.0788617730140686,0.20023450255393982,-0.1436428725719452,1.0880703926086426,0.5194206237792969,-1.0440776348114014,0.342650443315506,0.04332166910171509,-0.582348644733429,0.7542095184326172,0.5895417928695679,-1.1315577030181885
0.4551758749999989,0.0034223749999999996,133.0,4.462499710812344,-0.9727947202302486,1.3216668009714545,-0.0029317530603916726,-0.000551437333992969,-0.0013224244136183655,0.06714901321763983,-0.07809677720069885,0.19938306510448456,-0.1466849446296692,1.0807757377624512,0.5101791620254517,-1.037754774093628,0.36586904525756836,0.04798021912574768,-0.5590940713882446,0.7496488094329834,0.5570570230484009,-1.1288832426071167
0.4551758749999989,0.0034223749999999996,133.0,4.442533329804627,-0.9525851702374092,1.3219664988999331,-0.0027071166573927993,-0.0005058225353341048,-0.0012221018635631584,0.06718277191128862,-0.07584819197654724,0.19966945052146912,-0.1470852792263031,1.0746252536773682,0.4961099326610565,-1.0400590896606445,0.3643325865268707,0.05255654454231262,-0.5434304475784302,0.7402470111846924,0.5379066467285156,-1.1272056102752686
0.4551758749999989,0.0034223749999999996,133.0,4.420942130181273,-0.9324075122174033,1.3215985318235086,-0.0024814690093852014,-0.0004949021222069853,-0.0011223194029170531,0.06717916698965583,-0.07702362537384033,0.19693933427333832,-0.1538478136062622,1.0646640062332153,0.5033082365989685,-1.0210027694702148,0.4246596097946167,0.056428760290145874,-0.5099497437477112,0.7405374050140381,0.4896297752857208,-1.1212246417999268
0.4551758749999989,0.0034223749999999996,133.0,4.399003518536864,-0.9108637479252082,1.321583281521516,-0.002269509186682498,-0.0004578031441427151,-0.0010283960443561216,0.06720407749250486,-0.07500508427619934,0.1951729953289032,-0.1571461260318756,1.0539910793304443,0.4976804852485657,-1.0160791873931885,0.4483819007873535,0.06260541081428528,-0.48523470759391785,0.7323145866394043,0.4623819887638092,-1.116772174835205
0.4551758749999989,0.0034223749999999996,133.0,4.376029081793945,-0.88817834928528,1.3214520962146714,-0.0020600807950332217,-0.00042386418699127547,-0.0009328442147628668,0.06721061188827494,-0.07500246167182922,0.19504928588867188,-0.15964007377624512,1.0475249290466309,0.48613789677619934,-1.008819580078125,0.4707476496696472,0.06554043292999268,-0.45957088470458984,0.7261979579925537,0.4209415316581726,-1.1131041049957275
0.4551758749999989,0.0034223749999999996,133.0,4.35217168331981,-0.8641331938251609,1.3217097563040676,-0.0018946207604311272,-0.00038634040626176245,-0.0008558105754186518,0.06721418192887343,-0.07474306225776672,0.1966448426246643,-0.1598353087902069,1.0448827743530273,0.4724228084087372,-1.0053584575653076,0.4729793667793274,0.06635227799415588,-0.4428068697452545,0.7165577411651611,0.38679972290992737,-1.1110460758209229
0.4551758749999989,0.0034223749999999996,133.0,4.327914834708931,-0.8396842583738098,1.3220149748499248,-0.0016885978032051862,-0.00033945360803487427,-0.0007657467639636042,0.06725525655927418,-0.0710236132144928,0.1958697885274887,-0.16081863641738892,1.0343562364578247,0.45863693952560425,-1.0080962181091309,0.4749543070793152,0.07324615120887756,-0.42294713854789734,0.7021493911743164,0.3685065805912018,-1.1073918342590332
0.4551758749999989,0.0034223749999999996,133.0,4.302344967390762,-0.8147258427908566,1.3220492824579448,-0.00149761072712613,-0.0003092217862937356,-0.0006817268352223356,0.06726859527785453,-0.07006677985191345,0.19477097690105438,-0.1640079915523529,1.023845911026001,0.4472152590751648,-1.000570297241211,0.5016754865646362,0.07867431640625,-0.39378759264945984,0.6934771537780762,0.32768309116363525,-1.1022372245788574
0.4551758749999989,0.0034223749999999996,133.0,4.276043562767097,-0.7892988954587468,1.3219760544795547,-0.0013095926538553464,-0.0002801508669535881,-0.0005968734557844533,0.0672788109866895,-0.0704658031463623,0.1930057257413864,-0.16867750883102417,1.0118842124938965,0.4425864517688751,-0.9873542785644531,0.5457025766372681,0.08299016952514648,-0.35746946930885315,0.6870245933532715,0.2758985161781311,-1.0945378541946411
0.4551758749999989,0.0034223749999999996,133.0,4.248928671749758,-0.7627852042280278,1.3220039703842648,-0.0011538595722644762,-0.00025183249606901514,-0.0005272987826247755,0.06729709462271409,-0.06939858198165894,0.19147057831287384,-0.1723400056362152,0.9980381727218628,0.4290582239627838,-0.9780571460723877,0.5792800188064575,0.08931747078895569,-0.32064634561538696,0.6764049530029297,0.227902352809906,-1.0869207382202148
0.4551758749999989,0.0034223749999999996,133.0,4.221181954488153,-0.7355750863807891,1.3220201946338683,-0.0010150688111136017,-0.00022553034689177907,-0.000465363232500973,0.06732558411602371,-0.06830331683158875,0.18985450267791748,-0.17601698637008667,0.9830988645553589,0.4142531752586365,-0.9681191444396973,0.6138116717338562,0.09587651491165161,-0.28166648745536804,0.6646966934204102,0.178772434592247,-1.078425645828247
0.4551758749999989,0.0034223749999999996,133.0,4.192254142879863,-0.70735513781017,1.3219827735859269,-0.0008368568309063505,-0.00018974601126336375,-0.0003836986889264914,0.06733265005128346,-0.06650540232658386,0.18782025575637817,-0.17952263355255127,0.9663429260253906,0.40223994851112366,-0.9596686363220215,0.647520899772644,0.10271602869033813,-0.24241214990615845,0.6503810882568359,0.13399067521095276,-1.0684304237365723
0.4551758749999989,0.0034223749999999996,133.0,4.16258079304845,-0.6785813409954274,1.3219744426569453,-0.0007013527333006323,-0.00016445623536105812,-0.000321627803597021,0.06733783266729962,-0.06722515821456909,0.18556450307369232,-0.18433290719985962,0.9484090209007263,0.39292365312576294,-0.9438378810882568,0.6995584964752197,0.1079656183719635,-0.19311107695102692,0.6402478218078613,0.07154218852519989,-1.0556249618530273
0.4551758749999989,0.0034223749999999996,133.0,4.132037171567267,-0.6487148221163707,1.322071625625973,-0.0005255145818625543,-0.00012562541520047066,-0.00024190245615942632,0.06734954439824774,-0.0659763514995575,0.1836736649274826,-0.18760669231414795,0.9301973581314087,0.3755112588405609,-0.9336211681365967,0.7344004511833191,0.1147085428237915,-0.14994266629219055,0.6251399517059326,0.01965975947678089,-1.0440356731414795
0.4551758749999989,0.0034223749999999996,133.0,4.100862625679166,-0.6178141042916773,1.3222852282787754,-0.00032949570989457576,-7.873465847509244e-5,-0.0001525931735749386,0.06737614161910223,-0.06419092416763306,0.1826891303062439,-0.18957293033599854,0.9135997891426086,0.35575392842292786,-0.9252235889434814,0.7581343650817871,0.12014833092689514,-0.110794298350811,0.6069998741149902,-0.02868098020553589,-1.0327188968658447
0.4551758749999989,0.0034223749999999996,133.0,4.068744981665119,-0.5861671533283118,1.3225349552186119,-0.0001537003945004071,-3.700556077308237e-5,-7.173444316382583e-5,0.06739266668872587,-0.06106066703796387,0.18121470510959625,-0.19109001755714417,0.894959568977356,0.33418869972229004,-0.9206764698028564,0.7771276235580444,0.12692540884017944,-0.07300641387701035,0.5859496593475342,-0.07009118050336838,-1.0207464694976807
0.4551758749999989,0.0034223749999999996,133.0,4.0354541828796275,-0.5542764771594344,1.3228925981341788,1.699675295683786e-5,4.200626237171219e-6,8.018038104071205e-6,0.06739905535202093,-0.0598408579826355,0.1774088591337204,-0.19522258639335632,0.8688445091247559,0.32039546966552734,-0.9087624549865723,0.8259904980659485,0.1352696418762207,-0.01897573098540306,0.5688071250915527,-0.12398021668195724,-1.0029374361038208
0.4551758749999989,0.0034223749999999996,133.0,4.0014815116911215,-0.5211806292340703,1.3231320588971562,0.00018741379178793143,4.70146963270471e-5,8.901094154350695e-5,0.06740166623401785,-0.05841764807701111,0.17527367174625397,-0.19761177897453308,0.8463658690452576,0.2984597980976105,-0.8968226909637451,0.8590070605278015,0.141790509223938,0.029534848406910896,0.5491671562194824,-0.17638947069644928,-0.9868509769439697
0.4551758749999989,0.0034223749999999996,133.0,3.9665083153697878,-0.4867144053589181,1.3231291720895113,0.00037169130296548983,9.349505972918717e-5,0.0001776794590916302,0.06739012993448357,-0.05702054500579834,0.1747274100780487,-0.19862116873264313,0.8285154104232788,0.2757578492164612,-0.8845438957214355,0.8781775832176208,0.14523983001708984,0.07046747952699661,0.5273416042327881,-0.22612658143043518,-0.9722604155540466
0.4551758749999989,0.0034223749999999996,133.0,3.930731383350298,-0.45190534043272745,1.323351239692362,0.0005158093350743951,0.00013148642526767323,0.000248686753908183,0.0673828632352051,-0.055684417486190796,0.1724833846092224,-0.20057033002376556,0.8044231534004211,0.2527505159378052,-0.8705096244812012,0.9091774225234985,0.15138494968414307,0.12004108726978302,0.5062439441680908,-0.27537402510643005,-0.954193651676178
0.4551758749999989,0.0034223749999999996,133.0,3.893943673586432,-0.41623862396983663,1.3236629545371168,0.0006776043562107284,0.00017459511761660113,0.00033059968917277267,0.06737087966015118,-0.05435466766357422,0.1700439155101776,-0.20228058099746704,0.7782954573631287,0.2284979671239853,-0.8544230461120605,0.9404915571212769,0.15755832195281982,0.1722421646118164,0.48406004905700684,-0.32392868399620056,-0.934122622013092
0.4551758749999989,0.0034223749999999996,133.0,3.856510755258666,-0.379830981000724,1.32396302306342,0.0008495801970406794,0.00022144142154171214,0.0004187284087983539,0.06735413779291426,-0.05293866991996765,0.1674535721540451,-0.20360413193702698,0.7505005598068237,0.20272532105445862,-0.8362557888031006,0.9708837866783142,0.16344758868217468,0.22698158025741577,0.46045613288879395,-0.37085697054862976,-0.9121014475822449
0.4551758749999989,0.0034223749999999996,133.0,3.818340586390991,-0.3426664590152261,1.3242554915549287,0.0010445279839443856,0.00027496552902289733,0.0005202094460490932,0.06733420124342114,-0.051469236612319946,0.16468843817710876,-0.20451809465885162,0.7210655212402344,0.17550115287303925,-0.815432071685791,0.9998593330383301,0.16910171508789062,0.2836650609970093,0.4354720115661621,-0.4146478474140167,-0.888213038444519
0.4551758749999989,0.0034223749999999996,133.0,3.779174152812073,-0.30464573129372735,1.3246843946646951,0.0012283493019258295,0.00032529351087337853,0.0006205644070214073,0.06730821923796389,-0.050022512674331665,0.1617434322834015,-0.2049436718225479,0.6897767782211304,0.1473093181848526,-0.7912771701812744,1.0269694328308105,0.17464187741279602,0.3418238162994385,0.40958714485168457,-0.4542105197906494,-0.8623730540275574
0.4551758749999989,0.0034223749999999996,133.0,3.7390615145519415,-0.2661878239809996,1.3252647713616463,0.0013470098233784816,0.0003635336123860866,0.0006869675697506637,0.06726805801584632,-0.04991960525512695,0.15784037113189697,-0.20498867332935333,0.6549168825149536,0.12463193386793137,-0.7582333087921143,1.05982506275177,0.180055171251297,0.4090985655784607,0.38516688346862793,-0.48732298612594604,-0.8328641057014465
0.4551758749999989,0.0034223749999999996,133.0,3.69796706341687,-0.2264768614236412,1.3258287229303873,0.0014975112715022284,0.0004056981104697912,0.0007776977185955017,0.06722617532800064,-0.04846036434173584,0.15455608069896698,-0.20381391048431396,0.6215476989746094,0.09723154455423355,-0.7274293899536133,1.0786863565444946,0.18517664074897766,0.46603503823280334,0.3591947555541992,-0.5116943717002869,-0.8045859336853027
0.4551758749999989,0.0034223749999999996,133.0,3.6557628281577266,-0.18520337689358585,1.3257346792569422,0.001642850694384426,0.00044440898059806166,0.0008724696012593033,0.06716276238605201,-0.04658865928649902,0.15315134823322296,-0.20189397037029266,0.593724250793457,0.0700124055147171,-0.6985776424407959,1.0832701921463013,0.1862030029296875,0.5140669941902161,0.3320746421813965,-0.5389081835746765,-0.7777314186096191
0.4551758749999989,0.0034223749999999996,133.0,3.6143130890279194,-0.14295431993372387,1.3289249748520737,0.001779103224720093,0.00046543326818807484,0.0009683775528751441,0.06708128130703485,-0.0454593300819397,0.14563436806201935,-0.19875088334083557,0.5467248558998108,0.05080356076359749,-0.6541528701782227,1.1074869632720947,0.19722208380699158,0.5812439918518066,0.30980920791625977,-0.5199902057647705,-0.741885781288147
0.4551758749999989,0.0034223749999999996,133.0,3.5695755848386117,-0.10045111403514509,1.3294711264547354,0.0018716501849015566,0.0005104409458423367,0.0010355277936257405,0.06696931963053182,-0.04695141315460205,0.14187467098236084,-0.19528557360172272,0.5149635672569275,0.04401284456253052,-0.5970723628997803,1.1197210550308228,0.19926804304122925,0.6419404745101929,0.29119205474853516,-0.5145440697669983,-0.7121859788894653
0.4551758749999989,0.0034223749999999996,133.0,3.519175409872708,-0.054430832522944235,1.3315583347894804,0.0018269787366591481,0.0005149045543308056,0.0010868998289991234,0.06672481344079202,-0.05285000801086426,0.1448429524898529,-0.19903665781021118,0.5395929217338562,0.09044340997934341,-0.6409223079681396,1.1073424816131592,0.19343897700309753,0.5903570652008057,0.36373114585876465,-0.4683988690376282,-0.7314424514770508
0.4551758749999989,0.0034223749999999996,133.0,3.449824879685404,0.01694731785152708,1.3292869887005012,0.0016807759061613816,-0.0001777738740814559,0.001344147440986399,0.06499379357070079,-0.09939223527908325,0.20425108075141907,-0.15407025814056396,0.7119413614273071,0.21833296120166779,-0.5579254627227783,0.2470119297504425,0.18533921241760254,-0.9525898694992065,1.1148767471313477,0.39988064765930176,-0.8938227891921997
0.4551758749999989,0.0034223749999999996,133.0,3.366322940546802,0.04279075826223008,1.3274417905378333,0.00010773134271473601,-3.971455191548658e-6,7.931018974779072e-5,0.06335334377138664,-0.27446767687797546,0.046004004776477814,-0.0037664175033569336,0.9490903615951538,-0.19377991557121277,0.07159137725830078,-0.14929896593093872,-0.23405832052230835,-1.0301496982574463,1.6126494407653809,1.084599494934082,-0.7102252840995789
0.4551758749999989,0.0034223749999999996,133.0,3.4024590769780314,0.08244371535360959,1.338167749407068,-0.0018519953981693225,7.890032019879396e-5,-0.0012858244531099754,0.06262691056336293,-0.2801397144794464,0.049793146550655365,0.05242350697517395,1.137868881225586,-0.105988509953022,0.02178478240966797,-0.29153335094451904,-0.298714280128479,-1.085336685180664,1.4942128658294678,1.2011882066726685,-0.8326151371002197
0.4551758749999989,0.0034223749999999996,133.0,3.425935725436187,0.13784980217021156,1.3616600788224078,-0.00223583751239121,0.0005499191108187336,-0.0012989892640200055,0.060998524154535876,-0.3441310226917267,0.03464369848370552,0.1392129361629486,1.3527072668075562,-0.5290508270263672,0.1839592456817627,-0.8459560871124268,-0.35515129566192627,-1.0357922315597534,1.521653652191162,1.6638047695159912,-0.9882134795188904
0.4551758749999989,0.0034223749999999996,133.0,3.4640920072084898,0.18645714164910243,1.3703554090426227,-0.0022724765099825612,0.0006459295811170114,-0.001224252374815564,0.06058634629249763,-0.34794989228248596,0.049617599695920944,0.15758070349693298,1.424038290977478,-0.49162453413009644,0.16465353965759277,-0.8676432967185974,-0.35687756538391113,-1.1293591260910034,1.4733848571777344,1.5029090642929077,-1.0574185848236084
0.4551758749999989,0.0034223749999999996,133.0,3.5079947247752923,0.2300439310456364,1.3745994700549133,-0.0021581429120710598,0.0006065456435575414,-0.001121180431316225,0.06059712589157162,-0.3426869213581085,0.06363701820373535,0.1692509949207306,1.4747142791748047,-0.3893052041530609,0.1206502914428711,-0.8484998345375061,-0.3582913279533386,-1.2487900257110596,1.422327995300293,1.3864564895629883,-1.1062520742416382
0.4551758749999989,0.0034223749999999996,133.0,3.551994728639616,0.2718153131355447,1.3782455821073913,-0.001981971493690777,0.0005550399027145591,-0.0009958418851521546,0.06067412368464629,-0.33674493432044983,0.07325902581214905,0.1795235574245453,1.5218559503555298,-0.31106266379356384,0.07736349105834961,-0.8544712662696838,-0.37144434452056885,-1.331842303276062,1.3612914085388184,1.3072131872177124,-1.139805793762207
0.4551758749999989,0.0034223749999999996,133.0,3.595775994577656,0.3118214926538766,1.380579127332362,-0.0017570387805447406,0.0004864542589683219,-0.000861348397100451,0.06084039908261594,-0.33167895674705505,0.07966969907283783,0.18008014559745789,1.5312912464141846,-0.2536605894565582,0.04286909103393555,-0.8371847867965698,-0.36763715744018555,-1.420322060585022,1.346768856048584,1.2685813903808594,-1.1529890298843384
0.4551758749999989,0.0034223749999999996,133.0,3.638379900399813,0.3515408715862952,1.38258973247934,-0.0016528295682916418,0.0004527158001765568,-0.0007943197738134214,0.06097827113445712,-0.3258671462535858,0.08619503676891327,0.1858898103237152,1.5615556240081787,-0.1990884691476822,0.006498813629150391,-0.8465741276741028,-0.37783676385879517,-1.482452392578125,1.3031275272369385,1.2243317365646362,-1.1727795600891113
0.4551758749999989,0.0034223749999999996,133.0,3.6805802903715796,0.390511174634117,1.3850664581005645,-0.001414365848856398,0.00038510610355385133,-0.0006646789157052862,0.061079451182947525,-0.3207368552684784,0.09194223582744598,0.18931451439857483,1.5830967426300049,-0.14366652071475983,-0.028462648391723633,-0.8477882742881775,-0.3857646584510803,-1.542296290397644,1.273470163345337,1.1916905641555786,-1.1862173080444336
0.4551758749999989,0.0034223749999999996,133.0,3.721838968835663,0.42886406188962184,1.3876098565503252,-0.0012326698557437953,0.00033253068085232573,-0.0005641747634735137,0.06117179364196459,-0.3161439001560211,0.0997173860669136,0.19314327836036682,1.6082299947738647,-0.07695451378822327,-0.06394004821777344,-0.8412835001945496,-0.3935127854347229,-1.6037547588348389,1.2482366561889648,1.1445857286453247,-1.2034263610839844
0.4551758749999989,0.0034223749999999996,133.0,3.7620786550023717,0.46616851298558276,1.3897662175623076,-0.0010013308487126582,0.0002708777304648767,-0.0004498363103711365,0.06127616474030919,-0.3114928901195526,0.10398191958665848,0.19560560584068298,1.6254713535308838,-0.031876418739557266,-0.09614992141723633,-0.8444762825965881,-0.40246516466140747,-1.6473934650421143,1.2229704856872559,1.1280438899993896,-1.2116129398345947
0.4551758749999989,0.0034223749999999996,133.0,3.801463841065324,0.5027043066890395,1.3917859455252943,-0.0007958958473571375,0.0002163946971533041,-0.0003518909699818883,0.061373676404321106,-0.3070695698261261,0.10785993188619614,0.1979910433292389,1.6418060064315796,0.009553621523082256,-0.12694954872131348,-0.8483501076698303,-0.41162222623825073,-1.6845009326934814,1.1986005306243896,1.115088701248169,-1.2187079191207886
0.4551758749999989,0.0034223749999999996,133.0,3.8399428856683158,0.5385645954945446,1.393862254244957,-0.0006012855879006103,0.00016350354529322335,-0.00026010000773613875,0.061460081041911835,-0.3032113015651703,0.11305089294910431,0.2010352909564972,1.660894751548767,0.044402383267879486,-0.1540083885192871,-0.8548500537872314,-0.4178173542022705,-1.7179425954818726,1.1749374866485596,1.0925402641296387,-1.2314969301223755
0.4551758749999989,0.0034223749999999996,133.0,3.877575446340822,0.5734137345044165,1.3957779554439957,-0.00041261970636090865,0.00011313456963309999,-0.00017600228478900038,0.06154951386027745,-0.2993781864643097,0.11639692634344101,0.20346370339393616,1.6760075092315674,0.0790601447224617,-0.18119120597839355,-0.8616909384727478,-0.4273718595504761,-1.7434673309326172,1.1518211364746094,1.0827300548553467,-1.2369911670684814
0.4551758749999989,0.0034223749999999996,133.0,3.914186358365381,0.6075403002955179,1.3975429909560524,-0.0002313300790559739,6.358827185913892e-5,-9.702607485109989e-5,0.0616245611539079,-0.29601725935935974,0.11955340206623077,0.20572128891944885,1.6898337602615356,0.10997495800256729,-0.20605063438415527,-0.8680676221847534,-0.43606632947921753,-1.7639706134796143,1.1313135623931885,1.0740792751312256,-1.2420716285705566
0.4551758749999989,0.0034223749999999996,133.0,3.9494901968530614,0.6406208233607456,1.3985304463399053,-6.881465778197721e-5,1.901064598108877e-5,-2.8625177061931653e-5,0.061718718869524306,-0.2928970158100128,0.12228145450353622,0.20748713612556458,1.701432704925537,0.13801632821559906,-0.22906208038330078,-0.8727976083755493,-0.4433963894844055,-1.7837655544281006,1.11435866355896,1.0696347951889038,-1.2463351488113403
0.4551758749999989,0.0034223749999999996,133.0,3.9838617206069005,0.6727962117049191,1.3998837846400103,0.00014821898921329115,-4.172940627104806e-5,6.122738906956631e-5,0.06178211383481194,-0.29088476300239563,0.12266120314598083,0.20458295941352844,1.6962181329727173,0.1346994936466217,-0.23621654510498047,-0.8771510124206543,-0.43434351682662964,-1.8078253269195557,1.1225624084472656,1.0933949947357178,-1.2503879070281982
0.4551758749999989,0.0034223749999999996,133.0,4.018671973700965,0.7024170335674731,1.3999559150021896,0.00034947876982645455,-9.813041757646341e-5,0.0001405216370039709,0.06198639451912661,-0.28589722514152527,0.12325386703014374,0.2088647186756134,1.710834264755249,0.16062623262405396,-0.2656991481781006,-0.8964807987213135,-0.451091468334198,-1.8017830848693848,1.080984354019165,1.0876998901367188,-1.2481201887130737
0.4551758749999989,0.0034223749999999996,133.0,4.051387438118301,0.7331479356604516,1.4014197682565643,0.0005520446920313017,-0.00015658696569803362,0.0002190360806669442,0.0620465654601407,-0.2832777798175812,0.1271936148405075,0.21116963028907776,1.724161982536316,0.18360115587711334,-0.2855353355407715,-0.9030701518058777,-0.45576709508895874,-1.8152042627334595,1.063774585723877,1.0714807510375977,-1.2567310333251953
0.4551758749999989,0.0034223749999999996,133.0,4.083661710344515,0.7635391394402972,1.403814139462571,0.0007935495898314246,-0.00022597231716576214,0.00030830618357509246,0.06206339560205363,-0.281343013048172,0.12856650352478027,0.20970091223716736,1.7249385118484497,0.19851620495319366,-0.2974207401275635,-0.9039806723594666,-0.45390719175338745,-1.8355919122695923,1.0656676292419434,1.0829837322235107,-1.2595303058624268
0.4551758749999989,0.0034223749999999996,133.0,4.115161174819923,0.7929297290969212,1.4059144309154334,0.0009658344563027794,-0.0002756594099707028,0.0003685054292260618,0.06210205480910222,-0.2785676419734955,0.13457897305488586,0.21570435166358948,1.7510342597961426,0.2408754974603653,-0.32572197914123535,-0.9118618369102478,-0.47103917598724365,-1.8385159969329834,1.0293803215026855,1.0418075323104858,-1.2682647705078125
0.4551758749999989,0.0034223749999999996,133.0,4.1456425963648265,0.8214795777379444,1.4084600882423264,0.0011869788731622768,-0.00034227971149744497,0.0004422200778859506,0.06211608696924492,-0.27634820342063904,0.1367313712835312,0.21747973561286926,1.7604405879974365,0.2609476149082184,-0.34246015548706055,-0.9189738035202026,-0.4775993227958679,-1.8440098762512207,1.0132286548614502,1.0363322496414185,-1.2710953950881958
0.4551758749999989,0.0034223749999999996,133.0,4.175154840549062,0.848573628165684,1.4096161848631574,0.001353812851565767,-0.00039489278100696823,0.0004994914607292086,0.06218087251946986,-0.2732328474521637,0.13793031871318817,0.21858927607536316,1.7657757997512817,0.2716018259525299,-0.3581078052520752,-0.9289132952690125,-0.48061054944992065,-1.8458242416381836,0.9951612949371338,1.035561442375183,-1.2734432220458984
0.4551758749999989,0.0034223749999999996,133.0,4.203909731543444,0.8750711998443833,1.4112973556221384,0.0015412792663551354,-0.00045327224172251365,0.0005606700025945385,0.062227873480016564,-0.2709740102291107,0.13948500156402588,0.2201186716556549,1.7729015350341797,0.28938060998916626,-0.37407970428466797,-0.9353719353675842,-0.4864739179611206,-1.8494772911071777,0.9802188873291016,1.0336205959320068,-1.2747166156768799
0.4551758749999989,0.0034223749999999996,133.0,4.23194609282336,0.9008171291452683,1.4127459003865286,0.0017652997696959698,-0.0005209418680375471,0.000635487649360093,0.06228226738666019,-0.26910093426704407,0.14178068935871124,0.2214718759059906,1.7808802127838135,0.3127855062484741,-0.3911442756652832,-0.935560405254364,-0.492361843585968,-1.8570116758346558,0.9689531326293945,1.029809832572937,-1.2768495082855225
0.4551758749999989,0.0034223749999999996,133.0,4.258877592652517,0.9257688112660902,1.4143936497186425,0.0019955001400278377,-0.0005922011283489843,0.0007045129045425636,0.06231021931755828,-0.2670295536518097,0.14407816529273987,0.2240433394908905,1.791068434715271,0.32636159658432007,-0.4055318832397461,-0.9459107518196106,-0.4986322522163391,-1.8546408414840698,0.948422908782959,1.0168092250823975,-1.2806978225708008
0.4551758749999989,0.0034223749999999996,133.0,4.284844622585451,0.9494342885313518,1.4155119671880594,0.002246175831007991,-0.0006760442175166122,0.0007858139296332284,0.062358258127531666,-0.26472601294517517,0.14386990666389465,0.22458621859550476,1.7927649021148682,0.3325314223766327,-0.4166533946990967,-0.9553225040435791,-0.5009977221488953,-1.8535014390945435,0.9359281063079834,1.0245780944824219,-1.280085802078247
0.4551758749999989,0.0034223749999999996,133.0,4.309953770575611,0.9725944883320742,1.4169597208813796,0.002431323689574986,-0.0007392521453784718,0.0008417670078177962,0.06240368216071563,-0.26309290528297424,0.1440562754869461,0.224424809217453,1.793246865272522,0.3377941846847534,-0.42529845237731934,-0.960980236530304,-0.5007134079933167,-1.85762619972229,0.9313786029815674,1.0338118076324463,-1.280946135520935
0.4551758749999989,0.0034223749999999996,133.0,4.334123234713188,0.9949645842333734,1.4183374285766803,0.002669919315410335,-0.0008151785609341258,0.0009114856319572083,0.06244185740345481,-0.2615993320941925,0.14513897895812988,0.22574308514595032,1.7985334396362305,0.3509257435798645,-0.4372131824493408,-0.9662245512008667,-0.5052811503410339,-1.8586056232452393,0.9204330444335938,1.0334711074829102,-1.2816827297210693
0.4551758749999989,0.0034223749999999996,133.0,4.357320312940098,1.016750973037363,1.4198636151921042,0.002910789891469007,-0.0008934725756008644,0.000984340724035017,0.062471407119866686,-0.260304719209671,0.14843767881393433,0.22894665598869324,1.811492919921875,0.3720090389251709,-0.45229315757751465,-0.9707970023155212,-0.5144923329353333,-1.856652021408081,0.9006750583648682,1.01339590549469,-1.2853283882141113
0.4551758749999989,0.0034223749999999996,133.0,4.380114474331624,1.0372754325458393,1.4207983147233945,0.0031629148483773985,-0.0009820914042507239,0.001057777268208546,0.06250743390156162,-0.2586345374584198,0.14654844999313354,0.2257837951183319,1.801432728767395,0.3641837537288666,-0.4546468257904053,-0.974895715713501,-0.5046904683113098,-1.866239070892334,0.9108960628509521,1.0431528091430664,-1.2853373289108276
0.4551758749999989,0.0034223749999999996,133.0,4.401873551412313,1.056799011979857,1.4220384704992441,0.003416122386202035,-0.0010760363402562059,0.0011308323454799255,0.06253366473551979,-0.2569609582424164,0.1470402330160141,0.2269096076488495,1.8048557043075562,0.3691064715385437,-0.4635963439941406,-0.9839875102043152,-0.5072242617607117,-1.862241268157959,0.8983221054077148,1.0420938730239868,-1.2862257957458496
0.4551758749999989,0.0034223749999999996,133.0,4.42240516999707,1.076455324217991,1.423996272774093,0.0036185303377140993,-0.0011436149540139705,0.001178388598044433,0.06254193819918523,-0.2563510835170746,0.1485706865787506,0.22841140627861023,1.8113110065460205,0.38180020451545715,-0.4722325801849365,-0.9878724217414856,-0.5120276808738708,-1.8634809255599976,0.8903441429138184,1.0374209880828857,-1.2878599166870117
0.4551758749999989,0.0034223749999999996,133.0,4.442293914881134,1.094650800085999,1.425194916901636,0.003843605557991621,-0.0012220662139336372,0.0012371788360426865,0.06256260616037361,-0.25500360131263733,0.15015141665935516,0.23083409667015076,1.8191003799438477,0.3913881778717041,-0.48264431953430176,-0.9963922500610352,-0.517983615398407,-1.8576574325561523,0.8730261325836182,1.025787591934204,-1.289616584777832
0.4551758749999989,0.0034223749999999996,133.0,4.461259032839874,1.1116746844046808,1.425691838456321,0.004032800430583505,-0.0012947451507925682,0.0012908349432042266,0.0626110222809426,-0.25342485308647156,0.14969897270202637,0.23060551285743713,1.817374587059021,0.39086008071899414,-0.48865532875061035,-1.003292441368103,-0.5162615180015564,-1.8579286336898804,0.8685874938964844,1.0347553491592407,-1.2896993160247803
0.4551758749999989,0.0034223749999999996,133.0,4.479309246869997,1.128688331801322,1.4268960885198296,0.004260972405767651,-0.001372272307885583,0.0013535670901682806,0.0626295170784393,-0.25285425782203674,0.15087157487869263,0.23000368475914001,1.8177603483200073,0.4012147784233093,-0.49588894844055176,-0.9999829530715942,-0.5146557688713074,-1.8684617280960083,0.8731014728546143,1.0416444540023804,-1.2918157577514648
0.4551758749999989,0.0034223749999999996,133.0,4.496672908877213,1.1442950449990994,1.4284140102988503,0.0044587700674937935,-0.0014538347044906093,0.0013988477480725127,0.06265537307575178,-0.25151339173316956,0.1519216150045395,0.23217710852622986,1.8243587017059326,0.4085775911808014,-0.5039999485015869,-1.008533000946045,-0.5204320549964905,-1.8615366220474243,0.8557970523834229,1.030818223953247,-1.2925584316253662
0.4551758749999989,0.0034223749999999996,133.0,4.513185095638184,1.1588354646482217,1.4288387904759265,0.0046574142129062615,-0.0015199165172477141,0.0014457881346358397,0.06269354747585905,-0.2496449053287506,0.15154922008514404,0.2325163185596466,1.8235094547271729,0.4127870798110962,-0.5122504234313965,-1.0131537914276123,-0.521292507648468,-1.858782172203064,0.8465888500213623,1.0361485481262207,-1.290905475616455
0.4551758749999989,0.0034223749999999996,133.0,4.528975232336816,1.172462618403976,1.429624074163571,0.004803812676936498,-0.0015862733451121444,0.001484849848911976,0.06273906803267157,-0.2474999725818634,0.1503869593143463,0.23248985409736633,1.8211580514907837,0.41637808084487915,-0.5193309783935547,-1.0177196264266968,-0.5226637721061707,-1.8533211946487427,0.8358685970306396,1.0439209938049316,-1.2872428894042969
0.4551758749999989,0.0034223749999999996,133.0,4.543861481250884,1.1856937309926143,1.4304899460238105,0.004945526975129132,-0.0016325485101176679,0.0015058285602297336,0.06277097430355842,-0.24516156315803528,0.1510104387998581,0.23368248343467712,1.8230242729187012,0.42131465673446655,-0.528388261795044,-1.0224593877792358,-0.5252893567085266,-1.8437508344650269,0.8179199695587158,1.0347319841384888,-1.2864418029785156
0.4551758749999989,0.0034223749999999996,133.0,4.557899185329098,1.1980072462014812,1.4314702783001922,0.005090007798452515,-0.001690631984482712,0.0015377614217495107,0.06280486586143345,-0.24276557564735413,0.14977426826953888,0.23330232501029968,1.8193209171295166,0.42453932762145996,-0.5353238582611084,-1.0250216722488403,-0.5251875519752502,-1.8391791582107544,0.8071985244750977,1.0419968366622925,-1.2829065322875977
0.4551758749999989,0.0034223749999999996,133.0,4.570945817553404,1.2095891551309252,1.4322750397161128,0.005244665453372863,-0.001748345591977753,0.0015723323492291815,0.0628382280614342,-0.2410772740840912,0.15014322102069855,0.23547855019569397,1.8233963251113892,0.43542999029159546,-0.5457243919372559,-1.0277621746063232,-0.5318083167076111,-1.8307230472564697,0.7882540225982666,1.0345557928085327,-1.2802964448928833
0.4551758749999989,0.0034223749999999996,133.0,4.582712316515018,1.221376207304172,1.433871759048372,0.00540946285402652,-0.0018024473170527916,0.0016064188358769404,0.0628431587903198,-0.241001695394516,0.15229594707489014,0.23615917563438416,1.8276118040084839,0.454750657081604,-0.5545675754547119,-1.0181944370269775,-0.5352008938789368,-1.8381567001342773,0.7876300811767578,1.0305222272872925,-1.2811493873596191
0.4551758749999989,0.0034223749999999996,133.0,4.593439501036652,1.2327794885814767,1.4354795183914535,0.005569396236599841,-0.0018534310238834666,0.0016406903736389058,0.06284316590888463,-0.24112996459007263,0.15646785497665405,0.23844078183174133,1.8376272916793823,0.4760945439338684,-0.5649764537811279,-1.0095771551132202,-0.5413705706596375,-1.8412439823150635,0.7791054248809814,1.007795810699463,-1.2848988771438599
0.4551758749999989,0.0034223749999999996,133.0,4.603426676571099,1.2430050025799624,1.437095875277721,0.005757716673702418,-0.0019062719764611213,0.0016735205329284288,0.062846558450822,-0.24143144488334656,0.1603408008813858,0.2415349781513214,1.84909188747406,0.49656838178634644,-0.5746519565582275,-1.0041242837905884,-0.550051748752594,-1.840317726135254,0.7660524845123291,0.9822360277175903,-1.2875337600708008
0.4551758749999989,0.0034223749999999996,133.0,4.612097146187024,1.2542179005993324,1.439680908891394,0.005999122484166709,-0.002007851116292359,0.0017657126299605748,0.06270913803049183,-0.24325141310691833,0.16366758942604065,0.23962464928627014,1.8516801595687866,0.5185943841934204,-0.5770056247711182,-0.9837620258331299,-0.547141969203949,-1.8634350299835205,0.7877857685089111,0.9851299524307251,-1.2931795120239258
0.4551758749999989,0.0034223749999999996,133.0,4.620073202332769,1.2631998524943773,1.4410515649775264,0.006284553360734809,-0.00209171859729549,0.0018319232198380662,0.0627018475800183,-0.24392685294151306,0.1664539873600006,0.2396840751171112,1.8560810089111328,0.5378420948982239,-0.5824651718139648,-0.9707050919532776,-0.5494574904441833,-1.8723859786987305,0.7920882701873779,0.9784479141235352,-1.2952909469604492
0.4551758749999989,0.0034223749999999996,133.0,4.627322362850871,1.2707796422176625,1.4420575660618764,0.006705050672287397,-0.002238225766444336,0.001948396403604603,0.06271671725040363,-0.24403545260429382,0.1702708899974823,0.24309775233268738,1.8677033185958862,0.5537707209587097,-0.5908288955688477,-0.96971195936203,-0.5583887696266174,-1.8636424541473389,0.7732963562011719,0.9456702470779419,-1.2977697849273682
0.4551758749999989,0.0034223749999999996,133.0,4.633629344521475,1.2778438380671522,1.4431902696829957,0.007420508432834457,-0.002470343855637201,0.002134875204102472,0.06271521285226282,-0.2443535029888153,0.17319707572460175,0.24518874287605286,1.8762322664260864,0.5681445002555847,-0.5967211723327637,-0.9669082760810852,-0.5642467141151428,-1.8587188720703125,0.7616145610809326,0.9221686124801636,-1.300304651260376
0.4551758749999989,0.0034223749999999996,133.0,4.639040579116346,1.2838719803244583,1.4444063029928726,0.009029270755874919,-0.0030284970735503748,0.0025749081201988018,0.06271969069781211,-0.24449315667152405,0.17527244985103607,0.24662688374519348,1.8832335472106934,0.5781779885292053,-0.6017611026763916,-0.9681510329246521,-0.5666864514350891,-1.8505699634552002,0.7505536079406738,0.9007584452629089,-1.3047542572021484
0.4551758749999989,0.0034223749999999996,133.0,4.643628427811702,1.2883679006149318,1.44532325228051,0.016719420731986845,-0.005754414699134911,0.0046496155447632945,0.0627375766193379,-0.2433883249759674,0.17192985117435455,0.2486431896686554,1.8903822898864746,0.583662748336792,-0.6109676361083984,-0.995895504951477,-0.5643869042396545,-1.8097448348999023,0.7178041934967041,0.8825033903121948,-1.3140673637390137
0.4551758749999989,0.0034223749999999996,133.0,4.665733542082215,-1.1986050784423978,1.3153631648757047,-0.0145519859790512,-0.0015423273110644743,-0.0064371971680807685,0.06719454855456732,-0.0638311505317688,0.20156949758529663,-0.1008865237236023,1.1136565208435059,0.5182943344116211,-1.1843922138214111,-0.020916588604450226,0.028468012809753418,-0.7871300578117371,0.6958975791931152,0.9611866474151611,-1.143341064453125
0.4551758749999989,0.0034223749999999996,133.0,4.661034594920774,-1.1933306522686158,1.3155054698512494,-0.007838839637450122,-0.0008297133237567624,-0.003513438599851463,0.0671622804460438,-0.0657159686088562,0.20441417396068573,-0.10019820928573608,1.1161420345306396,0.5205224752426147,-1.185520887374878,-0.011082520708441734,0.02518722414970398,-0.7858834862709045,0.7272195816040039,0.9352439045906067,-1.1420624256134033
0.4551758749999989,0.0034223749999999996,133.0,4.654999377213032,-1.1874286893916446,1.3153177316322928,-0.006439842571252481,-0.0006872431249057933,-0.0028901569068177316,0.06713920925769933,-0.06789496541023254,0.20533128082752228,-0.10188367962837219,1.1191773414611816,0.5275436639785767,-1.1754865646362305,0.00809328630566597,0.022589445114135742,-0.7827539443969727,0.7356328964233398,0.9140946865081787,-1.142390489578247
0.4551758749999989,0.0034223749999999996,133.0,4.648414091415087,-1.1812444781827385,1.3148816375885657,-0.005822615693795687,-0.0006478587478423262,-0.002615038838257163,0.06712235900315597,-0.06952881813049316,0.20566235482692719,-0.10388997197151184,1.1206659078598022,0.5309633612632751,-1.166396141052246,0.02735918015241623,0.021584004163742065,-0.7767916917800903,0.7406816482543945,0.8956673741340637,-1.142811894416809
0.4551758749999989,0.0034223749999999996,133.0,4.64076150759896,-1.1741837621970497,1.3143697954298297,-0.0054633366570877836,-0.0006419980900478702,-0.002455456345806258,0.06710094818708566,-0.07193735241889954,0.2059992402791977,-0.10658115148544312,1.1233024597167969,0.5361353754997253,-1.15385103225708,0.05384980887174606,0.01963198184967041,-0.7693957686424255,0.7460246086120605,0.8713775873184204,-1.1434452533721924
0.4551758749999989,0.0034223749999999996,133.0,4.631809205493428,-1.1680791556667938,1.311239478239586,-0.005207813484882764,-0.000690328397110774,-0.0023408287200795633,0.06714433706277524,-0.07176735997200012,0.20465007424354553,-0.10962563753128052,1.1189765930175781,0.5353726744651794,-1.1457505226135254,0.08008742332458496,0.022042393684387207,-0.7533187866210938,0.7465977668762207,0.855436384677887,-1.1416066884994507
0.4551758749999989,0.0034223749999999996,133.0,4.622334477295569,-1.1596328072919746,1.3103745345313247,-0.004997862834414693,-0.0007090043223824772,-0.0022505309721310117,0.06712155728524859,-0.0742408037185669,0.20338596403598785,-0.1150907576084137,1.1187983751296997,0.5489549040794373,-1.1247942447662354,0.1281811147928238,0.02145978808403015,-0.740664005279541,0.7529404163360596,0.8281258344650269,-1.140988826751709
0.4551758749999989,0.0034223749999999996,133.0,4.612348747740315,-1.1502248783529458,1.3098344952174332,-0.004841598601574847,-0.0007145984483363858,-0.0021786045382608107,0.06710558373304351,-0.0763859748840332,0.20398350059986115,-0.11722499132156372,1.1206703186035156,0.5464991331100464,-1.115544080734253,0.1484820395708084,0.0204770565032959,-0.7300395965576172,0.7566626071929932,0.8017463684082031,-1.141737937927246
0.4551758749999989,0.0034223749999999996,133.0,4.601136597179443,-1.1399676810784993,1.3090665975502846,-0.004700639188875084,-0.0007337043215150892,-0.00211528267618517,0.06707920660744376,-0.0788942277431488,0.20265698432922363,-0.12281495332717896,1.1188980340957642,0.551672637462616,-1.0959320068359375,0.19802197813987732,0.021569490432739258,-0.7115517854690552,0.7634634971618652,0.7662760615348816,-1.1411187648773193
0.4551758749999989,0.0034223749999999996,133.0,4.589211349755024,-1.129066687076609,1.3083796654362085,-0.004557543111788603,-0.0007535749455290761,-0.0020536407663724267,0.06705794341797844,-0.08155107498168945,0.2018873244524002,-0.1275312304496765,1.1184532642364502,0.5567876100540161,-1.0784432888031006,0.24016639590263367,0.021359950304031372,-0.6951751112937927,0.7691872119903564,0.7339684963226318,-1.140475869178772
0.4551758749999989,0.0034223749999999996,133.0,4.576942877294942,-1.117352596759856,1.307944692926456,-0.004425404106785779,-0.0007617192851925543,-0.001993497002941257,0.06705130605467494,-0.08277785778045654,0.20159508287906647,-0.1304897964000702,1.1165846586227417,0.55271977186203,-1.069148063659668,0.26409512758255005,0.023047327995300293,-0.679985523223877,0.7719547748565674,0.7089184522628784,-1.1402082443237305
0.4551758749999989,0.0034223749999999996,133.0,4.563831761311681,-1.1047588433232245,1.3075247336319618,-0.004292549353775588,-0.0007577072048716248,-0.0019316866654654177,0.06704545268624722,-0.08344382047653198,0.20032614469528198,-0.13445845246315002,1.1124870777130127,0.5544289946556091,-1.0585830211639404,0.29459550976753235,0.025741249322891235,-0.6628074049949646,0.7744088172912598,0.6905351877212524,-1.1388227939605713
0.4551758749999989,0.0034223749999999996,133.0,4.550236401878645,-1.0910227101104226,1.307611250757811,-0.004178582321968481,-0.0007334507643935152,-0.0018784251751749763,0.06706113556381932,-0.08300474286079407,0.2007085531949997,-0.13536447286605835,1.1096678972244263,0.5461078882217407,-1.0576496124267578,0.29772263765335083,0.02852657437324524,-0.6511797308921814,0.7728002071380615,0.6775237321853638,-1.1386237144470215
0.4551758749999989,0.0034223749999999996,133.0,4.5361940687855915,-1.0771565816985413,1.307449897757759,-0.004029192683295661,-0.0007174415949937664,-0.0018133049866933364,0.06709023201675421,-0.08076032996177673,0.19883891940116882,-0.13840839266777039,1.1006016731262207,0.5442970395088196,-1.0542628765106201,0.31415608525276184,0.03538721799850464,-0.6346327662467957,0.769280195236206,0.6697410345077515,-1.1364922523498535
0.4551758749999989,0.0034223749999999996,133.0,4.520719307377171,-1.0618896033790064,1.3073851114236203,-0.0038450411719294967,-0.0006936085198854861,-0.0017320400285427931,0.06709774825614585,-0.08062776923179626,0.19884037971496582,-0.14017868041992188,1.0971778631210327,0.5388934016227722,-1.049863338470459,0.32636547088623047,0.03773799538612366,-0.6206434965133667,0.7673807144165039,0.6490364670753479,-1.1353243589401245
0.4551758749999989,0.0034223749999999996,133.0,4.5045507242719545,-1.045925405586976,1.3074256269914597,-0.0036730889869952795,-0.0006682896970696779,-0.0016549109737789764,0.06711158180889784,-0.0801454484462738,0.19858349859714508,-0.14207503199577332,1.0928349494934082,0.5365229845046997,-1.0456616878509521,0.3400890827178955,0.04031115770339966,-0.606255292892456,0.7643611431121826,0.6294752955436707,-1.1335128545761108
0.4551758749999989,0.0034223749999999996,133.0,4.487458646630572,-1.0289818379231046,1.3075493296594332,-0.003478358602569717,-0.0006367432035323776,-0.001567653317636049,0.06712487817187993,-0.07999065518379211,0.1989363431930542,-0.14343979954719543,1.0897290706634521,0.5275841951370239,-1.0423634052276611,0.34944581985473633,0.042343974113464355,-0.5924164056777954,0.7609288692474365,0.6039535403251648,-1.1323307752609253
0.4551758749999989,0.0034223749999999996,133.0,4.470187008969946,-1.011596299491387,1.3078181105394708,-0.003291126974345222,-0.0006001490117939949,-0.0014861336970202863,0.0671674306903987,-0.07663360238075256,0.19808150827884674,-0.14442512392997742,1.0810761451721191,0.51645427942276,-1.0465278625488281,0.3485308289527893,0.049015045166015625,-0.5781586170196533,0.7517070770263672,0.5944512486457825,-1.1303706169128418
0.4551758749999989,0.0034223749999999996,133.0,4.451292373809461,-0.992823292655692,1.3079269728732406,-0.0031013315029929413,-0.0005689982791188669,-0.0013989681754465375,0.06716969170548047,-0.077077716588974,0.19875316321849823,-0.14592334628105164,1.078892707824707,0.5112950801849365,-1.0406439304351807,0.36220717430114746,0.049472153186798096,-0.5624191761016846,0.74755859375,0.5636476278305054,-1.1285241842269897
0.4551758749999989,0.0034223749999999996,133.0,4.431641984940364,-0.9735674721577519,1.3078614678842841,-0.0029282820960825633,-0.000546854149767483,-0.0013231868397306297,0.06718584562613521,-0.07631838321685791,0.197890043258667,-0.14893683791160583,1.0714271068572998,0.5020399689674377,-1.034360408782959,0.38539955019950867,0.05408790707588196,-0.5389978885650635,0.7428112030029297,0.5309480428695679,-1.1256334781646729
0.4551758749999989,0.0034223749999999996,133.0,4.411656745108353,-0.953365968630608,1.3081632484430121,-0.0027039352928437594,-0.0005016880157811779,-0.001222964963288381,0.06721843104817861,-0.0740790069103241,0.19816043972969055,-0.1493278443813324,1.0652204751968384,0.4879457652568817,-1.0365498065948486,0.38400301337242126,0.05858570337295532,-0.5234189629554749,0.7332956790924072,0.5117744207382202,-1.1238218545913696
0.4551758749999989,0.0034223749999999996,133.0,4.390072685625581,-0.9331705611574097,1.3078080097980558,-0.002478632876511715,-0.0004904619612432848,-0.0011231866465110122,0.06721533094789892,-0.07525303959846497,0.19542549550533295,-0.15600144863128662,1.054896593093872,0.4950207471847534,-1.0178933143615723,0.44382816553115845,0.06249421834945679,-0.4894825518131256,0.7333145141601562,0.4632185399532318,-1.1175073385238647
0.4551758749999989,0.0034223749999999996,133.0,4.368119868666116,-0.9115970963333363,1.3077870577870525,-0.002266943367592401,-0.0004534064825900555,-0.0010293415199764979,0.06723995096692445,-0.07324707508087158,0.19363360106945038,-0.15925946831703186,1.0440428256988525,0.48930370807647705,-1.0130672454833984,0.46759775280952454,0.06861066818237305,-0.4645463228225708,0.7249033451080322,0.43576258420944214,-1.1128108501434326
0.4551758749999989,0.0034223749999999996,133.0,4.345135278348518,-0.888904470602317,1.3076539204032043,-0.0020577274065915144,-0.00041980877402642995,-0.000933855486241825,0.06724624537293808,-0.07323804497718811,0.19350305199623108,-0.1617087721824646,1.0373656749725342,0.47770369052886963,-1.005847692489624,0.48973140120506287,0.0715164840221405,-0.43874409794807434,0.7185401916503906,0.39432570338249207,-1.108900785446167
0.4551758749999989,0.0034223749999999996,133.0,4.32126472592093,-0.8648355238020928,1.3078807270888684,-0.0018923800447540292,-0.0003825699895870508,-0.0008570139622369205,0.06724922659103368,-0.07296916842460632,0.1950831264257431,-0.16188490390777588,1.0346059799194336,0.46397385001182556,-1.002303123474121,0.4918355643749237,0.07225912809371948,-0.42195987701416016,0.7086806297302246,0.36036115884780884,-1.1066577434539795
0.4551758749999989,0.0034223749999999996,133.0,4.296989004920454,-0.8404178065131044,1.3082353355594294,-0.0016865987341691028,-0.00033573863026892156,-0.0007670421167127664,0.0672896630666777,-0.06929382681846619,0.194308802485466,-0.16282984614372253,1.0240578651428223,0.45012983679771423,-1.0049386024475098,0.49383974075317383,0.07902917265892029,-0.40240901708602905,0.6942305564880371,0.3420514762401581,-1.102856159210205
0.4551758749999989,0.0034223749999999996,133.0,4.271410029779499,-0.8154630569774802,1.3082849315134744,-0.0014958113878644824,-0.00030569126318527335,-0.0006831121444184446,0.06730259154258328,-0.06834548711776733,0.19320832192897797,-0.16595253348350525,1.0133271217346191,0.4386010468006134,-0.9974772930145264,0.520268976688385,0.08440372347831726,-0.37319114804267883,0.6853203773498535,0.30125847458839417,-1.097424864768982
0.4551758749999989,0.0034223749999999996,133.0,4.2451067237702045,-0.7900388336439382,1.3082335494788346,-0.0013080198110169319,-0.00027678250966356287,-0.0005982526096036278,0.06731280445890526,-0.06874445080757141,0.1914512664079666,-0.17052224278450012,1.0010324716567993,0.4337718188762665,-0.9844639301300049,0.5637006163597107,0.08872896432876587,-0.3366755545139313,0.6785778999328613,0.2495606243610382,-1.08939790725708
0.4551758749999989,0.0034223749999999996,133.0,4.217972582472814,-0.763486774752254,1.3082380551977222,-0.0011525491670940139,-0.0002487660235129297,-0.0005285799548050105,0.06732932018009069,-0.06766971945762634,0.18988853693008423,-0.17411279678344727,0.986864447593689,0.4200769066810608,-0.9752476215362549,0.5970256328582764,0.09499421715736389,-0.2995370626449585,0.6675980091094971,0.20165103673934937,-1.081396222114563
0.4551758749999989,0.0034223749999999996,133.0,4.19021487854363,-0.7362578714149226,1.3082545181659755,-0.0010139783834442406,-0.0002226149757193643,-0.0004665760562605182,0.06735655602433084,-0.06657490134239197,0.18825645744800568,-0.1777172088623047,0.9715850353240967,0.40505272150039673,-0.9653093814849854,0.6312732100486755,0.10150611400604248,-0.260297566652298,0.655526876449585,0.15263818204402924,-1.0725123882293701
0.4551758749999989,0.0034223749999999996,133.0,4.16128035792645,-0.7080318546172567,1.3082236086651453,-0.0008359701123971314,-0.00018719292802254765,-0.0003848016167798979,0.06736308241113978,-0.06478098034858704,0.18621470034122467,-0.18111944198608398,0.9545320272445679,0.39272457361221313,-0.9569532871246338,0.6644934415817261,0.10827890038490295,-0.22092419862747192,0.6408827304840088,0.10807862132787704,-1.0621516704559326
0.4551758749999989,0.0034223749999999996,133.0,4.131597037600881,-0.6792483875298261,1.3082225848421143,-0.0007006238072193627,-0.0001621943980772183,-0.0003226470999522427,0.06736767907643965,-0.06547117233276367,0.1839611977338791,-0.1857912242412567,0.9361060857772827,0.3829888701438904,-0.9412474632263184,0.7157483696937561,0.11355993151664734,-0.1711737960577011,0.6302876472473145,0.045922815799713135,-1.0488831996917725
0.4551758749999989,0.0034223749999999996,133.0,4.101047426785571,-0.6493745802098535,1.3083272490730842,-0.0005249667969494144,-0.00012386106564766432,-0.00024272865006552002,0.06737907351346885,-0.06422507762908936,0.18207576870918274,-0.18893709778785706,0.9176092147827148,0.36529669165611267,-0.9310269355773926,0.7498951554298401,0.12021422386169434,-0.1279386579990387,0.6148433685302734,-0.005493933334946632,-1.0369205474853516
0.4551758749999989,0.0034223749999999996,133.0,4.069839622254173,-0.6184500252239279,1.3085279218038441,-0.00032917105657639636,-7.75660218647302e-5,-0.00015317407310970027,0.06740278695127269,-0.062444865703582764,0.1810896098613739,-0.19078214466571808,0.9008318185806274,0.34542369842529297,-0.9226245880126953,0.7729482650756836,0.12549495697021484,-0.08890267461538315,0.596442461013794,-0.05335075780749321,-1.0252662897109985
0.4551758749999989,0.0034223749999999996,133.0,4.037697209127617,-0.586787779718359,1.3087700745135487,-0.00015355043318602898,-3.644336151270937e-5,-7.203351041406466e-5,0.06741733059613025,-0.05933824181556702,0.17959551513195038,-0.19219624996185303,0.8819520473480225,0.32364141941070557,-0.9179677963256836,0.7915495038032532,0.1321253776550293,-0.05111854150891304,0.5752079486846924,-0.09432440996170044,-1.012907862663269
0.4551758749999989,0.0034223749999999996,133.0,4.004397560973968,-0.554888961132247,1.309143438946728,1.6981205618886327e-5,4.134509166173386e-6,8.054537849588229e-6,0.06742276378097267,-0.05812904238700867,0.1757945418357849,-0.19613270461559296,0.855434775352478,0.30934858322143555,-0.9059963226318359,0.8393610119819641,0.14044207334518433,0.0031471566762775183,0.557748556137085,-0.14736025035381317,-0.9946679472923279
0.4551758749999989,0.0034223749999999996,133.0,3.970389421630475,-0.521756408085401,1.30935933556285,0.00018725586499645952,4.624205306746292e-5,8.944615992957024e-5,0.06742171860302082,-0.05670854449272156,0.17364269495010376,-0.1983649879693985,0.8326385617256165,0.28717416524887085,-0.893869161605835,0.8715652823448181,0.14683693647384644,0.05185135081410408,0.537808895111084,-0.19894789159297943,-0.978140115737915
0.4551758749999989,0.0034223749999999996,133.0,3.9354011250923877,-0.48728622329617555,1.3093477539090523,0.0003713714351167568,9.194231657799085e-5,0.00017859876581798146,0.06740888544872667,-0.055320292711257935,0.1730993539094925,-0.1992589384317398,0.8145630359649658,0.264358252286911,-0.8813114166259766,0.8899832367897034,0.15012800693511963,0.09274760633707047,0.5158040523529053,-0.24801188707351685,-0.9631694555282593
0.4551758749999989,0.0034223749999999996,133.0,3.899594151751156,-0.4524655673326726,1.3095667129167314,0.0005153728174534807,0.00012925538320088386,0.00025009151483113045,0.06739906726107066,-0.053994446992874146,0.17085610330104828,-0.20102761685848236,0.7901763319969177,0.24116574227809906,-0.866943359375,0.9199368953704834,0.15612900257110596,0.14234109222888947,0.49449825286865234,-0.2962173521518707,-0.9446673393249512
0.4551758749999989,0.0034223749999999996,133.0,3.862869584370481,-0.41674293603665713,1.3097726977876571,0.0006772255888845268,0.00017210196880949926,0.000332168748427932,0.06738039869476983,-0.05264320969581604,0.16839341819286346,-0.20251880586147308,0.7639168500900269,0.21679730713367462,-0.8506741523742676,0.9499806761741638,0.1620204746723175,0.19480375945568085,0.47199034690856934,-0.3435022234916687,-0.9241870641708374
0.4551758749999989,0.0034223749999999996,133.0,3.825334225194711,-0.3803637240456068,1.310167325009762,0.0008489009214525024,0.00021750515024218135,0.00042138475225963996,0.0673657242748917,-0.05127474665641785,0.16582722961902618,-0.20363441109657288,0.7356880903244019,0.1909376084804535,-0.8317041397094727,0.9790593981742859,0.16784483194351196,0.24919602274894714,0.4484114646911621,-0.3890107274055481,-0.9016724228858948
0.4551758749999989,0.0034223749999999996,133.0,3.7871375301514267,-0.34318224474893155,1.3104426188648362,0.0010437086866524929,0.00027004089496041874,0.0005237069532575781,0.06734292439417532,-0.049818843603134155,0.1630517989397049,-0.20430335402488708,0.7059593796730042,0.16376686096191406,-0.8102130889892578,1.0065363645553589,0.1733064353466034,0.30575862526893616,0.4233524799346924,-0.43108391761779785,-0.8773044347763062
0.4551758749999989,0.0034223749999999996,133.0,3.747948653347658,-0.3051534432016497,1.3108637928654836,0.0012274415027992635,0.00031921623156872604,0.0006249563411694148,0.06731391678057336,-0.04839333891868591,0.1601019650697708,-0.20445352792739868,0.6743932962417603,0.13579022884368896,-0.7852110862731934,1.0319008827209473,0.17864462733268738,0.3636184334754944,0.39751696586608887,-0.46859434247016907,-0.8509944677352905
0.4551758749999989,0.0034223749999999996,133.0,3.7078229460956793,-0.26668767790947107,1.3114269412767792,0.0013460510717226205,0.00035670815971117177,0.0006920173243355078,0.06727178055966763,-0.048291027545928955,0.15619634091854095,-0.20413830876350403,0.6393419504165649,0.11356036365032196,-0.7510111331939697,1.0624045133590698,0.18390583992004395,0.43040668964385986,0.37316131591796875,-0.49884629249572754,-0.8211501836776733
0.4551758749999989,0.0034223749999999996,133.0,3.666693917117566,-0.2269375069231461,1.3119542873983832,0.0014965225707117564,0.0003980460982863583,0.0007835167678318481,0.0672263214363811,-0.04687011241912842,0.15286457538604736,-0.20261801779270172,0.6055850982666016,0.08685294538736343,-0.7189099788665771,1.0792973041534424,0.1888938546180725,0.4869357645511627,0.34755468368530273,-0.5202832221984863,-0.792363166809082
0.4551758749999989,0.0034223749999999996,133.0,3.624466680926423,-0.18565387437712022,1.311845542154553,0.001641775102731443,0.0004358608177044368,0.0008791623977909687,0.06715971208541612,-0.04500937461853027,0.151351198554039,-0.20039920508861542,0.5767709612846375,0.06021454557776451,-0.6884455680847168,1.082495093345642,0.1899680197238922,0.5353032350540161,0.32085204124450684,-0.5450205206871033,-0.7645795941352844
0.4551758749999989,0.0034223749999999996,133.0,3.5830344452130385,-0.14340485548678888,1.3150119289116606,0.0017778808083953347,0.0004557419627331804,0.000975695305574799,0.06707759413196335,-0.04389733076095581,0.1437552273273468,-0.19658370316028595,0.529319167137146,0.04245692119002342,-0.6417510509490967,1.1030147075653076,0.2011384665966034,0.6005885004997253,0.2994723320007324,-0.5204396843910217,-0.7284465432167053
0.4551758749999989,0.0034223749999999996,133.0,3.5383255741043436,-0.10087709280320868,1.3154890239671122,0.0018708021391797773,0.0004999428400327216,0.0010428817032492829,0.06696411918730613,-0.044882506132125854,0.13678796589374542,-0.19187091290950775,0.49112558364868164,0.043413352221250534,-0.5868964195251465,1.116971731185913,0.20795443654060364,0.662430465221405,0.28438258171081543,-0.48621833324432373,-0.6971769332885742
0.4551758749999989,0.0034223749999999996,133.0,3.487682632216507,-0.05466328670742239,1.31759843583911,0.0018267739915045964,0.0005038705533351428,0.001095624768907577,0.06670024519538433,-0.051933884620666504,0.14306028187274933,-0.1966865211725235,0.5224207043647766,0.08787143230438232,-0.6263401508331299,1.102744221687317,0.1973324716091156,0.6105717420578003,0.3596312999725342,-0.464505672454834,-0.7182428240776062
0.4551758749999989,0.0034223749999999996,133.0,3.4181892092580752,0.016806756526772344,1.3153270866902897,0.0016818014340021195,-0.00017989959759867963,0.0013470297685072206,0.06495217114326679,-0.10242980718612671,0.20666567981243134,-0.15451517701148987,0.6977601647377014,0.2257722169160843,-0.53515625,0.2247718870639801,0.2028411328792572,-0.9959999918937683,1.1802752017974854,0.428733229637146,-0.897217869758606
0.4551758749999989,0.0034223749999999996,133.0,3.3357306781764895,0.043486644505794605,1.3128751160043155,0.00010777124441850735,-3.7231716688576415e-6,7.90963200266158e-5,0.06337744732073182,-0.29252609610557556,0.051719073206186295,0.0004469454288482666,0.9825193881988525,-0.20657581090927124,0.15287518501281738,-0.18253546953201294,-0.24514156579971313,-1.0734615325927734,1.7277441024780273,0.9290268421173096,-0.7325714826583862
0.4551758749999989,0.0034223749999999996,133.0,3.3717579037244607,0.08293737609874925,1.3232904883964152,-0.0018529654276668518,7.039474544311275e-5,-0.0012824895188630553,0.06264612299460018,-0.2926483452320099,0.05526017025113106,0.04407680034637451,1.1454951763153076,-0.08847400546073914,0.09011244773864746,-0.2455262988805771,-0.29563677310943604,-1.1327232122421265,1.6095380783081055,1.0451202392578125,-0.8439223766326904
0.4551758749999989,0.0034223749999999996,133.0,3.3955849320029574,0.138517177599345,1.3464676031200704,-0.0022339239475991693,0.0005385496073270542,-0.0013012830809530753,0.0610312192736564,-0.3449977934360504,0.03350374475121498,0.13752219080924988,1.344931960105896,-0.5415024757385254,0.19653058052062988,-0.8343722820281982,-0.35010820627212524,-1.0225605964660645,1.537360429763794,1.6859787702560425,-0.9854966402053833
0.4551758749999989,0.0034223749999999996,133.0,3.4335858040077163,0.18714869751545826,1.355248241216697,-0.002271355166179267,0.0006376239970218241,-0.0012263566750694086,0.06060904089215701,-0.34871694445610046,0.04685858264565468,0.1570182740688324,1.4191200733184814,-0.5111234784126282,0.1722869873046875,-0.8681186437606812,-0.3587670922279358,-1.1028670072555542,1.4750175476074219,1.525072693824768,-1.0506651401519775
0.4551758749999989,0.0034223749999999996,133.0,3.477473317629128,0.23066074166010045,1.3594624245067783,-0.0021573777900185526,0.0005982091610958717,-0.001122819658479071,0.060620457422644124,-0.3427421748638153,0.06072260066866875,0.16794762015342712,1.4661177396774292,-0.40624940395355225,0.1264510154724121,-0.8467511534690857,-0.3577178120613098,-1.2270513772964478,1.4227032661437988,1.4099446535110474,-1.098339319229126
0.4551758749999989,0.0034223749999999996,133.0,3.5214470970182363,0.2723696370398945,1.3630123292207514,-0.0019810623172853963,0.0005469555067804492,-0.0009977146594463734,0.06069962183991927,-0.3367086946964264,0.07053349167108536,0.17823705077171326,1.5130114555358887,-0.327038049697876,0.08263063430786133,-0.8506554961204529,-0.3693729043006897,-1.313663363456726,1.3613619804382324,1.3289912939071655,-1.1331592798233032
0.4551758749999989,0.0034223749999999996,133.0,3.565210781615885,0.3123522312984603,1.3652828668995547,-0.001756159294980395,0.0004788248206761042,-0.0008632484599931089,0.06086727960546949,-0.3316449224948883,0.07725608348846436,0.1789253056049347,1.5226668119430542,-0.26913419365882874,0.04802536964416504,-0.8320008516311646,-0.36455756425857544,-1.4049564599990845,1.346663236618042,1.2874770164489746,-1.1475672721862793
0.4551758749999989,0.0034223749999999996,133.0,3.6077950966996135,0.3520130041267432,1.3672853903926552,-0.0016521664238569134,0.000445267217446025,-0.0007958071126432602,0.06100614118999012,-0.325795978307724,0.08408285677433014,0.1848563253879547,1.5535515546798706,-0.2134096622467041,0.011558771133422852,-0.8408262729644775,-0.37427860498428345,-1.4698681831359863,1.302844762802124,1.2401163578033447,-1.1684502363204956
0.4551758749999989,0.0034223749999999996,133.0,3.649938465909472,0.39097190772159046,1.3696963512443614,-0.001413675916241818,0.00037862303396967573,-0.0006663608510866851,0.061106972481279005,-0.3213309347629547,0.0905378982424736,0.18554797768592834,1.5664329528808594,-0.1596122831106186,-0.019309282302856445,-0.8288000822067261,-0.37268930673599243,-1.5455322265625,1.2912907600402832,1.2088425159454346,-1.1828733682632446
0.4551758749999989,0.0034223749999999996,133.0,3.6911901166311507,0.4292865501177757,1.372243098792849,-0.00123216973660008,0.0003268693161217484,-0.0005654107699391139,0.061199842152961974,-0.3159184157848358,0.09867957979440689,0.19267073273658752,1.6032352447509766,-0.08925104141235352,-0.05899834632873535,-0.8361272215843201,-0.38857442140579224,-1.5976077318191528,1.2461183071136475,1.1505672931671143,-1.203455924987793
0.4551758749999989,0.0034223749999999996,133.0,3.7314068611247913,0.4665627901107994,1.3743906613320387,-0.0010009713087910201,0.00026624386845149284,-0.00045080417548214446,0.06130420020350383,-0.31118354201316833,0.10256391018629074,0.19480541348457336,1.6190457344055176,-0.042418260127305984,-0.09163451194763184,-0.8383786678314209,-0.3981625437736511,-1.6420952081680298,1.2219069004058838,1.1366817951202393,-1.2095868587493896
0.4551758749999989,0.0034223749999999996,133.0,3.7707549217205165,0.5031122202537455,1.3764014780160723,-0.0007956435163139126,0.0002126789208244548,-0.0003526377563662893,0.061401753587510495,-0.3076516091823578,0.10585305094718933,0.19326499104499817,1.6223223209381104,-0.016334347426891327,-0.11383366584777832,-0.8320559859275818,-0.39433157444000244,-1.6918491125106812,1.2210335731506348,1.1405194997787476,-1.216802716255188
0.4551758749999989,0.0034223749999999996,133.0,3.8092354026131954,0.5389072848617673,1.3784247221451438,-0.0006010360057619647,0.00016063634293068775,-0.0002607381761679887,0.06149034708032901,-0.3027678430080414,0.11189033091068268,0.20032086968421936,1.6552971601486206,0.035602305084466934,-0.15010809898376465,-0.8487847447395325,-0.4135422110557556,-1.7154897451400757,1.173499345779419,1.0988166332244873,-1.2302613258361816
0.4551758749999989,0.0034223749999999996,133.0,3.8468532207644395,0.573730828066392,1.380309593807218,-0.00041243481934658964,0.00011113918528007355,-0.00017647878347282518,0.061580620551360384,-0.2988973557949066,0.11528491228818893,0.2027626931667328,1.6706360578536987,0.07053492218255997,-0.17750787734985352,-0.8554476499557495,-0.42304688692092896,-1.7417150735855103,1.1503326892852783,1.088581919670105,-1.2360291481018066
0.4551758749999989,0.0034223749999999996,133.0,3.883435998564584,0.6078495352660744,1.3820244450596657,-0.00023121179796233314,6.245668299176965e-5,-9.732408534011812e-5,0.0616566648952241,-0.2954690158367157,0.11851096153259277,0.20504018664360046,1.684735894203186,0.10202009975910187,-0.20266103744506836,-0.8619109988212585,-0.43179285526275635,-1.7631218433380127,1.1295924186706543,1.079355239868164,-1.2413289546966553
0.4551758749999989,0.0034223749999999996,133.0,3.9187063460649907,0.6409221917332981,1.3829542661833527,-6.877375426417799e-5,1.8672627461745783e-5,-2.8725625394089184e-5,0.06175161830566913,-0.2923294007778168,0.12124587595462799,0.20675727725028992,1.6962642669677734,0.13000912964344025,-0.22576022148132324,-0.866230309009552,-0.4389323592185974,-1.7832720279693604,1.1129281520843506,1.074906587600708,-1.245713472366333
0.4551758749999989,0.0034223749999999996,133.0,3.952991201638799,0.673158996021486,1.384194805765343,0.00014829367037275527,-4.076811429412667e-5,6.126640386168671e-5,0.06181161544833094,-0.2903006970882416,0.12168937921524048,0.20376542210578918,1.6909087896347046,0.12713541090488434,-0.23303437232971191,-0.8701132535934448,-0.4297385811805725,-1.808287262916565,1.1216521263122559,1.098736047744751,-1.2497687339782715
0.4551758749999989,0.0034223749999999996,133.0,3.9878863000632037,0.7027061586974569,1.3843644430827875,0.00034924667483401603,-9.64129838278771e-5,0.00014103091871239354,0.06202254169515012,-0.28528329730033875,0.1223256066441536,0.2081996500492096,1.7061485052108765,0.15328249335289001,-0.2627744674682617,-0.8903378248214722,-0.44691991806030273,-1.8021411895751953,1.0793259143829346,1.092229962348938,-1.2476800680160522
0.4551758749999989,0.0034223749999999996,133.0,4.020589365798013,0.7334144992517067,1.3858116115303858,0.0005516652666212325,-0.00015389817694776465,0.00021985343608674972,0.06208341996134586,-0.28264257311820984,0.12628228962421417,0.2105085551738739,1.7195934057235718,0.17638538777828217,-0.28269481658935547,-0.8969676494598389,-0.451585590839386,-1.8158817291259766,1.0621278285980225,1.075803279876709,-1.256418228149414
0.4551758749999989,0.0034223749999999996,133.0,4.052871040801225,0.7637895086409029,1.3882117241213523,0.000793013848026226,-0.00022208298013055676,0.0003094006636159445,0.062101782235191826,-0.2806824743747711,0.12769697606563568,0.20906659960746765,1.7205312252044678,0.1914316713809967,-0.2946484088897705,-0.8980692625045776,-0.4497845768928528,-1.8364800214767456,1.0637950897216797,1.0869075059890747,-1.2593169212341309
0.4551758749999989,0.0034223749999999996,133.0,4.084360862083547,0.7931415241227467,1.3902613975310483,0.000965126645289354,-0.00027091643169691943,0.0003699421168725632,0.062141428040710024,-0.27787038683891296,0.13370417058467865,0.21508708596229553,1.7467395067214966,0.23393766582012177,-0.3231039047241211,-0.9061729907989502,-0.4668998122215271,-1.8395713567733765,1.0274202823638916,1.0454216003417969,-1.2681803703308105
0.4551758749999989,0.0034223749999999996,133.0,4.11480696346782,0.8217042213195195,1.3927563911211402,0.0011860293550104814,-0.0003364270055270299,0.00044420907802893443,0.06215640162223732,-0.2756454050540924,0.13586752116680145,0.21684858202934265,1.7561951875686646,0.25403928756713867,-0.33992433547973633,-0.9131457209587097,-0.47338974475860596,-1.8453054428100586,1.0113794803619385,1.0399212837219238,-1.2711305618286133
0.4551758749999989,0.0034223749999999996,133.0,4.144305591968494,0.8487902296418361,1.393919860328534,0.0013527792694106062,-0.00038836697675014785,0.000501662403763222,0.06222077136284962,-0.27254071831703186,0.1370801329612732,0.21797916293144226,1.7616907358169556,0.2645969092845917,-0.3555898666381836,-0.9230832457542419,-0.4764174222946167,-1.8471450805664062,0.9932990074157715,1.0389596223831177,-1.27362060546875
0.4551758749999989,0.0034223749999999996,133.0,4.173052675368816,0.8752803966566314,1.395577375757374,0.0015400935020009172,-0.00044583721672770233,0.0005631807087898307,0.06226832948731026,-0.27025535702705383,0.1386251151561737,0.21949318051338196,1.7688233852386475,0.2822934687137604,-0.3717010021209717,-0.9293105602264404,-0.4822234511375427,-1.850767731666565,0.9783012866973877,1.0370231866836548,-1.274958848953247
0.4551758749999989,0.0034223749999999996,133.0,4.201014864250201,0.9010857789875857,1.3968490839067929,0.0017654776423162149,-0.0005092807336425514,0.0006371291310914575,0.06232050473749583,-0.2683209478855133,0.1409064531326294,0.2207525074481964,1.7765194177627563,0.3060448467731476,-0.38900327682495117,-0.9289933443069458,-0.48789286613464355,-1.8588228225708008,0.9673922061920166,1.0336155891418457,-1.2770344018936157
0.4551758749999989,0.0034223749999999996,133.0,4.227995167534409,0.9259796976719261,1.3986539251034156,0.0019939940212136574,-0.0005825734410228666,0.0007078752639790787,0.06235083320644562,-0.2662963569164276,0.14326557517051697,0.22346219420433044,1.7872321605682373,0.3194260001182556,-0.40323781967163086,-0.9401679635047913,-0.49442487955093384,-1.8560692071914673,0.9463553428649902,1.019547939300537,-1.2811338901519775
0.4551758749999989,0.0034223749999999996,133.0,4.253943600769481,0.949635988348974,1.399720282279113,0.002244350735975603,-0.0006652134832230407,0.0007898356440789376,0.062400068526061454,-0.2639402449131012,0.14204804599285126,0.22244170308113098,1.7836836576461792,0.3170609772205353,-0.4104630947113037,-0.9501405358314514,-0.49161940813064575,-1.8577585220336914,0.9409091472625732,1.0374467372894287,-1.2805266380310059
0.4551758749999989,0.0034223749999999996,133.0,4.2790385454844735,0.9727933367597194,1.4011405811348683,0.002429280047027211,-0.0007276342035061763,0.0008462628205351695,0.0624459573926777,-0.2623044550418854,0.14323391020298004,0.22382071614265442,1.7893732786178589,0.33088231086730957,-0.4232163429260254,-0.9551951885223389,-0.49645668268203735,-1.859190583229065,0.9292216300964355,1.036671757698059,-1.2813949584960938
0.4551758749999989,0.0034223749999999996,133.0,4.303196623339151,0.9951586828432611,1.4024892438948722,0.002667600675415807,-0.000802440098000303,0.0009165133483871207,0.06248499770158744,-0.26079389452934265,0.14431816339492798,0.225137859582901,1.7946642637252808,0.34400761127471924,-0.4351933002471924,-0.9604737758636475,-0.5009896159172058,-1.860206127166748,0.9182493686676025,1.0362664461135864,-1.2821720838546753
0.4551758749999989,0.0034223749999999996,133.0,4.326580133028619,1.0169293265433574,1.403853360895318,0.0029089477539306317,-0.0008789398850203258,0.0009862887599555428,0.06252128828818422,-0.2592158019542694,0.14639614522457123,0.2279275357723236,1.804739236831665,0.3590058386325836,-0.4486045837402344,-0.9685952067375183,-0.5087940096855164,-1.8559250831604004,0.8986318111419678,1.0230281352996826,-1.2843619585037231
0.4551758749999989,0.0034223749999999996,133.0,4.349179794970997,1.0374451811395278,1.4049268902379475,0.003160032951622072,-0.0009670664407776434,0.0010637968230202872,0.06255242352804304,-0.2578231990337372,0.14727585017681122,0.22669526934623718,1.8031625747680664,0.3632318377494812,-0.4559493064880371,-0.9690602421760559,-0.5040283799171448,-1.8652470111846924,0.9016098976135254,1.0319629907608032,-1.2877048254013062
0.4551758749999989,0.0034223749999999996,133.0,4.370944279097944,1.056971452724261,1.4061758121542607,0.003413113325767704,-0.0010599435941699615,0.0011372538486718042,0.06257847190537769,-0.2561417520046234,0.14623497426509857,0.22633835673332214,1.8011471033096313,0.3620738089084625,-0.4616243839263916,-0.9784273505210876,-0.5029560923576355,-1.8637869358062744,0.8959980010986328,1.0445022583007812,-1.2868473529815674
0.4551758749999989,0.0034223749999999996,133.0,4.391472600295302,1.076615923630031,1.4081204615975995,0.0036153236681512155,-0.0011268589791180762,0.0011851153079412379,0.06258691654147754,-0.2555214464664459,0.14776508510112762,0.22784742712974548,1.807620644569397,0.37473419308662415,-0.4702944755554199,-0.9823983311653137,-0.5077340006828308,-1.865010380744934,0.8879566192626953,1.039738416671753,-1.2885255813598633
0.4551758749999989,0.0034223749999999996,133.0,4.411381258323117,1.0947837340923718,1.4092867087332717,0.003839967742692036,-0.0012042416883897725,0.0012445248618452864,0.06260924257609742,-0.25414231419563293,0.14932352304458618,0.23028358817100525,1.8154155015945435,0.38431257009506226,-0.48084592819213867,-0.9910370111465454,-0.5137144923210144,-1.8590773344039917,0.8704507350921631,1.0281177759170532,-1.2902624607086182
0.4551758749999989,0.0034223749999999996,133.0,4.430314997809286,1.1118298665454944,1.409785921701406,0.004029056776938167,-0.0012760157521518843,0.001298606297199746,0.06265757808032808,-0.2525661885738373,0.1488867700099945,0.23003914952278137,1.8136998414993286,0.38378044962882996,-0.4868428707122803,-0.997838020324707,-0.5119546055793762,-1.8594191074371338,0.8661165237426758,1.0370168685913086,-1.2903920412063599
0.4551758749999989,0.0034223749999999996,133.0,4.448362282142983,1.1288436836613573,1.4109856027073062,0.004257008267272906,-0.001352439567328291,0.0013615907131060664,0.06267686928125653,-0.25199052691459656,0.15006263554096222,0.22944006323814392,1.8140729665756226,0.3940562903881073,-0.4940311908721924,-0.9945411682128906,-0.5103145241737366,-1.8699100017547607,0.8706238269805908,1.0437639951705933,-1.2925302982330322
0.4551758749999989,0.0034223749999999996,133.0,4.4657151670817745,1.1444585113043164,1.412496249712703,0.00445485954788311,-0.0014333360623052232,0.001407343132654911,0.06270136768128295,-0.2506507337093353,0.15112656354904175,0.23162803053855896,1.82076096534729,0.40147411823272705,-0.5021905899047852,-1.0031825304031372,-0.5160964131355286,-1.8630284070968628,0.8532795906066895,1.0327868461608887,-1.2933566570281982
0.4551758749999989,0.0034223749999999996,133.0,4.482196476164265,1.159012022154638,1.4128824749665014,0.004653220941745132,-0.0014985792291327118,0.0014551568676646563,0.06273944666959892,-0.24877431988716125,0.15074889361858368,0.23194566369056702,1.8198586702346802,0.40567973256111145,-0.5104899406433105,-1.0077261924743652,-0.5168867707252502,-1.8604034185409546,0.844214677810669,1.03826904296875,-1.2917218208312988
0.4551758749999989,0.0034223749999999996,133.0,4.4979859014497094,1.1726451568809524,1.413667810059486,0.004799685986568466,-0.001564196952470767,0.001494533183287271,0.06278447700625454,-0.24663028120994568,0.1495940387248993,0.23192539811134338,1.8175568580627441,0.4092450439929962,-0.5176229476928711,-1.0122652053833008,-0.5182542204856873,-1.8549383878707886,0.8335013389587402,1.0459773540496826,-1.2881126403808594
0.4551758749999989,0.0034223749999999996,133.0,4.512836680780874,1.1858881060082027,1.4145174849537108,0.004941267911910771,-0.0016100556356944287,0.0015159463930786957,0.06281615732111102,-0.2443026602268219,0.15022499859333038,0.23310860991477966,1.8194669485092163,0.41424381732940674,-0.5267200469970703,-1.0169612169265747,-0.5208354592323303,-1.845571756362915,0.815732479095459,1.0368306636810303,-1.2873992919921875
0.4551758749999989,0.0034223749999999996,133.0,4.5268679884640175,1.198214160346328,1.41551573862089,0.005086020598265831,-0.00166731610024409,0.0015479320039090009,0.06284906666501401,-0.2419239580631256,0.14901603758335114,0.2327444851398468,1.815893292427063,0.4175047278404236,-0.5336649417877197,-1.0195789337158203,-0.5207459330558777,-1.8411437273025513,0.8050684928894043,1.0439221858978271,-1.2839815616607666
0.4551758749999989,0.0034223749999999996,133.0,4.5399041619454295,1.2098267630067643,1.4163276234502644,0.005241120224200897,-0.0017239925275693096,0.0015825834795812506,0.06288081105916846,-0.2402506172657013,0.14941351115703583,0.23493245244026184,1.820077657699585,0.428461492061615,-0.5441112518310547,-1.0222759246826172,-0.5273405909538269,-1.8328297138214111,0.7861990928649902,1.0363174676895142,-1.2815057039260864
0.4551758749999989,0.0034223749999999996,133.0,4.551720145584843,1.2215697966544061,1.4179049815322213,0.005405959485320758,-0.0017767497642828176,0.0016166498031921998,0.0628866130471692,-0.2401399314403534,0.1515490710735321,0.23563668131828308,1.824249267578125,0.44772425293922424,-0.553025484085083,-1.0128636360168457,-0.5307257771492004,-1.8400802612304688,0.785330057144165,1.0321356058120728,-1.2823212146759033
0.4551758749999989,0.0034223749999999996,133.0,4.562480064700885,1.2329415469005385,1.4194856437332302,0.005565878634533094,-0.001826927457388334,0.0016511104394102635,0.06288655592244115,-0.24024072289466858,0.15571004152297974,0.23793861269950867,1.8342386484146118,0.469107449054718,-0.5635178089141846,-1.0044015645980835,-0.536873996257782,-1.8430836200714111,0.776641845703125,1.0092556476593018,-1.286065936088562
0.4551758749999989,0.0034223749999999996,133.0,4.572523624652156,1.2431265469376023,1.4211214402017485,0.005754513892076676,-0.0018790051441525785,0.001682899476732557,0.0628897375637814,-0.24052682518959045,0.15958786010742188,0.24108782410621643,1.8457967042922974,0.48956355452537537,-0.5732448101043701,-0.9992191791534424,-0.5456094145774841,-1.841936469078064,0.7632567882537842,0.9832627773284912,-1.2887383699417114
0.4551758749999989,0.0034223749999999996,133.0,4.581124390666342,1.2543898543954286,1.4237021680061945,0.005996879510975341,-0.0019782473852423717,0.0017761447313175804,0.06274843428583858,-0.24237439036369324,0.1629631519317627,0.2391294538974762,1.8483006954193115,0.5116965770721436,-0.5753862857818604,-0.9787198305130005,-0.542483389377594,-1.8654130697250366,0.7854137420654297,0.9859895706176758,-1.294517993927002
0.4551758749999989,0.0034223749999999996,133.0,4.589146230407382,1.2633248340996823,1.4250214310932552,0.006281773224617413,-0.002061115870878915,0.0018432615779412499,0.06274185896771617,-0.2429385483264923,0.16645210981369019,0.24041256308555603,1.8557236194610596,0.5307731032371521,-0.5821049213409424,-0.9690584540367126,-0.547080934047699,-1.869208574295044,0.7823436260223389,0.9688380360603333,-1.2972853183746338
0.4551758749999989,0.0034223749999999996,133.0,4.596442152242186,1.2708743435785814,1.4260882264382824,0.006703187053156406,-0.0022056692331244025,0.0019580196190267913,0.06275529306152988,-0.24311688542366028,0.1695631891489029,0.2426779568195343,1.8643697500228882,0.5468880534172058,-0.5893063545227051,-0.9651533365249634,-0.5537789463996887,-1.8652368783950806,0.7703862190246582,0.9459170699119568,-1.299102783203125
0.4551758749999989,0.0034223749999999996,133.0,4.602759911899172,1.2779091039039812,1.4272050874230535,0.007418619699241796,-0.0024343396624468636,0.00214625203937527,0.0627524612074698,-0.24342080950737,0.1724788099527359,0.24478527903556824,1.8728634119033813,0.5612929463386536,-0.5952494144439697,-0.9625721573829651,-0.5596016049385071,-1.8602564334869385,0.7585761547088623,0.9223492741584778,-1.3016364574432373
0.4551758749999989,0.0034223749999999996,133.0,4.608256786771249,1.2839037198328458,1.42846081871107,0.009027705352509047,-0.0029847191858701125,0.002585233335525333,0.06275812874455144,-0.2434123456478119,0.17468681931495667,0.247257262468338,1.8818001747131348,0.570896565914154,-0.6008908748626709,-0.9675097465515137,-0.5643258690834045,-1.8472075462341309,0.7406063079833984,0.8943417072296143,-1.3056676387786865
0.4551758749999989,0.0034223749999999996,133.0,4.612815874586621,1.2884543324986923,1.429403637430297,0.016721268457421255,-0.005672019560495628,0.004669120875139812,0.06277036668214375,-0.2425069510936737,0.17128749191761017,0.24830493330955505,1.8870019912719727,0.5770540833473206,-0.6094489097595215,-0.9924649000167847,-0.5597091317176819,-1.8112337589263916,0.7145743370056152,0.8820236921310425,-1.3154098987579346
0.4551758749999989,0.0034223749999999996,133.0,4.634755014374175,-1.1993870024748587,1.3013707753023092,-0.014526832007451456,-0.0015529046597341177,-0.006444161879445994,0.0672346730157645,-0.06208810210227966,0.20009835064411163,-0.1035204529762268,1.1061930656433105,0.5114119052886963,-1.1793107986450195,0.001275384332984686,0.034887850284576416,-0.7693310379981995,0.6914105415344238,0.9387545585632324,-1.1423256397247314
0.4551758749999989,0.0034223749999999996,133.0,4.630069401084877,-1.194144316344938,1.301511084241121,-0.007825475198994352,-0.0008354558135544145,-0.00351674612237005,0.06720217992506179,-0.06393474340438843,0.20295557379722595,-0.10281223058700562,1.108641266822815,0.5128767490386963,-1.1804578304290771,0.010804284363985062,0.03158998489379883,-0.7681884765625,0.7226827144622803,0.9126061797142029,-1.140988826751709
0.4551758749999989,0.0034223749999999996,133.0,4.624040556007441,-1.1882338689349305,1.3013364770268037,-0.006429093164091004,-0.0006906785338087764,-0.0028927159435748902,0.06717897161173991,-0.06611114740371704,0.20387902855873108,-0.10449352860450745,1.1115789413452148,0.519780695438385,-1.1704914569854736,0.029839009046554565,0.02900618314743042,-0.7648801803588867,0.7310371398925781,0.8911447525024414,-1.1412321329116821
0.4551758749999989,0.0034223749999999996,133.0,4.617465689888412,-1.1820548950785612,1.3009117972125366,-0.0058129734582199,-0.000650128892183953,-0.0026172925023330838,0.06716224026420267,-0.06774082779884338,0.2042149305343628,-0.10648354887962341,1.1129858493804932,0.5231509804725647,-1.161512851715088,0.04887741059064865,0.028006434440612793,-0.7588053941726685,0.735992431640625,0.8725388050079346,-1.1415752172470093
0.4551758749999989,0.0034223749999999996,133.0,4.609830658344184,-1.175000138160063,1.30041285799824,-0.005454300351854301,-0.0006439198809905127,-0.0024574702326993297,0.06714115667396824,-0.07014378905296326,0.20455992221832275,-0.10914954543113708,1.1154990196228027,0.5283102989196777,-1.149141550064087,0.07502654194831848,0.026072204113006592,-0.7512385845184326,0.7412190437316895,0.848047137260437,-1.142101764678955
0.4551758749999989,0.0034223749999999996,133.0,4.60088096720155,-1.1688828293854874,1.2973103429375912,-0.005199690733219904,-0.0006910585520879226,-0.002341994787824491,0.0671837470291956,-0.06999605894088745,0.20321688055992126,-0.11217445135116577,1.1111881732940674,0.5276303291320801,-1.141125202178955,0.10111664235591888,0.02841123938560486,-0.7350779175758362,0.741750955581665,0.8317865133285522,-1.1402032375335693
0.4551758749999989,0.0034223749999999996,133.0,4.591577683667638,-1.1605465153403058,1.2964814184617992,-0.0049898498986983035,-0.0007137343685390908,-0.0022506238055362343,0.06716156940686259,-0.0724371075630188,0.202006533741951,-0.11747384071350098,1.110912799835205,0.5409378409385681,-1.120908260345459,0.14782121777534485,0.027803927659988403,-0.7223176956176758,0.7478439807891846,0.8044431805610657,-1.1394529342651367
0.4551758749999989,0.0034223749999999996,133.0,4.581452873802001,-1.151029973291614,1.2959485014394176,-0.004834310018245203,-0.0007133888340592237,-0.0021795305823524807,0.06714546962328323,-0.07462048530578613,0.20257022976875305,-0.11970740556716919,1.112633228302002,0.5387873649597168,-1.1113426685333252,0.16877278685569763,0.026860445737838745,-0.7114228010177612,0.751579999923706,0.7775793671607971,-1.140093445777893
0.4551758749999989,0.0034223749999999996,133.0,4.570260516541087,-1.1407686721319892,1.2952071113848407,-0.004693706541929418,-0.0007315984629242809,-0.0021160659946151145,0.06711937767060279,-0.07713529467582703,0.20125362277030945,-0.12524950504302979,1.1106873750686646,0.5440317988395691,-1.0920133590698242,0.2178637683391571,0.027952253818511963,-0.6926705837249756,0.7582261562347412,0.7417681217193604,-1.1392946243286133
0.4551758749999989,0.0034223749999999996,133.0,4.558443563747815,-1.1298760387650437,1.2945198474819306,-0.004550879119690135,-0.0007542824467108872,-0.002053588637209948,0.06709722977708692,-0.07976922392845154,0.2005130648612976,-0.12986153364181519,1.110105037689209,0.5490182042121887,-1.0749833583831787,0.25916972756385803,0.027698993682861328,-0.6760439276695251,0.7636735439300537,0.7093893885612488,-1.138466238975525
0.4551758749999989,0.0034223749999999996,133.0,4.546106699338131,-1.1181581391238729,1.2941217099584403,-0.0044192143107324435,-0.0007583142979655301,-0.001993993238924166,0.06709158071216506,-0.08101356029510498,0.2002122700214386,-0.13284507393836975,1.1081058979034424,0.545066237449646,-1.0656216144561768,0.2832081615924835,0.02941223978996277,-0.6607876420021057,0.7663798332214355,0.6840488314628601,-1.1380932331085205
0.4551758749999989,0.0034223749999999996,133.0,4.533008027221061,-1.1055565336744813,1.2937130232227367,-0.004286702839402269,-0.0007537270222277027,-0.0019320605441048903,0.06708584873143848,-0.08167719841003418,0.19893892109394073,-0.13677948713302612,1.103904128074646,0.5467115044593811,-1.0552380084991455,0.31352168321609497,0.03206604719161987,-0.6434476375579834,0.7686550617218018,0.6654777526855469,-1.1365615129470825
0.4551758749999989,0.0034223749999999996,133.0,4.519417396773355,-1.0918276078932891,1.2937998634678674,-0.004172977534021699,-0.0007293137345962379,-0.0018788194080708621,0.06710119093643163,-0.08122417330741882,0.1993122696876526,-0.13767898082733154,1.1010127067565918,0.5382788777351379,-1.0542702674865723,0.31666213274002075,0.03481009602546692,-0.631829023361206,0.7668459415435791,0.6524840593338013,-1.136250376701355
0.4551758749999989,0.0034223749999999996,133.0,4.505367401938707,-1.077946752463342,1.2936399772539269,-0.00402399933028669,-0.0007129954440134122,-0.0018136167048726736,0.06712965880890095,-0.07898318767547607,0.19741466641426086,-0.1407153308391571,1.0918617248535156,0.5363865494728088,-1.0509252548217773,0.333333283662796,0.04160726070404053,-0.6151381731033325,0.7631816864013672,0.644446074962616,-1.1339693069458008
0.4551758749999989,0.0034223749999999996,133.0,4.489891322656461,-1.0626839822165963,1.2935841181099232,-0.0038401971470366125,-0.0006889000913726471,-0.0017324056828371375,0.06713679203497504,-0.07885086536407471,0.1974138617515564,-0.14246442914009094,1.0883498191833496,0.5309310555458069,-1.0465552806854248,0.34543323516845703,0.04393109679222107,-0.601152241230011,0.7611348628997803,0.6237162351608276,-1.1326850652694702
0.4551758749999989,0.0034223749999999996,133.0,4.47371901939572,-1.046705519850569,1.2936221377648929,-0.0036686206110770965,-0.0006633100080170231,-0.001655294533106069,0.06715001933178158,-0.07837018370628357,0.19714389741420746,-0.14433929324150085,1.0838922262191772,0.5285114049911499,-1.0424039363861084,0.3591386675834656,0.04647141695022583,-0.5866681337356567,0.7579758167266846,0.6040597558021545,-1.130725383758545
0.4551758749999989,0.0034223749999999996,133.0,4.456621735841677,-1.0297639887663304,1.2937515090955856,-0.0034741856141249153,-0.0006316347542066087,-0.0015682043854923578,0.0671627869092502,-0.07821694016456604,0.19749443233013153,-0.14568659663200378,1.080681324005127,0.5195587277412415,-1.0390894412994385,0.36844393610954285,0.04848155379295349,-0.5727881193161011,0.754413366317749,0.5784600377082825,-1.129414677619934
0.4551758749999989,0.0034223749999999996,133.0,4.439331234766987,-1.0123672106946202,1.294013742934349,-0.0032872529915483036,-0.0005951389741672936,-0.001486838812275219,0.06720427874755555,-0.07487714290618896,0.196612149477005,-0.1466694474220276,1.072000503540039,0.5084172487258911,-1.0431561470031738,0.36785897612571716,0.055059581995010376,-0.55852872133255,0.7451221942901611,0.5688192248344421,-1.127332329750061
0.4551758749999989,0.0034223749999999996,133.0,4.420432991747165,-0.9935999776017137,1.2941249051471304,-0.003097621688043399,-0.0005641541897203205,-0.001399820634338631,0.06720656235608873,-0.07531416416168213,0.1972808688879013,-0.14814141392707825,1.069657325744629,0.5032070279121399,-1.03731369972229,0.3813709020614624,0.05551719665527344,-0.5426837801933289,0.7408208847045898,0.5379533767700195,-1.1253252029418945
0.4551758749999989,0.0034223749999999996,133.0,4.400775129010752,-0.9743333163651398,1.2940632740197504,-0.0029248542712454507,-0.0005418970265299255,-0.001324127915957436,0.0672221932409758,-0.07455959916114807,0.1964062601327896,-0.15112274885177612,1.0620208978652954,0.493935227394104,-1.031076431274414,0.4045089781284332,0.060087114572525024,-0.5191031098365784,0.7358813285827637,0.5050743222236633,-1.1222162246704102
0.4551758749999989,0.0034223749999999996,133.0,4.380758733564642,-0.954054120805562,1.2942870453424549,-0.002700883137437179,-0.0004976429220679007,-0.0012239079829501922,0.06725228098368537,-0.07230296730995178,0.1966133415699005,-0.15153256058692932,1.0556626319885254,0.47980931401252747,-1.0331463813781738,0.40361955761909485,0.06449753046035767,-0.5031521320343018,0.7261431217193604,0.4857666790485382,-1.120168685913086
0.4551758749999989,0.0034223749999999996,133.0,4.359188365241523,-0.9339119353773058,1.2940142389856846,-0.0024758366039340607,-0.0004857178574017653,-0.0011242138706684874,0.06725091725407953,-0.07349950075149536,0.193916454911232,-0.1580905020236969,1.0450559854507446,0.48674246668815613,-1.0148863792419434,0.4626103937625885,0.06845530867576599,-0.46917036175727844,0.7259840965270996,0.4370628595352173,-1.113611102104187
0.4551758749999989,0.0034223749999999996,133.0,4.3372253942994,-0.9123285191320895,1.2940042216249554,-0.0022644014738922563,-0.0004486534121753645,-0.0010304657856339077,0.06727539364378736,-0.071510910987854,0.19211098551750183,-0.16129633784294128,1.0340445041656494,0.4809189438819885,-1.0101673603057861,0.48630407452583313,0.07451239228248596,-0.44412440061569214,0.7174065113067627,0.40946778655052185,-1.1086937189102173
0.4551758749999989,0.0034223749999999996,133.0,4.314265467325787,-0.8896993724178474,1.2939441141457448,-0.0020552208757897202,-0.00041480470728362024,-0.000935237557589924,0.06728416569513831,-0.07152357697486877,0.19203072786331177,-0.16365981101989746,1.0272804498672485,0.46924009919166565,-1.0030004978179932,0.5077498555183411,0.07737019658088684,-0.4186554253101349,0.7108917236328125,0.3682061731815338,-1.104645013809204
0.4551758749999989,0.0034223749999999996,133.0,4.290347080597009,-0.8655589952962264,1.2940907276843765,-0.0018902797961991252,-0.00037862702989710533,-0.00085819288437329,0.0672828804463635,-0.07122710347175598,0.1935545802116394,-0.16384699940681458,1.0243194103240967,0.4555138349533081,-0.9993484020233154,0.5100528001785278,0.07805782556533813,-0.4015420377254486,0.7007687091827393,0.3343227505683899,-1.1021498441696167
0.4551758749999989,0.0034223749999999996,133.0,4.266057856617142,-0.8411640053128892,1.2944760942446005,-0.0016845500545354204,-0.00033176788175958967,-0.0007685674837301958,0.06732392417768221,-0.06757926940917969,0.1927679032087326,-0.1647602915763855,1.0136871337890625,0.4415763020515442,-1.0018925666809082,0.512215793132782,0.08471301198005676,-0.38211438059806824,0.6862287521362305,0.31588760018348694,-1.0981470346450806
0.4551758749999989,0.0034223749999999996,133.0,4.24045574172937,-0.8161707638102317,1.2945061693775974,-0.0014940801166528179,-0.00030210634449935614,-0.0006845422103232303,0.0673350935160575,-0.06663143634796143,0.19164155423641205,-0.16783133149147034,1.0026962757110596,0.42995426058769226,-0.994488000869751,0.5385414361953735,0.09002584218978882,-0.3526419401168823,0.6770491600036621,0.2750854790210724,-1.092393398284912
0.4551758749999989,0.0034223749999999996,133.0,4.214145591262188,-0.79073444298458,1.2944691006194318,-0.0013065473309819148,-0.000273346688650216,-0.000599633755062971,0.06734487635111179,-0.0679897665977478,0.1911173015832901,-0.1714424192905426,0.9933502078056335,0.423030823469162,-0.980710506439209,0.5761778354644775,0.09221753478050232,-0.3186608850955963,0.6710398197174072,0.21972844004631042,-1.0850872993469238
0.4551758749999989,0.0034223749999999996,133.0,4.187005195954367,-0.7641765155205187,1.2944778774183439,-0.0011512952351603496,-0.0002454879206214719,-0.0005299402059460547,0.06736028593628901,-0.0659646987915039,0.18832865357398987,-0.1757933497428894,0.9756854772567749,0.4110676944255829,-0.9725439548492432,0.6141484379768372,0.10053989291191101,-0.27876076102256775,0.65873122215271,0.1759217083454132,-1.075735330581665
0.4551758749999989,0.0034223749999999996,133.0,4.159232781224284,-0.7369317498873571,1.2944960543059225,-0.0010129106330987756,-0.00021953807170345307,-0.00046789531950291053,0.06738637135468578,-0.06487056612968445,0.18669185042381287,-0.17930647730827332,0.9601193070411682,0.39583349227905273,-0.962648868560791,0.6479388475418091,0.10697859525680542,-0.239406555891037,0.6463179588317871,0.12713372707366943,-1.0664905309677124
0.4551758749999989,0.0034223749999999996,133.0,4.130290535322783,-0.708697658320457,1.2944662605253694,-0.0008350975675879659,-0.0001845620198844372,-0.0003859697454437142,0.06739242621942601,-0.06307938694953918,0.18463385105133057,-0.18261733651161194,0.9427363872528076,0.3831554651260376,-0.9543354511260986,0.6807844042778015,0.11370497941970825,-0.19981534779071808,0.6313436031341553,0.08278882503509521,-1.0557512044906616
0.4551758749999989,0.0034223749999999996,133.0,4.10060144597169,-0.6799052011121512,1.294473954293314,-0.0006999098587866432,-0.00015984657005797782,-0.0003237189757683492,0.06739651801866595,-0.06374180316925049,0.18238689005374908,-0.1871432065963745,0.9238535165786743,0.3729943335056305,-0.9387426376342773,0.7311953902244568,0.1190023124217987,-0.14966249465942383,0.6203022003173828,0.020998714491724968,-1.0420403480529785
0.4551758749999989,0.0034223749999999996,133.0,4.070036616319752,-0.6500306828379597,1.2946017485306027,-0.0005244446549210039,-0.000121951046968755,-0.00024363906110868046,0.06740676640811075,-0.06250840425491333,0.18052484095096588,-0.19014547765254974,0.9051476716995239,0.3550810217857361,-0.9285156726837158,0.7644702196121216,0.12554383277893066,-0.1065790131688118,0.604586124420166,-0.029855383560061455,-1.0297555923461914
0.4551758749999989,0.0034223749999999996,133.0,4.038831967709077,-0.6190784681325687,1.2947863355205942,-0.0003288527558558435,-7.629603353930278e-5,-0.0001537843308685624,0.0674294072270379,-0.06073489785194397,0.17953446507453918,-0.19188208878040314,0.8881725072860718,0.3350054621696472,-0.9200310707092285,0.786952793598175,0.13067331910133362,-0.06749670952558517,0.5859115123748779,-0.07725433260202408,-1.0177534818649292
0.4551758749999989,0.0034223749999999996,133.0,4.0066384574701415,-0.587398350193669,1.2950062522587227,-0.000153404364916969,-3.5864380035200386e-5,-7.234410093327492e-5,0.06744080393783237,-0.05764386057853699,0.1780034601688385,-0.1932007521390915,0.8690174221992493,0.31301960349082947,-0.9152750968933105,0.8052381873130798,0.13717445731163025,-0.029648499563336372,0.5644950866699219,-0.11774738878011703,-1.0049927234649658
0.4551758749999989,0.0034223749999999996,133.0,3.9733371222217757,-0.5555222623810318,1.2954178276889758,1.696445920608384e-5,4.066008416388601e-6,8.092221356843167e-6,0.0674462847579442,-0.05645182728767395,0.1742369830608368,-0.1969154328107834,0.8422090411186218,0.29828643798828125,-0.9032387733459473,0.8517212271690369,0.14543336629867554,0.02450258657336235,0.5467884540557861,-0.16976918280124664,-0.9864019751548767
0.4551758749999989,0.0034223749999999996,133.0,3.9392959164950483,-0.5223337034197748,1.295599176397506,0.00018709351648364794,4.5451068958724414e-5,8.989077833933101e-5,0.06744168120055298,-0.05503574013710022,0.17206509411334991,-0.19898998737335205,0.8191256523132324,0.27589836716651917,-0.8909106254577637,0.8831253051757812,0.15167930722236633,0.07342606782913208,0.5265669822692871,-0.2205183506011963,-0.9694408178329468
0.4551758749999989,0.0034223749999999996,133.0,3.9042767235114537,-0.487842114043461,1.2955654665295588,0.00037105805560916247,9.035138802399422e-5,0.00017955297356884789,0.06742597968660444,-0.05365562438964844,0.17151157557964325,-0.19977262616157532,0.8008209466934204,0.2530091404914856,-0.8780820369720459,0.9008622169494629,0.15481090545654297,0.11435803771018982,0.5043950080871582,-0.26889097690582275,-0.9540852308273315
0.4551758749999989,0.0034223749999999996,133.0,3.8684367460037636,-0.45300083734781577,1.2957765493007347,0.0005149572424098334,0.00012696195363857157,0.00025154034269385693,0.06741317490077765,-0.052342236042022705,0.16926643252372742,-0.20135970413684845,0.7761696577072144,0.2296755462884903,-0.8633651733398438,0.9297643899917603,0.16065585613250732,0.1639552116394043,0.48291468620300293,-0.31600287556648254,-0.9351665377616882
0.4551758749999989,0.0034223749999999996,133.0,3.8317913025594375,-0.4173667945884806,1.2960056506126807,0.0006767557418528562,0.00016889999227143128,0.00033381524096032304,0.06739816413648535,-0.050998687744140625,0.16687200963497162,-0.20261740684509277,0.749873161315918,0.2052057385444641,-0.8467261791229248,0.9580525755882263,0.16632366180419922,0.21578127145767212,0.4603416919708252,-0.3618422746658325,-0.9144293069839478
0.4551758749999989,0.0034223749999999996,133.0,3.7941383957912516,-0.380879116028683,1.2963660661018037,0.0008482319142056824,0.0002135070639499582,0.0004241209669341168,0.06737542588046783,-0.04965201020240784,0.1642451286315918,-0.2035326510667801,0.7211867570877075,0.17933852970600128,-0.827113151550293,0.9862119555473328,0.1720120906829834,0.2705599069595337,0.43662095069885254,-0.40597808361053467,-0.8913276195526123
0.4551758749999989,0.0034223749999999996,133.0,3.7559197037500325,-0.343685611146179,1.2966276044385494,0.0010429044521141407,0.0002650098729015968,0.0005272937875801861,0.06734994316868025,-0.04821375012397766,0.16146504878997803,-0.2039533406496048,0.6912051439285278,0.1522892266511917,-0.8049297332763672,1.0121362209320068,0.17727625370025635,0.3268904983997345,0.41155433654785156,-0.4462723135948181,-0.8665164709091187
0.4551758749999989,0.0034223749999999996,133.0,3.7167045124097,-0.3056421063965977,1.2970340507071685,0.001226559694636349,0.0003130520831610148,0.0006294362479564655,0.0673176219067828,-0.04681098461151123,0.15850527584552765,-0.2038256675004959,0.659373939037323,0.12460220605134964,-0.7790727615356445,1.0357627868652344,0.18241658806800842,0.38443273305892944,0.3858160972595215,-0.48167684674263,-0.8397513628005981
0.4551758749999989,0.0034223749999999996,133.0,3.6765612163717143,-0.2671516948190493,1.2975671257193757,0.0013451557858209734,0.00034984957591965203,0.0006970823786683602,0.0672732920514414,-0.04671180248260498,0.15458756685256958,-0.20314933359622955,0.6241302490234375,0.10291707515716553,-0.7436783313751221,1.0639586448669434,0.18753769993782043,0.450723260641098,0.3615694046020508,-0.5090251564979553,-0.8095840215682983
0.4551758749999989,0.0034223749999999996,133.0,3.6354193750204793,-0.22741129451921668,1.2980907081337032,0.0014954854126322744,0.00039024093475865295,0.0007894535575767198,0.06722584860644022,-0.04533541202545166,0.15123896300792694,-0.20127961039543152,0.5900509357452393,0.07698968052864075,-0.7102475166320801,1.0787081718444824,0.19240841269493103,0.5065271258354187,0.336475133895874,-0.5274832844734192,-0.7803689241409302
0.4551758749999989,0.0034223749999999996,133.0,3.5933477699254235,-0.18606011920616197,1.2977444860262568,0.0016421985800628243,0.0004273720929714669,0.0008828046225034957,0.06715748905450858,-0.04343661665916443,0.14956390857696533,-0.19875501096248627,0.5606616735458374,0.0513557568192482,-0.6789617538452148,1.080535888671875,0.1933126449584961,0.5555279850959778,0.3100745677947998,-0.5497751832008362,-0.751853883266449
0.4551758749999989,0.0034223749999999996,133.0,3.551706862494123,-0.1438222155732588,1.3010823210171159,0.0017767330850254146,0.00044622604661839294,0.0009831413366849832,0.06707011596701674,-0.04245960712432861,0.14194796979427338,-0.19431816041469574,0.5126345157623291,0.0352964773774147,-0.6292595863342285,1.0972793102264404,0.20488348603248596,0.6181811094284058,0.29023122787475586,-0.5189017653465271,-0.7155603170394897
0.4551758749999989,0.0034223749999999996,133.0,3.507016677124677,-0.10128201019642838,1.301519608144118,0.0018697078776331651,0.0004894710943875309,0.0010507459362684949,0.06695714493170221,-0.04352656006813049,0.13495396077632904,-0.1890978068113327,0.4747341275215149,0.038871631026268005,-0.5724308490753174,1.1081836223602295,0.2119474709033966,0.6773689985275269,0.27666449546813965,-0.47959238290786743,-0.6848419308662415
0.4551758749999989,0.0034223749999999996,133.0,3.456113123012183,-0.054809412838769715,1.303585454194088,0.0018265576813401877,0.0004930353172929581,0.001104138261245532,0.06667541462161759,-0.051829904317855835,0.1449011266231537,-0.1952216625213623,0.511089563369751,0.08239968121051788,-0.600724458694458,1.0924797058105469,0.1962408721446991,0.6324281096458435,0.35249996185302734,-0.48774296045303345,-0.7057974934577942
0.4551758749999989,0.0034223749999999996,133.0,3.3866637577963252,0.016603954324684513,1.3013919051411087,0.0016831672836556844,-0.00018020120828286465,0.0013490525561661258,0.06491691793159059,-0.11051630973815918,0.21143357455730438,-0.15978080034255981,0.6859778165817261,0.2628832161426544,-0.4795353412628174,0.2621397376060486,0.21883729100227356,-1.0001624822616577,1.2730369567871094,0.3956941068172455,-0.901900053024292
0.4551758749999989,0.0034223749999999996,133.0,3.305239745727652,0.04450121853985449,1.2982344163526467,0.00010787393826307703,-3.7048364224759295e-6,7.882568256549464e-5,0.06339544068440103,-0.3194350302219391,0.06110038980841637,-0.008441150188446045,0.9689261317253113,-0.22527532279491425,0.29930901527404785,-0.08385393023490906,-0.19977891445159912,-1.1238142251968384,1.9420504570007324,0.6401720643043518,-0.7650063037872314
0.4551758749999989,0.0034223749999999996,133.0,3.3412570616723185,0.08335728686925405,1.3084887304074495,-0.001853969754223741,6.128456474396342e-5,-0.0012777680429440165,0.06267565776607405,-0.3084900677204132,0.06274989247322083,0.036125749349594116,1.15421462059021,-0.06587644666433334,0.17066144943237305,-0.18742763996124268,-0.2864791750907898,-1.1878255605697632,1.7441964149475098,0.852695882320404,-0.8623580932617188
0.4551758749999989,0.0034223749999999996,133.0,3.365308573094696,0.1391170961920042,1.331329249081632,-0.002232341642989051,0.0005271161972440322,-0.0013019177697960237,0.061069816624568916,-0.3535156548023224,0.03832855448126793,0.13570675253868103,1.3524394035339355,-0.5475744009017944,0.22989130020141602,-0.8170914649963379,-0.3474687337875366,-1.062929630279541,1.6011288166046143,1.597951054573059,-0.9958406686782837
0.4551758749999989,0.0034223749999999996,133.0,3.4031097877771583,0.18784015387321276,1.3401628580356977,-0.0022702776943785675,0.0006295105679481278,-0.0012281240635815436,0.06063232621344594,-0.35013625025749207,0.04456866532564163,0.1574455201625824,1.4184563159942627,-0.5328234434127808,0.18094420433044434,-0.8689631819725037,-0.362215518951416,-1.07643723487854,1.4777390956878662,1.5452189445495605,-1.0465447902679443
0.4551758749999989,0.0034223749999999996,133.0,3.4469599781635747,0.2312839456607885,1.3443523284123535,-0.0021565907033397765,0.0005900572842616368,-0.0011242682334962984,0.06064426398143594,-0.34316471219062805,0.05800093337893486,0.16721495985984802,1.4599863290786743,-0.4245091378688812,0.1324470043182373,-0.8453568816184998,-0.358310341835022,-1.204456090927124,1.4236741065979004,1.4330134391784668,-1.091683030128479
0.4551758749999989,0.0034223749999999996,133.0,3.4909163123752407,0.2729200435181703,1.3478232667718226,-0.0019802836340942582,0.0005386796304779161,-0.00099933609155156,0.060725378907889385,-0.3366122543811798,0.06789781153202057,0.17709162831306458,1.5049105882644653,-0.3417576849460602,0.08724236488342285,-0.8475026488304138,-0.3680858016014099,-1.2962394952774048,1.360734224319458,1.349814534187317,-1.1264605522155762
0.4551758749999989,0.0034223749999999996,133.0,3.5346411357594576,0.31288900758442395,1.350034209239914,-0.0017554291086461261,0.0004712402115404727,-0.000864932123363153,0.06089309822225382,-0.33074691891670227,0.07434192299842834,0.18110176920890808,1.5260791778564453,-0.27872174978256226,0.04798626899719238,-0.84211266040802,-0.37305909395217896,-1.3764922618865967,1.325230360031128,1.3021941184997559,-1.1424589157104492
0.4551758749999989,0.0034223749999999996,133.0,3.5772037814522983,0.352489309959777,1.3520278831608659,-0.0016516131926116312,0.0004378966589067637,-0.0007971589289455486,0.061032735911264034,-0.32566139101982117,0.08202908933162689,0.18390706181526184,1.5459836721420288,-0.22675050795078278,0.01609945297241211,-0.8355640769004822,-0.37122857570648193,-1.4580053091049194,1.3019459247589111,1.2555642127990723,-1.164044737815857
0.4551758749999989,0.0034223749999999996,133.0,3.619328596802078,0.3914157393399988,1.3543681830883691,-0.0014130675699391055,0.00037206071353889226,-0.0006677552207755904,0.06113538553924181,-0.32112112641334534,0.08872418850660324,0.18459495902061462,1.5588493347167969,-0.17219936847686768,-0.014734268188476562,-0.8228239417076111,-0.3689294457435608,-1.5359721183776855,1.2905166149139404,1.221763253211975,-1.1791576147079468
0.4551758749999989,0.0034223749999999996,133.0,3.660557157346383,0.4296916941942678,1.3568985447766138,-0.0012317166353172993,0.0003210823197344398,-0.0005664825340624239,0.06122875734476364,-0.31561318039894104,0.0970991849899292,0.1918407380580902,1.5964514017105103,-0.10027138143777847,-0.05465197563171387,-0.8302416801452637,-0.3846406936645508,-1.5907795429229736,1.2449250221252441,1.1610029935836792,-1.2007079124450684
0.4551758749999989,0.0034223749999999996,133.0,3.7007252782016713,0.4669626383407841,1.3590091776784379,-0.001000585522055246,0.00026153368059023065,-0.0004518618898027355,0.06133210097971613,-0.31083598732948303,0.10116411745548248,0.19400283694267273,1.6126190423965454,-0.052526604384183884,-0.08747220039367676,-0.8322314023971558,-0.3940083980560303,-1.6371427774429321,1.2207562923431396,1.145509958267212,-1.2074110507965088
0.4551758749999989,0.0034223749999999996,133.0,3.7400679702031527,0.5034924954923813,1.3610424291217622,-0.0007953904089898722,0.00020891885939989616,-0.00035332323777517163,0.06143084069838385,-0.3072638213634491,0.10463909059762955,0.19253501296043396,1.616376519203186,-0.02566726878285408,-0.10975289344787598,-0.8261116147041321,-0.3902254104614258,-1.6882857084274292,1.2196295261383057,1.1476833820343018,-1.215052604675293
0.4551758749999989,0.0034223749999999996,133.0,3.7785186517055656,0.5392499689252626,1.3629862639332475,-0.0006007810813109575,0.00015772774746160273,-0.00026138942257127235,0.061520964954412956,-0.30228784680366516,0.11071664839982986,0.19958671927452087,1.6496338844299316,0.02696201205253601,-0.14647889137268066,-0.8425005674362183,-0.4093230366706848,-1.7131469249725342,1.1719880104064941,1.1055258512496948,-1.2289057970046997
0.4551758749999989,0.0034223749999999996,133.0,3.815999539901182,0.5741837856626469,1.364742161942052,-0.00041277571201978275,0.0001084701733915833,-0.0001764351437889057,0.06160444569074897,-0.29841628670692444,0.11420763283967972,0.2019212543964386,1.6649287939071655,0.0624266155064106,-0.1739497184753418,-0.848229169845581,-0.41841357946395874,-1.7408504486083984,1.14961838722229,1.0949841737747192,-1.2350490093231201
0.4551758749999989,0.0034223749999999996,133.0,3.8526721340504766,0.608166944017243,1.3665281855202451,-0.00023111027250134915,6.132510264191821e-5,-9.762061939556425e-5,0.061687961274105446,-0.2949070632457733,0.11747349798679352,0.20435288548469543,1.679641842842102,0.09418105334043503,-0.199432373046875,-0.8555968403816223,-0.42757266759872437,-1.7623871564865112,1.1278555393218994,1.0849295854568481,-1.2405383586883545
0.4551758749999989,0.0034223749999999996,133.0,3.8879235637736396,0.6412237396420627,1.3674114622700058,-6.874839019233513e-5,1.833627028077514e-5,-2.8825746000931977e-5,0.06178376858664509,-0.29173901677131653,0.12023697048425674,0.20605090260505676,1.6911990642547607,0.12228524684906006,-0.22266364097595215,-0.8597755432128906,-0.4346248507499695,-1.7829395532608032,1.1113200187683105,1.08024001121521,-1.2450369596481323
0.4551758749999989,0.0034223749999999996,133.0,3.9222201913743957,0.6734412869440521,1.3686380010363586,0.0001481890220766436,-4.001834417729756e-5,6.145953640926635e-5,0.06184706591333123,-0.28969117999076843,0.12073713541030884,0.20308449864387512,1.6859936714172363,0.11963014304637909,-0.23003172874450684,-0.8638805150985718,-0.4255722165107727,-1.8083287477493286,1.1199543476104736,1.1037325859069824,-1.2490980625152588
0.4551758749999989,0.0034223749999999996,133.0,3.9571006994536653,0.7029915701485758,1.3688024991456924,0.00034901333996783845,-9.468315192003065e-5,0.00014151178740364907,0.06205789598081172,-0.284646600484848,0.1214323565363884,0.2075723111629486,1.7016024589538574,0.1462835818529129,-0.2600231170654297,-0.8845100998878479,-0.4429451823234558,-1.802698016166687,1.0774471759796143,1.0966899394989014,-1.247183084487915
0.4551758749999989,0.0034223749999999996,133.0,3.9897847043126333,0.7336798524460818,1.370205795991084,0.0005512672737979188,-0.00015116718601885718,0.00022065943062859754,0.0621203128636475,-0.281983882188797,0.12538956105709076,0.20986607670783997,1.7150822877883911,0.16943573951721191,-0.2800300121307373,-0.8910396099090576,-0.44753748178482056,-1.8167624473571777,1.0603632926940918,1.080231785774231,-1.2560291290283203
0.4551758749999989,0.0034223749999999996,133.0,4.022066138404313,0.7640375258176955,1.372605886245205,0.000792463860659367,-0.00021815834849257584,0.00031052788182457674,0.062139206176174605,-0.27963438630104065,0.12909556925296783,0.21181365847587585,1.7280492782592773,0.1944579929113388,-0.2982933521270752,-0.8976671099662781,-0.4531918168067932,-1.8303537368774414,1.044557809829712,1.0656434297561646,-1.2633140087127686
0.4551758749999989,0.0034223749999999996,133.0,4.053557780496425,0.7933544979780812,1.374623682428139,0.0009644148991744434,-0.0002661135181931862,0.000371348493906371,0.06218037762802787,-0.27713897824287415,0.13282087445259094,0.21446529030799866,1.7424579858779907,0.22714760899543762,-0.32071542739868164,-0.9002899527549744,-0.4628361463546753,-1.840728998184204,1.0253078937530518,1.0493980646133423,-1.2680351734161377
0.4551758749999989,0.0034223749999999996,133.0,4.083985648896022,0.8219254513672034,1.377106197167849,0.0011851602422113217,-0.00033056334932588633,0.00044601339308656697,0.06219532556854998,-0.2749325931072235,0.13502231240272522,0.2162511646747589,1.752077579498291,0.24723774194717407,-0.33753299713134766,-0.9073756337165833,-0.46931588649749756,-1.8465832471847534,1.0093252658843994,1.043538212776184,-1.2711565494537354
0.4551758749999989,0.0034223749999999996,133.0,4.1134558800258905,0.8490091683525668,1.37821250292272,0.0013517074758138653,-0.0003816947830376702,0.000503875102844768,0.06226069971277029,-0.2718040645122528,0.13624224066734314,0.21737512946128845,1.7576154470443726,0.25790902972221375,-0.35332560539245605,-0.9173645377159119,-0.4723377823829651,-1.8486359119415283,0.9912669658660889,1.042540192604065,-1.2736948728561401
0.4551758749999989,0.0034223749999999996,133.0,4.142170634770808,0.875506656268099,1.379874148117899,0.0015389376977230213,-0.0004383880614010604,0.000565707203348661,0.06230709044803065,-0.2695482671260834,0.13779672980308533,0.21888992190361023,1.7648323774337769,0.2753763198852539,-0.3693661689758301,-0.9234230518341064,-0.4780625104904175,-1.8522589206695557,0.9764282703399658,1.04046630859375,-1.2751986980438232
0.4551758749999989,0.0034223749999999996,133.0,4.170123055107595,0.9013003416402208,1.3811099667721376,0.001764103933032611,-0.0005006965905142967,0.000640097529650332,0.06236004300220486,-0.26756539940834045,0.14006556570529938,0.22013047337532043,1.7724820375442505,0.2991352081298828,-0.38678526878356934,-0.9229934811592102,-0.48366934061050415,-1.8602986335754395,0.9653925895690918,1.0369757413864136,-1.2772905826568604
0.4551758749999989,0.0034223749999999996,133.0,4.1970995541926115,0.926187832770105,1.3828858975645026,0.0019923751787314717,-0.0005727480568267128,0.000711383970106252,0.06239182456538603,-0.2655334174633026,0.14243318140506744,0.22286918759346008,1.7833257913589478,0.3125878572463989,-0.4011204242706299,-0.9343591332435608,-0.4902547001838684,-1.8576014041900635,0.9442577362060547,1.022729754447937,-1.2814662456512451
0.4551758749999989,0.0034223749999999996,133.0,4.223039402123869,0.9498441443815692,1.383941488891194,0.0022425075968669195,-0.0006542931219832599,0.00079381953500781,0.06244140728027465,-0.2631707489490509,0.141233429312706,0.22186389565467834,1.779873251914978,0.31019893288612366,-0.4083850383758545,-0.9444311857223511,-0.4874815344810486,-1.8593496084213257,0.9387211799621582,1.0405259132385254,-1.2809218168258667
0.4551758749999989,0.0034223749999999996,133.0,4.248099109293958,0.9730097833568855,1.3853224451184258,0.0024271871181960267,-0.000715898937955006,0.0008508747394067783,0.062487554376119844,-0.2615184485912323,0.1424243301153183,0.22322610020637512,1.7855440378189087,0.32407471537590027,-0.42119789123535156,-0.9494535326957703,-0.4922592043876648,-1.8609070777893066,0.9270899295806885,1.0397192239761353,-1.2818303108215332
0.4551758749999989,0.0034223749999999996,133.0,4.2722576490827295,0.995359155817356,1.3866434851575524,0.0026651500751392267,-0.0007895449378048823,0.0009216402285371283,0.06252840091468792,-0.2599773705005646,0.14349718391895294,0.22453811764717102,1.7908082008361816,0.337166965007782,-0.43328070640563965,-0.9547238945960999,-0.4967588782310486,-1.8618910312652588,0.9160308837890625,1.0393030643463135,-1.2826131582260132
0.4551758749999989,0.0034223749999999996,133.0,4.295627397440177,1.0171069447948922,1.3879784134101414,0.002906257730396447,-0.0008650797018184036,0.000991969070013267,0.0625645396939487,-0.258390873670578,0.1455651819705963,0.22733697295188904,1.8009158372879028,0.35213029384613037,-0.4467439651489258,-0.9629777669906616,-0.5045421719551086,-1.857627034187317,0.8963959217071533,1.026016354560852,-1.2848563194274902
0.4551758749999989,0.0034223749999999996,133.0,4.318240473728529,1.0376220078610146,1.3890656819519431,0.0031571231129166465,-0.0009518578333966304,0.0010698168828712769,0.06259696454498587,-0.2569974958896637,0.1464647352695465,0.2261228859424591,1.7994056940078735,0.35634130239486694,-0.4540519714355469,-0.9635043740272522,-0.4998089671134949,-1.86689293384552,0.8993124961853027,1.034654140472412,-1.2882319688796997
0.4551758749999989,0.0034223749999999996,133.0,4.340006236563314,1.0571530443842223,1.3903324704878877,0.0034101255255622707,-0.0010437118922036414,0.0011436401034014725,0.06262240411437864,-0.25531449913978577,0.14544478058815002,0.2257796823978424,1.797483205795288,0.3551703095436096,-0.45974278450012207,-0.9729398488998413,-0.4987613558769226,-1.865415096282959,0.8936076164245605,1.046999216079712,-1.287440538406372
0.4551758749999989,0.0034223749999999996,133.0,4.360541351527187,1.0767782736030025,1.39226249827371,0.0036120816635172035,-0.0011098400318924207,0.0011917646420480747,0.06263178977909238,-0.25467976927757263,0.14697115123271942,0.2273009717464447,1.803979516029358,0.3677881956100464,-0.4684634208679199,-0.9770169258117676,-0.5035302042961121,-1.8665860891342163,0.8854565620422363,1.0421366691589355,-1.2891504764556885
0.4551758749999989,0.0034223749999999996,133.0,4.3804547930055175,1.0949226396857896,1.393395894337004,0.003836362581284853,-0.0011862573185097273,0.0012518539510017427,0.06265488860523045,-0.25327494740486145,0.14850834012031555,0.22974362969398499,1.8117681741714478,0.377347469329834,-0.47913050651550293,-0.9857397079467773,-0.5095109343528748,-1.860580325126648,0.8678300380706787,1.0305498838424683,-1.2908809185028076
0.4551758749999989,0.0034223749999999996,133.0,4.399359460119814,1.1119942861443894,1.3938846070503919,0.004025242502635696,-0.0012571969398459193,0.0013064826513529261,0.06270337871201688,-0.2516976296901703,0.14808502793312073,0.2294771373271942,1.8100380897521973,0.37683162093162537,-0.48512959480285645,-0.9924181699752808,-0.507695734500885,-1.8610272407531738,0.8636236190795898,1.0394368171691895,-1.2910521030426025
0.4551758749999989,0.0034223749999999996,133.0,4.417401336591292,1.1290109351692397,1.3950875019100155,0.004253041122432748,-0.0013324455882518696,0.0013696718882725567,0.06272324213096393,-0.25111886858940125,0.1492725908756256,0.2288806140422821,1.8104130029678345,0.38706934452056885,-0.4922633171081543,-0.9891400933265686,-0.5060283541679382,-1.8714929819107056,0.8681325912475586,1.045975685119629,-1.293217658996582
0.4551758749999989,0.0034223749999999996,133.0,4.4347607642875815,1.1446202983429121,1.3965859808429542,0.004450640797152729,-0.0014124764689821476,0.0014158217263846983,0.06274864052881561,-0.24977543950080872,0.1503322720527649,0.23108896613121033,1.817171335220337,0.3944604694843292,-0.5005006790161133,-0.9978629350662231,-0.5118330121040344,-1.8645594120025635,0.8506972789764404,1.0349347591400146,-1.2940908670425415
0.4551758749999989,0.0034223749999999996,133.0,4.451214094993596,1.1591708169740416,1.396943554045128,0.004648865838287337,-0.0014769973002938695,0.0014644260352427436,0.06278556803780729,-0.24788835644721985,0.14994509518146515,0.2313915193080902,1.8162257671356201,0.3986509442329407,-0.5088324546813965,-1.002408504486084,-0.5125692486763,-1.8620107173919678,0.8417079448699951,1.0405263900756836,-1.292467474937439
0.4551758749999989,0.0034223749999999996,133.0,4.466993578343409,1.1728215596103735,1.3977421735428157,0.00479546136880757,-0.0015419857280698703,0.0015040787290574048,0.06282949186426397,-0.24575981497764587,0.14881420135498047,0.23138371109962463,1.8140302896499634,0.4022093713283539,-0.515967607498169,-1.006935954093933,-0.5139394402503967,-1.8565948009490967,0.8310308456420898,1.0480509996414185,-1.2889598608016968
0.4551758749999989,0.0034223749999999996,133.0,4.481817500730074,1.1860692357595588,1.3985679706564078,0.004936860670671205,-0.0015873940489422192,0.0015259463646591445,0.06286107805354829,-0.24343541264533997,0.1494448482990265,0.23256096243858337,1.81597101688385,0.40725821256637573,-0.525130033493042,-1.0116028785705566,-0.516487181186676,-1.8473930358886719,0.8133895397186279,1.0389763116836548,-1.288313627243042
0.4551758749999989,0.0034223749999999996,133.0,4.495843476435075,1.198408626035225,1.3995677501646455,0.005081652927393555,-0.0016439299281688715,0.0015581936750176614,0.0628934655308585,-0.24106988310813904,0.1482582837343216,0.23221305012702942,1.8125133514404297,0.4105829894542694,-0.5321083068847656,-1.014282464981079,-0.5164151787757874,-1.8431082963943481,0.8027722835540771,1.0459381341934204,-1.2849915027618408
0.4551758749999989,0.0034223749999999996,133.0,4.508884281088883,1.2100285141787297,1.400382943192864,0.005236973497379043,-0.0016996241724624326,0.0015928710794318314,0.06292429164926479,-0.2394009530544281,0.14867226779460907,0.23442652821540833,1.8168041706085205,0.42158040404319763,-0.5426168441772461,-1.0170589685440063,-0.5230223536491394,-1.8348515033721924,0.7838585376739502,1.038159728050232,-1.2826101779937744
0.4551758749999989,0.0034223749999999996,133.0,4.520711018133948,1.2217481643121675,1.4019379620845862,0.005401881690511021,-0.0017513557305833909,0.0016270775663511361,0.06292937789906938,-0.23927071690559387,0.15079852938652039,0.2351337969303131,1.820917010307312,0.4408074915409088,-0.5515527725219727,-1.0077178478240967,-0.5263438820838928,-1.8420692682266235,0.7829370498657227,1.0338985919952393,-1.2834303379058838
0.4551758749999989,0.0034223749999999996,133.0,4.531493100907302,1.233107139413251,1.4035039869208916,0.005561649126700165,-0.0018004955978619369,0.0016615081163281124,0.06292902604677042,-0.23937949538230896,0.1553049385547638,0.23848691582679749,1.833640694618225,0.4638366401195526,-0.5630154609680176,-1.0012816190719604,-0.5353237986564636,-1.8412777185440063,0.7683701515197754,1.0043061971664429,-1.2870129346847534
0.4551758749999989,0.0034223749999999996,133.0,4.541558462638614,1.2432784729478805,1.4051483360549195,0.005749198328315035,-0.0018509768502572622,0.0016923854680619714,0.06293169294856056,-0.23948445916175842,0.1588815599679947,0.24142494797706604,1.8441394567489624,0.48238325119018555,-0.5722441673278809,-0.9970382452011108,-0.5431528687477112,-1.8394888639450073,0.7549352645874023,0.9795454740524292,-1.2895407676696777
0.4551758749999989,0.0034223749999999996,133.0,4.550151537434728,1.2545492526921083,1.407709070853746,0.005996109929383278,-0.001949923871684964,0.0017877698383971562,0.06278843498899356,-0.24147894978523254,0.16224157810211182,0.23865333199501038,1.8449193239212036,0.5048445463180542,-0.5738861560821533,-0.9737540483474731,-0.5379125475883484,-1.8673499822616577,0.7828795909881592,0.9870465993881226,-1.2957675457000732
0.4551758749999989,0.0034223749999999996,133.0,4.558226352826952,1.263426909653583,1.4090197578165105,0.006279476241823816,-0.002031068794350307,0.0018544383856263064,0.06278263616421294,-0.2420124113559723,0.16571356356143951,0.23997703194618225,1.8523207902908325,0.5238926410675049,-0.5806677341461182,-0.9643921256065369,-0.5425389409065247,-1.870924711227417,0.7795059680938721,0.9696783423423767,-1.2984838485717773
0.4551758749999989,0.0034223749999999996,133.0,4.5655307599087624,1.2709686534327567,1.4101121653624338,0.006701150647053504,-0.0021736805481498587,0.0019687830635015465,0.06279443414672471,-0.2421187460422516,0.16905203461647034,0.2433275282382965,1.863357424736023,0.5403344035148621,-0.5885772705078125,-0.9636445641517639,-0.5518712401390076,-1.8622125387191772,0.7607376575469971,0.939673900604248,-1.2999839782714844
0.4551758749999989,0.0034223749999999996,133.0,4.571845370478669,1.277999252908925,1.4111866712025414,0.0074163509461625185,-0.0023987259855736093,0.002158916866337999,0.06279058928026214,-0.24249157309532166,0.17175592482089996,0.24437353014945984,1.8694645166397095,0.5545110106468201,-0.59385085105896,-0.9581112861633301,-0.55497807264328,-1.8619734048843384,0.7556605339050293,0.9228625297546387,-1.3029201030731201
0.4551758749999989,0.0034223749999999996,133.0,4.57739819690197,1.2839669413129449,1.4124587818231389,0.009025371135194893,-0.0029417060253139633,0.0025987133572669095,0.06279645797128001,-0.24247702956199646,0.17397090792655945,0.2468959391117096,1.8784563541412354,0.5641466975212097,-0.5995635986328125,-0.9633791446685791,-0.5597590804100037,-1.848734974861145,0.7373864650726318,0.8945429921150208,-1.3069453239440918
0.4551758749999989,0.0034223749999999996,133.0,4.581981106196878,1.2885467205937922,1.4134485387179168,0.016721285503102614,-0.005591814259197735,0.004690921072241558,0.06280465820035017,-0.24161627888679504,0.17062310874462128,0.24796554446220398,1.8835656642913818,0.5704547762870789,-0.6080467700958252,-0.9889442324638367,-0.5550641417503357,-1.8127517700195312,0.711348295211792,0.8818996548652649,-1.3166632652282715
0.4551758749999989,0.0034223749999999996,133.0,4.603785066768228,-1.2001674805536304,1.2873897190765553,-0.014502657103500197,-0.0015620477959748225,-0.006451035278217761,0.06727328499030995,-0.06037047505378723,0.19863252341747284,-0.10609331727027893,1.0987145900726318,0.5046475529670715,-1.174377679824829,0.023051971569657326,0.04117429256439209,-0.7517380118370056,0.6868693828582764,0.9164659380912781,-1.1411596536636353
0.4551758749999989,0.0034223749999999996,133.0,4.599116468340635,-1.1949965078059634,1.2875286933124221,-0.007811882964565397,-0.0008415844065949599,-0.0035205387466710164,0.06724195288109072,-0.062161147594451904,0.2014959454536438,-0.10536423325538635,1.101086139678955,0.5052811503410339,-1.1755805015563965,0.03223811835050583,0.03790035843849182,-0.7506821751594543,0.7180607318878174,0.8901421427726746,-1.1397676467895508
0.4551758749999989,0.0034223749999999996,133.0,4.593090649956601,-1.1890289144100274,1.2873709252228964,-0.006418926348424276,-0.0006930085996435789,-0.0028951572576438388,0.06721695584386154,-0.06435701251029968,0.20243416726589203,-0.10704448819160461,1.103976845741272,0.5121414065361023,-1.1656126976013184,0.05121755227446556,0.035281628370285034,-0.7472071647644043,0.7263689041137695,0.8682865500450134,-1.1399264335632324
0.4551758749999989,0.0034223749999999996,133.0,4.586528989604342,-1.1828527220262506,1.2869599728784071,-0.005803823017405101,-0.000651821430424529,-0.0026194217746868553,0.06720032762703587,-0.0659843385219574,0.20277759432792664,-0.10901609063148499,1.10530686378479,0.515451192855835,-1.1567487716674805,0.07001876831054688,0.03428149223327637,-0.7410236597061157,0.731236457824707,0.8494958877563477,-1.1401903629302979
0.4551758749999989,0.0034223749999999996,133.0,4.5789058032172765,-1.1758027334120558,1.286470006241895,-0.0054457996300397065,-0.0006448454857864677,-0.002459398728807644,0.06717930136441135,-0.06837934255599976,0.2031271904706955,-0.11166182160377502,1.107684850692749,0.5205894112586975,-1.1445386409759521,0.09585995972156525,0.03237512707710266,-0.7332677245140076,0.7363488674163818,0.8248080015182495,-1.1406073570251465
0.4551758749999989,0.0034223749999999996,133.0,4.56995339881103,-1.1696770669093854,1.2833959100729333,-0.005191935456115028,-0.0006908184810643234,-0.002343251457795864,0.06722191348654022,-0.0682520866394043,0.2017902135848999,-0.11466807126998901,1.1033787727355957,0.5199890732765198,-1.136610984802246,0.12179838120937347,0.03465300798416138,-0.7170265913009644,0.7368388175964355,0.8082384467124939,-1.1386499404907227
0.4551758749999989,0.0034223749999999996,133.0,4.560666106417775,-1.161342330442081,1.2825937238197818,-0.004982498054312453,-0.0007124010252041479,-0.0022517093810647095,0.06720035144609567,-0.07069912552833557,0.20058490335941315,-0.11992982029914856,1.1029436588287354,0.533324122428894,-1.1166961193084717,0.16812990605831146,0.034071385860443115,-0.7039434909820557,0.7428407669067383,0.7804606556892395,-1.1377583742141724
0.4551758749999989,0.0034223749999999996,133.0,4.550562441078183,-1.151830579519011,1.2820739303564241,-0.004827258441631718,-0.0007117244374648359,-0.002180516021138111,0.0671843294191591,-0.0728766918182373,0.20116321742534637,-0.12213444709777832,1.1045589447021484,0.5311525464057922,-1.1072559356689453,0.1887148767709732,0.03312641382217407,-0.6929715275764465,0.74642014503479,0.7535264492034912,-1.1382917165756226
0.4551758749999989,0.0034223749999999996,133.0,4.539397408917542,-1.1415651357927106,1.2813582176773737,-0.004686780430007862,-0.000729208033545333,-0.0021171785889672417,0.06715898310822795,-0.07539719343185425,0.19985994696617126,-0.12762218713760376,1.1024384498596191,0.5364413261413574,-1.0882346630096436,0.2373085469007492,0.03421628475189209,-0.6739525198936462,0.7529029846191406,0.7174035906791687,-1.137312889099121
0.4551758749999989,0.0034223749999999996,133.0,4.527659461746741,-1.130774358767508,1.2807231626293254,-0.00454444506480153,-0.000751435327970749,-0.0020538481358639248,0.06713790347566272,-0.07801568508148193,0.19916559755802155,-0.13212719559669495,1.1017489433288574,0.5413510203361511,-1.071660041809082,0.2775810658931732,0.033975422382354736,-0.6574162244796753,0.758185625076294,0.6850801706314087,-1.1363821029663086
0.4551758749999989,0.0034223749999999996,133.0,4.5152700957573435,-1.1189568448071014,1.2803051615315186,-0.004413157307903234,-0.0007544483479303,-0.001994593774358345,0.06713130205952472,-0.07926854491233826,0.1988346427679062,-0.13514500856399536,1.099576711654663,0.5374696850776672,-1.0622084140777588,0.30196964740753174,0.035670340061187744,-0.6417595148086548,0.7607240676879883,0.6593513488769531,-1.1358190774917603
0.4551758749999989,0.0034223749999999996,133.0,4.502179927756291,-1.1063482787533312,1.2799087008012762,-0.00428100119651861,-0.0007492269055629977,-0.0019325442743151873,0.06712565157908196,-0.0799303650856018,0.19755738973617554,-0.1390451192855835,1.0952701568603516,0.5390520691871643,-1.0520048141479492,0.33209607005119324,0.038288652896881104,-0.6242702007293701,0.7628262042999268,0.6406012773513794,-1.1341451406478882
0.4551758749999989,0.0034223749999999996,133.0,4.4885900732844455,-1.092620760167834,1.2799953470524446,-0.004167535900848643,-0.0007246164039455547,-0.0018793193555500826,0.06714056427615447,-0.07946625351905823,0.19792293012142181,-0.13993588089942932,1.0923197269439697,0.5305199027061462,-1.0509932041168213,0.3352356553077698,0.04098203778266907,-0.6126918792724609,0.7608141899108887,0.627642810344696,-1.1337250471115112
0.4551758749999989,0.0034223749999999996,133.0,4.474529509042621,-1.0787259708307881,1.2798424263641268,-0.004018970481096015,-0.0007077712500831139,-0.0018141275372970213,0.06716834264281055,-0.07775115966796875,0.19660362601280212,-0.14242863655090332,1.084749698638916,0.5272855162620544,-1.047959566116333,0.34931477904319763,0.04651731252670288,-0.5971047878265381,0.7574801445007324,0.6173508763313293,-1.1317039728164673
0.4551758749999989,0.0034223749999999996,133.0,4.459055900582553,-1.063459397353811,1.2797850529044676,-0.003835517051626783,-0.0006835766958568618,-0.0017328842400941805,0.06717513213134559,-0.07709598541259766,0.19599415361881256,-0.14468920230865479,1.079479694366455,0.5230276584625244,-1.0433533191680908,0.36412325501441956,0.05000850558280945,-0.5818589925765991,0.7547972202301025,0.5986039042472839,-1.1298867464065552
0.4551758749999989,0.0034223749999999996,133.0,4.44287756902569,-1.047479729155172,1.2798281398612703,-0.003664223434063509,-0.0006577590590592369,-0.0016558985207873569,0.06718798263129261,-0.07661503553390503,0.19571320712566376,-0.14654317498207092,1.0748965740203857,0.5205390453338623,-1.0392546653747559,0.377804696559906,0.052529335021972656,-0.5672728419303894,0.7515058517456055,0.5788350701332092,-1.1277804374694824
0.4551758749999989,0.0034223749999999996,133.0,4.425776186711702,-1.030539054801108,1.2799587852080496,-0.003470072458223201,-0.0006261439167403193,-0.0015689115285049686,0.06720023470896676,-0.0764620304107666,0.1960604339838028,-0.14787229895591736,1.0715789794921875,0.5115745663642883,-1.0359206199645996,0.38705646991729736,0.05451419949531555,-0.5533525943756104,0.747807502746582,0.5531825423240662,-1.1263365745544434
0.4551758749999989,0.0034223749999999996,133.0,4.408467646340327,-1.01313130429008,1.2802104693246257,-0.0032834151859378385,-0.0005898744710997002,-0.0014876780498686616,0.06724071323638894,-0.0731365978717804,0.1951494961977005,-0.1488496959209442,1.0628643035888672,0.5004090666770935,-1.039907455444336,0.386779248714447,0.06099960207939148,-0.5390821099281311,0.7384388446807861,0.5434232950210571,-1.1241275072097778
0.4551758749999989,0.0034223749999999996,133.0,4.389564867615159,-0.9943625156246524,1.2803175413450238,-0.00309399520199889,-0.000559124122384278,-0.0014007539890369158,0.067242678816697,-0.07356604933738708,0.19581210613250732,-0.15029722452163696,1.060357928276062,0.49515584111213684,-1.0340981483459473,0.4001519978046417,0.061453402042388916,-0.5231136679649353,0.7339739799499512,0.5125057697296143,-1.1219522953033447
0.4551758749999989,0.0034223749999999996,133.0,4.370055329480851,-0.9751853268365278,1.2802540968534615,-0.002921521940756363,-0.0005399663327795909,-0.0013239475495868897,0.0672571865154002,-0.07277676463127136,0.19498193264007568,-0.1531289517879486,1.0526807308197021,0.485605388879776,-1.0282340049743652,0.4222372770309448,0.06591293215751648,-0.4997142255306244,0.7287082672119141,0.4800044596195221,-1.1186870336532593
0.4551758749999989,0.0034223749999999996,133.0,4.349863758301838,-0.9547941810784383,1.2804751156445746,-0.0026977568089296307,-0.0004928361791690899,-0.0012250786129754181,0.06728723497262726,-0.07056725025177002,0.19511394202709198,-0.15364360809326172,1.0461300611495972,0.47168707847595215,-1.0298676490783691,0.4224947392940521,0.07029914855957031,-0.48344072699546814,0.7189793586730957,0.46012136340141296,-1.1164265871047974
0.4551758749999989,0.0034223749999999996,133.0,4.3282979431251585,-0.9346512594522689,1.2802331729420051,-0.0024730422124740674,-0.00048066937622112975,-0.0011253975100922176,0.0672863195370186,-0.0717686116695404,0.1924254447221756,-0.16010165214538574,1.035178542137146,0.47845739126205444,-1.0119976997375488,0.4808741807937622,0.0743032693862915,-0.44913172721862793,0.7185757160186768,0.4112376868724823,-1.1095632314682007
0.4551758749999989,0.0034223749999999996,133.0,4.306461417795088,-0.9130803830247787,1.280158674211358,-0.0022621133786961383,-0.0004466927077604061,-0.0010304670191223714,0.06730729884007738,-0.06973913311958313,0.19061914086341858,-0.16317299008369446,1.0240864753723145,0.47230660915374756,-1.0076704025268555,0.5038739442825317,0.0802200436592102,-0.423934668302536,0.7096226215362549,0.38394618034362793,-1.104421615600586
0.4551758749999989,0.0034223749999999996,133.0,4.283348486497493,-0.8903889477761687,1.2801560731419304,-0.0020529934671738408,-0.00041011483709206564,-0.000936502508124716,0.06731819944892652,-0.06980419158935547,0.19051164388656616,-0.1655760109424591,1.0170304775238037,0.4607754051685333,-1.0002400875091553,0.5257716774940491,0.08311164379119873,-0.39827796816825867,0.703059196472168,0.3422676920890808,-1.1001150608062744
0.4551758749999989,0.0034223749999999996,133.0,4.25942278705305,-0.8662786577464272,1.2803173965125154,-0.0018880786426053418,-0.00037427321205183415,-0.0008596735320871398,0.06731711008812875,-0.06950432062149048,0.19204387068748474,-0.16573327779769897,1.013974905014038,0.44702792167663574,-0.9964919090270996,0.5278151631355286,0.08374306559562683,-0.3813372850418091,0.6927764415740967,0.30855244398117065,-1.097469687461853
0.4551758749999989,0.0034223749999999996,133.0,4.2351013098938735,-0.8418672711424049,1.280700771523777,-0.0016826073496587553,-0.00032770920887766796,-0.0007701255618949173,0.06735640307227961,-0.06589195132255554,0.19123366475105286,-0.16661357879638672,1.0033066272735596,0.433042049407959,-0.9989635944366455,0.5300704836845398,0.090261310338974,-0.36209434270858765,0.678159236907959,0.290240615606308,-1.0932918787002563
0.4551758749999989,0.0034223749999999996,133.0,4.209492776988153,-0.8168706062888619,1.2807367042137217,-0.0014923827811494398,-0.000298238158787978,-0.0006861121114785919,0.06736671396183286,-0.06494992971420288,0.19010469317436218,-0.1696111559867859,0.992110550403595,0.4213041663169861,-0.9916346073150635,0.5560582280158997,0.09550639986991882,-0.3325611352920532,0.6687400341033936,0.2495572566986084,-1.087263822555542
0.4551758749999989,0.0034223749999999996,133.0,4.183180562147779,-0.7914286822301051,1.2807059075190546,-0.001305093959863938,-0.0002697402304196574,-0.0006011318236262398,0.06737600685774658,-0.06629496812820435,0.18959160149097443,-0.17313119769096375,0.9824559688568115,0.4142109751701355,-0.9779863357543945,0.593059778213501,0.09769997000694275,-0.29838114976882935,0.662426233291626,0.19440513849258423,-1.0796496868133545
0.4551758749999989,0.0034223749999999996,133.0,4.156026735970832,-0.7648544343099174,1.2807175721455626,-0.001150066815919697,-0.00024210370617828975,-0.000531364645821979,0.06739027634599146,-0.06427490711212158,0.18678520619869232,-0.17738839983940125,0.96446293592453,0.4019952416419983,-0.9699335098266602,0.6307597160339355,0.10596141219139099,-0.25821489095687866,0.6497948169708252,0.15060806274414062,-1.0699057579040527
0.4551758749999989,0.0034223749999999996,133.0,4.128243550190007,-0.7375978357589579,1.280740792825189,-0.001011852309778012,-0.00021634505707782885,-0.00046929019113534055,0.06741541347930885,-0.06319066882133484,0.18515519797801971,-0.1807953119277954,0.9486902356147766,0.38657060265541077,-0.9600934982299805,0.663902223110199,0.11230850219726562,-0.2189263552427292,0.6370751857757568,0.1022627130150795,-1.060362458229065
0.4551758749999989,0.0034223749999999996,133.0,4.099288962825016,-0.7093534457593688,1.2807162279061082,-0.000834247805428526,-0.0001817738599076819,-0.00038721884562661993,0.06742065774854719,-0.06139731407165527,0.18308581411838531,-0.18400362133979797,0.930976390838623,0.3735395669937134,-0.9518342018127441,0.6963456273078918,0.1189698576927185,-0.17911936342716217,0.6217672824859619,0.058059342205524445,-1.0492260456085205
0.4551758749999989,0.0034223749999999996,133.0,4.06959203599541,-0.6805520834937865,1.2807310771138527,-0.0006992180062659589,-0.00015738415235479845,-0.0003248557933641527,0.06742402430288277,-0.06204226613044739,0.18085357546806335,-0.18837404251098633,0.911733090877533,0.363002747297287,-0.9363579750061035,0.7457486391067505,0.12425827980041504,-0.1287517249584198,0.6103353500366211,-0.0031401794403791428,-1.0351444482803345
0.4551758749999989,0.0034223749999999996,133.0,4.03901307058882,-0.6506608603198599,1.2808611082484096,-0.0005239426252157275,-0.00012000498177134726,-0.000244566727830911,0.06743303551138703,-0.06081414222717285,0.17899633944034576,-0.1912473738193512,0.8927802443504333,0.3448261618614197,-0.926091194152832,0.7783216238021851,0.13069963455200195,-0.0856223851442337,0.5943186283111572,-0.05345736816525459,-1.0225121974945068
0.4551758749999989,0.0034223749999999996,133.0,4.007789588958514,-0.6196931313246351,1.2810337979109354,-0.0003285424890983076,-7.504573083911726e-5,-0.00015441248106902827,0.06745386212785047,-0.05904334783554077,0.17800192534923553,-0.19287031888961792,0.8756113052368164,0.3245880603790283,-0.9175424575805664,0.800191342830658,0.13568738102912903,-0.04655905440449715,0.5754055976867676,-0.10038281232118607,-1.0101765394210815
0.4551758749999989,0.0034223749999999996,133.0,3.9755646771962025,-0.5879986059426346,1.2812471658738804,-0.000153262762260766,-3.52605087459423e-5,-7.266955210516401e-5,0.06746275221061135,-0.055979132652282715,0.17645424604415894,-0.19407936930656433,0.8562524318695068,0.30241382122039795,-0.912665605545044,0.8180162310600281,0.14203089475631714,-0.008785782381892204,0.55385422706604,-0.14033275842666626,-0.9970560073852539
0.4551758749999989,0.0034223749999999996,133.0,3.9424055279975354,-0.556153993421055,1.2815970046122132,1.6954725466766163e-5,4.0102490899924675e-6,8.115189376357416e-6,0.0674654834112808,-0.05475980043411255,0.1727253496646881,-0.19753368198871613,0.829413652420044,0.2871965765953064,-0.9007782936096191,0.8627856373786926,0.15008562803268433,0.045234452933073044,0.5357725620269775,-0.19100375473499298,-0.978229284286499
0.4551758749999989,0.0034223749999999996,133.0,3.908175119713611,-0.5228761592946424,1.281829528969062,0.0001869438089949191,4.462794470877954e-5,9.035840983240615e-5,0.0674588537709588,-0.053399473428726196,0.1705169975757599,-0.19949966669082642,0.8058143258094788,0.26468250155448914,-0.8879621028900146,0.8938719034194946,0.15631526708602905,0.09442197531461716,0.5154421329498291,-0.24113550782203674,-0.9607391953468323
0.4551758749999989,0.0034223749999999996,133.0,3.873134536804672,-0.4883798847907248,1.2817819196172342,0.0003707516089741369,8.872383516996236e-5,0.000180542445902856,0.06744139277641481,-0.05203017592430115,0.16996686160564423,-0.20016376674175262,0.7873383164405823,0.2417445182800293,-0.8748559951782227,0.9108105301856995,0.15927499532699585,0.13523747026920319,0.49315452575683594,-0.28872841596603394,-0.9450440406799316
0.4551758749999989,0.0034223749999999996,133.0,3.837276164038699,-0.45354215621100985,1.2820021823724628,0.0005145289835916683,0.0001246072952125147,0.00025303558396538866,0.0674268387990974,-0.05073431134223938,0.167739599943161,-0.2015613466501236,0.7624921202659607,0.21830469369888306,-0.8597676753997803,0.9385178089141846,0.1649532914161682,0.18462908267974854,0.47156548500061035,-0.33466315269470215,-0.9257680177688599
0.4551758749999989,0.0034223749999999996,133.0,3.8006058314340643,-0.41788602636689776,1.282214836219354,0.0006762133259174527,0.00016574012991094265,0.0003359095106106026,0.06740913769949575,-0.04940477013587952,0.16534322500228882,-0.2026168406009674,0.7359769940376282,0.1937912255525589,-0.8426892757415771,0.9655890464782715,0.1704399585723877,0.23636269569396973,0.448894739151001,-0.37918636202812195,-0.9046354293823242
0.4551758749999989,0.0034223749999999996,133.0,3.762930913694666,-0.3813848161416899,1.2825657907289596,0.0008475592935140895,0.0002094403759216095,0.000426936409014248,0.06738372245713202,-0.04807564616203308,0.16271868348121643,-0.20330174267292023,0.7070735096931458,0.16797444224357605,-0.8224973678588867,0.9923073649406433,0.1759355664253235,0.29092684388160706,0.4251441955566406,-0.4217372238636017,-0.881129801273346
0.4551758749999989,0.0034223749999999996,133.0,3.7246869325718297,-0.34417536644962454,1.2828143652304191,0.0010421283889256866,0.0002598037512410264,0.0005309864609837087,0.06735514924867575,-0.04665869474411011,0.159934863448143,-0.20347380638122559,0.6768718957901001,0.14111647009849548,-0.7996175289154053,1.0166685581207275,0.18099796772003174,0.34697288274765015,0.40012311935424805,-0.4602196216583252,-0.855904221534729
0.4551758749999989,0.0034223749999999996,133.0,3.685441150362186,-0.3061122019366851,1.283199106817978,0.0012256988418656895,0.0003067731721694884,0.0006340307904001098,0.06731930077597818,-0.045279234647750854,0.156961128115654,-0.20306779444217682,0.6447771787643433,0.11377839744091034,-0.7728807926177979,1.0385680198669434,0.1859525442123413,0.40416356921195984,0.374528169631958,-0.4934760332107544,-0.8286989331245422
0.4551758749999989,0.0034223749999999996,133.0,3.6452946915698305,-0.26762263581889456,1.2837149011192397,0.0013442376410021043,0.00034285421830290865,0.0007022456647218046,0.0672739278646326,-0.04518747329711914,0.15304745733737946,-0.20203261077404022,0.609392523765564,0.09272310882806778,-0.7362856864929199,1.0643861293792725,0.1909470558166504,0.4697454273700714,0.35048913955688477,-0.5179077386856079,-0.7982727885246277
0.4551758749999989,0.0034223749999999996,133.0,3.6041199315237153,-0.22785249798859744,1.2842077391111963,0.0014945041916674133,0.000382407311227513,0.0007954434742719885,0.0672230336465779,-0.04383152723312378,0.14962661266326904,-0.1997985988855362,0.5747417211532593,0.0675998330116272,-0.7013962268829346,1.0771986246109009,0.19577372074127197,0.5252212285995483,0.32581233978271484,-0.5333135724067688,-0.76845383644104
0.4551758749999989,0.0034223749999999996,133.0,3.562020309192195,-0.18648030801428206,1.2838327441393744,0.0016411368260586738,0.0004186957289031556,0.000889679460650331,0.06715126704794219,-0.041950076818466187,0.1478179693222046,-0.19696316123008728,0.5441724061965942,0.04292115569114685,-0.668257474899292,1.07747220993042,0.19685766100883484,0.574581503868103,0.30008959770202637,-0.55256587266922,-0.7389536499977112
0.4551758749999989,0.0034223749999999996,133.0,3.520363603390259,-0.1442298617078013,1.2871469875977948,0.0017756298487507933,0.0004365548650051461,0.0009906121992987046,0.06706125299670884,-0.04050746560096741,0.13720332086086273,-0.19112342596054077,0.4895459711551666,0.03314056247472763,-0.6203653812408447,1.0944126844406128,0.2129533588886261,0.6370357871055603,0.2838253974914551,-0.49265775084495544,-0.7006816864013672
0.4551758749999989,0.0034223749999999996,133.0,3.4756337070893415,-0.10161917387203374,1.2875207674044833,0.001868701948973015,0.00047906714760355835,0.0010588077367958033,0.06694619680719142,-0.0422855019569397,0.13301889598369598,-0.18627086281776428,0.4575246274471283,0.036025676876306534,-0.5563466548919678,1.0988088846206665,0.21635377407073975,0.6923741698265076,0.2702815532684326,-0.4691501557826996,-0.6721094846725464
0.4551758749999989,0.0034223749999999996,133.0,3.424649020662406,-0.05511951280107512,1.2896366338085434,0.0018257301429443304,0.0004824528284571258,0.0011124725482670565,0.06665762352251078,-0.051149189472198486,0.1429099440574646,-0.19290539622306824,0.4900895953178406,0.08397915214300156,-0.5801117420196533,1.0869849920272827,0.2014019787311554,0.6572871804237366,0.3518991470336914,-0.4767134189605713,-0.6900494694709778
0.4551758749999989,0.0034223749999999996,133.0,3.3552277408154896,0.016323760464622153,1.2874538822229358,0.001684699755820667,-0.0001796606252446856,0.0013498061884343754,0.06489270590095449,-0.11853247880935669,0.2169288992881775,-0.15850943326950073,0.6750248670578003,0.3078083395957947,-0.4391186237335205,0.21731063723564148,0.2425726354122162,-1.0702241659164429,1.391221523284912,0.41431915760040283,-0.9145514369010925
0.4551758749999989,0.0034223749999999996,133.0,3.2751388427317973,0.045192914852944195,1.2840326016263144,0.0001077620351469436,-4.012351812217302e-6,7.860765235449546e-5,0.06344556937066365,-0.3710917532444,0.11469295620918274,-0.0683298110961914,1.1339507102966309,-0.4808497428894043,0.6741734743118286,0.21285542845726013,-0.03934818506240845,-1.0427289009094238,2.2180352210998535,0.3256997764110565,-1.0934656858444214
0.4551758749999989,0.0034223749999999996,133.0,3.310919796003201,0.08371372095611278,1.2936372005235406,-0.0018541511459526888,5.205864975731683e-5,-0.0012721988368994558,0.06272072761529122,-0.34032389521598816,0.07474490255117416,0.03659394383430481,1.1953963041305542,-0.07428540289402008,0.33052492141723633,-0.12421655654907227,-0.26767951250076294,-1.2588050365447998,1.955132007598877,0.5369520783424377,-0.9228518009185791
0.4551758749999989,0.0034223749999999996,133.0,3.3349246726843265,0.13990195351620707,1.3160676203450798,-0.002234575140414336,0.0005138074957602882,-0.0012975397595691635,0.06110332512956675,-0.3695521056652069,0.046308379620313644,0.1306224763393402,1.3528618812561035,-0.5702553391456604,0.2875857353210449,-0.7890520095825195,-0.33470720052719116,-1.1334691047668457,1.7187156677246094,1.431601881980896,-1.0094314813613892
0.4551758749999989,0.0034223749999999996,133.0,3.372698671094882,0.1884737538135444,1.325096127445664,-0.002269178522449242,0.0006209072144260367,-0.0012290167181473431,0.060661441954303494,-0.35954728722572327,0.047579746693372726,0.15325090289115906,1.415414810180664,-0.5535288453102112,0.21536779403686523,-0.8526408076286316,-0.35726165771484375,-1.1142748594284058,1.545121669769287,1.4588769674301147,-1.048749566078186
0.4551758749999989,0.0034223749999999996,133.0,3.4164573491638857,0.23189671960459834,1.3292124868828727,-0.002155608255884137,0.0005817773663813535,-0.0011256979341234105,0.0606702162412499,-0.34389927983283997,0.05448411405086517,0.1680419147014618,1.4608180522918701,-0.45131316781044006,0.1380753517150879,-0.8536462187767029,-0.36517268419265747,-1.1712548732757568,1.4167180061340332,1.4621589183807373,-1.0856465101242065
0.4551758749999989,0.0034223749999999996,133.0,3.4603596098531613,0.2734827558127784,1.3326350897390846,-0.001979421590307563,0.0005306190717023183,-0.0010010693231968595,0.060750323045839716,-0.3368121087551117,0.06545109301805496,0.17642834782600403,1.4988536834716797,-0.35768136382102966,0.09189343452453613,-0.8447384238243103,-0.36777275800704956,-1.2782002687454224,1.3606019020080566,1.37003755569458,-1.1207939386367798
0.4551758749999989,0.0034223749999999996,133.0,3.504041828613624,0.31343014540698444,1.3348329305770166,-0.0017549035144763688,0.00046377381517461743,-0.0008663920574648279,0.060916738022827065,-0.331361323595047,0.07261855900287628,0.17675647139549255,1.506399154663086,-0.2969198524951935,0.05685830116271973,-0.823175847530365,-0.3599367141723633,-1.3762791156768799,1.3450629711151123,1.3236645460128784,-1.1361511945724487
0.4551758749999989,0.0034223749999999996,133.0,3.546586161051941,0.35298649231496887,1.3367582038788244,-0.0016510285926841725,0.0004305119854363584,-0.0007986952332905599,0.061057990943334,-0.3254285752773285,0.08001600950956345,0.18298330903053284,1.5386569499969482,-0.23903658986091614,0.01989579200744629,-0.8303107619285583,-0.36852312088012695,-1.4470399618148804,1.3005070686340332,1.2708901166915894,-1.1595340967178345
0.4551758749999989,0.0034223749999999996,133.0,3.588702221888656,0.391860251849679,1.3390708675201504,-0.0014125454166875697,0.0003654679128172631,-0.0006689972527416795,0.06116303620160674,-0.3208431303501129,0.08694643527269363,0.1836986243724823,1.5515881776809692,-0.18397212028503418,-0.010740041732788086,-0.8170170783996582,-0.36554139852523804,-1.527101755142212,1.2892093658447266,1.2347012758255005,-1.1753904819488525
0.4551758749999989,0.0034223749999999996,133.0,3.629926526805134,0.43010403310601925,1.3416409773679379,-0.0012314799902495637,0.00031543220700689425,-0.0005671159530899494,0.061255980068824045,-0.3160497844219208,0.09529966115951538,0.18780311942100525,1.5786335468292236,-0.11391280591487885,-0.04601407051086426,-0.8109955787658691,-0.37261658906936646,-1.59510338306427,1.2633869647979736,1.1814632415771484,-1.195168137550354
0.4551758749999989,0.0034223749999999996,133.0,3.670061230619326,0.46733883037367274,1.3436501006335841,-0.0010002087264387503,0.00025675185496524204,-0.00045281278218910025,0.06136054394306083,-0.3104316294193268,0.09975433349609375,0.19321992993354797,1.6062617301940918,-0.06233057752251625,-0.08379793167114258,-0.8260323405265808,-0.3900655508041382,-1.632257342338562,1.2192468643188477,1.1547356843948364,-1.205093264579773
0.4551758749999989,0.0034223749999999996,133.0,3.7093746584988474,0.5038817104155019,1.3457028139960006,-0.0007951447920234485,0.00020512913338814295,-0.0003539725323387556,0.06145943872597549,-0.30684778094291687,0.10343996435403824,0.19181033968925476,1.6104625463485718,-0.03469330072402954,-0.10604667663574219,-0.8200247287750244,-0.386249303817749,-1.684938907623291,1.218137502670288,1.1551604270935059,-1.2132041454315186
0.4551758749999989,0.0034223749999999996,133.0,3.7477942764884014,0.5395965612735548,1.347576576392837,-0.000600544906214161,0.0001548217117770128,-0.0002620074738036864,0.06155010986031163,-0.3017730414867401,0.1095973402261734,0.19889268279075623,1.6441525220870972,0.018824968487024307,-0.14311623573303223,-0.8365269899368286,-0.40534526109695435,-1.7111904621124268,1.1702220439910889,1.1120504140853882,-1.2274892330169678
0.4551758749999989,0.0034223749999999996,133.0,3.7852805818277515,0.5744985742458757,1.3493145487270661,-0.0004126030086825252,0.00010642720361711249,-0.00017683600674159097,0.061635753592642485,-0.2978558838367462,0.11314035952091217,0.20125803351402283,1.6597305536270142,0.054624516516923904,-0.17085599899291992,-0.8421475291252136,-0.41444098949432373,-1.739536166191101,1.1476695537567139,1.1010311841964722,-1.2339071035385132
0.4551758749999989,0.0034223749999999996,133.0,3.8219299993081406,0.6084622544642166,1.3510621301881458,-0.00023099771517235982,6.017257879360796e-5,-9.788223976970338e-5,0.06171956049871231,-0.2943006455898285,0.11644978076219559,0.20370087027549744,1.674673318862915,0.0866706594824791,-0.19651556015014648,-0.8494672775268555,-0.4235755205154419,-1.7617709636688232,1.1257843971252441,1.0906081199645996,-1.2396492958068848
0.4551758749999989,0.0034223749999999996,133.0,3.8571157121992994,0.6415332390594373,1.3518679277684573,-6.870252060831878e-5,1.7991479470072763e-5,-2.8922462044780358e-5,0.06181467007678879,-0.2911025583744049,0.1192585825920105,0.20535042881965637,1.6861950159072876,0.11503962427377701,-0.2198772430419922,-0.8534179925918579,-0.43048006296157837,-1.7829692363739014,1.1095409393310547,1.0856735706329346,-1.244260549545288
0.4551758749999989,0.0034223749999999996,133.0,3.8914193745800993,0.6737437428863363,1.3531103976005843,0.00014811968249635744,-3.9282180372692843e-5,6.166118638853027e-5,0.06187974093358175,-0.2890593707561493,0.11983934789896011,0.2024228870868683,1.6812149286270142,0.11257438361644745,-0.2272484302520752,-0.8577998280525208,-0.4215611219406128,-1.8087358474731445,1.1181299686431885,1.1086591482162476,-1.2484074831008911
0.4551758749999989,0.0034223749999999996,133.0,3.926316095128583,0.7032715974257563,1.3532468377775537,0.00034881038219447205,-9.293447511260909e-5,0.00014199533979257844,0.0620931316434105,-0.283955842256546,0.12054070085287094,0.2069416344165802,1.6970622539520264,0.13954651355743408,-0.2576406002044678,-0.8785464763641357,-0.4390709400177002,-1.8033336400985718,1.0753333568572998,1.1014368534088135,-1.2465919256210327
0.4551758749999989,0.0034223749999999996,133.0,3.958971871825997,0.7339589974689076,1.3546528279975993,0.0005509591744136284,-0.00014844418389540394,0.0002213948141602635,0.0621553979628215,-0.2807610332965851,0.12513668835163116,0.21194657683372498,1.7186232805252075,0.16382277011871338,-0.2810397148132324,-0.8957135677337646,-0.4498324394226074,-1.8072242736816406,1.041529655456543,1.070724606513977,-1.2571918964385986
0.4551758749999989,0.0034223749999999996,133.0,3.9912684526440225,0.7643217340115683,1.357031638990649,0.0007919632978830565,-0.00021410005590375163,0.0003116421649029286,0.06217710809242836,-0.2789486348628998,0.12828747928142548,0.21123865246772766,1.7239224910736084,0.18806084990501404,-0.2959294319152832,-0.8920018076896667,-0.4493696689605713,-1.8316830396652222,1.042510986328125,1.0695645809173584,-1.2630805969238281
0.4551758749999989,0.0034223749999999996,133.0,4.022733978885299,0.793584781714852,1.3589980895000622,0.0009637677079344633,-0.0002612692572762709,0.0003727436333236826,0.06221866992741193,-0.27587100863456726,0.13250385224819183,0.21628978848457336,1.7450281381607056,0.22093236446380615,-0.32162976264953613,-0.9041084051132202,-0.46432971954345703,-1.831989049911499,1.0074541568756104,1.0403099060058594,-1.2690377235412598
0.4551758749999989,0.0034223749999999996,133.0,4.053156344159605,0.8221357878939869,1.361459038067545,0.001184339172589898,-0.0003246698431133582,0.0004478159294813199,0.06223392763932518,-0.2741697132587433,0.13418608903884888,0.21566322445869446,1.747997522354126,0.24077071249485016,-0.3353879451751709,-0.9017640352249146,-0.46537983417510986,-1.8480794429779053,1.0070319175720215,1.047358751296997,-1.2710845470428467
0.4551758749999989,0.0034223749999999996,133.0,4.08258879950389,0.8492334478894784,1.362530527107734,0.001350723238360719,-0.000374984778124141,0.0005060946288013918,0.06229961536734079,-0.27103593945503235,0.13540931046009064,0.2167653739452362,1.7535641193389893,0.2514052391052246,-0.3512599468231201,-0.9115144610404968,-0.4683310389518738,-1.8502610921859741,0.9890973567962646,1.0463788509368896,-1.2737226486206055
0.4551758749999989,0.0034223749999999996,133.0,4.111310765173741,0.875719474148004,1.364180315314361,0.0015378254247433345,-0.00043082304157091126,0.00056818507466339,0.06234645205751631,-0.26878300309181213,0.136983722448349,0.21832028031349182,1.7609338760375977,0.26883944869041443,-0.36729860305786133,-0.9178512096405029,-0.47409480810165405,-1.8538862466812134,0.9741604328155518,1.043973445892334,-1.2753369808197021
0.4551758749999989,0.0034223749999999996,133.0,4.139245126528841,0.9015008741537354,1.3653776400381668,0.0017628069621182184,-0.000492013547430918,0.0006429865690987112,0.0623997278438958,-0.266525536775589,0.13837972283363342,0.219797283411026,1.7676105499267578,0.28598225116729736,-0.3833796977996826,-0.9232222437858582,-0.4796565771102905,-1.8566958904266357,0.9595086574554443,1.0427170991897583,-1.2764719724655151
0.4551758749999989,0.0034223749999999996,133.0,4.1661989945147315,0.9264041096480511,1.3671383927918008,0.001990853638215399,-0.0005629034082980412,0.0007148938133790982,0.06243202449421819,-0.2647538483142853,0.14162509143352509,0.22229734063148499,1.7795027494430542,0.3059628903865814,-0.39913487434387207,-0.928704559803009,-0.4861946105957031,-1.8592932224273682,0.9420335292816162,1.0259746313095093,-1.2817728519439697
0.4551758749999989,0.0034223749999999996,133.0,4.192148877502804,0.9500436836449724,1.3681871155898497,0.0022407977660735753,-0.000643253081920551,0.0007976870458003407,0.06248248555860219,-0.26237985491752625,0.1404278576374054,0.22131136059761047,1.7761218547821045,0.3034948408603668,-0.406466007232666,-0.9388749599456787,-0.483475923538208,-1.8609302043914795,0.9363436698913574,1.043683409690857,-1.281241774559021
0.4551758749999989,0.0034223749999999996,133.0,4.217178463081295,0.9732261214571631,1.3695310450807403,0.0024252847719461227,-0.0007040673860125737,0.0008553343172401526,0.06252840442583325,-0.2607303559780121,0.14163200557231903,0.2226720154285431,1.78183114528656,0.3173559010028839,-0.41928696632385254,-0.9438904523849487,-0.488195538520813,-1.8626338243484497,0.9248065948486328,1.0427896976470947,-1.2822483777999878
0.4551758749999989,0.0034223749999999996,133.0,4.241313995920383,0.9955651793697808,1.3708190513749383,0.0026628976660421446,-0.0007765299479290503,0.0009267386656958703,0.06257073083196195,-0.25915834307670593,0.1426934450864792,0.22396227717399597,1.7870277166366577,0.33045849204063416,-0.4314603805541992,-0.9491094350814819,-0.4926372170448303,-1.86363685131073,0.9137301445007324,1.0424050092697144,-1.2830214500427246
0.4551758749999989,0.0034223749999999996,133.0,4.264675148672542,1.0172807858758444,1.3721086040111339,0.0029037229632925547,-0.0008510487530784448,0.0009976863795120624,0.06260717339269357,-0.2575419843196869,0.14473453164100647,0.2267570197582245,1.7970997095108032,0.34537988901138306,-0.44503235816955566,-0.9574410319328308,-0.5003779530525208,-1.8593553304672241,0.8940250873565674,1.029191017150879,-1.2852721214294434
0.4551758749999989,0.0034223749999999996,133.0,4.287285000805706,1.0378098301746193,1.3732070322035652,0.0031544215469160256,-0.0009365089270410595,0.0010759570261234827,0.06264024070161767,-0.2561568319797516,0.14566269516944885,0.2255527675151825,1.7956560850143433,0.34958991408348083,-0.45227670669555664,-0.9579728245735168,-0.495644748210907,-1.8686423301696777,0.8969743251800537,1.0375257730484009,-1.2887115478515625
0.4551758749999989,0.0034223749999999996,133.0,4.309063284002728,1.0573402548314816,1.3744988597300651,0.0034072967963607605,-0.0010273089753541108,0.0011500648152279018,0.0626658905678643,-0.25447162985801697,0.14466412365436554,0.2252328097820282,1.793847680091858,0.34840524196624756,-0.45798444747924805,-0.9675198793411255,-0.4946473240852356,-1.8671003580093384,0.8911211490631104,1.04962956905365,-1.287984013557434
0.4551758749999989,0.0034223749999999996,133.0,4.329588594723841,1.0769562980230256,1.3764038410797195,0.003609068354152711,-0.001092615044390393,0.0011986340668736775,0.06267545925683257,-0.25382426381111145,0.14619050920009613,0.22675451636314392,1.8003419637680054,0.36102309823036194,-0.46674656867980957,-0.9716842174530029,-0.49937957525253296,-1.8683030605316162,0.882941484451294,1.0447043180465698,-1.289726734161377
0.4551758749999989,0.0034223749999999996,133.0,4.349511855846123,1.0950773067787514,1.3775115463041847,0.003833047460261034,-0.00116799456857119,0.0012592832826151042,0.0626994700867096,-0.25239667296409607,0.147711381316185,0.22920987010002136,1.808150291442871,0.3705509305000305,-0.47751927375793457,-0.9805051684379578,-0.5053671002388,-1.8622084856033325,0.8651738166809082,1.0330864191055298,-1.2914690971374512
0.4551758749999989,0.0034223749999999996,133.0,4.368398537006966,1.1121612082093155,1.3779980034042714,0.0040216704960290275,-0.0012382726440469355,0.0013143907131845558,0.06274835330979582,-0.2508162558078766,0.14729703962802887,0.22893044352531433,1.806418538093567,0.3700296878814697,-0.4835243225097656,-0.9871156811714172,-0.5035237669944763,-1.8626906871795654,0.8610315322875977,1.0419260263442993,-1.2916672229766846
0.4551758749999989,0.0034223749999999996,133.0,4.386437049488496,1.1291838279797526,1.3792139055489336,0.004249549236736505,-0.0013124102419121246,0.0013776207001410961,0.0627676890558791,-0.25024649500846863,0.14850276708602905,0.22834309935569763,1.8068327903747559,0.3801852762699127,-0.49056029319763184,-0.9838590025901794,-0.5018236041069031,-1.873140573501587,0.8655591011047363,1.0482038259506226,-1.2939035892486572
0.4551758749999989,0.0034223749999999996,133.0,4.403784075442408,1.1447948142209534,1.380680679524197,0.004446840878010106,-0.0013916989010139835,0.0014245535092584536,0.06279355897916958,-0.24889639019966125,0.14955753087997437,0.2305527627468109,1.8136056661605835,0.3876163065433502,-0.4988842010498047,-0.9926207065582275,-0.5076101422309875,-1.8662625551223755,0.8481371402740479,1.0372008085250854,-1.2948095798492432
0.4551758749999989,0.0034223749999999996,133.0,4.42022873068127,1.1593358606021524,1.3810032645585606,0.00464468994388812,-0.0014552614530706557,0.0014738933721243814,0.06283142514985036,-0.24698784947395325,0.14915116131305695,0.23084184527397156,1.8125956058502197,0.39176881313323975,-0.5072948932647705,-0.997125506401062,-0.5083091855049133,-1.863709807395935,0.8391573429107666,1.042934536933899,-1.293160319328308
0.4551758749999989,0.0034223749999999996,133.0,4.435992174646913,1.1729969688856923,1.3818053069991558,0.004791342040078086,-0.001519660181239415,0.0015140050338675565,0.06287445662442753,-0.24486884474754333,0.14803457260131836,0.23084011673927307,1.8104698657989502,0.3953247666358948,-0.5144381523132324,-1.0016717910766602,-0.5096673369407654,-1.8583608865737915,0.828533411026001,1.0503681898117065,-1.289734125137329
0.4551758749999989,0.0034223749999999996,133.0,4.450807810268305,1.1862349960025929,1.3826248528561706,0.004932595867226072,-0.001564587862268747,0.001536057603536501,0.0629065177093381,-0.24255064129829407,0.148661807179451,0.23202821612358093,1.8124831914901733,0.40036243200302124,-0.523653507232666,-1.0063555240631104,-0.5122200846672058,-1.849218726158142,0.8109273910522461,1.0412752628326416,-1.2891550064086914
0.4551758749999989,0.0034223749999999996,133.0,4.464813537266928,1.1986009777304918,1.3836379571590196,0.005077692916924802,-0.0016205969782301145,0.0015685843892395358,0.06293701872493032,-0.2402128279209137,0.1475095897912979,0.23169496655464172,1.8091726303100586,0.4037390649318695,-0.5306189060211182,-1.0090402364730835,-0.5121474862098694,-1.8451423645019531,0.8004240989685059,1.048052430152893,-1.2859809398651123
0.4551758749999989,0.0034223749999999996,133.0,4.4778818283766615,1.2102122441835583,1.3844379116656362,0.005233001086771956,-0.0016751007437457734,0.0016035222889915492,0.06296869623954339,-0.2385300099849701,0.14792436361312866,0.23394086956977844,1.813541293144226,0.41479676961898804,-0.541257381439209,-1.0119669437408447,-0.5188036561012268,-1.8368510007858276,0.7813444137573242,1.040152668952942,-1.2836253643035889
0.4551758749999989,0.0034223749999999996,133.0,4.489720419962405,1.2219046512204792,1.3859670648995748,0.005397933569647803,-0.0017260907115432698,0.0016379738828478981,0.06297376462867772,-0.2383769452571869,0.15003590285778046,0.23465272784233093,1.817584753036499,0.43397432565689087,-0.5502192974090576,-1.0027068853378296,-0.5220649838447571,-1.844015121459961,0.7803468704223633,1.0358346700668335,-1.284437894821167
0.4551758749999989,0.0034223749999999996,133.0,4.500506769786992,1.2332520807738938,1.3875428325778132,0.005558474811384552,-0.0017745908265990097,0.001672327141067566,0.06297077367078892,-0.23848941922187805,0.15455961227416992,0.2380358874797821,1.830393671989441,0.4570479094982147,-0.5616741180419922,-0.996444821357727,-0.5310215353965759,-1.843226432800293,0.7657022476196289,1.0058813095092773,-1.2881293296813965
0.4551758749999989,0.0034223749999999996,133.0,4.510599023141019,1.2434007676042016,1.3891805554206678,0.005747096279819685,-0.0018241523752121499,0.001703068438228967,0.06297430297850945,-0.23858192563056946,0.1581369787454605,0.24100735783576965,1.840936303138733,0.47560739517211914,-0.5709657669067383,-0.9923670291900635,-0.5388584733009338,-1.8413556814193726,0.7520802021026611,0.9808825254440308,-1.2906913757324219
0.4551758749999989,0.0034223749999999996,133.0,4.519195200820588,1.2546517253114662,1.3917096439087842,0.005991126968238333,-0.0019206603001058937,0.0017985743559018237,0.06282978603366789,-0.24055328965187073,0.16148844361305237,0.23821225762367249,1.8415249586105347,0.49801406264305115,-0.5725142955780029,-0.9690816402435303,-0.5334758162498474,-1.8692151308059692,0.7800779342651367,0.9883466958999634,-1.2968711853027344
0.4551758749999989,0.0034223749999999996,133.0,4.527294896907551,1.2635075304899859,1.3930206007495871,0.006275486581122165,-0.0020009493465086873,0.0018655925244506445,0.06282338549751441,-0.2410760223865509,0.16496527194976807,0.239561527967453,1.8489373922348022,0.5170683860778809,-0.5793039798736572,-0.9598870277404785,-0.5380876660346985,-1.8726831674575806,0.7765581607818604,0.9706974625587463,-1.2996106147766113
0.4551758749999989,0.0034223749999999996,133.0,4.534611930018121,1.2710396366092873,1.3941450476938824,0.006697968885430066,-0.0021414339133820357,0.0019794956699543806,0.06283368357643977,-0.24119684100151062,0.16833075881004333,0.2429538071155548,1.8601047992706299,0.5335493087768555,-0.5872035026550293,-0.9593567848205566,-0.5474423766136169,-1.863915205001831,0.7576525211334229,0.9402580261230469,-1.3012173175811768
0.4551758749999989,0.0034223749999999996,133.0,4.540952503446786,1.278036197029541,1.39516395865831,0.007412576081974338,-0.002363217798779491,0.0021716298112555497,0.06283013088711985,-0.2415330708026886,0.1710004359483719,0.24400493502616882,1.86607027053833,0.5477375984191895,-0.5925915241241455,-0.9539580345153809,-0.5504975914955139,-1.8635857105255127,0.752434492111206,0.923586368560791,-1.3040642738342285
0.4551758749999989,0.0034223749999999996,133.0,4.546593379874637,1.2840130625617634,1.3963063455564455,0.009029577745014415,-0.002882489872159317,0.002606219967401862,0.06283267182919418,-0.2414131462574005,0.1735096424818039,0.24777773022651672,1.8775365352630615,0.5580630898475647,-0.5994653701782227,-0.9625819325447083,-0.5582446455955505,-1.8453067541122437,0.7263610363006592,0.8875206708908081,-1.3075186014175415
0.4551758749999989,0.0034223749999999996,133.0,4.551150901765016,1.288587545078151,1.3974385646006364,0.016716909501305045,-0.005510825698017005,0.00471576866129921,0.06284204407435948,-0.2406890094280243,0.1703055053949356,0.2489955723285675,1.883079171180725,0.5646530985832214,-0.6076290607452393,-0.989050567150116,-0.5537161231040955,-1.8092094659805298,0.6999492645263672,0.8735498785972595,-1.3174843788146973
0.4551758749999989,0.0034223749999999996,133.0,4.572814158168005,-1.2009364709412458,1.2734240653799196,-0.014479492380893537,-0.0015678621228368845,-0.006458086980251277,0.06731050513840724,-0.05868816375732422,0.19717548787593842,-0.10860878229141235,1.0912437438964844,0.49802079796791077,-1.1695635318756104,0.04443472623825073,0.047319233417510986,-0.7343791723251343,0.6822993755340576,0.8943078517913818,-1.1398565769195557
0.4551758749999989,0.0034223749999999996,133.0,4.568161748750832,-1.1957950371658104,1.2735599100097033,-0.0077995772196531145,-0.0008451057759673353,-0.0035238902428623496,0.06727887321322044,-0.06043630838394165,0.2000487893819809,-0.10786646604537964,1.0935659408569336,0.4978797137737274,-1.1707468032836914,0.05340559035539627,0.04403311014175415,-0.7333680391311646,0.7134020328521729,0.8677121996879578,-1.138401985168457
0.4551758749999989,0.0034223749999999996,133.0,4.562290648406125,-1.1899362736948256,1.2734273829622766,-0.006408550124083006,-0.0007016488296697797,-0.0028970114281876304,0.06725403842760916,-0.06258848309516907,0.20103764533996582,-0.10941377282142639,1.0963940620422363,0.5041979551315308,-1.1613106727600098,0.07120896875858307,0.041410237550735474,-0.7299097776412964,0.7214851379394531,0.8459469079971313,-1.1384859085083008
0.4551758749999989,0.0034223749999999996,133.0,4.555596928448258,-1.1836451306062743,1.273018614528798,-0.00579498239077083,-0.0006526354298957194,-0.0026216005872103498,0.0672373164944775,-0.06425473093986511,0.20134824514389038,-0.11148789525032043,1.097618579864502,0.5078499913215637,-1.152113676071167,0.09074345231056213,0.04042327404022217,-0.7234544157981873,0.7264134883880615,0.8266028761863708,-1.1386609077453613
0.4551758749999989,0.0034223749999999996,133.0,4.5479885347638636,-1.176598527349929,1.2725400899663064,-0.0054375464759039305,-0.000645166586482584,-0.00246133485893936,0.06721651786849847,-0.06664305925369263,0.2017054408788681,-0.11410999298095703,1.0998661518096924,0.5129603743553162,-1.1400690078735352,0.1162591278553009,0.03854295611381531,-0.7155186533927917,0.7314102649688721,0.8017216920852661,-1.1389708518981934
0.4551758749999989,0.0034223749999999996,133.0,4.539034163593372,-1.1704671691847306,1.269491131314802,-0.005184343813747729,-0.0006900584594047873,-0.0023446374007333216,0.06725936985054472,-0.06653395295143127,0.2003733217716217,-0.11709591746330261,1.0955591201782227,0.5124320983886719,-1.1322457790374756,0.14202208817005157,0.04076433181762695,-0.6992051005363464,0.7318527698516846,0.7848795652389526,-1.1369531154632568
0.4551758749999989,0.0034223749999999996,133.0,4.529760336543455,-1.1621302073455613,1.2687136552212146,-0.004975321512212426,-0.0007106997765562585,-0.002252900736862296,0.06723825870889094,-0.06898495554924011,0.1991731822490692,-0.1223195493221283,1.094955563545227,0.5257879495620728,-1.1126306056976318,0.1879902333021164,0.04020857810974121,-0.6857948899269104,0.7377543449401855,0.7566727995872498,-1.13591468334198
0.4551758749999989,0.0034223749999999996,133.0,4.519675277999199,-1.152625212807934,1.2682067181927013,-0.004820242248494291,-0.000709701638325134,-0.0021818410852656586,0.06722247348524146,-0.07115471363067627,0.19976335763931274,-0.12450090050697327,1.096452236175537,0.5235899686813354,-1.103304147720337,0.20825952291488647,0.03927221894264221,-0.6747110486030579,0.7411835193634033,0.729646623134613,-1.136336326599121
0.4551758749999989,0.0034223749999999996,133.0,4.508523431920348,-1.1423501732395942,1.267515882842568,-0.004680294755029411,-0.0007258896776487359,-0.002118129478239602,0.06719733948093186,-0.07368257641792297,0.19847044348716736,-0.1299433708190918,1.0941475629806519,0.5289403796195984,-1.0845508575439453,0.25642654299736023,0.04036882519721985,-0.6554263830184937,0.7475183010101318,0.6931996941566467,-1.1351747512817383
0.4551758749999989,0.0034223749999999996,133.0,4.496804575509848,-1.1315629927778144,1.266902949735994,-0.00453826068048612,-0.0007474455406025918,-0.002054644141570858,0.06717681304996084,-0.07629609107971191,0.1977866142988205,-0.1344062089920044,1.0932763814926147,0.5338363647460938,-1.0682313442230225,0.29630374908447266,0.040153056383132935,-0.6386264562606812,0.7526464462280273,0.6606121063232422,-1.1340839862823486
0.4551758749999989,0.0034223749999999996,133.0,4.484425124631467,-1.1197473976951315,1.2664996193551652,-0.0044072655248707775,-0.0007498934169526977,-0.001995343787232976,0.06717035833939687,-0.0775458812713623,0.19746220111846924,-0.1373966634273529,1.0909892320632935,0.5299396514892578,-1.058877944946289,0.3204506039619446,0.041829049587249756,-0.6228803992271423,0.7550106048583984,0.6347767114639282,-1.1333858966827393
0.4551758749999989,0.0034223749999999996,133.0,4.471343125285799,-1.1071284673710782,1.2661145175732422,-0.004275466901171925,-0.0007440463653682731,-0.0019331364953740192,0.06716487407272062,-0.07820609211921692,0.19618135690689087,-0.14126259088516235,1.086576223373413,0.531453549861908,-1.04884672164917,0.35039299726486206,0.04441139101982117,-0.6052364110946655,0.7569308280944824,0.6158484220504761,-1.1315674781799316
0.4551758749999989,0.0034223749999999996,133.0,4.457754466600081,-1.0934065172129874,1.2662034200496808,-0.004162245453151075,-0.0007190705067815961,-0.0018800283540256462,0.0671793277123527,-0.07773125171661377,0.1965416520833969,-0.14214098453521729,1.083573579788208,0.5228135585784912,-1.0478003025054932,0.3534993827342987,0.04705318808555603,-0.5937137603759766,0.7547204494476318,0.6029379367828369,-1.1310441493988037
0.4551758749999989,0.0034223749999999996,133.0,4.443683009423828,-1.079495450410591,1.2660517818430124,-0.0040140670711263406,-0.0007019996124226356,-0.0018147591195678866,0.06720648080257656,-0.07601884007453918,0.19520387053489685,-0.14461803436279297,1.0759292840957642,0.5194911956787109,-1.0448057651519775,0.36768168210983276,0.05252432823181152,-0.5780642628669739,0.7512264251708984,0.5924909710884094,-1.1288845539093018
0.4551758749999989,0.0034223749999999996,133.0,4.4282108383753895,-1.0642296638738995,1.265992971685683,-0.0038309320933860814,-0.0006777642544952365,-0.0017335257628879467,0.06721290673099599,-0.07535713911056519,0.19458308815956116,-0.14685365557670593,1.0705506801605225,0.5151544809341431,-1.0402648448944092,0.38244250416755676,0.05598187446594238,-0.5627344846725464,0.7483687400817871,0.5736547708511353,-1.1269230842590332
0.4551758749999989,0.0034223749999999996,133.0,4.412025784958298,-1.0482446863144514,1.2660384109467844,-0.0036599291028778006,-0.000651738053631595,-0.0016566690730833653,0.06722525126859072,-0.07487726211547852,0.1942918747663498,-0.1486835479736328,1.0658490657806396,0.5125948190689087,-1.0362184047698975,0.3960742950439453,0.05848097801208496,-0.5480679273605347,0.744943380355835,0.5538176894187927,-1.1246750354766846
0.4551758749999989,0.0034223749999999996,133.0,4.394921035900496,-1.0313049768049707,1.2661683940418256,-0.0034660258218923374,-0.0006203013544696815,-0.0015697704189849139,0.06723711553638,-0.07472315430641174,0.19463537633419037,-0.14999258518218994,1.0624252557754517,0.5036117434501648,-1.032872200012207,0.4052555561065674,0.060438305139541626,-0.5341049432754517,0.7411060333251953,0.5281301140785217,-1.1230976581573486
0.4551758749999989,0.0034223749999999996,133.0,4.3775974741542765,-1.0138857126196281,1.2664110510134414,-0.0032796274354407345,-0.0005842056442425757,-0.0014886433233688332,0.06727684782613737,-0.07141506671905518,0.19369666278362274,-0.15096265077590942,1.053681492805481,0.49242207407951355,-1.036775827407837,0.40527263283729553,0.06682738661766052,-0.5198330283164978,0.7316610813140869,0.518276035785675,-1.1207623481750488
0.4551758749999989,0.0034223749999999996,133.0,4.358686205796346,-0.995106807556591,1.2665080428953561,-0.0030904358979161957,-0.0005538270027330598,-0.0014017551035228346,0.0672783436388613,-0.07183247804641724,0.19434650242328644,-0.152393639087677,1.0509848594665527,0.48710671067237854,-1.0309820175170898,0.4186042547225952,0.0672844648361206,-0.5036584138870239,0.7270281314849854,0.4872313439846039,-1.1183993816375732
0.4551758749999989,0.0034223749999999996,133.0,4.339165283623012,-0.9759169971254773,1.2664488719826907,-0.0029181975925505954,-0.0005346158406124873,-0.001325110028168149,0.06729232896305587,-0.07105141878128052,0.19350896775722504,-0.15518617630004883,1.0431599617004395,0.477533221244812,-1.0251660346984863,0.44056349992752075,0.07169154286384583,-0.48015961050987244,0.7215793132781982,0.45465171337127686,-1.1149325370788574
0.4551758749999989,0.0034223749999999996,133.0,4.319118892242805,-0.9556576179421573,1.2666847435513646,-0.002694607953948283,-0.0004912279998917127,-0.0012252707200765994,0.06732101007750711,-0.06881967186927795,0.19369561970233917,-0.15555855631828308,1.0367236137390137,0.4633254110813141,-1.0270295143127441,0.43980830907821655,0.07592403888702393,-0.464456707239151,0.7116315364837646,0.43538668751716614,-1.1126281023025513
0.4551758749999989,0.0034223749999999996,133.0,4.297395909827515,-0.9353685432835335,1.2664583047606663,-0.002470284121450881,-0.0004751944848218784,-0.0011267451688051454,0.06732134500343975,-0.07006296515464783,0.1909480094909668,-0.16204020380973816,1.0252668857574463,0.47017133235931396,-1.0092077255249023,0.4986865520477295,0.08002892136573792,-0.42931073904037476,0.7110898494720459,0.3857221305370331,-1.1053582429885864
0.4551758749999989,0.0034223749999999996,133.0,4.275553939509161,-0.9137946508465837,1.2663932258036676,-0.002259249093600668,-0.00044214733777803037,-0.0010322521760609794,0.0673424517915107,-0.06804820895195007,0.18913166224956512,-0.1650504469871521,1.0140328407287598,0.46389225125312805,-1.0050058364868164,0.5215287208557129,0.0858839750289917,-0.4040493667125702,0.7019627094268799,0.3583880066871643,-1.1000092029571533
0.4551758749999989,0.0034223749999999996,133.0,4.252426609820491,-0.8910973222663772,1.2663924754284903,-0.002050671907217537,-0.0004051630866104006,-0.0009380409836576046,0.06735241290344945,-0.0681028664112091,0.189017653465271,-0.1674085557460785,1.0067362785339355,0.4522784948348999,-0.9975912570953369,0.5432467460632324,0.08874791860580444,-0.3782013952732086,0.6951556205749512,0.3166729509830475,-1.0954337120056152
0.4551758749999989,0.0034223749999999996,133.0,4.228486841835925,-0.8669665464435115,1.2665353237809212,-0.001885830670538727,-0.00036956702656105767,-0.0008614132062127695,0.06735119811115141,-0.06780937314033508,0.1905486136674881,-0.1675339937210083,1.003652811050415,0.4385456442832947,-0.9937608242034912,0.5449769496917725,0.08928388357162476,-0.36145350337028503,0.6847186088562012,0.2833232283592224,-1.0926661491394043
0.4551758749999989,0.0034223749999999996,133.0,4.204141046788878,-0.8425695895684373,1.2669270433374584,-0.0016806510634017509,-0.00032353528640658954,-0.0007718238755631536,0.06738828669393467,-0.06422337889671326,0.18971951305866241,-0.1683759093284607,0.9929234981536865,0.42448240518569946,-0.9961719512939453,0.5472989082336426,0.09568065404891968,-0.34240424633026123,0.6700184345245361,0.2651088535785675,-1.0883053541183472
0.4551758749999989,0.0034223749999999996,133.0,4.178513974710319,-0.8175478381438016,1.2669671764250865,-0.001490750437936839,-0.00029418916631309647,-0.0006877509925596892,0.06739706401379618,-0.0632939338684082,0.18858551979064941,-0.17130699753761292,0.9815191626548767,0.41263386607170105,-0.9888842105865479,0.5730350613594055,0.10085505247116089,-0.31276750564575195,0.6603744029998779,0.224491149187088,-1.0819964408874512
0.4551758749999989,0.0034223749999999996,133.0,4.152199314648455,-0.7921023318773781,1.2669475502944858,-0.0013036993040575658,-0.00026594298845554807,-0.0006026803296657571,0.06740605154447486,-0.06462988257408142,0.18808826804161072,-0.17473310232162476,0.9715783596038818,0.40537723898887634,-0.975348711013794,0.6093733310699463,0.10304427146911621,-0.2784406542778015,0.6537809371948242,0.16958148777484894,-1.0740900039672852
0.4551758749999989,0.0034223749999999996,133.0,4.125037599995637,-0.7655210782201481,1.2669578469167682,-0.0011488581843034067,-0.0002386012141772547,-0.0005328571229231676,0.06741941224619935,-0.06261798739433289,0.18527360260486603,-0.17887985706329346,0.9533314108848572,0.3929150700569153,-0.9674406051635742,0.6465809941291809,0.11122700572013855,-0.23819737136363983,0.6408536434173584,0.12606272101402283,-1.0640113353729248
0.4551758749999989,0.0034223749999999996,133.0,4.097246080021993,-0.7382527097586304,1.266983658262363,-0.0010108149151046748,-0.00021306646159510723,-0.0004707246794100196,0.06744361334565302,-0.06153464317321777,0.18364602327346802,-0.18218359351158142,0.9373213648796082,0.37726733088493347,-0.9576442241668701,0.6791655421257019,0.11748531460762024,-0.19886483252048492,0.6278076171875,0.07804650813341141,-1.0541412830352783
0.4551758749999989,0.0034223749999999996,133.0,4.068414483503815,-0.7100917754622795,1.2669264496261754,-0.0008335102457862154,-0.00018000766639079306,-0.0003878958514289918,0.06744646129888232,-0.05969434976577759,0.1816040724515915,-0.18520954251289368,0.919488251209259,0.3637431859970093,-0.9496691226959229,0.7104345560073853,0.12400051951408386,-0.15920300781726837,0.6120874881744385,0.03453948348760605,-1.0427377223968506
0.4551758749999989,0.0034223749999999996,133.0,4.038572743138449,-0.681184935506813,1.2669919460475763,-0.0006985432724637506,-0.00015482258249932107,-0.0003260354227310828,0.06745059169542639,-0.060373514890670776,0.17935584485530853,-0.1894969493150711,0.8997297286987305,0.35297757387161255,-0.9340372085571289,0.759533703327179,0.12934282422065735,-0.10834889858961105,0.6003918647766113,-0.02652273327112198,-1.0281939506530762
0.4551758749999989,0.0034223749999999996,133.0,4.0079772855931175,-0.6512817465924606,1.2671236926313805,-0.000523446099007865,-0.00011800808178112529,-0.00024553654359566975,0.06745818745231749,-0.05914679169654846,0.17750763893127441,-0.19222959876060486,0.8805652856826782,0.33456525206565857,-0.9237608909606934,0.7913210988044739,0.13566774129867554,-0.06524035334587097,0.5840964317321777,-0.07627932727336884,-1.0152345895767212
0.4551758749999989,0.0034223749999999996,133.0,3.9767305119378706,-0.6202990493106526,1.267286998677387,-0.00032823908708222313,-7.374558856796119e-5,-0.0001550764163025126,0.06747684394808195,-0.05738598108291626,0.17650851607322693,-0.19374646246433258,0.8632163405418396,0.3141730725765228,-0.9150972366333008,0.812606930732727,0.14051607251167297,-0.026232635602355003,0.5649785995483398,-0.1226373091340065,-1.0025815963745117
0.4551758749999989,0.0034223749999999996,133.0,3.9444778320102083,-0.5885881830480828,1.2674886230699116,-0.00015312359314480093,-3.464211147033771e-5,-7.300553565427656e-5,0.06748347573171676,-0.05434900522232056,0.17494598031044006,-0.19484205543994904,0.8436861038208008,0.2918270528316498,-0.9101047515869141,0.8299309611320496,0.14669060707092285,0.011431094259023666,0.5433182716369629,-0.16199077665805817,-0.9891224503517151
0.4551758749999989,0.0034223749999999996,133.0,3.9113033263840373,-0.5567222378711947,1.2678417246194378,1.69403248112988e-5,3.937542484518501e-6,8.155330429346906e-6,0.06748454262388345,-0.053144752979278564,0.17122866213321686,-0.19808413088321686,0.8165926933288574,0.27623674273490906,-0.898129940032959,0.8735094666481018,0.1546531319618225,0.06546758860349655,0.5250101089477539,-0.21162472665309906,-0.9699490666389465
0.4551758749999989,0.0034223749999999996,133.0,3.87704966585312,-0.5234281111332162,1.2680704973043857,0.0001867879866036438,4.379593684951786e-5,9.083873377756706e-5,0.06747563315794144,-0.051802486181259155,0.16902607679367065,-0.1998841017484665,0.7927998900413513,0.2535470128059387,-0.8850288391113281,0.9036011695861816,0.1607321798801422,0.1145409494638443,0.5045027732849121,-0.26067396998405457,-0.9521175026893616
0.4551758749999989,0.0034223749999999996,133.0,3.841991219486387,-0.48892333919393044,1.2680148779499734,0.00037043038413322896,8.706486308765716e-5,0.0001815632259877744,0.06745658216338304,-0.050449758768081665,0.1684870570898056,-0.20042787492275238,0.7742006778717041,0.23059198260307312,-0.8716344833374023,0.9197074770927429,0.16350769996643066,0.1551632434129715,0.482147216796875,-0.30745729804039,-0.9361188411712646
0.4551758749999989,0.0034223749999999996,133.0,3.806107977449079,-0.45407099872269385,1.2682241054371348,0.0005141025112291743,0.00012222724749557992,0.00025455353628375604,0.06743936452810269,-0.04916787147521973,0.16626498103141785,-0.20163951814174652,0.7491841316223145,0.20709384977817535,-0.8561980724334717,0.9462735056877136,0.1690068244934082,0.20440462231636047,0.4604628086090088,-0.35219064354896545,-0.9164963364601135
0.4551758749999989,0.0034223749999999996,133.0,3.769400286217275,-0.4183809024174109,1.2684175703538065,0.0006756943206827167,0.00016250417875466304,0.0003380670331292318,0.06741788021763494,-0.04785686731338501,0.16386306285858154,-0.2024947553873062,0.7224702835083008,0.18259671330451965,-0.8386642932891846,0.9721540212631226,0.17430749535560608,0.2560265064239502,0.43773603439331055,-0.39536774158477783,-0.8949841260910034
0.4551758749999989,0.0034223749999999996,133.0,3.7317101060895106,-0.38187202899717526,1.2687618671578649,0.0008469260628308389,0.00020526406456121266,0.0004297832405886874,0.06739026020650257,-0.046549588441848755,0.16124868392944336,-0.20294824242591858,0.6934018731117249,0.15689361095428467,-0.8178918361663818,0.9973859190940857,0.1796058714389801,0.31024378538131714,0.4140181541442871,-0.4362848401069641,-0.8711234927177429
0.4551758749999989,0.0034223749999999996,133.0,3.6934450153228253,-0.344655520199328,1.2689955020332575,0.0010413831007533277,0.0002545345490361612,0.0005346762138491384,0.0673590341432711,-0.04515427350997925,0.1584664136171341,-0.20287193357944489,0.6630278825759888,0.13028976321220398,-0.7943317890167236,1.0201436281204224,0.18446674942970276,0.36589112877845764,0.3891007900238037,-0.4729161560535431,-0.8455313444137573
0.4551758749999989,0.0034223749999999996,133.0,3.6541686741682113,-0.3065728085252035,1.269361621832254,0.001224859142683289,0.0003003986323186548,0.0006386680462788811,0.06731952506377253,-0.043801337480545044,0.15548129379749298,-0.20218946039676666,0.6306943893432617,0.1033635213971138,-0.7667088508605957,1.040312647819519,0.18924304842948914,0.42267197370529175,0.3637046813964844,-0.5040107369422913,-0.8179177045822144
0.4551758749999989,0.0034223749999999996,133.0,3.6140102483350014,-0.26808099849800665,1.2698588685461167,0.0013433010500504962,0.00033582826212937033,0.0007075182622753162,0.06727290355132755,-0.043719351291656494,0.15156866610050201,-0.20080265402793884,0.5951728820800781,0.0830305740237236,-0.7289061546325684,1.0638052225112915,0.1941329836845398,0.4874798059463501,0.33993959426879883,-0.5255155563354492,-0.7872586846351624
0.4551758749999989,0.0034223749999999996,133.0,3.572806196628354,-0.2282790186291264,1.2703161471998132,0.0014935262153474764,0.00037451883421745787,0.0008015547986732578,0.06721820307035395,-0.04233938455581665,0.14802594482898712,-0.1981806606054306,0.5595620274543762,0.05860605463385582,-0.6923022270202637,1.0748234987258911,0.19903334975242615,0.5430406928062439,0.31549644470214844,-0.5378800630569458,-0.7565647959709167
0.4551758749999989,0.0034223749999999996,133.0,3.5306715945945815,-0.18688714176085508,1.2699133452536453,0.0016400614886803487,0.0004099893452735554,0.0008967257410813859,0.06714281536955886,-0.04051488637924194,0.14610633254051208,-0.19507114589214325,0.5280405282974243,0.0352746918797493,-0.6573262214660645,1.0733634233474731,0.20032021403312683,0.5923367142677307,0.29076480865478516,-0.5535586476325989,-0.7263308763504028
0.4551758749999989,0.0034223749999999996,133.0,3.4889996035574615,-0.14458823447210825,1.2731767022697864,0.001774596572617269,0.00042681360171561305,0.0009980428151750785,0.06705080088777031,-0.03918543457984924,0.1352943629026413,-0.18851034343242645,0.4721450209617615,0.02819444239139557,-0.6060009002685547,1.0862351655960083,0.2171066403388977,0.652742862701416,0.2765681743621826,-0.4850333631038666,-0.6874966621398926
0.4551758749999989,0.0034223749999999996,133.0,3.444246347915091,-0.10196894802220871,1.2735254081527312,0.001867561794500998,0.0004685193661491767,0.0010670390541211105,0.06693499484530115,-0.041143715381622314,0.13089461624622345,-0.18341785669326782,0.43847566843032837,0.035264499485492706,-0.5374150276184082,1.0886921882629395,0.22167757153511047,0.7078121304512024,0.2657954692840576,-0.45264896750450134,-0.6584667563438416
0.4551758749999989,0.0034223749999999996,133.0,3.393190366360763,-0.05544222512485249,1.2757047429661121,0.0018247716079495978,0.0004719988667972216,0.0011208225701873989,0.0666397006724671,-0.05189502239227295,0.1418759822845459,-0.1917058825492859,0.47760525345802307,0.09576864540576935,-0.5678672790527344,1.0797361135482788,0.20402920246124268,0.6753926277160645,0.3600807189941406,-0.46668413281440735,-0.6802992224693298
0.4551758749999989,0.0034223749999999996,133.0,3.323917478126486,0.01599486381830408,1.2735456635907723,0.0016859551995101905,-0.0001793564740342957,0.0013501137707000073,0.06487560062157118,-0.1259869933128357,0.21903909742832184,-0.17090535163879395,0.6467462778091431,0.3620639145374298,-0.3891322612762451,0.3260810673236847,0.2621203660964966,-1.0204963684082031,1.4712555408477783,0.34396377205848694,-0.9064819812774658
0.4551758749999989,0.0034223749999999996,133.0,3.245418278568285,0.044946941318918965,1.2696679154024924,0.0001075890981186861,-3.6467911975817775e-6,7.825839588514575e-5,0.06353040592686804,-0.41006752848625183,0.1375955194234848,-0.07506459951400757,1.1440012454986572,-0.498694509267807,0.8201757669448853,0.32773441076278687,0.025113582611083984,-1.1998825073242188,2.420496940612793,-0.005046024918556213,-1.1689395904541016
0.4551758749999989,0.0034223749999999996,133.0,3.280943336768978,0.08382261079021082,1.279051885128446,-0.0018528223083175512,4.5676053988782386e-5,-0.001265811748238558,0.06278834768428236,-0.3936052620410919,0.12532280385494232,-0.018618017435073853,1.360853910446167,-0.4850288927555084,0.7077068090438843,0.048009760677814484,-0.05584627389907837,-1.1082137823104858,2.1751298904418945,0.35808780789375305,-1.303408145904541
0.4551758749999989,0.0034223749999999996,133.0,3.3048540884358664,0.14034435270797443,1.3010177045030982,-0.0022337133349176713,0.0005026122266475661,-0.0012931827689243193,0.06116181859937099,-0.3971915543079376,0.06427159905433655,0.12607070803642273,1.3726569414138794,-0.5657989978790283,0.3914194107055664,-0.7336894273757935,-0.30986154079437256,-1.2757140398025513,1.9125590324401855,1.0922513008117676,-1.0545613765716553
0.4551758749999989,0.0034223749999999996,133.0,3.3423987486517315,0.1890379000392147,1.3100814640398217,-0.002268382875783163,0.0006122052891804049,-0.0012278524309341993,0.06069851755869307,-0.3757905066013336,0.055236976593732834,0.1476164162158966,1.413930058479309,-0.5787866711616516,0.2724945545196533,-0.8210686445236206,-0.34072059392929077,-1.1959762573242188,1.6594882011413574,1.2938623428344727,-1.064204216003418
0.4551758749999989,0.0034223749999999996,133.0,3.386002768450312,0.23249229249534198,1.3141226059385744,-0.0021546844595210545,0.0005731607169170675,-0.0011268363699302524,0.06069781943858439,-0.34875229001045227,0.05458145961165428,0.16695991158485413,1.4624416828155518,-0.47057467699050903,0.15638232231140137,-0.8463934659957886,-0.36610954999923706,-1.1764074563980103,1.4461958408355713,1.438730239868164,-1.0864304304122925
0.4551758749999989,0.0034223749999999996,133.0,3.429828621934684,0.2740528259302136,1.3174891966586941,-0.001978724287712583,0.0005224763713642547,-0.0010024211571520213,0.060775525205801845,-0.3375988304615021,0.06341397762298584,0.17664507031440735,1.4964038133621216,-0.37602266669273376,0.09736871719360352,-0.8430177569389343,-0.3689034581184387,-1.2591577768325806,1.361480951309204,1.388327717781067,-1.1172277927398682
0.4551758749999989,0.0034223749999999996,133.0,3.4734468275829995,0.31396899695407965,1.319634547952288,-0.0017543805146563738,0.00045629033284923037,-0.0008677443383301082,0.06094074943011664,-0.331264466047287,0.07048335671424866,0.17601177096366882,1.4998486042022705,-0.31005144119262695,0.06040167808532715,-0.8194050788879395,-0.35871076583862305,-1.3627058267593384,1.343750238418579,1.340745449066162,-1.1309144496917725
0.4551758749999989,0.0034223749999999996,133.0,3.515976952666368,0.3534840777023086,1.3215226986427133,-0.0016505312423077802,0.0004230628486894127,-0.0008000665633192177,0.0610829782247119,-0.32509467005729675,0.0780724361538887,0.1821291744709015,1.5317598581314087,-0.25005802512168884,0.022891998291015625,-0.825289249420166,-0.36631256341934204,-1.437060832977295,1.2983977794647217,1.2857431173324585,-1.1549527645111084
0.4551758749999989,0.0034223749999999996,133.0,3.55808075965306,0.3923015919154927,1.3238128279779011,-0.0014121292363306133,0.0003589622732973672,-0.0006700350969443598,0.06118973991541956,-0.32048508524894714,0.08524078130722046,0.1828654706478119,1.544686198234558,-0.19479641318321228,-0.007358074188232422,-0.8115283846855164,-0.36256664991378784,-1.5189170837402344,1.2873268127441406,1.247222900390625,-1.1715648174285889
0.4551758749999989,0.0034223749999999996,133.0,3.5992670690873165,0.43051801785561944,1.3263657285620472,-0.0012311711222901525,0.0003096851697373753,-0.0005679533996027719,0.06128287070406949,-0.31489691138267517,0.09409070014953613,0.19032153487205505,1.5836337804794312,-0.12065713852643967,-0.047120094299316406,-0.8190451860427856,-0.37763500213623047,-1.5784244537353516,1.2416017055511475,1.1816703081130981,-1.1950889825820923
0.4551758749999989,0.0034223749999999996,133.0,3.63939929249184,0.4677238504323242,1.328350780665068,-0.0009999565518204801,0.0002519936108846324,-0.0004535062740694726,0.0613882461708465,-0.3092339336872101,0.09881405532360077,0.19582083821296692,1.6115387678146362,-0.06842263787984848,-0.0850365161895752,-0.8341091871261597,-0.3947916626930237,-1.6172245740890503,1.197141408920288,1.151933193206787,-1.2055710554122925
0.4551758749999989,0.0034223749999999996,133.0,3.6786879466690845,0.5042383951671416,1.330363806350813,-0.000794895758641492,0.00020126923330684863,-0.0003546043733021913,0.0614885529925345,-0.3055035173892975,0.10449496656656265,0.19579574465751648,1.622029423713684,-0.029007907956838608,-0.1106107234954834,-0.8255380988121033,-0.3925272822380066,-1.6740113496780396,1.1917881965637207,1.1335088014602661,-1.2183517217636108
0.4551758749999989,0.0034223749999999996,133.0,3.717066809403201,0.5399412641696018,1.3321843966546214,-0.000600320482239115,0.00015188603100961583,-0.00026260177928566454,0.06157918027683354,-0.30121585726737976,0.10850978642702103,0.19821783900260925,1.6387814283370972,0.011138335801661015,-0.14011669158935547,-0.8306219577789307,-0.4015679955482483,-1.7096058130264282,1.1682672500610352,1.1186689138412476,-1.2259811162948608
0.4551758749999989,0.0034223749999999996,133.0,3.754543427487737,0.5748159452334988,1.3338791090489968,-0.0004124207036311794,0.00010436353064047715,-0.00017726788849041077,0.06166694775465456,-0.2972472012042999,0.11209367215633392,0.20058950781822205,1.6545629501342773,0.047243982553482056,-0.16810011863708496,-0.8360175490379333,-0.41059863567352295,-1.7386252880096436,1.1456000804901123,1.1072895526885986,-1.232666254043579
0.4551758749999989,0.0034223749999999996,133.0,3.7911807824602097,0.6087595252752667,1.3355917436501288,-0.00023088404840002153,5.900488863567236e-5,-9.814861597333687e-5,0.06175161624993925,-0.2936444580554962,0.1154443621635437,0.20305362343788147,1.6697570085525513,0.07957161962985992,-0.1939380168914795,-0.8433369398117065,-0.41973423957824707,-1.7614727020263672,1.1235315799713135,1.0964760780334473,-1.2386577129364014
0.4551758749999989,0.0034223749999999996,133.0,3.8263049429639198,0.6418508164333838,1.3363522872937528,-6.866451182086284e-5,1.764566753965557e-5,-2.901639237499484e-5,0.06184542499360509,-0.290437787771225,0.11831618845462799,0.20467403531074524,1.681325078010559,0.10815947502851486,-0.21735215187072754,-0.8471513390541077,-0.42651212215423584,-1.783252477645874,1.1075809001922607,1.091154932975769,-1.243440866470337
0.4551758749999989,0.0034223749999999996,133.0,3.860613807483571,0.6740458249159672,1.3375983621293646,0.00014804525901380972,-3.8535394234504054e-5,6.185576065537233e-5,0.06191221205856363,-0.2884097993373871,0.11896470934152603,0.20177337527275085,1.6764901876449585,0.10575387626886368,-0.22466421127319336,-0.8517773747444153,-0.417672336101532,-1.8092890977859497,1.1162464618682861,1.1136943101882935,-1.2476491928100586
0.4551758749999989,0.0034223749999999996,133.0,3.8955134226422907,0.7035701119094613,1.3377210501538335,0.0003486114017674275,-9.118615925463252e-5,0.00014246263802328453,0.06212727874389443,-0.2838003933429718,0.11873386055231094,0.2031988799571991,1.682212233543396,0.11971650272607803,-0.2480006217956543,-0.8669039011001587,-0.4250969886779785,-1.8124136924743652,1.0908269882202148,1.1226694583892822,-1.24595046043396
0.4551758749999989,0.0034223749999999996,133.0,3.9281623177557425,0.7342363965970617,1.339122208067889,0.0005506559377256642,-0.00014572685564820143,0.00022209503052688382,0.062189782407487876,-0.2806069552898407,0.12374334037303925,0.20868167281150818,1.7065259218215942,0.15662746131420135,-0.27536678314208984,-0.8797754049301147,-0.43999582529067993,-1.8190768957138062,1.0562493801116943,1.088797926902771,-1.2551591396331787
0.4551758749999989,0.0034223749999999996,133.0,3.9604663030846803,0.7645578341504152,1.3414467579702527,0.0007914388345115328,-0.00021007512391871524,0.0003127624318304296,0.06221442596057775,-0.27821287512779236,0.12745487689971924,0.21064934134483337,1.7196779251098633,0.1817980855703354,-0.2938730716705322,-0.886371910572052,-0.4456339478492737,-1.832970142364502,1.0403563976287842,1.0739002227783203,-1.2626434564590454
0.4551758749999989,0.0034223749999999996,133.0,3.991912220432467,0.7938177837639855,1.3434094634374252,0.0009631604644742054,-0.00025642014171934984,0.0003740323466591122,0.06225609323199703,-0.2751125991344452,0.131692036986351,0.215730220079422,1.741047739982605,0.21479639410972595,-0.319683313369751,-0.8985798358917236,-0.46060311794281006,-1.833565592765808,1.005096435546875,1.0443106889724731,-1.2688556909561157
0.4551758749999989,0.0034223749999999996,133.0,4.022324372975153,0.822346373491885,1.3458280388071777,0.001183495858285103,-0.00031869058238663675,0.00044957458896249184,0.06227296441550014,-0.2730337679386139,0.1325857937335968,0.21546712517738342,1.7438243627548218,0.22792232036590576,-0.33222413063049316,-0.903232753276825,-0.46210116147994995,-1.8436530828475952,0.9991586208343506,1.052541732788086,-1.2702255249023438
0.4551758749999989,0.0034223749999999996,133.0,4.051742079984475,0.8494379993775633,1.34690032004038,0.0013497970816674725,-0.00036822788221182827,0.0005081201242112723,0.0623381529206218,-0.27024999260902405,0.13461071252822876,0.21621128916740417,1.7496776580810547,0.24517610669136047,-0.34938478469848633,-0.9060434699058533,-0.4645482897758484,-1.8519026041030884,0.9866516590118408,1.0500730276107788,-1.273688793182373
0.4551758749999989,0.0034223749999999996,133.0,4.080429800008096,0.8759318748439935,1.3484969253425383,0.001536662470170614,-0.00042311898595996346,0.0005707281399965168,0.0623860149644567,-0.2679893672466278,0.13617436587810516,0.21774587035179138,1.7570308446884155,0.2624916732311249,-0.3654344081878662,-0.9122191667556763,-0.47020429372787476,-1.8556361198425293,0.9718208312988281,1.047742486000061,-1.2753958702087402
0.4551758749999989,0.0034223749999999996,133.0,4.10832375033995,0.9017222341936936,1.349673427945623,0.0017615420222693255,-0.00048330970930817894,0.0006459124510069813,0.062437949880243454,-0.2657411992549896,0.13758142292499542,0.21921202540397644,1.763735294342041,0.279541015625,-0.3814680576324463,-0.9175421595573425,-0.47567397356033325,-1.8585455417633057,0.9573123455047607,1.0463706254959106,-1.2766499519348145
0.4551758749999989,0.0034223749999999996,133.0,4.135301875730833,0.9266222733008816,1.3514048304937538,0.0019893641556281935,-0.0005529253250935455,0.0007183400510430402,0.06247170085338549,-0.2639431655406952,0.1408233642578125,0.22173449397087097,1.7757086753845215,0.29953500628471375,-0.39735984802246094,-0.923041582107544,-0.4822419285774231,-1.8610223531723022,0.9396414756774902,1.0293915271759033,-1.2819998264312744
0.4551758749999989,0.0034223749999999996,133.0,4.161242017100905,0.9502528585538537,1.3524413567628175,0.0022391242736504112,-0.0006320911224540188,0.0008016259750923688,0.06252237585699394,-0.26157286763191223,0.1396355777978897,0.2207641303539276,1.7723994255065918,0.29697465896606445,-0.404691219329834,-0.9333465099334717,-0.47955167293548584,-1.8626313209533691,0.9339075088500977,1.0470136404037476,-1.281511664390564
0.4551758749999989,0.0034223749999999996,133.0,4.186188382226986,0.973499314016953,1.3536126269346114,0.0024254215358884643,-0.0006878592423353395,0.0008579488254715179,0.06256688370506795,-0.2598842680454254,0.14081725478172302,0.22202762961387634,1.7778041362762451,0.3110440969467163,-0.4176943302154541,-0.9378002285957336,-0.48402178287506104,-1.8648613691329956,0.9228475093841553,1.0467331409454346,-1.282470941543579
0.4551758749999989,0.0034223749999999996,133.0,4.210374112686993,0.9957703201068795,1.3549988118193275,0.002660611715877051,-0.0007632627441796744,0.0009318380553206849,0.0626132107758908,-0.25832054018974304,0.14189249277114868,0.22339972853660583,1.7832741737365723,0.3238612711429596,-0.42978644371032715,-0.9435549378395081,-0.4886013865470886,-1.8654483556747437,0.9113311767578125,1.0457172393798828,-1.283371925354004
0.4551758749999989,0.0034223749999999996,133.0,4.233728085724611,1.0174596807698286,1.3562705878972319,0.002901242916535832,-0.0008368800464655063,0.0010033305904091122,0.0626490242571672,-0.25667843222618103,0.14393046498298645,0.22620424628257751,1.7933757305145264,0.3388349115848541,-0.443448543548584,-0.9520748257637024,-0.4963456988334656,-1.8611234426498413,0.8914885520935059,1.0323289632797241,-1.2856471538543701
0.4551758749999989,0.0034223749999999996,133.0,4.256320938091289,1.0379992616334688,1.3573647160941333,0.0031516449847971066,-0.000920989606392099,0.00108212532082781,0.06268359053639551,-0.2552882730960846,0.14487645030021667,0.224991112947464,1.7919336557388306,0.34304726123809814,-0.4506394863128662,-0.9525713920593262,-0.49157220125198364,-1.8704814910888672,0.8944880962371826,1.0404820442199707,-1.2891292572021484
0.4551758749999989,0.0034223749999999996,133.0,4.278055716969105,1.0575958561828924,1.358516215404818,0.0034072578684650493,-0.0010049623595350045,0.0011542644950522259,0.06270640466804411,-0.25356999039649963,0.14387063682079315,0.2246052324771881,1.7899012565612793,0.34210652112960815,-0.4565694332122803,-0.961678147315979,-0.4904331564903259,-1.8693344593048096,0.888962984085083,1.0531086921691895,-1.2883234024047852
0.4551758749999989,0.0034223749999999996,133.0,4.298631167786106,1.0771422266516024,1.3605578639716958,0.0036060687545566897,-0.0010752668723014,0.0012054748193151843,0.06271850345011676,-0.2529512345790863,0.14542846381664276,0.22622278332710266,1.7967450618743896,0.3544500172138214,-0.4651646614074707,-0.9664667844772339,-0.4953213334083557,-1.870089054107666,0.8803164958953857,1.04733145236969,-1.2902520895004272
0.4551758749999989,0.0034223749999999996,133.0,4.318553437315699,1.095248040182487,1.3616397872760457,0.0038297130581174716,-0.0011496177576614905,0.0012668110268701527,0.0627433268097351,-0.2515062391757965,0.14693644642829895,0.22868284583091736,1.8045649528503418,0.3639468550682068,-0.47602248191833496,-0.9753488898277283,-0.5012957453727722,-1.8639558553695679,0.8624730110168457,1.0357005596160889,-1.2920186519622803
0.4551758749999989,0.0034223749999999996,133.0,4.33742184979371,1.1123435004200288,1.3621222059970668,0.0040181710527049525,-0.001218979362129603,0.0013223223782502494,0.06279266571372347,-0.24992653727531433,0.14652514457702637,0.22838887572288513,1.8028254508972168,0.3633722960948944,-0.48201465606689453,-0.9818439483642578,-0.49940818548202515,-1.8644770383834839,0.8584182262420654,1.0445466041564941,-1.2922520637512207
0.4551758749999989,0.0034223749999999996,133.0,4.355462160238212,1.1293652778160514,1.3633511949826533,0.0042460571715644425,-0.0012919533027402267,0.0013855963176817154,0.0628119977749352,-0.249362975358963,0.14774449169635773,0.2278147041797638,1.8032751083374023,0.37344279885292053,-0.4889652729034424,-0.9786314368247986,-0.4976896643638611,-1.874876618385315,0.8629381656646729,1.0505695343017578,-1.2945423126220703
0.4551758749999989,0.0034223749999999996,133.0,4.372817380754168,1.1449613341206846,1.364779223202513,0.004442878715858044,-0.0013704564498162898,0.0014333325306215285,0.06283929494753217,-0.24799075722694397,0.1487811654806137,0.2300303876399994,1.8100444078445435,0.3808940649032593,-0.49741530418395996,-0.9874700903892517,-0.503480851650238,-1.8679624795913696,0.8454148769378662,1.0396320819854736,-1.295440435409546
0.4551758749999989,0.0034223749999999996,133.0,4.389244108176561,1.159495774048683,1.3650856439091723,0.004640482328342978,-0.0014331211062747287,0.0014831954880153663,0.06287753696686633,-0.2460786998271942,0.14836637675762177,0.2303086221218109,1.809004545211792,0.3849736154079437,-0.5058472156524658,-0.991926908493042,-0.5041306614875793,-1.8654377460479736,0.8365237712860107,1.0454323291778564,-1.2938103675842285
0.4551758749999989,0.0034223749999999996,133.0,4.405002024946164,1.173168261602993,1.3658804380947702,0.004787081009351155,-0.00149697431868302,0.0015238484962063756,0.06291998107972771,-0.24396482110023499,0.14726045727729797,0.23031345009803772,1.8069380521774292,0.38853976130485535,-0.5130319595336914,-0.9964489936828613,-0.5054848790168762,-1.860134243965149,0.8259246349334717,1.0527989864349365,-1.2904469966888428
0.4551758749999989,0.0034223749999999996,133.0,4.419796125503726,1.1864036962435227,1.3666927880200832,0.0049282864682439476,-0.0015415653715970593,0.0015461798273949793,0.062951505176856,-0.24165591597557068,0.1478928178548813,0.23150834441184998,1.8090296983718872,0.3936064839363098,-0.5222804546356201,-1.001173734664917,-0.5080294013023376,-1.851121187210083,0.8083922863006592,1.0436606407165527,-1.2899543046951294
0.4551758749999989,0.0034223749999999996,133.0,4.433799708675261,1.1987738564402368,1.3677132018767575,0.005073489631890147,-0.0015969635511024368,0.0015789138313359965,0.0629812878790566,-0.23933479189872742,0.14675600826740265,0.23119142651557922,1.8058340549468994,0.3969711363315582,-0.5292603969573975,-1.0038647651672363,-0.5079658627510071,-1.8471437692642212,0.7979276180267334,1.050317406654358,-1.2868847846984863
0.4551758749999989,0.0034223749999999996,133.0,4.446860382105115,1.2103988309585862,1.3685190821747908,0.0052290719464000495,-0.0016505559061502856,0.0016140993031934687,0.06301171679744164,-0.23766618967056274,0.14719226956367493,0.23346003890037537,1.8103231191635132,0.4080634117126465,-0.5399260520935059,-1.0068559646606445,-0.5146185755729675,-1.8389629125595093,0.7788617610931396,1.0422353744506836,-1.2846521139144897
0.4551758749999989,0.0034223749999999996,133.0,4.458724747553389,1.2220550337446139,1.370017553152141,0.005393819806757792,-0.0017008129644180323,0.0016488567965522911,0.06301738487044183,-0.23748084902763367,0.14928357303142548,0.2341856062412262,1.814305305480957,0.4272025227546692,-0.5489439964294434,-0.9977372884750366,-0.5178511738777161,-1.8460198640823364,0.7776939868927002,1.037842035293579,-1.2854328155517578
0.4551758749999989,0.0034223749999999996,133.0,4.469539578180468,1.2333659014536338,1.3715758644335245,0.0055545468731468305,-0.001748464047513223,0.0016832389662177155,0.06301395302721093,-0.23732182383537292,0.15347138047218323,0.23719891905784607,1.8256689310073853,0.4472024440765381,-0.5598576068878174,-0.9926711320877075,-0.5251757502555847,-1.844839096069336,0.7633795738220215,1.0095816850662231,-1.289326786994934
0.4551758749999989,0.0034223749999999996,133.0,4.479638022920159,1.243512304520095,1.37322104533452,0.005743793295419731,-0.0017970369378107697,0.0017137201575065679,0.06301676591109773,-0.23782238364219666,0.15736176073551178,0.23979613184928894,1.8360882997512817,0.4691624045372009,-0.5693154335021973,-0.9848959445953369,-0.532634437084198,-1.847589135169983,0.7549018859863281,0.9873157739639282,-1.2921812534332275
0.4551758749999989,0.0034223749999999996,133.0,4.488236253651514,1.254747023622005,1.3757189260892355,0.005986907262963645,-0.001891916147549706,0.0018099825950305736,0.06287115975173568,-0.2396211326122284,0.16074088215827942,0.2377922236919403,1.8381792306900024,0.4912773668766022,-0.5712199211120605,-0.9645335078239441,-0.5291286110877991,-1.8711326122283936,0.777167797088623,0.9897385835647583,-1.2979333400726318
0.4551758749999989,0.0034223749999999996,133.0,4.496377629270095,1.263550457927044,1.3770075313984431,0.006271348228846246,-0.0019710647099036183,0.0018773518596281245,0.06286505996655756,-0.2401098906993866,0.16418969631195068,0.23916521668434143,1.8455193042755127,0.5102707147598267,-0.578078031539917,-0.9555238485336304,-0.5337247252464294,-1.8743956089019775,0.7734079360961914,0.9719921350479126,-1.3006157875061035
0.4551758749999989,0.0034223749999999996,133.0,4.503706537422284,1.2710770301441519,1.3781591744196915,0.006694290307117662,-0.0021093834585489833,0.0019909920541751128,0.06287439531393127,-0.24024543166160583,0.16758334636688232,0.24259886145591736,1.8568170070648193,0.5267974734306335,-0.5859777927398682,-0.9551945924758911,-0.5430991053581238,-1.865593671798706,0.754378080368042,0.9411346316337585,-1.3023297786712646
0.4551758749999989,0.0034223749999999996,133.0,4.510084957420876,1.2780350539491825,1.3791208715462018,0.00740807770648587,-0.002327647413894674,0.0021849641365250063,0.0628720388489491,-0.2405395209789276,0.17021510004997253,0.24366185069084167,1.8626378774642944,0.5409874320030212,-0.5914998054504395,-0.9499543905258179,-0.5461224913597107,-1.865130066871643,0.7489609718322754,0.924592912197113,-1.3050663471221924
0.4551758749999989,0.0034223749999999996,133.0,4.515722300547525,1.2840086179887105,1.3802631966355354,0.009024915793637763,-0.002839285292925173,0.002622073340121633,0.06287280029623557,-0.2404310405254364,0.17273421585559845,0.24745211005210876,1.874129295349121,0.5513716340065002,-0.5984110832214355,-0.9587690830230713,-0.5538309216499329,-1.8468782901763916,0.7228419780731201,0.888408362865448,-1.308582067489624
0.4551758749999989,0.0034223749999999996,133.0,4.520294100577197,1.288623963390469,1.3814140283907554,0.01671208839722285,-0.00543058584962582,0.004743087042001596,0.06287874578674549,-0.2397485077381134,0.16957956552505493,0.24868455529212952,1.8795287609100342,0.558139979839325,-0.6065423488616943,-0.9858506917953491,-0.5491892695426941,-1.8108103275299072,0.6964478492736816,0.8742284774780273,-1.3185091018676758
0.4551758749999989,0.0034223749999999996,133.0,4.541853969213169,-1.2017020965229428,1.259465238292093,-0.014456801455478709,-0.0015730641500356123,-0.006465184910589894,0.06734692105947981,-0.057028114795684814,0.19572234153747559,-0.11106657981872559,1.0837430953979492,0.4914708137512207,-1.1648895740509033,0.06545183807611465,0.05333900451660156,-0.7171682119369507,0.6776652336120605,0.8722579479217529,-1.1383976936340332
0.4551758749999989,0.0034223749999999996,133.0,4.537211305799772,-1.196580505336411,1.2596031899288662,-0.0077877173303680935,-0.0008474310984406577,-0.003527229786839688,0.067314710445631,-0.05874094367027283,0.1986066699028015,-0.11031675338745117,1.0860320329666138,0.4905838966369629,-1.1660139560699463,0.0742630660533905,0.050032228231430054,-0.7162176966667175,0.7086877822875977,0.8453571796417236,-1.136885404586792
0.4551758749999989,0.0034223749999999996,133.0,4.531348024880508,-1.190714755634874,1.2594795372383063,-0.006398974082782462,-0.0007027913545992253,-0.002899592686576399,0.06728979105871818,-0.06113806366920471,0.20025525987148285,-0.1109551191329956,1.090122938156128,0.49306389689445496,-1.1590614318847656,0.08581167459487915,0.04654771089553833,-0.7132397294044495,0.7162163257598877,0.8217264413833618,-1.1372864246368408
0.4551758749999989,0.0034223749999999996,133.0,4.524665743324853,-1.1844244747077153,1.2590880264139686,-0.00578638427980798,-0.0006527947234886393,-0.0026237980365019387,0.06727348720048455,-0.06255009770393372,0.199920192360878,-0.1139170229434967,1.0898911952972412,0.5003505945205688,-1.1475589275360107,0.11124467849731445,0.04644465446472168,-0.7059846520423889,0.7215335369110107,0.8037311434745789,-1.1369690895080566
0.4551758749999989,0.0034223749999999996,133.0,4.51707018312649,-1.1773831623511344,1.2586198774686717,-0.005429517023075345,-0.000644945692627443,-0.002463304093802061,0.06725286855241375,-0.06493028998374939,0.20028485357761383,-0.11651545763015747,1.0920050144195557,0.5054278373718262,-1.1356840133666992,0.13643312454223633,0.04459238052368164,-0.6978699564933777,0.7264149188995361,0.7786679863929749,-1.1371715068817139
0.4551758749999989,0.0034223749999999996,133.0,4.50811217186632,-1.1712442200878144,1.255595848469375,-0.0051770586837053606,-0.0006884881371522986,-0.0023460535825178216,0.06729575652311026,-0.06484207510948181,0.19895893335342407,-0.11947906017303467,1.0877022743225098,0.5049806237220764,-1.1279566287994385,0.16199713945388794,0.046756744384765625,-0.6815156936645508,0.7268123626708984,0.7615892291069031,-1.135097622871399
0.4551758749999989,0.0034223749999999996,133.0,4.498852405400951,-1.1629105544121114,1.2548414738745832,-0.004968385150642936,-0.000708347753574922,-0.0022541581204162425,0.06727523728613514,-0.06740650534629822,0.19832265377044678,-0.1238592267036438,1.0879653692245483,0.5148181915283203,-1.110992193222046,0.2015749216079712,0.0457116961479187,-0.6686475872993469,0.732257604598999,0.7326480746269226,-1.1343613862991333
0.4551758749999989,0.0034223749999999996,133.0,4.488782309686563,-1.153409201825561,1.254346993971574,-0.004813582074441123,-0.0007069106481773614,-0.0021829884949214305,0.06725973866512838,-0.06945639848709106,0.1983661949634552,-0.12682080268859863,1.0882989168167114,0.5161203742027283,-1.0994322299957275,0.22753840684890747,0.04530614614486694,-0.6565957069396973,0.7358872890472412,0.705876886844635,-1.1342201232910156
0.4551758749999989,0.0034223749999999996,133.0,4.477800562145293,-1.1432347610550264,1.2536910211317527,-0.004673767682063626,-0.0007266525031323019,-0.0021180393360900893,0.06723504125451947,-0.07195556163787842,0.19713985919952393,-0.13209056854248047,1.085909128189087,0.5212522745132446,-1.081345558166504,0.274231880903244,0.046352267265319824,-0.6373599171638489,0.7419319152832031,0.6696261167526245,-1.1329138278961182
0.4551758749999989,0.0034223749999999996,133.0,4.465942875311488,-1.132342725071169,1.2530929649754865,-0.004532243859137313,-0.0007427020364192108,-0.0020555560989380765,0.06721518375103631,-0.0746023952960968,0.19641707837581635,-0.13662931323051453,1.0847710371017456,0.5263895392417908,-1.0649042129516602,0.314659059047699,0.04621937870979309,-0.6200493574142456,0.7470476627349854,0.636340856552124,-1.1316392421722412
0.4551758749999989,0.0034223749999999996,133.0,4.453573824223044,-1.1205304616716167,1.2527057172245897,-0.004401521962753693,-0.0007445714302765346,-0.0019962031227320535,0.06720903023925896,-0.07584917545318604,0.196104034781456,-0.13958388566970825,1.0823850631713867,0.5224758982658386,-1.0556631088256836,0.3384912312030792,0.04786670207977295,-0.6042654514312744,0.7492284774780273,0.6104425191879272,-1.1308128833770752
0.4551758749999989,0.0034223749999999996,133.0,4.440496385061449,-1.1079039828710995,1.2523343295511378,-0.00427009072595085,-0.0007379798811756177,-0.0019339678509169309,0.06720340473162534,-0.0765049159526825,0.19481827318668365,-0.14341944456100464,1.0778470039367676,0.5239009261131287,-1.045792818069458,0.3683026134967804,0.05042651295661926,-0.5864188075065613,0.750969648361206,0.5912835597991943,-1.1288437843322754
0.4551758749999989,0.0034223749999999996,133.0,4.426908675028652,-1.0941849054963793,1.2524175007400953,-0.004157082315128891,-0.0007130635015138346,-0.0018808517221219065,0.06721745624798059,-0.07601356506347656,0.19516660273075104,-0.14429208636283875,1.0747663974761963,0.5151467323303223,-1.044701099395752,0.371443510055542,0.05302265286445618,-0.5748839378356934,0.748542070388794,0.5783835649490356,-1.1281993389129639
0.4551758749999989,0.0034223749999999996,133.0,4.412827185447451,-1.080257265749922,1.2522695743253893,-0.0040092657995845936,-0.0006956080325656865,-0.0018155627706788855,0.06724413847858027,-0.0743069052696228,0.1938117891550064,-0.14675229787826538,1.0670528411865234,0.5117349028587341,-1.0417430400848389,0.38572368025779724,0.058428287506103516,-0.5591737031936646,0.7448973655700684,0.5677886009216309,-1.1259032487869263
0.4551758749999989,0.0034223749999999996,133.0,4.397354033413757,-1.0649917398352469,1.2522092693333995,-0.003826419191813954,-0.0006714337279844524,-0.0017343835811708713,0.06725012338378497,-0.073638916015625,0.19318018853664398,-0.14896252751350403,1.0615644454956055,0.5073134303092957,-1.0372655391693115,0.4004313349723816,0.0618537962436676,-0.5437682271003723,0.7418653964996338,0.5488758683204651,-1.1237999200820923
0.4551758749999989,0.0034223749999999996,133.0,4.3811643855423785,-1.0489983813184052,1.2522545421391131,-0.0036557097216627483,-0.0006452252301747597,-0.0016575864649489632,0.06726210515333997,-0.07315737009048462,0.19287699460983276,-0.15076923370361328,1.056732416152954,0.5046635866165161,-1.0332708358764648,0.41403746604919434,0.06432962417602539,-0.5289792418479919,0.7382996082305908,0.528937816619873,-1.1213972568511963
0.4551758749999989,0.0034223749999999996,133.0,4.36405847099087,-1.0320590089014838,1.252384181715927,-0.0034620420027202336,-0.000613982355688065,-0.001570756295957553,0.06727370061496436,-0.0730057954788208,0.1932222992181778,-0.15204653143882751,1.053236722946167,0.4956691265106201,-1.0299327373504639,0.4230361878871918,0.06624540686607361,-0.5150655508041382,0.7343227863311768,0.503324031829834,-1.1197059154510498
0.4551758749999989,0.0034223749999999996,133.0,4.346716614859156,-1.014625827612672,1.2526187759026872,-0.003275880678720657,-0.0005781361261338268,-0.0014897501200597674,0.06731267291524128,-0.06971561908721924,0.19225722551345825,-0.15300700068473816,1.0444636344909668,0.48444706201553345,-1.0337581634521484,0.42333295941352844,0.07253792881965637,-0.5008060336112976,0.7248039245605469,0.49336907267570496,-1.1172432899475098
0.4551758749999989,0.0034223749999999996,133.0,4.327799515972882,-0.9958420510776745,1.2527069480969077,-0.0030868771104463426,-0.0005481970643711616,-0.0014029343013845818,0.06731378692578648,-0.07012179493904114,0.19289562106132507,-0.15441817045211792,1.0415830612182617,0.4790690839290619,-1.027982234954834,0.43659475445747375,0.07299697399139404,-0.4844411611557007,0.7200047969818115,0.46224597096443176,-1.114697813987732
0.4551758749999989,0.0034223749999999996,133.0,4.3082584616731285,-0.9765998201526453,1.2526184936832891,-0.0029149993381692974,-0.0005293430126258716,-0.0013262813166030974,0.0673260896688317,-0.06933921575546265,0.19203022122383118,-0.15718430280685425,1.0335729122161865,0.46947482228279114,-1.0222034454345703,0.45859524607658386,0.07734686136245728,-0.4606494605541229,0.7143337726593018,0.42954015731811523,-1.1109875440597534
0.4551758749999989,0.0034223749999999996,133.0,4.288204108380846,-0.9563871177579006,1.2528954895243083,-0.0026914783152195334,-0.00048595333129640504,-0.0012267648489432323,0.06735534988321176,-0.06713199615478516,0.1922283172607422,-0.15752160549163818,1.0271437168121338,0.4552368223667145,-1.0239741802215576,0.457705557346344,0.08148640394210815,-0.445295125246048,0.7043285369873047,0.4103952646255493,-1.1085963249206543
0.4551758749999989,0.0034223749999999996,133.0,4.2664861914314836,-0.9360903132761964,1.2526989713955998,-0.0024674651111625816,-0.00046953562886949634,-0.00112829977928265,0.06735630124429964,-0.06838151812553406,0.18949298560619354,-0.16389545798301697,1.0153456926345825,0.4618769884109497,-1.0065371990203857,0.515930712223053,0.08563727140426636,-0.4098284840583801,0.7035419940948486,0.36062324047088623,-1.1010243892669678
0.4551758749999989,0.0034223749999999996,133.0,4.244629201880175,-0.914502698418206,1.2526439130631617,-0.00225664667331107,-0.00043676343110736954,-0.0010339206769183608,0.06737697757099699,-0.06637993454933167,0.18766075372695923,-0.1668563187122345,1.0039236545562744,0.45546048879623413,-1.0024182796478271,0.5387713313102722,0.0914376974105835,-0.38438498973846436,0.6942451000213623,0.3330991566181183,-1.0954298973083496
0.4551758749999989,0.0034223749999999996,133.0,4.221494502256809,-0.891795737150367,1.252637994870352,-0.0020483520514408245,-0.0004000142419834476,-0.0009397064787987537,0.06738622447874855,-0.06643500924110413,0.18755029141902924,-0.16914910078048706,0.9964860081672668,0.4437819719314575,-0.9950590133666992,0.5600382685661316,0.09424397349357605,-0.3585661053657532,0.6872198581695557,0.2916699945926666,-1.0906550884246826
0.4551758749999989,0.0034223749999999996,133.0,4.197544871688503,-0.8676808958355952,1.252795328819339,-0.0018836104850490573,-0.00036452234038796363,-0.0008633102695950036,0.06738465054710448,-0.06615126132965088,0.1890970915555954,-0.16923794150352478,0.9933776259422302,0.43005529046058655,-0.9911272525787354,0.5614146590232849,0.0946967601776123,-0.34211650490760803,0.676663875579834,0.25862857699394226,-1.0877797603607178
0.4551758749999989,0.0034223749999999996,133.0,4.173162360479047,-0.8432528144548129,1.2531635452218644,-0.0016787822234734797,-0.00031906503569175765,-0.0007736013738372763,0.06741892671609259,-0.06258541345596313,0.1882275938987732,-0.17005524039268494,0.9825491905212402,0.4159160256385803,-0.9934723377227783,0.5639829635620117,0.10096657276153564,-0.3230408728122711,0.6618423461914062,0.2404230833053589,-1.083193302154541
0.4551758749999989,0.0034223749999999996,133.0,4.147527652463551,-0.818219425636264,1.2532013866410563,-0.0014891248961972096,-0.0002899935744174559,-0.0006894918621164465,0.06742675940840986,-0.061661720275878906,0.18709124624729156,-0.17291003465652466,0.9709534049034119,0.40393325686454773,-0.9862539768218994,0.5893722176551819,0.10606488585472107,-0.2933498024940491,0.6519684791564941,0.1999770998954773,-1.076615333557129
0.4551758749999989,0.0034223749999999996,133.0,4.121207226843982,-0.7927663276476158,1.2531904687179194,-0.0013023155393335534,-0.0002620349942312912,-0.0006043135948081151,0.0674352931270592,-0.06298944354057312,0.18661044538021088,-0.176241934299469,0.9607405066490173,0.39651384949684143,-0.9728164672851562,0.6250465512275696,0.10824570059776306,-0.25889283418655396,0.645106315612793,0.1453467309474945,-1.0684274435043335
0.4551758749999989,0.0034223749999999996,133.0,4.094038090035167,-0.7661763245770555,1.253201981729268,-0.0011476600262085067,-0.00023497133677607377,-0.000534425812464219,0.0674478233921252,-0.06098869442939758,0.1837916374206543,-0.180274099111557,0.9422620534896851,0.38379842042922974,-0.9650440216064453,0.6617254018783569,0.11634337902069092,-0.21860371530056,0.6318972110748291,0.10214250534772873,-1.0580297708511353
0.4551758749999989,0.0034223749999999996,133.0,4.066235077296128,-0.7388879874101622,1.2532309244658528,-0.0010098051819764624,-0.00020964777730683162,-0.000472207448932968,0.06747095005566199,-0.05990144610404968,0.18215987086296082,-0.18347957730293274,0.9259679913520813,0.3678905963897705,-0.9552590847015381,0.6938797831535339,0.12251564860343933,-0.1790909469127655,0.6185190677642822,0.05432501435279846,-1.0477893352508545
0.4551758749999989,0.0034223749999999996,133.0,4.037389665286716,-0.7107260899266442,1.253181929770699,-0.0008326820785554937,-0.00017706606944461952,-0.00038925624770858985,0.06747287202980748,-0.058073222637176514,0.18011565506458282,-0.18639791011810303,0.9079047441482544,0.3540463447570801,-0.9473052024841309,0.7245945334434509,0.12894850969314575,-0.13943596184253693,0.6025376319885254,0.011269500479102135,-1.0360721349716187
0.4551758749999989,0.0034223749999999996,133.0,4.007541563918453,-0.6818093943485801,1.253257646216345,-0.0006978678541517333,-0.00015219968792109503,-0.00032727767041142945,0.06747616914735155,-0.058735549449920654,0.17789393663406372,-0.19051113724708557,0.887865424156189,0.3429339826107025,-0.9317827224731445,0.7725533843040466,0.1342480182647705,-0.08848895877599716,0.5904908180236816,-0.04911850392818451,-1.0212044715881348
0.4551758749999989,0.0034223749999999996,133.0,3.9769292651064405,-0.651893793441388,1.253389810570535,-0.000522950328161648,-0.00011596370701647962,-0.0002465527582788649,0.06748227709281114,-0.05751350522041321,0.1760576367378235,-0.19310157001018524,0.8685250878334045,0.3243114948272705,-0.9214859008789062,0.8035122752189636,0.14044737815856934,-0.04546499624848366,0.5739536285400391,-0.09823969006538391,-1.0079448223114014
0.4551758749999989,0.0034223749999999996,133.0,3.9456562738096235,-0.6208950933915182,1.253539710277148,-0.0003279382436754975,-7.24236638825535e-5,-0.00015576453663906236,0.06749858302053435,-0.05576270818710327,0.1750541478395462,-0.19451117515563965,0.8510239124298096,0.3037823438644409,-0.9127132892608643,0.8241937756538391,0.14514759182929993,-0.006548658013343811,0.5546531677246094,-0.14397743344306946,-0.9949936866760254
0.4551758749999989,0.0034223749999999996,133.0,3.913381802607379,-0.5891639607264749,1.2537331710120374,-0.00015298674566989988,-3.40039237047925e-5,-7.335235546879341e-5,0.06750316512531414,-0.052758216857910156,0.1734839379787445,-0.19548848271369934,0.8313680291175842,0.28128477931022644,-0.9075944423675537,0.8409621119499207,0.1511370837688446,0.030945254489779472,0.5329151153564453,-0.1826934814453125,-0.9812248349189758
0.4551758749999989,0.0034223749999999996,133.0,3.880188382773772,-0.5572812004700517,1.2540883196466517,1.6925873314662633e-5,3.863405825809458e-6,8.196915423181913e-6,0.06750232787283783,-0.051569730043411255,0.16977982223033905,-0.198516845703125,0.804055392742157,0.2653596103191376,-0.895510196685791,0.8833226561546326,0.15899941325187683,0.08492302149534225,0.514418363571167,-0.23122307658195496,-0.9617328643798828
0.4551758749999989,0.0034223749999999996,133.0,3.8459214580331107,-0.5239787304107326,1.2543227368215693,0.00018662825297093455,4.295060897642597e-5,9.132987913542266e-5,0.06749193626593585,-0.050251156091690063,0.1675954908132553,-0.2001473605632782,0.78013676404953,0.24254052340984344,-0.8821113109588623,0.9123374819755554,0.16491183638572693,0.13373467326164246,0.4937915802001953,-0.27913251519203186,-0.943610668182373
0.4551758749999989,0.0034223749999999996,133.0,3.8108267170481556,-0.48944356577787895,1.2542416131256815,0.0003701347859982762,8.532645659446554e-5,0.00018261849935022854,0.067469328827254,-0.048912376165390015,0.16705185174942017,-0.20057648420333862,0.761416494846344,0.21960675716400146,-0.8684568405151367,0.9276966452598572,0.16749835014343262,0.1742643117904663,0.47136902809143066,-0.3250998854637146,-0.9273071885108948
0.4551758749999989,0.0034223749999999996,133.0,3.7749208221868398,-0.4545834623607753,1.2544428260714926,0.0005136873274785826,0.00011979153558697441,0.0002561228754847108,0.06744989947430831,-0.04764747619628906,0.16484279930591583,-0.20160077512264252,0.7362782955169678,0.19607992470264435,-0.8526639938354492,0.9530741572380066,0.17281323671340942,0.2232270985841751,0.4496450424194336,-0.3685742914676666,-0.9073834419250488
0.4551758749999989,0.0034223749999999996,133.0,3.738199865215375,-0.41888742891716263,1.2546361244307818,0.0006751589315413689,0.0001591865814247457,0.00034025408670993856,0.06742654276270235,-0.046361953020095825,0.16246120631694794,-0.20225116610527039,0.7094637751579285,0.17165648937225342,-0.8346664905548096,0.9776170253753662,0.17791569232940674,0.2744651734828949,0.4269554615020752,-0.4103388786315918,-0.8855770826339722
0.4551758749999989,0.0034223749999999996,133.0,3.700475021161019,-0.38234831393404006,1.2549572719515183,0.0008463034423171403,0.00020097781707307987,0.00043270465542920734,0.06739519054460429,-0.04507520794868469,0.15984225273132324,-0.2024797946214676,0.6802449226379395,0.14613184332847595,-0.8133442401885986,1.0014491081237793,0.18301424384117126,0.32840344309806824,0.4032881259918213,-0.44961461424827576,-0.861372172832489
0.4551758749999989,0.0034223749999999996,133.0,3.6621797111937924,-0.34511336329182196,1.2551665506400311,0.0010406594798558538,0.00024917933996884554,0.0005384650243275779,0.06736065826152819,-0.043702900409698486,0.1570555418729782,-0.2021600604057312,0.6497149467468262,0.11984430998563766,-0.7891135215759277,1.022654414176941,0.1876811981201172,0.383637011051178,0.37851476669311523,-0.48437705636024475,-0.835437536239624
0.4551758749999989,0.0034223749999999996,133.0,3.622883579901065,-0.3070202439996573,1.2555153109371593,0.0012240247444428925,0.00029399678891843116,0.0006433254675224764,0.06731849575401772,-0.04237803816795349,0.1540655642747879,-0.20120537281036377,0.61717689037323,0.09340403974056244,-0.7606158256530762,1.0410720109939575,0.192294180393219,0.43988844752311707,0.3533790111541748,-0.5132894515991211,-0.8074646592140198
0.4551758749999989,0.0034223749999999996,133.0,3.582705030814975,-0.2685210687295173,1.255995934347065,0.0013424009178076863,0.0003286596618235788,0.000712923324826431,0.06726945461440967,-0.04228627681732178,0.15012839436531067,-0.1994708776473999,0.5813384056091309,0.07378165423870087,-0.7215116024017334,1.0624042749404907,0.19713711738586426,0.5041576027870178,0.32981419563293457,-0.5319666266441345,-0.7764498591423035
0.4551758749999989,0.0034223749999999996,133.0,3.5414893874080495,-0.22871142145832718,1.2564304641487223,0.0014925091660848316,0.00036649199392136593,0.0008077572620878221,0.06721264493827238,-0.04090985655784607,0.14647701382637024,-0.19649629294872284,0.5446282625198364,0.05030252784490585,-0.68300461769104,1.0714739561080933,0.2022138237953186,0.5598050951957703,0.3058803081512451,-0.5409318208694458,-0.7448452115058899
0.4551758749999989,0.0034223749999999996,133.0,3.499319558436815,-0.18730137726448232,1.255996390059487,0.00163894041442718,0.00040113797300347096,0.0009038691149738229,0.06713362251338989,-0.039165228605270386,0.14437514543533325,-0.1931876838207245,0.5114964246749878,0.02878429740667343,-0.645526647567749,1.0683984756469727,0.20400726795196533,0.6098139882087708,0.28250598907470703,-0.5518227815628052,-0.7135264277458191
0.4551758749999989,0.0034223749999999996,133.0,3.457622415806969,-0.14493337268163356,1.2591969226099877,0.0017735655490111195,0.0004170092841442681,0.00100551679333002,0.06703901996564875,-0.037928104400634766,0.13327498733997345,-0.18583843111991882,0.45393332839012146,0.024866990745067596,-0.5901756286621094,1.077138900756836,0.22174805402755737,0.6679458022117615,0.27069616317749023,-0.4731866121292114,-0.6739967465400696
0.4551758749999989,0.0034223749999999996,133.0,3.4128349589880687,-0.10229104248745227,1.2595128170965,0.0018664520632332114,0.0004580765398594992,0.0010753057169497113,0.06692156882355549,-0.041009217500686646,0.13124318420886993,-0.18225735425949097,0.4248513877391815,0.03801792860031128,-0.5119144916534424,1.077048659324646,0.22340327501296997,0.7258051037788391,0.2615964412689209,-0.45336687564849854,-0.646599531173706
0.4551758749999989,0.0034223749999999996,133.0,3.3617761398385517,-0.05575629584372198,1.2617318313249841,0.0018240262250185718,0.000461423557934988,0.0011281038348038897,0.06662659954017262,-0.05674991011619568,0.13791878521442413,-0.1856037974357605,0.4334028363227844,0.12060725688934326,-0.48934412002563477,1.076268196105957,0.22885629534721375,0.6686541438102722,0.4230201244354248,-0.3547993004322052,-0.6617343425750732
0.4551758749999989,0.0034223749999999996,133.0,3.292694744656966,0.015648008986591848,1.2596982340175542,0.001687918424875909,-0.00018005822176299266,0.0013483813122060519,0.06486800652978561,-0.1444057822227478,0.22672462463378906,-0.17655721306800842,0.621448814868927,0.43129751086235046,-0.27100157737731934,0.3653240501880646,0.2892082929611206,-1.0757200717926025,1.6429877281188965,0.300452321767807,-0.9088494777679443
0.4551758749999989,0.0034223749999999996,133.0,3.215856387289492,0.04527886407217475,1.2555192194259461,0.00010744662478547194,-3.921768671763262e-6,7.790914991442712e-5,0.06360518225556587,-0.44116470217704773,0.15241894125938416,-0.08101636171340942,1.118894100189209,-0.5641872882843018,0.9530056715011597,0.4022761285305023,0.09987309575080872,-1.3009684085845947,2.580338478088379,-0.22672051191329956,-1.2191736698150635
0.4551758749999989,0.0034223749999999996,133.0,3.251356073690846,0.08362127467302183,1.2646432020528982,-0.0018490968312827201,3.9417021023626815e-5,-0.0012601898647337623,0.06287755206785779,-0.432451993227005,0.14794567227363586,-0.023467689752578735,1.394139051437378,-0.5167495608329773,0.8550666570663452,0.15501074492931366,0.0029857754707336426,-1.2687515020370483,2.377239227294922,0.06117062270641327,-1.3966575860977173
0.4551758749999989,0.0034223749999999996,133.0,3.2753923171151405,0.14020567690866786,1.2863008019419524,-0.0022259317009530946,0.0004940400666791805,-0.0012930834171875538,0.06125840008217237,-0.4794875681400299,0.14820139110088348,0.0785694420337677,1.6466017961502075,-1.1154894828796387,0.9635629653930664,-0.5596974492073059,0.2603578567504883,-1.1047742366790771,2.1185989379882812,0.5022783279418945,-1.904315710067749
0.4551758749999989,0.0034223749999999996,133.0,3.312215904421286,0.18953347415436214,1.295101538608736,-0.0022679129317235837,0.0006033679070385607,-0.0012242418137618978,0.060745520342707034,-0.395475834608078,0.06557735800743103,0.14276960492134094,1.4161646366119385,-0.6066886186599731,0.34098315238952637,-0.7797260880470276,-0.31575459241867065,-1.295528769493103,1.7931818962097168,1.0943412780761719,-1.0917376279830933
0.4551758749999989,0.0034223749999999996,133.0,3.3556018002429813,0.23304944614128872,1.2990302617197174,-0.0021537900114413414,0.000564436030044957,-0.001127005915446959,0.06073043353338717,-0.3624629080295563,0.0603950209915638,0.1627424657344818,1.4676270484924316,-0.4926174581050873,0.20512866973876953,-0.8219612836837769,-0.35613274574279785,-1.2442610263824463,1.5392231941223145,1.314881443977356,-1.101927638053894
0.4551758749999989,0.0034223749999999996,133.0,3.399295518135675,0.27462435483992453,1.3023340107370915,-0.001977910848939226,0.0005144381711251856,-0.001003770883466849,0.060801432423260186,-0.33903226256370544,0.06179400905966759,0.1777297556400299,1.4975718259811401,-0.3968795835971832,0.10335564613342285,-0.8412178754806519,-0.3710695505142212,-1.2399685382843018,1.3637111186981201,1.4054874181747437,-1.1161867380142212
0.4551758749999989,0.0034223749999999996,133.0,3.4428356950669787,0.3145440696194471,1.3044796495538094,-0.001754049505156366,0.0004488748760458571,-0.00086884913474616,0.060963227544147944,-0.3315695822238922,0.06870010495185852,0.1758841574192047,1.49586820602417,-0.32461050152778625,0.06435990333557129,-0.816555380821228,-0.3584972023963928,-1.348773717880249,1.3432343006134033,1.356075406074524,-1.1271874904632568
0.4551758749999989,0.0034223749999999996,133.0,3.485355558767243,0.35399167114336044,1.3063150666265213,-0.0016500871804720168,0.0004157475090070588,-0.0008013152735585704,0.06110714271698477,-0.3246926963329315,0.0762670636177063,0.1813754141330719,1.5254566669464111,-0.25987571477890015,0.02524852752685547,-0.8206577897071838,-0.36461949348449707,-1.4282727241516113,1.2958369255065918,1.2995704412460327,-1.150436520576477
0.4551758749999989,0.0034223749999999996,133.0,3.5274469766589083,0.3927611430626164,1.3085850612854206,-0.0014118001460738379,0.00035246024765928405,-0.0006710009117474531,0.06121509948381369,-0.320047527551651,0.08362393826246262,0.18206778168678284,1.538086175918579,-0.2045227736234665,-0.00461578369140625,-0.806129515171051,-0.3599235415458679,-1.5117018222808838,1.285088300704956,1.2592753171920776,-1.1677042245864868
0.4551758749999989,0.0034223749999999996,133.0,3.5686009983376414,0.4309351332567489,1.3110964002438472,-0.0012308814535783952,0.00030393430195831144,-0.0005688243913968358,0.06130864724984929,-0.31439265608787537,0.0926690623164177,0.18961355090141296,1.5775901079177856,-0.12937156856060028,-0.04449343681335449,-0.8135083913803101,-0.37463682889938354,-1.5735187530517578,1.2391817569732666,1.1917979717254639,-1.192136287689209
0.4551758749999989,0.0034223749999999996,133.0,3.608720689242561,0.46811174709914816,1.3130609243789262,-0.0009996992080920667,0.00024720286343532494,-0.00045424286583947015,0.061415320975524504,-0.30944839119911194,0.09774979948997498,0.19223996996879578,1.5966041088104248,-0.08028680086135864,-0.0777137279510498,-0.8153963088989258,-0.3824843764305115,-1.6256200075149536,1.2135021686553955,1.1675641536712646,-1.2031810283660889
0.4551758749999989,0.0034223749999999996,133.0,3.648010149994078,0.5045797495509322,1.3150403748297612,-0.0007946546148734778,0.00019736964495467696,-0.00035523381231905994,0.061517283414403254,-0.30493029952049255,0.10332795232534409,0.19514736533164978,1.616585373878479,-0.03670379891991615,-0.10797882080078125,-0.8197174072265625,-0.3891106843948364,-1.6716665029525757,1.1894567012786865,1.1411592960357666,-1.2164112329483032
0.4551758749999989,0.0034223749999999996,133.0,3.6863439930733826,0.5402801606335582,1.3168147592801291,-0.0006001100856596267,0.00014890555427183485,-0.00026314664923003385,0.06160854433880808,-0.3005923330783844,0.10745479166507721,0.197585791349411,1.633650302886963,0.004063028376549482,-0.13762855529785156,-0.8247848749160767,-0.3980741500854492,-1.7085354328155518,1.165876865386963,1.125402808189392,-1.2244292497634888
0.4551758749999989,0.0034223749999999996,133.0,3.7237990292785033,0.5751375570852121,1.3184861435434352,-0.00041227542144154516,0.00010230812304682271,-0.00017765424286750545,0.06169650098880542,-0.2966066896915436,0.11110573261976242,0.19995906949043274,1.6496062278747559,0.04032361879944801,-0.16563773155212402,-0.8300792574882507,-0.40696948766708374,-1.7381000518798828,1.14329195022583,1.113430142402649,-1.2314225435256958
0.4551758749999989,0.0034223749999999996,133.0,3.7604342705123326,0.6090551072321919,1.3201562937725886,-0.00023078358145844368,5.783359173542137e-5,-9.83942062873688e-5,0.06178293117412801,-0.2929738461971283,0.11447526514530182,0.20242473483085632,1.6649329662322998,0.07273237407207489,-0.19159865379333496,-0.8372498154640198,-0.416034460067749,-1.7613086700439453,1.121220350265503,1.1023865938186646,-1.2376147508621216
0.4551758749999989,0.0034223749999999996,133.0,3.795514144703294,0.6421514885134605,1.3208600868383267,-6.862980520597638e-5,1.729500612937233e-5,-2.9103402960700634e-5,0.06187662559521089,-0.28974732756614685,0.11739162355661392,0.2040194571018219,1.6765224933624268,0.10151810944080353,-0.21509766578674316,-0.8409540057182312,-0.42271023988723755,-1.7835845947265625,1.1054937839508057,1.0967607498168945,-1.2425220012664795
0.4551758749999989,0.0034223749999999996,133.0,3.829827201614044,0.6743380477276866,1.3221181471758432,0.00014797263758087176,-3.778048194196576e-5,6.20328414258728e-5,0.061944934700754836,-0.28774359822273254,0.11811428517103195,0.20115110278129578,1.67186439037323,0.09917234629392624,-0.22231030464172363,-0.8458524942398071,-0.413954496383667,-1.8098857402801514,1.1142463684082031,1.1187952756881714,-1.2468173503875732
0.4551758749999989,0.0034223749999999996,133.0,3.8647087320884177,0.7038704395788585,1.322218496724042,0.0003484204947804336,-8.941084312956093e-5,0.00014290390299439142,0.06216132352189721,-0.28309741616249084,0.11793137341737747,0.2026098072528839,1.6778610944747925,0.11350362002849579,-0.24584746360778809,-0.8612369894981384,-0.42151498794555664,-1.8135136365890503,1.0886311531066895,1.1274003982543945,-1.245255708694458
0.4551758749999989,0.0034223749999999996,133.0,3.8973513140344904,0.7344965633597703,1.3235661099583467,0.0005503065087261148,-0.00014291284237246874,0.00022285418199994425,0.06222563752667565,-0.2792874276638031,0.12350468337535858,0.21079608798027039,1.7102975845336914,0.15175750851631165,-0.27718210220336914,-0.8846162557601929,-0.44266003370285034,-1.8098751306533813,1.0369493961334229,1.0797392129898071,-1.2561824321746826
0.4551758749999989,0.0034223749999999996,133.0,3.929652593035447,0.7647991041467873,1.325883438124344,0.0007909369363388567,-0.00020602927678447822,0.00031385688734180236,0.06225080161802976,-0.2774491012096405,0.12666155397891998,0.21008756756782532,1.7155733108520508,0.17588314414024353,-0.2920103073120117,-0.8809835314750671,-0.44206881523132324,-1.834497094154358,1.0380008220672607,1.0782012939453125,-1.2621750831604004
0.4551758749999989,0.0034223749999999996,133.0,3.961085554605527,0.7940380105150765,1.327843338838625,0.0009625547947746785,-0.0002514987185072431,0.00037531444697225393,0.062293345876184285,-0.27487215399742126,0.13037975132465363,0.21274670958518982,1.730224609375,0.20851197838783264,-0.31455016136169434,-0.8837012052536011,-0.4515223503112793,-1.8453172445297241,1.018460750579834,1.0614044666290283,-1.2673304080963135
0.4551758749999989,0.0034223749999999996,133.0,3.9914888263656807,0.8225628991859569,1.33021854533816,0.001182701605465302,-0.0003126756278582586,0.00045128153904526973,0.06231087453927001,-0.2722226083278656,0.13177593052387238,0.2148934304714203,1.739848017692566,0.22191208600997925,-0.3305976390838623,-0.8975493311882019,-0.45840710401535034,-1.8453516960144043,0.9966585636138916,1.0568050146102905,-1.2700144052505493
0.4551758749999989,0.0034223749999999996,133.0,4.020885647507575,0.8496468804651466,1.3312461512507374,0.001348807673701504,-0.00036132026810762816,0.0005102463375851749,0.062377250632026204,-0.26943114399909973,0.13380156457424164,0.21564152836799622,1.7457386255264282,0.2391052544116974,-0.3477201461791992,-0.9004457592964172,-0.4608153700828552,-1.8536955118179321,0.9841916561126709,1.054193139076233,-1.273554801940918
0.4551758749999989,0.0034223749999999996,133.0,4.049494574873707,0.876207090341621,1.332734386343664,0.0015370662103284317,-0.00041272407107231714,0.0005716345541153229,0.0624209952683573,-0.26716020703315735,0.13536924123764038,0.21709737181663513,1.7529278993606567,0.2565293610095978,-0.363844633102417,-0.9060391783714294,-0.466230571269989,-1.8578673601150513,0.9698140621185303,1.0521295070648193,-1.2753450870513916
0.4551758749999989,0.0034223749999999996,133.0,4.077439755421053,0.9019175036775031,1.333996920985695,0.001760302550345348,-0.0004744256045199463,0.0006486851800178955,0.06247665597976022,-0.2649184763431549,0.136786550283432,0.21866396069526672,1.7599433660507202,0.2732791602611542,-0.37978458404541016,-0.9120756387710571,-0.47187525033950806,-1.8603274822235107,0.9547908306121826,1.0501066446304321,-1.276726484298706
0.4551758749999989,0.0034223749999999996,133.0,4.104387729437883,0.9268400208407386,1.3356935082470698,0.001987861970870439,-0.0005428255318794615,0.0007218099133529257,0.06251115843697412,-0.26310935616493225,0.14004100859165192,0.22117283940315247,1.7719461917877197,0.2933286726474762,-0.3957247734069824,-0.9174494743347168,-0.4783685803413391,-1.862931728363037,0.9371767044067383,1.0329619646072388,-1.282181978225708
0.4551758749999989,0.0034223749999999996,133.0,4.130337868534708,0.9504522874334683,1.3367164109789749,0.002237428268039534,-0.0006208140024895211,0.0008054834153083496,0.06256254036895662,-0.26072654128074646,0.1388481855392456,0.22021862864494324,1.7686883211135864,0.29065513610839844,-0.40311717987060547,-0.9278455972671509,-0.4757211208343506,-1.864410400390625,0.9312949180603027,1.0505388975143433,-1.281699776649475
0.4551758749999989,0.0034223749999999996,133.0,4.155278146309727,0.9736894790728512,1.3378650198612012,0.00242350809220149,-0.0006756539185538905,0.0008621733271270635,0.06260813087353029,-0.25903192162513733,0.14003390073776245,0.22149905562400818,1.7741432189941406,0.304679811000824,-0.41612839698791504,-0.9324530959129333,-0.48018568754196167,-1.8666343688964844,0.9201827049255371,1.0500980615615845,-1.2827134132385254
0.4551758749999989,0.0034223749999999996,133.0,4.179427151223809,0.9959729343326926,1.3392260006259078,0.002658464280225627,-0.0007500456969107061,0.0009367456532837496,0.06265415345167558,-0.25745758414268494,0.14111781120300293,0.2228522002696991,1.7795897722244263,0.31751853227615356,-0.42824888229370117,-0.9381536841392517,-0.48468685150146484,-1.8673138618469238,0.9087367057800293,1.0489979982376099,-1.28367018699646
0.4551758749999989,0.0034223749999999996,133.0,4.2027527858435745,1.0176541069357712,1.3404298540319364,0.002898773673520121,-0.0008224003108553487,0.0010091390353752937,0.06269036988169334,-0.2557889521121979,0.1431318074464798,0.22563055157661438,1.7896065711975098,0.33247750997543335,-0.4420046806335449,-0.9466279745101929,-0.49233120679855347,-1.8630949258804321,0.8889687061309814,1.0357770919799805,-1.2859636545181274
0.4551758749999989,0.0034223749999999996,133.0,4.225345241042804,1.0382075837389744,1.3415248528557981,0.0031489421826682976,-0.0009053209435222375,0.0010884100056676217,0.06272566016644042,-0.25440236926078796,0.14409977197647095,0.22442737221717834,1.7882136106491089,0.3366793990135193,-0.4491455554962158,-0.9471290111541748,-0.4875580668449402,-1.8724416494369507,0.8919796943664551,1.0436581373214722,-1.2894915342330933
0.4551758749999989,0.0034223749999999996,133.0,4.247081293018752,1.057810455298641,1.3426971474625904,0.003404534383124029,-0.0009882858415438962,0.0011607912137987944,0.06274772804218438,-0.2526948153972626,0.1431208997964859,0.22406521439552307,1.7863011360168457,0.33571702241897583,-0.4550642967224121,-0.9563610553741455,-0.486456036567688,-1.8712583780288696,0.8863863945007324,1.0560137033462524,-1.2887659072875977
0.4551758749999989,0.0034223749999999996,133.0,4.267669424125712,1.0773345234482123,1.3447263508373477,0.0036031002560792066,-0.0010576359446574893,0.0012122903873693059,0.06276132370341148,-0.25206127762794495,0.144672691822052,0.22569778561592102,1.7931694984436035,0.3480033278465271,-0.46370768547058105,-0.9612785577774048,-0.49133914709091187,-1.8719370365142822,0.8776102066040039,1.0501317977905273,-1.2907226085662842
0.4551758749999989,0.0034223749999999996,133.0,4.287586385135952,1.0954205054056263,1.3457693402060298,0.00382635121853966,-0.0011310193028161214,0.0012744822488825523,0.06278682684078458,-0.2505935728549957,0.14615827798843384,0.22815516591072083,1.8009594678878784,0.35745328664779663,-0.4746582508087158,-0.970203697681427,-0.4972793459892273,-1.8657673597335815,0.8597087860107422,1.0385637283325195,-1.292494773864746
0.4551758749999989,0.0034223749999999996,133.0,4.306424949470226,1.1125397232995131,1.3462539546694499,0.0040147571280673006,-0.001199546407622242,0.001330435600712029,0.06283563116391147,-0.249027818441391,0.14576831459999084,0.22785279154777527,1.7992560863494873,0.3568662703037262,-0.4806077480316162,-0.9766313433647156,-0.49535292387008667,-1.8663839101791382,0.8557915687561035,1.0473076105117798,-1.2928029298782349
0.4551758749999989,0.0034223749999999996,133.0,4.324478247106804,1.1295463547341467,1.3474929442376335,0.004242571583885318,-0.0012713445985771902,0.001393655278574232,0.062855711805116,-0.24845799803733826,0.14699356257915497,0.22729262709617615,1.7997186183929443,0.36685389280319214,-0.4875016212463379,-0.9735041856765747,-0.49362534284591675,-1.876676321029663,0.8602244853973389,1.053086280822754,-1.2951130867004395
0.4551758749999989,0.0034223749999999996,133.0,4.341837637167038,1.1451313731698458,1.3488947530820101,0.00443908040983029,-0.0013490073409378714,0.001442007248284873,0.06288396712349972,-0.24707534909248352,0.14801566302776337,0.2295144498348236,1.8065054416656494,0.37427979707717896,-0.496035099029541,-0.9823862314224243,-0.499409019947052,-1.8697407245635986,0.842653751373291,1.0421860218048096,-1.2960360050201416
0.4551758749999989,0.0034223749999999996,133.0,4.358257734320463,1.1596572509978207,1.3491753647379576,0.004636241855555477,-0.0014107191805203532,0.001492602141114364,0.06292342009304028,-0.24515262246131897,0.14758896827697754,0.22978803515434265,1.8054355382919312,0.37831273674964905,-0.5045166015625,-0.9868354797363281,-0.5000354647636414,-1.8672188520431519,0.833787202835083,1.0480645895004272,-1.2943999767303467
0.4551758749999989,0.0034223749999999996,133.0,4.37400692268765,1.173339624849643,1.3499751684963737,0.004782920002960047,-0.0014739191797655047,0.0015335571752112098,0.06296512907309422,-0.24305197596549988,0.1464998722076416,0.2298012673854828,1.8034439086914062,0.3818729817867279,-0.5117106437683105,-0.9913470149040222,-0.5013789534568787,-1.8619681596755981,0.8232471942901611,1.0553045272827148,-1.2911220788955688
0.4551758749999989,0.0034223749999999996,133.0,4.388788787448256,1.1865655018451557,1.350773153688876,0.004923889576933618,-0.0015181479022426984,0.0015562493261632691,0.06299700403778893,-0.24074718356132507,0.14712738990783691,0.23100057244300842,1.8055893182754517,0.3869349956512451,-0.5210108757019043,-0.9960685968399048,-0.5039144158363342,-1.8530354499816895,0.8057677745819092,1.0461808443069458,-1.2906911373138428
0.4551758749999989,0.0034223749999999996,133.0,4.4027864964377015,1.1989436535834121,1.3518051254855765,0.005069305448891982,-0.0015729390639394468,0.0015891875864151343,0.06302545342386215,-0.2384491264820099,0.14601102471351624,0.23069873452186584,1.8025161027908325,0.39028415083885193,-0.5279929637908936,-0.998733401298523,-0.5038500428199768,-1.849183440208435,0.7953805923461914,1.0526974201202393,-1.2877434492111206
0.4551758749999989,0.0034223749999999996,133.0,4.415839398787612,1.21058194142197,1.3526137120095965,0.0052251897246524855,-0.001625671958228294,0.0016245732115036267,0.0630544063439919,-0.23679235577583313,0.1464679092168808,0.23298683762550354,1.807115912437439,0.4014189839363098,-0.5386936664581299,-1.0017733573913574,-0.5104932188987732,-1.8411157131195068,0.7763299942016602,1.044435739517212,-1.2856312990188599
0.4551758749999989,0.0034223749999999996,133.0,4.427721275301913,1.2222161525392823,1.354096812178191,0.0053899505607570225,-0.0016754754622690866,0.001659304635608794,0.06305967774266913,-0.23659160733222961,0.1485518366098404,0.23372730612754822,1.8110766410827637,0.42051225900650024,-0.5477187633514404,-0.9927405118942261,-0.5136905312538147,-1.8481147289276123,0.7750673294067383,1.039905309677124,-1.2864258289337158
0.4551758749999989,0.0034223749999999996,133.0,4.438567626378213,1.2334875660375517,1.3556389200678916,0.005550679727874136,-0.001722018224457394,0.0016938136208069316,0.06305670753942598,-0.23641210794448853,0.15272954106330872,0.23677799105644226,1.8224786520004272,0.44052520394325256,-0.5587048530578613,-0.9879201054573059,-0.5210357308387756,-1.8468328714370728,0.7605187892913818,1.0114169120788574,-1.2903354167938232
0.4551758749999989,0.0034223749999999996,133.0,4.4486802375729715,1.2436117054153761,1.357262992446982,0.005740006709970304,-0.0017697000311088444,0.0017244223431278603,0.06305947459498376,-0.23689445853233337,0.15661360323429108,0.2393949329853058,1.83287513256073,0.4624924659729004,-0.5681972503662109,-0.9802952408790588,-0.5284584164619446,-1.8495358228683472,0.7519097328186035,0.9889872074127197,-1.2932040691375732
0.4551758749999989,0.0034223749999999996,133.0,4.45728377712966,1.2548255200613199,1.3597457952197898,0.005982814843489718,-0.001863241089474169,0.0018214220731794044,0.06291290551189023,-0.23867902159690857,0.1599908322095871,0.23738524317741394,1.83484947681427,0.4845580756664276,-0.5700035095214844,-0.9600213766098022,-0.5248506665229797,-1.8730472326278687,0.7741670608520508,0.9912624359130859,-1.2989413738250732
0.4551758749999989,0.0034223749999999996,133.0,4.465456854340095,1.2635863657557747,1.3610267997802383,0.006267354092428857,-0.0019411954519978286,0.0018891700740611501,0.06290604442794114,-0.2391473352909088,0.16342586278915405,0.23878571391105652,1.842163324356079,0.5035070180892944,-0.5768887996673584,-0.9512193202972412,-0.5294355750083923,-1.8761495351791382,0.7702045440673828,0.9733245968818665,-1.3016088008880615
0.4551758749999989,0.0034223749999999996,133.0,4.472799370220258,1.2710989329244655,1.362144773221455,0.0066900419438320905,-0.002077356553745485,0.0020036291715429286,0.06291578916418165,-0.239267498254776,0.1668117493391037,0.24223831295967102,1.8534427881240845,0.5200928449630737,-0.5848963260650635,-0.9510177969932556,-0.5387852787971497,-1.8673263788223267,0.7510621547698975,0.9424155950546265,-1.303330659866333
0.4551758749999989,0.0034223749999999996,133.0,4.479205379893436,1.2780301545051667,1.3630993715152395,0.007403538451232572,-0.0022922324421738006,0.002198513555032431,0.06291340246206212,-0.239547997713089,0.16943517327308655,0.24332252144813538,1.859228253364563,0.5342569947242737,-0.5904467105865479,-0.945928692817688,-0.5417912602424622,-1.866746425628662,0.745495080947876,0.9257321953773499,-1.3060472011566162
0.4551758749999989,0.0034223749999999996,133.0,4.484864487062077,1.2839851050177078,1.3642089619081705,0.009019369890291475,-0.0027957512655363177,0.002638490320518415,0.06291501323783584,-0.2394271194934845,0.1719418466091156,0.24713703989982605,1.8706817626953125,0.5446971654891968,-0.5974905490875244,-0.9549784064292908,-0.5494814515113831,-1.8484556674957275,0.7192132472991943,0.8895750641822815,-1.3095417022705078
0.4551758749999989,0.0034223749999999996,133.0,4.489451591501934,1.2886252479885054,1.3653764616410382,0.01670559880958242,-0.005350113666303263,0.004772023944258877,0.06291710921185632,-0.23878207802772522,0.16882415115833282,0.24838432669639587,1.8759139776229858,0.5516051650047302,-0.6055972576141357,-0.9827238917350769,-0.5447203516960144,-1.812382459640503,0.6928126811981201,0.8752589821815491,-1.3194117546081543
0.4551758749999989,0.0034223749999999996,133.0,4.510892988473304,-1.2024610810752294,1.2455216646171001,-0.01443476577987342,-0.0015759515540819781,-0.006472344325204087,0.0673825285946425,-0.0553966760635376,0.19427286088466644,-0.11348173022270203,1.0762102603912354,0.485024631023407,-1.1603035926818848,0.08622808754444122,0.059237539768218994,-0.7000741362571716,0.6730048656463623,0.8502185940742493,-1.136782169342041
0.4551758749999989,0.0034223749999999996,133.0,4.506257162990136,-1.197351863174539,1.2456618391268668,-0.007776252696612553,-0.0008484194749129192,-0.0035305610560033714,0.06734969759455789,-0.05707636475563049,0.19716809689998627,-0.11272722482681274,1.0784718990325928,0.4834119975566864,-1.1613428592681885,0.09491214156150818,0.0559043288230896,-0.6991810202598572,0.7039365768432617,0.8229936957359314,-1.1352137327194214
0.4551758749999989,0.0034223749999999996,133.0,4.5004046620971385,-1.1914910977511277,1.2455438191968842,-0.006389633029056908,-0.0007031528295271857,-0.002902149924128437,0.06732497306945294,-0.059458136558532715,0.1988280564546585,-0.11335301399230957,1.0824620723724365,0.4857179820537567,-1.1544654369354248,0.10618342459201813,0.052449554204940796,-0.6961181163787842,0.7113666534423828,0.7992516756057739,-1.135542631149292
0.4551758749999989,0.0034223749999999996,133.0,4.493729124432571,-1.1851997664823117,1.2451658693869385,-0.005778029342496565,-0.0006522162602081697,-0.0026260429486398363,0.06730882179937231,-0.06086951494216919,0.19849497079849243,-0.11629518866539001,1.08213472366333,0.49295276403427124,-1.1431052684783936,0.13142575323581696,0.052348971366882324,-0.6886918544769287,0.7165939807891846,0.78098464012146,-1.135129690170288
0.4551758749999989,0.0034223749999999996,133.0,4.486147033861327,-1.1781595015605388,1.2447095572352378,-0.005421757838604163,-0.0006438492264724961,-0.0024652707455293924,0.06728840967758351,-0.06324255466461182,0.19886712729930878,-0.1188749372959137,1.084108591079712,0.49799296259880066,-1.1313800811767578,0.1563371866941452,0.050526320934295654,-0.6803629398345947,0.7213659286499023,0.7557007074356079,-1.1352198123931885
0.4551758749999989,0.0034223749999999996,133.0,4.477187164461299,-1.1720121864484074,1.2417068960284336,-0.005169909982642913,-0.0006862998406489741,-0.002347594654045385,0.06733159648979857,-0.06317126750946045,0.19754517078399658,-0.12181827425956726,1.07979154586792,0.4976046085357666,-1.1237525939941406,0.18173711001873016,0.05263924598693848,-0.6639150977134705,0.7217035293579102,0.7383599877357483,-1.1330771446228027
0.4551758749999989,0.0034223749999999996,133.0,4.467941894709906,-1.1636841376221045,1.240974103109067,-0.004961621371307971,-0.0007053677933947114,-0.0022555437211451202,0.06731147538545047,-0.06573435664176941,0.19691815972328186,-0.12615901231765747,1.079890251159668,0.5074325203895569,-1.1070592403411865,0.22090166807174683,0.05162772536277771,-0.6507958769798279,0.7270340919494629,0.7091295719146729,-1.1322059631347656
0.4551758749999989,0.0034223749999999996,133.0,4.4578830494214525,-1.1541820673751835,1.2404938571816302,-0.004807128915035104,-0.0007032825411593585,-0.002184287735921223,0.06729617003646114,-0.06778165698051453,0.1969742476940155,-0.12908899784088135,1.0801094770431519,0.5087218284606934,-1.0956571102142334,0.2464965283870697,0.05122840404510498,-0.638641357421875,0.7305266857147217,0.6822566390037537,-1.1319540739059448
0.4551758749999989,0.0034223749999999996,133.0,4.4469158772321045,-1.1440061316424928,1.2398623415544634,-0.004667594940558094,-0.0007221769073284532,-0.00211920488980503,0.06727214608479824,-0.07028284668922424,0.19576188921928406,-0.1343054175376892,1.0775322914123535,0.5138726234436035,-1.0778632164001465,0.2926977276802063,0.052288055419921875,-0.6191647052764893,0.7364075183868408,0.6457464098930359,-1.130469799041748
0.4551758749999989,0.0034223749999999996,133.0,4.435072390205632,-1.1331114831148048,1.2392862347645983,-0.004526407281573652,-0.0007374516165346278,-0.0020565575020810426,0.06725275235370361,-0.07292845845222473,0.19505344331264496,-0.13879689574241638,1.0762213468551636,0.5190011262893677,-1.061673879623413,0.33267897367477417,0.05217629671096802,-0.6016399264335632,0.741370677947998,0.6122604012489319,-1.1290403604507446
0.4551758749999989,0.0034223749999999996,133.0,4.422712682445797,-1.12130247655975,1.23891196319035,-0.0043959947151541836,-0.000738655380744437,-0.001997236702645891,0.06724651507393888,-0.0741707980632782,0.19475005567073822,-0.141716867685318,1.0737311840057373,0.5150603652000427,-1.0525429248809814,0.35620492696762085,0.05380123853683472,-0.5857993364334106,0.7433650493621826,0.5863099098205566,-1.1280862092971802
0.4551758749999989,0.0034223749999999996,133.0,4.4096391366267635,-1.1086664992456594,1.238555949487493,-0.004264881263018697,-0.0007314623529764963,-0.00193489447071839,0.06724110130888028,-0.07482090592384338,0.19345857203006744,-0.14552468061447144,1.0690540075302124,0.5163812041282654,-1.0428276062011719,0.3859296441078186,0.05634114146232605,-0.567712128162384,0.7449183464050293,0.566868007183075,-1.125955581665039
0.4551758749999989,0.0034223749999999996,133.0,4.3960534685283275,-1.0949541528086992,1.2386361849623364,-0.004152049789704437,-0.000706525833791232,-0.0018818157051674598,0.06725491066942581,-0.07431590557098389,0.19380049407482147,-0.14638331532478333,1.0659215450286865,0.5075197815895081,-1.0417044162750244,0.38901251554489136,0.058881282806396484,-0.5562433004379272,0.7422850131988525,0.5540480017662048,-1.1252044439315796
0.4551758749999989,0.0034223749999999996,133.0,4.382103931458275,-1.0811051081049565,1.2384996142321187,-0.004004532335534893,-0.0006929463438854135,-0.00181527902560371,0.06728030741293506,-0.07258331775665283,0.19248022139072418,-0.14872273802757263,1.0582430362701416,0.5037882924079895,-1.039074182510376,0.40253353118896484,0.06416407227516174,-0.5407648682594299,0.7383723258972168,0.5437370538711548,-1.122815489768982
0.4551758749999989,0.0034223749999999996,133.0,4.366486250046124,-1.065740837095572,1.2384341989985186,-0.003822002497936032,-0.0006644837788148208,-0.0017354017520125281,0.06728689356123596,-0.07194378972053528,0.1917867213487625,-0.15101492404937744,1.0525277853012085,0.49949219822883606,-1.034346580505371,0.41809016466140747,0.06761988997459412,-0.5249606966972351,0.7352919578552246,0.5242675542831421,-1.120517611503601
0.4551758749999989,0.0034223749999999996,133.0,4.350451621710469,-1.0498541131692594,1.2384753300025169,-0.0036514418781425466,-0.0006425014271574709,-0.0016574003926709082,0.06729807742686339,-0.07141909003257751,0.19152943789958954,-0.15267181396484375,1.047717571258545,0.4965188503265381,-1.0307693481445312,0.43057578802108765,0.07000035047531128,-0.510491132736206,0.7314457893371582,0.5048935413360596,-1.1180368661880493
0.4551758749999989,0.0034223749999999996,133.0,4.333186185066189,-1.0328029881940983,1.238609657460794,-0.0034581020804878436,-0.000607228519452072,-0.0015719097509910094,0.06730991252387436,-0.0713086724281311,0.1918184906244278,-0.1540423333644867,1.043990135192871,0.48773378133773804,-1.0270733833312988,0.44049927592277527,0.07194659113883972,-0.4961669445037842,0.7274656295776367,0.4786793291568756,-1.1161472797393799
0.4551758749999989,0.0034223749999999996,133.0,4.315826913029524,-1.0153600875986373,1.238838857656624,-0.0032721208333815746,-0.0005716809730446872,-0.0014910720673274901,0.06734831580207233,-0.06803813576698303,0.19083218276500702,-0.15498265624046326,1.0352084636688232,0.4764796495437622,-1.0308454036712646,0.4409697353839874,0.07813489437103271,-0.48198890686035156,0.7178702354431152,0.46870362758636475,-1.1135716438293457
0.4551758749999989,0.0034223749999999996,133.0,4.296897543668087,-0.9965663514064245,1.2389173588131972,-0.003083280082843628,-0.0005422241428572253,-0.0014043728717059753,0.0673490213772792,-0.06843551993370056,0.1914607137441635,-0.15637058019638062,1.0321615934371948,0.4710506498813629,-1.0250911712646484,0.4541185200214386,0.0785878598690033,-0.4654831290245056,0.7129127979278564,0.43755316734313965,-1.1108534336090088
0.4551758749999989,0.0034223749999999996,133.0,4.27735168857871,-0.9773198231122295,1.238837418307093,-0.00291163832917809,-0.0005233478359428489,-0.0013278126033687578,0.06736100730401175,-0.06766390800476074,0.19059382379055023,-0.15908968448638916,1.0240228176116943,0.46142247319221497,-1.0193638801574707,0.4759177565574646,0.08288076519966125,-0.44165918231010437,0.7070753574371338,0.4048580527305603,-1.1069555282592773
0.4551758749999989,0.0034223749999999996,133.0,4.257293627778251,-0.9571643781581464,1.239171237244245,-0.0026879713411304515,-0.0004805810185119528,-0.0012289168060962573,0.06739057957276635,-0.06548839807510376,0.19081497192382812,-0.1593846082687378,1.017622947692871,0.4471456706523895,-1.021033763885498,0.4748225808143616,0.08692395687103271,-0.4267551898956299,0.6970357894897461,0.38587021827697754,-1.1044952869415283
0.4551758749999989,0.0034223749999999996,133.0,4.235557355858516,-0.9367362562354337,1.2388906190606366,-0.0024645076344528873,-0.00046474712853943105,-0.0011302315043067233,0.06738898238073004,-0.06670695543289185,0.18802078068256378,-0.16569086909294128,1.0053586959838867,0.4535772204399109,-1.0039827823638916,0.532927393913269,0.09110459685325623,-0.3902783691883087,0.6958460807800293,0.3358173072338104,-1.0964851379394531
0.4551758749999989,0.0034223749999999996,133.0,4.213692027218649,-0.9151999901618024,1.2388960898025954,-0.002254112132069523,-0.00043103475332521737,-0.0010357419463323874,0.0674105234861553,-0.06474000215530396,0.18621084094047546,-0.16857179999351501,0.9938535094261169,0.4470362961292267,-0.9999635219573975,0.5553498268127441,0.096853107213974,-0.3651217222213745,0.6864800453186035,0.3084123134613037,-1.0907503366470337
0.4551758749999989,0.0034223749999999996,133.0,4.190538723655801,-0.8924635496141399,1.2388742864926363,-0.002046151424032869,-0.00039467315468661747,-0.0009414709662255645,0.06741821312190013,-0.06478893756866455,0.18608923256397247,-0.17081543803215027,0.9862182140350342,0.43528664112091064,-0.9926290512084961,0.5763913989067078,0.09961023926734924,-0.3391474783420563,0.6792178153991699,0.2670985460281372,-1.0857291221618652
0.4551758749999989,0.0034223749999999996,133.0,4.166588398809411,-0.8683570720706492,1.2390310469762924,-0.0018814668016217096,-0.00035925012913760537,-0.0008653255422652395,0.06741667129908507,-0.06450051069259644,0.1876440942287445,-0.17087119817733765,0.9830445051193237,0.42152440547943115,-0.988595724105835,0.5775166749954224,0.09997662901878357,-0.3228280246257782,0.6684961318969727,0.23424789309501648,-1.0827031135559082
0.4551758749999989,0.0034223749999999996,133.0,4.142181206304897,-0.8439343537508999,1.2394024743766896,-0.0016769076947266183,-0.00031432746913131934,-0.0007755455950438266,0.06744903815928337,-0.060039401054382324,0.18560755252838135,-0.1723426878452301,0.9689106941223145,0.40770816802978516,-0.9919593334197998,0.585010290145874,0.10839655995368958,-0.3011115491390228,0.652867317199707,0.2192297875881195,-1.077036738395691
0.4551758749999989,0.0034223749999999996,133.0,4.116591210430125,-0.8188312415181419,1.239384876819138,-0.0014877571981109531,-0.0002870211005252985,-0.0006907257313480508,0.06745157044718977,-0.060037195682525635,0.18561692535877228,-0.17439907789230347,0.9604799151420593,0.3951331675052643,-0.9838213920593262,0.6050034165382385,0.111061692237854,-0.27410227060317993,0.6434326171875,0.17605458199977875,-1.07111394405365
0.4551758749999989,0.0034223749999999996,133.0,4.090205546027823,-0.7934187160868839,1.2394369921958357,-0.0013009529525560345,-0.0002579720210731434,-0.0006060200731956995,0.0674637751174997,-0.06137681007385254,0.18516187369823456,-0.1776556670665741,0.9499689340591431,0.38761910796165466,-0.9703855514526367,0.6400580406188965,0.1132955551147461,-0.23976674675941467,0.6364221572875977,0.1217237040400505,-1.062679409980774
0.4551758749999989,0.0034223749999999996,133.0,4.063030621528444,-0.7668176687982198,1.239450224430237,-0.0011464848142834785,-0.00023119533862689504,-0.0005360478591727094,0.06747551505615665,-0.059380918741226196,0.182334765791893,-0.18157392740249634,0.9312227368354797,0.3746105432510376,-0.9627249240875244,0.6762982606887817,0.1213090717792511,-0.19932177662849426,0.6229183673858643,0.07873598486185074,-1.051927089691162
0.4551758749999989,0.0034223749999999996,133.0,4.035212135067975,-0.7395123865085191,1.2394828520321775,-0.0010088047364727936,-0.0002061412853774508,-0.0004737568789000113,0.06749735025682267,-0.058303624391555786,0.18070347607135773,-0.1846826672554016,0.9147137999534607,0.35848715901374817,-0.9529268741607666,0.7079319953918457,0.12738856673240662,-0.15979434549808502,0.6092596054077148,0.03134816139936447,-1.0413792133331299
0.4551758749999989,0.0034223749999999996,133.0,4.006353054541733,-0.7113488014203125,1.2394406457998082,-0.0008318647247821013,-0.00017405145452849955,-0.0003906688508866428,0.06749825453834223,-0.05648517608642578,0.17866316437721252,-0.18748095631599426,0.8964574933052063,0.3443405032157898,-0.9450197219848633,0.7379973530769348,0.13372254371643066,-0.12020821124315262,0.593036413192749,-0.01122976467013359,-1.0293693542480469
0.4551758749999989,0.0034223749999999996,133.0,3.9764982172379697,-0.6824250242211319,1.2395260047245802,-0.0006971967522700808,-0.00014951529399945593,-0.0003285744001316802,0.06750066822374311,-0.0571306049823761,0.17647042870521545,-0.19141732156276703,0.8761767745018005,0.3328920006752014,-0.929591178894043,0.7847838997840881,0.1389656960964203,-0.06922721862792969,0.5806581974029541,-0.07086998969316483,-1.014203667640686
0.4551758749999989,0.0034223749999999996,133.0,3.945869321130653,-0.6524964632014597,1.2396577418228742,-0.0005224597817497547,-0.00011387065890787317,-0.0002476078422112127,0.06750521279212966,-0.05591738224029541,0.17464444041252136,-0.19387194514274597,0.8566840887069702,0.31406140327453613,-0.9192306995391846,0.8149462342262268,0.14503470063209534,-0.026312345638871193,0.5639007091522217,-0.1192752793431282,-1.0006626844406128
0.4551758749999989,0.0034223749999999996,133.0,3.9145755405554112,-0.6214776327335805,1.2397948431806385,-0.0003276434275151784,-7.10560207211032e-5,-0.00015647162076336482,0.06751936770095265,-0.054178327322006226,0.17364667356014252,-0.19516225159168243,0.8390903472900391,0.2934337556362152,-0.9103782176971436,0.834919810295105,0.14956262707710266,0.012427987530827522,0.5444605350494385,-0.16438083350658417,-0.9874489903450012
0.4551758749999989,0.0034223749999999996,133.0,3.882273314549123,-0.589729768165699,1.2399787562914932,-0.00015285132720519706,-3.3352289252597394e-5,-7.371044404490032e-5,0.06752157863641198,-0.05120733380317688,0.17206940054893494,-0.19602005183696747,0.8193323612213135,0.2708140015602112,-0.905139684677124,0.8511080741882324,0.155364990234375,0.04969637095928192,0.5226807594299316,-0.2023976594209671,-0.9733936190605164
0.4551758749999989,0.0034223749999999996,133.0,3.849051645033076,-0.5578064857372771,1.2403103626061218,1.69126764666781e-5,3.787883381664878e-6,8.238979244439293e-6,0.06751772556875246,-0.050031065940856934,0.16836108267307281,-0.19883984327316284,0.7918199896812439,0.2546136677265167,-0.892963171005249,0.892338216304779,0.16311150789260864,0.10369813442230225,0.5039989948272705,-0.2497972995042801,-0.9535875916481018
0.4551758749999989,0.0034223749999999996,133.0,3.814772174125519,-0.5245076460781315,1.2405635122338765,0.00018647627917751952,4.2086031389208103e-5,9.183470181348541e-5,0.06750608745168248,-0.04874035716056824,0.16620758175849915,-0.20029938220977783,0.7678264379501343,0.23168440163135529,-0.8792450428009033,0.9202026128768921,0.1688537895679474,0.15210117399692535,0.4833052158355713,-0.2965136766433716,-0.9352223873138428
0.4551758749999989,0.0034223749999999996,133.0,3.779652767960671,-0.4899651615644892,1.2404731008985022,0.0003698312420633492,8.358387441273355e-5,0.00018369484147648821,0.0674811780253017,-0.04742026329040527,0.16568028926849365,-0.2006085216999054,0.7490625381469727,0.208794966340065,-0.865325927734375,0.9346838593482971,0.17124220728874207,0.19232143461704254,0.46088624000549316,-0.34158843755722046,-0.9186813831329346
0.4551758749999989,0.0034223749999999996,133.0,3.743732050308247,-0.4550951486970719,1.2406698025667153,0.00051326960607251,0.00011731005253288296,0.0002577116684337995,0.06745976352513065,-0.04617917537689209,0.16349127888679504,-0.20144712924957275,0.7238730788230896,0.18531058728694916,-0.8491878509521484,0.9588474035263062,0.1763552725315094,0.24091167747974396,0.4391815662384033,-0.38378363847732544,-0.8985090255737305
0.4551758749999989,0.0034223749999999996,133.0,3.706972001411281,-0.419370458535577,1.2408413630456603,0.0006746569653043309,0.00015580869524953018,0.00034249009694593276,0.06743261526105002,-0.04491567611694336,0.16111086308956146,-0.20190037786960602,0.6969597339630127,0.16101771593093872,-0.8307681083679199,0.9821622371673584,0.1812613308429718,0.2918405830860138,0.4165370464324951,-0.4241127669811249,-0.8764128088951111
0.4551758749999989,0.0034223749999999996,133.0,3.6692218221736974,-0.38281270598020967,1.2411455419083077,0.0008456993381995906,0.0001966436007858229,0.0004356659886437145,0.06739829543641435,-0.04365277290344238,0.15850181877613068,-0.20190681517124176,0.667658805847168,0.13571974635124207,-0.8089065551757812,1.0045387744903564,0.18615707755088806,0.3453240394592285,0.3929882049560547,-0.4617251753807068,-0.8519293069839478
0.4551758749999989,0.0034223749999999996,133.0,3.630904334167903,-0.3455639489242959,1.2413344895806893,0.0010399390856892757,0.00024377367356528254,0.000542289775569642,0.0673610094193478,-0.04230645298957825,0.15571781992912292,-0.20135003328323364,0.6370148658752441,0.10980731248855591,-0.784019947052002,1.0241914987564087,0.1906384825706482,0.40005430579185486,0.368408203125,-0.49463382363319397,-0.8257019519805908
0.4551758749999989,0.0034223749999999996,133.0,3.591587391463895,-0.30745219256986067,1.2416640400896783,0.001223200643094232,0.0002875088360494442,0.0006480417327214503,0.06731596274243391,-0.041010499000549316,0.15272219479084015,-0.20013383030891418,0.604289710521698,0.08393333852291107,-0.7546546459197998,1.040899634361267,0.1951073408126831,0.45572903752326965,0.3435781002044678,-0.5213621258735657,-0.7974057793617249
0.4551758749999989,0.0034223749999999996,133.0,3.5513898880864465,-0.26895351426900854,1.2421335500525612,0.0013414917400300442,0.0003214120850835302,0.0007184095067001666,0.06726458038512027,-0.040913164615631104,0.14875295758247375,-0.1980818808078766,0.567979633808136,0.06513593345880508,-0.7141573429107666,1.0601555109024048,0.19997844099998474,0.5196015238761902,0.32030487060546875,-0.5371654033660889,-0.7659558653831482
0.4551758749999989,0.0034223749999999996,133.0,3.5101472183217877,-0.22911007367268976,1.2425232958072194,0.0014915561756844707,0.00035842064422260053,0.0008139990925534757,0.06720469044680763,-0.039569586515426636,0.1449303925037384,-0.1948203444480896,0.5295764803886414,0.042996007949113846,-0.6732544898986816,1.0674529075622559,0.20546835660934448,0.5761821269989014,0.2971649169921875,-0.5418708324432373,-0.7330858707427979
0.4551758749999989,0.0034223749999999996,133.0,3.467945524159173,-0.18770599497170665,1.2420823466616797,0.0016378335533346238,0.0003921031662831267,0.0009111539877062097,0.06712250133550315,-0.03788992762565613,0.1424538791179657,-0.1913193017244339,0.4930945932865143,0.023775313049554825,-0.6315648555755615,1.0628293752670288,0.20844465494155884,0.6284433603286743,0.2755768299102783,-0.5451717972755432,-0.6996272206306458
0.4551758749999989,0.0034223749999999996,133.0,3.4262256414998262,-0.14524667900105093,1.2452000286436349,0.0017726660435123187,0.00040693005816374846,0.0010129442954293182,0.06702549132969958,-0.03782379627227783,0.1299862265586853,-0.18198415637016296,0.42699360847473145,0.028604011982679367,-0.5563700199127197,1.0692442655563354,0.2337716519832611,0.6738014221191406,0.280231237411499,-0.4227654039859772,-0.659389853477478
0.4551758749999989,0.0034223749999999996,133.0,3.3814483040873786,-0.10261251057760294,1.245487837149236,0.001865396369652694,0.0004476651359274515,0.0010829704085524568,0.06691062851720532,-0.0424654483795166,0.1262170672416687,-0.177057147026062,0.388105571269989,0.05854500085115433,-0.45043301582336426,1.0666344165802002,0.24784845113754272,0.7171489000320435,0.29540085792541504,-0.3528454005718231,-0.6349403858184814
0.4551758749999989,0.0034223749999999996,133.0,3.330409469987891,-0.05604556677516242,1.2477483077448828,0.0018233781244783676,0.0004510993573900945,0.0011342909067970663,0.06661894365645024,-0.061172932386398315,0.1297011524438858,-0.1764061152935028,0.36463457345962524,0.14755430817604065,-0.37947869300842285,1.0607210397720337,0.2775135040283203,0.6303791999816895,0.5145487785339355,-0.1773069202899933,-0.6427221298217773
0.4551758749999989,0.0034223749999999996,133.0,3.2623968013194182,0.01485575895736688,1.2451343641349297,0.0016913384270630842,-0.0001712926548246779,0.0013373247879751523,0.0649414281640037,-0.2718527019023895,0.28227418661117554,-0.0756537914276123,0.26647523045539856,-0.08990130573511124,0.5373169183731079,-0.5542405843734741,0.7235760688781738,-0.7897796034812927,2.8040714263916016,-1.055035948753357,-0.991040825843811
0.4551758749999989,0.0034223749999999996,133.0,3.18664988468989,0.04476297728719747,1.2412382136507336,0.00010725606922028679,-3.5550686447870353e-6,7.742241115316415e-5,0.06371322038929557,-0.4733305871486664,0.17212840914726257,-0.08717110753059387,1.102091670036316,-0.6016132235527039,1.0803484916687012,0.5104728937149048,0.16447362303733826,-1.4236586093902588,2.7189526557922363,-0.5119103789329529,-1.2676199674606323
0.4551758749999989,0.0034223749999999996,133.0,3.2220479743515713,0.08323978774982606,1.2501960688026512,-0.0018444061338847974,3.24486907616521e-5,-0.0012542525195124554,0.06298077141770413,-0.47083863615989685,0.1686038225889206,-0.028925210237503052,1.3987351655960083,-0.6035531759262085,1.00068998336792,0.2380875200033188,0.09122902154922485,-1.4199577569961548,2.5596160888671875,-0.20152418315410614,-1.490610957145691
0.4551758749999989,0.0034223749999999996,133.0,3.2461786642774797,0.13982565629985905,1.2716045847266062,-0.00221786192105824,0.00048450338197093915,-0.0012913282355528548,0.06136974381196873,-0.5217838287353516,0.18496453762054443,0.07867076992988586,1.754130244255066,-1.1406468152999878,1.0423107147216797,-0.5216303467750549,0.32376784086227417,-1.3850178718566895,2.322023868560791,0.1564415693283081,-2.0769424438476562
0.4551758749999989,0.0034223749999999996,133.0,3.282392792009332,0.18969223638645363,1.280284557601368,-0.002264011023213814,0.0005957339463137073,-0.001222038552466675,0.060815574099148166,-0.47427770495414734,0.14773599803447723,0.10279801487922668,1.6850534677505493,-1.2444700002670288,0.9132602214813232,-0.6332634687423706,0.29223984479904175,-1.0479304790496826,1.921290397644043,0.5765683054924011,-1.9740757942199707
0.4551758749999989,0.0034223749999999996,133.0,3.325365843076448,0.23352106798140912,1.284023437016323,-0.0021533231242476833,0.0005555827994614645,-0.0011244518390598382,0.060773607244953814,-0.38326582312583923,0.07069333642721176,0.15680232644081116,1.4758093357086182,-0.5131186842918396,0.27730464935302734,-0.7783491611480713,-0.3342663645744324,-1.3594697713851929,1.6808552742004395,1.1101676225662231,-1.1324127912521362
0.4551758749999989,0.0034223749999999996,133.0,3.3688262666031275,0.27515757569183613,1.2872087241605787,-0.00197712445340979,0.0005063518396174489,-0.001004182848132383,0.06083236553522384,-0.3511641323566437,0.06633005291223526,0.17366155982017517,1.5069278478622437,-0.41092678904533386,0.14633989334106445,-0.8197162747383118,-0.36624884605407715,-1.3054076433181763,1.4467637538909912,1.3026301860809326,-1.1306838989257812
0.4551758749999989,0.0034223749999999996,133.0,3.4122445537206687,0.31509809388879884,1.28932153719961,-0.0017536331895472387,0.00044140292257944933,-0.0008698329783318184,0.0609874426411831,-0.33253559470176697,0.0687325969338417,0.1762421429157257,1.494760274887085,-0.33231502771377563,0.06875991821289062,-0.8049117922782898,-0.3553462028503418,-1.3443390130996704,1.3492615222930908,1.3588067293167114,-1.1292319297790527
0.4551758749999989,0.0034223749999999996,133.0,3.454557703185739,0.35470027601414855,1.2909776730478262,-0.0016522301750785512,0.0004062229397359501,-0.0007997307107295048,0.06112135276909866,-0.3247860372066498,0.07482422143220901,0.1811341941356659,1.521286129951477,-0.2718665897846222,0.028063535690307617,-0.8158407211303711,-0.3632214665412903,-1.419227957725525,1.2951443195343018,1.312396764755249,-1.1477134227752686
0.4551758749999989,0.0034223749999999996,133.0,3.496448636373924,0.39327422534969003,1.2934146034899396,-0.0014127701137934632,0.00034376381992010286,-0.0006720468575890484,0.06122648701097297,-0.31972256302833557,0.08213559538125992,0.18104317784309387,1.5309672355651855,-0.2143356055021286,-0.0016274452209472656,-0.7999839782714844,-0.35670632123947144,-1.506422519683838,1.284576416015625,1.2720609903335571,-1.163904070854187
0.4551758749999989,0.0034223749999999996,133.0,3.537902273263411,0.43135791181288236,1.295791112972063,-0.001230480826963278,0.00029801999670317736,-0.0005700704252790445,0.06133349028385543,-0.3137724697589874,0.09130338579416275,0.18887951970100403,1.5716118812561035,-0.13711531460285187,-0.042531490325927734,-0.8078100681304932,-0.3718336820602417,-1.569583535194397,1.2364819049835205,1.2017107009887695,-1.1890543699264526
0.4551758749999989,0.0034223749999999996,133.0,3.5780247978877195,0.4685015867399478,1.2977290363733882,-0.0009993630675273907,0.00024227696621513325,-0.00045515988785912136,0.06144260860927657,-0.30878934264183044,0.09655624628067017,0.1915784776210785,1.591078281402588,-0.08727123588323593,-0.07578706741333008,-0.8097503185272217,-0.37953341007232666,-1.6232599020004272,1.2106654644012451,1.1758452653884888,-1.2006945610046387
0.4551758749999989,0.0034223749999999996,133.0,3.6171715963761772,0.5050832081259096,1.2996830741250045,-0.0007956409770280121,0.00019229618610026498,-0.00035440162492171026,0.061536584411645855,-0.3043532073497772,0.10233551263809204,0.19442281126976013,1.6111875772476196,-0.04330645501613617,-0.1055898666381836,-0.8134480714797974,-0.3855898976325989,-1.6710398197174072,1.1877243518829346,1.1483319997787476,-1.2146235704421997
0.4551758749999989,0.0034223749999999996,133.0,3.6556282139714718,0.5405981917310285,1.3014491652824438,-0.0005998984028654286,0.00014585749465789485,-0.0002636682273386932,0.061638509312678405,-0.2999056875705719,0.10643970221281052,0.19697305560112,1.628647804260254,-0.0024557262659072876,-0.13556218147277832,-0.8191041946411133,-0.39481526613235474,-1.7078815698623657,1.1632380485534668,1.1320747137069702,-1.2227691411972046
0.4551758749999989,0.0034223749999999996,133.0,3.6930682110546784,0.575433949772693,1.3030872788670806,-0.00041211456837880105,0.00010019397082687886,-0.00017803830369946433,0.061727379815543555,-0.295883446931839,0.11016048491001129,0.19936326146125793,1.6448298692703247,0.03407805413007736,-0.16365432739257812,-0.8244474530220032,-0.4036369323730469,-1.738086223602295,1.1405799388885498,1.1194584369659424,-1.2300593852996826
0.4551758749999989,0.0034223749999999996,133.0,3.7296845720453202,0.6093479905872351,1.3047370509585403,-0.00023068643450512675,5.664914342835818e-5,-9.863065981060268e-5,0.06181411385359647,-0.29225364327430725,0.11354893445968628,0.20181402564048767,1.6602544784545898,0.06638068705797195,-0.18962621688842773,-0.8312491774559021,-0.4125280976295471,-1.7615652084350586,1.1186904907226562,1.1083282232284546,-1.2365243434906006
0.4551758749999989,0.0034223749999999996,133.0,3.764730969732259,0.6424373773508819,1.3053753337315954,-6.859421248559199e-5,1.6936157240820626e-5,-2.918790626770107e-5,0.06190891128955912,-0.2889818847179413,0.11649851500988007,0.20339742302894592,1.671913504600525,0.09546680748462677,-0.213273286819458,-0.8349759578704834,-0.41917598247528076,-1.784369945526123,1.1029775142669678,1.1024285554885864,-1.2415273189544678
0.4551758749999989,0.0034223749999999996,133.0,3.7990372870356968,0.6746275327970467,1.3066489781488362,0.00014790115413494922,-3.701464834003466e-5,6.220524641578097e-5,0.06197753954612142,-0.2870319187641144,0.11726709455251694,0.2005126178264618,1.667229413986206,0.0927923396229744,-0.2203202247619629,-0.8396537899971008,-0.4102974534034729,-1.8105765581130981,1.112135648727417,1.1242790222167969,-1.2459168434143066
0.4551758749999989,0.0034223749999999996,133.0,3.8337852160502317,0.7042523788359023,1.306623052212172,0.0003486264857724431,-8.703495071288409e-5,0.00014293008544559915,0.062189195980478985,-0.2818159759044647,0.11958254128694534,0.2056557834148407,1.6870325803756714,0.12011553347110748,-0.2514021396636963,-0.8609024882316589,-0.4259248971939087,-1.8086347579956055,1.0677108764648438,1.1048362255096436,-1.249902606010437
0.4551758749999989,0.0034223749999999996,133.0,3.8665429235200324,0.7347612728654499,1.308063079397238,0.0005500072087761055,-0.00014009757399865562,0.00022351598273557603,0.062260353002547696,-0.2785167396068573,0.1227203756570816,0.2102470099925995,1.7062714099884033,0.1459851861000061,-0.2755889892578125,-0.8791199326515198,-0.4392622113227844,-1.8113348484039307,1.0344483852386475,1.0844252109527588,-1.2556265592575073
0.4551758749999989,0.0034223749999999996,133.0,3.898833515615903,0.765039639526168,1.310326583519941,0.0007904359504932671,-0.00020191797564273525,0.0003149635193817817,0.06228687790491816,-0.27665379643440247,0.12588819861412048,0.20954343676567078,1.7115561962127686,0.17022481560707092,-0.2903733253479004,-0.8757224678993225,-0.43864911794662476,-1.836203932762146,1.035489797592163,1.0826334953308105,-1.2616502046585083
0.4551758749999989,0.0034223749999999996,133.0,3.9302721243278143,0.7942459146972021,1.312271911024199,0.0009619327249179446,-0.0002464947920532513,0.0003766161011316997,0.06233074663967327,-0.2735505998134613,0.13010990619659424,0.21467241644859314,1.733260989189148,0.20301751792430878,-0.3162662982940674,-0.8880512714385986,-0.4535694122314453,-1.8368456363677979,1.0001256465911865,1.052663803100586,-1.268243432044983
0.4551758749999989,0.0034223749999999996,133.0,3.960641389721365,0.8227822669119929,1.3146119922750141,0.0011818856435187226,-0.00030652008937615086,0.0004530526996363726,0.062348868652074535,-0.27172496914863586,0.13179050385951996,0.2139727771282196,1.7360862493515015,0.2229088544845581,-0.3302888870239258,-0.8852459788322449,-0.4543163776397705,-1.8533581495285034,0.9994573593139648,1.059646487236023,-1.2704534530639648
0.4551758749999989,0.0034223749999999996,133.0,3.990016651422687,0.8498657673115599,1.315627930909224,0.0013479077849289827,-0.000354394555527616,0.0005122844480101901,0.0624147099748003,-0.26859769225120544,0.13303948938846588,0.21510139107704163,1.7419488430023193,0.23333518207073212,-0.3461892604827881,-0.8950941562652588,-0.4572286605834961,-1.8556945323944092,0.9815826416015625,1.058224081993103,-1.273423671722412
0.4551758749999989,0.0034223749999999996,133.0,4.018617928572616,0.8764129181406746,1.317091948171112,0.001535986936529464,-0.0004048837172210722,0.0005739919192621225,0.06245940913803513,-0.2663215100765228,0.13459265232086182,0.216548353433609,1.749129295349121,0.2505687177181244,-0.3623344898223877,-0.9005588889122009,-0.4625670313835144,-1.859786033630371,0.9672451019287109,1.056158423423767,-1.2752814292907715
0.4551758749999989,0.0034223749999999996,133.0,4.0465745251853305,0.9020972088685648,1.3183231896081664,0.0017590033102085705,-0.00046530216923787264,0.0006514318254536425,0.06251666995807922,-0.26405128836631775,0.13599281013011932,0.21813121438026428,1.7561784982681274,0.26723116636276245,-0.37834692001342773,-0.9067189693450928,-0.4682155251502991,-1.8621463775634766,0.9520337581634521,1.0540590286254883,-1.276693344116211
0.4551758749999989,0.0034223749999999996,133.0,4.0734843847940905,0.9270487704316271,1.3200022568279755,0.001986410250308408,-0.000532582799146858,0.0007251711765051232,0.06255030953741972,-0.26225546002388,0.1392756998538971,0.22063949704170227,1.7682664394378662,0.2873150110244751,-0.3942430019378662,-0.9120725393295288,-0.47463977336883545,-1.8649121522903442,0.9345474243164062,1.0366195440292358,-1.282301664352417
0.4551758749999989,0.0034223749999999996,133.0,4.0994306436036645,0.9506492596426829,1.321013101947711,0.002235752609560712,-0.0006093693765101877,0.0008092899970269007,0.06260256347881375,-0.2598705589771271,0.13807815313339233,0.21968421339988708,1.765018343925476,0.2844707667827606,-0.40167927742004395,-0.9223882555961609,-0.4719756245613098,-1.8662654161453247,0.9286479949951172,1.0541982650756836,-1.2818444967269897
0.4551758749999989,0.0034223749999999996,133.0,4.124364886452918,0.9738800876528044,1.3221315056026695,0.002421619312022096,-0.0006632850454776187,0.0008663765059990128,0.0626490290954152,-0.2581615746021271,0.1392577439546585,0.22096571326255798,1.7704746723175049,0.29844599962234497,-0.4147298336029053,-0.9270356893539429,-0.47640782594680786,-1.868483304977417,0.9175031185150146,1.053695559501648,-1.2828909158706665
0.4551758749999989,0.0034223749999999996,133.0,4.148458192558695,0.996195029703607,1.3234332896500474,0.0026562606761562726,-0.0007365008713489551,0.0009419013131372054,0.06269503263498397,-0.25658032298088074,0.14035063982009888,0.22228381037712097,1.7758493423461914,0.3113614320755005,-0.4268622398376465,-0.9326333999633789,-0.48079001903533936,-1.8694099187850952,0.9062790870666504,1.0526458024978638,-1.283897876739502
0.4551758749999989,0.0034223749999999996,133.0,4.171782710744222,1.0178448819201116,1.3246091464225427,0.002896299376525666,-0.0008078319467710292,0.0010148622880875476,0.06273158621760024,-0.2548903524875641,0.14234325289726257,0.22507217526435852,1.7858787775039673,0.3262321949005127,-0.4406907558441162,-0.9412360787391663,-0.4884161949157715,-1.8651037216186523,0.8863914012908936,1.0393773317337036,-1.2862207889556885
0.4551758749999989,0.0034223749999999996,133.0,4.194368833193091,1.0384030047104478,1.3257026356225061,0.003146279144700801,-0.0008893731588268813,0.001094587323994434,0.06276770839116745,-0.2535087764263153,0.14332135021686554,0.2238699495792389,1.7844940423965454,0.3303505778312683,-0.44776368141174316,-0.9417036175727844,-0.48361456394195557,-1.874413013458252,0.8894567489624023,1.0470696687698364,-1.2897841930389404
0.4551758749999989,0.0034223749999999996,133.0,4.216085421006063,1.0580346689469609,1.3268999696278307,0.0034019169177858734,-0.0009713787562597608,0.0011673186876846435,0.06278810849314438,-0.25181856751441956,0.14238803088665009,0.22352543473243713,1.7827268838882446,0.3294436037540436,-0.45363497734069824,-0.9510497450828552,-0.4825286865234375,-1.8733199834823608,0.8838539123535156,1.059079647064209,-1.2891857624053955
0.4551758749999989,0.0034223749999999996,133.0,4.236698852516049,1.077529710902761,1.328904691923172,0.0036001257632200935,-0.0010397768036448378,0.0012191637860836195,0.0628039034448525,-0.2511589825153351,0.14392314851284027,0.22517666220664978,1.78960120677948,0.34166669845581055,-0.4623746871948242,-0.9561061263084412,-0.48742198944091797,-1.873857021331787,0.8748779296875,1.053130030632019,-1.2911369800567627
0.4551758749999989,0.0034223749999999996,133.0,4.256617843119291,1.0955949635036568,1.3299156448513283,0.003823007128016466,-0.0011121052131428941,0.0012821104408968834,0.06283031029501682,-0.2496694028377533,0.14538827538490295,0.22763940691947937,1.797384262084961,0.351065993309021,-0.4734179973602295,-0.9651052355766296,-0.49334949254989624,-1.867614984512329,0.85687255859375,1.0415773391723633,-1.2929152250289917
0.4551758749999989,0.0034223749999999996,133.0,4.27542823630705,1.1127363186892245,1.330392962714251,0.0040113091392710454,-0.001179864042168622,0.0013385842877083008,0.06287859723883395,-0.24811211228370667,0.14501258730888367,0.22732403874397278,1.7956899404525757,0.3504672944545746,-0.47933006286621094,-0.9714550375938416,-0.49137288331985474,-1.868326187133789,0.8530929088592529,1.0502707958221436,-1.2932827472686768
0.4551758749999989,0.0034223749999999996,133.0,4.293487727063221,1.1297422384301756,1.331655463596028,0.0042392241593077066,-0.001250517435890766,0.0014015700145542415,0.06289865254772123,-0.24754920601844788,0.1462598592042923,0.22678163647651672,1.7962132692337036,0.3603908121585846,-0.4861326217651367,-0.9684045910835266,-0.4896387457847595,-1.878556489944458,0.85748291015625,1.055698275566101,-1.2956571578979492
0.4551758749999989,0.0034223749999999996,133.0,4.310818846430094,1.1453581889585398,1.3328905746108768,0.004439052452305043,-0.0013199905093188703,0.0014473924357440555,0.06292543156108193,-0.24599924683570862,0.14823192358016968,0.23054346442222595,1.8074301481246948,0.3699204623699188,-0.49733996391296387,-0.9800169467926025,-0.4986479878425598,-1.86643385887146,0.831235408782959,1.0329334735870361,-1.2976889610290527
0.4551758749999989,0.0034223749999999996,133.0,4.327258730049826,1.1598277988986554,1.3332870522722458,0.004632204046636722,-0.001388116527850544,0.0015018703715963672,0.06296813370805102,-0.24421897530555725,0.14683057367801666,0.2292785346508026,1.80191171169281,0.371796578168869,-0.5032682418823242,-0.9818351864814758,-0.49600905179977417,-1.8690961599349976,0.8310022354125977,1.0507638454437256,-1.2949669361114502
0.4551758749999989,0.0034223749999999996,133.0,4.3429840843921195,1.1735637619254247,1.333945674424999,0.004782787628504128,-0.0014425509048400546,0.0015398781512565257,0.06300734011339104,-0.24208268523216248,0.14572174847126007,0.22923758625984192,1.7996827363967896,0.3755756616592407,-0.5107207298278809,-0.9858986139297485,-0.49721962213516235,-1.8641993999481201,0.8207499980926514,1.0585856437683105,-1.2915894985198975
0.4551758749999989,0.0034223749999999996,133.0,4.357772269153748,1.1867382193522407,1.3348584843587958,0.004919485123144185,-0.0014943964209845196,0.001566529918057001,0.06304211694351573,-0.23982587456703186,0.14637377858161926,0.2304985225200653,1.8021572828292847,0.38040152192115784,-0.5198564529418945,-0.9910083413124084,-0.49985867738723755,-1.8550426959991455,0.803107500076294,1.0488454103469849,-1.2913789749145508
0.4551758749999989,0.0034223749999999996,133.0,4.371760383907573,1.1991255858547514,1.3359048988122724,0.005065109921519787,-0.001548690653806451,0.0015995850003155954,0.06306921118699724,-0.23755553364753723,0.14528004825115204,0.23021015524864197,1.7992126941680908,0.3837309777736664,-0.5268185138702393,-0.9936347007751465,-0.4997841715812683,-1.8513360023498535,0.7928271293640137,1.055216908454895,-1.2885680198669434
0.4551758749999989,0.0034223749999999996,133.0,4.384827131021188,1.210751833879215,1.3367102684227272,0.005221104134199665,-0.0016004599141082048,0.001635205109975625,0.0630977397001866,-0.23589682579040527,0.1457400619983673,0.23252597451210022,1.8039014339447021,0.3948490023612976,-0.5375926494598389,-0.9967718124389648,-0.5064428448677063,-1.8432585000991821,0.7736721038818359,1.0468103885650635,-1.2865272760391235
0.4551758749999989,0.0034223749999999996,133.0,4.396726619576294,1.2223655403343785,1.33819325782505,0.005386021601750236,-0.0016496031016140947,0.0016698660364523334,0.06310224300572777,-0.23549452424049377,0.14793023467063904,0.2339899241924286,1.8095104694366455,0.41276928782463074,-0.5470459461212158,-0.9907892942428589,-0.5110629200935364,-1.8460698127746582,0.7669110298156738,1.0369099378585815,-1.287495493888855
0.4551758749999989,0.0034223749999999996,133.0,4.407594386892576,1.2336096741200249,1.3397241365037191,0.005546893455766866,-0.0016953650390098994,0.0017043197929913886,0.0630987481488087,-0.23549994826316833,0.1519976109266281,0.236362487077713,1.8193035125732422,0.43389812111854553,-0.5576248168945312,-0.9831445217132568,-0.5169482827186584,-1.8488510847091675,0.7576479911804199,1.0133583545684814,-1.2913081645965576
0.4551758749999989,0.0034223749999999996,133.0,4.417720019141665,1.2437079071441695,1.3413046769230297,0.005735909341944912,-0.0017420526843899458,0.0017354344418239087,0.06310255772181574,-0.23595446348190308,0.1558595895767212,0.23898908495903015,1.8296202421188354,0.4558482766151428,-0.5671899318695068,-0.9756211042404175,-0.5243130326271057,-1.8515125513076782,0.7489278316497803,0.9909156560897827,-1.2941553592681885
0.4551758749999989,0.0034223749999999996,133.0,4.42633232881662,1.2548968533347378,1.343770166499575,0.005978612433152472,-0.0018341811936092593,0.0018332645468095287,0.06295503137636689,-0.2377242147922516,0.15923473238945007,0.23697850108146667,1.8314862251281738,0.47786688804626465,-0.5688958168029785,-0.9554701447486877,-0.5206143260002136,-1.874993085861206,0.7711448669433594,0.9930354356765747,-1.2998759746551514
0.4551758749999989,0.0034223749999999996,133.0,4.434535408386812,1.2636226777640938,1.3450375248800372,0.006263092932347519,-0.001911034078977499,0.0019012878722102665,0.0629477535665566,-0.23816969990730286,0.16266095638275146,0.23840764164924622,1.8387787342071533,0.4968251883983612,-0.5758183002471924,-0.9468980431556702,-0.5251947045326233,-1.8779760599136353,0.7669763565063477,0.9748990535736084,-1.3025267124176025
0.4551758749999989,0.0034223749999999996,133.0,4.441902722243992,1.2711008327801714,1.3461259342328156,0.006685418586315571,-0.0020449602001918637,0.0020166562296409056,0.06295818726285038,-0.23826882243156433,0.16602687537670135,0.2418864667415619,1.8500316143035889,0.513412594795227,-0.5839409828186035,-0.946878969669342,-0.5345326066017151,-1.86905837059021,0.747647762298584,0.943952202796936,-1.3042328357696533
0.4551758749999989,0.0034223749999999996,133.0,4.448335619562087,1.2780038551913178,1.3470773845614692,0.00739858712934815,-0.0022563695283642745,0.002212475995633833,0.06295580719973966,-0.23853757977485657,0.16864587366580963,0.2429993450641632,1.8558049201965332,0.5275717973709106,-0.5895123481750488,-0.9420222043991089,-0.5375385880470276,-1.8683748245239258,0.7419116497039795,0.9270871877670288,-1.30693519115448
0.4551758749999989,0.0034223749999999996,133.0,4.4540011323053195,1.2839515400587622,1.3481619806375358,0.009013645916527074,-0.002751799124106343,0.0026553001624628936,0.06295727950699852,-0.2384171187877655,0.17114952206611633,0.2468295395374298,1.8672308921813965,0.5380610823631287,-0.5966482162475586,-0.9512458443641663,-0.5451878905296326,-1.8500975370407104,0.7155702114105225,0.8909356594085693,-1.3104431629180908
0.4551758749999989,0.0034223749999999996,133.0,4.458616504480693,1.2886180173530992,1.349323395467218,0.0166976008658799,-0.005268069262358135,0.0048018637338120545,0.0629577309497746,-0.2377971112728119,0.1680632084608078,0.24809309840202332,1.8722513914108276,0.5451294779777527,-0.6047935485839844,-0.9796518683433533,-0.5403137803077698,-1.81400728225708,0.6891145706176758,0.8765610456466675,-1.320206880569458
0.4551758749999989,0.0034223749999999996,133.0,4.479924549165325,-1.2032042402537748,1.2315895609626786,-0.014413463638529802,-0.0015756943834384584,-0.006479921626734933,0.06741704543017998,-0.05379888415336609,0.19282867014408112,-0.11584946513175964,1.0686659812927246,0.478696346282959,-1.1558020114898682,0.1067136824131012,0.06500956416130066,-0.6831451654434204,0.6683197021484375,0.8282678127288818,-1.135025978088379
0.4551758749999989,0.0034223749999999996,133.0,4.475296343299939,-1.198108982447328,1.2317327006630359,-0.007765220714224469,-0.0008475678597005588,-0.0035340190012144294,0.0673836804118036,-0.055443137884140015,0.195732980966568,-0.11509516835212708,1.070887804031372,0.47635313868522644,-1.1567389965057373,0.11532396078109741,0.061655521392822266,-0.6822723746299744,0.6991481781005859,0.8006823658943176,-1.1333948373794556
0.4551758749999989,0.0034223749999999996,133.0,4.469454539817483,-1.1922545100983335,1.2316165916041906,-0.006380611952317771,-0.0007022202104605207,-0.0029048698031356283,0.06735909476455246,-0.057805657386779785,0.19740243256092072,-0.11570826172828674,1.0747711658477783,0.4784756302833557,-1.149940013885498,0.12631861865520477,0.05823132395744324,-0.6791127324104309,0.7064690589904785,0.7768456339836121,-1.1336474418640137
0.4551758749999989,0.0034223749999999996,133.0,4.46278722670141,-1.1859639602365901,1.2312584351961893,-0.005769905186194936,-0.0006504991147096254,-0.002628359734311447,0.0673435408742534,-0.05921921133995056,0.19707611203193665,-0.11862757802009583,1.0743558406829834,0.48565277457237244,-1.1387269496917725,0.15133830904960632,0.05813249945640564,-0.6715400815010071,0.7116107940673828,0.758303165435791,-1.1331450939178467
0.4551758749999989,0.0034223749999999996,133.0,4.455217787045637,-1.1789278251831492,1.2308112326011864,-0.005414162599198575,-0.0006417878452700331,-0.0024673681302867755,0.06732342677804797,-0.061583101749420166,0.1974564641714096,-0.12118169665336609,1.0761926174163818,0.49064722657203674,-1.1271705627441406,0.1759108006954193,0.056339383125305176,-0.6630366444587708,0.716261625289917,0.7328603863716125,-1.1331244707107544
0.4551758749999989,0.0034223749999999996,133.0,4.446256218311521,-1.1727762242017552,1.227828320734607,-0.005162884801694072,-0.0006833651134328454,-0.002349282060786936,0.0673669875592571,-0.06152507662773132,0.19613882899284363,-0.12410172820091248,1.0718560218811035,0.49030977487564087,-1.1196563243865967,0.20111766457557678,0.058404773473739624,-0.6465060114860535,0.7165331840515137,0.7152865529060364,-1.1309125423431396
0.4551758749999989,0.0034223749999999996,133.0,4.437023093275803,-1.1644488994869902,1.227115690948056,-0.004954991376867115,-0.0007016484698604943,-0.0022570942034711976,0.06734717153326017,-0.06408533453941345,0.1955188512802124,-0.12841039896011353,1.0717724561691284,0.5001195073127747,-1.1032159328460693,0.2399377077817917,0.05743664503097534,-0.6330769658088684,0.7217481136322021,0.6857153177261353,-1.1298980712890625
0.4551758749999989,0.0034223749999999996,133.0,4.426974894808518,-1.1549462568201845,1.2266546153368036,-0.004800802875453641,-0.0006988081332875582,-0.0021857416074539575,0.0673322095932488,-0.0661306083202362,0.1955900937318802,-0.13130760192871094,1.0718750953674316,0.5013834834098816,-1.0919668674468994,0.2651802897453308,0.05704006552696228,-0.6208117604255676,0.7251007556915283,0.6586996912956238,-1.129530906677246
0.4551758749999989,0.0034223749999999996,133.0,4.416021969446066,-1.1447715377825438,1.2260447547192654,-0.00466155391178533,-0.0007168897476962633,-0.0021206015793365043,0.06730862184040741,-0.06863170862197876,0.1943904459476471,-0.13647115230560303,1.0691031217575073,0.5065469145774841,-1.0744609832763672,0.3108876347541809,0.058123230934143066,-0.6010963320732117,0.7308194637298584,0.6219678521156311,-1.127870798110962
0.4551758749999989,0.0034223749999999996,133.0,4.40419349053512,-1.1338704809519056,1.225489375807001,-0.004520759715684601,-0.000731281039951403,-0.002057744801578952,0.06728958945276647,-0.07081213593482971,0.1932356059551239,-0.1412578821182251,1.0661817789077759,0.5117998719215393,-1.0586490631103516,0.3521202504634857,0.059152066707611084,-0.5823496580123901,0.7353472709655762,0.5901064872741699,-1.1260054111480713
0.4551758749999989,0.0034223749999999996,133.0,4.391841943169095,-1.1220675677910963,1.225131432873955,-0.004390589142697565,-0.000732037423597281,-0.001998416164232711,0.06728356995956779,-0.07251450419425964,0.19340428709983826,-0.14380037784576416,1.0650230646133423,0.507678210735321,-1.0494942665100098,0.37364691495895386,0.059635668992996216,-0.5674633383750916,0.7374379634857178,0.5622878074645996,-1.1252031326293945
0.4551758749999989,0.0034223749999999996,133.0,4.378774831483174,-1.109420733750701,1.2247866738808089,-0.004259820435995861,-0.0007242075788080615,-0.001935945470692651,0.0672782883205417,-0.07315981388092041,0.1921084076166153,-0.14757493138313293,1.060215950012207,0.5088949203491211,-1.039940595626831,0.403227835893631,0.06215023994445801,-0.5491683483123779,0.7388007640838623,0.5426353812217712,-1.1229149103164673
0.4551758749999989,0.0034223749999999996,133.0,4.3651891716463105,-1.0957112402591374,1.2248642315861928,-0.004147153620168782,-0.0006993146688096615,-0.0018829000111877153,0.06729185173560683,-0.07264220714569092,0.19244401156902313,-0.1484190821647644,1.0570353269577026,0.499918133020401,-1.0387818813323975,0.406264990568161,0.06463161110877991,-0.5377609729766846,0.7359626293182373,0.5298873782157898,-1.1220581531524658
0.4551758749999989,0.0034223749999999996,133.0,4.351231157692828,-1.0818508244187024,1.224735763724757,-0.0039998704938646375,-0.0006854547159684118,-0.0018164754423448746,0.06731711627299972,-0.07091602683067322,0.1911117136478424,-0.15073561668395996,1.0492973327636719,0.49608010053634644,-1.0361957550048828,0.419824481010437,0.06984710693359375,-0.5222697854042053,0.731898307800293,0.5194622278213501,-1.1195414066314697
0.4551758749999989,0.0034223749999999996,133.0,4.335608631939312,-1.0664795251059442,1.2246709753507243,-0.003817643199108675,-0.0006568440990740323,-0.0017366984147821852,0.06732316944711632,-0.07027179002761841,0.19040752947330475,-0.15300291776657104,1.04345703125,0.49168315529823303,-1.031522512435913,0.43535977602005005,0.07326933741569519,-0.5063498020172119,0.7286455631256104,0.4998687207698822,-1.1170841455459595
0.4551758749999989,0.0034223749999999996,133.0,4.319569452089138,-1.0505880337167879,1.2247054084632523,-0.0036472820324402345,-0.0006352128786938528,-0.0016587453739881318,0.06733404740901616,-0.06974151730537415,0.19013872742652893,-0.15462824702262878,1.0385346412658691,0.48861223459243774,-1.0280179977416992,0.44774356484413147,0.0756220817565918,-0.4918157756328583,0.7246506214141846,0.4804977476596832,-1.1144620180130005
0.4551758749999989,0.0034223749999999996,133.0,4.3023031299266785,-1.0335363133729312,1.2248413997614478,-0.0034541812988468945,-0.0006000748554548857,-0.0015733073874018165,0.06734559995144085,-0.06963437795639038,0.19042883813381195,-0.1559683382511139,1.034724473953247,0.47981351613998413,-1.0243213176727295,0.45751479268074036,0.07752606272697449,-0.47750574350357056,0.7205357551574707,0.4543379843235016,-1.112447738647461
0.4551758749999989,0.0034223749999999996,133.0,4.2849224138054645,-1.016080296409072,1.2250590032592588,-0.003268365007985224,-0.0005651150654832031,-0.0014925795984845167,0.0673833277534603,-0.06638193130493164,0.1894167959690094,-0.15689069032669067,1.0259242057800293,0.4685312509536743,-1.0280399322509766,0.4581891894340515,0.08361402153968811,-0.4634009599685669,0.7108678817749023,0.4443556070327759,-1.1097521781921387
0.4551758749999989,0.0034223749999999996,133.0,4.265975968487485,-0.9972370170450816,1.2250980144049317,-0.003079866496659029,-0.0005363214174748168,-0.0014058618568561355,0.06738227142114928,-0.06676334142684937,0.19001851975917816,-0.15826433897018433,1.0226881504058838,0.46305835247039795,-1.022303581237793,0.4713638722896576,0.08404707908630371,-0.4465683400630951,0.7057104110717773,0.41313186287879944,-1.1068261861801147
0.4551758749999989,0.0034223749999999996,133.0,4.246437581859714,-0.9780391524221648,1.2250718264438225,-0.0029081429429790974,-0.0005172219830022644,-0.0013297495387958878,0.06739559731200576,-0.06601527333259583,0.18917958438396454,-0.16091376543045044,1.014479398727417,0.45337778329849243,-1.01664137840271,0.49269014596939087,0.08828514814376831,-0.4229982793331146,0.6997625827789307,0.38057881593704224,-1.1028001308441162
0.4551758749999989,0.0034223749999999996,133.0,4.226358649063113,-0.9578823495868358,1.2254002600595955,-0.002684822903839983,-0.00047466853557368737,-0.0012308791043178602,0.06742394798782644,-0.06384968757629395,0.18938493728637695,-0.16118955612182617,1.008035659790039,0.4390757083892822,-1.0182116031646729,0.4916733503341675,0.09223181009292603,-0.40820255875587463,0.689617395401001,0.36167728900909424,-1.1001999378204346
0.4551758749999989,0.0034223749999999996,133.0,4.204624028743931,-0.937441611962326,1.2251458088261837,-0.0024617249161595013,-0.0004585745872540818,-0.0011321590514151308,0.06742252331796757,-0.06507381796836853,0.18660397827625275,-0.16738346219062805,0.9954426288604736,0.4452739357948303,-1.0015339851379395,0.5490995645523071,0.09645518660545349,-0.3714158236980438,0.6881866455078125,0.3115893602371216,-1.0918965339660645
0.4551758749999989,0.0034223749999999996,133.0,4.182770892247277,-0.9159453194310742,1.225222596420411,-0.0022515028319662566,-0.0004243380611742592,-0.001037914206241207,0.06744507309733636,-0.06315240263938904,0.18483112752437592,-0.1701740026473999,0.9838957190513611,0.438582181930542,-0.9975986480712891,0.5710252523422241,0.10212591290473938,-0.3466039001941681,0.6787636280059814,0.2843210697174072,-1.0860377550125122
0.4551758749999989,0.0034223749999999996,133.0,4.159594808978987,-0.8931655879626609,1.2251528426882725,-0.0020438866678721642,-0.0003887724389288447,-0.0009434903138105029,0.0674507423810434,-0.06317204236984253,0.18467645347118378,-0.1723783016204834,0.97600257396698,0.42674192786216736,-0.9903051853179932,0.5919983983039856,0.10483920574188232,-0.32023483514785767,0.6712043285369873,0.24303406476974487,-1.0807161331176758
0.4551758749999989,0.0034223749999999996,133.0,4.135622769048072,-0.8690388849930782,1.2252802023770424,-0.0018793799354556533,-0.00035391102398311437,-0.0008673757124011808,0.0674476228288257,-0.0628705620765686,0.1862160712480545,-0.17241808772087097,0.9727194309234619,0.4129599928855896,-0.9861650466918945,0.593060314655304,0.10512888431549072,-0.3038805425167084,0.6602978706359863,0.21031764149665833,-1.077506184577942
0.4551758749999989,0.0034223749999999996,133.0,4.111175442945961,-0.8445747187972239,1.2256175267708327,-0.001675185991343309,-0.00030975675512656686,-0.0007774175124530248,0.06747651133858217,-0.05935266613960266,0.18531861901283264,-0.1731095016002655,0.9615346193313599,0.39719057083129883,-0.9884171485900879,0.5961418151855469,0.11142536997795105,-0.28445005416870117,0.6455085277557373,0.19142772257328033,-1.07257878780365
0.4551758749999989,0.0034223749999999996,133.0,4.085640858152372,-0.8195646593336788,1.2256637946880606,-0.0014862379998556812,-0.0002827183266404257,-0.0006922489761467285,0.06748117626363496,-0.05845192074775696,0.18421576917171478,-0.1757768988609314,0.9500815868377686,0.38629209995269775,-0.9814512729644775,0.6196916103363037,0.11597287654876709,-0.25578364729881287,0.6350071430206299,0.15285377204418182,-1.0655990839004517
0.4551758749999989,0.0034223749999999996,133.0,4.059197681577587,-0.7940690321973667,1.2256889079307722,-0.0012995683196385518,-0.00025378991675144584,-0.0006078587414088183,0.0674916379076211,-0.05978286266326904,0.183739572763443,-0.17897522449493408,0.9392346739768982,0.37865176796913147,-0.9680454730987549,0.6544771790504456,0.11820095777511597,-0.22098417580127716,0.6277177333831787,0.09863447397947311,-1.056823492050171
0.4551758749999989,0.0034223749999999996,133.0,4.032011527663188,-0.7674489410659788,1.2257040215598356,-0.0011453103285970511,-0.00022732972342010674,-0.0005377531301702504,0.06750237569488197,-0.057809531688690186,0.18090786039829254,-0.18278366327285767,0.920282781124115,0.365402489900589,-0.9604587554931641,0.6902273893356323,0.12611818313598633,-0.18051809072494507,0.6139750480651855,0.056055955588817596,-1.045768141746521
0.4551758749999989,0.0034223749999999996,133.0,4.004180535833711,-0.7401314568160731,1.2257399984644939,-0.0010077893680839364,-0.00020255960379652268,-0.00047539795075958083,0.06752303706997152,-0.056736648082733154,0.179284930229187,-0.18577995896339417,0.9036031365394592,0.34906530380249023,-0.9506838321685791,0.7212144732475281,0.1320878267288208,-0.14105521142482758,0.600045919418335,0.009151814505457878,-1.0349397659301758
0.4551758749999989,0.0034223749999999996,133.0,3.9753085888771413,-0.71196348391488,1.2257034314693658,-0.0008310450291777904,-0.0001709555509698526,-0.00039214868357470524,0.06752282547159291,-0.05493023991584778,0.17725113034248352,-0.18845529854297638,0.8851867914199829,0.33462950587272644,-0.9428195953369141,0.7505998611450195,0.1383121907711029,-0.10158074647188187,0.5836045742034912,-0.03289920091629028,-1.0226595401763916
0.4551758749999989,0.0034223749999999996,133.0,3.9454443866218902,-0.6830296272656805,1.2257933159509962,-0.0006965321999818129,-0.00014678521504083816,-0.00032990951130252075,0.0675241253842275,-0.05556070804595947,0.17508606612682343,-0.19221609830856323,0.8646997809410095,0.32287657260894775,-0.9274685382843018,0.7962223291397095,0.14348453283309937,-0.050599850714206696,0.570925235748291,-0.09174736589193344,-1.0072180032730103
0.4551758749999989,0.0034223749999999996,133.0,3.9147944499211547,-0.6530890655213925,1.2259303497372567,-0.0005219816457934039,-0.0001116963393948517,-0.000248713739645259,0.06752666697168522,-0.0543590784072876,0.17327570915222168,-0.1945335417985916,0.8450891971588135,0.30385881662368774,-0.9170277118682861,0.8255561590194702,0.14941394329071045,-0.00785728357732296,0.5539765357971191,-0.1393931806087494,-0.9934195280075073
0.4551758749999989,0.0034223749999999996,133.0,3.883477690240789,-0.6220527316115921,1.226057106025245,-0.0003273492434622525,-6.964820044893606e-5,-0.00015721895407953807,0.06753866497643596,-0.051728278398513794,0.17218458652496338,-0.19529813528060913,0.8274484872817993,0.28192803263664246,-0.911252498626709,0.8398781418800354,0.15432792901992798,0.02731974422931671,0.5329916477203369,-0.17788805067539215,-0.980567216873169
0.4551758749999989,0.0034223749999999996,133.0,3.851154183851488,-0.5902843355569514,1.2262253942074903,-0.00015271725382478535,-3.2688191641803544e-5,-7.407753763181881e-5,0.06753884805793872,-0.0497002899646759,0.17070557177066803,-0.19643919169902802,0.8076272010803223,0.26045772433280945,-0.9027431011199951,0.8603692054748535,0.15936461091041565,0.06761825829744339,0.5126535892486572,-0.22107215225696564,-0.9656660556793213
0.4551758749999989,0.0034223749999999996,133.0,3.8179247099032203,-0.558365851113296,1.2265813555870553,1.689755525078508e-5,3.710829651500956e-6,8.283178841241446e-6,0.06753410917032536,-0.04855138063430786,0.16703493893146515,-0.19904053211212158,0.7800207734107971,0.24400478601455688,-0.8904054164886475,0.9002349376678467,0.16698402166366577,0.1212552934885025,0.4938952922821045,-0.26724156737327576,-0.945639431476593
0.4551758749999989,0.0034223749999999996,133.0,3.7836168826267427,-0.5250431856653279,1.2268227465491703,0.00018632059298466868,4.119931822760453e-5,9.235768406220327e-5,0.06751945003928399,-0.04728025197982788,0.16489146649837494,-0.20033834874629974,0.7559617757797241,0.22100746631622314,-0.8764119148254395,0.9270634651184082,0.1725439429283142,0.16937921941280365,0.47312140464782715,-0.3127720057964325,-0.9270302057266235
0.4551758749999989,0.0034223749999999996,133.0,3.7484707473167793,-0.4904827320273567,1.2267096580130512,0.000369524304367134,8.181669844995402e-5,0.00018479660125664336,0.0674919399133147,-0.045978844165802,0.1643753945827484,-0.20053057372570038,0.7371981143951416,0.19820739328861237,-0.8622667789459229,0.9406964182853699,0.1747261881828308,0.2092781960964203,0.4507410526275635,-0.3569239377975464,-0.9102874994277954
0.4551758749999989,0.0034223749999999996,133.0,3.7125162060722974,-0.45556635580114957,1.2268762250853418,0.0005128958183774536,0.00011475604834728437,0.000259323190210135,0.06746678178800375,-0.044761210680007935,0.16218794882297516,-0.20119217038154602,0.7119745016098022,0.1748294085264206,-0.8458175659179688,0.9637747406959534,0.17962777614593506,0.2575938403606415,0.4290618896484375,-0.3978436291217804,-0.889873743057251
0.4551758749999989,0.0034223749999999996,133.0,3.675731623262646,-0.419842284161154,1.227042777113412,0.0006741575686201528,0.00015239155059064332,0.00034476630188471225,0.06743721182187318,-0.04352313280105591,0.15983182191848755,-0.20144860446453094,0.6850568056106567,0.1507112979888916,-0.8269975185394287,0.9857437610626221,0.1843317449092865,0.3079582154750824,0.40654563903808594,-0.4366869628429413,-0.8675769567489624
0.4551758749999989,0.0034223749999999996,133.0,3.637961898878271,-0.3832722247185098,1.2273321789295804,0.0008450806202199164,0.00019229324727797445,0.0004386604193307388,0.06740043417105551,-0.04228648543357849,0.15723943710327148,-0.20124095678329468,0.6557235717773438,0.12569712102413177,-0.8046243190765381,1.006670594215393,0.1890292465686798,0.36088356375694275,0.3831634521484375,-0.47264426946640015,-0.8428683280944824
0.4551758749999989,0.0034223749999999996,133.0,3.5996187445123806,-0.34599949607231895,1.227498805566789,0.0010392248892661506,0.00023828483422101473,0.0005461669572904925,0.0673599624463613,-0.04096737504005432,0.15445658564567566,-0.20045925676822662,0.6249772906303406,0.10021699219942093,-0.7790853977203369,1.0248342752456665,0.1933409869670868,0.4150937795639038,0.358806848526001,-0.5037269592285156,-0.8163760900497437
0.4551758749999989,0.0034223749999999996,133.0,3.560285453788177,-0.3078779376935128,1.2278088801324087,0.0012223576277474947,0.0002810069701547822,0.0006527811072331469,0.06731253759637532,-0.039678722620010376,0.15143518149852753,-0.19898734986782074,0.5919017791748047,0.0748753696680069,-0.7487897872924805,1.039960265159607,0.1977340281009674,0.4703347086906433,0.3342161178588867,-0.5283218622207642,-0.787661075592041
0.4551758749999989,0.0034223749999999996,133.0,3.520057844118341,-0.2693648304031758,1.2282550296318953,0.0013406190716653988,0.00031412404808896834,0.0007238924640711232,0.06725807791526692,-0.039550453424453735,0.14736828207969666,-0.19663865864276886,0.5545185804367065,0.056847456842660904,-0.706531286239624,1.0573872327804565,0.20281007885932922,0.5346626043319702,0.3111114501953125,-0.5411377549171448,-0.7553514242172241
0.4551758749999989,0.0034223749999999996,133.0,3.4787863992964234,-0.22951641241337295,1.2286274095100134,0.0014905555038674005,0.0003502407003049216,0.0008204623398386935,0.06719475973987568,-0.038250744342803955,0.14326591789722443,-0.19314315915107727,0.5132251381874084,0.0362774096429348,-0.6620833873748779,1.062901258468628,0.20915010571479797,0.593431830406189,0.28899097442626953,-0.5398397445678711,-0.720460832118988
0.4551758749999989,0.0034223749999999996,133.0,3.4365509347829892,-0.18805445558284056,1.2281380082302533,0.0016369200600539486,0.0003829507375627642,0.0009181729617753707,0.06710989851420435,-0.036081910133361816,0.1377219557762146,-0.18838408589363098,0.4678748846054077,0.022645633667707443,-0.6194813251495361,1.0592399835586548,0.21714714169502258,0.6483908891677856,0.2709379196166992,-0.5136725902557373,-0.6832596063613892
0.4551758749999989,0.0034223749999999996,133.0,3.3948180873704064,-0.1455292681306892,1.2311791370528522,0.0017718436961750537,0.00039690500129679386,0.001020181774428538,0.06701103249575695,-0.03727558255195618,0.12706111371517181,-0.17912954092025757,0.40685856342315674,0.035159382969141006,-0.5322015285491943,1.0587469339370728,0.24052515625953674,0.6917297840118408,0.2784762382507324,-0.39566347002983093,-0.6461004614830017
0.4551758749999989,0.0034223749999999996,133.0,3.3500642698391085,-0.10287268287352444,1.2314239451951703,0.0018645041144261336,0.00043765814211744856,0.0010897674859598632,0.06690173537111564,-0.04508450627326965,0.12035007029771805,-0.17179325222969055,0.3413476049900055,0.08861227333545685,-0.35839414596557617,1.0450958013534546,0.285459041595459,0.6847270131111145,0.35448741912841797,-0.21786543726921082,-0.6266827583312988
0.4551758749999989,0.0034223749999999996,133.0,3.299093313431814,-0.05630153836741631,1.2336923141601779,0.0018229606857051604,0.00044181000812973246,0.0011387951370585424,0.06661748507178246,-0.06744241714477539,0.12716367840766907,-0.1719980537891388,0.30617356300354004,0.17909513413906097,-0.24614334106445312,1.0212764739990234,0.3240512013435364,0.5748476386070251,0.613936185836792,-0.060433246195316315,-0.6317757368087769
0.4551758749999989,0.0034223749999999996,133.0,3.232352312828835,0.013986586547888313,1.2305294216912848,0.0016948569348879247,-0.00016270307516860543,0.0013237867221715949,0.06503539816789156,-0.3071015179157257,0.29759877920150757,-0.0694531798362732,0.21356047689914703,-0.05026465654373169,0.7899049520492554,-0.5745205879211426,0.7755149006843567,-0.8563663959503174,3.089214324951172,-1.363448977470398,-0.9904510974884033
0.4551758749999989,0.0034223749999999996,133.0,3.1574861828498983,0.04487209442928527,1.227156822156044,0.00010708731283305404,-3.9053379299661245e-6,7.698739297887148e-5,0.06380514320206039,-0.4964333474636078,0.18596796691417694,-0.09165894985198975,1.0785188674926758,-0.6486199498176575,1.189666986465454,0.6006109714508057,0.2153998613357544,-1.503786325454712,2.8039979934692383,-0.7233441472053528,-1.2953468561172485
0.4551758749999989,0.0034223749999999996,133.0,3.1930543795147264,0.08269507802106629,1.2358604819793093,-0.001839852934643671,2.627801821741432e-5,-0.0012468361537372088,0.06309419958037969,-0.5090843439102173,0.18990658223628998,-0.03621581196784973,1.39067542552948,-0.6891263127326965,1.149610161781311,0.3459382653236389,0.18133500218391418,-1.5810352563858032,2.7284317016601562,-0.454688161611557,-1.5737724304199219
0.4551758749999989,0.0034223749999999996,133.0,3.2172596237074034,0.1392009416808259,1.2569308896800269,-0.002209630873074576,0.0004733234162853021,-0.0012878521347092463,0.06149661597270482,-0.5584853887557983,0.21618469059467316,0.07517954707145691,1.8203283548355103,-1.1814168691635132,1.1015474796295166,-0.48003441095352173,0.39302244782447815,-1.6185041666030884,2.5112948417663574,-0.08925843983888626,-2.2141640186309814
0.4551758749999989,0.0034223749999999996,133.0,3.252966919669301,0.18944331204309459,1.2656043676328157,-0.0022561455692581963,0.0005886196442377498,-0.001222137631944008,0.06091129874158658,-0.5090141296386719,0.17672234773635864,0.09969267249107361,1.7541953325271606,-1.306808590888977,0.9802865982055664,-0.5996766686439514,0.3627628684043884,-1.2874486446380615,2.088686943054199,0.32025378942489624,-2.115264892578125
0.4551758749999989,0.0034223749999999996,133.0,3.2952900248667776,0.233885448846874,1.2690320270814137,-0.0021530806774116436,0.0005463384715680197,-0.001119532505784959,0.06082821661767941,-0.4084853231906891,0.08428769558668137,0.15133842825889587,1.4877618551254272,-0.537285327911377,0.36521124839782715,-0.7218745350837708,-0.3018028736114502,-1.497232437133789,1.84621000289917,0.8632180690765381,-1.1772300004959106
0.4551758749999989,0.0034223749999999996,133.0,3.3385256698728645,0.27559487082542294,1.2721429102991162,-0.001976606303317695,0.0004976383145919207,-0.0010026314852480086,0.060873320607496104,-0.37013617157936096,0.0751405656337738,0.1683887541294098,1.5211328268051147,-0.42855873703956604,0.21308612823486328,-0.7821545004844666,-0.349918007850647,-1.412811517715454,1.5738623142242432,1.133431077003479,-1.1616451740264893
0.4551758749999989,0.0034223749999999996,133.0,3.3816839995718655,0.3156345124155221,1.2741577992244637,-0.0017531325768166395,0.00043406528160441494,-0.0008704676571655892,0.06101425963967678,-0.3376067578792572,0.06951119005680084,0.1760673224925995,1.5012754201889038,-0.35000118613243103,0.0866384506225586,-0.7963138222694397,-0.3551086187362671,-1.3571555614471436,1.3770263195037842,1.3374972343444824,-1.136042833328247
0.4551758749999989,0.0034223749999999996,133.0,3.423941637184959,0.3552081922175015,1.2757882296486067,-0.0016518106512345841,0.0003987949185921658,-0.0008006746155892765,0.06114669085548921,-0.32536444067955017,0.07367103546857834,0.1819259226322174,1.5212056636810303,-0.28628891706466675,0.031003475189208984,-0.8132363557815552,-0.36362844705581665,-1.4083285331726074,1.2937190532684326,1.3238259553909302,-1.1472105979919434
0.4551758749999989,0.0034223749999999996,133.0,3.46596103701064,0.3938623411512425,1.2780252750142092,-0.0014133382913813276,0.0003374206025336966,-0.0006705883388543366,0.061254400508358835,-0.3185841739177704,0.08351583033800125,0.18518146872520447,1.5448925495147705,-0.2027280479669571,-0.007310152053833008,-0.8005239963531494,-0.3628271222114563,-1.5002087354660034,1.2624013423919678,1.2512413263320923,-1.1715726852416992
0.4551758749999989,0.0034223749999999996,133.0,3.507209888385153,0.43178535305778165,1.2805662469075103,-0.0012302824466415088,0.00029219308793527245,-0.0005708347131321289,0.06135781149442852,-0.31307289004325867,0.09007234871387482,0.18822380900382996,1.5661835670471191,-0.14364616572856903,-0.04123735427856445,-0.8024410009384155,-0.36948084831237793,-1.5667105913162231,1.2332665920257568,1.2108995914459229,-1.1860631704330444
0.4551758749999989,0.0034223749999999996,133.0,3.54732011111993,0.46890754761568026,1.2824537718603117,-0.0009991253018818468,0.00023735661671913025,-0.0004559485164278857,0.06146834809062791,-0.3083324134349823,0.09457717835903168,0.18979361653327942,1.5809303522109985,-0.10658929497003555,-0.07012796401977539,-0.8066717386245728,-0.3731619715690613,-1.620362401008606,1.2130053043365479,1.1952649354934692,-1.1970468759536743
0.4551758749999989,0.0034223749999999996,133.0,3.586463264520972,0.5054356727438875,1.2843984345629649,-0.0007954776694800247,0.00018834940170670472,-0.00035485532721393206,0.06156446415332852,-0.3028954565525055,0.1017153263092041,0.19699165225028992,1.6169906854629517,-0.04628628492355347,-0.1087799072265625,-0.8213112950325012,-0.39080631732940674,-1.6603420972824097,1.1653120517730713,1.1438593864440918,-1.2151312828063965
0.4551758749999989,0.0034223749999999996,133.0,3.624914177755402,0.5409136387921897,1.2861213551279291,-0.0005997208818984856,0.00014280105420446995,-0.00026412452781431295,0.06166775412629032,-0.29915979504585266,0.10549262166023254,0.19640782475471497,1.623940110206604,-0.008278210647404194,-0.13399863243103027,-0.8136264085769653,-0.39186805486679077,-1.7078230381011963,1.1602427959442139,1.1385810375213623,-1.2210891246795654
0.4551758749999989,0.0034223749999999996,133.0,3.6623230566565668,0.5757328765700654,1.2877084734929147,-0.00041196843737245284,9.807575454334511e-5,-0.00017842628757845788,0.06175673930069021,-0.2951091229915619,0.10927284508943558,0.1987888514995575,1.6402413845062256,0.028416037559509277,-0.1620957851409912,-0.8189141750335693,-0.4005265235900879,-1.7386330366134644,1.1376674175262451,1.1254574060440063,-1.2286620140075684
0.4551758749999989,0.0034223749999999996,133.0,3.6989556203249307,0.6096138850931065,1.2893173711990997,-0.00023058128245370492,5.542983171206164e-5,-9.885714376731882e-5,0.06184695273017908,-0.29144707322120667,0.11264060437679291,0.2012282907962799,1.6557189226150513,0.06055887043476105,-0.18817377090454102,-0.825390100479126,-0.40928661823272705,-1.7621294260025024,1.1157255172729492,1.114402174949646,-1.235310435295105
0.4551758749999989,0.0034223749999999996,133.0,3.733949465026813,0.642720908707771,1.2899282832802381,-6.856217787871649e-5,1.6576699922860815e-5,-2.9265826242708795e-5,0.06194039464559535,-0.2881753146648407,0.11565601080656052,0.20281139016151428,1.6675182580947876,0.08987873047590256,-0.2117917537689209,-0.8291813731193542,-0.41587382555007935,-1.7854951620101929,1.1001849174499512,1.1080487966537476,-1.2405139207839966
0.4551758749999989,0.0034223749999999996,133.0,3.7682358166592187,0.6749271551984325,1.29119972093965,0.00014783381053619802,-3.623803379376367e-5,6.237521593797435e-5,0.06200939087951351,-0.286276251077652,0.1165010929107666,0.19993767142295837,1.66292142868042,0.08715776354074478,-0.21859121322631836,-0.8340693116188049,-0.4069839119911194,-1.8118908405303955,1.1096742153167725,1.129387378692627,-1.2449979782104492
0.4551758749999989,0.0034223749999999996,133.0,3.8029851313740584,0.7045207225410575,1.2911377489459048,0.00034843406672999003,-8.521795052006415e-5,0.00014334886210829587,0.0622232698212619,-0.28102293610572815,0.1187797412276268,0.20507505536079407,1.6827974319458008,0.11438360065221786,-0.24994754791259766,-0.8551230430603027,-0.42258286476135254,-1.8099125623703003,1.0652031898498535,1.1101018190383911,-1.2490843534469604
0.4551758749999989,0.0034223749999999996,133.0,3.8357301321372708,0.7350298006200834,1.2925782003270254,0.0005497137335896437,-0.00013723468568640872,0.00022416522543429625,0.062294960398278997,-0.27785393595695496,0.12076923251152039,0.20754578709602356,1.6946568489074707,0.12821877002716064,-0.2684462070465088,-0.8729403614997864,-0.4292137622833252,-1.8159230947494507,1.0417461395263672,1.1032103300094604,-1.254237174987793
0.4551758749999989,0.0034223749999999996,133.0,3.8680136460033494,0.7652690122205732,1.2947667838179087,0.0007899138603130425,-0.0001977403817196663,0.000316100007222346,0.062323127270056254,-0.27631375193595886,0.1251181960105896,0.20681175589561462,1.7016710042953491,0.16374088823795319,-0.285963773727417,-0.8606512546539307,-0.4292028546333313,-1.848063588142395,1.047215223312378,1.0959292650222778,-1.261417031288147
0.4551758749999989,0.0034223749999999996,133.0,3.899438187195073,0.7944691284657545,1.2967314205551619,0.0009613897416737014,-0.00024149375408091722,0.0003778259326050283,0.062366335407221654,-0.2727023661136627,0.1293524205684662,0.214148610830307,1.7294703722000122,0.19750919938087463,-0.3150038719177246,-0.8827018141746521,-0.45020943880081177,-1.8387246131896973,0.9973220825195312,1.0570951700210571,-1.2678849697113037
0.4551758749999989,0.0034223749999999996,133.0,3.929793714205404,0.8229749119695812,1.299003639616975,0.0011810779095604706,-0.0003003965067806018,0.0004548021223713388,0.06238602637828746,-0.27088823914527893,0.132158562541008,0.21383652091026306,1.734993815422058,0.2196604460477829,-0.3295934200286865,-0.8789488077163696,-0.4506758451461792,-1.8567250967025757,0.9953367710113525,1.0551872253417969,-1.2730517387390137
0.4551758749999989,0.0034223749999999996,133.0,3.9591417940070412,0.8500781334313373,1.3000172002442167,0.0013470087078004782,-0.0003473646721759706,0.0005143429238852654,0.06245187260552677,-0.26772621273994446,0.1322566270828247,0.21452680230140686,1.7380638122558594,0.22758761048316956,-0.3449399471282959,-0.8893259763717651,-0.45365041494369507,-1.8576724529266357,0.9789590835571289,1.0627760887145996,-1.2731921672821045
0.4551758749999989,0.0034223749999999996,133.0,3.987564544999411,0.8765402966474711,1.3015759844751305,0.0015343603893910197,-0.0003973791171290389,0.0005785198953327718,0.06249118130705652,-0.2655368745326996,0.1338239312171936,0.2159225046634674,1.7452020645141602,0.2442094385623932,-0.3604402542114258,-0.8952787518501282,-0.45868444442749023,-1.8620858192443848,0.9652023315429688,1.0605998039245605,-1.275310754776001
0.4551758749999989,0.0034223749999999996,133.0,4.015697759142432,0.9022878276224898,1.3026773396101328,0.0017577782158358084,-0.0004561347965388298,0.0006541287181525607,0.06255537665851593,-0.2633964717388153,0.13607436418533325,0.21731135249137878,1.753207802772522,0.2678823471069336,-0.37834930419921875,-0.8951770663261414,-0.46445679664611816,-1.8692455291748047,0.9529573917388916,1.0556552410125732,-1.2775850296020508
0.4551758749999989,0.0034223749999999996,133.0,4.042596330893191,0.9272414221953686,1.304322702367718,0.0019849449540149658,-0.0005221516642832245,0.0007284397559783723,0.06259006693518654,-0.2613491117954254,0.13850601017475128,0.22010377049446106,1.7645673751831055,0.28148671984672546,-0.39304447174072266,-0.9066500663757324,-0.4710104465484619,-1.86689293384552,0.9317026138305664,1.0405418872833252,-1.2823039293289185
0.4551758749999989,0.0034223749999999996,133.0,4.068515999780457,0.9508473201865912,1.305305470176091,0.002234046312537751,-0.0005977213602109167,0.0008131849268550883,0.06264255030870347,-0.25898459553718567,0.13731542229652405,0.21914413571357727,1.7613335847854614,0.2785000503063202,-0.40042901039123535,-0.9169595241546631,-0.46830445528030396,-1.8682745695114136,0.9259555339813232,1.0581296682357788,-1.2819013595581055
0.4551758749999989,0.0034223749999999996,133.0,4.0934489515805055,0.9740688522191594,1.3064140102273651,0.0024197445280700596,-0.0006507738989742198,0.0008705539062536071,0.06268963876297891,-0.2572620213031769,0.13849253952503204,0.2204301655292511,1.7668097019195557,0.29239508509635925,-0.4135105609893799,-0.9216143488883972,-0.4727042317390442,-1.8704315423965454,0.9147374629974365,1.0574895143508911,-1.2830004692077637
0.4551758749999989,0.0034223749999999996,133.0,4.117514963184426,0.9963942497745231,1.3076732950115337,0.002654100069326982,-0.0007228124438106246,0.0009468260998485602,0.06273601306608431,-0.2556767761707306,0.13959303498268127,0.22174665331840515,1.7721893787384033,0.30534711480140686,-0.42565178871154785,-0.9273121953010559,-0.47704648971557617,-1.8714573383331299,0.9035751819610596,1.056345820426941,-1.2840511798858643
0.4551758749999989,0.0034223749999999996,133.0,4.140821360069496,1.018025537905982,1.3088102853688681,0.002893897365288761,-0.0007930543559796316,0.0010204707896282216,0.06277237831763757,-0.2539699375629425,0.14156609773635864,0.22452959418296814,1.7821937799453735,0.32014763355255127,-0.4395325183868408,-0.9359654784202576,-0.484610378742218,-1.8671555519104004,0.8836824893951416,1.0431022644042969,-1.2864124774932861
0.4551758749999989,0.0034223749999999996,133.0,4.163398808683125,1.0385977511398174,1.3099018988858746,0.003143651263305395,-0.00087333854050346,0.0011006724096078678,0.06280927395726472,-0.25259801745414734,0.14255909621715546,0.22332867980003357,1.7808271646499634,0.32419511675834656,-0.44652605056762695,-0.9363808631896973,-0.47978055477142334,-1.8764466047286987,0.8868210315704346,1.0505870580673218,-1.2900207042694092
0.4551758749999989,0.0034223749999999996,133.0,4.1851216354113125,1.0582244440770328,1.3111060333893616,0.0033991191745874443,-0.000954011553287537,0.001173744578169234,0.06283050745126079,-0.2509068548679352,0.1416367143392563,0.223004549741745,1.7791351079940796,0.3232541084289551,-0.45241308212280273,-0.9458726048469543,-0.4787324070930481,-1.8752825260162354,0.8811147212982178,1.0624206066131592,-1.2894576787948608
0.4551758749999989,0.0034223749999999996,133.0,4.205511355367506,1.0777010807535716,1.313060023101461,0.0035989757829225145,-0.0010168692345347786,0.0012279422661843748,0.06283824021958012,-0.25016388297080994,0.14464297890663147,0.2265188992023468,1.7920883893966675,0.33944329619407654,-0.4643418788909912,-0.9535017609596252,-0.48746228218078613,-1.8708605766296387,0.8624405860900879,1.0405428409576416,-1.293534517288208
0.4551758749999989,0.0034223749999999996,133.0,4.22565286673614,1.0957616689572867,1.3140807351907071,0.0038197399116747226,-0.0010930637949330539,0.001289656431224803,0.06287307940904384,-0.24872395396232605,0.14462776482105255,0.22713860869407654,1.7938392162322998,0.3448478877544403,-0.47231173515319824,-0.9601672291755676,-0.48952358961105347,-1.869505763053894,0.8539133071899414,1.0447026491165161,-1.293262243270874
0.4551758749999989,0.0034223749999999996,133.0,4.244408107195352,1.112948386448938,1.3145370766148932,0.0040079143503718535,-0.0011599128063703482,0.001346903188844699,0.06292072600078585,-0.24718442559242249,0.14427416026592255,0.22679266333580017,1.792127251625061,0.3442685306072235,-0.4781665802001953,-0.9663349390029907,-0.4874473810195923,-1.8704404830932617,0.8504154682159424,1.0534132719039917,-1.2937121391296387
0.4551758749999989,0.0034223749999999996,133.0,4.262481580510099,1.1299570956690719,1.315834473155266,0.004235963033532749,-0.0012294750440927879,0.0014094334004022433,0.06294094418554808,-0.24663296341896057,0.14555108547210693,0.22627881169319153,1.792750597000122,0.3541317582130432,-0.4848663806915283,-0.9633836150169373,-0.4857298731803894,-1.880576729774475,0.8547253608703613,1.0583980083465576,-1.2961673736572266
0.4551758749999989,0.0034223749999999996,133.0,4.279820059204235,1.14553235578514,1.317024138075369,0.004435284429444269,-0.0012981299632922043,0.001456210526538555,0.06296899002443387,-0.24505051970481873,0.14748209714889526,0.2300417721271515,1.803926706314087,0.3636050522327423,-0.4962303638458252,-0.9750943779945374,-0.49472135305404663,-1.8683598041534424,0.8283483982086182,1.0357893705368042,-1.2981770038604736
0.4551758749999989,0.0034223749999999996,133.0,4.296249565166876,1.1600053753833506,1.3174099924763534,0.00462822907500246,-0.0013652230982463909,0.001511195155517555,0.06301226590701577,-0.24327149987220764,0.14608894288539886,0.22877708077430725,1.7984071969985962,0.36545348167419434,-0.5021419525146484,-0.9769337773323059,-0.49206000566482544,-1.871061086654663,0.8281681537628174,1.0535686016082764,-1.2954750061035156
0.4551758749999989,0.0034223749999999996,133.0,4.311960376387583,1.173756235937863,1.3180741970042906,0.004778861618820088,-0.0014190184157052343,0.0015495114263262457,0.06305071884557688,-0.2411532700061798,0.14499521255493164,0.2287416160106659,1.7962580919265747,0.3691835403442383,-0.5095705986022949,-0.9809302687644958,-0.49323946237564087,-1.8662422895431519,0.8180010318756104,1.0612926483154297,-1.2922096252441406
0.4551758749999989,0.0034223749999999996,133.0,4.326738712640744,1.1869201186027867,1.3189625524792923,0.004915297743973709,-0.0014703694443718553,0.0015766933335954064,0.06308610106063732,-0.23889639973640442,0.14563797414302826,0.22999992966651917,1.7987520694732666,0.37401533126831055,-0.5187804698944092,-0.9860112071037292,-0.4958576560020447,-1.8571553230285645,0.8004298210144043,1.0516053438186646,-1.2920397520065308
0.4551758749999989,0.0034223749999999996,133.0,4.340728093761051,1.199311850530444,1.320010231973318,0.005060880419455392,-0.0015240409466265104,0.0016100928821111038,0.06311299307055489,-0.23664286732673645,0.1445588320493698,0.22972658276557922,1.795907735824585,0.37732556462287903,-0.5257668495178223,-0.988608717918396,-0.4957830309867859,-1.8535557985305786,0.7902028560638428,1.0578768253326416,-1.2893283367156982
0.4551758749999989,0.0034223749999999996,133.0,4.3538085258126475,1.2109245450626267,1.3207883323766045,0.005216766762243816,-0.0015748734584578666,0.001646314880754099,0.0631415434758251,-0.2349756360054016,0.14501041173934937,0.23206362128257751,1.8006350994110107,0.3884386122226715,-0.5366461277008057,-0.9918389320373535,-0.5024436116218567,-1.8454917669296265,0.7709729671478271,1.0494544506072998,-1.2873247861862183
0.4551758749999989,0.0034223749999999996,133.0,4.3657267549801695,1.2225268742869182,1.3223110906434,0.005382296630548862,-0.0016235581498033934,0.0016800971535122107,0.06314395205180302,-0.23458930850028992,0.14722827076911926,0.23356583714485168,1.806381344795227,0.40630626678466797,-0.5460250377655029,-0.9859909415245056,-0.5070721507072449,-1.8482409715652466,0.7641093730926514,1.0390855073928833,-1.2884174585342407
0.4551758749999989,0.0034223749999999996,133.0,4.376625242597075,1.2337275876185132,1.323817406034904,0.005543056651854555,-0.0016681941980186622,0.0017148350529736717,0.06314113397530388,-0.23456943035125732,0.1512736678123474,0.23596182465553284,1.8161423206329346,0.427379310131073,-0.5566620826721191,-0.978484034538269,-0.5129410624504089,-1.850898027420044,0.7546591758728027,1.0154027938842773,-1.2922141551971436
0.4551758749999989,0.0034223749999999996,133.0,4.386758916518102,1.243799880477732,1.3253693207172286,0.005731934476250326,-0.00171409977927019,0.0017463152829436711,0.06314494364967033,-0.23500633239746094,0.15511827170848846,0.23859694600105286,1.8263957500457764,0.44928669929504395,-0.5662555694580078,-0.9710392951965332,-0.5202397704124451,-1.8535205125808716,0.7458693981170654,0.9929075241088867,-1.2950656414031982
0.4551758749999989,0.0034223749999999996,133.0,4.395388068785664,1.254961766371823,1.3278306589045539,0.0059746116511389565,-0.0018049220142763004,0.0018446662189292346,0.06299667905206503,-0.2367653250694275,0.15849463641643524,0.23659256100654602,1.8281798362731934,0.47123169898986816,-0.5678510665893555,-0.9510102272033691,-0.5164663195610046,-1.8769243955612183,0.7680203914642334,0.9947983026504517,-1.3007785081863403
0.4551758749999989,0.0034223749999999996,133.0,4.40361336627437,1.26365954222683,1.3290909118226344,0.006259100539615257,-0.0018804676813141252,0.0019128658553956976,0.06298900024528566,-0.2371983826160431,0.161916121840477,0.2380448281764984,1.8354572057724,0.49016791582107544,-0.5747816562652588,-0.9425910115242004,-0.5210285782814026,-1.8798094987869263,0.7637181282043457,0.9764540195465088,-1.3034312725067139
0.4551758749999989,0.0034223749999999996,133.0,4.4110016176083064,1.2711042708947926,1.3301202979511084,0.006680822041687451,-0.0020122369412845903,0.002029782857502813,0.06300018707007081,-0.23726370930671692,0.16524657607078552,0.24153569340705872,1.8466073274612427,0.5067721009254456,-0.583064079284668,-0.9427006244659424,-0.5303236842155457,-1.8708195686340332,0.7442374229431152,0.9456503987312317,-1.305079460144043
0.4551758749999989,0.0034223749999999996,133.0,4.417460121415594,1.2779826552056452,1.33108673518038,0.0073938778164359025,-0.002220081932811581,0.0022260874269477314,0.06299761409713624,-0.237531840801239,0.16787149012088776,0.24267926812171936,1.8524023294448853,0.5209049582481384,-0.5886173248291016,-0.9380506277084351,-0.5333349108695984,-1.870032548904419,0.7383601665496826,0.928510844707489,-1.3077960014343262
0.4551758749999989,0.0034223749999999996,133.0,4.423134670483309,1.2839161351660116,1.3321463045052606,0.009008131615184252,-0.0027074618136496385,0.0026718521267094686,0.06299891715239088,-0.23740792274475098,0.1703682541847229,0.2465272843837738,1.863795518875122,0.531439483165741,-0.5958518981933594,-0.9474884867668152,-0.5409474968910217,-1.8517515659332275,0.7119216918945312,0.8923682570457458,-1.311307668685913
0.4551758749999989,0.0034223749999999996,133.0,4.427794459728667,1.2885819017101217,1.333302403369976,0.01668950980933555,-0.005185311112131774,0.004831364483459309,0.06299842676326631,-0.2368040382862091,0.16729570925235748,0.2478143870830536,1.8685823678970337,0.5386108160018921,-0.6040527820587158,-0.9766208529472351,-0.5359731316566467,-1.8155748844146729,0.6853408813476562,0.8780044913291931,-1.3209282159805298
0.4551758749999989,0.0034223749999999996,133.0,4.448957273209157,-1.2039526245199925,1.2176571877362057,-0.014392294524114857,-0.0015750393356789051,-0.0064876572932821555,0.06745127205993964,-0.052532345056533813,0.1921369433403015,-0.11716818809509277,1.0627715587615967,0.4683860242366791,-1.1542117595672607,0.12019583582878113,0.06963223218917847,-0.6671030521392822,0.6634023189544678,0.8046397566795349,-1.1336791515350342
0.4551758749999989,0.0034223749999999996,133.0,4.444331720736482,-1.1988618441798948,1.2178087247641074,-0.007754301498682759,-0.0008460242514448974,-0.003537587934303484,0.067417374086547,-0.053830623626708984,0.1942986398935318,-0.11741569638252258,1.063260793685913,0.46937093138694763,-1.152235746383667,0.13545598089694977,0.06729605793952942,-0.6654746532440186,0.6942958831787109,0.77845299243927,-1.1314207315444946
0.4551758749999989,0.0034223749999999996,133.0,4.438495619473018,-1.1930106622316632,1.2176996992387799,-0.0063717998955108174,-0.000700261686827489,-0.0029077218007214564,0.0673925640437151,-0.056178897619247437,0.19597946107387543,-0.11801910400390625,1.0670480728149414,0.47132763266563416,-1.145491600036621,0.1461971253156662,0.06390011310577393,-0.6622411608695984,0.7015194892883301,0.7545087933540344,-1.1316039562225342
0.4551758749999989,0.0034223749999999996,133.0,4.431836995491386,-1.1867199971413793,1.2173587034429376,-0.005762007160741876,-0.0006477255101993862,-0.0026308663162643905,0.06737735921911446,-0.05759304761886597,0.19566017389297485,-0.12091338634490967,1.0665403604507446,0.47843649983406067,-1.1344327926635742,0.17098170518875122,0.06380289793014526,-0.6545138359069824,0.7065680027008057,0.7357075810432434,-1.1310079097747803
0.4551758749999989,0.0034223749999999996,133.0,4.424278293330094,-1.1796867862256528,1.2169221447112513,-0.005406815817533882,-0.0006387084908037583,-0.0024696161828859768,0.067357469190398,-0.05994856357574463,0.19604985415935516,-0.12344232201576233,1.0682408809661865,0.48338282108306885,-1.123039960861206,0.19521911442279816,0.06204184889793396,-0.6458404064178467,0.711104154586792,0.710109531879425,-1.1308821439743042
0.4551758749999989,0.0034223749999999996,133.0,4.415319716101201,-1.1735311430913877,1.213960571058694,-0.005156021859622468,-0.0006793824770781806,-0.0023512017515739973,0.06740171608008486,-0.05990496277809143,0.1947401911020279,-0.1263331174850464,1.0638926029205322,0.4830856919288635,-1.1156527996063232,0.2201915830373764,0.06405428051948547,-0.629245936870575,0.7113034725189209,0.6923214793205261,-1.128602147102356
0.4551758749999989,0.0034223749999999996,133.0,4.406097793859893,-1.1652035752721956,1.213267920814457,-0.0049484967864226685,-0.0006971247090678958,-0.0022588097626466195,0.06738235572932087,-0.062462061643600464,0.194131001830101,-0.13060098886489868,1.0636355876922607,0.49286457896232605,-1.0994808673858643,0.2585950493812561,0.06312093138694763,-0.615556001663208,0.7163941860198975,0.6624669432640076,-1.1274449825286865
0.4551758749999989,0.0034223749999999996,133.0,4.39605940820291,-1.1557035725093117,1.2128214816499565,-0.0047946131060531165,-0.0006936910771025587,-0.00218737476810394,0.06736755687132275,-0.06433942914009094,0.19359999895095825,-0.1342548131942749,1.062077283859253,0.49495938420295715,-1.086967945098877,0.28954142332077026,0.0637969970703125,-0.6009601354598999,0.7202363014221191,0.6341392397880554,-1.126537561416626
0.4551758749999989,0.0034223749999999996,133.0,4.385120130244385,-1.1455267242553326,1.2122333420326379,-0.004655650813290198,-0.0007110135923591341,-0.002122118858571956,0.06734450855295783,-0.0670015811920166,0.19302643835544586,-0.13858196139335632,1.0606307983398438,0.49925506114959717,-1.0711510181427002,0.328758180141449,0.06384724378585815,-0.5831733345985413,0.7251591682434082,0.5983484983444214,-1.1251168251037598
0.4551758749999989,0.0034223749999999996,133.0,4.373308711072818,-1.1346234829782103,1.2116997953968298,-0.004515189049214522,-0.0007245969308249497,-0.0020590570993526537,0.0673261215949578,-0.06918221712112427,0.19188648462295532,-0.14331334829330444,1.057546615600586,0.5044723153114319,-1.0556139945983887,0.3695280849933624,0.06488591432571411,-0.5642282962799072,0.7295269966125488,0.5663067698478699,-1.1230931282043457
0.4551758749999989,0.0034223749999999996,133.0,4.360961659736183,-1.1228128672524111,1.2113561889440565,-0.004385375450096486,-0.0007247205681377766,-0.001999668978013074,0.06731993988089828,-0.07071232795715332,0.19147902727127075,-0.14654207229614258,1.0547149181365967,0.501014232635498,-1.0454192161560059,0.39634189009666443,0.06641244888305664,-0.5468930602073669,0.7319233417510986,0.5372985005378723,-1.1217039823532104
0.4551758749999989,0.0034223749999999996,133.0,4.347900770136346,-1.1101647858165509,1.2110252618632866,-0.0042548396556665955,-0.000716472687109157,-0.0019371408421778153,0.06731504365232373,-0.07151767611503601,0.19076742231845856,-0.14956822991371155,1.0513287782669067,0.501414954662323,-1.037142038345337,0.4202062487602234,0.06785252690315247,-0.5307614207267761,0.7326104640960693,0.5185664892196655,-1.119716763496399
0.4551758749999989,0.0034223749999999996,133.0,4.334313531829147,-1.0964593982755577,1.2111036355264555,-0.00414233235070179,-0.0006914440549665133,-0.0018842374039271452,0.06732824648366037,-0.07098975777626038,0.1910979151725769,-0.15039902925491333,1.0481005907058716,0.4923321306705475,-1.0359373092651367,0.4232030212879181,0.07027497887611389,-0.519425094127655,0.7295711040496826,0.5058831572532654,-1.1187551021575928
0.4551758749999989,0.0034223749999999996,133.0,4.320346055723204,-1.0825831811576383,1.2109687665781934,-0.0039953264206085675,-0.0006777116860764496,-0.0018178006148482665,0.06735297912509555,-0.06882679462432861,0.18967773020267487,-0.15247562527656555,1.0398517847061157,0.4877201020717621,-1.0347814559936523,0.4340863823890686,0.0758991539478302,-0.504546582698822,0.7245800495147705,0.4985605776309967,-1.116139531135559
0.4551758749999989,0.0034223749999999996,133.0,4.304722478506094,-1.0672121070237273,1.210912907332192,-0.0038132978846684433,-0.0006489059582757338,-0.0017381950205956744,0.06735900745271793,-0.06862077116966248,0.18904231488704681,-0.15492045879364014,1.0343695878982544,0.48389068245887756,-1.0288145542144775,0.4521748721599579,0.07880082726478577,-0.48798367381095886,0.7219316959381104,0.4757855236530304,-1.1135138273239136
0.4551758749999989,0.0034223749999999996,133.0,4.288677644476448,-1.051317506274441,1.2109443651566534,-0.003643110883161162,-0.0006275849316007133,-0.0016603239647162815,0.06736969208474555,-0.0680895447731018,0.18876561522483826,-0.15651100873947144,1.0293529033660889,0.48072758316993713,-1.0253791809082031,0.4644124507904053,0.08112159371376038,-0.47344711422920227,0.7177977561950684,0.4564775228500366,-1.1107652187347412
0.4551758749999989,0.0034223749999999996,133.0,4.271407039861549,-1.0342659807660033,1.2110855934758993,-0.0034502331312307065,-0.0005925750762500134,-0.001574998025802381,0.06738085621479835,-0.06798580288887024,0.18905743956565857,-0.15782243013381958,1.0254536867141724,0.4719069004058838,-1.0216708183288574,0.4740561544895172,0.08298775553703308,-0.4591459035873413,0.7135577201843262,0.4303433895111084,-1.1086227893829346
0.4551758749999989,0.0034223749999999996,133.0,4.254002388740663,-1.0167937841752317,1.2112910410386237,-0.0032646770043355134,-0.0005577780851096884,-0.0014943762707398237,0.06741770889441275,-0.06475281715393066,0.1880194991827011,-0.15872570872306824,1.016636848449707,0.4606015086174011,-1.0253331661224365,0.47492969036102295,0.08897086977958679,-0.4451104402542114,0.7038168907165527,0.4203650951385498,-1.1058063507080078
0.4551758749999989,0.0034223749999999996,133.0,4.235060778176554,-0.9979505396424417,1.2113305881665675,-0.0030762248208673765,-0.0005297770403496221,-0.0014078422227207497,0.06741647015595871,-0.06512963771820068,0.18862460553646088,-0.16005870699882507,1.013282299041748,0.4550684988498688,-1.0196430683135986,0.4878409504890442,0.08937406539916992,-0.42823490500450134,0.6985089778900146,0.38920795917510986,-1.1027305126190186
0.4551758749999989,0.0034223749999999996,133.0,4.215516458005764,-0.9787541057505016,1.2113181400165998,-0.002904528674387115,-0.0005108897920313621,-0.0013321435448862694,0.06742959478076145,-0.06439298391342163,0.18778903782367706,-0.16265538334846497,1.004957675933838,0.4453345239162445,-1.0140340328216553,0.5089086890220642,0.09355553984642029,-0.40467944741249084,0.6924028396606445,0.3567333221435547,-1.0985299348831177
0.4551758749999989,0.0034223749999999996,133.0,4.19541411731822,-0.9585914439557993,1.211638446488849,-0.002681725549610301,-0.0004683170125311277,-0.0012330501545880432,0.06745650289445959,-0.06223824620246887,0.18797709047794342,-0.16291183233261108,0.9984695315361023,0.43100616335868835,-1.015502691268921,0.507973313331604,0.09740215539932251,-0.389986127614975,0.6821568012237549,0.337923526763916,-1.0957863330841064
0.4551758749999989,0.0034223749999999996,133.0,4.173684126641516,-0.9381444423508688,1.2114202687607478,-0.002458992594706508,-0.00045185390538851156,-0.0011343674569741474,0.06745505519074815,-0.06346625089645386,0.18521364033222198,-0.1689927875995636,0.9855353832244873,0.43694785237312317,-0.999176025390625,0.5647473335266113,0.1016717255115509,-0.35286542773246765,0.6804883480072021,0.28774717450141907,-1.0871821641921997
0.4551758749999989,0.0034223749999999996,133.0,4.151816098303324,-0.916631424342449,1.2114933048360668,-0.002249066358167565,-0.0004178890169077837,-0.0010400928856424535,0.06747674480632596,-0.06155964732170105,0.18342679738998413,-0.17171970009803772,0.9738467931747437,0.4301058351993561,-0.9953494071960449,0.5865063667297363,0.10727578401565552,-0.32798048853874207,0.6709113121032715,0.2605380117893219,-1.0811131000518799
0.4551758749999989,0.0034223749999999996,133.0,4.128632900393122,-0.8938420639092092,1.2114187882053473,-0.002041710399421367,-0.00038270097753669767,-0.0009456180684633892,0.06748165363857102,-0.06157609820365906,0.18327578902244568,-0.1738598644733429,0.9658091068267822,0.41818147897720337,-0.9880850315093994,0.6070971488952637,0.10992759466171265,-0.3015974164009094,0.6631412506103516,0.21948720514774323,-1.0755841732025146
0.4551758749999989,0.0034223749999999996,133.0,4.104653892794701,-0.8697209851071478,1.2115380844462977,-0.001877307373994241,-0.00034834187314131875,-0.0008695257299499723,0.06747810488664338,-0.06126895546913147,0.184819757938385,-0.1738688349723816,0.9624707698822021,0.4043735861778259,-0.9838495254516602,0.607923686504364,0.11012735962867737,-0.285392165184021,0.6520929336547852,0.18700586259365082,-1.0722320079803467
0.4551758749999989,0.0034223749999999996,133.0,4.080179993701396,-0.8452373947302457,1.2118537389902242,-0.0016733504558123307,-0.00030485763547722185,-0.0007794935683021619,0.0675050465505985,-0.057773470878601074,0.18389351665973663,-0.17451751232147217,0.9512310028076172,0.388520210981369,-0.9860532283782959,0.6110855937004089,0.1162784993648529,-0.26606041193008423,0.6372041702270508,0.1682785600423813,-1.067103624343872
0.4551758749999989,0.0034223749999999996,133.0,4.054625855193461,-0.8202101787088327,1.2119141227731374,-0.0014846473933958887,-0.00027805310763393486,-0.0006942755026508506,0.06750882394086113,-0.056892067193984985,0.18279854953289032,-0.1771089732646942,0.9396267533302307,0.3774789571762085,-0.979111909866333,0.6342667937278748,0.12075108289718628,-0.23743504285812378,0.6265521049499512,0.12991049885749817,-1.0598961114883423
0.4551758749999989,0.0034223749999999996,133.0,4.028176328835198,-0.79470446814471,1.2119474144627203,-0.0012982125397336612,-0.0002494608274851759,-0.0006097678163293257,0.06751849952641988,-0.05821612477302551,0.18234330415725708,-0.1802068054676056,0.928554117679596,0.36966559290885925,-0.9657714366912842,0.6683645248413086,0.12295222282409668,-0.2025562971830368,0.6190223693847656,0.07605883479118347,-1.0508676767349243
0.4551758749999989,0.0034223749999999996,133.0,4.000976859917676,-0.768072771696746,1.2119660523154505,-0.0011441385281590122,-0.0002233234993759929,-0.0005395847198914153,0.06752808152791188,-0.05626997351646423,0.17951759696006775,-0.18389397859573364,0.9094778895378113,0.356189489364624,-0.9582686424255371,0.7034505605697632,0.13076287508010864,-0.1622493863105774,0.6050739288330078,0.0340908020734787,-1.0395801067352295
0.4551758749999989,0.0034223749999999996,133.0,3.9731365867723887,-0.740742041392154,1.212002800708193,-0.0010067824606535786,-0.00019885077117306717,-0.0004771304945588996,0.06754763003062336,-0.05520406365394592,0.1779051274061203,-0.1867731809616089,0.8926637172698975,0.3396467864513397,-0.9485266208648682,0.7337337136268616,0.13660705089569092,-0.1228995993733406,0.590904712677002,-0.012247190810739994,-1.028491497039795
0.4551758749999989,0.0034223749999999996,133.0,3.944249996433428,-0.7125689127087066,1.211965449322647,-0.0008302314370823859,-0.00016781596806822802,-0.0003936819937606274,0.0675462302059156,-0.053404778242111206,0.17587940394878387,-0.18931527435779572,0.8741209506988525,0.3249492347240448,-0.9407377243041992,0.762385904788971,0.1427026093006134,-0.08358166366815567,0.5742619037628174,-0.05374026298522949,-1.0159577131271362
0.4551758749999989,0.0034223749999999996,133.0,3.914376685335448,-0.683624750232202,1.2120631915287428,-0.0006958880608645372,-0.000143957474955834,-0.00033129831208505306,0.06754610233854443,-0.05402719974517822,0.1737443208694458,-0.19290852546691895,0.8534671068191528,0.31290340423583984,-0.9254095554351807,0.806857168674469,0.14779841899871826,-0.032658711075782776,0.5613157749176025,-0.11171618849039078,-1.0002721548080444
0.4551758749999989,0.0034223749999999996,133.0,3.883712728032096,-0.6536674240742573,1.212198818144805,-0.0005215173492876139,-0.00010948236311623897,-0.0002498259505430244,0.06754711235962381,-0.05283951759338379,0.17195142805576324,-0.19508732855319977,0.8337881565093994,0.29372450709342957,-0.9148926734924316,0.8353404998779297,0.15356889367103577,0.009866091422736645,0.5442075729370117,-0.15855969488620758,-0.9862480759620667
0.4551758749999989,0.0034223749999999996,133.0,3.8523652832392954,-0.6226174160889142,1.2123180432954335,-0.0003270593188633564,-6.821954591583933e-5,-0.00015798633269726198,0.0675565581555971,-0.0502379834651947,0.17086227238178253,-0.19574624300003052,0.8161202669143677,0.2717175781726837,-0.9090087413787842,0.8490827679634094,0.1582915186882019,0.044719211757183075,0.5231938362121582,-0.1963532269001007,-0.9731788039207458
0.4551758749999989,0.0034223749999999996,133.0,3.820019368099354,-0.5908297015452577,1.212474444553674,-0.0001525864506893115,-3.2003964772947484e-5,-7.445856154773154e-5,0.06755444318484549,-0.04823783040046692,0.16939473152160645,-0.19674861431121826,0.7962889075279236,0.25023433566093445,-0.9004182815551758,0.8687432408332825,0.16312894225120544,0.08465979248285294,0.5028574466705322,-0.23868894577026367,-0.9580720663070679
0.4551758749999989,0.0034223749999999996,133.0,3.7867717843760325,-0.5588934623701813,1.2128276683948727,1.6883821432937035e-5,3.631704902286578e-6,8.328225222957436e-6,0.06754762682931253,-0.0471099317073822,0.16574443876743317,-0.1991390585899353,0.7686092853546143,0.23357665538787842,-0.8879475593566895,0.9073391556739807,0.1706077754497528,0.13801847398281097,0.4840264320373535,-0.2836137115955353,-0.9378331899642944
0.4551758749999989,0.0034223749999999996,133.0,3.7524407485062996,-0.5255519828735999,1.2130603411540413,0.0001861753014292041,4.029918352222002e-5,9.288732370327353e-5,0.06753046759926828,-0.04586270451545715,0.16361983120441437,-0.20027585327625275,0.7445523142814636,0.21055370569229126,-0.8736882209777832,0.9330913424491882,0.17597398161888123,0.18573711812496185,0.463226318359375,-0.327918142080307,-0.9190356731414795
0.4551758749999989,0.0034223749999999996,133.0,3.7172743991681583,-0.49098048945429623,1.212940169798367,0.00036923434983148753,7.999542593928347e-5,0.00018591630009072563,0.0675008730656392,-0.04458931088447571,0.1631317436695099,-0.2003513127565384,0.7258679866790771,0.18788295984268188,-0.859318733215332,0.9458107352256775,0.17793753743171692,0.2251460701227188,0.44095301628112793,-0.3711128830909729,-0.9021569490432739
0.4551758749999989,0.0034223749999999996,133.0,3.6812944734769917,-0.4560417034320077,1.2130848345238245,0.0005125073139835659,0.00011219802777247984,0.000260959688253844,0.06747304406535612,-0.04339665174484253,0.16096197068691254,-0.20083729922771454,0.7006932497024536,0.1646590381860733,-0.842587947845459,0.9677203297615051,0.18262431025505066,0.27296605706214905,0.4193716049194336,-0.41069626808166504,-0.8815820813179016
0.4551758749999989,0.0034223749999999996,133.0,3.6444847587595985,-0.42030994373577013,1.2132461407592954,0.0006736483038533216,0.0001489492386384024,0.0003470733393049399,0.0674408208634412,-0.042188435792922974,0.15863363444805145,-0.20090720057487488,0.6738229393959045,0.14077602326869965,-0.8233926296234131,0.9883826375007629,0.1871231496334076,0.32270586490631104,0.39702486991882324,-0.44807833433151245,-0.8591322302818298
0.4551758749999989,0.0034223749999999996,133.0,3.606871184012486,-0.3837772170136373,1.2134173047337564,0.0008448266573998433,0.00018849319433864706,0.0004406207001997038,0.06740316079335865,-0.040935248136520386,0.15607629716396332,-0.20048588514328003,0.6448371410369873,0.11617406457662582,-0.8009772300720215,1.0076147317886353,0.1914655566215515,0.3749030530452728,0.3737478256225586,-0.48243024945259094,-0.8344211578369141
0.4551758749999989,0.0034223749999999996,133.0,3.568325897728325,-0.3464283377302647,1.2136626704302298,0.0010385111110454643,0.0002327405297329981,0.0005500688318606506,0.06735781801060067,-0.03968486189842224,0.1532784104347229,-0.1995057910680771,0.6136474013328552,0.09109622240066528,-0.7743558883666992,1.0246330499649048,0.19580858945846558,0.42865055799484253,0.3497331142425537,-0.5116726756095886,-0.8075234889984131
0.4551758749999989,0.0034223749999999996,133.0,3.5289605257879146,-0.3082785106470009,1.2139468013121009,0.0012215601907662624,0.0002743869148448437,0.0006576173049845025,0.0673065488689327,-0.038390517234802246,0.150153249502182,-0.19784383475780487,0.5792820453643799,0.0661894679069519,-0.7425916194915771,1.0386804342269897,0.20036739110946655,0.4849858582019806,0.3252444267272949,-0.5343048572540283,-0.7776931524276733
0.4551758749999989,0.0034223749999999996,133.0,3.4887141541887674,-0.26975976842869975,1.2143674574855405,0.0013397772214980255,0.0003067719397170613,0.0007293593604594991,0.0672502748281367,-0.038237065076828,0.14588432013988495,-0.19526982307434082,0.5395843982696533,0.049030814319849014,-0.6975972652435303,1.0543761253356934,0.2060205042362213,0.5514529347419739,0.3024120330810547,-0.5430821180343628,-0.7436577677726746
0.4551758749999989,0.0034223749999999996,133.0,3.44741820584859,-0.22988400177783877,1.214707955751125,0.0014897038440237513,0.0003419360153652109,0.0008266429479883714,0.06718422150986059,-0.03649061918258667,0.1389821320772171,-0.19060717523097992,0.4901692867279053,0.032977890223264694,-0.6525354385375977,1.0611307621002197,0.21671462059020996,0.6134811043739319,0.282637357711792,-0.5158777236938477,-0.7050968408584595
0.4551758749999989,0.0034223749999999996,133.0,3.405147088671725,-0.18836951682346312,1.2141758315337252,0.0016361438099925442,0.0003737231776985243,0.0009249313938602349,0.06709649170229064,-0.03601691126823425,0.13444598019123077,-0.18529337644577026,0.44021761417388916,0.025922119617462158,-0.5862553119659424,1.0535516738891602,0.228045254945755,0.6586036682128906,0.2795984745025635,-0.4645238220691681,-0.6667978763580322
0.4551758749999989,0.0034223749999999996,133.0,3.3634128100691876,-0.14578498634255221,1.2171403205014533,0.0017710830189068675,0.00038701361221084546,0.0010268942919960792,0.06699832413157711,-0.0383375883102417,0.12230279296636581,-0.1743876039981842,0.36992907524108887,0.05127469450235367,-0.47081637382507324,1.0442981719970703,0.26370126008987427,0.6797851324081421,0.31218910217285156,-0.29544609785079956,-0.6329306960105896
0.4551758749999989,0.0034223749999999996,133.0,3.318695562337868,-0.10310328717971012,1.2173501922892804,0.0018636301045760388,0.0004282646113702864,0.001095602760151603,0.06689705409695097,-0.04751184582710266,0.11568207293748856,-0.1688484251499176,0.2936375141143799,0.1186843290925026,-0.25226593017578125,1.0062671899795532,0.32521161437034607,0.6402750015258789,0.42040085792541504,-0.1024792343378067,-0.619524359703064
0.4551758749999989,0.0034223749999999996,133.0,3.2683290543001315,-0.056581266927552144,1.2190441461489006,0.0018264763161750526,0.00043426093810778547,0.0011340131630889487,0.06663358539439332,-0.15073004364967346,0.13316819071769714,-0.08466655015945435,-0.02266716957092285,0.19474801421165466,-0.009394645690917969,0.6204415559768677,0.5594853162765503,0.951583981513977,1.528702735900879,-0.7443558573722839,-0.5399893522262573
0.4551758749999989,0.0034223749999999996,133.0,3.202552771907358,0.012982504213767539,1.215886878281009,0.001698452227282708,-0.00015152398264213694,0.0013078725095946515,0.06515194499545705,-0.33269575238227844,0.3035789430141449,-0.06766590476036072,0.17018412053585052,-0.08358784019947052,1.0169929265975952,-0.5897559523582458,0.8105929493904114,-0.9681453108787537,3.2876100540161133,-1.4884183406829834,-0.9822781682014465
0.4551758749999989,0.0034223749999999996,133.0,3.128416344509675,0.04493885408082979,1.2130821023401799,0.00010690311316261504,-4.295356804214279e-6,7.653868645330532e-5,0.06390178369285489,-0.5081367492675781,0.19228434562683105,-0.09446397423744202,1.0524652004241943,-0.7078779935836792,1.2724359035491943,0.6587403416633606,0.2510235905647278,-1.5356618165969849,2.8332228660583496,-0.8430480360984802,-1.3050150871276855
0.4551758749999989,0.0034223749999999996,133.0,3.1641690838987833,0.08207479488151098,1.2214784511448475,-0.001834606452773091,2.0262634698957718e-5,-0.0012398364546857192,0.06321277295924024,-0.5329428911209106,0.20412606000900269,-0.038830697536468506,1.383169412612915,-0.7651514410972595,1.2626466751098633,0.4262535572052002,0.23871943354606628,-1.6674834489822388,2.8099331855773926,-0.6501035690307617,-1.6242033243179321
0.4551758749999989,0.0034223749999999996,133.0,3.1885953154681967,0.13839713748538085,1.2422482810086115,-0.002201337798999497,0.0004604187972995247,-0.0012828986699212387,0.061636866519671325,-0.5868189334869385,0.24162232875823975,0.07256534695625305,1.8698004484176636,-1.2108243703842163,1.1331626176834106,-0.44991597533226013,0.4437404274940491,-1.8005049228668213,2.662970542907715,-0.2539907693862915,-2.3158607482910156
0.4551758749999989,0.0034223749999999996,133.0,3.2238310782998854,0.18894499132479858,1.2509487788934663,-0.0022480587700559143,0.0005798810557935377,-0.0012202292114410608,0.06102453563206043,-0.5465527772903442,0.20915630459785461,0.09742435812950134,1.8256101608276367,-1.373490810394287,1.0370467901229858,-0.5668264031410217,0.4374507665634155,-1.5396828651428223,2.270287036895752,0.07450105249881744,-2.263193368911743
0.4551758749999989,0.0034223749999999996,133.0,3.2657842089608007,0.23365549666944888,1.2542990201654618,-0.0021454531214638753,0.0005401617422238174,-0.0011203440776876438,0.060921176541903606,-0.49341192841529846,0.17229612171649933,0.11396774649620056,1.7923481464385986,-1.2611219882965088,0.9286658763885498,-0.5645269751548767,0.2998126745223999,-1.2748160362243652,1.936760425567627,0.4470120668411255,-2.089925765991211
0.4551758749999989,0.0034223749999999996,133.0,3.3083666934275646,0.2759452922851084,1.2571025683958077,-0.0019761986656367902,0.0004888140056588369,-0.0009991328100506698,0.06092451037271576,-0.39297834038734436,0.08682004362344742,0.16358330845832825,1.5390872955322266,-0.45021939277648926,0.2921733856201172,-0.7332074642181396,-0.3242899775505066,-1.5395468473434448,1.7214765548706055,0.930565357208252,-1.2056331634521484
0.4551758749999989,0.0034223749999999996,133.0,3.3512441337389904,0.3161119859733907,1.2590714993148922,-0.0017527771238378918,0.0004263272573533474,-0.0008697815830733957,0.06104883277952067,-0.3543761074542999,0.07577008754014969,0.1716952621936798,1.5182098150253296,-0.3856487572193146,0.14917445182800293,-0.7747821807861328,-0.34310078620910645,-1.4431819915771484,1.4823970794677734,1.219813346862793,-1.1653625965118408
0.4551758749999989,0.0034223749999999996,133.0,3.393313077850551,0.35572901717899136,1.2606003014829936,-0.0016513825460677987,0.00039132934778331223,-0.0008016325631829072,0.061171748573378745,-0.3266776502132416,0.07294949889183044,0.18366417288780212,1.5250542163848877,-0.3040180504322052,0.034557342529296875,-0.8110954761505127,-0.36479610204696655,-1.3967046737670898,1.2935066223144531,1.3343898057937622,-1.1498162746429443
0.4551758749999989,0.0034223749999999996,133.0,3.4352900612327373,0.3943268944255705,1.2628118661188965,-0.0014130504296558802,0.0003308361025373866,-0.0006714295791330894,0.06127885029967251,-0.3189062774181366,0.08259750157594681,0.1858496367931366,1.544344186782837,-0.21532723307609558,-0.005201101303100586,-0.7974299192428589,-0.36231738328933716,-1.492344856262207,1.2605016231536865,1.2605382204055786,-1.1715238094329834
0.4551758749999989,0.0034223749999999996,133.0,3.4765300139756423,0.43219030115141255,1.2653384635898914,-0.0012300419712469718,0.00028619728805447716,-0.0005716290576365209,0.06138296039203015,-0.31261566281318665,0.08905544131994247,0.18810883164405823,1.562896490097046,-0.15145768225193024,-0.040277957916259766,-0.7981095314025879,-0.3679766058921814,-1.5631417036056519,1.2298266887664795,1.2192360162734985,-1.1843266487121582
0.4551758749999989,0.0034223749999999996,133.0,3.51662312576969,0.4693010689345007,1.2672381833377653,-0.0009989952676458318,0.00023245765492855395,-0.0004564216416729238,0.061494293392058225,-0.3082673251628876,0.09380286186933517,0.18643000721931458,1.56685471534729,-0.11556847393512726,-0.06461215019226074,-0.788504421710968,-0.3620845079421997,-1.6303150653839111,1.2273054122924805,1.2090572118759155,-1.1942657232284546
0.4551758749999989,0.0034223749999999996,133.0,3.5557536744588623,0.5057798318805674,1.2691089019060806,-0.0007952798913795308,0.00018432024929394407,-0.0003553881103341166,0.061592360021048426,-0.3027532398700714,0.10087394714355469,0.19363722205162048,1.6034892797470093,-0.05486048012971878,-0.10333561897277832,-0.8033904433250427,-0.37980228662490845,-1.6712672710418701,1.1796085834503174,1.158339500427246,-1.2128580808639526
0.4551758749999989,0.0034223749999999996,133.0,3.5941852968193464,0.5412362891286749,1.2708066119253667,-0.0005995608588762421,0.00013971640920684467,-0.0002645588388147438,0.06169636447095257,-0.29833754897117615,0.10457997769117355,0.19582948088645935,1.6193366050720215,-0.013568984344601631,-0.13306593894958496,-0.8077967166900635,-0.3890455365180969,-1.7082574367523193,1.1570346355438232,1.1453988552093506,-1.2193877696990967
0.4551758749999989,0.0034223749999999996,133.0,3.631575839721166,0.5760325191919045,1.2723731187887333,-0.0004118540326480533,9.594303428827465e-5,-0.00017874210097014394,0.06178566601198065,-0.2942921817302704,0.10841448605060577,0.19822630286216736,1.63581383228302,0.023073598742485046,-0.16098690032958984,-0.8131890296936035,-0.3975651264190674,-1.7394582033157349,1.1345710754394531,1.1317297220230103,-1.2272744178771973
0.4551758749999989,0.0034223749999999996,133.0,3.6682098621180605,0.6098868665748166,1.2739379423311912,-0.000230496353384597,5.421931653541377e-5,-9.906420739193595e-5,0.06187765659065013,-0.29059621691703796,0.11180148273706436,0.20067492127418518,1.6514335870742798,0.05528060719370842,-0.18710112571716309,-0.8196948170661926,-0.4062674641609192,-1.7632091045379639,1.112515926361084,1.1203680038452148,-1.2341240644454956
0.4551758749999989,0.0034223749999999996,133.0,3.703159269147019,0.6430112052471485,1.274518429080449,-6.853424644627131e-5,1.6215058192460263e-5,-2.933640158050521e-5,0.06197109677450565,-0.288038045167923,0.11380933970212936,0.19870731234550476,1.6511425971984863,0.06800235062837601,-0.20156168937683105,-0.8170304894447327,-0.40116357803344727,-1.7953743934631348,1.1173439025878906,1.1326301097869873,-1.2391020059585571
0.4551758749999989,0.0034223749999999996,133.0,3.737438089489071,0.6752154500148746,1.2757659957928764,0.00014776670109804482,-3.545298248809409e-5,6.253613692699104e-5,0.0620415434548154,-0.28545358777046204,0.11575287580490112,0.1993705928325653,1.6587238311767578,0.08193142712116241,-0.21733593940734863,-0.8284043669700623,-0.4038379192352295,-1.813488483428955,1.1069161891937256,1.1347792148590088,-1.2440218925476074
0.4551758749999989,0.0034223749999999996,133.0,3.7721769846269972,0.7047863431655962,1.2756530332712372,0.0003482355234218738,-8.336768865635514e-5,0.00014377253283859382,0.06225756955731879,-0.28016307950019836,0.11802539229393005,0.20453104376792908,1.6787755489349365,0.10930036753416061,-0.24888110160827637,-0.8496960997581482,-0.4195164442062378,-1.8117284774780273,1.0623366832733154,1.115341305732727,-1.2482038736343384
0.4551758749999989,0.0034223749999999996,133.0,3.804912214295734,0.7353044274041698,1.2771130275552642,0.0005494359533007244,-0.00013433805749835575,0.0002247662170400575,0.062329498606960534,-0.27700158953666687,0.12006744742393494,0.20705202221870422,1.6909639835357666,0.12327233701944351,-0.2674403190612793,-0.8677474856376648,-0.4262259006500244,-1.8180269002914429,1.0387349128723145,1.1080188751220703,-1.2536035776138306
0.4551758749999989,0.0034223749999999996,133.0,3.837166674760954,0.7655174397221362,1.279226304160311,0.0007894306112700627,-0.00019353090301066957,0.00031722912580579995,0.062357794498090424,-0.27490994334220886,0.1243419200181961,0.20839694142341614,1.7034895420074463,0.15948258340358734,-0.28813648223876953,-0.8643953800201416,-0.4319848418235779,-1.8399585485458374,1.030040979385376,1.092720627784729,-1.260398507118225
0.4551758749999989,0.0034223749999999996,133.0,3.8685896157574704,0.7947075365156967,1.2811971359550496,0.0009608607062969416,-0.00023642291397804206,0.0003790495124276365,0.062401219770816994,-0.2718175947666168,0.12862583994865417,0.21362683176994324,1.7257590293884277,0.1923283487558365,-0.314037561416626,-0.8773124814033508,-0.4469641447067261,-1.840862512588501,0.9944024085998535,1.061707615852356,-1.2674919366836548
0.4551758749999989,0.0034223749999999996,133.0,3.8989501995641747,0.8231615392365154,1.2834113172655732,0.0011802811541489007,-0.00029415947031675977,0.0004565608617082498,0.06242283038172277,-0.2699742615222931,0.1313660591840744,0.2132762372493744,1.7310798168182373,0.2141377031803131,-0.32857608795166016,-0.873322606086731,-0.44727277755737305,-1.8586454391479492,0.9924733638763428,1.0600786209106445,-1.2726157903671265
0.4551758749999989,0.0034223749999999996,133.0,3.9282605679388958,0.8502912439851015,1.2844064355129705,0.001346080616723478,-0.00034020997009533827,0.0005164328970429985,0.06248929747371596,-0.26680615544319153,0.13149753212928772,0.21396151185035706,1.7342414855957031,0.22215791046619415,-0.343966007232666,-0.883676290512085,-0.450203001499176,-1.859829068183899,0.9761202335357666,1.0674668550491333,-1.2728917598724365
0.4551758749999989,0.0034223749999999996,133.0,3.9568447660724435,0.8768234520263122,1.2858611062844212,0.0015339500408341124,-0.00038892133322463807,0.0005786204638999553,0.06253402130663219,-0.2645278871059418,0.13309849798679352,0.21546724438667297,1.7416727542877197,0.23942114412784576,-0.3600478172302246,-0.889721691608429,-0.45556938648223877,-1.8640122413635254,0.9615976810455322,1.0646624565124512,-1.2749685049057007
0.4551758749999989,0.0034223749999999996,133.0,3.9848062293633735,0.9024798495943164,1.2870455528485063,0.0017565935477898992,-0.0004468723971288374,0.0006568402019525304,0.06259309765973849,-0.26246657967567444,0.13532060384750366,0.21676215529441833,1.7494522333145142,0.2622649073600769,-0.3773033618927002,-0.8896809816360474,-0.46091699600219727,-1.871313214302063,0.9500699043273926,1.0598968267440796,-1.277442216873169
0.4551758749999989,0.0034223749999999996,133.0,4.011722586545962,0.927418274772516,1.2886614671796703,0.001983503649222122,-0.0005115444359542496,0.000731598235186055,0.06262995840496924,-0.26041796803474426,0.13774657249450684,0.21958842873573303,1.7609190940856934,0.2757822871208191,-0.392047643661499,-0.9013356566429138,-0.46750491857528687,-1.86886727809906,0.9287033081054688,1.0446124076843262,-1.282232403755188
0.4551758749999989,0.0034223749999999996,133.0,4.03761807931803,0.9510345832886284,1.289633434868811,0.002232433868468651,-0.0005859856835018626,0.0008168446448742971,0.06268203725300857,-0.25806793570518494,0.1365715116262436,0.2186267077922821,1.7577301263809204,0.272714763879776,-0.39939260482788086,-0.9116300940513611,-0.46476656198501587,-1.8702976703643799,0.9230458736419678,1.0621216297149658,-1.2819061279296875
0.4551758749999989,0.0034223749999999996,133.0,4.062546997124787,0.9742443769270059,1.290722132764664,0.002417927090011994,-0.0006380855740168403,0.000874556296427926,0.06273015466388182,-0.25634440779685974,0.1377497762441635,0.21992722153663635,1.7632452249526978,0.28652819991111755,-0.41244983673095703,-0.9164407849311829,-0.46914780139923096,-1.8724298477172852,0.9117989540100098,1.061321496963501,-1.2830612659454346
0.4551758749999989,0.0034223749999999996,133.0,4.086581190964867,0.9965895556194521,1.2919264013912117,0.002651963206165884,-0.0007089177473217716,0.0009516666061603719,0.06277692982511028,-0.2547512352466583,0.13884779810905457,0.22122034430503845,1.7685660123825073,0.2994684875011444,-0.42461299896240234,-0.9220351576805115,-0.4733872413635254,-1.8735874891281128,0.9007747173309326,1.0602329969406128,-1.2841579914093018
0.4551758749999989,0.0034223749999999996,133.0,4.109858649193147,1.0182046337040738,1.293031136529341,0.0028915222530926086,-0.0007780719240022572,0.0010260258182234086,0.06281292724053797,-0.25303152203559875,0.14080746471881866,0.22399654984474182,1.7785515785217285,0.3142373859882355,-0.4385197162628174,-0.9307836890220642,-0.4808976650238037,-1.8693128824234009,0.8808963298797607,1.0469597578048706,-1.2865535020828247
0.4551758749999989,0.0034223749999999996,133.0,4.1324488777455715,1.0387711499461543,1.2941166858480904,0.0031409857128971374,-0.000856936356842262,0.0011066075287965748,0.06285176719054658,-0.251655250787735,0.14179985225200653,0.2228061854839325,1.7771869897842407,0.3181867301464081,-0.4454784393310547,-0.9312124848365784,-0.47606998682022095,-1.8784749507904053,0.8839924335479736,1.05427086353302,-1.290160894393921
0.4551758749999989,0.0034223749999999996,133.0,4.1541726464970194,1.0584099174776624,1.2953574366611542,0.0033965075661011577,-0.0009366422030736357,0.0011798246924279452,0.06287174292344429,-0.24998554587364197,0.14091308414936066,0.22251519560813904,1.7756606340408325,0.31722259521484375,-0.4513123035430908,-0.9408689737319946,-0.4750704765319824,-1.8772636651992798,0.8782107830047607,1.0657163858413696,-1.2897109985351562
0.4551758749999989,0.0034223749999999996,133.0,4.174711021620215,1.0779549311360697,1.2971741853337164,0.00359734406068581,-0.0009972836480095794,0.0012298929755987199,0.06288536974974965,-0.24915453791618347,0.14392194151878357,0.22610881924629211,1.7887245416641235,0.33391258120536804,-0.463839054107666,-0.9483593106269836,-0.48404109477996826,-1.8726133108139038,0.8589186668395996,1.0436084270477295,-1.2936571836471558
0.4551758749999989,0.0034223749999999996,133.0,4.194668212001103,1.0959450337955097,1.2982518574980086,0.0038165025007404203,-0.0010736304488540701,0.0012973479361791979,0.06291542780627847,-0.2477675974369049,0.14388449490070343,0.2266351878643036,1.790305495262146,0.3388175070285797,-0.4713315963745117,-0.9552407264709473,-0.48575490713119507,-1.8715721368789673,0.8509833812713623,1.048034906387329,-1.293564796447754
0.4551758749999989,0.0034223749999999996,133.0,4.213413478600333,1.113136872620696,1.2987129784969134,0.004004538172207268,-0.0011397217731968846,0.0013549372368323698,0.06296316763417664,-0.24623581767082214,0.1435392200946808,0.22629228234291077,1.788627028465271,0.338154137134552,-0.47714948654174805,-0.9614047408103943,-0.4836606979370117,-1.8724772930145264,0.8475208282470703,1.056624174118042,-1.2940645217895508
0.4551758749999989,0.0034223749999999996,133.0,4.231486100259139,1.130160539978937,1.300034775030899,0.00423271256228769,-0.0012080751164764336,0.0014172829738452483,0.06298321504237502,-0.24569955468177795,0.14484810829162598,0.22579577565193176,1.7893275022506714,0.3479767441749573,-0.4837348461151123,-0.9584968090057373,-0.48192673921585083,-1.8825956583023071,0.8518276214599609,1.0612199306488037,-1.2966117858886719
0.4551758749999989,0.0034223749999999996,133.0,4.2488177306195825,1.1457038747522326,1.3011548796518553,0.004431445070570061,-0.0012758310973740585,0.001465226028728433,0.06301271917096582,-0.24408069252967834,0.14673109352588654,0.22954311966896057,1.8004021644592285,0.3574075400829315,-0.4952678680419922,-0.9702221751213074,-0.49086350202560425,-1.870349645614624,0.8254044055938721,1.0389022827148438,-1.2985775470733643
0.4551758749999989,0.0034223749999999996,133.0,4.265226037081025,1.1601922479475928,1.301539050323951,0.00462436051064194,-0.0013421550424721099,0.0015206570965245203,0.06305519843511821,-0.2423129379749298,0.14535610377788544,0.22827348113059998,1.7949007749557495,0.3592245280742645,-0.5011203289031982,-0.9720295071601868,-0.4881540536880493,-1.8731279373168945,0.8253421783447266,1.0565732717514038,-1.2959413528442383
0.4551758749999989,0.0034223749999999996,133.0,4.280933985615844,1.1739478586003507,1.302206379562224,0.004774888901494424,-0.0013952269831683892,0.0015592754934271298,0.06309391700434963,-0.24020782113075256,0.14427681267261505,0.22825482487678528,1.792837142944336,0.36293771862983704,-0.508549690246582,-0.9760845899581909,-0.48934227228164673,-1.8683420419692993,0.8151943683624268,1.0641504526138306,-1.292750597000122
0.4551758749999989,0.0034223749999999996,133.0,4.29569640977426,1.1871101165403362,1.3030750443439667,0.004911156562266032,-0.0014461680640915542,0.001586961758243288,0.0631293123004902,-0.23795774579048157,0.14491580426692963,0.229510098695755,1.7953625917434692,0.367761492729187,-0.5178110599517822,-0.9810944199562073,-0.4919235110282898,-1.8593593835830688,0.7977359294891357,1.0545034408569336,-1.292648434638977
0.4551758749999989,0.0034223749999999996,133.0,4.309678442684742,1.1995116397319152,1.3041336368653835,0.005056885245166027,-0.001499325298703712,0.0016205617620786788,0.06315509856874434,-0.23572883009910583,0.14385738968849182,0.22925052046775818,1.7926421165466309,0.371044784784317,-0.5247833728790283,-0.9836518168449402,-0.491834819316864,-1.8558967113494873,0.7875890731811523,1.060629963874817,-1.2900755405426025
0.4551758749999989,0.0034223749999999996,133.0,4.3227710789149265,1.2111221456613301,1.3049022441098206,0.00521277547396039,-0.0015489485131711825,0.0016570891866464245,0.06318400694772841,-0.23406094312667847,0.14431464672088623,0.23161205649375916,1.7974485158920288,0.3821634352207184,-0.5357389450073242,-0.9869487881660461,-0.4985036253929138,-1.847858190536499,0.7682912349700928,1.0520843267440796,-1.288140892982483
0.4551758749999989,0.0034223749999999996,133.0,4.334716109643813,1.2226959705223552,1.3064240014004032,0.005378442770268444,-0.001597041700652014,0.0016907045120254408,0.06318580289408952,-0.23366603255271912,0.1465308964252472,0.23314139246940613,1.803228497505188,0.3999713063240051,-0.545128345489502,-0.9812233448028564,-0.503125011920929,-1.8505103588104248,0.7612800598144531,1.0414798259735107,-1.2892744541168213
0.4551758749999989,0.0034223749999999996,133.0,4.345637770461795,1.233858551877293,1.3079162153074773,0.005539282460404382,-0.0016407647684037877,0.0017254902439409099,0.06318275484453932,-0.23363041877746582,0.15056335926055908,0.2355632483959198,1.8129870891571045,0.42099320888519287,-0.5557928085327148,-0.9738761186599731,-0.5089777112007141,-1.8530715703964233,0.7516794204711914,1.017607569694519,-1.2930846214294434
0.4551758749999989,0.0034223749999999996,133.0,4.355790153784857,1.243897131630231,1.3094336870857806,0.005727874028982109,-0.0016858199523610514,0.0017574548883537943,0.0631871583658488,-0.23386383056640625,0.15463653206825256,0.23906943202018738,1.8252055644989014,0.4418146312236786,-0.5661561489105225,-0.9697028398513794,-0.5178840756416321,-1.8510830402374268,0.7366371154785156,0.988416314125061,-1.2962310314178467
0.4551758749999989,0.0034223749999999996,133.0,4.364429565599619,1.2550419439136618,1.3118982973658166,0.005970689058397102,-0.0017753142911875622,0.0018561907127064967,0.06303770513022369,-0.23579776287078857,0.1577727347612381,0.23621287941932678,1.8248956203460693,0.46474456787109375,-0.5668904781341553,-0.9466351866722107,-0.5123750567436218,-1.8789920806884766,0.764878511428833,0.9966816902160645,-1.3016479015350342
0.4551758749999989,0.0034223749999999996,133.0,4.37268152695681,1.2637050154266765,1.3131508134741774,0.006255223364791255,-0.0018494730245101443,0.0019244795015779096,0.06302966130668403,-0.23621824383735657,0.16118481755256653,0.23769226670265198,1.8321565389633179,0.4836309850215912,-0.5738327503204346,-0.9383888840675354,-0.5169273018836975,-1.8817501068115234,0.7604267597198486,0.9781451225280762,-1.3042927980422974
0.4551758749999989,0.0034223749999999996,133.0,4.380093363244531,1.2711135815850836,1.3141351178330547,0.006676356412677973,-0.001978979050124372,0.0020427862861489496,0.06304184119527775,-0.23625433444976807,0.16448508203029633,0.24120089411735535,1.8432304859161377,0.5002368092536926,-0.5822539329528809,-0.9386633038520813,-0.5261930823326111,-1.8726717233657837,0.7407772541046143,0.9474053382873535,-1.3058955669403076
0.4551758749999989,0.0034223749999999996,133.0,4.386574302321073,1.2779698090977667,1.3151033379300872,0.007389200209077051,-0.0021833844884645136,0.00223984557348151,0.06303898411128872,-0.23651793599128723,0.16710874438285828,0.24236604571342468,1.8490080833435059,0.5143415927886963,-0.5878078937530518,-0.9341620802879333,-0.5291884541511536,-1.8717905282974243,0.7347910404205322,0.9300820231437683,-1.3086087703704834
0.4551758749999989,0.0034223749999999996,133.0,4.392274207072958,1.2838727494666644,1.3161259762916697,0.009002325341722638,-0.0026624679151164136,0.00268892034752801,0.06304093659788888,-0.236501544713974,0.16945481300354004,0.2452106773853302,1.8582683801651,0.5252788662910461,-0.5944628715515137,-0.9403845071792603,-0.5344894528388977,-1.8581510782241821,0.7149910926818848,0.9003095030784607,-1.3123657703399658
0.4551758749999989,0.0034223749999999996,133.0,4.396952640749708,1.2885720982833246,1.3172895281147907,0.016681757049458536,-0.005101287998833939,0.004861130082697577,0.06303846584350063,-0.2358071208000183,0.16655538976192474,0.24753502011299133,1.8649224042892456,0.5322176814079285,-0.6033878326416016,-0.9735962748527527,-0.5316674113273621,-1.8172820806503296,0.6815991401672363,0.8795273900032043,-1.3216241598129272
0.4551758749999989,0.0034223749999999996,133.0,4.4181163023163235,-1.2048214050657449,1.2037567618068687,-0.014370043280810702,-0.0015867171024357835,-0.006495525915200375,0.06748487195770955,-0.05093023180961609,0.19074203073978424,-0.11932966113090515,1.0551880598068237,0.4617479145526886,-1.150324821472168,0.1391390711069107,0.0751887857913971,-0.6506704688072205,0.6584823131561279,0.783359944820404,-1.1316611766815186
0.4551758749999989,0.0034223749999999996,133.0,4.413356964181336,-1.199602928505288,1.2038978243846905,-0.007743724228151583,-0.0008429637276080648,-0.0035412836381661945,0.06745025344589856,-0.052249521017074585,0.19287385046482086,-0.11968278884887695,1.0556285381317139,0.46248388290405273,-1.1478228569030762,0.1552436798810959,0.0728100836277008,-0.64887535572052,0.6893963813781738,0.7563475966453552,-1.1293116807937622
0.4551758749999989,0.0034223749999999996,133.0,4.407532042253487,-1.193757913820978,1.2037929008831345,-0.006363109457461976,-0.0006975041663337277,-0.0029106445916719363,0.06742576740721729,-0.05457961559295654,0.19456660747528076,-0.120271235704422,1.0593152046203613,0.46425604820251465,-1.1411547660827637,0.1657010167837143,0.0694417655467987,-0.6455581188201904,0.6965103149414062,0.7323171496391296,-1.1294221878051758
0.4551758749999989,0.0034223749999999996,133.0,4.4008791880113485,-1.1874643780892138,1.2034684350660791,-0.005754256154265132,-0.0006442462289664449,-0.00263344344992487,0.06741071844243565,-0.055992186069488525,0.1942499727010727,-0.12314921617507935,1.058696985244751,0.47129255533218384,-1.130223035812378,0.19033898413181305,0.06935513019561768,-0.6376239657402039,0.7014627456665039,0.7132020592689514,-1.128723382949829
0.4551758749999989,0.0034223749999999996,133.0,4.393330940105181,-1.180433526642916,1.2030426041393665,-0.005399594237439637,-0.0006349251176295063,-0.0024719618132625497,0.06739108881433685,-0.05833926796913147,0.19465018808841705,-0.1256517469882965,1.0602638721466064,0.47618821263313293,-1.1189956665039062,0.21423223614692688,0.06762340664863586,-0.628788948059082,0.7058813571929932,0.6874615550041199,-1.1284904479980469
0.4551758749999989,0.0034223749999999996,133.0,4.3845210868897375,-1.1743969569676278,1.2001005947066112,-0.005148794314068868,-0.000681204264828165,-0.0023524704212707203,0.06743591741900395,-0.058259814977645874,0.19338981807231903,-0.12839248776435852,1.0559487342834473,0.4755620062351227,-1.1121456623077393,0.2379855066537857,0.06956261396408081,-0.6123703122138977,0.7058475017547607,0.6699753403663635,-1.126164197921753
0.4551758749999989,0.0034223749999999996,133.0,4.375164289886456,-1.1659508922911304,1.1994295943722686,-0.004942109348763644,-0.0006918148875561395,-0.002260734141953586,0.06741704488017569,-0.06086230278015137,0.19275164604187012,-0.132736474275589,1.0554670095443726,0.4856521487236023,-1.0958428382873535,0.2769205570220947,0.06869390606880188,-0.5982003808021545,0.7109775543212891,0.639367401599884,-1.1248459815979004
0.4551758749999989,0.0034223749999999996,133.0,4.365136245372454,-1.1564464128778535,1.1990004079211622,-0.004788561428671714,-0.0006876525172594122,-0.0021891422472356424,0.06740253316018455,-0.0627385675907135,0.19223058223724365,-0.1363573670387268,1.0537641048431396,0.48772600293159485,-1.0835003852844238,0.30756479501724243,0.06937703490257263,-0.5834172964096069,0.7146782875061035,0.6108410358428955,-1.123799204826355
0.4551758749999989,0.0034223749999999996,133.0,4.354209916459983,-1.1462700620266395,1.198431803353153,-0.004649869195354129,-0.0007044190238738157,-0.0021237716199897913,0.06737996219261928,-0.06539729237556458,0.19167360663414001,-0.1406349241733551,1.0521349906921387,0.4920048117637634,-1.0679314136505127,0.34628283977508545,0.06945297122001648,-0.5654395222663879,0.7194373607635498,0.5749145746231079,-1.1222175359725952
0.4551758749999989,0.0034223749999999996,133.0,4.342414147766702,-1.135371588798831,1.1979233688381166,-0.004509662262562691,-0.0007172155416558416,-0.002060677637141518,0.06736220267122874,-0.06757569313049316,0.19055016338825226,-0.14530932903289795,1.0488799810409546,0.49716827273368835,-1.0526719093322754,0.3865777552127838,0.07050934433937073,-0.5462990403175354,0.7236475944519043,0.5427005290985107,-1.12003755569458
0.4551758749999989,0.0034223749999999996,133.0,4.330072568956926,-1.1235525091174352,1.1975930145597125,-0.004380195843856032,-0.0007167562582512333,-0.002001191122921519,0.06735597324543424,-0.06909996271133423,0.19015049934387207,-0.14850682020187378,1.045902967453003,0.49366897344589233,-1.0425796508789062,0.4131537079811096,0.07202392816543579,-0.5288059711456299,0.7258503437042236,0.5135595798492432,-1.1184897422790527
0.4551758749999989,0.0034223749999999996,133.0,4.3170165296141585,-1.1109017664862586,1.1972723179576477,-0.004249910263468948,-0.000708126480878589,-0.001938640751945993,0.06735120282916347,-0.06989675760269165,0.1894397884607315,-0.15149766206741333,1.0424119234085083,0.49395042657852173,-1.0344417095184326,0.43680036067962646,0.07344174385070801,-0.5125603079795837,0.7263498306274414,0.4947377145290375,-1.1163740158081055
0.4551758749999989,0.0034223749999999996,133.0,4.3034293316968695,-1.0971999476386292,1.1973458693103105,-0.004137539577333105,-0.000683287589471944,-0.0018857846071772756,0.06736409434889797,-0.06935501098632812,0.18976286053657532,-0.15231451392173767,1.0391359329223633,0.48475995659828186,-1.0332000255584717,0.4397554099559784,0.07580247521400452,-0.5012834668159485,0.7231037616729736,0.4821307361125946,-1.1153037548065186
0.4551758749999989,0.0034223749999999996,133.0,4.2894497789057455,-1.0833105454588687,1.19721245419483,-0.0039907940055017,-0.0006694923568714972,-0.0018194131477220412,0.06738836795179307,-0.06719714403152466,0.18832457065582275,-0.15437084436416626,1.030831217765808,0.4800213873386383,-1.0320682525634766,0.4507419466972351,0.08135345578193665,-0.4863916337490082,0.7179586887359619,0.47471120953559875,-1.1125595569610596
0.4551758749999989,0.0034223749999999996,133.0,4.273824987747436,-1.0679363508219046,1.1971624538317078,-0.00380899308056402,-0.0006406515743999188,-0.0017398916949214003,0.06739422050795818,-0.06699854135513306,0.18769694864749908,-0.15676090121269226,1.0253050327301025,0.4761343002319336,-1.0262200832366943,0.4684596359729767,0.08420011401176453,-0.4699757695198059,0.715162992477417,0.4521237313747406,-1.1098332405090332
0.4551758749999989,0.0034223749999999996,133.0,4.257776361248005,-1.0520382522910803,1.197188188120288,-0.003638979095647881,-0.0006196695482065005,-0.0016620809409756618,0.06740473277588326,-0.06646192073822021,0.18740835785865784,-0.15832093358039856,1.0201725959777832,0.4728649854660034,-1.0228488445281982,0.4806169867515564,0.08649444580078125,-0.4553605616092682,0.710890531539917,0.4328177571296692,-1.1069412231445312
0.4551758749999989,0.0034223749999999996,133.0,4.240502528500114,-1.0349861522718664,1.1973383852435129,-0.003446358300349496,-0.0005845250627963303,-0.0015768900302661703,0.06741546349059771,-0.06636527180671692,0.18770846724510193,-0.15959513187408447,1.0162122249603271,0.46401840448379517,-1.0191376209259033,0.49004918336868286,0.08830958604812622,-0.4411373734474182,0.7065324783325195,0.40677398443222046,-1.104686975479126
0.4551758749999989,0.0034223749999999996,133.0,4.223075643345558,-1.0174977757482004,1.1975319969305918,-0.0032610137162575182,-0.0005502129454055821,-0.0014963931305561735,0.06745126968702946,-0.0631507933139801,0.18664361536502838,-0.16048109531402588,1.0073683261871338,0.4526827931404114,-1.0227406024932861,0.49115079641342163,0.09419187903404236,-0.4271354079246521,0.6967189311981201,0.39677438139915466,-1.101741909980774
0.4551758749999989,0.0034223749999999996,133.0,4.2041301752390225,-0.9986568187275594,1.1975744359149194,-0.003072750973185878,-0.0005224113897414934,-0.0014099911365917958,0.06744964925013325,-0.06352576613426208,0.18725119531154633,-0.1617782711982727,1.0038928985595703,0.4470917284488678,-1.0170764923095703,0.5038244128227234,0.09457334876060486,-0.41022586822509766,0.6912798881530762,0.3656993806362152,-1.0985230207443237
0.4551758749999989,0.0034223749999999996,133.0,4.1845959650911775,-0.9794938700601902,1.197610591208347,-0.002901199188022068,-0.0005030964689267748,-0.001334519622383213,0.06746327495761456,-0.06281349062919617,0.1864461451768875,-0.16430097818374634,0.9955135583877563,0.437290221452713,-1.0115234851837158,0.5244101881980896,0.09868445992469788,-0.3869312107563019,0.6850693225860596,0.3333979845046997,-1.0941945314407349
0.4551758749999989,0.0034223749999999996,133.0,4.164459215973824,-0.9592935789443221,1.1978792855968599,-0.0026786887885119235,-0.0004617000649000183,-0.0012353789939917265,0.06748804145157096,-0.06064543128013611,0.1865852177143097,-0.16455727815628052,0.9888988137245178,0.4229262173175812,-1.012904167175293,0.5238060355186462,0.1024419367313385,-0.3720293343067169,0.6746463775634766,0.31455084681510925,-1.0912370681762695
0.4551758749999989,0.0034223749999999996,133.0,4.142732508711245,-0.9388338502593547,1.1976913747008375,-0.00245632485970754,-0.0004448660011482177,-0.0011366803882042966,0.06748669616291823,-0.061881572008132935,0.18384169042110443,-0.17051845788955688,0.9756622910499573,0.4286099970340729,-0.9969303607940674,0.579844057559967,0.10674682259559631,-0.3346428871154785,0.6727509498596191,0.2644224762916565,-1.082359790802002
0.4551758749999989,0.0034223749999999996,133.0,4.120853678723897,-0.9173094656785071,1.197767793482146,-0.0022466647479743537,-0.00041119849929203766,-0.0010423952283617852,0.06750763229262333,-0.059993594884872437,0.18204836547374725,-0.1731753945350647,0.9638569951057434,0.42161330580711365,-0.9932100772857666,0.6013731360435486,0.11227670311927795,-0.30975040793418884,0.6630363464355469,0.23732265830039978,-1.0760976076126099
0.4551758749999989,0.0034223749999999996,133.0,4.097665234715112,-0.8945122979316974,1.197689714481733,-0.0020395509615483615,-0.00037644271369592874,-0.0009478315808318634,0.06751204335783646,-0.060007959604263306,0.1819046288728714,-0.1752481460571289,0.9556904435157776,0.4095967710018158,-0.9859726428985596,0.6215482354164124,0.11486232280731201,-0.28339481353759766,0.655071496963501,0.19654273986816406,-1.070373773574829
0.4551758749999989,0.0034223749999999996,133.0,4.073676372998516,-0.8703890694123558,1.1977979446522098,-0.0018752630045360936,-0.00034257534335598516,-0.000871778276404831,0.06750777632788219,-0.05969637632369995,0.183451309800148,-0.17522785067558289,0.9523070454597473,0.39577123522758484,-0.9816367626190186,0.622158408164978,0.11496755480766296,-0.26732128858566284,0.643887996673584,0.16429747641086578,-1.066882848739624
0.4551758749999989,0.0034223749999999996,133.0,4.049174734808354,-0.8458940879077975,1.1980974296667015,-0.0016715057102708564,-0.0002997754380963322,-0.0007817078839173493,0.06753297048930014,-0.05622583627700806,0.18250158429145813,-0.17582982778549194,0.9410250782966614,0.37983396649360657,-0.9837896823883057,0.6253483891487122,0.1209755539894104,-0.24815733730793,0.6289241313934326,0.1457848697900772,-1.061569333076477
0.4551758749999989,0.0034223749999999996,133.0,4.0235982503785355,-0.8208417263878423,1.198170418518465,-0.0014830786265190839,-0.00027323769317110023,-0.0006963882604361462,0.06753555212651756,-0.05536764860153198,0.18141382932662964,-0.17834559082984924,0.929286539554596,0.3686746656894684,-0.9768598079681396,0.6481795907020569,0.1253620684146881,-0.21957746148109436,0.6181375980377197,0.1076454147696495,-1.0541408061981201
0.4551758749999989,0.0034223749999999996,133.0,3.9971446415794833,-0.7953316099831652,1.1982089435572887,-0.0012968538837087994,-0.0002450358943865593,-0.0006117747732536206,0.06754450718156446,-0.05669975280761719,0.1809924691915512,-0.18133455514907837,0.9181247353553772,0.3607228100299835,-0.9635937213897705,0.6813499927520752,0.12751460075378418,-0.18490704894065857,0.6104271411895752,0.05454287678003311,-1.0449740886688232
0.4551758749999989,0.0034223749999999996,133.0,3.96993115093741,-0.768687899270786,1.198232968669298,-0.0011429785064620936,-0.00021917223885901724,-0.0005415150227479961,0.06755268975243905,-0.054755836725234985,0.17815817892551422,-0.1849069595336914,0.8987815380096436,0.3469407558441162,-0.9561586380004883,0.7160390615463257,0.13523760437965393,-0.14441804587841034,0.5962111949920654,0.01277277059853077,-1.0333307981491089
0.4551758749999989,0.0034223749999999996,133.0,3.9420779763776026,-0.7413445360527857,1.1982690386441401,-0.0010057982241347275,-0.00019501108687243652,-0.00047895263862101636,0.06757073563179877,-0.053696632385253906,0.1765579730272293,-0.18766945600509644,0.8818537592887878,0.33020976185798645,-0.9464340209960938,0.7456129789352417,0.14095434546470642,-0.1052202582359314,0.5818181037902832,-0.03296947479248047,-1.022002100944519
0.4551758749999989,0.0034223749999999996,133.0,3.9131783727359157,-0.7131654197946171,1.1982302327628473,-0.0008294358381459948,-0.00016457092142315133,-0.00039528211855833817,0.06756824733579359,-0.05286833643913269,0.17465469241142273,-0.19041937589645386,0.863353967666626,0.31789934635162354,-0.9362361431121826,0.7786106467247009,0.14604273438453674,-0.06288470327854156,0.5666942596435547,-0.07916310429573059,-1.0084855556488037
0.4551758749999989,0.0034223749999999996,133.0,3.8833012339799637,-0.6842076837583712,1.1983344792744262,-0.0006952518412737482,-0.00014105936182470566,-0.00033272197147980585,0.06756715105091708,-0.05253326892852783,0.17244938015937805,-0.1934947967529297,0.8425247073173523,0.3029935657978058,-0.9234189987182617,0.8166745901107788,0.15189233422279358,-0.015453116968274117,0.5518593788146973,-0.13075090944766998,-0.9933977723121643
0.4551758749999989,0.0034223749999999996,133.0,3.852619957360666,-0.6542378418279569,1.19846820858465,-0.0005210505834533436,-0.00010723918596470758,-0.00025097715382604483,0.06756644452821159,-0.051360875368118286,0.17067581415176392,-0.19553542137145996,0.8228124380111694,0.2836838364601135,-0.9128248691558838,0.8442931771278381,0.15749916434288025,0.026784054934978485,0.5346269607543945,-0.17674075067043304,-0.9791786670684814
0.4551758749999989,0.0034223749999999996,133.0,3.821241829801303,-0.6231726270413712,1.1985792122466343,-0.0003267700317576484,-6.676779373473219e-5,-0.00015877653207174906,0.0675732428243757,-0.04879045486450195,0.1695958524942398,-0.19607947766780853,0.805175244808197,0.26166680455207825,-0.9068727493286133,0.8573687076568604,0.16201141476631165,0.06120935454964638,0.513641357421875,-0.21379713714122772,-0.9659328460693359
0.4551758749999989,0.0034223749999999996,133.0,3.7888737604895626,-0.59136551450381,1.198721440420152,-0.00015245597856059927,-3.1310736694534806e-5,-7.484895267073399e-5,0.06756881008359553,-0.046820759773254395,0.16813918948173523,-0.19695192575454712,0.7853658199310303,0.24017147719860077,-0.898181676864624,0.876236617565155,0.16665014624595642,0.1007617935538292,0.4933304786682129,-0.2552148997783661,-0.9506517052650452
0.4551758749999989,0.0034223749999999996,133.0,3.75560811441874,-0.5594116588766614,1.1990711584987264,1.6870138270577906e-5,3.55172041851506e-6,8.374216426868714e-6,0.06755987284542968,-0.045716941356658936,0.16451309621334076,-0.19913426041603088,0.7576693892478943,0.2233598530292511,-0.885577917098999,0.9135557413101196,0.1739734709262848,0.15375934541225433,0.4744679927825928,-0.29886913299560547,-0.9302424192428589
0.4551758749999989,0.0034223749999999996,133.0,3.7214325861294806,-0.5261408671033967,1.1992276217697597,0.0001860720656911455,3.959632739308394e-5,9.323275082764748e-5,0.06754185310775612,-0.044449806213378906,0.1624513864517212,-0.20007306337356567,0.7340278625488281,0.20035937428474426,-0.8713948726654053,0.9376381635665894,0.17898482084274292,0.2006087601184845,0.45361900329589844,-0.3416706621646881,-0.9115079045295715
0.4551758749999989,0.0034223749999999996,133.0,3.6860700798259463,-0.4914695187338041,1.199165695673641,0.00036893356347882854,7.81842780021919e-5,0.00018705462410287157,0.06750886868799894,-0.04325190186500549,0.16195929050445557,-0.2000761777162552,0.7151424884796143,0.17785324156284332,-0.8565151691436768,0.9500037431716919,0.18086925148963928,0.23979349434375763,0.4315674304962158,-0.384128600358963,-0.8943542838096619
0.4551758749999989,0.0034223749999999996,133.0,3.6500529249389135,-0.4564943540751441,1.1992861092667828,0.0005121284569111874,0.00010960278293726823,0.00026263844160082957,0.0674772110320088,-0.0420897901058197,0.1598048061132431,-0.20039650797843933,0.6900537014007568,0.154846653342247,-0.8395240306854248,0.9708199501037598,0.18534207344055176,0.287092924118042,0.4101271629333496,-0.4223887026309967,-0.873656153678894
0.4551758749999989,0.0034223749999999996,133.0,3.613219281749511,-0.4207609872735544,1.19944042779278,0.0006731495548815901,0.00014547620087164399,0.000349419855077688,0.06744251719517917,-0.0409105122089386,0.15750646591186523,-0.20029111206531525,0.6632616519927979,0.13124191761016846,-0.819979190826416,0.990209698677063,0.18964987993240356,0.3361440896987915,0.38797688484191895,-0.4583219289779663,-0.851097822189331
0.4551758749999989,0.0034223749999999996,133.0,3.575583840149721,-0.3842084614122722,1.1995934379304667,0.0008442219896497647,0.00018404608716367566,0.0004437152780283804,0.06740211030390553,-0.03968334197998047,0.15496662259101868,-0.19968639314174652,0.6342802047729492,0.10700922459363937,-0.7970945835113525,1.0081249475479126,0.19382882118225098,0.3877212405204773,0.364910364151001,-0.49110209941864014,-0.8262326717376709
0.4551758749999989,0.0034223749999999996,133.0,3.537015688382558,-0.34683474809674214,1.1998159567069753,0.0010377969232194795,0.00022719268234774878,0.0005540371910609047,0.0673537459438338,-0.03845915198326111,0.15212981402873993,-0.1985737830400467,0.6022628545761108,0.08234285563230515,-0.7694547176361084,1.0241048336029053,0.19822090864181519,0.4421549439430237,0.3410663604736328,-0.5188941359519958,-0.7985628247261047
0.4551758749999989,0.0034223749999999996,133.0,3.4976254361553822,-0.3086739221830272,1.2000803317209603,0.0012207394938926264,0.00026775034804032234,0.0006624980238159019,0.06729947641844004,-0.03713113069534302,0.14879034459590912,-0.19677454233169556,0.5652940273284912,0.05766535922884941,-0.7353382110595703,1.0373560190200806,0.2033020555973053,0.5014174580574036,0.31651878356933594,-0.5391387939453125,-0.7666614055633545
0.4551758749999989,0.0034223749999999996,133.0,3.4573525259372704,-0.2701347477698295,1.2004728502531616,0.001338964730984873,0.0002993382489140974,0.0007348805842712911,0.0672405408167213,-0.03696557879447937,0.14421698451042175,-0.19393999874591827,0.5226333737373352,0.0417490229010582,-0.6867859363555908,1.0510214567184448,0.2097892165184021,0.5704553127288818,0.29423952102661133,-0.5415558218955994,-0.7305138111114502
0.4551758749999989,0.0034223749999999996,133.0,3.41603837327293,-0.23021593105875696,1.2007701326406126,0.00148893104974258,0.0003335689641620125,0.0008327066614898423,0.06717250084766321,-0.036306232213974,0.13615106046199799,-0.18790030479431152,0.46491947770118713,0.031794242560863495,-0.624603271484375,1.0576443672180176,0.22552740573883057,0.6254681944847107,0.2868494987487793,-0.4776477515697479,-0.6889094114303589
0.4551758749999989,0.0034223749999999996,133.0,3.3737410878199365,-0.18865201086852054,1.2001907674253285,0.0016354528670376738,0.0003645923615804825,0.0009312518806396168,0.06708402793166889,-0.03786212205886841,0.12938754260540009,-0.1804247498512268,0.39957448840141296,0.04123340919613838,-0.5183088779449463,1.0450586080551147,0.251884400844574,0.6464372873306274,0.3183598518371582,-0.3511179983615875,-0.6507212519645691
0.4551758749999989,0.0034223749999999996,133.0,3.33202810653154,-0.14599634539193293,1.2030698665128872,0.001770436782663511,0.00037781305997074274,0.0010325508544191833,0.06698936177869082,-0.041725993156433105,0.11663224548101425,-0.16911044716835022,0.31839048862457275,0.07988263666629791,-0.35983800888061523,1.0136967897415161,0.30601954460144043,0.6294513940811157,0.3887956142425537,-0.13766899704933167,-0.6247336864471436
0.4551758749999989,0.0034223749999999996,133.0,3.2875375710387718,-0.1032865572393356,1.203052186747589,0.0018646402466229732,0.0004195806002364563,0.0010969363364368477,0.06689936980817751,-0.11004418134689331,0.11044110357761383,-0.10287928581237793,0.034335821866989136,0.13451743125915527,-0.17698431015014648,0.7053278684616089,0.544776976108551,1.0021007061004639,1.189587116241455,-0.48121657967567444,-0.5812523365020752
0.4551758749999989,0.0034223749999999996,133.0,3.2376188908236894,-0.05680952767548687,1.2043440212097296,0.0018297145431752768,0.0004275804659666992,0.00112875843725608,0.06665371287935716,-0.16375869512557983,0.132680281996727,-0.07827982306480408,-0.10763150453567505,0.2413809895515442,0.22183966636657715,0.5364475846290588,0.6111381649971008,0.9146479964256287,1.6331596374511719,-0.9144096970558167,-0.5069642066955566
0.4551758749999989,0.0034223749999999996,133.0,3.17285684711908,0.012046583907636322,1.2012769039276998,0.0017018452095869858,-0.00014178223644305065,0.0012907314574110175,0.06527904635522944,-0.3561520278453827,0.31065472960472107,-0.06805345416069031,0.13929642736911774,-0.11696626245975494,1.2302744388580322,-0.6002676486968994,0.8416925668716431,-1.1037620306015015,3.445338249206543,-1.5967743396759033,-0.9826247692108154
0.4551758749999989,0.0034223749999999996,133.0,3.099497842369744,0.044274253099404276,1.1988703144678292,0.00010670253319269813,-3.997266204348079e-6,7.598981456166044e-5,0.0640214768411315,-0.5022599697113037,0.19165048003196716,-0.09917718172073364,1.030207872390747,-0.7059364318847656,1.2513880729675293,0.6743325591087341,0.24634036421775818,-1.534031867980957,2.808999538421631,-0.82246333360672,-1.2779383659362793
0.4551758749999989,0.0034223749999999996,133.0,3.135368672677162,0.08141244213151837,1.2071754090017366,-0.0018298796596761303,1.446018048229938e-5,-0.0012318578024276578,0.06333337760798925,-0.5304676294326782,0.20522348582744598,-0.04248929023742676,1.3666644096374512,-0.769411027431488,1.2582414150238037,0.4426882863044739,0.23940160870552063,-1.675293207168579,2.8038229942321777,-0.6517285704612732,-1.6083379983901978
0.4551758749999989,0.0034223749999999996,133.0,3.1599363051408957,0.13752965857078567,1.2275746258419677,-0.0021931036338797972,0.0004479349327335493,-0.00127751200370213,0.06177862267228656,-0.587510347366333,0.24560138583183289,0.0714506208896637,1.8674286603927612,-1.223960280418396,1.1373059749603271,-0.4524076581001282,0.45361900329589844,-1.8208787441253662,2.677164077758789,-0.2679238021373749,-2.3234267234802246
0.4551758749999989,0.0034223749999999996,133.0,3.194934818251212,0.18821643363431226,1.2362570072201198,-0.0022397912949265494,0.0005695022268344564,-0.0012169351272023426,0.06115174362189478,-0.5863215923309326,0.24469010531902313,0.096076101064682,1.8955409526824951,-1.4442965984344482,1.0751954317092896,-0.5364179611206055,0.5141419172286987,-1.795454740524292,2.465118408203125,-0.14266732335090637,-2.4119765758514404
0.4551758749999989,0.0034223749999999996,133.0,3.2365172040094192,0.23323512289389894,1.239597378768747,-0.0021378102835194162,0.000532559127286037,-0.0011196952375779402,0.06102649729196859,-0.5263733863830566,0.20007145404815674,0.11196014285087585,1.8577648401260376,-1.3272286653518677,0.9835473299026489,-0.5350139141082764,0.3618656396865845,-1.489750862121582,2.098067283630371,0.24505141377449036,-2.218947172164917
0.4551758749999989,0.0034223749999999996,133.0,3.278596962809789,0.2759531153313657,1.2422216129322965,-0.0019725619350795948,0.0004818101073691638,-0.0009968872268314706,0.06100069010593962,-0.4739433825016022,0.16536162793636322,0.1273556649684906,1.809837818145752,-1.2154265642166138,0.8704848289489746,-0.5402706861495972,0.23967036604881287,-1.2402905225753784,1.7746906280517578,0.5983112454414368,-2.0465712547302246
0.4551758749999989,0.0034223749999999996,133.0,3.3209460482207986,0.3164982605416372,1.2439933115556212,-0.001752394084969815,0.0004183440655258043,-0.0008676665572966923,0.061093671528958,-0.37426576018333435,0.08517704159021378,0.1673268973827362,1.5367779731750488,-0.40813779830932617,0.21937012672424316,-0.7329784035682678,-0.3226677179336548,-1.553910255432129,1.6087300777435303,1.0635583400726318,-1.2047618627548218
0.4551758749999989,0.0034223749999999996,133.0,3.362827158442355,0.35614486414824537,1.2454026563821075,-0.0016507696998081921,0.0003833707131794791,-0.0008016620516785692,0.06120714521874515,-0.3455619513988495,0.08353559672832489,0.1831270158290863,1.571437120437622,-0.30350977182388306,0.09926223754882812,-0.7865026593208313,-0.3616860508918762,-1.5143322944641113,1.4002060890197754,1.1690267324447632,-1.1995937824249268
0.4551758749999989,0.0034223749999999996,133.0,3.4046251608725147,0.39478557022848226,1.247601727174405,-0.0014127307324681068,0.0003241997072107738,-0.0006722200409610272,0.06130396766459591,-0.31985530257225037,0.08202546089887619,0.18736562132835388,1.54727303981781,-0.23095765709877014,-0.002850055694580078,-0.7949118614196777,-0.36246466636657715,-1.4834707975387573,1.2592954635620117,1.269355297088623,-1.1742430925369263
0.4551758749999989,0.0034223749999999996,133.0,3.4458399149011245,0.43260307226580264,1.250101840083637,-0.00122979232699118,0.00028014467352689915,-0.0005723587846959443,0.061408597783748145,-0.31264975666999817,0.08829810470342636,0.18866172432899475,1.5621932744979858,-0.1621161848306656,-0.039182186126708984,-0.7945231199264526,-0.3670199513435364,-1.5578347444534302,1.2269964218139648,1.227077841758728,-1.1845779418945312
0.4551758749999989,0.0034223749999999996,133.0,3.485911553032159,0.4696890286595623,1.2520022769564092,-0.0009988057891830002,0.00022743241885614005,-0.00045704202724121905,0.061520212356203925,-0.3068459928035736,0.09505261480808258,0.19096645712852478,1.5817469358444214,-0.10762713849544525,-0.07211875915527344,-0.7948917746543884,-0.3701344132423401,-1.6221747398376465,1.2001590728759766,1.1887508630752563,-1.2009317874908447
0.4551758749999989,0.0034223749999999996,133.0,3.52503075980613,0.5061190010784122,1.2538209695464002,-0.0007950702512699607,0.000180227361822994,-0.00035596207827677556,0.06161991471130141,-0.30186745524406433,0.09999469667673111,0.1931181252002716,1.5992051362991333,-0.05957837775349617,-0.10316133499145508,-0.7977721691131592,-0.3774898648262024,-1.6717358827590942,1.1759209632873535,1.1654161214828491,-1.2109591960906982
0.4551758749999989,0.0034223749999999996,133.0,3.5634344872218184,0.541568742509477,1.2555111031936679,-0.0005994324356820282,0.00013663049516158033,-0.0002649676044891894,0.0617235492587604,-0.29743054509162903,0.10377826541662216,0.19529500603675842,1.6151280403137207,-0.017842967063188553,-0.13269352912902832,-0.8022966384887695,-0.3865746259689331,-1.7096638679504395,1.1534276008605957,1.1517562866210938,-1.2177261114120483
0.4551758749999989,0.0034223749999999996,133.0,3.6008266740745873,0.5763263801918677,1.2570302274904748,-0.0004117250366835526,9.376746358695371e-5,-0.00017907331330792363,0.06181504934970236,-0.2933814227581024,0.10761339217424393,0.19768336415290833,1.6316121816635132,0.01850798726081848,-0.16048979759216309,-0.8075546622276306,-0.39487946033477783,-1.740959644317627,1.131103754043579,1.1379787921905518,-1.2258360385894775
0.4551758749999989,0.0034223749999999996,133.0,3.6374650218636937,0.6101521789203058,1.2585660101774234,-0.00023040965701432044,5.2987929065037515e-5,-9.926754460136589e-5,0.061908613193566345,-0.28966543078422546,0.11103660613298416,0.20016667246818542,1.6474411487579346,0.05076240375638008,-0.186537504196167,-0.8143665790557861,-0.40357035398483276,-1.7649272680282593,1.1089024543762207,1.1261011362075806,-1.2329046726226807
0.4551758749999989,0.0034223749999999996,133.0,3.672384420209219,0.6432771703843647,1.2591144324376065,-6.850629500004644e-5,1.5844019200803127e-5,-2.9401979264451045e-5,0.06200274734170623,-0.287126749753952,0.11305300146341324,0.19815942645072937,1.6470357179641724,0.06322698295116425,-0.20080995559692383,-0.8113895654678345,-0.3982706069946289,-1.7971529960632324,1.1140596866607666,1.138437032699585,-1.2379659414291382
0.4551758749999989,0.0034223749999999996,133.0,3.706619938895578,0.6754975803212508,1.2603425527341376,0.0001477007734447009,-3.466034796000218e-5,6.269518827053546e-5,0.06207326107825744,-0.28457173705101013,0.11504506319761276,0.1988174021244049,1.6546837091445923,0.07716284692287445,-0.21645641326904297,-0.8228477239608765,-0.4008726477622986,-1.8154923915863037,1.1039056777954102,1.1402587890625,-1.243023157119751
0.4551758749999989,0.0034223749999999996,133.0,3.7413601618008094,0.7050480264623439,1.2602022238043593,0.0003480533022276398,-8.150704398667223e-5,0.00014417432045271846,0.06229085271218333,-0.27925965189933777,0.11729730665683746,0.20399144291877747,1.6748650074005127,0.10443981736898422,-0.24817252159118652,-0.8441322445869446,-0.4165564179420471,-1.8136829137802124,1.059262990951538,1.1207911968231201,-1.2473278045654297
0.4551758749999989,0.0034223749999999996,133.0,3.774078621905158,0.7355669509334455,1.2616402288420465,0.0005491386644943533,-0.0001313956792205716,0.00022544363397684902,0.06236334071565352,-0.27608463168144226,0.11937475949525833,0.20654639601707458,1.6872899532318115,0.1185930147767067,-0.26680850982666016,-0.8624830842018127,-0.4233323931694031,-1.8203035593032837,1.0355243682861328,1.1131259202957153,-1.2528955936431885
0.4551758749999989,0.0034223749999999996,133.0,3.806304418589354,0.765757081704239,1.2636900092442083,0.0007889414566147326,-0.0001892928188370579,0.00031833985785474655,0.06239241855123549,-0.2739364802837372,0.12419888377189636,0.2083064615726471,1.701617956161499,0.15486304461956024,-0.28802919387817383,-0.8599510192871094,-0.42893773317337036,-1.8424690961837769,1.0249576568603516,1.092865228652954,-1.2616273164749146
0.4551758749999989,0.0034223749999999996,133.0,3.8377518811571965,0.794926826139272,1.265676055285804,0.0009603056692767239,-0.00023125384049357025,0.0003802204156717101,0.062437323610342724,-0.27089205384254456,0.1279151290655136,0.21313408017158508,1.7221637964248657,0.1874001920223236,-0.31332850456237793,-0.8721501231193542,-0.4439152479171753,-1.843096137046814,0.9912309646606445,1.066447138786316,-1.2670174837112427
0.4551758749999989,0.0034223749999999996,133.0,3.868103677200557,0.8233596905557248,1.267834122363519,0.0011794704037661075,-0.00028774773163190267,0.00045835841591909215,0.062459860902894834,-0.2686077058315277,0.13071531057357788,0.214861661195755,1.73294997215271,0.21009193360805511,-0.3307840824127197,-0.8767161965370178,-0.44985026121139526,-1.8512303829193115,0.9756283760070801,1.0557094812393188,-1.2718544006347656
0.4551758749999989,0.0034223749999999996,133.0,3.8973967391106648,0.8504886954930188,1.2688341246282318,0.0013452217411622804,-0.00033299819879343114,0.0005183549566184664,0.06252621240923212,-0.2658567726612091,0.13076671957969666,0.21343955397605896,1.7305796146392822,0.21697625517845154,-0.343245267868042,-0.8782812356948853,-0.4469653367996216,-1.862029790878296,0.9730041027069092,1.0721590518951416,-1.2725414037704468
0.4551758749999989,0.0034223749999999996,133.0,3.9259538082797873,0.877022228955657,1.2702618987792358,0.0015329430678290524,-0.00038075430606137586,0.0005809080180476597,0.06257108966672031,-0.2635757029056549,0.13236947357654572,0.21493121981620789,1.7379978895187378,0.2341296374797821,-0.35927557945251465,-0.8842986226081848,-0.45222312211990356,-1.8662633895874023,0.9585633277893066,1.069246768951416,-1.2747142314910889
0.4551758749999989,0.0034223749999999996,133.0,3.9538991387593794,0.9026733102272101,1.2714121798649467,0.0017554029222916197,-0.0004375034199149233,0.0006595881632715802,0.0626304132582288,-0.2612626850605011,0.13374176621437073,0.21650853753089905,1.7450368404388428,0.25048741698265076,-0.3753657341003418,-0.8904616832733154,-0.4577077031135559,-1.8684495687484741,0.9432716369628906,1.0668976306915283,-1.276278018951416
0.4551758749999989,0.0034223749999999996,133.0,3.980819656408723,0.9276075816193152,1.273025281691623,0.0019821444569669802,-0.0005009590388884752,0.0007347618290152108,0.06266797193336915,-0.25946852564811707,0.13702517747879028,0.21908196806907654,1.7573643922805786,0.27033528685569763,-0.39119625091552734,-0.896150529384613,-0.4640946388244629,-1.871084213256836,0.9256346225738525,1.0487464666366577,-1.2821604013442993
0.4551758749999989,0.0034223749999999996,133.0,4.006720653428016,0.951215319085369,1.2739835200750795,0.0022308549436059004,-0.0005741391368248067,0.000820423083189143,0.062721133306992,-0.2571265399456024,0.1358494758605957,0.21812698245048523,1.7542001008987427,0.26711156964302063,-0.39853906631469727,-0.9064452052116394,-0.46134698390960693,-1.8724009990692139,0.9199888706207275,1.066200852394104,-1.281866431236267
0.4551758749999989,0.0034223749999999996,133.0,4.031641848398332,0.9744140941573177,1.2750271499706212,0.0024160781047952327,-0.0006251516739265168,0.0008786285688219062,0.06277074802601122,-0.2553844153881073,0.13700956106185913,0.21942034363746643,1.7596619129180908,0.2808366119861603,-0.41163206100463867,-0.9112544655799866,-0.4656681418418884,-1.8745031356811523,0.9087347984313965,1.0654282569885254,-1.2830288410186768
0.4551758749999989,0.0034223749999999996,133.0,4.0556664240340305,0.996760176854491,1.2762182790249734,0.002649901192321482,-0.0006948526726859135,0.000956231543661371,0.06281783946562756,-0.2538010776042938,0.13811741769313812,0.22072866559028625,1.765040636062622,0.2937193214893341,-0.42374420166015625,-0.9169873595237732,-0.4698846936225891,-1.8756778240203857,0.897730827331543,1.0641510486602783,-1.2842048406600952
0.4551758749999989,0.0034223749999999996,133.0,4.078923545738459,1.0183591950030089,1.2772489826192863,0.002888998232872707,-0.0007627609785049392,0.0010314951835091984,0.06285520445330443,-0.25215575098991394,0.13926833868026733,0.22144916653633118,1.7688075304031372,0.3017582297325134,-0.43387603759765625,-0.9227981567382812,-0.4710700511932373,-1.877754807472229,0.8890583515167236,1.0630987882614136,-1.2868231534957886
0.4551758749999989,0.0034223749999999996,133.0,4.10149692200878,1.0389470961471943,1.278357706771035,0.003138404428943787,-0.0008403697551457518,0.0011124509961688946,0.06289350890259295,-0.25069722533226013,0.14106924831867218,0.22230133414268494,1.7736213207244873,0.31239357590675354,-0.44457221031188965,-0.9262028336524963,-0.4724753499031067,-1.8806103467941284,0.8810725212097168,1.0579981803894043,-1.2902593612670898
0.4551758749999989,0.0034223749999999996,133.0,4.123217879479675,1.0585926895735531,1.2796051438481704,0.0033938235281300968,-0.0009188836018069103,0.0011860283644005503,0.06291336818300604,-0.24903860688209534,0.14019665122032166,0.22202596068382263,1.7721766233444214,0.31136175990104675,-0.45038676261901855,-0.9359167814254761,-0.47148048877716064,-1.8793666362762451,0.8752572536468506,1.0692707300186157,-1.2898838520050049
0.4551758749999989,0.0034223749999999996,133.0,4.14375493295525,1.0781212499277082,1.281398080934678,0.0035944507893214384,-0.0009786926919853297,0.0012365254579614958,0.06292735348661029,-0.24819520115852356,0.14319218695163727,0.2256312072277069,1.785264253616333,0.3279903531074524,-0.4629676342010498,-0.9435120820999146,-0.48042184114456177,-1.874664306640625,0.8558728694915771,1.047070860862732,-1.2938834428787231
0.4551758749999989,0.0034223749999999996,133.0,4.163708057010515,1.0961077872086098,1.2824468516702476,0.003813316138388311,-0.0010540099409504298,0.0013048171307772456,0.06295763863620413,-0.24679407477378845,0.14314259588718414,0.22615578770637512,1.786816120147705,0.3328327238559723,-0.470501184463501,-0.9504096508026123,-0.48209935426712036,-1.8735638856887817,0.847893238067627,1.0515004396438599,-1.2937976121902466
0.4551758749999989,0.0034223749999999996,133.0,4.182418156951166,1.1133194080888282,1.282893059816699,0.004001099675873628,-0.001119141963981662,0.0013629928859211066,0.06300603485629894,-0.24537846446037292,0.14240480959415436,0.22427907586097717,1.7808518409729004,0.32906872034072876,-0.4740731716156006,-0.953262448310852,-0.47547876834869385,-1.88041353225708,0.8535559177398682,1.0688334703445435,-1.294630527496338
0.4551758749999989,0.0034223749999999996,133.0,4.200495851215541,1.1303518151709004,1.2842421013851055,0.004229427296279708,-0.0011863244822298644,0.0014250726032953636,0.06302580259748045,-0.24474075436592102,0.14414533972740173,0.2253223955631256,1.7859039306640625,0.34195077419281006,-0.482759952545166,-0.9537183046340942,-0.478213369846344,-1.8846458196640015,0.8488187789916992,1.0642553567886353,-1.296966791152954
0.4551758749999989,0.0034223749999999996,133.0,4.217801972491745,1.1458863141158366,1.285304725451944,0.004427735678238594,-0.0012533729441077156,0.0014742620084369565,0.06305524968094231,-0.24310365319252014,0.1460011601448059,0.22905108332633972,1.7969197034835815,0.3513536751270294,-0.494403600692749,-0.9654109477996826,-0.4870695471763611,-1.872456669807434,0.8224458694458008,1.0421199798583984,-1.2989546060562134
0.4551758749999989,0.0034223749999999996,133.0,4.234178974324802,1.1603983800988975,1.2856752217935097,0.004620516035457394,-0.0013186947908730045,0.001530386110890044,0.06309748368381637,-0.24134603142738342,0.14464078843593597,0.22776451706886292,1.7913966178894043,0.35314300656318665,-0.5002038478851318,-0.9671099781990051,-0.48428237438201904,-1.8753588199615479,0.822561502456665,1.059773325920105,-1.2963753938674927
0.4551758749999989,0.0034223749999999996,133.0,4.249895408922574,1.174150229135272,1.2863419841451127,0.004770960761841693,-0.001371069046348908,0.0015691833857987556,0.06313654871736811,-0.23924633860588074,0.143568754196167,0.22776779532432556,1.7894103527069092,0.35683292150497437,-0.5076560974121094,-0.9712525010108948,-0.4854939579963684,-1.8705472946166992,0.812373161315918,1.0672067403793335,-1.2932376861572266
0.4551758749999989,0.0034223749999999996,133.0,4.264643434893907,1.1873064546738517,1.2871965174559772,0.00490709168817271,-0.0014216523342588429,0.0015972812397505283,0.06317188031362997,-0.23700562119483948,0.14420221745967865,0.22902020812034607,1.7919689416885376,0.36161625385284424,-0.5169539451599121,-0.976186990737915,-0.4880369305610657,-1.8616434335708618,0.7950248718261719,1.057584285736084,-1.2932069301605225
0.4551758749999989,0.0034223749999999996,133.0,4.278631792293181,1.1997082282369826,1.2882727894367092,0.005052917153583353,-0.0014741937628009667,0.0016309900225500282,0.06319714158185061,-0.2347998321056366,0.14316564798355103,0.22879019379615784,1.7894011735916138,0.3648793697357178,-0.5239157676696777,-0.9788156747817993,-0.4879770278930664,-1.858262300491333,0.7848780155181885,1.0634922981262207,-1.290756344795227
0.4551758749999989,0.0034223749999999996,133.0,4.291725412772442,1.2113197570204801,1.2890224175030744,0.005208804749491283,-0.0015228091689191076,0.0016679999988260907,0.0632258152687613,-0.23313069343566895,0.1436230093240738,0.23116347193717957,1.794250249862671,0.37598276138305664,-0.5349435806274414,-0.9821062088012695,-0.4946146607398987,-1.8502875566482544,0.7655723094940186,1.0549073219299316,-1.288895845413208
0.4551758749999989,0.0034223749999999996,133.0,4.303695617532891,1.2228644485422797,1.2905268995394303,0.005374385288403392,-0.00157007222665594,0.0017017232684725268,0.06322804433290818,-0.23272013664245605,0.1458287537097931,0.23271486163139343,1.800026535987854,0.39373478293418884,-0.5443689823150635,-0.9764977693557739,-0.4992193579673767,-1.852852463722229,0.7584228515625,1.0441642999649048,-1.2900415658950806
0.4551758749999989,0.0034223749999999996,133.0,4.314647298763704,1.233992137757437,1.2920219840879859,0.005535383832654633,-0.0016130137897314828,0.0017363717759738525,0.06322445168555132,-0.23267754912376404,0.14985650777816772,0.23517146706581116,1.8098289966583252,0.41468459367752075,-0.5550291538238525,-0.9693115949630737,-0.5050733685493469,-1.8552950620651245,0.7486486434936523,1.0200040340423584,-1.29389226436615
0.4551758749999989,0.0034223749999999996,133.0,4.324813192919757,1.2439986832882357,1.2935039827135708,0.005723816582380346,-0.0016570095442187541,0.001768716005295064,0.06322926115665102,-0.23288720846176147,0.15390850603580475,0.2386903464794159,1.821986198425293,0.4354865550994873,-0.5654659271240234,-0.9652674198150635,-0.5139350295066833,-1.8532428741455078,0.7334926128387451,0.9907649755477905,-1.2970248460769653
0.4551758749999989,0.0034223749999999996,133.0,4.333464382575168,1.2551255166558433,1.2959678089601703,0.005966700660539104,-0.0017453235520250312,0.001867971387353658,0.0630785474328411,-0.23481345176696777,0.15705503523349762,0.23583504557609558,1.821587085723877,0.458360880613327,-0.5660452842712402,-0.9423018097877502,-0.5083346962928772,-1.8811100721359253,0.761707067489624,0.9987620115280151,-1.3024425506591797
0.4551758749999989,0.0034223749999999996,133.0,4.341750554594395,1.2637529951723394,1.2972388536339146,0.006251364121244013,-0.0018181891311216112,0.0019358805782532934,0.06307026371508462,-0.23523026704788208,0.16046853363513947,0.23735442757606506,1.8288947343826294,0.47717082500457764,-0.5729610919952393,-0.9342689514160156,-0.51290363073349,-1.8837199211120605,0.7570548057556152,0.9798876047134399,-1.3051159381866455
0.4551758749999989,0.0034223749999999996,133.0,4.349173305847404,1.2711301941285973,1.2981409279091445,0.0066717284062478895,-0.001945168133817256,0.0020567778220958242,0.06308293492045097,-0.2352253794670105,0.1637217402458191,0.24086061120033264,1.8398017883300781,0.49378272891044617,-0.5815632343292236,-0.9346228241920471,-0.5220875144004822,-1.8746013641357422,0.737307071685791,0.9494409561157227,-1.3066346645355225
0.4551758749999989,0.0034223749999999996,133.0,4.355680379643815,1.277963458064851,1.2991345356146915,0.007384603650826935,-0.002146210520291775,0.0022535694207673567,0.06307997381866016,-0.2354939877986908,0.16635778546333313,0.2420605719089508,1.8456283807754517,0.5078585147857666,-0.5870795249938965,-0.9303346276283264,-0.5251011252403259,-1.8736183643341064,0.7311811447143555,0.9317732453346252,-1.3093781471252441
0.4551758749999989,0.0034223749999999996,133.0,4.361410087151793,1.2838296871925856,1.300110099025801,0.008996358200442096,-0.00261679937026124,0.0027063432240045002,0.06308306644411106,-0.23544970154762268,0.16867008805274963,0.24492147564888,1.8547618389129639,0.5187838077545166,-0.5938770771026611,-0.9368047714233398,-0.5303619503974915,-1.8598748445510864,0.7111990451812744,0.9021562337875366,-1.313046932220459
0.4551758749999989,0.0034223749999999996,133.0,4.366104337354235,1.288559171778104,1.3012832349870658,0.016673965690617833,-0.005016290598077722,0.004891355798932237,0.06307817852812038,-0.2347988486289978,0.16581951081752777,0.24726638197898865,1.861255168914795,0.5258875489234924,-0.6028175354003906,-0.9706936478614807,-0.5274190306663513,-1.819062352180481,0.6778182983398438,0.8812366724014282,-1.322256088256836
0.4551758749999989,0.0034223749999999996,133.0,4.387131262959179,-1.2055500118156932,1.1898415829528066,-0.014349663515913505,-0.0015817387403347445,-0.006504266010006392,0.06751764935074583,-0.0493960976600647,0.18930880725383759,-0.12156113982200623,1.0475356578826904,0.4556136727333069,-1.146061658859253,0.15878106653690338,0.08062794804573059,-0.6341217756271362,0.653639554977417,0.761741578578949,-1.1294586658477783
0.4551758749999989,0.0034223749999999996,133.0,4.382373031466944,-1.2003254613674816,1.1900022297413968,-0.007733452939491591,-0.0008379142385652835,-0.0035452063279358633,0.06748245703343399,-0.050699710845947266,0.19145572185516357,-0.12190666794776917,1.0479704141616821,0.4556785821914673,-1.1434645652770996,0.1748204082250595,0.07819965481758118,-0.6323723196983337,0.6844496726989746,0.7342432141304016,-1.1270506381988525
0.4551758749999989,0.0034223749999999996,133.0,4.3765590956967,-1.1944939082527086,1.189898430527674,-0.006354658742568512,-0.0006933773520142231,-0.002913766359597303,0.0674582022783825,-0.05300632119178772,0.1931585669517517,-0.12247911095619202,1.0515515804290771,0.4572523236274719,-1.1368792057037354,0.1849743127822876,0.07486540079116821,-0.6289805769920349,0.6914453506469727,0.7101658582687378,-1.1270886659622192
0.4551758749999989,0.0034223749999999996,133.0,4.369910546957809,-1.1881944194714382,1.1895920383795369,-0.005746758270303988,-0.0006394427349302897,-0.0026361546063880617,0.06744329252815139,-0.05442270636558533,0.1928493082523346,-0.12533384561538696,1.0508403778076172,0.4642302095890045,-1.1260879039764404,0.20939472317695618,0.07478073239326477,-0.6209084391593933,0.6963121891021729,0.6908016800880432,-1.1262962818145752
0.4551758749999989,0.0034223749999999996,133.0,4.362375536946746,-1.181169724120641,1.1891747031032833,-0.005392601132975648,-0.0006300340637822362,-0.0024744041025968164,0.06742399261019116,-0.05675789713859558,0.19326001405715942,-0.12780675292015076,1.0522700548171997,0.4690568447113037,-1.1150376796722412,0.23291803896427155,0.07307979464530945,-0.61191326379776,0.7006080150604248,0.6649479866027832,-1.1259557008743286
0.4551758749999989,0.0034223749999999996,133.0,4.353566371889694,-1.175135688172766,1.1862516530616232,-0.005142129460869578,-0.0006759008502024147,-0.0023547922814742845,0.0674695936065066,-0.05706435441970825,0.19210723042488098,-0.13067007064819336,1.048508882522583,0.46989989280700684,-1.107126235961914,0.2586550712585449,0.0743822455406189,-0.5952494144439697,0.7009985446929932,0.6448544263839722,-1.1235415935516357
0.4551758749999989,0.0034223749999999996,133.0,4.3442214559457195,-1.166688893596531,1.1855998147818916,-0.004935838638026205,-0.0006858032679631272,-0.0022628825115713863,0.06745106398171813,-0.05928495526313782,0.19138012826442719,-0.13481831550598145,1.047261357307434,0.4784877598285675,-1.0922932624816895,0.29495078325271606,0.07415023446083069,-0.5809903144836426,0.7054967880249023,0.6163987517356873,-1.1220927238464355
0.4551758749999989,0.0034223749999999996,133.0,4.334201307659191,-1.1571801188284834,1.185192417259487,-0.004782628908188289,-0.0006808192462285672,-0.0021911907507135295,0.06743673693821141,-0.061165571212768555,0.19087475538253784,-0.13840079307556152,1.0454356670379639,0.4805504381656647,-1.080122709274292,0.3252277970314026,0.07483351230621338,-0.5660908818244934,0.7090656757354736,0.5877299904823303,-1.1209198236465454
0.4551758749999989,0.0034223749999999996,133.0,4.323288755989928,-1.1470050466086175,1.1846403335927334,-0.004644188384523605,-0.0006971055665513797,-0.00212570688786369,0.06741468892684728,-0.06381747126579285,0.19033387303352356,-0.14262640476226807,1.0436184406280518,0.48479536175727844,-1.0648095607757568,0.36343467235565186,0.07493934035301208,-0.5479163527488708,0.7136585712432861,0.5516972541809082,-1.119177222251892
0.4551758749999989,0.0034223749999999996,133.0,4.311516069212455,-1.1361157995939697,1.184148029033179,-0.004504167474861816,-0.0007094789387072837,-0.002062542539459583,0.06739773015419612,-0.06598490476608276,0.1892228126525879,-0.1472426950931549,1.0401766300201416,0.48987722396850586,-1.0498356819152832,0.40326064825057983,0.07601931691169739,-0.5285440683364868,0.7176852226257324,0.5193389058113098,-1.1168304681777954
0.4551758749999989,0.0034223749999999996,133.0,4.299174523448975,-1.1242894978192206,1.183838478516446,-0.004375036678014533,-0.0007082916347109359,-0.0020030236029864317,0.0673914633662022,-0.06751179695129395,0.18883836269378662,-0.15040257573127747,1.037085771560669,0.4863522946834564,-1.0398430824279785,0.42951250076293945,0.07751452922821045,-0.5109958648681641,0.7197215557098389,0.49014756083488464,-1.1151480674743652
0.4551758749999989,0.0034223749999999996,133.0,4.286121235107875,-1.1116349983399174,1.1835310081820922,-0.004245007875629259,-0.0006993503865949747,-0.001940413538745575,0.06738679431502294,-0.06830215454101562,0.18813039362430573,-0.15335789322853088,1.0334956645965576,0.48651328682899475,-1.0318400859832764,0.4529408812522888,0.07890969514846802,-0.4946543574333191,0.7200405597686768,0.4712379276752472,-1.1129088401794434
0.4551758749999989,0.0034223749999999996,133.0,4.272535308656801,-1.097931343332284,1.183594916341665,-0.0041327987947060545,-0.0006747457584283442,-0.0018875097070659393,0.0673994268237377,-0.06774589419364929,0.18844448029994965,-0.1541602909564972,1.030171513557434,0.4772098958492279,-1.0305633544921875,0.45586279034614563,0.08120477199554443,-0.48342165350914,0.7165858745574951,0.4587112069129944,-1.1117265224456787
0.4551758749999989,0.0034223749999999996,133.0,4.258546243633811,-1.084029316067211,1.1834595637344256,-0.003986316115793496,-0.0006609678647344887,-0.0018211622054971175,0.06742324075008431,-0.06559371948242188,0.1869920790195465,-0.15618497133255005,1.0218405723571777,0.4723549783229828,-1.029484748840332,0.46684005856513977,0.08667010068893433,-0.4685949981212616,0.7112820148468018,0.45130372047424316,-1.1088699102401733
0.4551758749999989,0.0034223749999999996,133.0,4.2430790950095245,-1.068766298610753,1.1834029672705666,-0.0038045986930488173,-0.000636832652399258,-0.0017404597660605156,0.06742839849794582,-0.06534844636917114,0.18641546368598938,-0.15841814875602722,1.0163640975952148,0.46814224123954773,-1.0240652561187744,0.4833468496799469,0.0894111692905426,-0.45256128907203674,0.7081868648529053,0.42937177419662476,-1.1060845851898193
0.4551758749999989,0.0034223749999999996,133.0,4.226866834908032,-1.052748036858336,1.1834374070127518,-0.0036349518749041387,-0.0006111888428124813,-0.0016640089963111154,0.0674390363265338,-0.06485944986343384,0.1860717087984085,-0.16005203127861023,1.0110132694244385,0.4650030732154846,-1.020432710647583,0.49630871415138245,0.09173330664634705,-0.4375879764556885,0.7039308547973633,0.409548282623291,-1.103003740310669
0.4551758749999989,0.0034223749999999996,133.0,4.209585539206255,-1.0356938588751283,1.183590127995401,-0.0034425618799885987,-0.0005761550635205742,-0.001578969539657786,0.06744909204302348,-0.06476739048957825,0.18637478351593018,-0.16129431128501892,1.0069804191589355,0.4561365246772766,-1.016709804534912,0.5055733919143677,0.09350401163101196,-0.42341217398643494,0.6994566917419434,0.3836073577404022,-1.100632667541504
0.4551758749999989,0.0034223749999999996,133.0,4.192140619344765,-1.0181941363054745,1.1837799569021896,-0.003257384450873051,-0.0005424590716865038,-0.0014986484643925854,0.06748378335833491,-0.0615752637386322,0.1852896362543106,-0.16215643286705017,0.9981263279914856,0.4447680413722992,-1.0202600955963135,0.5068407654762268,0.09927812218666077,-0.4094943404197693,0.6895816326141357,0.3736187815666199,-1.0975677967071533
0.4551758749999989,0.0034223749999999996,133.0,4.173197356262147,-0.9993582196090616,1.1838204797116538,-0.0030690050120862735,-0.0005153988689160847,-0.0014126478812907174,0.06748252084594229,-0.06194430589675903,0.18589960038661957,-0.16341334581375122,0.9945391416549683,0.4391089677810669,-1.0146381855010986,0.5192423462867737,0.09963250160217285,-0.39256104826927185,0.6840059757232666,0.3426714539527893,-1.0942093133926392
0.4551758749999989,0.0034223749999999996,133.0,4.153651029753164,-0.9801870931577876,1.1838613530769828,-0.0028979800069291327,-0.0004956222150439677,-0.0013368861630376596,0.06749528494074261,-0.061241596937179565,0.18509438633918762,-0.16588303446769714,0.9860472679138184,0.42924851179122925,-1.0091309547424316,0.5395820736885071,0.10368183255195618,-0.36927926540374756,0.6776411533355713,0.3104812800884247,-1.089705467224121
0.4551758749999989,0.0034223749999999996,133.0,4.133495708926658,-0.9599904259909272,1.184125092153868,-0.00267570563151915,-0.0004549126692369362,-0.0012377837042243372,0.06751882612977118,-0.059079885482788086,0.18521760404109955,-0.1661166548728943,0.9793782830238342,0.41484883427619934,-1.010425090789795,0.5390558242797852,0.10733816027641296,-0.35445544123649597,0.6671206951141357,0.2916989028453827,-1.0865932703018188
0.4551758749999989,0.0034223749999999996,133.0,4.111800638693269,-0.93957291067796,1.184032663005891,-0.002453623541411529,-0.0004368740863590886,-0.0011392875475092763,0.06751897472160161,-0.060349881649017334,0.1825435906648636,-0.17192751169204712,0.9659502506256104,0.42024344205856323,-0.9947738647460938,0.5940061211585999,0.11166119575500488,-0.31722593307495117,0.6650903224945068,0.2417808473110199,-1.0775351524353027
0.4551758749999989,0.0034223749999999996,133.0,4.089882262903914,-0.9179780532256795,1.184045644435269,-0.0022443022518070332,-0.00040426464171937896,-0.0010448197622513786,0.06753766439350635,-0.05846187472343445,0.18070216476917267,-0.17453470826148987,0.9539833068847656,0.4131177067756653,-0.9911835193634033,0.6155271530151367,0.11712047457695007,-0.29204538464546204,0.6551735401153564,0.21481281518936157,-1.0710408687591553
0.4551758749999989,0.0034223749999999996,133.0,4.066684682513821,-0.8951654838167066,1.1839629056529393,-0.002037455149078196,-0.00036991683610287696,-0.000950166331767746,0.06754123593041242,-0.05847784876823425,0.18056577444076538,-0.1765419840812683,0.945704996585846,0.4010313153266907,-0.9839582443237305,0.6353095769882202,0.11963066458702087,-0.26571524143218994,0.6470282077789307,0.17431201040744781,-1.065130591392517
0.4551758749999989,0.0034223749999999996,133.0,4.042714236454445,-0.8710860777891151,1.184062179462793,-0.0018730546977006768,-0.0003367105023465651,-0.0008742832184997178,0.06753810635243326,-0.05814486742019653,0.18212364614009857,-0.1764763593673706,0.9422827959060669,0.3871398866176605,-0.9795753955841064,0.6355535984039307,0.11964303255081177,-0.24985308945178986,0.6356947422027588,0.14238706231117249,-1.0615087747573853
0.4551758749999989,0.0034223749999999996,133.0,4.018157783648239,-0.8465362550988852,1.1843411009641829,-0.0016696938270860464,-0.00029459286523099735,-0.0007839929386998906,0.06755983965979198,-0.05471035838127136,0.1811392903327942,-0.1770484447479248,0.9309343695640564,0.3711540997028351,-0.9816317558288574,0.6389636993408203,0.12550565600395203,-0.23072893917560577,0.6206786632537842,0.12396705895662308,-1.0559844970703125
0.4551758749999989,0.0034223749999999996,133.0,3.9925545357010828,-0.8214578268130494,1.1844308817171811,-0.0014815375486191189,-0.000268270765163872,-0.0006985916593383816,0.06756118246295938,-0.05388498306274414,0.18006913363933563,-0.17948076128959656,0.9191374182701111,0.35990986227989197,-0.9747200012207031,0.6613057851791382,0.12979301810264587,-0.2023627907037735,0.6097986698150635,0.08622753620147705,-1.0483973026275635
0.4551758749999989,0.0034223749999999996,133.0,3.9661051682506034,-0.7959542655582272,1.1844720790687462,-0.0012955035178874826,-0.00024047968638034152,-0.0006138836024750183,0.06756949044364921,-0.05520600080490112,0.1796717643737793,-0.18236619234085083,0.9078114628791809,0.3517496883869171,-0.9615108966827393,0.6937065124511719,0.1319061815738678,-0.167702317237854,0.6018679141998291,0.03367991745471954,-1.0390264987945557
0.4551758749999989,0.0034223749999999996,133.0,3.938874143389697,-0.7692939315163925,1.184499554713235,-0.001141839561596253,-0.00021492697865757896,-0.0005435068681528944,0.06757611944938885,-0.053282588720321655,0.1768442690372467,-0.18581146001815796,0.8883460164070129,0.33773699402809143,-0.9541597366333008,0.7277488708496094,0.13951095938682556,-0.12733964622020721,0.5874645709991455,-0.007547857239842415,-1.0271415710449219
0.4551758749999989,0.0034223749999999996,133.0,3.911164329144836,-0.7420407585092046,1.184492409676899,-0.0010049067004700314,-0.00019253058823806774,-0.0004800975919506988,0.06759262289580659,-0.052182912826538086,0.1752997636795044,-0.1883804202079773,0.871584951877594,0.32071205973625183,-0.9447019100189209,0.755827009677887,0.1449907422065735,-0.08873270452022552,0.5727853775024414,-0.05213528871536255,-1.0157432556152344
0.4551758749999989,0.0034223749999999996,133.0,3.8821021826326563,-0.7137494164627826,1.18449761421263,-0.0008286556920127428,-0.00016121471965336697,-0.000396915784433995,0.06758944656170798,-0.051401615142822266,0.1733679324388504,-0.19107387959957123,0.8526986837387085,0.30822521448135376,-0.9342789649963379,0.7888267040252686,0.15007466077804565,-0.04603883996605873,0.5575528144836426,-0.09828207641839981,-1.0018359422683716
0.4551758749999989,0.0034223749999999996,133.0,3.8522148468522697,-0.6847825918807505,1.1846062160518793,-0.0006946164239469314,-0.00013812154496647676,-0.00033419080390014393,0.06758707910407456,-0.05107998847961426,0.1712021380662918,-0.19397775828838348,0.8319031000137329,0.2931770980358124,-0.921504020690918,0.8256797194480896,0.15576276183128357,0.0009648794075474143,0.5425896644592285,-0.148817241191864,-0.9866218566894531
0.4551758749999989,0.0034223749999999996,133.0,3.8215158090758874,-0.6548000577014974,1.1847382291478936,-0.000520583960958937,-0.00010496530420248107,-0.0002521631702070889,0.06758461214792061,-0.04992562532424927,0.16945135593414307,-0.19588084518909454,0.8122020959854126,0.27376681566238403,-0.9108314514160156,0.8524141311645508,0.16119533777236938,0.042846839874982834,0.5252683162689209,-0.19391009211540222,-0.9722422361373901
0.4551758749999989,0.0034223749999999996,133.0,3.79010814823049,-0.6237184918348699,1.1848391438998511,-0.00032648363942374586,-6.529365834966855e-5,-0.00015958441740420682,0.0675886753215127,-0.04738858342170715,0.16838374733924866,-0.19630953669548035,0.7946423292160034,0.25177299976348877,-0.9048292636871338,0.8648015856742859,0.1654874086380005,0.0767812728881836,0.5043494701385498,-0.23017750680446625,-0.9588565826416016
0.4551758749999989,0.0034223749999999996,133.0,3.757717536759016,-0.5918917755035558,1.1849653032127252,-0.00015232681342112645,-3.0609112624768504e-5,-7.524663607272833e-5,0.06758192375577457,-0.04545116424560547,0.166941836476326,-0.1970524936914444,0.7749066948890686,0.23030172288417816,-0.896047830581665,0.8828561902046204,0.16991734504699707,0.11587212979793549,0.4841041564941406,-0.2706364095211029,-0.9434430599212646
0.4551758749999989,0.0034223749999999996,133.0,3.7244329072263422,-0.5599206293739677,1.185311467285175,1.6856529688644443e-5,3.470989076562948e-6,8.42106344734034e-6,0.06757084042171657,-0.04437375068664551,0.1633416712284088,-0.19904190301895142,0.7472395300865173,0.21334636211395264,-0.8832848072052002,0.9189358949661255,0.17708325386047363,0.16844503581523895,0.46523237228393555,-0.3129810690879822,-0.9229077100753784
0.4551758749999989,0.0034223749999999996,133.0,3.6902377976841625,-0.5266300021514332,1.1854592126082502,0.00018592753062430083,3.867745844067777e-5,9.378073011470172e-5,0.06755058179652751,-0.04313662648200989,0.1613129824399948,-0.19982275366783142,0.7237454652786255,0.19044578075408936,-0.868915319442749,0.9419028759002686,0.18186578154563904,0.21467381715774536,0.4444737434387207,-0.35456138849258423,-0.9040952324867249
0.4551758749999989,0.0034223749999999996,133.0,3.6548468288352023,-0.4919436202951306,1.1853849807977943,0.00036864210115570076,7.633921747344886e-5,0.00018822058768257918,0.06751481953619559,-0.041970640420913696,0.1608555018901825,-0.19971653819084167,0.7050517201423645,0.1681591421365738,-0.8538827896118164,0.9533589482307434,0.18352386355400085,0.25320062041282654,0.42261528968811035,-0.3959844708442688,-0.8869110941886902
0.4551758749999989,0.0034223749999999996,133.0,3.6188033299351305,-0.4569459886723477,1.1854866494947427,0.0005117366160673465,0.00010700875732405032,0.00026434194593249897,0.06748042879627034,-0.04084041714668274,0.15872789919376373,-0.19988030195236206,0.6801062226295471,0.1454135775566101,-0.836651086807251,0.9730646014213562,0.18778929114341736,0.2998492121696472,0.40135812759399414,-0.43292638659477234,-0.8661530017852783
0.4551758749999989,0.0034223749999999996,133.0,3.58194505563207,-0.42119837792519893,1.1856304793423937,0.0006726535612784686,0.00014195634253643264,0.00035179462637580203,0.06744290996044373,-0.03968977928161621,0.15645906329154968,-0.1996152698993683,0.6534061431884766,0.12212038785219193,-0.816770076751709,0.9912643432617188,0.1919192373752594,0.3482222855091095,0.3794105052947998,-0.46746960282325745,-0.8435131907463074
0.4551758749999989,0.0034223749999999996,133.0,3.544280120524198,-0.38461449077746146,1.1857593909318727,0.0008436430702675509,0.00017954320025359466,0.0004468390712257843,0.06739911604145184,-0.038490891456604004,0.15389922261238098,-0.19889721274375916,0.6238405704498291,0.09819892793893814,-0.7931408882141113,1.0083019733428955,0.1960897445678711,0.4002661406993866,0.3564732074737549,-0.49911776185035706,-0.818060040473938
0.4551758749999989,0.0034223749999999996,133.0,3.5056935737027395,-0.3472369612018743,1.1859675633346223,0.0010370786577985106,0.00022159272853444138,0.000558053707990939,0.0673483139804667,-0.03724834322929382,0.1509152054786682,-0.19770915806293488,0.5896855592727661,0.07357385009527206,-0.7637178897857666,1.0237414836883545,0.20085984468460083,0.45732879638671875,0.33248186111450195,-0.5255658626556396,-0.7886373996734619
0.4551758749999989,0.0034223749999999996,133.0,3.4662740593935046,-0.3090526343525311,1.1862097211440623,0.0012199810493948153,0.0002609568708702577,0.0006673745223111446,0.06729071343988245,-0.0359073281288147,0.1472620815038681,-0.195785254240036,0.5492001175880432,0.04935028403997421,-0.7264292240142822,1.0359244346618652,0.20675700902938843,0.520480751991272,0.3080863952636719,-0.5416469573974609,-0.7540503144264221
0.4551758749999989,0.0034223749999999996,133.0,3.425988294474456,-0.2704947831501174,1.1865739794373689,0.0013381961794656657,0.0002918049151940843,0.0007403433895658615,0.06722980335836762,-0.03573128581047058,0.14223603904247284,-0.1925891637802124,0.5027275085449219,0.03509136289358139,-0.6731288433074951,1.0470722913742065,0.21434053778648376,0.5923938155174255,0.2866628170013428,-0.5344505906105042,-0.7152124047279358
0.4551758749999989,0.0034223749999999996,133.0,3.3846505512466276,-0.2305236766513708,1.1868232887088122,0.0014882080363907012,0.00032519728287273456,0.0008386255221684573,0.0671601417765707,-0.036079078912734985,0.13295410573482513,-0.18502691388130188,0.43679338693618774,0.032621659338474274,-0.5915753841400146,1.0511484146118164,0.23562589287757874,0.6379250884056091,0.29327940940856934,-0.4301917552947998,-0.6711485981941223
0.4551758749999989,0.0034223749999999996,133.0,3.3423555270166463,-0.18889008093344903,1.1861744479519971,0.0016349106044147793,0.0003557756405526709,0.0009366630873301456,0.06707498283861708,-0.040704429149627686,0.12404021620750427,-0.17547571659088135,0.3509797751903534,0.061815593391656876,-0.42056727409362793,1.0229920148849487,0.28475984930992126,0.6112752556800842,0.3794581890106201,-0.205557182431221,-0.635934591293335
0.4551758749999989,0.0034223749999999996,133.0,3.3006562758498856,-0.1461818452856933,1.1889919070386346,0.0017697958005257262,0.00036912185434917325,0.0010374679819893009,0.06698389796186432,-0.043384432792663574,0.11285809427499771,-0.1671864092350006,0.27276143431663513,0.09953276067972183,-0.2545137405395508,0.9671356081962585,0.3398721218109131,0.5844393968582153,0.4493730068206787,-0.034925349056720734,-0.6136460304260254
0.4551758749999989,0.0034223749999999996,133.0,3.256665148339161,-0.10348142685283304,1.1885381149725527,0.0018672689831026907,0.0004122659567006631,0.0010933278776854227,0.0669137665397692,-0.12195703387260437,0.11067476123571396,-0.10213673114776611,-0.03264045715332031,0.17977997660636902,0.03480076789855957,0.5992500185966492,0.5809597969055176,0.9588497281074524,1.313321590423584,-0.5903655290603638,-0.5510278344154358
0.4551758749999989,0.0034223749999999996,133.0,3.2070237075284975,-0.057110993070520276,1.1896649402298014,0.0018324774582002175,0.00042280370144766083,0.0011225577323576519,0.06668115128800525,-0.17353880405426025,0.13714903593063354,-0.08129078149795532,-0.17003312706947327,0.29411497712135315,0.4045233726501465,0.43892011046409607,0.6355161666870117,0.8633853793144226,1.6977100372314453,-1.1075979471206665,-0.4691687822341919
0.4551758749999989,0.0034223749999999996,133.0,3.1431331198952153,0.011114467851683912,1.1867305936605912,0.0017052889688645503,-0.0001318190841611293,0.0012736985270183437,0.06540311652633676,-0.3503842055797577,0.3093454837799072,-0.07759666442871094,0.1451651155948639,-0.10081981122493744,1.1872599124908447,-0.577461302280426,0.8300771713256836,-1.151865005493164,3.389646530151367,-1.5155538320541382,-0.9769086837768555
0.4551758749999989,0.0034223749999999996,133.0,3.0703412470120828,0.04439243158018403,1.1848408474667131,0.0001065398496380556,-4.4698812012793016e-6,7.553941107400869e-5,0.0641140110183079,-0.494533509016037,0.1904878169298172,-0.10390597581863403,1.0097342729568481,-0.6984636783599854,1.2248542308807373,0.6896279454231262,0.23739579319953918,-1.5334655046463013,2.774566173553467,-0.7865349650382996,-1.2483617067337036
0.4551758749999989,0.0034223749999999996,133.0,3.106508034081534,0.08075076072354243,1.1928453437647206,-0.0018250258851153158,8.756190658691607e-6,-0.0012244316989086206,0.06345142961941971,-0.5249185562133789,0.20525884628295898,-0.04656541347503662,1.3486465215682983,-0.7708463072776794,1.24269437789917,0.456236332654953,0.23669937252998352,-1.683859944343567,2.780338764190674,-0.6289595365524292,-1.5875486135482788
0.4551758749999989,0.0034223749999999996,133.0,3.131346766377334,0.1366238786997736,1.2129103551078024,-0.002184918149808919,0.00043457639546287815,-0.0012718543216657767,0.061923745509599594,-0.5888696908950806,0.24885928630828857,0.06583264470100403,1.8438435792922974,-1.2556469440460205,1.1502183675765991,-0.4307311177253723,0.47998684644699097,-1.8614505529403687,2.6926193237304688,-0.2662190794944763,-2.326575517654419
0.4551758749999989,0.0034223749999999996,133.0,3.166191056530707,0.1873395361190089,1.2215527469049001,-0.002231578670737388,0.0005580327037453669,-0.0012126948030820944,0.061286848802055476,-0.5968247652053833,0.25779417157173157,0.09590455889701843,1.9105989933013916,-1.4717873334884644,1.081944465637207,-0.5381195545196533,0.5412053465843201,-1.8734840154647827,2.5275611877441406,-0.20102976262569427,-2.4546401500701904
0.4551758749999989,0.0034223749999999996,133.0,3.2074719870933546,0.23260978710150337,1.2248711009546505,-0.0021298421199510706,0.0005239968864036525,-0.0011177397750701658,0.06114554784506288,-0.5608054399490356,0.2300674319267273,0.11041775345802307,1.921510934829712,-1.3961663246154785,1.025728464126587,-0.5048388838768005,0.4256196916103363,-1.711404800415039,2.2671074867248535,0.06335639208555222,-2.3482658863067627
0.4551758749999989,0.0034223749999999996,133.0,3.249238998250399,0.2755741849441522,1.227478796979835,-0.0019654071791034428,0.00047574833739384546,-0.000997061099332688,0.06110134241885984,-0.5046085119247437,0.19029387831687927,0.12530550360679626,1.8727452754974365,-1.2863597869873047,0.9279645681381226,-0.5094355344772339,0.2955583930015564,-1.4351413249969482,1.922645092010498,0.4223932921886444,-2.166781425476074
0.4551758749999989,0.0034223749999999996,133.0,3.2908787648275566,0.3167522182480842,1.2289973589797334,-0.0017522134640446973,0.0004102339358092394,-0.0008632805160708183,0.061150888039941176,-0.4028988182544708,0.10008703917264938,0.161550372838974,1.5596814155578613,-0.4415929317474365,0.32128214836120605,-0.6676996350288391,-0.28512048721313477,-1.7141786813735962,1.7847347259521484,0.8349342346191406,-1.2657713890075684
0.4551758749999989,0.0034223749999999996,133.0,3.3324969424445046,0.35647916118566253,1.2302627291770605,-0.0016502330653424303,0.0003753776609935492,-0.0008001612674052535,0.061251809061515866,-0.3649151027202606,0.09244592487812042,0.1792580783367157,1.5954371690750122,-0.32631364464759827,0.16655850410461426,-0.7483498454093933,-0.3430957794189453,-1.6240370273590088,1.5213642120361328,1.0371557474136353,-1.2425885200500488
0.4551758749999989,0.0034223749999999996,133.0,3.3740452984086637,0.3951924444924593,1.2323850087543191,-0.0014123032158114897,0.0003173123311421139,-0.0006724407483562274,0.06133600596527797,-0.3314357101917267,0.08614334464073181,0.1845463216304779,1.5653446912765503,-0.24580425024032593,0.03909611701965332,-0.7736325860023499,-0.3565775752067566,-1.5517041683197021,1.3326959609985352,1.2073500156402588,-1.1984858512878418
0.4551758749999989,0.0034223749999999996,133.0,3.415188247234279,0.43299074038795116,1.2348969240849266,-0.0012295446906651624,0.00027408002571988993,-0.0005729035677426458,0.06143540435912075,-0.31319960951805115,0.08784648776054382,0.18998882174491882,1.5646662712097168,-0.1753789186477661,-0.03802371025085449,-0.7919172644615173,-0.366749107837677,-1.5513612031936646,1.224290370941162,1.2342649698257446,-1.187270998954773
0.4551758749999989,0.0034223749999999996,133.0,3.455075645259372,0.4701915588530725,1.2367082360307708,-0.001000169474257126,0.00022091142797704512,-0.0004556027651823809,0.06153869940729692,-0.3067674934864044,0.09453625977039337,0.19134071469306946,1.580810546875,-0.11680781096220016,-0.07132863998413086,-0.790556013584137,-0.3684672713279724,-1.619666337966919,1.197812795639038,1.1952359676361084,-1.2016690969467163
0.4551758749999989,0.0034223749999999996,133.0,3.4943295017949434,0.506428494146617,1.2385302441632262,-0.0007948256066196423,0.0001760190305028474,-0.0003565273310587257,0.061648867916338626,-0.30108389258384705,0.09925879538059235,0.1929212510585785,1.5962433815002441,-0.0649142637848854,-0.10344934463500977,-0.7929436564445496,-0.3757184147834778,-1.6717733144760132,1.1718244552612305,1.1719154119491577,-1.2098184823989868
0.4551758749999989,0.0034223749999999996,133.0,3.5326763397159335,0.5418932612107983,1.2401874497320966,-0.0005992538872604535,0.0001334377234237064,-0.00026547137131809794,0.06175142553734128,-0.2956824004650116,0.10344669967889786,0.1979314386844635,1.6218608617782593,-0.018744055181741714,-0.13811850547790527,-0.8099360466003418,-0.3922673463821411,-1.7015498876571655,1.1299448013305664,1.1460959911346436,-1.2186741828918457
0.4551758749999989,0.0034223749999999996,133.0,3.570085939311818,0.5766109812184156,1.241715651865243,-0.0004116112059764288,9.156758929499598e-5,-0.00017934527267612826,0.06184475893920211,-0.29236748814582825,0.10690225660800934,0.19720318913459778,1.6278727054595947,0.014954373240470886,-0.16066193580627441,-0.8022717237472534,-0.3926122784614563,-1.7433446645736694,1.1270301342010498,1.1439509391784668,-1.224437952041626
0.4551758749999989,0.0034223749999999996,133.0,3.606710743221649,0.6104174475865562,1.2432194052512975,-0.00023033281477592983,5.174773742895099e-5,-9.945318453744065e-5,0.06193888117279122,-0.28867241740226746,0.11032360047101974,0.19967320561408997,1.6436610221862793,0.04679476097226143,-0.18650245666503906,-0.8090120553970337,-0.4010862708091736,-1.7671540975570679,1.1050641536712646,1.131972312927246,-1.2316840887069702
0.4551758749999989,0.0034223749999999996,133.0,3.641617445468032,0.6435379270335526,1.24376226594322,-6.848381556784961e-5,1.5474339337746438e-5,-2.945691484786924e-5,0.06203324271067873,-0.28616002202033997,0.11236847937107086,0.19766739010810852,1.6432766914367676,0.059045955538749695,-0.20050311088562012,-0.8060624003410339,-0.3956814408302307,-1.799375295639038,1.1103794574737549,1.1440693140029907,-1.2368712425231934
0.4551758749999989,0.0034223749999999996,133.0,3.6758030522206933,0.6757746445752298,1.2449400844822212,0.00014764433294520347,-3.38572876756715e-5,6.284744050774274e-5,0.062103577387250836,-0.2836243808269501,0.114376001060009,0.19829055666923523,1.6508677005767822,0.07284891605377197,-0.2160046100616455,-0.8173923492431641,-0.3981151580810547,-1.817892074584961,1.1005444526672363,1.1458572149276733,-1.2420411109924316
0.4551758749999989,0.0034223749999999996,133.0,3.7105549168036083,0.7052959513084147,1.2447699995099364,0.00034788073693764064,-7.962050684121596e-5,0.00014454831421506018,0.06232403579689153,-0.2783001959323883,0.11661837249994278,0.20350483059883118,1.67122220993042,0.10005932301282883,-0.2478013038635254,-0.8390113711357117,-0.41388392448425293,-1.8159880638122559,1.05580735206604,1.126126766204834,-1.2464301586151123
0.4551758749999989,0.0034223749999999996,133.0,3.743248789448052,0.7358329029898382,1.2461985360714964,0.0005488752664104593,-0.0001284219863705759,0.00022603770116607554,0.06239685988402851,-0.2751370966434479,0.11871426552534103,0.20605704188346863,1.6837546825408936,0.11411615461111069,-0.2664780616760254,-0.8571805953979492,-0.4205666780471802,-1.8227263689041138,1.0321574211120605,1.1183723211288452,-1.2522002458572388
0.4551758749999989,0.0034223749999999996,133.0,3.7754586557804393,0.7659932577016613,1.2481939229938221,0.0007884945446588535,-0.00018500491706228595,0.0003193446621279504,0.062426740999314535,-0.2729766070842743,0.12350809574127197,0.20779713988304138,1.6979783773422241,0.15020473301410675,-0.2875797748565674,-0.8546099066734314,-0.4260314106941223,-1.844871997833252,1.021712303161621,1.098104476928711,-1.2609689235687256
0.4551758749999989,0.0034223749999999996,133.0,3.8068996977804623,0.7951414923675473,1.2501690403008408,0.0009597600247437301,-0.00022602948890708104,0.00038143605317556174,0.062472354183433644,-0.26993098855018616,0.12723205983638763,0.212656170129776,1.7186737060546875,0.1826978474855423,-0.31288957595825195,-0.8670842051506042,-0.4410027265548706,-1.845475196838379,0.9878919124603271,1.0713144540786743,-1.266512155532837
0.4551758749999989,0.0034223749999999996,133.0,3.8372485056844248,0.8235596794373676,1.2522778923748012,0.001178730218033733,-0.0002813890267517884,0.00045998118694807414,0.06249583798382766,-0.26803430914878845,0.12992332875728607,0.21225455403327942,1.7237437963485718,0.20430870354175568,-0.3273627758026123,-0.862895131111145,-0.4410645365715027,-1.8632491827011108,0.9860415458679199,1.0697606801986694,-1.2716376781463623
0.4551758749999989,0.0034223749999999996,133.0,3.86642919225651,0.850762352919257,1.2531746326319972,0.0013457393000930874,-0.0003233598853702064,0.0005187448971681807,0.06255859332529154,-0.2648886740207672,0.13008898496627808,0.21286264061927795,1.7268303632736206,0.21232858300209045,-0.3426790237426758,-0.8727481365203857,-0.4436817169189453,-1.865046501159668,0.9703168869018555,1.0772132873535156,-1.272155523300171
0.4551758749999989,0.0034223749999999996,133.0,3.89506896241892,0.8772169368820197,1.2546761502937211,0.0015319569344226214,-0.0003724298545609201,0.0005831375228452263,0.06260813193035551,-0.2625931203365326,0.13166938722133636,0.21443024277687073,1.7344541549682617,0.2291124165058136,-0.35874438285827637,-0.8791292905807495,-0.44906091690063477,-1.868622899055481,0.955315351486206,1.073875904083252,-1.274405837059021
0.4551758749999989,0.0034223749999999996,133.0,3.92300749872402,0.9028653593296331,1.2558080587639793,0.001754253607628526,-0.0004278917652946086,0.0006622651619107114,0.06266768391118976,-0.26051685214042664,0.1338939666748047,0.215727299451828,1.7422120571136475,0.2518082857131958,-0.37586021423339844,-0.8792505860328674,-0.4542597532272339,-1.8759095668792725,0.9438257217407227,1.0686826705932617,-1.2770063877105713
0.4551758749999989,0.0034223749999999996,133.0,3.949921233316301,0.9277828163816654,1.2573964649143385,0.0019807994527551134,-0.0004902716991899472,0.0007378577142148342,0.06270575371305077,-0.25847843289375305,0.13631314039230347,0.21859166026115417,1.7538560628890991,0.26508161425590515,-0.3905904293060303,-0.8911144137382507,-0.46081602573394775,-1.8733528852462769,0.9223651885986328,1.0530660152435303,-1.2820026874542236
0.4551758749999989,0.0034223749999999996,133.0,3.9758245221570214,0.9513891305878535,1.2583475210333852,0.0022293073320378567,-0.0005620604488147502,0.0008239456370125759,0.06276009285598391,-0.25615277886390686,0.13514427840709686,0.21764454245567322,1.7507315874099731,0.2617027163505554,-0.3978996276855469,-0.9014034271240234,-0.4580528736114502,-1.8745766878128052,0.9167609214782715,1.0704162120819092,-1.2817628383636475
0.4551758749999989,0.0034223749999999996,133.0,4.00072618075209,0.9745918567058844,1.2593627445825923,0.002414338630913818,-0.000612175415330305,0.0008825866692863672,0.06281001194496463,-0.2544110119342804,0.13630397617816925,0.21893087029457092,1.7561770677566528,0.2753446102142334,-0.41095781326293945,-0.9061988592147827,-0.46229350566864014,-1.876713752746582,0.9055864810943604,1.0695664882659912,-1.2829896211624146
0.4551758749999989,0.0034223749999999996,133.0,4.024740789259463,0.9969346908966281,1.2605202171122383,0.0026478957400996534,-0.0006806282564733502,0.0009608077650387016,0.06285785272391264,-0.25282832980155945,0.13740873336791992,0.2202453315258026,1.7615591287612915,0.2881559729576111,-0.4230480194091797,-0.912023663520813,-0.46646779775619507,-1.8778932094573975,0.8946118354797363,1.0682109594345093,-1.2842106819152832
0.4551758749999989,0.0034223749999999996,133.0,4.048006813675293,1.018509444475026,1.2615292089878534,0.002886728303240395,-0.0007472906721982251,0.0010364821858614205,0.06289640892486414,-0.2511737644672394,0.13853883743286133,0.22096773982048035,1.7652928829193115,0.2960391938686371,-0.4331836700439453,-0.9178630709648132,-0.46762198209762573,-1.87984037399292,0.8859081268310547,1.067137598991394,-1.2868273258209229
0.4551758749999989,0.0034223749999999996,133.0,4.070545368029199,1.0391254017921663,1.2626156526983285,0.003135934527964667,-0.0008236200220503385,0.0011181453386723136,0.06293446224697162,-0.24972954392433167,0.1403515338897705,0.2218019664287567,1.7700858116149902,0.3066444993019104,-0.443800687789917,-0.9211432933807373,-0.46893078088760376,-1.8828099966049194,0.8781392574310303,1.0619276762008667,-1.290339708328247
0.4551758749999989,0.0034223749999999996,133.0,4.0922601862337205,1.0587754971891066,1.2638685068172009,0.00339117125792763,-0.0009009013987121305,0.0011921970077754837,0.06295461389253912,-0.24807807803153992,0.13949811458587646,0.2215445339679718,1.7687267065048218,0.30563607811927795,-0.44960737228393555,-0.9310114979743958,-0.46796852350234985,-1.8815556764602661,0.8722715377807617,1.0729777812957764,-1.2900137901306152
0.4551758749999989,0.0034223749999999996,133.0,4.112816090578007,1.0782691261865092,1.2656322152759154,0.0035915186203152477,-0.0009596509056118555,0.001243038883820724,0.06297013796650011,-0.24720963835716248,0.14246465265750885,0.22516974806785583,1.781820297241211,0.32216912508010864,-0.46228528022766113,-0.9387666583061218,-0.4769099950790405,-1.8767039775848389,0.8526875972747803,1.050727128982544,-1.2940186262130737
0.4551758749999989,0.0034223749999999996,133.0,4.132759256174491,1.0962592669919748,1.266646316067209,0.0038101173585124654,-0.0010339789658131945,0.0013123881093549219,0.06299978558144974,-0.24579790234565735,0.14240218698978424,0.22568586468696594,1.7833266258239746,0.32694342732429504,-0.4698476791381836,-0.9456326961517334,-0.4785308837890625,-1.8755674362182617,0.8447206020355225,1.0551962852478027,-1.2939445972442627
0.4551758749999989,0.0034223749999999996,133.0,4.151439888105738,1.1134993548033938,1.2671222308907226,0.003997953577428831,-0.0010983523778427219,0.0013704730441316986,0.06304797317714045,-0.2444046437740326,0.14169983565807343,0.2238103449344635,1.7774361371994019,0.3231644034385681,-0.47327566146850586,-0.9484843611717224,-0.4718872904777527,-1.8824982643127441,0.8504784107208252,1.0722452402114868,-1.2948726415634155
0.4551758749999989,0.0034223749999999996,133.0,4.169521636150381,1.1305311945908176,1.2684688808868636,0.0042261833084036825,-0.0011641986618820442,0.0014327538327109813,0.06306834677118589,-0.2436225712299347,0.14453351497650146,0.22665640711784363,1.7879043817520142,0.3383127450942993,-0.4847900867462158,-0.9525439143180847,-0.47839468717575073,-1.8807114362716675,0.8357334136962891,1.0536032915115356,-1.2987380027770996
0.4551758749999989,0.0034223749999999996,133.0,4.186800674359785,1.1460557004752665,1.269473986457544,0.004424051926592123,-0.001230443287114106,0.0014830919237781594,0.06309815822238504,-0.24210521578788757,0.14527451992034912,0.22857949137687683,1.7934670448303223,0.34537655115127563,-0.49369144439697266,-0.9607097506523132,-0.48337918519973755,-1.8745495080947876,0.8193376064300537,1.0454882383346558,-1.299260139465332
0.4551758749999989,0.0034223749999999996,133.0,4.2031559122528535,1.1605939588817058,1.2698322429223685,0.004616687310998068,-0.0012948575527043581,0.001539809063644217,0.06314019302679713,-0.24035987257957458,0.1439276486635208,0.22728171944618225,1.7879388332366943,0.3471197485923767,-0.4994387626647949,-0.9622814655303955,-0.4805244207382202,-1.8775466680526733,0.8196084499359131,1.0631051063537598,-1.296743392944336
0.4551758749999989,0.0034223749999999996,133.0,4.2188581509190834,1.1743539995477654,1.2705071749492947,0.0047671545443147435,-0.0013465613962011218,0.0015788770466514937,0.06317877613764872,-0.23827752470970154,0.14287441968917847,0.2272966206073761,1.7860379219055176,0.3507809042930603,-0.5068624019622803,-0.9664605855941772,-0.4817209243774414,-1.8727915287017822,0.8094725608825684,1.0703600645065308,-1.2937045097351074
0.4551758749999989,0.0034223749999999996,133.0,4.233587033500838,1.187504799910531,1.2713242595716487,0.004902952624346233,-0.0013966952092939308,0.0016077380450539001,0.06321463100831293,-0.23603668808937073,0.14349409937858582,0.22853723168373108,1.7885726690292358,0.35556939244270325,-0.5162286758422852,-0.9713282585144043,-0.4842153787612915,-1.863993525505066,0.7922630310058594,1.0608683824539185,-1.293700933456421
0.4551758749999989,0.0034223749999999996,133.0,4.247581532206372,1.199906182808375,1.2724155621067423,0.005048876227609685,-0.0014485917900181982,0.001641497894322773,0.06323949420944058,-0.23385164141654968,0.14247655868530273,0.22833368182182312,1.7861449718475342,0.3588040769100189,-0.5231826305389404,-0.9740067720413208,-0.4841740131378174,-1.86068594455719,0.7821142673492432,1.0665708780288696,-1.2913683652877808
0.4551758749999989,0.0034223749999999996,133.0,4.260684496014242,1.2115106110762297,1.2731542924449244,0.0052047755944431015,-0.0014962816697517672,0.0016789376649452208,0.06326778299874795,-0.23217853903770447,0.1429382562637329,0.23072955012321472,1.791062831878662,0.36992016434669495,-0.5342845916748047,-0.9774056077003479,-0.49081188440322876,-1.8527323007583618,0.7627279758453369,1.0578504800796509,-1.2895758152008057
0.4551758749999989,0.0034223749999999996,133.0,4.272688087115375,1.2230205948392134,1.2746506053159303,0.005370292280624525,-0.0015426025967246767,0.0017125393330534493,0.06327083847749537,-0.23175522685050964,0.14513131976127625,0.23231038451194763,1.7968555688858032,0.3875701129436493,-0.5437304973602295,-0.9719157814979553,-0.4954175353050232,-1.855161190032959,0.7554013729095459,1.0469344854354858,-1.290736436843872
0.4551758749999989,0.0034223749999999996,133.0,4.283661352775473,1.2341190343646686,1.276132047968278,0.005531343111624923,-0.001584765827049798,0.001747232923497925,0.0632669026304755,-0.23169958591461182,0.14915010333061218,0.2347882091999054,1.8066515922546387,0.4084765315055847,-0.5544047355651855,-0.9648407697677612,-0.5012441277503967,-1.8575247526168823,0.7455093860626221,1.0225780010223389,-1.2946081161499023
0.4551758749999989,0.0034223749999999996,133.0,4.2938422981908095,1.2440940100298006,1.2775990154275305,0.005719782409157655,-0.0016278700208265232,0.0017797647257965963,0.06327134232727517,-0.23189625144004822,0.15318872034549713,0.23832878470420837,1.8187973499298096,0.4292251467704773,-0.5648739337921143,-0.9609436392784119,-0.5100728869438171,-1.855398178100586,0.7302250862121582,0.993194580078125,-1.2977606058120728
0.4551758749999989,0.0034223749999999996,133.0,4.30231747045286,1.2551844745015308,1.2800351558185206,0.0059661660349173504,-0.001706797757570836,0.0018821218100033906,0.06311088841070628,-0.23384976387023926,0.1563042253255844,0.2353428304195404,1.8179852962493896,0.4518592655658722,-0.5650155544281006,-0.9378600120544434,-0.5040091872215271,-1.8838311433792114,0.7592546939849854,1.001802682876587,-1.303235411643982
0.4551758749999989,0.0034223749999999996,133.0,4.310809882431818,1.2638008939086938,1.2813299290546158,0.006247468392717328,-0.0017864951266001582,0.001947470480595909,0.0631106347850497,-0.23433414101600647,0.16069230437278748,0.23805180191993713,1.828804850578308,0.47238990664482117,-0.5734546184539795,-0.9316667914390564,-0.5111151337623596,-1.8825842142105103,0.7485978603363037,0.9718691110610962,-1.3068032264709473
0.4551758749999989,0.0034223749999999996,133.0,4.318251501076691,1.2711490863051693,1.2821721740412448,0.006667198047596208,-0.001910958590283011,0.0020701880463876157,0.06312413633436814,-0.2343311607837677,0.16292868554592133,0.23965314030647278,1.8346168994903564,0.48786985874176025,-0.5802497863769531,-0.9274668097496033,-0.5160426497459412,-1.8808871507644653,0.7398543357849121,0.956712543964386,-1.3076186180114746
0.4551758749999989,0.0034223749999999996,133.0,4.324778449564831,1.2779631441250947,1.283176314027882,0.007379987002793335,-0.0021085800952026536,0.002267439235001342,0.06312069789460106,-0.23445606231689453,0.16561618447303772,0.24175795912742615,1.8422369956970215,0.5014680624008179,-0.5864434242248535,-0.9265611171722412,-0.5210646986961365,-1.875502109527588,0.7275385856628418,0.9336193799972534,-1.3100850582122803
0.4551758749999989,0.0034223749999999996,133.0,4.330520707319498,1.2838191296168033,1.2841325140467978,0.008991035174965602,-0.00257036218238779,0.002723180658490272,0.06312379241322749,-0.2344088852405548,0.16792647540569305,0.24463513493537903,1.8513206243515015,0.5124197006225586,-0.5933058261871338,-0.9332380890846252,-0.5262864232063293,-1.8617416620254517,0.7074770927429199,0.9039592742919922,-1.3137420415878296
0.4551758749999989,0.0034223749999999996,133.0,4.335234791517786,1.2885661271552502,1.2852877055664564,0.01666637013102611,-0.004930288180480623,0.004921828481655466,0.06311727029018586,-0.23378440737724304,0.16510429978370667,0.24699339270591736,1.857575535774231,0.5196725130081177,-0.6023242473602295,-0.9678100347518921,-0.523204505443573,-1.8209648132324219,0.6740870475769043,0.8830748200416565,-1.3228425979614258
0.4551758749999989,0.0034223749999999996,133.0,4.356136293803778,-1.2062625823943072,1.175938231406834,-0.014329760000603842,-0.0015743328587026133,-0.006513294122377171,0.06754977878637283,-0.047897934913635254,0.1878891885280609,-0.1237318217754364,1.039902925491333,0.4495810866355896,-1.1419010162353516,0.17801623046398163,0.08592572808265686,-0.6178298592567444,0.648766040802002,0.7403269410133362,-1.1271332502365112
0.4551758749999989,0.0034223749999999996,133.0,4.351381319615022,-1.201041185648432,1.176111131229486,-0.007723264407129803,-0.000832496116811371,-0.003549300828183008,0.06751423390111232,-0.049174338579177856,0.19004610180854797,-0.12406933307647705,1.0403029918670654,0.4489475190639496,-1.1392269134521484,0.19399526715278625,0.08346167206764221,-0.6160830855369568,0.6794404983520508,0.7123546600341797,-1.1246514320373535
0.4551758749999989,0.0034223749999999996,133.0,4.345576434652511,-1.195216402152917,1.176011674951072,-0.006346325018399635,-0.000688594002227679,-0.002917049388834258,0.06749012690805538,-0.05146068334579468,0.1917596161365509,-0.1246294379234314,1.0437781810760498,0.4503331482410431,-1.132706642150879,0.20389695465564728,0.08015689253807068,-0.6126015782356262,0.6863234043121338,0.6881798505783081,-1.1246123313903809
0.4551758749999989,0.0034223749999999996,133.0,4.338935495943894,-1.1889197092509962,1.1757200931506904,-0.0057393164055234685,-0.0006341568364772066,-0.0026390785165947873,0.0674753901390415,-0.05287465453147888,0.19145740568637848,-0.12745672464370728,1.0429657697677612,0.45722290873527527,-1.1220765113830566,0.2280578911304474,0.08008229732513428,-0.60439133644104,0.6910934448242188,0.6686121225357056,-1.1237255334854126
0.4551758749999989,0.0034223749999999996,133.0,4.331411469234587,-1.1818966777146207,1.1753142692028726,-0.005385679194431457,-0.0006244676020608146,-0.002477092640338015,0.06745635980694428,-0.05520069599151611,0.1918797492980957,-0.12990286946296692,1.0442593097686768,0.46198520064353943,-1.11118483543396,0.2512490451335907,0.07841166853904724,-0.5952274799346924,0.6952724456787109,0.6426120400428772,-1.123276710510254
0.4551758749999989,0.0034223749999999996,133.0,4.322602965307337,-1.1758616471906993,1.1724062544073304,-0.005135554243487307,-0.000670033223282216,-0.002357325425235729,0.06750266812363338,-0.05551442503929138,0.19073425233364105,-0.1327340006828308,1.0404527187347412,0.4628438949584961,-1.1034276485443115,0.2767019271850586,0.07968488335609436,-0.5784777402877808,0.6955840587615967,0.6223623156547546,-1.1207859516143799
0.4551758749999989,0.0034223749999999996,133.0,4.313267608002827,-1.1674121412122451,1.171784210316132,-0.004929674950442082,-0.0006789006809625016,-0.0022652479374149726,0.06748461160976443,-0.05752113461494446,0.18929395079612732,-0.13775402307510376,1.0369963645935059,0.47213760018348694,-1.087087631225586,0.31980064511299133,0.08091798424720764,-0.5611386895179749,0.7006609439849854,0.5913510918617249,-1.118641972541809
0.4551758749999989,0.0034223749999999996,133.0,4.3032583305178695,-1.157906254424782,1.1713884000062373,-0.00477675044500398,-0.0006735900911539059,-0.0021934246148431237,0.06747044598174605,-0.05961373448371887,0.18952824175357819,-0.14038336277008057,1.0370808839797974,0.47340986132621765,-1.0768496990203857,0.34252792596817017,0.08017081022262573,-0.5489567518234253,0.70339035987854,0.5648549199104309,-1.1178948879241943
0.4551758749999989,0.0034223749999999996,133.0,4.292358910669203,-1.1477323971150588,1.17085674180273,-0.004638566525475243,-0.0006892933382707231,-0.00212785837235318,0.06744889601773835,-0.06226205825805664,0.1890067309141159,-0.14455601572990417,1.0350860357284546,0.47761788964271545,-1.0617828369140625,0.3802153468132019,0.08030354976654053,-0.5306122899055481,0.7078256607055664,0.5287253260612488,-1.115997314453125
0.4551758749999989,0.0034223749999999996,133.0,4.280600214813873,-1.1368409788367468,1.170384756631906,-0.004498873884254599,-0.0007008704581006572,-0.0020646174310396544,0.06743224407544461,-0.06442737579345703,0.18791237473487854,-0.14911383390426636,1.0314778089523315,0.48263102769851685,-1.0470781326293945,0.41956037282943726,0.08139970898628235,-0.5110514760017395,0.7116889953613281,0.49624624848365784,-1.1134967803955078
0.4551758749999989,0.0034223749999999996,133.0,4.268266657787085,-1.125016489967204,1.1700892918924162,-0.00436996907215528,-0.0006992874128048541,-0.002005093077700688,0.06742619082582887,-0.06594967842102051,0.18754331767559052,-0.15222784876823425,1.0282795429229736,0.47905924916267395,-1.037214756011963,0.4454108774662018,0.08287718892097473,-0.493476927280426,0.7135434150695801,0.46709656715393066,-1.1116876602172852
0.4551758749999989,0.0034223749999999996,133.0,4.255216541889851,-1.1123527079481517,1.169788239168033,-0.00424023599233014,-0.0006900896124863292,-0.0019423664516850364,0.06742145977878976,-0.06673243641853333,0.18683676421642303,-0.15514391660690308,1.0245990753173828,0.47909635305404663,-1.0293560028076172,0.46859225630760193,0.08424365520477295,-0.47705569863319397,0.7136745452880859,0.44815245270729065,-1.1093285083770752
0.4551758749999989,0.0034223749999999996,133.0,4.241631126534334,-1.0986553439240452,1.169853141062192,-0.004128175844454866,-0.0006654041645971972,-0.0018895373937998692,0.06743385287224643,-0.06616568565368652,0.18714918196201324,-0.15592727065086365,1.0212459564208984,0.46968546509742737,-1.0280413627624512,0.4714260697364807,0.08646976947784424,-0.4659305512905121,0.7100286483764648,0.435727059841156,-1.1080505847930908
0.4551758749999989,0.0034223749999999996,133.0,4.227631627145193,-1.084734315220548,1.1697121498806777,-0.0039819917816839604,-0.0006516885911789109,-0.0018231685813275777,0.06745702650035384,-0.06401661038398743,0.18567731976509094,-0.1579264998435974,1.0128638744354248,0.46469879150390625,-1.0270049571990967,0.48247528076171875,0.09185448288917542,-0.4510839879512787,0.7045614719390869,0.4282606542110443,-1.105061650276184
0.4551758749999989,0.0034223749999999996,133.0,4.212165783339396,-1.0694726732904254,1.1696583878501736,-0.003800437930641403,-0.0006276992918995422,-0.0017425690106057067,0.06746218012159369,-0.0637715756893158,0.18510562181472778,-0.16010895371437073,1.0073294639587402,0.46040037274360657,-1.0216939449310303,0.4986734986305237,0.09454712271690369,-0.4351375699043274,0.7013149261474609,0.40647006034851074,-1.1021684408187866
0.4551758749999989,0.0034223749999999996,133.0,4.195946426853052,-1.0534493381674912,1.1696888018606386,-0.003630968603283467,-0.0006023706676882577,-0.0016661727830878086,0.06747251649318045,-0.06327903270721436,0.18475164473056793,-0.16170966625213623,1.0018656253814697,0.45714905858039856,-1.0181245803833008,0.5115343928337097,0.09684190154075623,-0.42010197043418884,0.6969263553619385,0.38666877150535583,-1.098947286605835
0.4551758749999989,0.0034223749999999996,133.0,4.178664430447523,-1.036396687019789,1.169847773079917,-0.0034387965184885876,-0.0005674726545066097,-0.0015811728573176024,0.06748231200074173,-0.06319445371627808,0.1850619614124298,-0.16291692852973938,0.9977754950523376,0.4482486844062805,-1.0143837928771973,0.5206027030944824,0.0985649824142456,-0.4060017764568329,0.6923484802246094,0.36085841059684753,-1.0964703559875488
0.4551758749999989,0.0034223749999999996,133.0,4.161185485452399,-1.0188264375724974,1.169981404730193,-0.0032539558313546737,-0.0005347750294780495,-0.0015008228275895884,0.06751471162706017,-0.060011088848114014,0.18392452597618103,-0.163772851228714,0.9888630509376526,0.4368676543235779,-1.017885684967041,0.522263765335083,0.10422074794769287,-0.39187631011009216,0.6823501586914062,0.3508182466030121,-1.0932304859161377
0.4551758749999989,0.0034223749999999996,133.0,4.14226761477205,-1.0000890908968498,1.1701210590668722,-0.003065511707414047,-0.0005067671992780813,-0.0014152787168012645,0.06751551176235544,-0.06041145324707031,0.18460331857204437,-0.16494962573051453,0.9852965474128723,0.4311214089393616,-1.012291669845581,0.533902108669281,0.10454365611076355,-0.3755335807800293,0.6767828464508057,0.32018569111824036,-1.0898569822311401
0.4551758749999989,0.0034223749999999996,133.0,4.122696584223183,-0.9808719244865537,1.170119819117025,-0.0028948147033853425,-0.00048770987554817857,-0.0013394472971097792,0.06752647918714483,-0.059694647789001465,0.18376506865024567,-0.16738620400428772,0.9766078591346741,0.42119911313056946,-1.0068349838256836,0.5542665719985962,0.1085389256477356,-0.35193124413490295,0.6701943874359131,0.28797560930252075,-1.0851025581359863
0.4551758749999989,0.0034223749999999996,133.0,4.102526170115567,-0.960671045804583,1.1703707583661367,-0.0026727362870298445,-0.00044775949950723185,-0.0012403715712969168,0.06754906844494463,-0.057542651891708374,0.18387393653392792,-0.16758981347084045,0.9699248671531677,0.4067673087120056,-1.0080604553222656,0.5537319779396057,0.11208105087280273,-0.3372543752193451,0.6595771312713623,0.26937687397003174,-1.0818641185760498
0.4551758749999989,0.0034223749999999996,133.0,4.080834718042982,-0.9402476514647805,1.170314687073106,-0.0024510432931106026,-0.00042934166151472025,-0.0011418469999366209,0.06754899815003275,-0.05882406234741211,0.18122771382331848,-0.17327508330345154,0.9562309980392456,0.411889910697937,-0.9927330017089844,0.6078863143920898,0.11642998456954956,-0.2998528480529785,0.6573479175567627,0.21961051225662231,-1.07256019115448
0.4551758749999989,0.0034223749999999996,133.0,4.058902020970572,-0.9186361642828746,1.1703273741967122,-0.0022419876561521777,-0.00039709873906878975,-0.0010473461334653154,0.0675667869823032,-0.056955158710479736,0.17938007414340973,-0.17580968141555786,0.9441618919372559,0.40460366010665894,-0.9892385005950928,0.6291705369949341,0.12181225419044495,-0.27467381954193115,0.6473033428192139,0.19279040396213531,-1.0658841133117676
0.4551758749999989,0.0034223749999999996,133.0,4.035702446889622,-0.895830163971536,1.1702708205706367,-0.0020353024278622674,-0.00036270143111973496,-0.0009528109399391539,0.06757061132848735,-0.05614623427391052,0.17826268076896667,-0.17824721336364746,0.9329687356948853,0.39263197779655457,-0.9832892417907715,0.6522054672241211,0.1262081265449524,-0.24633093178272247,0.6382334232330322,0.15556640923023224,-1.0590096712112427
0.4551758749999989,0.0034223749999999996,133.0,4.011725246127715,-0.871752654280833,1.170328407760238,-0.0018709959888174408,-0.000330711861965493,-0.0008767995265782516,0.06756625725795787,-0.056637078523635864,0.1808275431394577,-0.17763790488243103,0.9324147701263428,0.37854674458503723,-0.9775879383087158,0.6483180522918701,0.12414723634719849,-0.2329312562942505,0.6275708675384521,0.12119794636964798,-1.0561197996139526
0.4551758749999989,0.0034223749999999996,133.0,3.9871258379379007,-0.8471649527393477,1.170595721089203,-0.001667917032215699,-0.0002890982345203088,-0.0007864153067246139,0.06758568085173888,-0.05324020981788635,0.17982035875320435,-0.17816704511642456,0.9210444688796997,0.36251866817474365,-0.9795749187469482,0.6517995595932007,0.12985476851463318,-0.21395912766456604,0.6125221252441406,0.10297084599733353,-1.0504193305969238
0.4551758749999989,0.0034223749999999996,133.0,3.96150441432711,-0.8220681369213312,1.1706898920010655,-0.0014800119554694425,-0.00026319239446652995,-0.0007008746057376366,0.06758586414027141,-0.0524253249168396,0.17875303328037262,-0.1805199682712555,0.9091038703918457,0.3511233925819397,-0.9726862907409668,0.6738131046295166,0.13405290246009827,-0.1855798363685608,0.6015021800994873,0.0654619038105011,-1.0425986051559448
0.4551758749999989,0.0034223749999999996,133.0,3.9350544945751973,-0.7965677097858591,1.1707358296083847,-0.0012941734679329411,-0.00023581085223003983,-0.0006160661156063791,0.06759336297243596,-0.05374595522880554,0.17838983237743378,-0.18329837918281555,0.8976972103118896,0.34279996156692505,-0.9595286846160889,0.7053292989730835,0.13611185550689697,-0.15110497176647186,0.5933976173400879,0.013630906119942665,-1.033092975616455
0.4551758749999989,0.0034223749999999996,133.0,3.9078097921199335,-0.769887709376506,1.1707677472760547,-0.0011407182256793463,-0.00021056028467827237,-0.0005455440256470873,0.06759871491164382,-0.0518457293510437,0.17557303607463837,-0.18661370873451233,0.878147542476654,0.3285660147666931,-0.9522554874420166,0.7386914491653442,0.14358416199684143,-0.1109125167131424,0.5788326263427734,-0.027013760060071945,-1.0209906101226807
0.4551758749999989,0.0034223749999999996,133.0,3.880088558137891,-0.7426244410846196,1.1707582573300366,-0.0010039370243026752,-0.00018855689691425471,-0.00048202055098827,0.06761396495201985,-0.05075579881668091,0.1740456521511078,-0.18906621634960175,0.8613528609275818,0.3113914430141449,-0.9428122043609619,0.766025185585022,0.14891350269317627,-0.07256494462490082,0.5639922618865967,-0.07091990113258362,-1.0094093084335327
0.4551758749999989,0.0034223749999999996,133.0,3.851015330103041,-0.7143257466465892,1.1707662300535515,-0.000827870589433678,-0.00015781618092859534,-0.000398608777921962,0.06760961606569166,-0.049975037574768066,0.17212910950183868,-0.19162482023239136,0.8423534631729126,0.2986324429512024,-0.9324090480804443,0.7982335090637207,0.15388700366020203,-0.029968703165650368,0.5485851764678955,-0.11644073575735092,-0.9952787756919861
0.4551758749999989,0.0034223749999999996,133.0,3.821117393399118,-0.6853497638563772,1.1708792165949478,-0.0006939766263234744,-0.00013514657888923591,-0.00033571013708918524,0.06760592410366936,-0.049671024084091187,0.17000342905521393,-0.1943693310022354,0.8216263651847839,0.28345006704330444,-0.9196367263793945,0.8339118957519531,0.15941748023033142,0.016568586230278015,0.5335240364074707,-0.16587470471858978,-0.9799765348434448
0.4551758749999989,0.0034223749999999996,133.0,3.7903971589773837,-0.6553549120549031,1.171011649552241,-0.0005201208345476668,-0.00010263305715557585,-0.0002534001451869049,0.06760128799670743,-0.04853549599647522,0.16828113794326782,-0.19612738490104675,0.8019898533821106,0.2640002369880676,-0.9089159965515137,0.8597145080566406,0.16465306282043457,0.0580003522336483,0.5161597728729248,-0.210052028298378,-0.9654664993286133
0.4551758749999989,0.0034223749999999996,133.0,3.7589636005498566,-0.6242552044123806,1.171097522530417,-0.00032619705047985935,-6.380193975946137e-5,-0.00016041233082278347,0.0676029041433352,-0.04603385925292969,0.16722875833511353,-0.19644063711166382,0.7845574617385864,0.24206137657165527,-0.9028835296630859,0.8713945746421814,0.16871562600135803,0.09138298779726028,0.495349645614624,-0.24548260867595673,-0.9519820213317871
0.4551758749999989,0.0034223749999999996,133.0,3.7265510320623774,-0.5924094967401234,1.171206851541043,-0.00015219721325231212,-2.990152990790786e-5,-7.56523542645873e-5,0.06759386548431576,-0.044131726026535034,0.1658037155866623,-0.1970655620098114,0.7649425864219666,0.22061818838119507,-0.8940043449401855,0.8886488676071167,0.1729375720024109,0.12995827198028564,0.475189208984375,-0.28492358326911926,-0.9364846348762512
0.4551758749999989,0.0034223749999999996,133.0,3.6932508201838887,-0.5604174751975692,1.1715505145498903,1.6843050501158707e-5,3.3889262820898347e-6,8.468646722823561e-6,0.06758073998805747,-0.04308435320854187,0.1622387319803238,-0.19885897636413574,0.7373850345611572,0.20360074937343597,-0.8811209201812744,0.9234566688537598,0.17991700768470764,0.181988924741745,0.4563765525817871,-0.3259771764278412,-0.9158739447593689
0.4551758749999989,0.0034223749999999996,133.0,3.6590313972416175,-0.5271113364645575,1.1716891815776505,0.00018578071200574576,3.7753349008553824e-5,9.434143428385201e-5,0.06755800556169717,-0.04187887907028198,0.1602468490600586,-0.19948917627334595,0.714091420173645,0.18085041642189026,-0.8665933609008789,0.9453229904174805,0.18447008728981018,0.22749797999858856,0.4357576370239258,-0.3663172125816345,-0.8970361948013306
0.4551758749999989,0.0034223749999999996,133.0,3.623611455057653,-0.4924092977807953,1.171602547157871,0.0003683456768786194,7.448354256653627e-5,0.00018941201328959986,0.06751943668630697,-0.04074716567993164,0.15982745587825775,-0.19928282499313354,0.6956261396408081,0.15882816910743713,-0.8514244556427002,0.9559062719345093,0.18590909242630005,0.2653147876262665,0.4141216278076172,-0.4067111015319824,-0.8798655271530151
0.4551758749999989,0.0034223749999999996,133.0,3.587553629468803,-0.45740393817083663,1.1716987677556885,0.0005113283923472146,0.0001043762666960137,0.0002660732888341367,0.06748316760975177,-0.039649784564971924,0.157742440700531,-0.19930216670036316,0.6708690524101257,0.13636799156665802,-0.8339555263519287,0.9744877219200134,0.18997833132743835,0.3111884593963623,0.39307618141174316,-0.4423728883266449,-0.8591030836105347
0.4551758749999989,0.0034223749999999996,133.0,3.5506521209285644,-0.42161341589780904,1.1718127994880099,0.0006721683503387684,0.00013839224370334468,0.00035422140724681293,0.06744117014923362,-0.03852653503417969,0.15547379851341248,-0.19891493022441864,0.6440359950065613,0.11338549852371216,-0.8136701583862305,0.9917978048324585,0.1939997375011444,0.3593897819519043,0.3712778091430664,-0.47574013471603394,-0.8362260460853577
0.4551758749999989,0.0034223749999999996,133.0,3.512972877694948,-0.38502592790286855,1.1719270099150854,0.0008430323938456033,0.00017504743512837767,0.0004499954980343032,0.06739542388989825,-0.03735363483428955,0.1528250277042389,-0.19820387661457062,0.6125773787498474,0.08954279869794846,-0.7886250019073486,1.0085545778274536,0.19848886132240295,0.41409721970558167,0.34830141067504883,-0.5068493485450745,-0.8092029094696045
0.4551758749999989,0.0034223749999999996,133.0,3.474358873792044,-0.34762706424404594,1.1721162398578642,0.0010363666827649537,0.00021593666121661056,0.0005621108487760369,0.06734135477812137,-0.03605473041534424,0.14954227209091187,-0.19695457816123962,0.5748736262321472,0.0646735280752182,-0.7564594745635986,1.0236835479736328,0.2039833664894104,0.47572851181030273,0.32390785217285156,-0.5311250686645508,-0.7769660353660583
0.4551758749999989,0.0034223749999999996,133.0,3.43510451097034,-0.3094627214757833,1.1722038876462146,0.0012199035312109039,0.0002548159524734859,0.0006704587010902352,0.06728425010165584,-0.034655600786209106,0.14548635482788086,-0.19480882585048676,0.5309853553771973,0.04134373739361763,-0.7160706520080566,1.0340312719345093,0.2106257975101471,0.5422842502593994,0.29977846145629883,-0.5406506657600403,-0.7397415637969971
0.4551758749999989,0.0034223749999999996,133.0,3.3946163401751983,-0.2708237951014696,1.172660540205304,0.0013375043283228294,0.0002842145558152223,0.0007456133432745149,0.06721866039147192,-0.0350286066532135,0.13688445091247559,-0.1893836259841919,0.4707157015800476,0.03402598574757576,-0.647911787033081,1.0483721494674683,0.22603708505630493,0.6093693375587463,0.29010748863220215,-0.4797053635120392,-0.6952123641967773
0.4551758749999989,0.0034223749999999996,133.0,3.353481809703718,-0.2308133883020094,1.1726685241482375,0.0014887278799147804,0.00031743140420291584,0.0008412486459594264,0.06715479383414784,-0.03842955827713013,0.12739992141723633,-0.17979121208190918,0.38970375061035156,0.045592762529850006,-0.511204719543457,1.0417200326919556,0.261986643075943,0.6208524703979492,0.3379676342010498,-0.29612618684768677,-0.6512590646743774
0.4551758749999989,0.0034223749999999996,133.0,3.310985555596798,-0.18910116765691903,1.1721558139124135,0.001634364681910549,0.0003476318675662562,0.0009412780671792028,0.06706972062913644,-0.04448142647743225,0.12194109708070755,-0.17427727580070496,0.3072199523448944,0.08500933647155762,-0.2950565814971924,0.9793884754180908,0.3162851929664612,0.5647167563438416,0.44974398612976074,-0.08975770324468613,-0.6246261596679688
0.4551758749999989,0.0034223749999999996,133.0,3.2697134079449133,-0.1463577773349667,1.174527239875543,0.0017724055048916252,0.0003618404146225856,0.001034569060237657,0.06699193522828054,-0.10840290784835815,0.11143728345632553,-0.10964533686637878,0.039145246148109436,0.12841159105300903,-0.16840529441833496,0.652942955493927,0.5432820320129395,0.8987655639648438,1.2046022415161133,-0.3909734785556793,-0.584872305393219
0.4551758749999989,0.0034223749999999996,133.0,3.2258520337351198,-0.10367165195812428,1.1740308834736193,0.0018695709260597379,0.00040656396908355123,0.0010890387700693927,0.06693249206501077,-0.1301763653755188,0.11209439486265182,-0.1046803891658783,-0.08881202340126038,0.22235044836997986,0.22325754165649414,0.4916657507419586,0.6052830815315247,0.9149786233901978,1.3848836421966553,-0.7381120324134827,-0.5194565057754517
0.4551758749999989,0.0034223749999999996,133.0,3.176435059749181,-0.0574045494632428,1.175031652024686,0.0018348409639434473,0.00041890477567880493,0.0011165589836109229,0.06670914113141337,-0.18537607789039612,0.1479773223400116,-0.0877748429775238,-0.17632123827934265,0.3320884704589844,0.5355173349380493,0.37586483359336853,0.6201669573783875,0.7974821329116821,1.768867015838623,-1.2359037399291992,-0.4479724168777466
0.4551758749999989,0.0034223749999999996,133.0,3.1133939391448706,0.01016514775931973,1.1722031866874802,0.0017084657858940683,-0.00012191983332075289,0.0012573531531298139,0.06552244162851077,-0.3399854004383087,0.30954110622406006,-0.08411166071891785,0.18472908437252045,-0.06353778392076492,1.1142346858978271,-0.5180628299713135,0.7799726724624634,-1.1554898023605347,3.2675023078918457,-1.4403773546218872,-0.9667070508003235
0.4551758749999989,0.0034223749999999996,133.0,3.041313982085232,0.043756755792250863,1.1706705276909215,0.00010635919552657283,-4.1911902994663936e-6,7.499724741821972e-5,0.0642295012554715,-0.4842317998409271,0.18836429715156555,-0.10862743854522705,0.9892635941505432,-0.6914637088775635,1.1854443550109863,0.6952212452888489,0.2270035743713379,-1.5287662744522095,2.7290821075439453,-0.7322842478752136,-1.217307209968567
0.4551758749999989,0.0034223749999999996,133.0,3.07762922787985,0.08009462725478178,1.1785512306476449,-0.0018204455258134576,2.998994045043501e-6,-0.0012167394078718698,0.06356870209449125,-0.516446590423584,0.2040005773305893,-0.051060229539871216,1.3277902603149414,-0.7663141489028931,1.2161328792572021,0.46706974506378174,0.2296225130558014,-1.6887693405151367,2.74461030960083,-0.5857338905334473,-1.559492826461792
0.4551758749999989,0.0034223749999999996,133.0,3.102669561313373,0.13573150799850914,1.1982379738552487,-0.002176802543166031,0.00042193671272146055,-0.001266672066001442,0.06206423560958339,-0.5839970111846924,0.2491893470287323,0.06401130557060242,1.8350154161453247,-1.2597697973251343,1.137900948524475,-0.421535462141037,0.4768976867198944,-1.880376935005188,2.671504020690918,-0.23450686037540436,-2.3146679401397705
0.4551758749999989,0.0034223749999999996,133.0,3.1374519664745004,0.18644332439846786,1.2068681776909183,-0.0022235342321731476,0.0005466183111119791,-0.0012081188496071038,0.06142247298819287,-0.5950863361358643,0.26068317890167236,0.0948476493358612,1.9054749011993408,-1.4795514345169067,1.0792417526245117,-0.5405288338661194,0.5449137687683105,-1.8939133882522583,2.530649185180664,-0.19452206790447235,-2.4532010555267334
0.4551758749999989,0.0034223749999999996,133.0,3.178668267468899,0.23177625417263908,1.2101628023623594,-0.0021218484290002905,0.0005144024537224799,-0.0011141276989422653,0.06127745145558423,-0.5875334739685059,0.25543415546417236,0.10952451825141907,1.9634370803833008,-1.4567787647247314,1.0481609106063843,-0.484083354473114,0.4806099832057953,-1.8809614181518555,2.400273323059082,-0.060862861573696136,-2.4467058181762695
0.4551758749999989,0.0034223749999999996,133.0,3.2201073618174356,0.27500286405267854,1.2127441699797026,-0.001958058767258082,0.0004688604453619948,-0.0009959646010533662,0.061214623058454404,-0.5366579294204712,0.21732038259506226,0.12337508797645569,1.9338557720184326,-1.3597015142440796,0.9765225648880005,-0.4760320484638214,0.35420122742652893,-1.6391444206237793,2.0777530670166016,0.2588723301887512,-2.288191795349121
0.4551758749999989,0.0034223749999999996,133.0,3.2613888230743,0.3164476700115483,1.2142074000463186,-0.0017458673504958436,0.00040522089585638075,-0.0008644659914742535,0.061244259177343274,-0.4894894063472748,0.18295711278915405,0.12887099385261536,1.85621178150177,-1.2831871509552002,0.899062991142273,-0.45845016837120056,0.2694900929927826,-1.4386601448059082,1.8009467124938965,0.5887847542762756,-2.1241719722747803
0.4551758749999989,0.0034223749999999996,133.0,3.3023332786277164,0.35670940904578985,1.2151629529087178,-0.0016497182565420223,0.00036711345768158064,-0.0007972088067108216,0.06130677346985442,-0.3873007595539093,0.10382048785686493,0.1755264699459076,1.6217423677444458,-0.35475072264671326,0.24283790588378906,-0.7013000249862671,-0.3167773485183716,-1.7475649118423462,1.6574130058288574,0.8823273181915283,-1.2956453561782837
0.4551758749999989,0.0034223749999999996,133.0,3.3436198813522484,0.3955169235433304,1.2172412167652251,-0.0014119195916153665,0.00031023631754404865,-0.0006715331090112709,0.061376664745419654,-0.34909018874168396,0.09352271258831024,0.18200352787971497,1.5935566425323486,-0.2727583050727844,0.1017160415649414,-0.746390700340271,-0.34340590238571167,-1.6472357511520386,1.4359033107757568,1.1076006889343262,-1.2402253150939941
0.4551758749999989,0.0034223749999999996,133.0,3.384581556792431,0.4333586333652093,1.2196826665935179,-0.0012292324821077693,0.00026784623865856673,-0.000573156636289879,0.061466368685369865,-0.32101359963417053,0.09020942449569702,0.18878301978111267,1.5798676013946533,-0.18983615934848785,-0.010823488235473633,-0.7774331569671631,-0.3636660575866699,-1.5950204133987427,1.2707390785217285,1.2044057846069336,-1.2057216167449951
0.4551758749999989,0.0034223749999999996,133.0,3.4244060990395053,0.47052271062821593,1.221458462956838,-0.0009998921009741564,0.00021569590740645508,-0.00045612188732098874,0.061567608513297276,-0.3071177303791046,0.09412623196840286,0.19247832894325256,1.5826948881149292,-0.12943238019943237,-0.07082939147949219,-0.7872505187988281,-0.3675115704536438,-1.614215612411499,1.1947863101959229,1.2020654678344727,-1.2044708728790283
0.4551758749999989,0.0034223749999999996,133.0,3.463632190979543,0.5067295425107264,1.2232569744629416,-0.000794600315991636,0.00017175988159103946,-0.00035700901555444774,0.061678088387560975,-0.30071040987968445,0.09871307015419006,0.19327464699745178,1.5953352451324463,-0.0730733871459961,-0.10375499725341797,-0.7888391613960266,-0.37429022789001465,-1.6696962118148804,1.1679997444152832,1.1781498193740845,-1.2103478908538818
0.4551758749999989,0.0034223749999999996,133.0,3.501934296972836,0.542200918246493,1.224907828106445,-0.0005991116555906952,0.00013023408401057886,-0.0002658507678120543,0.06177952962769222,-0.2955062687397003,0.10293884575366974,0.19493767619132996,1.6103976964950562,-0.02653660625219345,-0.13393115997314453,-0.7928003668785095,-0.38210445642471313,-1.713735818862915,1.1435575485229492,1.1598926782608032,-1.2175729274749756
0.4551758749999989,0.0034223749999999996,133.0,3.5393400397402615,0.5768938715384708,1.2264323720968515,-0.00041151689409190984,8.935575165078925e-5,-0.0001795702458672712,0.061874034503706835,-0.2913036644458771,0.1062685176730156,0.196773499250412,1.6245180368423462,0.011868102476000786,-0.1614222526550293,-0.7970848083496094,-0.39061063528060913,-1.746099591255188,1.122668981552124,1.149902105331421,-1.223154067993164
0.4551758749999989,0.0034223749999999996,133.0,3.57580893390442,0.6107991352481167,1.2278328910139649,-0.00023057619136136314,5.011833251168363e-5,-9.924844630220102e-5,0.06196119781987563,-0.2876637876033783,0.10974247008562088,0.19909170269966125,1.6399027109146118,0.0436742790043354,-0.18675708770751953,-0.8032140731811523,-0.39851051568984985,-1.7707539796829224,1.1018397808074951,1.1378684043884277,-1.2305799722671509
0.4551758749999989,0.0034223749999999996,133.0,3.6108399324280667,0.6437955790908662,1.2284102534608652,-6.846045448328315e-5,1.5097793038798663e-5,-2.9512151674223668e-5,0.062063893817293735,-0.28511056303977966,0.11173727363348007,0.1971929371356964,1.6397348642349243,0.055511534214019775,-0.20073580741882324,-0.8008792996406555,-0.39333778619766235,-1.8021459579467773,1.1063802242279053,1.1497609615325928,-1.2357468605041504
0.4551758749999989,0.0034223749999999996,133.0,3.6449867450798226,0.6760487630176165,1.2295546330299028,0.00014758930434610206,-3.304333606503271e-5,6.298987212330091e-5,0.06213407334594052,-0.2826071083545685,0.11376195400953293,0.19780227541923523,1.6473162174224854,0.06911219656467438,-0.21604037284851074,-0.812157928943634,-0.3956255316734314,-1.820712685585022,1.096808910369873,1.1514357328414917,-1.2410542964935303
0.4551758749999989,0.0034223749999999996,133.0,3.679738624757965,0.7055404862068709,1.2293358116131043,0.0003477053446227518,-7.769167187522805e-5,0.00014492301759613712,0.06235739169855805,-0.2772606313228607,0.11597947776317596,0.20303639769554138,1.6677567958831787,0.09625690430402756,-0.24792742729187012,-0.834054708480835,-0.4114450216293335,-1.8187566995620728,1.0520076751708984,1.1316027641296387,-1.2454774379730225
0.4551758749999989,0.0034223749999999996,133.0,3.7124210552263865,0.7360781794409283,1.2307567714966612,0.0005485950294623793,-0.0001254001917795933,0.0002266570868691151,0.062430488330636115,-0.27410444617271423,0.11808911710977554,0.20560917258262634,1.6804494857788086,0.11021643131971359,-0.2666144371032715,-0.8522425889968872,-0.4180893898010254,-1.8255503177642822,1.0283052921295166,1.1236708164215088,-1.2514431476593018
0.4551758749999989,0.0034223749999999996,133.0,3.744624791675917,0.7662163937502341,1.2327111946863345,0.0007880487379468508,-0.00018060911719180737,0.0003203034724871838,0.06246172518606519,-0.27195432782173157,0.12285883724689484,0.20733514428138733,1.6945624351501465,0.14601494371891022,-0.2875189781188965,-0.8496448397636414,-0.4233994483947754,-1.8475245237350464,1.018061637878418,1.103310227394104,-1.2602579593658447
0.4551758749999989,0.0034223749999999996,133.0,3.7760427496182443,0.7953577528498432,1.234678051950704,0.000959243630591535,-0.0002207545776657019,0.00038259528498829577,0.06250680653054035,-0.2694445550441742,0.1260678619146347,0.20969745516777039,1.7079861164093018,0.17787404358386993,-0.30898022651672363,-0.8523887991905212,-0.4325712323188782,-1.8581730127334595,1.0003163814544678,1.0893678665161133,-1.2644792795181274
0.4551758749999989,0.0034223749999999996,133.0,3.806390960445096,0.8237400516994162,1.2367258347862125,0.001177964835158024,-0.00027491902610306674,0.00046165895586579726,0.06253175274972897,-0.26699575781822205,0.12923341989517212,0.2117777168750763,1.7202558517456055,0.19980134069919586,-0.3271830081939697,-0.8579610586166382,-0.4382186532020569,-1.8658140897750854,0.9824602603912354,1.0748536586761475,-1.2710707187652588
0.4551758749999989,0.0034223749999999996,133.0,3.8355479029516335,0.8509699090443913,1.2376194975566306,0.0013448973885171697,-0.00031596886108041424,0.0005206202284738124,0.06259473679690461,-0.26388058066368103,0.12942984700202942,0.2123906910419464,1.7234281301498413,0.2077365666627884,-0.342404842376709,-0.8677899241447449,-0.440762460231781,-1.8676872253417969,0.9668934345245361,1.082045078277588,-1.2717472314834595
0.4551758749999989,0.0034223749999999996,133.0,3.8641629127730748,0.8774328318152255,1.2391008471897913,0.0015309967412420794,-0.0003641020562464555,0.0005853756533789176,0.06264396473247465,-0.2615937292575836,0.13100296258926392,0.21393880248069763,1.731021523475647,0.22431764006614685,-0.3583827018737793,-0.8739932775497437,-0.44600170850753784,-1.8712369203567505,0.9520251750946045,1.078661322593689,-1.2741072177886963
0.4551758749999989,0.0034223749999999996,133.0,3.8921040826839204,0.9030588775895457,1.2402215025822523,0.0017531375526109877,-0.0004182615170982949,0.0006648696425620699,0.06270418901431254,-0.25951263308525085,0.13322651386260986,0.21525588631629944,1.738794207572937,0.24689403176307678,-0.3754093647003174,-0.874358594417572,-0.4511639475822449,-1.8784111738204956,0.9404716491699219,1.0731769800186157,-1.276757836341858
0.4551758749999989,0.0034223749999999996,133.0,3.9190149504085254,0.9279624517063412,1.2417692845403916,0.0019794656199474863,-0.00047944563451696696,0.0007409675261343114,0.06274303834922706,-0.25746068358421326,0.13562621176242828,0.2181200087070465,1.7504303455352783,0.26006683707237244,-0.3901937007904053,-0.8862665891647339,-0.45767486095428467,-1.8757870197296143,0.9189760684967041,1.0575313568115234,-1.281792402267456
0.4551758749999989,0.0034223749999999996,133.0,3.9449155080345526,0.9515772922888994,1.2427176486107179,0.0022277933832828057,-0.0005498821298723429,0.0008274766496808272,0.06279818350727347,-0.25515201687812805,0.1344735324382782,0.21718350052833557,1.7473689317703247,0.25660374760627747,-0.3974575996398926,-0.8965775966644287,-0.4548967480659485,-1.8769779205322266,0.9134047031402588,1.0747103691101074,-1.2816272974014282
0.4551758749999989,0.0034223749999999996,133.0,3.969803255161362,0.9747685998426951,1.2437034243454723,0.002412586127274178,-0.0005989632607552088,0.0008865658746283081,0.06284924864993077,-0.25341370701789856,0.13561981916427612,0.2184613049030304,1.7527624368667603,0.2700565755367279,-0.4104726314544678,-0.9013352394104004,-0.4590449333190918,-1.8790481090545654,0.9023244380950928,1.0738484859466553,-1.2828953266143799
0.4551758749999989,0.0034223749999999996,133.0,3.9938084715866555,0.9971082793876518,1.2448277334948954,0.0026458772446671004,-0.0006661472099880321,0.0009654072523686505,0.062897827814546,-0.2518247067928314,0.13671599328517914,0.21977093815803528,1.7581102848052979,0.28277966380119324,-0.42255401611328125,-0.9071674346923828,-0.46315014362335205,-1.8802145719528198,0.8913800716400146,1.0724568367004395,-1.2841516733169556
0.4551758749999989,0.0034223749999999996,133.0,4.017065322087112,1.0186583547818278,1.2458110744116189,0.0028844440013306946,-0.0007316841213363389,0.0010415685179639039,0.06293701564977786,-0.2501654326915741,0.13782089948654175,0.22048154473304749,1.7617723941802979,0.2904808819293976,-0.43265414237976074,-0.9129897356033325,-0.4642314314842224,-1.8820712566375732,0.8827400207519531,1.0714285373687744,-1.2867684364318848
0.4551758749999989,0.0034223749999999996,133.0,4.0396028175318035,1.0392911529831672,1.2469003684666267,0.0031334683763444286,-0.0008065883465236549,0.0011237225698301865,0.06297562429147266,-0.24873343110084534,0.1396532654762268,0.2213311493396759,1.7666341066360474,0.30108189582824707,-0.44321203231811523,-0.9163221716880798,-0.4655301570892334,-1.8850419521331787,0.8749852180480957,1.0659141540527344,-1.2903579473495483
0.4551758749999989,0.0034223749999999996,133.0,4.0613109961858385,1.0589548513653249,1.2481572699401007,0.00338863081729848,-0.0008827634281406634,0.0011981247347839263,0.06299525696787413,-0.24710044264793396,0.13881847262382507,0.22108355164527893,1.7653487920761108,0.3000195622444153,-0.44897913932800293,-0.9262146949768066,-0.4645564556121826,-1.8837828636169434,0.8691587448120117,1.0767741203308105,-1.2901169061660767
0.4551758749999989,0.0034223749999999996,133.0,4.08186311122217,1.078432685561908,1.2498866658440495,0.0035887032113174526,-0.0009405693432969206,0.0012495251120261564,0.0630115031914017,-0.24621716141700745,0.14176508784294128,0.22471323609352112,1.778430461883545,0.3164844810962677,-0.4617166519165039,-0.9340434670448303,-0.4734547734260559,-1.878892183303833,0.8495125770568848,1.0545049905776978,-1.2941535711288452
0.4551758749999989,0.0034223749999999996,133.0,4.1017893153002,1.0964247577394508,1.2508688349433985,0.0038070022599538673,-0.001013745637391366,0.0013198315462465975,0.06304131880603807,-0.24479714035987854,0.14169083535671234,0.22521796822547913,1.7798881530761719,0.3211941123008728,-0.469285249710083,-0.9408896565437317,-0.4750126004219055,-1.8777540922164917,0.8415813446044922,1.0590144395828247,-1.2940925359725952
0.4551758749999989,0.0034223749999999996,133.0,4.120461677907277,1.1136787539592903,1.251366922195774,0.003994900677036604,-0.0010772375422548265,0.0013778866892528519,0.06308934109802945,-0.24341633915901184,0.14100854098796844,0.2233528196811676,1.7740561962127686,0.3173527717590332,-0.47261691093444824,-0.9437696933746338,-0.4683697819709778,-1.8846588134765625,0.8473422527313232,1.0758190155029297,-1.2950783967971802
0.4551758749999989,0.0034223749999999996,133.0,4.13855513066235,1.1306821980333255,1.2526816568191235,0.004222793535544657,-0.0011419128983561524,0.0014406221250733483,0.06311098962520227,-0.24260815978050232,0.14381344616413116,0.2262081801891327,1.7844842672348022,0.3324192464351654,-0.4841952323913574,-0.9479355812072754,-0.47485673427581787,-1.8827372789382935,0.8324582576751709,1.0571520328521729,-1.2989223003387451
0.4551758749999989,0.0034223749999999996,133.0,4.1558084505963455,1.1462197691358156,1.2536618776152715,0.0044204584146463125,-0.0012073135106864614,0.001491757063816107,0.06314049443343922,-0.24109312891960144,0.1445561945438385,0.22812321782112122,1.7900502681732178,0.3394679129123688,-0.49311184883117676,-0.95606929063797,-0.47977733612060547,-1.8766475915908813,0.8161404132843018,1.049001932144165,-1.2995128631591797
0.4551758749999989,0.0034223749999999996,133.0,4.172131101073392,1.1607802179731874,1.254009713789213,0.004612950041130441,-0.0012706594328021246,0.0015491001178433513,0.06318250933082542,-0.23935672640800476,0.1432269811630249,0.22681304812431335,1.7845152616500854,0.34119492769241333,-0.4987952709197998,-0.9575784802436829,-0.47685104608535767,-1.8797677755355835,0.8165559768676758,1.0665478706359863,-1.297060489654541
0.4551758749999989,0.0034223749999999996,133.0,4.187828869514898,1.174546517927911,1.2546733231779408,0.00476330406222726,-0.0013216910674421385,0.0015886118000944403,0.06322104618748446,-0.23727983236312866,0.14218062162399292,0.22683629393577576,1.7826566696166992,0.3448455035686493,-0.506232738494873,-0.9617800116539001,-0.4780311584472656,-1.8750438690185547,0.8064417839050293,1.073712944984436,-1.2940802574157715
0.4551758749999989,0.0034223749999999996,133.0,4.202538996593013,1.1876987361703186,1.2554900814171803,0.0048990519703814685,-0.0013715277570579328,0.0016177666515098243,0.06325648805559028,-0.2349608838558197,0.142300084233284,0.2270926535129547,1.7822513580322266,0.3465292155742645,-0.5140628814697266,-0.9657688736915588,-0.4776734709739685,-1.868727207183838,0.79388427734375,1.0702468156814575,-1.2940428256988525
0.4551758749999989,0.0034223749999999996,133.0,4.216524420012076,1.2001080072125505,1.2565876057323766,0.005045056710218794,-0.0014229327767906039,0.0016517855075367243,0.06328046569092123,-0.2328958809375763,0.14181013405323029,0.22788891196250916,1.7829402685165405,0.3528454601764679,-0.5225369930267334,-0.9692913889884949,-0.4804455637931824,-1.8631659746170044,0.7792930603027344,1.0696828365325928,-1.2919588088989258
0.4551758749999989,0.0034223749999999996,133.0,4.229649473225101,1.2116989918364414,1.2573061114349244,0.005200889241529627,-0.001469381099924562,0.0016896508970761876,0.06330924407733708,-0.2312101125717163,0.14226610958576202,0.23031267523765564,1.78791081905365,0.3639525771141052,-0.5337402820587158,-0.9728015661239624,-0.48709404468536377,-1.855181097984314,0.759758710861206,1.0608699321746826,-1.2902066707611084
0.4551758749999989,0.0034223749999999996,133.0,4.241668828324651,1.22317797302841,1.2587825450244274,0.005366309297370461,-0.0015150764181920365,0.0017235012534968408,0.06331224908080371,-0.23077404499053955,0.14444223046302795,0.2319100797176361,1.7936817407608032,0.38150814175605774,-0.5432014465332031,-0.9674130082130432,-0.4916641116142273,-1.8575392961502075,0.7523398399353027,1.04987370967865,-1.2913801670074463
0.4551758749999989,0.0034223749999999996,133.0,4.2526597950669425,1.234296631273807,1.260157197569796,0.005532350374784902,-0.0015468359437165952,0.0017528500938250265,0.06330544313700438,-0.23068273067474365,0.14844578504562378,0.23437777161598206,1.8032841682434082,0.4025494456291199,-0.5540421009063721,-0.9600762724876404,-0.49739474058151245,-1.8600842952728271,0.7425317764282227,1.0257123708724976,-1.2951586246490479
0.4551758749999989,0.0034223749999999996,133.0,4.262853334994676,1.244200552493593,1.261664680188909,0.005715385739225247,-0.0015982380974774236,0.001791631696167713,0.06331389699255714,-0.23087918758392334,0.15246306359767914,0.23795703053474426,1.8155262470245361,0.4230769872665405,-0.5644412040710449,-0.9566116333007812,-0.5062306523323059,-1.85768461227417,0.7269852161407471,0.9960124492645264,-1.2983982563018799
0.4551758749999989,0.0034223749999999996,133.0,4.271534259783681,1.2553173167891467,1.2640491393437379,0.005964030748783645,-0.0016735372441035712,0.0018854719605945302,0.06315798319373853,-0.23254075646400452,0.15580038726329803,0.23600825667381287,1.8168686628341675,0.44455474615097046,-0.5657579898834229,-0.9373340606689453,-0.5021422505378723,-1.8808084726333618,0.7484879493713379,0.997104287147522,-1.3039820194244385
0.4551758749999989,0.0034223749999999996,133.0,4.2798689857788625,1.263846561128001,1.2654247680805983,0.006243506056763095,-0.0017541300406270445,0.00195915282048094,0.06315131354178662,-0.23330944776535034,0.15997722744941711,0.2377273142337799,1.8255072832107544,0.46610385179519653,-0.5728311538696289,-0.9277001023292542,-0.5072125792503357,-1.8846368789672852,0.7451064586639404,0.9740248918533325,-1.3074710369110107
0.4551758749999989,0.0034223749999999996,133.0,4.287316390380376,1.2711775220259856,1.2662180751831342,0.00666269541149262,-0.001876347185133194,0.0020838026242111026,0.06316473123894582,-0.23328325152397156,0.16219058632850647,0.2393268644809723,1.8311983346939087,0.48157206177711487,-0.5796947479248047,-0.9235657453536987,-0.512065589427948,-1.882920742034912,0.7363262176513672,0.9589722156524658,-1.3082410097122192
0.4551758749999989,0.0034223749999999996,133.0,4.293866376824606,1.2779702708533778,1.2672378441271737,0.007375445785971465,-0.0020705904887671307,0.002281267286673853,0.06316088812981928,-0.2334108054637909,0.1648881733417511,0.24146518111228943,1.8388681411743164,0.4951537251472473,-0.5858862400054932,-0.9228739142417908,-0.517094075679779,-1.877456545829773,0.7238600254058838,0.9355836510658264,-1.3107484579086304
0.4551758749999989,0.0034223749999999996,133.0,4.2996252837898865,1.2838043448187286,1.2681671222309545,0.008985564975629056,-0.0025236534300447653,0.0027401272629539804,0.06316439672805321,-0.233352392911911,0.16718454658985138,0.24435779452323914,1.8478728532791138,0.5061044096946716,-0.5928332805633545,-0.9297773241996765,-0.5222744345664978,-1.8636518716812134,0.7036910057067871,0.905951976776123,-1.3143665790557861
0.4551758749999989,0.0034223749999999996,133.0,4.304365882536386,1.2885715873407577,1.2693118592914971,0.01665879706563441,-0.004842985951390334,0.004952165259678483,0.0631563100617194,-0.23275795578956604,0.16439971327781677,0.24673661589622498,1.853907823562622,0.5135101079940796,-0.6019275188446045,-0.9650474190711975,-0.519063413143158,-1.8229025602340698,0.6702713966369629,0.8850268125534058,-1.3233669996261597
0.4551758749999989,0.0034223749999999996,133.0,4.32513657883391,-1.206969017658845,1.1620387979881481,-0.014309958629523022,-0.0015656253011374752,-0.006522811899662408,0.06758155874514898,-0.046424150466918945,0.1864815354347229,-0.12583255767822266,1.0322718620300293,0.4435993432998657,-1.1378905773162842,0.19679133594036102,0.09108719229698181,-0.6017802357673645,0.643834114074707,0.7191621661186218,-1.1246719360351562
0.4551758749999989,0.0034223749999999996,133.0,4.320381833623307,-1.201747918457074,1.1622275947083396,-0.007713202644637895,-0.00082596675415825,-0.003553707491564073,0.06754547418549639,-0.047673583030700684,0.18864530324935913,-0.1261725127696991,1.0326191186904907,0.4422720670700073,-1.1351008415222168,0.21281439065933228,0.0885985791683197,-0.5999793410301208,0.6743693351745605,0.6906297206878662,-1.1221085786819458
0.4551758749999989,0.0034223749999999996,133.0,4.3145865260672895,-1.1959309901871553,1.162130724710119,-0.006338083467721568,-0.000682974289306289,-0.002920600942899764,0.06752150938686596,-0.049939125776290894,0.19037072360515594,-0.126717209815979,1.0359997749328613,0.4434691071510315,-1.1286497116088867,0.22242675721645355,0.08532077074050903,-0.5964334011077881,0.6811394691467285,0.6664087772369385,-1.1220006942749023
0.4551758749999989,0.0034223749999999996,133.0,4.3079522333348335,-1.1896334821179098,1.16185613431265,-0.005731935620502584,-0.0006280687341051526,-0.0026422618933779124,0.06750704124459543,-0.051352739334106445,0.19007524847984314,-0.129521906375885,1.0350786447525024,0.4502723813056946,-1.118161678314209,0.24637742340564728,0.08525750041007996,-0.5880574584007263,0.6858174800872803,0.6465949416160583,-1.1210143566131592
0.4551758749999989,0.0034223749999999996,133.0,4.300438027085444,-1.1826141796870961,1.1614601606072084,-0.005378809648749529,-0.0006183013566818003,-0.002480026161831823,0.06748822975833078,-0.0536687970161438,0.19050931930541992,-0.1319391131401062,1.0362380743026733,0.45496469736099243,-1.1074368953704834,0.2692091763019562,0.08361762762069702,-0.5787488222122192,0.6898810863494873,0.6204987168312073,-1.1204612255096436
0.4551758749999989,0.0034223749999999996,133.0,4.291632744865508,-1.1765807679724256,1.1585679933437603,-0.005129061096009102,-0.0006636269913706109,-0.002360019480700542,0.06753527308141886,-0.053990960121154785,0.18937323987483978,-0.13473519682884216,1.032392978668213,0.4558427035808563,-1.09983491897583,0.2943565249443054,0.0848589539527893,-0.5619415640830994,0.6901154518127441,0.6001182794570923,-1.117897391319275
0.4551758749999989,0.0034223749999999996,133.0,4.2823060040752035,-1.1681262666239167,1.1579739913757414,-0.0049236017728134344,-0.0006714787119458067,-0.0022678125464828565,0.06751751909530039,-0.05600592494010925,0.1879485547542572,-0.1397029459476471,1.02876877784729,0.4650982916355133,-1.0837774276733398,0.33701375126838684,0.0861160159111023,-0.5443859100341797,0.6950774192810059,0.5688585638999939,-1.1156041622161865
0.4551758749999989,0.0034223749999999996,133.0,4.272307375859284,-1.1586223030489515,1.1575881660432537,-0.0047709775712490255,-0.000665747901160262,-0.0021958744415876644,0.06750344293397983,-0.05808955430984497,0.188197061419487,-0.1422978937625885,1.0287389755249023,0.4663166105747223,-1.0736887454986572,0.3593759536743164,0.08537933230400085,-0.5321028232574463,0.6976656913757324,0.542320191860199,-1.1147512197494507
0.4551758749999989,0.0034223749999999996,133.0,4.261421299878238,-1.1484476887853927,1.157072869527239,-0.0046330611750877715,-0.0006809903550547494,-0.002130180251743263,0.06748234134655874,-0.060732126235961914,0.18769530951976776,-0.14641273021697998,1.0265731811523438,0.470473051071167,-1.0588796138763428,0.39650553464889526,0.08553552627563477,-0.5136080384254456,0.7019350528717041,0.5061513185501099,-1.1127040386199951
0.4551758749999989,0.0034223749999999996,133.0,4.249676322313176,-1.1375603451197702,1.1566239944227648,-0.0044936157602045255,-0.0006918989278681568,-0.002066903428920154,0.06746623691114065,-0.06289401650428772,0.18661992251873016,-0.1509082317352295,1.0228033065795898,0.4754038453102112,-1.0444483757019043,0.43533608317375183,0.08664852380752563,-0.4938969314098358,0.7056446075439453,0.473587304353714,-1.1100554466247559
0.4551758749999989,0.0034223749999999996,133.0,4.237350091057363,-1.1257326670027306,1.1563481079783482,-0.00436502939609358,-0.0006896275049435456,-0.0020073127454042945,0.06746026597393201,-0.06441625952720642,0.1862695813179016,-0.1539776623249054,1.0195024013519287,0.47178542613983154,-1.0346949100494385,0.46081089973449707,0.08810156583786011,-0.47629687190055847,0.7073259353637695,0.4444418251514435,-1.1081181764602661
0.4551758749999989,0.0034223749999999996,133.0,4.224306542906333,-1.1130628821607482,1.156048910741968,-0.004235566226403133,-0.0006802734498275909,-0.0019444666679312805,0.06745552555821767,-0.0651872456073761,0.18556465208530426,-0.15685060620307922,1.0157365798950195,0.4716891348361969,-1.0269911289215088,0.4837130308151245,0.08943906426429749,-0.459799200296402,0.7072615623474121,0.4254995286464691,-1.105643630027771
0.4551758749999989,0.0034223749999999996,133.0,4.210721022496249,-1.0993681408289488,1.1561085214558786,-0.004123625255543037,-0.0006558113183841892,-0.0018916673503017799,0.06746766123231278,-0.06460759043693542,0.18587233126163483,-0.15761438012123108,1.0123546123504639,0.46216925978660583,-1.0256483554840088,0.48646098375320435,0.09159499406814575,-0.4487713873386383,0.7034192085266113,0.41319164633750916,-1.1042671203613281
0.4551758749999989,0.0034223749999999996,133.0,4.196709591662405,-1.0854364190496826,1.1559704116252887,-0.003977654369597706,-0.0006421358428681376,-0.0018254001341916036,0.06749039430765962,-0.06246724724769592,0.18438880145549774,-0.15958023071289062,1.0039516687393188,0.4570595622062683,-1.0246615409851074,0.4974854290485382,0.09689527750015259,-0.4340147376060486,0.6978089809417725,0.4057566523551941,-1.1011725664138794
0.4551758749999989,0.0034223749999999996,133.0,4.181244092598778,-1.0701766810040596,1.1559161389072068,-0.003796269913127404,-0.0006184415675139373,-0.0017448413209211807,0.06749550598642387,-0.06221768260002136,0.18381421267986298,-0.16172441840171814,0.9983200430870056,0.4526548683643341,-1.019430160522461,0.5134987235069275,0.09955781698226929,-0.41804414987564087,0.6944105625152588,0.38401877880096436,-1.0981523990631104
0.4551758749999989,0.0034223749999999996,133.0,4.165018622140753,-1.0541336980256462,1.1559362799071686,-0.0036270710687158997,-0.0005932754432685139,-0.0016684247463052352,0.06750526693671836,-0.06172323226928711,0.18344850838184357,-0.16329193115234375,0.9927522540092468,0.4492935836315155,-1.015918493270874,0.5262822508811951,0.10181182622909546,-0.40290483832359314,0.6898841857910156,0.3642342686653137,-1.0947856903076172
0.4551758749999989,0.0034223749999999996,133.0,4.147820970679456,-1.037096179733015,1.156047059333754,-0.0034349242161439753,-0.0005626310051038358,-0.0015828099602380628,0.06751334080892099,-0.06160286068916321,0.1837688386440277,-0.16441479325294495,0.9886584877967834,0.44023287296295166,-1.0123562812805176,0.534800112247467,0.10343164205551147,-0.3888399600982666,0.6850540637969971,0.338823527097702,-1.0922006368637085
0.4551758749999989,0.0034223749999999996,133.0,4.130235482812556,-1.0195046560988883,1.1562373241659885,-0.0032504303134899687,-0.0005262066262869395,-0.0015032907107144708,0.06754639095497161,-0.05849215388298035,0.1826152354478836,-0.1652868688106537,0.979717493057251,0.42896461486816406,-1.0156261920928955,0.5368833541870117,0.10902327299118042,-0.3749426007270813,0.6751737594604492,0.32861918210983276,-1.0888676643371582
0.4551758749999989,0.0034223749999999996,133.0,4.111312023025375,-1.0007687294192742,1.1563791597618172,-0.003062181555673403,-0.0004983960651542255,-0.001417895501411909,0.06754654300854182,-0.05888983607292175,0.18329986929893494,-0.16642311215400696,0.9760549068450928,0.4231552183628082,-1.01005220413208,0.5482456684112549,0.10931426286697388,-0.35862141847610474,0.6694900989532471,0.2981373965740204,-1.085365653038025
0.4551758749999989,0.0034223749999999996,133.0,4.091733649876394,-0.98154552132606,1.1563810088241517,-0.0028916955283499472,-0.00047955056155842967,-0.0013421300723037446,0.06755690973347167,-0.058177173137664795,0.182461678981781,-0.1688048541545868,0.9672442078590393,0.4131549298763275,-1.0046436786651611,0.5683825612068176,0.1132444441318512,-0.3349877595901489,0.6627445220947266,0.2660088837146759,-1.080424189567566
0.4551758749999989,0.0034223749999999996,133.0,4.071546947211494,-0.9613437734705561,1.1566219780890836,-0.002669811563290746,-0.00044037882844879704,-0.0012430802105558461,0.06757848062733644,-0.05603724718093872,0.1825588494539261,-0.16897612810134888,0.960558295249939,0.39870011806488037,-1.005805253982544,0.5678151845932007,0.11666902899742126,-0.32048699259757996,0.652050256729126,0.24762868881225586,-1.0770652294158936
0.4551758749999989,0.0034223749999999996,133.0,4.049859391643316,-0.9409131629785974,1.156598401090891,-0.0024484940397017855,-0.0004215934277899018,-0.001144540649112163,0.0675781477827321,-0.0573275089263916,0.17994023859500885,-0.17453408241271973,0.9466108083724976,0.40353190898895264,-0.9907903671264648,0.6211600303649902,0.12104147672653198,-0.2829250395298004,0.6496222019195557,0.19805826246738434,-1.0675263404846191
0.4551758749999989,0.0034223749999999996,133.0,4.027910384594735,-0.9192837372452831,1.156610021757671,-0.002239699664522391,-0.0003897375207833307,-0.0010499998696032536,0.06759500062906974,-0.05547872185707092,0.17808844149112701,-0.1769944429397583,0.9344499111175537,0.39608490467071533,-0.9873867034912109,0.6421897411346436,0.1263445019721985,-0.2577756941318512,0.6394615173339844,0.1714203953742981,-1.060678482055664
0.4551758749999989,0.0034223749999999996,133.0,4.004698334009293,-0.8964630827656087,1.1565563041458689,-0.002033266856892741,-0.00035566622571319963,-0.0009554100808484952,0.06759794407738143,-0.05469021201133728,0.17698512971401215,-0.1793445646762848,0.923225462436676,0.38402044773101807,-0.9814913272857666,0.664690375328064,0.1306399703025818,-0.22964726388454437,0.6302750110626221,0.13467229902744293,-1.0536705255508423
0.4551758749999989,0.0034223749999999996,133.0,3.980713355435788,-0.8723886706291464,1.1565934828543474,-0.0018690314874286365,-0.0003244452361656818,-0.0008794006494754873,0.06759284156970491,-0.05515971779823303,0.17955277860164642,-0.17872008681297302,0.9226306676864624,0.36995553970336914,-0.9756617546081543,0.6606321930885315,0.12848606705665588,-0.2163466513156891,0.6194860935211182,0.10052602738142014,-1.0506501197814941
0.4551758749999989,0.0034223749999999996,133.0,3.95608410726181,-0.8477835751370754,1.156846792103843,-0.0016661740205477717,-0.00028354500553165663,-0.0007888959701572355,0.0676103568759465,-0.0518011748790741,0.1785343885421753,-0.17918661236763,0.9113220572471619,0.35388943552970886,-0.9776344299316406,0.6639412641525269,0.13402152061462402,-0.19774003326892853,0.6044306755065918,0.0827607661485672,-1.0448404550552368
0.4551758749999989,0.0034223749999999996,133.0,3.930446907209246,-0.8226667880638152,1.1569467958899307,-0.0014785220197886311,-0.0002579930188143256,-0.0007031981422151684,0.06760956660658439,-0.05100679397583008,0.17748086154460907,-0.18145212531089783,0.899325966835022,0.3423837125301361,-0.970778226852417,0.6854764819145203,0.13811194896697998,-0.16952289640903473,0.593315601348877,0.04566048085689545,-1.0368560552597046
0.4551758749999989,0.0034223749999999996,133.0,3.9039965252172473,-0.7971689545266566,1.1569999200964338,-0.0012928672303391287,-0.00023101009322112903,-0.0006182943566312296,0.06761636804847336,-0.05143126845359802,0.17585517466068268,-0.1848202645778656,0.8843795657157898,0.33512255549430847,-0.9593548774719238,0.7214311957359314,0.14224699139595032,-0.13213537633419037,0.5839817523956299,-0.0019340533763170242,-1.025964617729187
0.4551758749999989,0.0034223749999999996,133.0,3.87673541813471,-0.7704731398354904,1.1570358794579974,-0.0011395995764641232,-0.00020613017017021313,-0.000547648100141473,0.06762029713443389,-0.05044505000114441,0.17434543371200562,-0.18731561303138733,0.8682154417037964,0.31944599747657776,-0.9504489898681641,0.7488629817962646,0.14745238423347473,-0.09518145769834518,0.5703420639038086,-0.04558606445789337,-1.0149024724960327
0.4551758749999989,0.0034223749999999996,133.0,3.84899961206459,-0.7431979425212778,1.1570242890326543,-0.0010029704968468485,-0.00018453615381418785,-0.000484004902926772,0.0676341585426205,-0.04936796426773071,0.1728367805480957,-0.18965308368206024,0.8514164686203003,0.3021490275859833,-0.9410145282745361,0.7754572629928589,0.15262442827224731,-0.05713105574250221,0.5553700923919678,-0.08878421038389206,-1.0031604766845703
0.4551758749999989,0.0034223749999999996,133.0,3.819917637778244,-0.7148938694680215,1.1570358243298509,-0.0008270852736890141,-0.00015436821863121865,-0.0004003546345740832,0.06762871357499627,-0.04858967661857605,0.17093993723392487,-0.1920754313468933,0.8323512673377991,0.28914210200309753,-0.9306275844573975,0.8068365454673767,0.15747487545013428,-0.014706054702401161,0.5398201942443848,-0.1336222141981125,-0.9888421297073364
0.4551758749999989,0.0034223749999999996,133.0,3.790009006417632,-0.685908690884576,1.1571522906252125,-0.0006933360274388722,-0.0001321339500954714,-0.00033727353696372497,0.06762364403340183,-0.048305898904800415,0.16885726153850555,-0.1946643441915512,0.8117397427558899,0.27386415004730225,-0.9178564548492432,0.8413441777229309,0.1628362238407135,0.031297728419303894,0.5246996879577637,-0.18192821741104126,-0.9734876155853271
0.4551758749999989,0.0034223749999999996,133.0,3.75926793477996,-0.6559005967257229,1.1572835111202355,-0.00051966014997353,-0.00010027156715354364,-0.0002546646107546196,0.0676167467014352,-0.04719281196594238,0.1671672761440277,-0.19628024101257324,0.7922189831733704,0.2544110119342804,-0.907097578048706,0.8661928176879883,0.16786733269691467,0.0722014382481575,0.5073399543762207,-0.2251463681459427,-0.9588907957077026
0.4551758749999989,0.0034223749999999996,133.0,3.7278087647635,-0.6247827894821213,1.1573535800160708,-0.0003259119518647424,-6.229340364557502e-5,-0.0001612561665128588,0.06761590321302334,-0.04472920298576355,0.16613104939460754,-0.19648729264736176,0.774953305721283,0.2325325459241867,-0.9010219573974609,0.8771927356719971,0.1717006266117096,0.10499775409698486,0.48665618896484375,-0.25968635082244873,-0.9453467726707458
0.4551758749999989,0.0034223749999999996,133.0,3.6953773505070453,-0.5929152656485722,1.1574457499444586,-0.00015206896186487236,-2.9183013401565073e-5,-7.606318945784193e-5,0.06760475908787651,-0.04286396503448486,0.16473211348056793,-0.1969871073961258,0.7555356025695801,0.21118533611297607,-0.8920977115631104,0.8935969471931458,0.17568865418434143,0.14294689893722534,0.46663713455200195,-0.2981015145778656,-0.9298152327537537
0.4551758749999989,0.0034223749999999996,133.0,3.662056527840903,-0.560905969132276,1.1577873359327657,1.6829523087444756e-5,3.306383254810296e-6,8.517318013838318e-6,0.06758935038682559,-0.04184913635253906,0.1612052470445633,-0.19859397411346436,0.7281324863433838,0.19415371119976044,-0.8790972232818604,0.92715984582901,0.18248090147972107,0.19434310495853424,0.44792628288269043,-0.3378578722476959,-0.9091747999191284
0.4551758749999989,0.0034223749999999996,133.0,3.6278131206355133,-0.5275845810917194,1.1579169986113858,0.00018563213351899688,3.682393444528592e-5,9.491374500008829e-5,0.06756411837330453,-0.04067772626876831,0.15925337374210358,-0.19908389449119568,0.7050787210464478,0.17159737646579742,-0.864426851272583,0.947970986366272,0.18680715560913086,0.23908725380897522,0.4274773597717285,-0.3769789934158325,-0.8903529644012451
0.4551758749999989,0.0034223749999999996,133.0,3.5923662542925263,-0.4928631320726934,1.1578175617629667,0.00036805146151905425,7.261012784043484e-5,0.0001906131913659608,0.06752283338776428,-0.039583027362823486,0.1588742583990097,-0.19878767430782318,0.6868602633476257,0.1498849093914032,-0.8491275310516357,0.9577373266220093,0.18804267048835754,0.2761737108230591,0.4060852527618408,-0.41637226939201355,-0.8732295036315918
0.4551758749999989,0.0034223749999999996,133.0,3.5562777748016208,-0.45783977462689124,1.1579005234037678,0.000510940612613787,0.0001016956651846808,0.0002678444304292668,0.06748332019201657,-0.038513898849487305,0.15682028234004974,-0.1986791044473648,0.6622598171234131,0.12771837413311005,-0.8314299583435059,0.9753141403198242,0.19194617867469788,0.32135117053985596,0.38522958755493164,-0.4507884085178375,-0.8524616956710815
0.4551758749999989,0.0034223749999999996,133.0,3.519363588929276,-0.42204065687606906,1.1579994754202687,0.0006716402024149071,0.00013487286943111013,0.0003566594246286282,0.06743943027997444,-0.03742009401321411,0.15449216961860657,-0.1983284205198288,0.6337786912918091,0.10473226755857468,-0.8100202083587646,0.992599606513977,0.19621363282203674,0.37212613224983215,0.36333727836608887,-0.48426854610443115,-0.8281849026679993
0.4551758749999989,0.0034223749999999996,133.0,3.48165487442242,-0.38543306630768004,1.1580963197158196,0.0008424275771516501,0.00017048593047789602,0.0004531836695351344,0.0673903563137134,-0.036213815212249756,0.15159761905670166,-0.19764156639575958,0.5989969968795776,0.08046843111515045,-0.7826886177062988,1.009506106376648,0.2013457715511322,0.43159371614456177,0.33988213539123535,-0.514549970626831,-0.7984884977340698
0.4551758749999989,0.0034223749999999996,133.0,3.443005818605002,-0.34800310672717233,1.158265186871111,0.0010357031927952383,0.00021013329616193437,0.0005662008282257421,0.06733236408049037,-0.03486931324005127,0.14795136451721191,-0.19624021649360657,0.557636022567749,0.05562172830104828,-0.7473964691162109,1.0234898328781128,0.2076319456100464,0.49723732471466064,0.31531429290771484,-0.534257173538208,-0.7634015083312988
0.4551758749999989,0.0034223749999999996,133.0,3.403752769373334,-0.3098161577464908,1.1583259286555039,0.0012192103894000956,0.00024788973379260605,0.0006751589476518575,0.06727457333041013,-0.035126835107803345,0.1419709324836731,-0.19274698197841644,0.49834346771240234,0.036672841757535934,-0.6799519062042236,1.0386533737182617,0.22112113237380981,0.5559213757514954,0.30747008323669434,-0.4920438528060913,-0.7179726362228394
0.4551758749999989,0.0034223749999999996,133.0,3.3632443814901674,-0.2711135886028739,1.1587252370784145,0.001336935453203811,0.0002766179504562137,0.0007505055392488334,0.06720801432332614,-0.037428975105285645,0.1313534677028656,-0.18445569276809692,0.42302343249320984,0.04039826989173889,-0.5736255645751953,1.046715259552002,0.24904915690422058,0.6008888483047485,0.3270280361175537,-0.35474106669425964,-0.6713508367538452
0.4551758749999989,0.0034223749999999996,133.0,3.3221242715426103,-0.23105242614386776,1.1586695001240868,0.001488219095091109,0.00030954112517326627,0.0008458009941082838,0.06714803358874018,-0.04177650809288025,0.12457023561000824,-0.17674311995506287,0.34632283449172974,0.061815887689590454,-0.40869832038879395,1.0164597034454346,0.2883451581001282,0.5923081040382385,0.39299702644348145,-0.17346999049186707,-0.6350786685943604
0.4551758749999989,0.0034223749999999996,133.0,3.2798528077876754,-0.18932468383982398,1.1579507726850113,0.0016350642309996214,0.000340656971409508,0.0009420806017094016,0.06707429188518439,-0.10885763168334961,0.1251954436302185,-0.11794623732566833,0.12298484146595001,0.11087166517972946,-0.2281665802001953,0.6620727777481079,0.4970249831676483,0.831777036190033,1.1721875667572021,-0.38853105902671814,-0.6227226853370667
0.4551758749999989,0.0034223749999999996,133.0,3.2388063046935787,-0.14649156980542274,1.1600749953637397,0.0017749879338743637,0.0003555049612993896,0.0010309061366344458,0.06700331634816173,-0.11721363663673401,0.11240523308515549,-0.11319828033447266,-0.016281723976135254,0.16152814030647278,0.01323843002319336,0.5585504770278931,0.5630896091461182,0.8453367948532104,1.2962062358856201,-0.4536803960800171,-0.549694836139679
0.4551758749999989,0.0034223749999999996,133.0,3.195064727263841,-0.10387678815645775,1.1595703106846966,0.0018713935605213453,0.00040224792378261215,0.0010846406174105105,0.06695402803832082,-0.1339394450187683,0.11482538282871246,-0.11166906356811523,-0.11705952882766724,0.2601313889026642,0.3588144779205322,0.40564414858818054,0.6064454317092896,0.8862366080284119,1.4032325744628906,-0.8641595840454102,-0.4925413727760315
0.4551758749999989,0.0034223749999999996,133.0,3.1458848041095586,-0.05774852243405474,1.1604903109404872,0.0018369625382143552,0.000415445121556944,0.0011102833655806642,0.06674076981639393,-0.17640864849090576,0.14245115220546722,-0.10157713294029236,-0.16920718550682068,0.3432147800922394,0.5050979852676392,0.3871953785419464,0.6159979701042175,0.819678544998169,1.6893582344055176,-1.1258021593093872,-0.4506798982620239
0.4551758749999989,0.0034223749999999996,133.0,3.083582295223574,0.009227259286515854,1.1577395290681576,0.0017115932708789848,-0.00011229873660680035,0.0012415503481005331,0.0656355765578049,-0.3304643929004669,0.307905912399292,-0.0924026370048523,0.21229420602321625,-0.05488542839884758,1.035095453262329,-0.4855301082134247,0.7643905878067017,-1.205766201019287,3.157344341278076,-1.3104647397994995,-0.9787917137145996
0.4551758749999989,0.0034223749999999996,133.0,3.012084004482157,0.04384954776095689,1.1566796587568495,0.0001062147067638727,-4.629569979677892e-6,7.453747841874816e-5,0.06432038135411831,-0.4733726680278778,0.18640834093093872,-0.11270859837532043,0.9723017811775208,-0.6778376698493958,1.1450190544128418,0.6992756724357605,0.21417668461799622,-1.5238957405090332,2.6813645362854004,-0.6760649085044861,-1.1873180866241455
0.4551758749999989,0.0034223749999999996,133.0,3.0486673028124973,0.07945577615438035,1.164224834058826,-0.0018156839943224627,-2.9739224594827815e-6,-0.001209700000268834,0.06368322142297457,-0.5030540227890015,0.2017742246389389,-0.04770740866661072,1.350202202796936,-0.7404763102531433,1.1641044616699219,0.42526885867118835,0.20139098167419434,-1.6819089651107788,2.680105686187744,-0.48868072032928467,-1.5534124374389648
0.4551758749999989,0.0034223749999999996,133.0,3.073952012848669,0.1348441494199314,1.1835377136710745,-0.0021686080457748737,0.0004091222428641,-0.001262165963258095,0.06220217820548046,-0.576820969581604,0.24804702401161194,0.06196892261505127,1.823064923286438,-1.2602688074111938,1.1188520193099976,-0.408062219619751,0.46860405802726746,-1.8970855474472046,2.637000560760498,-0.18498116731643677,-2.294391632080078
0.4551758749999989,0.0034223749999999996,133.0,3.108698592567304,0.18553719453256373,1.1921804162460936,-0.0022155386410297666,0.0005351273565224207,-0.0012036386245889044,0.0615577654913178,-0.591127872467041,0.26177653670310974,0.09317764639854431,1.8971182107925415,-1.48415207862854,1.071253776550293,-0.5351118445396423,0.5436468124389648,-1.9143874645233154,2.5183305740356445,-0.16911250352859497,-2.443574905395508
0.4551758749999989,0.0034223749999999996,133.0,3.1498963026775435,0.23090558853491583,1.1954688801302764,-0.0021140825866371488,0.0005045969841320987,-0.0011102286884204016,0.06140962764574475,-0.5860018730163574,0.25847917795181274,0.10853275656700134,1.9581557512283325,-1.4666448831558228,1.0465651750564575,-0.4885324537754059,0.48610395193099976,-1.8996353149414062,2.4047703742980957,-0.057554103434085846,-2.4468913078308105
0.4551758749999989,0.0034223749999999996,133.0,3.1911985817125137,0.27423248811775014,1.197997733622552,-0.001950509687777814,0.0004611526598367355,-0.0009936518987821144,0.0613404550499188,-0.5696699619293213,0.24608901143074036,0.12165805697441101,1.9903749227523804,-1.4356588125228882,1.01193368434906,-0.44079509377479553,0.41431623697280884,-1.8459439277648926,2.2387561798095703,0.11682415753602982,-2.406709909439087
0.4551758749999989,0.0034223749999999996,133.0,3.2320849313233335,0.31597969410029747,1.199416651673747,-0.0017392294931192235,0.00039984802618388455,-0.0008647231030471891,0.06134916938853096,-0.5200208425521851,0.2079135626554489,0.12576541304588318,1.9085444211959839,-1.362873911857605,0.9592260122299194,-0.4116189777851105,0.32764989137649536,-1.6255905628204346,1.9465322494506836,0.4369669258594513,-2.236219644546509
0.4551758749999989,0.0034223749999999996,133.0,3.2727333584124305,0.3564426093622506,1.2002970122923793,-0.0016436939269889083,0.0003626119031065407,-0.0007992273834577049,0.06139444288183701,-0.46848657727241516,0.17566107213497162,0.14141890406608582,1.8694247007369995,-1.22831392288208,0.8278599977493286,-0.4512111246585846,0.20668840408325195,-1.4026985168457031,1.648329257965088,0.7413857579231262,-2.0738658905029297
0.4551758749999989,0.0034223749999999996,133.0,3.3133653487027535,0.39574292424119406,1.2021296628602232,-0.0014114911830910646,0.0003029703369576375,-0.0006694981829127634,0.06142746548701143,-0.36960920691490173,0.1032593622803688,0.1786452829837799,1.6214615106582642,-0.3013668656349182,0.17251110076904297,-0.7043208479881287,-0.3213474154472351,-1.7597736120224,1.5586400032043457,0.9868631362915039,-1.2906198501586914
0.4551758749999989,0.0034223749999999996,133.0,3.3541155234993862,0.4336431998665438,1.2045175783102329,-0.0012288683817661065,0.0002614449162350644,-0.0005725819593855245,0.06150616343817917,-0.34086719155311584,0.09963810443878174,0.18499979376792908,1.6138757467269897,-0.21624280512332916,0.06220841407775879,-0.7412751913070679,-0.3447943925857544,-1.713974118232727,1.3934359550476074,1.1019001007080078,-1.2590703964233398
0.4551758749999989,0.0034223749999999996,133.0,3.3937757535735074,0.4708315126566727,1.2062363146436785,-0.0009996305526664719,0.00021042083814893476,-0.00045630562485589413,0.06159959014622558,-0.31432703137397766,0.09624852240085602,0.19116351008415222,1.5971287488937378,-0.14410008490085602,-0.044600725173950195,-0.7733014225959778,-0.36392802000045776,-1.6557979583740234,1.2379224300384521,1.1811943054199219,-1.2226626873016357
0.4551758749999989,0.0034223749999999996,133.0,3.4329213117041357,0.5070337200984378,1.2079872990566989,-0.0007943788455907243,0.00016749197574893206,-0.000357496972534072,0.061706497632830246,-0.30084237456321716,0.0984085351228714,0.19427821040153503,1.5970025062561035,-0.0844348594546318,-0.1038970947265625,-0.785546064376831,-0.373141884803772,-1.6656583547592163,1.1643781661987305,1.1840354204177856,-1.2131319046020508
0.4551758749999989,0.0034223749999999996,133.0,3.4711872981021545,0.5424974973293302,1.2096264172893576,-0.0005989535673567804,0.00012696383090273711,-0.00026624647479860114,0.061807928631680775,-0.29492488503456116,0.10250827670097351,0.19519105553627014,1.6095314025878906,-0.033140432089567184,-0.13483238220214844,-0.7887184023857117,-0.3806810975074768,-1.7135194540023804,1.1391675472259521,1.1654667854309082,-1.2181484699249268
0.4551758749999989,0.0034223749999999996,133.0,3.5085943708807688,0.5771658123425232,1.2111504271334013,-0.0004114146675209693,8.709999698391651e-5,-0.00017979268396455268,0.06190375904002827,-0.29028573632240295,0.10575956106185913,0.19655391573905945,1.6221015453338623,0.008510947227478027,-0.16264915466308594,-0.7925310730934143,-0.3890044689178467,-1.7486461400985718,1.1179273128509521,1.155409812927246,-1.2223973274230957
0.4551758749999989,0.0034223749999999996,133.0,3.5450420119964994,0.6110527255185727,1.2124891427560418,-0.00023049561102309434,4.882849392507434e-5,-9.942015752263187e-5,0.06199212277621245,-0.28650030493736267,0.10917522013187408,0.19869092106819153,1.6368470191955566,0.041151825338602066,-0.18798351287841797,-0.7983756065368652,-0.39668524265289307,-1.7742159366607666,1.097158432006836,1.1436095237731934,-1.2294189929962158
0.4551758749999989,0.0034223749999999996,133.0,3.5800409392994226,0.6440565230278652,1.21306618769337,-6.843855088825804e-5,1.4715857141516559e-5,-2.9566469132819974e-5,0.0620939266096054,-0.28396812081336975,0.11118162423372269,0.19675341248512268,1.6365426778793335,0.05281950905919075,-0.2015526294708252,-0.7959693074226379,-0.39130717515945435,-1.8057312965393066,1.1019480228424072,1.155411958694458,-1.2346585988998413
0.4551758749999989,0.0034223749999999996,133.0,3.6141650028441537,0.6763121226996327,1.2141645038955975,0.00014753035575602644,-3.2211588688859826e-5,6.31315956132369e-5,0.062165246379508245,-0.28148356080055237,0.11319784820079803,0.19734933972358704,1.6440556049346924,0.06612347066402435,-0.21668171882629395,-0.80721116065979,-0.39344465732574463,-1.8241584300994873,1.0925500392913818,1.1570698022842407,-1.2400480508804321
0.4551758749999989,0.0034223749999999996,133.0,3.648920676929982,0.7057849715358903,1.2139335365391941,0.00034754678823950715,-7.57537681574846e-5,0.00014526572580285767,0.062389904587845706,-0.27614590525627136,0.1153869703412056,0.2025962769985199,1.6645466089248657,0.0929175466299057,-0.24856948852539062,-0.8291287422180176,-0.40921032428741455,-1.8218914270401,1.0477800369262695,1.1372005939483643,-1.2445756196975708
0.4551758749999989,0.0034223749999999996,133.0,3.681294539906812,0.7363266954484143,1.2153187785846904,0.0005486538099494307,-0.00012143983586081931,0.0002275067267662877,0.06245286604652587,-0.2731347978115082,0.11749119311571121,0.2049565613269806,1.6766718626022339,0.10601994395256042,-0.2664024829864502,-0.8467795848846436,-0.41507935523986816,-1.829471230506897,1.0257914066314697,1.1300228834152222,-1.250758171081543
0.4551758749999989,0.0034223749999999996,133.0,3.7137813996323437,0.7664251305662801,1.2172278196303061,0.0007875865974044316,-0.0001761672021893464,0.0003213249115617401,0.0624960036682524,-0.2708556354045868,0.12222714722156525,0.2068728506565094,1.6912254095077515,0.1421787142753601,-0.28789854049682617,-0.8447239995002747,-0.42091697454452515,-1.8504222631454468,1.0141170024871826,1.1088181734085083,-1.2594777345657349
0.4551758749999989,0.0034223749999999996,133.0,3.745174893528371,0.795564581523112,1.2191907204173742,0.0009587059719018332,-0.00021537913056776664,0.000383811049760304,0.06254109661108848,-0.2678450644016266,0.12596982717514038,0.21177616715431213,1.712187647819519,0.1744213104248047,-0.31304502487182617,-0.8575195670127869,-0.4357526898384094,-1.8510891199111938,0.9803211688995361,1.0814030170440674,-1.2654223442077637
0.4551758749999989,0.0034223749999999996,133.0,3.7755231677959404,0.82392175448263,1.2211877294637754,0.0011771880727871598,-0.0002683212292089867,0.00046337692772010624,0.0625674691598125,-0.26591435074806213,0.1285821497440338,0.2113211452960968,1.716904640197754,0.19561627507209778,-0.32730984687805176,-0.8532004356384277,-0.43554192781448364,-1.8685896396636963,0.9786684513092041,1.0800285339355469,-1.2704704999923706
0.4551758749999989,0.0034223749999999996,133.0,3.804657374454769,0.851170079170656,1.2220970171118049,0.0013441142137750608,-0.0003085076789266138,0.0005224063842019944,0.06262998174590165,-0.26283279061317444,0.12880060076713562,0.21193405985832214,1.7201449871063232,0.2033999115228653,-0.3424036502838135,-0.8629498481750488,-0.4379865527153015,-1.8704750537872314,0.9632558822631836,1.0869865417480469,-1.2713134288787842
0.4551758749999989,0.0034223749999999996,133.0,3.833245090590306,0.8776442069797727,1.2235571109426813,0.001530092908519463,-0.0003556953817449746,0.0005875352872906438,0.06267892571771232,-0.260569304227829,0.13038323819637299,0.21348324418067932,1.7277573347091675,0.21984542906284332,-0.35823988914489746,-0.8692089319229126,-0.4431288242340088,-1.8740546703338623,0.9485440254211426,1.0834095478057861,-1.273789882659912
0.4551758749999989,0.0034223749999999996,133.0,3.8611946293721675,0.9032461430884584,1.2246413515671388,0.0017520443388699598,-0.0004086428203789506,0.0006673637086202087,0.0627401891084457,-0.25846919417381287,0.13257808983325958,0.21479937434196472,1.7354499101638794,0.24223832786083221,-0.37522292137145996,-0.8696168661117554,-0.448211669921875,-1.8810523748397827,0.9369485378265381,1.0778608322143555,-1.2764395475387573
0.4551758749999989,0.0034223749999999996,133.0,3.8881041956441074,0.9281364589621989,1.2261639866243095,0.001978144099741598,-0.0004684976315708092,0.0007440162989612296,0.06278009541659348,-0.25641217827796936,0.13496388494968414,0.21767088770866394,1.7471039295196533,0.25527599453926086,-0.39002203941345215,-0.8816043138504028,-0.45468229055404663,-1.878321886062622,0.9154050350189209,1.0621063709259033,-1.2815309762954712
0.4551758749999989,0.0034223749999999996,133.0,3.913918159138265,0.951818961059142,1.2270094085425711,0.002228409785726155,-0.0005336652621555127,0.0008285774789911618,0.06283253613434074,-0.2541171610355377,0.1338200569152832,0.21665295958518982,1.7438212633132935,0.25185444951057434,-0.3972311019897461,-0.8914026021957397,-0.451652467250824,-1.8799597024917603,0.9104218482971191,1.0796184539794922,-1.2814024686813354
0.4551758749999989,0.0034223749999999996,133.0,3.9388649125582615,0.9749543454162464,1.2280738019118693,0.002410943074329926,-0.0005857539397973058,0.000890469538693406,0.06288683612456791,-0.25239863991737366,0.1349770575761795,0.21802058815956116,1.7494866847991943,0.26500704884529114,-0.4101433753967285,-0.8967170119285583,-0.45593154430389404,-1.8815484046936035,0.8989131450653076,1.078107237815857,-1.282804012298584
0.4551758749999989,0.0034223749999999996,133.0,3.962862682348822,0.997289569882694,1.2291583064986704,0.0026439653104063025,-0.0006515788457433051,0.0009699562943495355,0.06293638310994884,-0.25080934166908264,0.13605697453022003,0.21931973099708557,1.7547646760940552,0.2775743007659912,-0.4222066402435303,-0.9024851322174072,-0.4599446654319763,-1.882651686668396,0.8880624771118164,1.0767379999160767,-1.284083366394043
0.4551758749999989,0.0034223749999999996,133.0,3.9861014171585354,1.018836094789563,1.2301091672978233,0.0028822753732187117,-0.0007157954708400186,0.0010467621828916121,0.06297610775025514,-0.24915173649787903,0.13714684545993805,0.2200116217136383,1.7583527565002441,0.2851349711418152,-0.4322640895843506,-0.9082186222076416,-0.4609329104423523,-1.8844866752624512,0.8795535564422607,1.0757468938827515,-1.286719560623169
0.4551758749999989,0.0034223749999999996,133.0,4.008632187683155,1.039465896105453,1.231176286680086,0.0031310148066381197,-0.0007893771467553733,0.0011295184581399805,0.0630156502468002,-0.24771574139595032,0.13897132873535156,0.22085872292518616,1.7631834745407104,0.2956717312335968,-0.44278430938720703,-0.9115654826164246,-0.46218401193618774,-1.887432336807251,0.8718380928039551,1.0701426267623901,-1.2903258800506592
0.4551758749999989,0.0034223749999999996,133.0,4.030356038846338,1.0591328136705613,1.2324641115256703,0.003386218522169935,-0.0008643482522631802,0.0012040513910584548,0.06303473161050045,-0.24610432982444763,0.1381603330373764,0.2206454575061798,1.762047529220581,0.2945413887500763,-0.448502779006958,-0.9215853810310364,-0.4612501859664917,-1.886077880859375,0.8659114837646484,1.08065927028656,-1.2901897430419922
0.4551758749999989,0.0034223749999999996,133.0,4.050903064855965,1.0785931417988575,1.2341606396301064,0.003585966767324095,-0.0009212620996719471,0.0012559550509647713,0.06305214079293808,-0.24520143866539001,0.1410871297121048,0.22427424788475037,1.7751038074493408,0.3109772801399231,-0.4613077640533447,-0.9294945597648621,-0.47010505199432373,-1.8811676502227783,0.8462021350860596,1.0583690404891968,-1.2942445278167725
0.4551758749999989,0.0034223749999999996,133.0,4.070820287788652,1.0965925977823812,1.2351127657757939,0.0038040081505526973,-0.0009933628745618006,0.0013271461238048513,0.06308186175064583,-0.24377736449241638,0.14100341498851776,0.22476938366889954,1.7765158414840698,0.31560829281806946,-0.4688844680786133,-0.9362704157829285,-0.47159940004348755,-1.8799934387207031,0.8383181095123291,1.062890648841858,-1.2942020893096924
0.4551758749999989,0.0034223749999999996,133.0,4.089485172652601,1.1138562784266774,1.235622182602008,0.003991850056360706,-0.0010558980410110684,0.001385253744588082,0.06313048332840195,-0.24240335822105408,0.1403324455022812,0.22291061282157898,1.7707128524780273,0.3117011785507202,-0.47213244438171387,-0.9391674399375916,-0.4649496078491211,-1.8868640661239624,0.8440830707550049,1.0795185565948486,-1.295222282409668
0.4551758749999989,0.0034223749999999996,133.0,4.107575411859933,1.130838785814418,1.2369111955841237,0.004219463159688998,-0.0011193720162651205,0.0014485596769302392,0.06315282803816197,-0.24157950282096863,0.1431148797273636,0.22576704621315002,1.7810977697372437,0.3266754150390625,-0.48372960090637207,-0.9434135556221008,-0.4713895320892334,-1.8848694562911987,0.8291440010070801,1.0608243942260742,-1.2990703582763672
0.4551758749999989,0.0034223749999999996,133.0,4.124806083763683,1.146384408278354,1.2378649997469937,0.004416847478211437,-0.0011838763397474068,0.0015003702288479217,0.06318283031233186,-0.24006518721580505,0.14385579526424408,0.22767576575279236,1.7866605520248413,0.3337066173553467,-0.492661714553833,-0.9515482187271118,-0.47625356912612915,-1.8788459300994873,0.8128979206085205,1.0526530742645264,-1.2997150421142578
0.4551758749999989,0.0034223749999999996,133.0,4.14111623662331,1.1609575599465152,1.2382149123295074,0.004609318399495841,-0.0012463246116556537,0.0015581346632656265,0.0632242126985261,-0.23834022879600525,0.14254118502140045,0.22636696696281433,1.7811498641967773,0.3353758156299591,-0.4982774257659912,-0.9530297517776489,-0.47328877449035645,-1.8819855451583862,0.8133783340454102,1.0700514316558838,-1.2973254919052124
0.4551758749999989,0.0034223749999999996,133.0,4.156799383101321,1.1747344547050917,1.2388646965375103,0.004759536620930683,-0.0012965591988087794,0.0015982185585509462,0.06326277616299474,-0.23626697063446045,0.14150314033031464,0.22639182209968567,1.779318928718567,0.3390243351459503,-0.5057246685028076,-0.9572277665138245,-0.474429190158844,-1.8773363828659058,0.8033149242401123,1.0771504640579224,-1.2944116592407227
0.4551758749999989,0.0034223749999999996,133.0,4.171490935818419,1.1878927321990131,1.2396605673794054,0.004895106133422778,-0.0013458820226674602,0.0016278673336889316,0.06329848200036503,-0.2339605987071991,0.14162364602088928,0.22664371132850647,1.7789407968521118,0.3407086133956909,-0.5135669708251953,-0.9611527919769287,-0.47403836250305176,-1.871150016784668,0.7909059524536133,1.0737016201019287,-1.294434666633606
0.4551758749999989,0.0034223749999999996,133.0,4.185468993790555,1.2003036679481174,1.2407609764113559,0.005041139663441118,-0.001396735934309956,0.0016622062766455594,0.0633218255124958,-0.23191365599632263,0.14114832878112793,0.22745701670646667,1.7797346115112305,0.34700867533683777,-0.5220439434051514,-0.9647093415260315,-0.47679394483566284,-1.8657000064849854,0.7763521671295166,1.0729869604110718,-1.292470932006836
0.4551758749999989,0.0034223749999999996,133.0,4.198601666111387,1.2118920179973138,1.2414680241287066,0.0051969880005800105,-0.0014421612916161231,0.0017004859094072427,0.06335032336532097,-0.2302292287349701,0.1416086107492447,0.2299022376537323,1.7847707271575928,0.3581109642982483,-0.5333070755004883,-0.9682941436767578,-0.4834362268447876,-1.8577446937561035,0.7567729949951172,1.0640459060668945,-1.2907899618148804
0.4551758749999989,0.0034223749999999996,133.0,4.210640943432218,1.2233485902091592,1.2429353532612486,0.005362445458391516,-0.0014870815214288494,0.0017343783588894676,0.06335315345150616,-0.22978675365447998,0.14377595484256744,0.23151817917823792,1.7905430793762207,0.37556731700897217,-0.5427658557891846,-0.9629606604576111,-0.48797333240509033,-1.8600189685821533,0.7492640018463135,1.0529029369354248,-1.2919968366622925
0.4551758749999989,0.0034223749999999996,133.0,4.221657800922993,1.234430414258753,1.2442989372372721,0.005528484384012113,-0.0015178750076695027,0.0017635986074256854,0.06334662958177682,-0.22968217730522156,0.1477656066417694,0.2340143620967865,1.8001430034637451,0.3965303301811218,-0.5536160469055176,-0.9557791948318481,-0.4936944842338562,-1.8624552488327026,0.7393057346343994,1.0285454988479614,-1.2957818508148193
0.4551758749999989,0.0034223749999999996,133.0,4.231854545320941,1.244316951344948,1.2457633961363108,0.005711244895776013,-0.0015684028613023198,0.0018032762267238686,0.06335512418753593,-0.22985932230949402,0.15176410973072052,0.2375965416431427,1.812307596206665,0.4170427918434143,-0.5640761852264404,-0.952374279499054,-0.5024599432945251,-1.8600457906723022,0.7237160205841064,0.9988478422164917,-1.2990152835845947
0.4551758749999989,0.0034223749999999996,133.0,4.240548286256867,1.2554110794416344,1.2481556514617904,0.005960090783157652,-0.0016422550575058937,0.0018970764480717472,0.06319827340716498,-0.23152151703834534,0.15511006116867065,0.23565855622291565,1.8136013746261597,0.4384358823299408,-0.5652413368225098,-0.9332193732261658,-0.4983058571815491,-1.8831241130828857,0.7451815605163574,0.9996660947799683,-1.3046164512634277
0.4551758749999989,0.0034223749999999996,133.0,4.248926733718026,1.263891211536413,1.2495199271660236,0.006239418387547318,-0.0017213594452332524,0.0019709743939313146,0.06319212789050271,-0.23226502537727356,0.1592620611190796,0.23741111159324646,1.8221889734268188,0.45987412333488464,-0.5723400115966797,-0.9237873554229736,-0.5033729672431946,-1.8867288827896118,0.7415475845336914,0.9764158725738525,-1.3080558776855469
0.4551758749999989,0.0034223749999999996,133.0,4.256374555681948,1.271211738042747,1.2502785560627097,0.006658338354341694,-0.0018412206160041762,0.002097206075462631,0.06320486204220768,-0.232290118932724,0.16125579178333282,0.2379288375377655,1.825295329093933,0.47492972016334534,-0.5782368183135986,-0.9165945649147034,-0.5055021643638611,-1.8895645141601562,0.7395555973052979,0.9679772853851318,-1.3090369701385498
0.4551758749999989,0.0034223749999999996,133.0,4.262953855307599,1.2779745976735164,1.251295093711928,0.007370776331729927,-0.002031916455140038,0.0022953652017462228,0.06320123737768446,-0.23234480619430542,0.16415639221668243,0.24118199944496155,1.8354675769805908,0.4888947904109955,-0.5854647159576416,-0.9192600846290588,-0.5131883025169373,-1.8794503211975098,0.7201192378997803,0.93780916929245,-1.3113163709640503
0.4551758749999989,0.0034223749999999996,133.0,4.268715288376185,1.283801403953883,1.2522100927584665,0.008980282236586904,-0.002476309418535919,0.002757220588642984,0.06320412301181255,-0.23228731751441956,0.16645564138889313,0.24408599734306335,1.8444252014160156,0.4998760223388672,-0.5924522876739502,-0.9263714551925659,-0.5183135867118835,-1.865667462348938,0.6999063491821289,0.9081223607063293,-1.3149412870407104
0.4551758749999989,0.0034223749999999996,133.0,4.273497370518452,1.2885718172368636,1.2533462521647925,0.0166509669122946,-0.004754190205467934,0.004982638920789395,0.06319567540382506,-0.23171481490135193,0.16369900107383728,0.2464940845966339,1.8502291440963745,0.5073913335800171,-0.6016435623168945,-0.9624000191688538,-0.5149946808815002,-1.8248841762542725,0.6663801670074463,0.8871732354164124,-1.3238093852996826
0.4551758749999989,0.0034223749999999996,133.0,4.294131201524999,-1.207669011523144,1.1481419633950054,-0.01429028959458199,-0.001555632735144821,-0.006532890037847743,0.06761285624908678,-0.04497039318084717,0.18508213758468628,-0.12787023186683655,1.0246284008026123,0.43765416741371155,-1.1340069770812988,0.21518030762672424,0.09611943364143372,-0.5859156250953674,0.6388401985168457,0.6982024908065796,-1.1220672130584717
0.4551758749999989,0.0034223749999999996,133.0,4.289368875454601,-1.2024280029259304,1.1483628749896644,-0.00770347847479624,-0.0008171217263402645,-0.0035584244975658793,0.06757586938247749,-0.046218931674957275,0.18726903200149536,-0.1282048523426056,1.0249969959259033,0.4357103407382965,-1.1310780048370361,0.23114146292209625,0.09357240796089172,-0.5842317938804626,0.6692755222320557,0.6691814661026001,-1.1194623708724976
0.4551758749999989,0.0034223749999999996,133.0,4.283587895505322,-1.1966365473281255,1.148256268473184,-0.006329958866843788,-0.0006764643329219875,-0.00292443780324139,0.06755221881901548,-0.0484483540058136,0.1889990121126175,-0.1287301480770111,1.0282540321350098,0.4366770386695862,-1.1247355937957764,0.24043211340904236,0.09034019708633423,-0.5806005001068115,0.6759073734283447,0.6449905037879944,-1.1192775964736938
0.4551758749999989,0.0034223749999999996,133.0,4.276959003087462,-1.1903402131416436,1.1479989291571926,-0.005724674925774716,-0.0006212933637412235,-0.0026457060231599673,0.06753788218548365,-0.04986351728439331,0.1887138932943344,-0.13150519132614136,1.027245283126831,0.4433993995189667,-1.1144030094146729,0.2640964686870575,0.09028372168540955,-0.5721333026885986,0.6804921627044678,0.6250187754631042,-1.1182069778442383
0.4551758749999989,0.0034223749999999996,133.0,4.269454814861764,-1.1833209135921836,1.1476128994272792,-0.0053720994402236795,-0.0006113977456117886,-0.002483160083623591,0.06751922501619477,-0.052171140909194946,0.18916089832782745,-0.13389384746551514,1.028278112411499,0.4480275511741638,-1.103837013244629,0.28658148646354675,0.08867108821868896,-0.5626817345619202,0.684445858001709,0.5988213419914246,-1.1175520420074463
0.4551758749999989,0.0034223749999999996,133.0,4.260654084564328,-1.1772903154019483,1.1447334691628537,-0.0051226489684142685,-0.0006566183156689177,-0.002362971198556224,0.0675672043004378,-0.052497804164886475,0.18803304433822632,-0.13665348291397095,1.0243849754333496,0.448899507522583,-1.096397876739502,0.3114154040813446,0.08988642692565918,-0.5457994341850281,0.6845967769622803,0.5783292651176453,-1.1149111986160278
0.4551758749999989,0.0034223749999999996,133.0,4.251336655076286,-1.1688335301111046,1.1441677207530765,-0.004917615676569769,-0.0006634249659582795,-0.002270645772149582,0.06754969337701763,-0.05452057719230652,0.1866251528263092,-0.14156734943389893,1.0205917358398438,0.458099365234375,-1.0806262493133545,0.3536173701286316,0.09117132425308228,-0.5280358195304871,0.6894433498382568,0.5468478202819824,-1.1124727725982666
0.4551758749999989,0.0034223749999999996,133.0,4.241347666279652,-1.1593297539004463,1.143796887522939,-0.004765286332194258,-0.000657179497441432,-0.0021985754325443926,0.06753583923356757,-0.05659785866737366,0.18689043819904327,-0.1441284716129303,1.0204570293426514,0.45926061272621155,-1.0706751346588135,0.3756193518638611,0.09044048190116882,-0.5156682133674622,0.6919031143188477,0.5202596187591553,-1.1115188598632812
0.4551758749999989,0.0034223749999999996,133.0,4.23047661320337,-1.149155101924338,1.1432956144653879,-0.004627638791072242,-0.0006720283673428208,-0.0021327226270381233,0.06751521072292539,-0.05923193693161011,0.1864069104194641,-0.14818862080574036,1.018112301826477,0.46335551142692566,-1.0561096668243408,0.4122300446033478,0.09062528610229492,-0.4969913363456726,0.6960070133209229,0.48403599858283997,-1.1093189716339111
0.4551758749999989,0.0034223749999999996,133.0,4.218743663060031,-1.138266438880478,1.1428683770314447,-0.004488478335103094,-0.0006822948647286091,-0.002069358112036903,0.06749953950202528,-0.06102153658866882,0.1849219650030136,-0.15294864773750305,1.0130441188812256,0.4688887894153595,-1.0419714450836182,0.4522927701473236,0.09256038069725037,-0.47633540630340576,0.6992597579956055,0.453274130821228,-1.106224775314331
0.4551758749999989,0.0034223749999999996,133.0,4.20642346683198,-1.1264321139458262,1.1426054871626221,-0.0043601926268100714,-0.0006795456388676663,-0.0020097042407273284,0.06749352313632725,-0.06253454089164734,0.18457263708114624,-0.15599662065505981,1.0095372200012207,0.46513858437538147,-1.0323071479797363,0.47763070464134216,0.09406432509422302,-0.45850855112075806,0.7007620334625244,0.4237464368343353,-1.104130506515503
0.4551758749999989,0.0034223749999999996,133.0,4.193386171467458,-1.1137660248571333,1.1423127522099004,-0.004230910298955823,-0.0006702276390012193,-0.0019467711002550138,0.06748902977746903,-0.06366637349128723,0.1843111366033554,-0.15848451852798462,1.0068995952606201,0.4642889201641083,-1.0247344970703125,0.49835681915283203,0.09450507164001465,-0.4428650140762329,0.7008144855499268,0.4032720625400543,-1.101853609085083
0.4551758749999989,0.0034223749999999996,133.0,4.179956576918214,-1.1002053371787752,1.1423455658502153,-0.004118642807269354,-0.0006520552452960628,-0.0018928659456356617,0.06750096867520355,-0.06301459670066833,0.1846548616886139,-0.15911969542503357,1.003614902496338,0.4544321298599243,-1.0237059593200684,0.5000690817832947,0.09653490781784058,-0.43230658769607544,0.6966140270233154,0.39175209403038025,-1.100448727607727
0.4551758749999989,0.0034223749999999996,133.0,4.165779890664213,-1.0861287652986469,1.1422280293752196,-0.003973356476689602,-0.0006322972984810312,-0.0018277625378519714,0.06752327304088548,-0.06094008684158325,0.1831149011850357,-0.16116616129875183,0.9950523376464844,0.44941484928131104,-1.022411584854126,0.5120818614959717,0.10181105136871338,-0.4171968102455139,0.6910214424133301,0.3836345374584198,-1.0971713066101074
0.4551758749999989,0.0034223749999999996,133.0,4.150313047412127,-1.0708612205004229,1.1421722101111509,-0.0037921721282190117,-0.0006087719035390808,-0.001747248022669773,0.06752823452478621,-0.060688167810440063,0.18253818154335022,-0.1632710099220276,0.9893326163291931,0.44490814208984375,-1.017251968383789,0.5279197692871094,0.10443204641342163,-0.4011920392513275,0.6874704360961914,0.36193928122520447,-1.0940202474594116
0.4551758749999989,0.0034223749999999996,133.0,4.134084400532445,-1.0548155178072214,1.1421957459034764,-0.003623171247275209,-0.0005838023138482948,-0.001670821300620204,0.06753785711398803,-0.060196369886398315,0.18216931819915771,-0.1647995412349701,0.9836788177490234,0.4414381682872772,-1.0137965679168701,0.5405582189559937,0.10664680600166321,-0.3860483765602112,0.6828327178955078,0.3422166109085083,-1.0905272960662842
0.4551758749999989,0.0034223749999999996,133.0,4.116938090256902,-1.0378346927714408,1.1422944805692241,-0.0034312961685639674,-0.000555080649742955,-0.0015845737682440534,0.06754542979819296,-0.06005653738975525,0.18251197040081024,-0.16583946347236633,0.9796118140220642,0.43227624893188477,-1.0103776454925537,0.5484234094619751,0.10818713903427124,-0.3723006844520569,0.6778502464294434,0.3173210024833679,-1.0878900289535522
0.4551758749999989,0.0034223749999999996,133.0,4.099278847047893,-1.0201755758574,1.142499280465456,-0.0032469169469188453,-0.0005172937897800207,-0.0015059887996604097,0.06757737010955811,-0.05700168013572693,0.18133312463760376,-0.16671660542488098,0.9706451892852783,0.4210658371448517,-1.0134751796722412,0.5509287118911743,0.11367639899253845,-0.35840800404548645,0.6679913997650146,0.3069494366645813,-1.0844281911849976
0.4551758749999989,0.0034223749999999996,133.0,4.080347200450273,-1.0014406793244865,1.1426403598724055,-0.003058857685390315,-0.000489795863129105,-0.001420694253589219,0.06757690802985537,-0.057396888732910156,0.1820225715637207,-0.16781285405158997,0.9668916463851929,0.41519609093666077,-1.0079212188720703,0.5620216727256775,0.1139352023601532,-0.34211504459381104,0.6622002124786377,0.2766360342502594,-1.0808029174804688
0.4551758749999989,0.0034223749999999996,133.0,4.060761439925494,-0.9822115048714543,1.142645260208877,-0.002888580815559625,-0.00047117898550023735,-0.0013449861286293067,0.06758666176129874,-0.0566888153553009,0.18118534982204437,-0.17013752460479736,0.9579709768295288,0.4051119089126587,-1.0025599002838135,0.5819110870361328,0.11779701709747314,-0.3184710443019867,0.6553082466125488,0.24462610483169556,-1.0756819248199463
0.4551758749999989,0.0034223749999999996,133.0,4.040555993078368,-0.9620099907878579,1.1428694741886802,-0.0026668877526705914,-0.0004329918947393553,-0.0012459196580266885,0.06760706696513902,-0.0545579195022583,0.18126757442951202,-0.17027726769447327,0.9512824416160583,0.39063772559165955,-1.0036630630493164,0.5813116431236267,0.12110710144042969,-0.3041537404060364,0.6445376873016357,0.22649353742599487,-1.0722074508666992
0.4551758749999989,0.0034223749999999996,133.0,4.018875998175024,-0.9415669214619821,1.142880060526972,-0.0024459983913857107,-0.0004137045656559555,-0.0011472986758284361,0.0676063617731927,-0.05586153268814087,0.17868083715438843,-0.17570501565933228,0.9371100068092346,0.3951858580112457,-0.9889428615570068,0.6338319778442383,0.12548881769180298,-0.26646071672439575,0.6419274806976318,0.1771494448184967,-1.062448501586914
0.4551758749999989,0.0034223749999999996,133.0,3.9969095318737318,-0.9199196589169951,1.1428937013012384,-0.002237451223589807,-0.00038217927892502887,-0.001052749797029787,0.06762229725260463,-0.054034531116485596,0.17682844400405884,-0.1780882179737091,0.9248747825622559,0.38757824897766113,-0.9856245517730713,0.6545753479003906,0.1307087540626526,-0.24137796461582184,0.6316657066345215,0.15073162317276,-1.055440902709961
0.4551758749999989,0.0034223749999999996,133.0,3.973680813514631,-0.897078371236324,1.1428372070360913,-0.002031282845466884,-0.00034848283359746753,-0.0009581022515051485,0.06762400567363341,-0.053266167640686035,0.1757362335920334,-0.1803528070449829,0.9136286973953247,0.37543073296546936,-0.9797844886779785,0.6765653491020203,0.13489854335784912,-0.2134564220905304,0.6223728656768799,0.11447731405496597,-1.0483062267303467
0.4551758749999989,0.0034223749999999996,133.0,3.9496970473523993,-0.8730137524801804,1.142860880674284,-0.0018670956007084748,-0.0003179764037444684,-0.0008820772084364403,0.06761866206265088,-0.053717970848083496,0.17831671237945557,-0.17970526218414307,0.9130378365516663,0.3613903820514679,-0.9738380908966064,0.6722440719604492,0.1326381266117096,-0.2003469318151474,0.6114828586578369,0.0806143507361412,-1.0451850891113281
0.4551758749999989,0.0034223749999999996,133.0,3.9250408022971666,-0.848390703698461,1.1431010442828997,-0.001664504155307738,-0.0002776130921484105,-0.0007913839266131438,0.06763447238813841,-0.05039173364639282,0.17728523910045624,-0.18011164665222168,0.9017633199691772,0.3452698588371277,-0.9757909774780273,0.675443708896637,0.13800722360610962,-0.18201906979084015,0.5964195728302002,0.06321234256029129,-1.0392436981201172
0.4551758749999989,0.0034223749999999996,133.0,3.899400543728836,-0.8232787556628428,1.143204021215164,-0.0014769644604295136,-0.0002527163112756586,-0.0007056517791841712,0.06763322238982139,-0.05050036311149597,0.17749615013599396,-0.1816217005252838,0.8930515050888062,0.332440584897995,-0.9673919677734375,0.6914229989051819,0.1399369239807129,-0.15694330632686615,0.586245059967041,0.023201631382107735,-1.0323047637939453
0.4551758749999989,0.0034223749999999996,133.0,3.8729263854409623,-0.7977554665376845,1.14326436282326,-0.001291580829345532,-0.00022612612086442255,-0.0006205723874642258,0.06763832770242452,-0.05005848407745361,0.17465953528881073,-0.18552303314208984,0.8748120069503784,0.32624056935310364,-0.9576747417449951,0.7314170002937317,0.14602696895599365,-0.11699189990758896,0.5757927894592285,-0.02013912796974182,-1.020153522491455
0.4551758749999989,0.0034223749999999996,133.0,3.845652741881024,-0.7710476594599706,1.1433018561344617,-0.0011384915061796203,-0.0002016726206877499,-0.000549778541241246,0.06764095687984713,-0.049090445041656494,0.17317168414592743,-0.18790599703788757,0.8586522936820984,0.31045854091644287,-0.9487848281860352,0.7581358551979065,0.15108370780944824,-0.08034059405326843,0.5620520114898682,-0.06311813741922379,-1.0089471340179443
0.4551758749999989,0.0034223749999999996,133.0,3.8179039047610988,-0.7437633150550024,1.1432922916812989,-0.0010020032222223575,-0.0001804504934510457,-0.0004860399414790058,0.06765349766567186,-0.04802277684211731,0.1716787964105606,-0.19014106690883636,0.8418197631835938,0.29301247000694275,-0.9393138885498047,0.7840985655784607,0.15611395239830017,-0.04249725118279457,0.546945333480835,-0.10569993406534195,-0.9970312714576721
0.4551758749999989,0.0034223749999999996,133.0,3.7888096286872073,-0.7154541809470913,1.1433057913968627,-0.0008262937088709069,-0.00015088023031383676,-0.0004021573283463469,0.06764677401813818,-0.0472564697265625,0.16981074213981628,-0.19242605566978455,0.8227997422218323,0.27982816100120544,-0.9289593696594238,0.8145318627357483,0.16081929206848145,-0.0004531873855739832,0.5313222408294678,-0.14965926110744476,-0.9826134443283081
0.4551758749999989,0.0034223749999999996,133.0,3.7588871864251305,-0.6864594070315791,1.1434272007134882,-0.0006927036567994229,-0.00012904528247661103,-0.00033889510965556417,0.06763986030259517,-0.04698622226715088,0.16776880621910095,-0.19485820829868317,0.8022878766059875,0.26447594165802,-0.9161949157714844,0.8479408621788025,0.1660049855709076,0.04507046565413475,0.5161581039428711,-0.1969742625951767,-0.9671849012374878
0.4551758749999989,0.0034223749999999996,133.0,3.7281289614169277,-0.6564379846357923,1.1435532354908056,-0.0005191980048566418,-9.788889585633265e-5,-0.0002559580831887855,0.06763105731369105,-0.0458979606628418,0.16611072421073914,-0.19634297490119934,0.782920777797699,0.24502678215503693,-0.9053890705108643,0.871878981590271,0.17083153128623962,0.08541920781135559,0.4988267421722412,-0.239191934466362,-0.9525398015975952
0.4551758749999989,0.0034223749999999996,133.0,3.6966436247562617,-0.6253011050164416,1.143608367361438,-0.00032562665264973805,-6.076740864641266e-5,-0.0001621173976709207,0.06762772896647408,-0.04347524046897888,0.1650964468717575,-0.19644561409950256,0.7658771872520447,0.223244309425354,-0.8992879390716553,0.8821800947189331,0.17442527413368225,0.11755090951919556,0.47831130027770996,-0.2728053629398346,-0.9389811754226685
0.4551758749999989,0.0034223749999999996,133.0,3.664186892553684,-0.5934149385364095,1.1436882037309308,-0.00015193857623292957,-2.8454894061769167e-5,-7.649097211898108e-5,0.06761405574028412,-0.04165029525756836,0.1637282520532608,-0.1968260556459427,0.7466937899589539,0.20202259719371796,-0.8903193473815918,0.8977423906326294,0.17818382382392883,0.154798686504364,0.45847463607788086,-0.3101789057254791,-0.9234578013420105
0.4551758749999989,0.0034223749999999996,133.0,3.6308515011652847,-0.5613869858593313,1.1440225492668379,1.6815705126834638e-5,3.223470963958061e-6,8.567035797736982e-6,0.06759674136930938,-0.04066908359527588,0.16024187207221985,-0.19825705885887146,0.7194904088973999,0.18502692878246307,-0.8772118091583252,0.9301115870475769,0.184783935546875,0.20552195608615875,0.43989133834838867,-0.34866851568222046,-0.9028269052505493
0.4551758749999989,0.0034223749999999996,133.0,3.5965863390974264,-0.5280477022071429,1.1441426970617312,0.00018548314368554858,3.5888479843640956e-5,9.549193329988895e-5,0.06756910869801361,-0.03953459858894348,0.15833160281181335,-0.1986188292503357,0.696692705154419,0.162712961435318,-0.8624045848846436,0.9499311447143555,0.18889650702476501,0.249486044049263,0.4196314811706543,-0.3866198658943176,-0.8840506672859192
0.4551758749999989,0.0034223749999999996,133.0,3.561105821227475,-0.4933079544168442,1.144030177656167,0.00036776235046140674,7.07052077607701e-5,0.00019183846108836974,0.06752447176844685,-0.03847181797027588,0.15799067914485931,-0.1982448399066925,0.6787080764770508,0.1413082629442215,-0.846973180770874,0.9589393734931946,0.18995511531829834,0.2858635485172272,0.3984653949737549,-0.4250290095806122,-0.8669869303703308
0.4551758749999989,0.0034223749999999996,133.0,3.5250026298137263,-0.4582802279250841,1.1441072787311748,0.0005105285178602411,9.90327868091427e-5,0.00026963049735219895,0.06748310703128282,-0.03743341565132141,0.15591977536678314,-0.19814346730709076,0.6530744433403015,0.11917457729578018,-0.8285143375396729,0.9763506054878235,0.19397002458572388,0.33262553811073303,0.3775644302368164,-0.45952150225639343,-0.8452986478805542
0.4551758749999989,0.0034223749999999996,133.0,3.488052043860614,-0.42244962374028094,1.1441808521656947,0.0006711490531646033,0.00013126257110468922,0.0003591276338858831,0.06743528455671222,-0.03634563088417053,0.15340062975883484,-0.19791404902935028,0.62147057056427,0.0957767441868782,-0.8052089214324951,0.9941999316215515,0.19882002472877502,0.3884473145008087,0.35523438453674316,-0.4933738112449646,-0.8184861540794373
0.4551758749999989,0.0034223749999999996,133.0,3.4503135644377134,-0.3858146090602373,1.1442606574267962,0.0008418650276179185,0.00016580645180075236,0.0004564216012154417,0.06738279038486875,-0.03507724404335022,0.1501573622226715,-0.19717134535312653,0.5828170776367188,0.07097829133272171,-0.7750499248504639,1.0107474327087402,0.20471978187561035,0.45295006036758423,0.3312101364135742,-0.5210551619529724,-0.7856963276863098
0.4551758749999989,0.0034223749999999996,133.0,3.411662298496641,-0.3483697458068038,1.1444162918377103,0.001035064231672429,0.0002042334992517987,0.0005701919449011831,0.06732337856595186,-0.035274386405944824,0.14462575316429138,-0.19472941756248474,0.5253618955612183,0.04805724322795868,-0.7139794826507568,1.0312069654464722,0.21733278036117554,0.5125619769096375,0.3208611011505127,-0.49457475543022156,-0.741179347038269
0.4551758749999989,0.0034223749999999996,133.0,3.3723900721151407,-0.31010895568095403,1.144421628660599,0.0012187002584577093,0.00024084472851075822,0.0006795400321825319,0.06726410152391787,-0.03606674075126648,0.13528618216514587,-0.18846705555915833,0.45281702280044556,0.037106238305568695,-0.6283025741577148,1.0432336330413818,0.24041199684143066,0.5604303479194641,0.33004045486450195,-0.3897811472415924,-0.6923940181732178
0.4551758749999989,0.0034223749999999996,133.0,3.3318972281257833,-0.2713714291464335,1.14476276847299,0.0013364552432086187,0.0002692174770004425,0.0007547738799034177,0.06720038591560233,-0.03985917568206787,0.12629355490207672,-0.17945781350135803,0.3738245368003845,0.04828385263681412,-0.4859490394592285,1.0312814712524414,0.2752281129360199,0.5805984735488892,0.37349748611450195,-0.21847432851791382,-0.6491556167602539
0.4551758749999989,0.0034223749999999996,133.0,3.2907773673513314,-0.2312657331904643,1.1446623342691724,0.001487770017012253,0.0003021721581235451,0.0008495948054855599,0.0671447713689747,-0.04483604431152344,0.12043637782335281,-0.1731494665145874,0.2920682430267334,0.07412894070148468,-0.27860355377197266,0.9687978625297546,0.32457828521728516,0.5391833186149597,0.4657878875732422,-0.028034592047333717,-0.6180288791656494
0.4551758749999989,0.0034223749999999996,133.0,3.24897930883975,-0.18953106378730952,1.143553882035355,0.0016369745385356256,0.0003349865547457349,0.0009390676252663212,0.06708911352792227,-0.11651870608329773,0.12111841142177582,-0.11912253499031067,0.07059386372566223,0.1407664567232132,-0.06943774223327637,0.6020700335502625,0.5245718955993652,0.7989285588264465,1.2443773746490479,-0.37303003668785095,-0.5983552932739258
0.4551758749999989,0.0034223749999999996,133.0,3.2079672234569756,-0.14666892878637103,1.1456667289366325,0.0017770726013403633,0.00035069716165792556,0.0010266307910112092,0.06702180557520404,-0.12433943152427673,0.1162751168012619,-0.11867547035217285,-0.04358583688735962,0.18890661001205444,0.18356561660766602,0.4700387120246887,0.5644601583480835,0.7990826964378357,1.3473422527313232,-0.5532553195953369,-0.5241718292236328
0.4551758749999989,0.0034223749999999996,133.0,3.1643004134629797,-0.10409875575348229,1.1451756855418302,0.001872786937889129,0.00039871109955113085,0.0010803419413743505,0.06697798697360667,-0.1322542130947113,0.11540411412715912,-0.1229943335056305,-0.1138659119606018,0.2784583270549774,0.3943941593170166,0.3776194751262665,0.591390073299408,0.8781622052192688,1.3783328533172607,-0.8517481684684753,-0.4807090759277344
0.4551758749999989,0.0034223749999999996,133.0,3.1152701359464596,-0.05802986363275699,1.146023858869741,0.0018390390763993291,0.00041167321311649465,0.0011045494150000593,0.0667693786078208,-0.17184460163116455,0.1407412737607956,-0.11448758840560913,-0.1437663733959198,0.3415278196334839,0.47677087783813477,0.4039231538772583,0.6002242565155029,0.8081547021865845,1.6365718841552734,-0.9941718578338623,-0.46040359139442444
0.4551758749999989,0.0034223749999999996,133.0,3.0537025552393704,0.00830400588353488,1.1433326697602524,0.0017143870550679896,-0.0001030777138766226,0.0012268974104576635,0.06574060732221537,-0.3124551475048065,0.2926785945892334,-0.10768836736679077,0.1971597969532013,-0.000629461370408535,0.93327796459198,-0.36345428228378296,0.7112603187561035,-1.1420283317565918,3.0238208770751953,-1.1762455701828003,-0.9105221033096313
0.4551758749999989,0.0034223749999999996,133.0,2.9829105742834843,0.04325859219682589,1.1425429941798324,0.00010605243655193691,-4.399073379723699e-6,7.402369218112811e-5,0.06442847767129717,-0.4619525969028473,0.18419234454631805,-0.11631834506988525,0.9570540189743042,-0.6669548749923706,1.1002378463745117,0.696681559085846,0.20211881399154663,-1.5170769691467285,2.6315507888793945,-0.6144832372665405,-1.1598114967346191
0.4551758749999989,0.0034223749999999996,133.0,3.0196417063153285,0.07881270507330869,1.149913211711629,-0.0018110424007461083,-8.80771914437125e-6,-0.0012029309990772804,0.06379439980400804,-0.49176010489463806,0.19948136806488037,-0.05178725719451904,1.3290050029754639,-0.7301664352416992,1.125259280204773,0.42932629585266113,0.18979671597480774,-1.6816719770431519,2.6333365440368652,-0.426367849111557,-1.520427942276001
0.4551758749999989,0.0034223749999999996,133.0,3.045248065992254,0.13394727692657682,1.1688517496792552,-0.0021604606174963903,0.00039588627569950774,-0.0012574834206418616,0.062341841548537474,-0.5728892087936401,0.2468426376581192,0.0522899329662323,1.78054940700531,-1.2739338874816895,1.118213415145874,-0.3626422584056854,0.4807668924331665,-1.9322149753570557,2.6345529556274414,-0.1455923616886139,-2.2643327713012695
0.4551758749999989,0.0034223749999999996,133.0,3.0799147643617246,0.18462913620143254,1.1774895295809609,-0.0022075857345155415,0.0005236322108573406,-0.0011994072562704118,0.06169172035826324,-0.5850224494934082,0.26116979122161865,0.09092769026756287,1.8853799104690552,-1.4858437776565552,1.0578535795211792,-0.5230529308319092,0.5381306409835815,-1.933583378791809,2.4916481971740723,-0.12670721113681793,-2.426328182220459
0.4551758749999989,0.0034223749999999996,133.0,3.1211061690561843,0.23001815111441712,1.1807594966201178,-0.0021062900970258815,0.0004945851175844552,-0.0011064135444551204,0.06154268796548219,-0.5824943780899048,0.2600337564945221,0.10714671015739441,1.9501304626464844,-1.4732199907302856,1.0400605201721191,-0.48676785826683044,0.4869254231452942,-1.9191255569458008,2.3958683013916016,-0.03744553029537201,-2.4396772384643555
0.4551758749999989,0.0034223749999999996,133.0,3.162389379361726,0.27337602445475667,1.1832700121751456,-0.001943093309167455,0.0004529570754022977,-0.0009906986902745642,0.06147054065987451,-0.5770325660705566,0.2561536729335785,0.12048795819282532,1.9982668161392212,-1.4643847942352295,1.0185279846191406,-0.43654051423072815,0.4364249110221863,-1.9095649719238281,2.2838892936706543,0.08278122544288635,-2.4371869564056396
0.4551758749999989,0.0034223749999999996,133.0,3.2030304969401575,0.31531868389409606,1.184661663773029,-0.001732525013518413,0.00039375235163236985,-0.000863758870617119,0.06146586956851853,-0.5508226156234741,0.2339203804731369,0.12363991141319275,1.958827257156372,-1.4448679685592651,1.0047169923782349,-0.3742919862270355,0.3850412368774414,-1.8110356330871582,2.093522548675537,0.3017149567604065,-2.345546245574951
0.4551758749999989,0.0034223749999999996,133.0,3.243342066873289,0.3560141412089805,1.185457643239303,-0.0016374234307498672,0.0003577417924179739,-0.0008003168617011098,0.06149359942265895,-0.49611589312553406,0.19757744669914246,0.139277845621109,1.9221115112304688,-1.3109829425811768,0.883812427520752,-0.4165061414241791,0.2578941881656647,-1.5666732788085938,1.7778162956237793,0.6148432493209839,-2.1791012287139893
0.4551758749999989,0.0034223749999999996,133.0,3.28348302866004,0.3956873107769772,1.1871423266965473,-0.0014087221668518906,0.0002974837801873911,-0.0006689269031737365,0.06149965219674616,-0.44919779896736145,0.1683162897825241,0.1496334969997406,1.8592498302459717,-1.187320590019226,0.7675931453704834,-0.44466572999954224,0.16220608353614807,-1.370539903640747,1.5184500217437744,0.8835597038269043,-2.0186498165130615
0.4551758749999989,0.0034223749999999996,133.0,3.3238001517115383,0.4338528220987822,1.1894152602313974,-0.0012285316937646674,0.0002549832622101691,-0.0005709884214415684,0.061554546944978264,-0.35980328917503357,0.10824526101350784,0.18198058009147644,1.6421502828598022,-0.24468758702278137,0.12793922424316406,-0.7028847336769104,-0.3251102566719055,-1.8175033330917358,1.5051381587982178,1.0093421936035156,-1.307464361190796
0.4551758749999989,0.0034223749999999996,133.0,3.3632327818870373,0.4711017380879731,1.1910578905503515,-0.0009993652395850893,0.00020507737538886698,-0.0004560203341411599,0.0616366842038518,-0.3302643597126007,0.10249676555395126,0.18805012106895447,1.6246575117111206,-0.16692687571048737,0.012694835662841797,-0.7437120676040649,-0.3511812686920166,-1.7503858804702759,1.334477424621582,1.1231204271316528,-1.2633603811264038
0.4551758749999989,0.0034223749999999996,133.0,3.402241902798542,0.5073213935375288,1.1927609348936554,-0.000794197118463668,0.0001632142767786461,-0.00035773486066423553,0.06173659212351268,-0.3047744929790497,0.09955702722072601,0.1944831907749176,1.6066243648529053,-0.09943920373916626,-0.0903923511505127,-0.7776973843574524,-0.3704295754432678,-1.6839627027511597,1.184044361114502,1.1791540384292603,-1.2255215644836426
0.4551758749999989,0.0034223749999999996,133.0,3.4404532458296506,0.542771571353015,1.194362497343345,-0.000598808957217701,0.00012367346644169718,-0.00026657894260886657,0.06183641171339363,-0.2947879731655121,0.10225968062877655,0.1959998905658722,1.6108169555664062,-0.042948994785547256,-0.1355743408203125,-0.7853952050209045,-0.37944769859313965,-1.7109789848327637,1.1348803043365479,1.1707918643951416,-1.2206474542617798
0.4551758749999989,0.0034223749999999996,133.0,3.477831102015851,0.5774337439635,1.1958633381680877,-0.00041130569569977746,8.481504779885902e-5,-0.00018004781663303118,0.06193269346908704,-0.28949740529060364,0.10539118200540543,0.19667789340019226,1.6210488080978394,0.0033581946045160294,-0.16407465934753418,-0.7885301113128662,-0.38762587308883667,-1.7498736381530762,1.1131532192230225,1.16067636013031,-1.222751498222351
0.4551758749999989,0.0034223749999999996,133.0,3.5142698606151352,0.6113040787642672,1.1971891176980052,-0.00023043197818277465,4.7540170164789623e-5,-9.95620225360286e-5,0.062021840977438965,-0.2853611409664154,0.10872330516576767,0.19842949509620667,1.6345107555389404,0.03860795497894287,-0.18963360786437988,-0.7939971685409546,-0.3951790928840637,-1.777674674987793,1.0921869277954102,1.149053692817688,-1.228646993637085
0.4551758749999989,0.0034223749999999996,133.0,3.5492674823856016,0.6442994841987412,1.1977493744059071,-6.841739307092487e-5,1.4330310108984634e-5,-2.9612951314758658e-5,0.062124456122951914,-0.28273889422416687,0.11069437861442566,0.19637158513069153,1.6337332725524902,0.05086313933134079,-0.2030041217803955,-0.7914565205574036,-0.38965940475463867,-1.809726595878601,1.0970146656036377,1.1609365940093994,-1.2335667610168457
0.4551758749999989,0.0034223749999999996,133.0,3.5833266213933466,0.6765870620975449,1.1988087555505245,0.00014748110566650946,-3.137299793044285e-5,6.326730636035317e-5,0.062194690440483556,-0.280305951833725,0.11271598935127258,0.19693270325660706,1.641127109527588,0.06376343220472336,-0.2177734375,-0.802527666091919,-0.3915233016014099,-1.8281500339508057,1.0880205631256104,1.162593126296997,-1.2391141653060913
0.4551758749999989,0.0034223749999999996,133.0,3.6180938653525794,0.7060238485830682,1.1985377576111915,0.00034739075866146735,-7.377878170998488e-5,0.00014560734176153242,0.06242210450187337,-0.27495792508125305,0.11484356969594955,0.20218107104301453,1.6615582704544067,0.09009347856044769,-0.2496941089630127,-0.8244326114654541,-0.4072105288505554,-1.8254175186157227,1.0432243347167969,1.1428710222244263,-1.2436590194702148
0.4551758749999989,0.0034223749999999996,133.0,3.6505851105883855,0.7366600919999197,1.1998034207373616,0.0005486843877907877,-0.00011828568444433387,0.0002271867288881183,0.062489797819787515,-0.27188417315483093,0.11697614192962646,0.20462587475776672,1.6739600896835327,0.10376221686601639,-0.26796531677246094,-0.8420604467391968,-0.413305401802063,-1.8328524827957153,1.0207066535949707,1.1350722312927246,-1.2498916387557983
0.4551758749999989,0.0034223749999999996,133.0,3.682902467323526,0.7666278659108272,1.2017319099327881,0.0007871047721777605,-0.0001716654701965838,0.00032248083234322347,0.06252877004869882,-0.2696920931339264,0.12162068486213684,0.20641037821769714,1.6879788637161255,0.1387050896883011,-0.28866147994995117,-0.8399061560630798,-0.41857588291168213,-1.8536381721496582,1.0099732875823975,1.1145920753479004,-1.258648157119751
0.4551758749999989,0.0034223749999999996,133.0,3.7142959693791306,0.7957544616312525,1.203663077611634,0.0009581004040479534,-0.00020986895439516613,0.0003852189614304604,0.06257516158972276,-0.2666936218738556,0.12533459067344666,0.2113073766231537,1.7089093923568726,0.17063967883586884,-0.3137516975402832,-0.8526053428649902,-0.4332681894302368,-1.854128122329712,0.9762916564941406,1.0871533155441284,-1.2647050619125366
0.4551758749999989,0.0034223749999999996,133.0,3.744636787832442,0.8241047120049235,1.2056603899903426,0.001176437032329925,-0.0002616477411426653,0.0004651154484381444,0.06260202946427662,-0.26479414105415344,0.12794844806194305,0.21085497736930847,1.713592767715454,0.19160662591457367,-0.3277437686920166,-0.8483181595802307,-0.43294405937194824,-1.8715068101882935,0.9748077392578125,1.0855333805084229,-1.269832730293274
0.4551758749999989,0.0034223749999999996,133.0,3.773764830950152,0.85135780272787,1.206585852267543,0.0013433119981711634,-0.0003009321010274809,0.000524189116345423,0.06266536097080046,-0.2617495357990265,0.12818643450737,0.2114877998828888,1.7169322967529297,0.19921821355819702,-0.3426969051361084,-0.8581368923187256,-0.4353412389755249,-1.8733272552490234,0.9594879150390625,1.0921818017959595,-1.2708200216293335
0.4551758749999989,0.0034223749999999996,133.0,3.802333055486132,0.877841819970836,1.208012222053206,0.001529140012244054,-0.0003470776677138114,0.0005897199380841361,0.06271462579108084,-0.2594819962978363,0.12977489829063416,0.21303388476371765,1.724532961845398,0.21563862264156342,-0.35845303535461426,-0.864514946937561,-0.44039440155029297,-1.876966953277588,0.9448108673095703,1.0884082317352295,-1.2733739614486694
0.4551758749999989,0.0034223749999999996,133.0,3.830279247617144,0.9034381198766221,1.2090792029266353,0.0017509335410095014,-0.0003987725028923318,0.0006699308848699692,0.06277614048272692,-0.2573886215686798,0.131950244307518,0.21434107422828674,1.732149600982666,0.23778709769248962,-0.37531423568725586,-0.8648253083229065,-0.4453585743904114,-1.8837987184524536,0.9333198070526123,1.0827747583389282,-1.2760663032531738
0.4551758749999989,0.0034223749999999996,133.0,3.857188132360336,0.9283097994020542,1.2105691728478056,0.001976825898314964,-0.0004574041029352627,0.0007470462263319541,0.0628168816531364,-0.2553218901157379,0.13432110846042633,0.21722736954689026,1.7438249588012695,0.250722199678421,-0.39012670516967773,-0.8770090937614441,-0.45180368423461914,-1.8809858560562134,0.9116847515106201,1.0668880939483643,-1.2812044620513916
0.4551758749999989,0.0034223749999999996,133.0,3.8829795147327855,0.9520110356857437,1.2113989382700903,0.002226896930665143,-0.0005211351976522547,0.0008321069494958473,0.0628698843049595,-0.2530539333820343,0.1331932544708252,0.21620866656303406,1.7405637502670288,0.24717143177986145,-0.39722394943237305,-0.8867908120155334,-0.44870638847351074,-1.8826361894607544,0.9068520069122314,1.0842539072036743,-1.2811640501022339
0.4551758749999989,0.0034223749999999996,133.0,3.907920742180676,0.9751431370112019,1.212444553798901,0.0024092957039758113,-0.0005722816965388031,0.0008943877836811818,0.06292433406116436,-0.2513398826122284,0.13434645533561707,0.217580646276474,1.7462254762649536,0.2601853013038635,-0.4100823402404785,-0.8921299576759338,-0.45291632413864136,-1.8841558694839478,0.8953628540039062,1.0826081037521362,-1.282630205154419
0.4551758749999989,0.0034223749999999996,133.0,3.9319114110986075,0.9974694917360458,1.2135031310211097,0.0026420728896952824,-0.000636818752423355,0.0009744790450174366,0.0629745263019189,-0.2497556507587433,0.13542070984840393,0.2188871204853058,1.7514961957931519,0.27261731028556824,-0.42208337783813477,-0.8980065584182739,-0.4568708539009094,-1.8852112293243408,0.8845415115356445,1.0811326503753662,-1.2839607000350952
0.4551758749999989,0.0034223749999999996,133.0,3.955131670278205,1.0190214900877361,1.2144374110481055,0.00288021441837995,-0.0006998080334810801,0.0010517942439996202,0.06301419035116855,-0.2481112778186798,0.1365080177783966,0.21956709027290344,1.7550454139709473,0.28003597259521484,-0.43205738067626953,-0.9036540985107422,-0.4577661156654358,-1.8870199918746948,0.8761837482452393,1.0800704956054688,-1.2866508960723877
0.4551758749999989,0.0034223749999999996,133.0,3.977660369493989,1.0396364968140561,1.2154719657591715,0.0031286687393477924,-0.0007719978840149694,0.0011352028561527271,0.06305468095772475,-0.24666288495063782,0.13830973207950592,0.22040680050849915,1.7598013877868652,0.29046928882598877,-0.4425544738769531,-0.9070152044296265,-0.45896226167678833,-1.889890432357788,0.8684835433959961,1.074461817741394,-1.2902369499206543
0.4551758749999989,0.0034223749999999996,133.0,3.9993986743293823,1.0593055310756512,1.2167788267978785,0.003383780052739337,-0.0008456146767347858,0.0012099330927653328,0.06307440449963057,-0.24506893754005432,0.13751602172851562,0.22022143006324768,1.7587810754776,0.2892662584781647,-0.44823646545410156,-0.9171301126480103,-0.4580546021461487,-1.8884466886520386,0.8624768257141113,1.0846937894821167,-1.2901884317398071
0.4551758749999989,0.0034223749999999996,133.0,4.01993033259009,1.0787560400189637,1.2184425691065592,0.003583248229221376,-0.0009017449229245028,0.0012624429902235066,0.0630921450416645,-0.24416109919548035,0.14042635262012482,0.2238459289073944,1.7718117237091064,0.3056122362613678,-0.4610557556152344,-0.9250681400299072,-0.4668322801589966,-1.8835450410842896,0.8427934646606445,1.0623921155929565,-1.294295072555542
0.4551758749999989,0.0034223749999999996,133.0,4.039846210518361,1.0967584195282334,1.2193881711597836,0.003801154346809305,-0.0009727641065942069,0.0013342136599784396,0.0631216693189809,-0.2428590953350067,0.13988277316093445,0.22266414761543274,1.7684352397918701,0.306505024433136,-0.4659605026245117,-0.9282355904579163,-0.4633690118789673,-1.8885457515716553,0.8447990417480469,1.0764720439910889,-1.2945218086242676
0.4551758749999989,0.0034223749999999996,133.0,4.0585073978696125,1.1140267057952469,1.2198965359104292,0.003988858028571755,-0.0010342321410315607,0.0013925026341021515,0.06317134192602437,-0.24136289954185486,0.13967503607273102,0.22248581051826477,1.7674226760864258,0.3062317669391632,-0.47181129455566406,-0.9347622394561768,-0.4616384506225586,-1.8891464471817017,0.8406667709350586,1.0833113193511963,-1.2953112125396729
0.4551758749999989,0.0034223749999999996,133.0,4.076591681809051,1.1309903420428264,1.2211559705248463,0.004216201039720502,-0.0010966580290552531,0.001456383841284545,0.06319403457706387,-0.24052676558494568,0.14243458211421967,0.2253423035144806,1.777755618095398,0.3211034834384918,-0.483417272567749,-0.9390838742256165,-0.46802157163619995,-1.8870844841003418,0.8257110118865967,1.064602255821228,-1.2991647720336914
0.4551758749999989,0.0034223749999999996,133.0,4.093797723517095,1.1465518260376335,1.2220829320224806,0.0044133274772818806,-0.0011601762804403669,0.0015089925672260986,0.06322428726957872,-0.2390158474445343,0.1431761384010315,0.227240651845932,1.7833101749420166,0.3281140625476837,-0.49235963821411133,-0.9471662044525146,-0.4728146195411682,-1.8811315298080444,0.809558629989624,1.0564053058624268,-1.299872636795044
0.4551758749999989,0.0034223749999999996,133.0,4.110102375393335,1.1611327459298884,1.2224285579707717,0.00460569702944689,-0.0012214801069180996,0.0015671517269274615,0.06326594833058556,-0.2372959852218628,0.14186882972717285,0.22593358159065247,1.7778031826019287,0.32972872257232666,-0.4979276657104492,-0.9486261010169983,-0.4698166251182556,-1.8842740058898926,0.8100836277008057,1.0737093687057495,-1.297518014907837
0.4551758749999989,0.0034223749999999996,133.0,4.12575751320243,1.1749330585238933,1.2230703051985852,0.004755905432808247,-0.001271078783849326,0.0016077805216964036,0.06330361630465249,-0.2352413535118103,0.14084669947624207,0.22595271468162537,1.7760053873062134,0.33336615562438965,-0.5053389072418213,-0.9527475833892822,-0.47089195251464844,-1.8797519207000732,0.8001759052276611,1.080722689628601,-1.2947032451629639
0.4551758749999989,0.0034223749999999996,133.0,4.140446755841045,1.188081466268948,1.2238547530394746,0.004891244075003623,-0.0013198712395240987,0.0016377921785199244,0.06334015209215214,-0.23293909430503845,0.14096473157405853,0.22621497511863708,1.775679111480713,0.3350331783294678,-0.5132079124450684,-0.9567084312438965,-0.47050321102142334,-1.8736094236373901,0.7877790927886963,1.0772130489349365,-1.294776439666748
0.4551758749999989,0.0034223749999999996,133.0,4.154413311256287,1.2005051270581928,1.2249562747318585,0.005037338366580777,-0.001370179723172586,0.0016725039086057999,0.06336258789492469,-0.2307511270046234,0.1398523896932602,0.22630003094673157,1.774055004119873,0.338146835565567,-0.5204603672027588,-0.9603874683380127,-0.47108620405197144,-1.869931936264038,0.776010274887085,1.0821424722671509,-1.292607069015503
0.4551758749999989,0.0034223749999999996,133.0,4.167554882106736,1.2120840468792835,1.2256378949607567,0.005193093769623453,-0.0014145029141523558,0.0017112953699109223,0.06339129193383611,-0.22922852635383606,0.14096030592918396,0.22950002551078796,1.7816319465637207,0.3523750901222229,-0.5330097675323486,-0.9638642072677612,-0.4798455834388733,-1.8603575229644775,0.7537167072296143,1.0673877000808716,-1.2913081645965576
0.4551758749999989,0.0034223749999999996,133.0,4.1796044951648295,1.2235192985476928,1.22707917933278,0.005358360376982033,-0.001458693054430503,0.0017458408563982939,0.06339402292686665,-0.22877377271652222,0.143113374710083,0.23112687468528748,1.787363886833191,0.3697601556777954,-0.5424807071685791,-0.9586015939712524,-0.4843323826789856,-1.8625911474227905,0.7461485862731934,1.0561894178390503,-1.292527198791504
0.4551758749999989,0.0034223749999999996,133.0,4.19064157902515,1.2345704474038348,1.2284504639103968,0.005524648833159596,-0.0014886368698211081,0.001774469304165784,0.06338711885284244,-0.22866812348365784,0.14710353314876556,0.23365584015846252,1.7970118522644043,0.3906572759151459,-0.5532987117767334,-0.9515988826751709,-0.4900525212287903,-1.8649433851242065,0.7360632419586182,1.031522274017334,-1.2963573932647705
0.4551758749999989,0.0034223749999999996,133.0,4.200860198027363,1.2444249491204487,1.2298699297752473,0.005707084941157492,-0.0015380278138093233,0.001814940878219952,0.06339636976023921,-0.228816956281662,0.15107089281082153,0.2372497022151947,1.8090870380401611,0.4111018478870392,-0.5638484954833984,-0.9482795000076294,-0.4987679123878479,-1.862433671951294,0.7203426361083984,1.0018450021743774,-1.2995530366897583
0.4551758749999989,0.0034223749999999996,133.0,4.209558654077344,1.255508531753227,1.2322903855197154,0.005956291770812172,-0.001610652235820389,0.001908309455932536,0.06323812942122566,-0.23049548268318176,0.15444211661815643,0.23532751202583313,1.810388207435608,0.4324250817298889,-0.5648074150085449,-0.9292454719543457,-0.4945557713508606,-1.8855063915252686,0.7418105602264404,1.0022810697555542,-1.3052170276641846
0.4551758749999989,0.0034223749999999996,133.0,4.217971463560713,1.263943480211183,1.2336264210270176,0.006235275083465241,-0.0016882747880751048,0.0019829228423556607,0.06323265570973924,-0.23120909929275513,0.15856385231018066,0.23710104823112488,1.8188772201538086,0.4537792205810547,-0.5719459056854248,-0.919994592666626,-0.4995974898338318,-1.8889256715774536,0.7379779815673828,0.9789556264877319,-1.3085843324661255
0.4551758749999989,0.0034223749999999996,133.0,4.225433920645454,1.2712473110228004,1.2343529826807742,0.006653849825562201,-0.001805612443929549,0.00211028289753748,0.0632457300342779,-0.2312142252922058,0.1605411022901535,0.23762264847755432,1.821876883506775,0.46879106760025024,-0.5778641700744629,-0.9128520488739014,-0.5016704201698303,-1.8917012214660645,0.7359352111816406,0.9705163240432739,-1.3095152378082275
0.4551758749999989,0.0034223749999999996,133.0,4.232031190619365,1.2779893301992993,1.2353912215432334,0.00736640292481973,-0.001992862288436061,0.002308919283703794,0.06324077882372806,-0.2312816083431244,0.1634533852338791,0.24091288447380066,1.8321309089660645,0.4827166497707367,-0.5850944519042969,-0.9157416820526123,-0.5093603730201721,-1.881516695022583,0.7163670063018799,0.94004225730896,-1.3118696212768555
0.4551758749999989,0.0034223749999999996,133.0,4.237799764440511,1.2838025095766767,1.2362619042905711,0.00897490991069638,-0.0024282264256904455,0.002774438739389568,0.06324387073820453,-0.23120731115341187,0.1657360941171646,0.2438199818134308,1.8409627676010132,0.493720680475235,-0.5921800136566162,-0.9230376482009888,-0.5144111514091492,-1.8677412271499634,0.6960949897766113,0.9104686975479126,-1.3154431581497192
0.4551758749999989,0.0034223749999999996,133.0,4.2426124728442645,1.2885789845590447,1.237379164482689,0.016643217293402148,-0.004664597567823644,0.005013714954211884,0.06323423468203376,-0.23086196184158325,0.1639968603849411,0.24714395403862,1.8493239879608154,0.5032073259353638,-0.6023437976837158,-0.9606916308403015,-0.512826144695282,-1.8246495723724365,0.658613920211792,0.8797515630722046,-1.3250616788864136
0.4551758749999989,0.0034223749999999996,133.0,4.263110155684726,-1.2083493884618648,1.1342596251078665,-0.014271090964016764,-0.0015424124030404805,-0.006543759824258158,0.06764320732845726,-0.043559491634368896,0.18370400369167328,-0.12983888387680054,1.0170400142669678,0.43180543184280396,-1.1302297115325928,0.23308216035366058,0.10100030899047852,-0.5703986883163452,0.6338341236114502,0.6775513887405396,-1.1193634271621704
0.4551758749999989,0.0034223749999999996,133.0,4.258352205289949,-1.2031165919952784,1.13449251618674,-0.007693685695724699,-0.0008085244456470697,-0.0035635174096071334,0.06760577058778433,-0.044779449701309204,0.18590214848518372,-0.1301620602607727,1.0173752307891846,0.42917510867118835,-1.1272289752960205,0.2489418387413025,0.09842470288276672,-0.5687662959098816,0.6641123294830322,0.6481340527534485,-1.1166937351226807
0.4551758749999989,0.0034223749999999996,133.0,4.252580037276764,-1.1973305561420728,1.1343864551380387,-0.0063219855801578614,-0.0006692207623873014,-0.0029284922184598322,0.06758215283375847,-0.046987712383270264,0.1876431256532669,-0.1306738555431366,1.0205402374267578,0.42996466159820557,-1.120945930480957,0.25797024369239807,0.09521567821502686,-0.565069854259491,0.67063307762146,0.6239010691642761,-1.1164393424987793
0.4551758749999989,0.0034223749999999996,133.0,4.246111822959877,-1.1911850022081503,1.1341351454440913,-0.005716719004560213,-0.0006226204448600936,-0.002648714854197267,0.06756879817826866,-0.04833689332008362,0.18740154802799225,-0.1332971453666687,1.0194675922393799,0.4361429810523987,-1.1112101078033447,0.2803572118282318,0.0951693058013916,-0.5567331314086914,0.6749429702758789,0.6043614149093628,-1.1153101921081543
0.4551758749999989,0.0034223749999999996,133.0,4.238465340366086,-1.1840164188982085,1.133769003767226,-0.005365527355246218,-0.0006037945631175962,-0.0024864205323235017,0.0675495883831659,-0.050700485706329346,0.1878279745578766,-0.1357792317867279,1.020336627960205,0.4411359429359436,-1.1003596782684326,0.30349770188331604,0.09358742833137512,-0.5468899011611938,0.6789679527282715,0.5774648189544678,-1.1145235300064087
0.4551758749999989,0.0034223749999999996,133.0,4.229667792202018,-1.177987762381514,1.1309032831235046,-0.0051163969847226685,-0.0006488826281025921,-0.002366063821204627,0.06759839252825502,-0.05103263258934021,0.18670959770679474,-0.1385021209716797,1.0164003372192383,0.44200125336647034,-1.0930819511413574,0.32801955938339233,0.0947762131690979,-0.5299436450004578,0.679039478302002,0.5568708181381226,-1.1118106842041016
0.4551758749999989,0.0034223749999999996,133.0,4.2203591219187935,-1.1695269959561425,1.130364937024009,-0.004911764844310202,-0.000654780375085995,-0.0022735844803918317,0.06758123291095303,-0.05306205153465271,0.18531955778598785,-0.14335954189300537,1.012439250946045,0.4511381983757019,-1.0775980949401855,0.36975422501564026,0.0960855484008789,-0.5119819045066833,0.6837706565856934,0.5251878499984741,-1.1092242002487183
0.4551758749999989,0.0034223749999999996,133.0,4.2103796854379505,-1.1600267884133535,1.1300073438308689,-0.004759680073717458,-0.0006482388682952752,-0.002201438651618037,0.06756754711575196,-0.05513203144073486,0.18560095131397247,-0.14588657021522522,1.012197494506836,0.45224159955978394,-1.067779779434204,0.39139261841773987,0.095364511013031,-0.4995361268520355,0.6861002445220947,0.4985707700252533,-1.108171820640564
0.4551758749999989,0.0034223749999999996,133.0,4.199522365645143,-1.1498536565665967,1.1295211732339594,-0.004622272078319199,-0.0006627022951257097,-0.002135474339806742,0.06754741836919845,-0.0577569305896759,0.1851367950439453,-0.14989128708839417,1.0096793174743652,0.45626533031463623,-1.0534589290618896,0.42747536301612854,0.09557703137397766,-0.4806935787200928,0.6900434494018555,0.46231624484062195,-1.1058226823806763
0.4551758749999989,0.0034223749999999996,133.0,4.187801510648043,-1.1389659022957213,1.1291202817509505,-0.004483370459259929,-0.0006721879937733579,-0.0020720821339112196,0.06753227623082336,-0.05954727530479431,0.18366841971874237,-0.15459296107292175,1.0044444799423218,0.46168816089630127,-1.0395734310150146,0.46711182594299316,0.09753382205963135,-0.45984843373298645,0.693148136138916,0.43142595887184143,-1.1025798320770264
0.4551758749999989,0.0034223749999999996,133.0,4.175489034706568,-1.1271292133783726,1.1288681916953767,-0.004355349133707032,-0.0006691828177601988,-0.0020122953245302446,0.06752640937304795,-0.06105387210845947,0.18333479762077332,-0.1575946807861328,1.0008323192596436,0.45787811279296875,-1.0300266742706299,0.4920641779899597,0.09901449084281921,-0.44198745489120483,0.6944694519042969,0.4019566476345062,-1.1003565788269043
0.4551758749999989,0.0034223749999999996,133.0,4.162612523211534,-1.1145810716759175,1.128561405847609,-0.004225897457787343,-0.0006657978096977944,-0.0019480733197831438,0.0675220214520803,-0.06211778521537781,0.18312153220176697,-0.15993455052375793,0.9982482194900513,0.45668429136276245,-1.0229127407073975,0.511561930179596,0.0993657112121582,-0.42665767669677734,0.6941838264465332,0.38215184211730957,-1.0980406999588013
0.4551758749999989,0.0034223749999999996,133.0,4.149029435273607,-1.100919364344033,1.128598019505322,-0.004113974663046976,-0.0006424817692386301,-0.0018954652240874364,0.06753398269756655,-0.06149613857269287,0.18341243267059326,-0.16065779328346252,0.9947960376739502,0.4469236731529236,-1.021540880203247,0.5141149163246155,0.10139980912208557,-0.4158300459384918,0.6899354457855225,0.37016886472702026,-1.096476435661316
0.4551758749999989,0.0034223749999999996,133.0,4.134842044979409,-1.086810652065254,1.1284901405026766,-0.003969095237303675,-0.0006220856817295323,-0.0018302656971521958,0.06755572617859502,-0.05944147706031799,0.18186423182487488,-0.16267433762550354,0.9862093925476074,0.44178086519241333,-1.020263433456421,0.5261709690093994,0.10658305883407593,-0.40074241161346436,0.684218168258667,0.36197271943092346,-1.0930817127227783
0.4551758749999989,0.0034223749999999996,133.0,4.119375403268893,-1.0715423322601259,1.1284368191913698,-0.0037880617715064686,-0.0005988093674725577,-0.001749834750709574,0.0675606473221619,-0.059188514947891235,0.1812886893749237,-0.1647363305091858,0.9804141521453857,0.4371751844882965,-1.0151798725128174,0.5417933464050293,0.10916149616241455,-0.3847455382347107,0.680525541305542,0.3403623104095459,-1.0898116827011108
0.4551758749999989,0.0034223749999999996,133.0,4.1031269949116105,-1.055433922522709,1.1284158741670052,-0.003619483735824577,-0.0005745392377040354,-0.0016732241702023358,0.06756842296597727,-0.058687418699264526,0.1808881014585495,-0.1662440299987793,0.9746349453926086,0.4336088001728058,-1.0117723941802979,0.5545132160186768,0.11132776737213135,-0.3693074882030487,0.6757185459136963,0.32060834765434265,-1.0861457586288452
0.4551758749999989,0.0034223749999999996,133.0,4.085993110449191,-1.038512511351026,1.128560330313254,-0.003427462912320719,-0.0005459720635174847,-0.0015874191413143353,0.06757705121373206,-0.058563947677612305,0.18126660585403442,-0.16722622513771057,0.9705905914306641,0.42441055178642273,-1.0083553791046143,0.5619005560874939,0.11281469464302063,-0.3559754490852356,0.6707005500793457,0.2960446774959564,-1.0834758281707764
0.4551758749999989,0.0034223749999999996,133.0,4.068311491637837,-1.0208386938610488,1.1287604058139133,-0.003243119929790054,-0.0005087138975658016,-0.0015092440985939983,0.06760793115071319,-0.05553722381591797,0.1800743192434311,-0.1680646538734436,0.9616501927375793,0.41317856311798096,-1.01143479347229,0.5644243359565735,0.11818531155586243,-0.3422694206237793,0.6608061790466309,0.2858327329158783,-1.0799221992492676
0.4551758749999989,0.0034223749999999996,133.0,4.049372266934288,-1.0021039956058795,1.1289035673411416,-0.0030555371572757966,-0.00048099786959221604,-0.0014236716378134792,0.06760657689722516,-0.05593261122703552,0.1807723194360733,-0.1691192090511322,0.9578220844268799,0.4072442650794983,-1.005892276763916,0.575230062007904,0.1184036135673523,-0.3260377049446106,0.6549255847930908,0.2557085454463959,-1.076181173324585
0.4551758749999989,0.0034223749999999996,133.0,4.029780031376507,-0.9828663711450251,1.1289110490620582,-0.002885514044487927,-0.00046261797093674124,-0.001347940065507476,0.06761559660697532,-0.05523732304573059,0.1799408495426178,-0.17138075828552246,0.9488390684127808,0.3971073031425476,-1.0005812644958496,0.5947942137718201,0.12218362092971802,-0.3024844229221344,0.6479108333587646,0.22393295168876648,-1.0709149837493896
0.4551758749999989,0.0034223749999999996,133.0,4.009550297647913,-0.9626782536603279,1.1291135685602727,-0.002663969868772612,-0.00042573504545602984,-0.0012488960455202933,0.06763451582798215,-0.05310305953025818,0.17999453842639923,-0.1715017557144165,0.9420826435089111,0.38258835673332214,-1.0016140937805176,0.5943059921264648,0.12540480494499207,-0.28821149468421936,0.6370482444763184,0.20596790313720703,-1.0672858953475952
0.4551758749999989,0.0034223749999999996,133.0,3.987885966074192,-0.942211308874201,1.1291625141959638,-0.0024436239153556934,-0.000405406047256315,-0.0011499946120960994,0.06763402478522854,-0.054425716400146484,0.17744837701320648,-0.17679539322853088,0.9277192950248718,0.3868284225463867,-0.98716139793396,0.6459720134735107,0.12977880239486694,-0.2504142224788666,0.6342685222625732,0.15685293078422546,-1.057322382926941
0.4551758749999989,0.0034223749999999996,133.0,3.9658988485953377,-0.9205461431444728,1.129175082087736,-0.0022352290433293154,-0.0003744786187814213,-0.0010555986436711837,0.06764867716503986,-0.0526200532913208,0.1755940318107605,-0.17910155653953552,0.9154159426689148,0.3790668845176697,-0.9839253425598145,0.6664316058158875,0.1349131464958191,-0.22540727257728577,0.6239116191864014,0.13068868219852448,-1.0501608848571777
0.4551758749999989,0.0034223749999999996,133.0,3.94282080224689,-0.8978166982618728,1.1290856956463382,-0.0020292403573096765,-0.0003443947722719357,-0.0009598165016685103,0.06764968330330909,-0.05181795358657837,0.17456986010074615,-0.181174635887146,0.9044370651245117,0.3666923940181732,-0.9784529209136963,0.686852216720581,0.13889425992965698,-0.1983059048652649,0.6144344806671143,0.09568846225738525,-1.0430834293365479
0.4551758749999989,0.0034223749999999996,133.0,3.9186820328680905,-0.8736143828812627,1.1291282098007762,-0.001865236930880929,-0.000311098414829417,-0.0008847686648278091,0.06764388959453142,-0.052315741777420044,0.17712771892547607,-0.18058258295059204,0.9037026762962341,0.3528645932674408,-0.972144603729248,0.6830638647079468,0.13657495379447937,-0.18499736487865448,0.603581428527832,0.06149911880493164,-1.0397629737854004
0.4551758749999989,0.0034223749999999996,133.0,3.8939806774847288,-0.8489860138507977,1.1293570159399942,-0.0016628059027971385,-0.00027169923270405587,-0.0007940127508824006,0.06765752170905373,-0.04902544617652893,0.17608550190925598,-0.18092796206474304,0.8925033807754517,0.33674120903015137,-0.9740908145904541,0.6860676407814026,0.1417885720729828,-0.1671081781387329,0.5885517597198486,0.04464393109083176,-1.033742904663086
0.4551758749999989,0.0034223749999999996,133.0,3.868332140922687,-0.8238748805235281,1.1294582356051754,-0.0014754309742834519,-0.0002474120081601666,-0.0007081798964471475,0.06765546760073278,-0.049139440059661865,0.1763203740119934,-0.18235987424850464,0.8838149309158325,0.32386770844459534,-0.9657046794891357,0.7014670372009277,0.1436004638671875,-0.14233583211898804,0.5783133506774902,0.005204712972044945,-1.0267103910446167
0.4551758749999989,0.0034223749999999996,133.0,3.8418424105904596,-0.7983335146186127,1.1295331752590099,-0.0012903054266310417,-0.00022113329633796457,-0.0006229427308447178,0.0676590617183961,-0.04871979355812073,0.17350320518016815,-0.18613764643669128,0.8654701709747314,0.317420095205307,-0.9560682773590088,0.7407758235931396,0.14961734414100647,-0.10245505720376968,0.5677530765533447,-0.03759719431400299,-1.0143787860870361
0.4551758749999989,0.0034223749999999996,133.0,3.8145630190159117,-0.7716115910377459,1.1295677070004342,-0.0011373898046578318,-0.00019714005053123214,-0.0005519512556539438,0.0676607926946184,-0.04777652025222778,0.17204634845256805,-0.1884002685546875,0.849418580532074,0.3015698492527008,-0.9472196102142334,0.7666478157043457,0.1544969379901886,-0.06626693159341812,0.5539524555206299,-0.07972311228513718,-1.0031049251556396
0.4551758749999989,0.0034223749999999996,133.0,3.7867983778136436,-0.7443206798045274,1.12955880459502,-0.001001033343419477,-0.00017632503885052983,-0.00048813146050355406,0.06767180700619471,-0.04671826958656311,0.17057263851165771,-0.19052554666996002,0.8325970768928528,0.2840259075164795,-0.9377415180206299,0.791928231716156,0.15936687588691711,-0.028718935325741768,0.5387554168701172,-0.12164486944675446,-0.9910409450531006
0.4551758749999989,0.0034223749999999996,133.0,3.7576898358398307,-0.7160036310080994,1.1295736927137514,-0.0008255259869214917,-0.00014731358833108604,-0.00040399629075290645,0.06766334119712672,-0.04596757888793945,0.1687363237142563,-0.19267645478248596,0.8136668801307678,0.27070507407188416,-0.9274189472198486,0.8214185833930969,0.16391637921333313,0.01289243996143341,0.5230932235717773,-0.16470983624458313,-0.9765584468841553
0.4551758749999989,0.0034223749999999996,133.0,3.7277557292572365,-0.6870016236013278,1.129699342206001,-0.0006920737496153268,-0.00012592740179462368,-0.0003405481256936318,0.06765492148824133,-0.04571324586868286,0.16673581302165985,-0.19496341049671173,0.7932891845703125,0.2552791237831116,-0.9146413803100586,0.8537716269493103,0.1689281165599823,0.057901058346033096,0.5079092979431152,-0.21099261939525604,-0.9610915184020996
0.4551758749999989,0.0034223749999999996,133.0,3.696979881192797,-0.6569660760838343,1.1298208891135086,-0.0005187393247962008,-9.547744945648416e-5,-0.00025727313609553217,0.06764418663685355,-0.044652730226516724,0.1651138812303543,-0.19632086157798767,0.7741295695304871,0.23587030172348022,-0.9037954807281494,0.8767964243888855,0.17354044318199158,0.09762303531169891,0.4906485080718994,-0.2521887421607971,-0.9464423656463623
0.4551758749999989,0.0034223749999999996,133.0,3.6654684465303635,-0.6258107776199233,1.129860348322001,-0.0003253418430398409,-5.9229337559669464e-5,-0.0001629930193895551,0.0676383389701305,-0.042272984981536865,0.16412471234798431,-0.19632312655448914,0.7573461532592773,0.2142183631658554,-0.8976833820343018,0.8864061236381531,0.17689576745033264,0.12903723120689392,0.47033143043518066,-0.2848583161830902,-0.932908296585083
0.4551758749999989,0.0034223749999999996,133.0,3.6329862530790806,-0.5939058931448089,1.12992763148696,-0.00015180809438485762,-2.7721559255320945e-5,-7.692532123613754e-5,0.06762211531660745,-0.04048943519592285,0.16278952360153198,-0.19659225642681122,0.738417387008667,0.19315867125988007,-0.888664960861206,0.9011624455451965,0.18043243885040283,0.1655704230070114,0.4506947994232178,-0.32121556997299194,-0.9174205660820007
0.4551758749999989,0.0034223749999999996,133.0,3.5996302747697912,-0.5618601825489723,1.1302581796573328,1.6801836427524526e-5,3.1391144511569215e-6,8.618086566870467e-6,0.06760239662885745,-0.03954312205314636,0.15934577584266663,-0.1978607177734375,0.7114248275756836,0.17622675001621246,-0.8754420280456543,0.9324012398719788,0.18685144186019897,0.21559879183769226,0.4322543144226074,-0.3584897518157959,-0.8968213796615601
0.4551758749999989,0.0034223749999999996,133.0,3.5653446012571406,-0.5285023054627564,1.1303657982164532,0.00018533662830426168,3.4937738214041004e-5,9.608190704989996e-5,0.06757236570094012,-0.03844299912452698,0.1574750393629074,-0.19810698926448822,0.688875138759613,0.1541726440191269,-0.8604934215545654,0.9513036012649536,0.19077157974243164,0.25881868600845337,0.4121716022491455,-0.39532381296157837,-0.8781037926673889
0.4551758749999989,0.0034223749999999996,133.0,3.529836115210182,-0.4937443839467149,1.1302369013142137,0.0003674731107176221,6.879342200182552e-5,0.0001930739216582483,0.06752483716425249,-0.037408411502838135,0.15713049471378326,-0.19775299727916718,0.6702735424041748,0.1328655332326889,-0.8445727825164795,0.9602527618408203,0.19185301661491394,0.29620397090911865,0.3910059928894043,-0.43384990096092224,-0.8604477643966675
0.4551758749999989,0.0034223749999999996,133.0,3.493715442002894,-0.458705156249495,1.1303041575015702,0.0005101254987983658,9.635291969695866e-5,0.0002714259060561079,0.06748131691545513,-0.036383211612701416,0.15491808950901031,-0.197813019156456,0.6417434811592102,0.11024656891822815,-0.8244931697845459,0.9785114526748657,0.19639131426811218,0.3479498624801636,0.36962413787841797,-0.46968668699264526,-0.8363873958587646
0.4551758749999989,0.0034223749999999996,133.0,3.456726232790037,-0.42282936386360165,1.1303561467107937,0.0006706965676406181,0.00012754430424713787,0.0003616097964293512,0.0674290832903227,-0.035253316164016724,0.15209361910820007,-0.19762912392616272,0.6063917875289917,0.08613286912441254,-0.7987728118896484,0.9965830445289612,0.20194971561431885,0.4092927873134613,0.346616268157959,-0.5025115013122559,-0.8065419793128967
0.4551758749999989,0.0034223749999999996,133.0,3.4189835360893284,-0.3861962620435917,1.130431699097928,0.000841305854067598,0.00016106439802040045,0.00045960018597318586,0.06737529590367504,-0.03469645977020264,0.14775125682353973,-0.19644908607006073,0.5574995279312134,0.06132473424077034,-0.754683256149292,1.0167369842529297,0.21115639805793762,0.473806232213974,0.3287334442138672,-0.5073747634887695,-0.7669882774353027
0.4551758749999989,0.0034223749999999996,133.0,3.3803051639286523,-0.348677647196357,1.1305445412147959,0.0010345907622815935,0.00019814420192752473,0.0005739708504587897,0.06731292522816759,-0.03671872615814209,0.140440434217453,-0.1920943409204483,0.48456329107284546,0.043630558997392654,-0.6628129482269287,1.0376571416854858,0.23113751411437988,0.5226932168006897,0.3379244804382324,-0.42134517431259155,-0.7147252559661865
0.4551758749999989,0.0034223749999999996,133.0,3.341043850574546,-0.3103659128992142,1.1304914046669305,0.001218311987667191,0.00023382702956287386,0.000683430235771254,0.06725550700621875,-0.03835541009902954,0.13029764592647552,-0.18378689885139465,0.40312790870666504,0.03898603469133377,-0.548724889755249,1.034685730934143,0.262633353471756,0.5500555038452148,0.3683931827545166,-0.2647998034954071,-0.6656990051269531
0.4551758749999989,0.0034223749999999996,133.0,3.3005634503493777,-0.2715938974610527,1.1307769483797077,0.001336100207786048,0.00026215299655904875,0.0007583309552446478,0.0671956873037614,-0.04293277859687805,0.12160783261060715,-0.17438161373138428,0.3169897794723511,0.05500097945332527,-0.3663513660430908,0.9951391220092773,0.3092491626739502,0.5365311503410339,0.44011640548706055,-0.06018915772438049,-0.6273184418678284
0.4551758749999989,0.0034223749999999996,133.0,3.2598872362259055,-0.23151653025893398,1.1303143275483998,0.0014893735722629133,0.00029650571182240237,0.0008475118047081926,0.06715671762487131,-0.11233025789260864,0.1249983161687851,-0.12287557125091553,0.13241003453731537,0.11693723499774933,-0.1908245086669922,0.6575198173522949,0.5087988376617432,0.7524095773696899,1.1672546863555908,-0.2750440537929535,-0.6443387866020203
0.4551758749999989,0.0034223749999999996,133.0,3.2181560189361487,-0.18972534134693805,1.1291800112887143,0.001638608536807158,0.0003303318690008487,0.0009355658183107972,0.06710880288517206,-0.12352928519248962,0.12009628862142563,-0.12269556522369385,0.03144937753677368,0.16999974846839905,0.08849072456359863,0.5313982367515564,0.5407382845878601,0.7596828937530518,1.2918949127197266,-0.4028474688529968,-0.5757759809494019
0.4551758749999989,0.0034223749999999996,133.0,3.1771628517386046,-0.14685752605588176,1.1313031558832192,0.001778649501544603,0.000347073578569754,0.0010223299167566504,0.06704398511664858,-0.12711754441261292,0.1176612451672554,-0.12632378935813904,-0.057364195585250854,0.21414843201637268,0.293682336807251,0.4102157652378082,0.5605939626693726,0.7694968581199646,1.3445768356323242,-0.6085215210914612,-0.5067495107650757
0.4551758749999989,0.0034223749999999996,133.0,3.133498311739164,-0.10428767086404879,1.1308510267391012,0.0018740989851063752,0.00039518855892393885,0.0010763615759244397,0.06700040373400326,-0.12917661666870117,0.11497333645820618,-0.13374826312065125,-0.09390497207641602,0.28034892678260803,0.37914037704467773,0.38686156272888184,0.5736819505691528,0.8721433281898499,1.3378961086273193,-0.756720244884491,-0.48300471901893616
0.4551758749999989,0.0034223749999999996,133.0,3.0846528667139315,-0.058322037487008316,1.1316376250367315,0.001840898436956682,0.0004077315388593347,0.0010990490771429532,0.06679917477523319,-0.16851618885993958,0.1396619826555252,-0.12440401315689087,-0.11036151647567749,0.3315430283546448,0.44620609283447266,0.43121299147605896,0.5852463841438293,0.7877018451690674,1.5812203884124756,-0.8540435433387756,-0.4789793789386749
0.4551758749999989,0.0034223749999999996,133.0,3.023783033131377,0.007381908284755858,1.1289746427718999,0.0017172931497744098,-9.345341211857435e-5,0.0012125516549746644,0.06584027410987753,-0.3027209937572479,0.2913596034049988,-0.1142905056476593,0.23201723396778107,0.0003253171453252435,0.8486870527267456,-0.33219608664512634,0.6959445476531982,-1.182909607887268,2.905632972717285,-1.047499418258667,-0.9301704168319702
0.4551758749999989,0.0034223749999999996,133.0,2.9535647048703306,0.04337013179008292,1.128601442040249,0.00010593133651288045,-4.866768504798282e-6,7.356264422719778e-5,0.06451473298616846,-0.4514462649822235,0.1823986917734146,-0.11938068270683289,0.9449384808540344,-0.6521514058113098,1.06020987033844,0.6960458755493164,0.1896049678325653,-1.5113343000411987,2.5862717628479004,-0.5594572424888611,-1.135000467300415
0.4551758749999989,0.0034223749999999996,133.0,2.9905670184320043,0.07818868686149553,1.1356090345712373,-0.001806609827052905,-1.4939900712230858e-5,-0.0011961635736985597,0.0639032527570382,-0.48050662875175476,0.19730813801288605,-0.055653274059295654,1.308417797088623,-0.7191009521484375,1.0860772132873535,0.4319075345993042,0.17888832092285156,-1.6803394556045532,2.587585926055908,-0.36548009514808655,-1.4887421131134033
0.4551758749999989,0.0034223749999999996,133.0,3.016467520282847,0.13307302377746127,1.1541841898192577,-0.0021525320104457614,0.000383225842716615,-0.0012534146552851365,0.062474606150209555,-0.5638226270675659,0.24469687044620514,0.05020865797996521,1.7646005153656006,-1.2704495191574097,1.0926432609558105,-0.34782418608665466,0.468372642993927,-1.944523572921753,2.592102527618408,-0.08511976897716522,-2.235880136489868
0.4551758749999989,0.0034223749999999996,133.0,3.051117702238832,0.18372112963262355,1.1628226381943783,-0.0021997704867294516,0.0005121198077826503,-0.0011952770831109396,0.06182416909213159,-0.5778794288635254,0.2598710358142853,0.08861896395683289,1.8719580173492432,-1.4862762689590454,1.0414388179779053,-0.5087391138076782,0.5304154753684998,-1.9517384767532349,2.45876407623291,-0.07624750584363937,-2.405181407928467
0.4551758749999989,0.0034223749999999996,133.0,3.09230270829434,0.22912765400521845,1.1660730742640124,-0.002098630236070078,0.00048486004836180473,-0.0011025617393203768,0.06167429194792219,-0.5777727365493774,0.2604917585849762,0.1039324700832367,1.9406836032867432,-1.461134433746338,1.0344452857971191,-0.4532706141471863,0.4761381447315216,-1.9504181146621704,2.3818039894104004,-0.0050347112119197845,-2.41953706741333
0.4551758749999989,0.0034223749999999996,133.0,3.133557134465085,0.27250719510452937,1.1685254826093432,-0.001935684180627246,0.0004446815637510846,-0.0009878638927077875,0.06160059951107201,-0.5739443302154541,0.25810059905052185,0.11885890364646912,1.9892098903656006,-1.4716979265213013,1.0141443014144897,-0.43715792894363403,0.4398798644542694,-1.9267593622207642,2.280060291290283,0.09539416432380676,-2.431570529937744
0.4551758749999989,0.0034223749999999996,133.0,3.1741403092493155,0.3145153148591368,1.1699167603965668,-0.0017257832122298943,0.00038720731649360203,-0.0008619469725459037,0.06159073554765081,-0.5658391714096069,0.24921292066574097,0.12185624241828918,1.977840542793274,-1.4917874336242676,1.023461937904358,-0.3582879602909088,0.4191286563873291,-1.9110440015792847,2.1733226776123047,0.23623237013816833,-2.3995108604431152
0.4551758749999989,0.0034223749999999996,133.0,3.214146542067725,0.35543038415191897,1.1706395711943807,-0.0016310237491205589,0.00035232022614382186,-0.000800517785142333,0.06160302508955009,-0.5216168165206909,0.2178705334663391,0.1325397789478302,1.9395833015441895,-1.4059151411056519,0.9452301263809204,-0.375134140253067,0.326314240694046,-1.7215392589569092,1.908754825592041,0.5112863183021545,-2.2664711475372314
0.4551758749999989,0.0034223749999999996,133.0,3.2540040461377764,0.3952942088349596,1.172259221898235,-0.001403368082112876,0.0002934956786276561,-0.0006703808301620104,0.06159435664268313,-0.4816737473011017,0.192057803273201,0.14638838171958923,1.9239546060562134,-1.2860482931137085,0.8376078605651855,-0.3952423930168152,0.21590673923492432,-1.56374990940094,1.6687192916870117,0.7544533610343933,-2.138704299926758
0.4551758749999989,0.0034223749999999996,133.0,3.2936634412242642,0.4339524108683414,1.1743111521451697,-0.0012280610435112126,0.0002483168618755676,-0.0005684468141819038,0.06161467559959093,-0.3862138092517853,0.1214643195271492,0.1778905689716339,1.6761221885681152,-0.2865930497646332,0.21924781799316406,-0.6450730562210083,-0.29225486516952515,-1.9599672555923462,1.6565823554992676,0.8738541007041931,-1.374931812286377
0.4551758749999989,0.0034223749999999996,133.0,3.3328441749301674,0.4712950880310944,1.1759308892385543,-0.000999089670679078,0.0001996640297580901,-0.0004549814086053185,0.0616822835439728,-0.3486568033695221,0.11057329177856445,0.18534168601036072,1.6548720598220825,-0.19650019705295563,0.0763242244720459,-0.707694411277771,-0.33298933506011963,-1.851393222808838,1.441356897354126,1.0500057935714722,-1.3122131824493408
0.4551758749999989,0.0034223749999999996,133.0,3.3716389043616832,0.5075699993513669,1.17753993228722,-0.0007939504427314968,0.00015880881909180068,-0.00035770327325536377,0.061772667816342906,-0.3201309144496918,0.10535591095685959,0.19141826033592224,1.6349409818649292,-0.122407928109169,-0.03515958786010742,-0.7494456171989441,-0.3584538698196411,-1.7779327630996704,1.2771096229553223,1.1381932497024536,-1.2662527561187744
0.4551758749999989,0.0034223749999999996,133.0,3.4097561535889374,0.5430198584843416,1.1791189470694627,-0.0005986554113276711,0.00012034273216341805,-0.00026679786719298153,0.06186701938428186,-0.2984635531902313,0.10333473980426788,0.19606247544288635,1.6201882362365723,-0.05744119733572006,-0.1229102611541748,-0.7771104574203491,-0.3764905333518982,-1.730214238166809,1.15354585647583,1.169382929801941,-1.2330498695373535
0.4551758749999989,0.0034223749999999996,133.0,3.4470534331279463,0.5777025607966766,1.18059072337592,-0.00041120894664181955,8.251009104774681e-5,-0.0001802859665486434,0.0619608649208367,-0.289122611284256,0.10567834973335266,0.19765332341194153,1.6237534284591675,-0.006384626030921936,-0.16539740562438965,-0.7857451438903809,-0.38568633794784546,-1.7487115859985352,1.1069378852844238,1.161566138267517,-1.2273712158203125
0.4551758749999989,0.0034223749999999996,133.0,3.4834701643348702,0.6115623114775373,1.1819068933710077,-0.00023037891847672157,4.624581827408308e-5,-9.970130566741824e-5,0.06204993059502042,-0.2844471037387848,0.10839570313692093,0.19845572113990784,1.6333537101745605,0.034208621829748154,-0.1914196014404297,-0.7899345755577087,-0.3937807083129883,-1.7797110080718994,1.0872483253479004,1.1543720960617065,-1.2289235591888428
0.4551758749999989,0.0034223749999999996,133.0,3.5184446900122617,0.6445563845039463,1.1824252211701942,-6.839775260551681e-5,1.393872764290435e-5,-2.966406815527377e-5,0.062153380092646635,-0.28153201937675476,0.11030039191246033,0.19607535004615784,1.631439447402954,0.04877398908138275,-0.204833984375,-0.787161648273468,-0.38817906379699707,-1.8137401342391968,1.092034101486206,1.1664276123046875,-1.232814908027649
0.4551758749999989,0.0034223749999999996,133.0,3.5524538518096853,0.6768890258642941,1.183470298778836,0.00014743850442871823,-3.0516810685595457e-5,6.341047073404811e-5,0.062222277827845146,-0.27907469868659973,0.11232201009988785,0.1965373456478119,1.6385118961334229,0.06207606941461563,-0.21932697296142578,-0.798027515411377,-0.3898277282714844,-1.8327549695968628,1.083310842514038,1.1680448055267334,-1.238265037536621
0.4551758749999989,0.0034223749999999996,133.0,3.5872461550564196,0.7062733467232412,1.183157983287156,0.00034724399547427496,-7.179461852219041e-5,0.0001459421185487493,0.062453197086290484,-0.27370962500572205,0.11437847465276718,0.20180317759513855,1.6588873863220215,0.0879148468375206,-0.2512474060058594,-0.8201195597648621,-0.40548717975616455,-1.8295012712478638,1.0383691787719727,1.1484215259552002,-1.2427821159362793
0.4551758749999989,0.0034223749999999996,133.0,3.6196870277503606,0.7369103200908264,1.1843679190465028,0.0005484081443153481,-0.00011510856115938886,0.00022787015723676923,0.06252109196570896,-0.27066758275032043,0.11648426204919815,0.20421335101127625,1.671133041381836,0.10121380537748337,-0.269331693649292,-0.8376124501228333,-0.41137266159057617,-1.836814045906067,1.0161943435668945,1.140737533569336,-1.2490700483322144
0.4551758749999989,0.0034223749999999996,133.0,3.6520166934126745,0.7668542757860212,1.1862928597435167,0.0007867221455849285,-0.0001671354082549505,0.0003234435104688963,0.0625602633095206,-0.26850244402885437,0.12109702825546265,0.20599964261054993,1.68506920337677,0.13567902147769928,-0.2897467613220215,-0.8353973627090454,-0.4164809584617615,-1.857190728187561,1.0055718421936035,1.1201716661453247,-1.2579069137573242
0.4551758749999989,0.0034223749999999996,133.0,3.68341105161198,0.7959546218130311,1.1881959044173696,0.0009576021476176474,-0.00020435894175431995,0.0003864327971480091,0.06260761098750879,-0.26598355174064636,0.12471473217010498,0.20870104432106018,1.6998374462127686,0.16605956852436066,-0.3111739158630371,-0.838866114616394,-0.42499274015426636,-1.8671348094940186,0.9864037036895752,1.1017080545425415,-1.2641149759292603
0.4551758749999989,0.0034223749999999996,133.0,3.7137500297745003,0.8242799859077483,1.1901603744952451,0.0011757586482059744,-0.0002549528156617466,0.00046673206414147845,0.06263534583005684,-0.2636266052722931,0.1273638755083084,0.21043512225151062,1.7105146646499634,0.1879691630601883,-0.3285045623779297,-0.8438372015953064,-0.430586576461792,-1.874635100364685,0.9706051349639893,1.0909976959228516,-1.269187092781067
0.4551758749999989,0.0034223749999999996,133.0,3.742883747674619,0.8515312904226062,1.1910937502370254,0.0013425352039322907,-0.0002932652622973717,0.0005258748473200142,0.0627005847221456,-0.2606147825717926,0.12761004269123077,0.21108517050743103,1.7139137983322144,0.1953950822353363,-0.3433213233947754,-0.8537122011184692,-0.43292999267578125,-1.8763483762741089,0.955376386642456,1.0973882675170898,-1.2702856063842773
0.4551758749999989,0.0034223749999999996,133.0,3.771425001643977,0.8780204569966621,1.192488494518902,0.0015281897381977261,-0.00033837146360565833,0.0005918202121949824,0.0627503824750154,-0.2583634555339813,0.12919853627681732,0.21262440085411072,1.7214701175689697,0.21169425547122955,-0.35893750190734863,-0.8601529598236084,-0.43786853551864624,-1.8800104856491089,0.940868616104126,1.0934748649597168,-1.2729110717773438
0.4551758749999989,0.0034223749999999996,133.0,3.7993717457704292,0.903619073712583,1.1935393292196872,0.0017498226610210025,-0.00038875432690588924,0.0006724149098172763,0.06281226654691335,-0.2562750279903412,0.13136593997478485,0.2139337956905365,1.7290486097335815,0.23365731537342072,-0.3756556510925293,-0.8604824542999268,-0.4427313804626465,-1.8867098093032837,0.9294073581695557,1.087644338607788,-1.2756670713424683
0.4551758749999989,0.0034223749999999996,133.0,3.82625578582302,0.9284888010590154,1.1950072864357348,0.001975586440510684,-0.0004462923516977398,0.0007499847433729369,0.06285234103594366,-0.25422051548957825,0.1337268352508545,0.21681377291679382,1.7407134771347046,0.24640382826328278,-0.39039111137390137,-0.872678816318512,-0.4490758776664734,-1.8838446140289307,0.9078655242919922,1.0716543197631836,-1.2808936834335327
0.4551758749999989,0.0034223749999999996,133.0,3.852026423692723,0.9522087068137995,1.1958182352595363,0.002225465672990373,-0.000508621035122158,0.0008355711822904516,0.06290571115009985,-0.2519783079624176,0.1326093226671219,0.21579381823539734,1.737457513809204,0.24271708726882935,-0.39737772941589355,-0.8824350237846375,-0.44590508937835693,-1.8854804039001465,0.903174877166748,1.0888968706130981,-1.2809317111968994
0.4551758749999989,0.0034223749999999996,133.0,3.876960301094887,0.9753365131669672,1.1968252953550973,0.002407665360099351,-0.0005586733214517043,0.0008983659806997355,0.06296095024226583,-0.2502584159374237,0.13374578952789307,0.217159241437912,1.7430543899536133,0.2555827796459198,-0.41020655632019043,-0.8877525925636292,-0.4500231146812439,-1.8869233131408691,0.8917214870452881,1.0872244834899902,-1.2824255228042603
0.4551758749999989,0.0034223749999999996,133.0,3.900943777548944,0.9976588703106347,1.1978579584720286,0.002640222540689497,-0.0006219764804675104,0.0009790156570751024,0.06301159020910041,-0.24867501854896545,0.13481087982654572,0.21846482157707214,1.748291254043579,0.2678736448287964,-0.42215895652770996,-0.8936389088630676,-0.4538987874984741,-1.8879096508026123,0.8809268474578857,1.0856645107269287,-1.283800482749939
0.4551758749999989,0.0034223749999999996,133.0,3.924150366579789,1.0192113466605932,1.1987806350693515,0.002878226845817732,-0.0006836156305335641,0.0010568496941905925,0.0630511713628438,-0.24704048037528992,0.1358964741230011,0.2191416323184967,1.7518235445022583,0.2751661539077759,-0.4320485591888428,-0.8992860913276672,-0.45472609996795654,-1.889678955078125,0.8726480007171631,1.0844792127609253,-1.286541223526001
0.4551758749999989,0.0034223749999999996,133.0,3.9466731544874087,1.0398200679621037,1.1997829370090838,0.003126373290700127,-0.0007543717293381169,0.001140900292122292,0.06309294838701313,-0.24558880925178528,0.13767695426940918,0.21996524930000305,1.7564798593521118,0.2854712903499603,-0.44249963760375977,-0.902574896812439,-0.4558354616165161,-1.8924862146377563,0.865058422088623,1.0788953304290771,-1.2901151180267334
0.4551758749999989,0.0034223749999999996,133.0,3.9684336254279904,1.0594808136735256,1.2011028604099823,0.003381349313493165,-0.0008266438003436768,0.0012158176757366519,0.06311368029655519,-0.244000643491745,0.13688857853412628,0.2198038399219513,1.7555406093597412,0.2841854691505432,-0.4481785297393799,-0.9127733707427979,-0.45495182275772095,-1.8908987045288086,0.85892653465271,1.0888928174972534,-1.2901203632354736
0.4551758749999989,0.0034223749999999996,133.0,3.988961498460535,1.078913226432584,1.2027384904231138,0.003580544076021008,-0.0008819127933302431,0.0012688820071454453,0.06313198193669672,-0.24308541417121887,0.13977853953838348,0.22343125939369202,1.768550992012024,0.3004148602485657,-0.4610164165496826,-0.9207754731178284,-0.46367013454437256,-1.8859398365020752,0.8392159938812256,1.0665538311004639,-1.2942662239074707
0.4551758749999989,0.0034223749999999996,133.0,4.00887597967307,1.0969266810643565,1.2036977462039327,0.0037984918509901206,-0.0009518066945539302,0.0013409044866490346,0.06316093440118592,-0.24179938435554504,0.139251247048378,0.2222592532634735,1.7652174234390259,0.30123934149742126,-0.4658172130584717,-0.9239614605903625,-0.460183322429657,-1.8908971548080444,0.8412437438964844,1.0803861618041992,-1.2945581674575806
0.4551758749999989,0.0034223749999999996,133.0,4.027514006878561,1.1142025824103878,1.2041770728529277,0.003985875628017631,-0.0010123329794038264,0.0013998700441815305,0.0632114971282772,-0.24030062556266785,0.1390330046415329,0.22206076979637146,1.7641360759735107,0.3009079396724701,-0.47164297103881836,-0.9304117560386658,-0.4583841562271118,-1.891526699066162,0.8372232913970947,1.0872961282730103,-1.2953484058380127
0.4551758749999989,0.0034223749999999996,133.0,4.045602146422524,1.1311442234704363,1.2054106687361674,0.004212929587508455,-0.0010735632041774087,0.0014642525605299119,0.06323506835845064,-0.23944512009620667,0.14176885783672333,0.22492250800132751,1.7744263410568237,0.3156990706920624,-0.4832789897918701,-0.9348452091217041,-0.46473199129104614,-1.8893766403198242,0.8221817016601562,1.068540334701538,-1.2991938591003418
0.4551758749999989,0.0034223749999999996,133.0,4.062786112800678,1.14671633931868,1.2063168716557926,0.004409853104777059,-0.0011362561920590648,0.0015175540440666173,0.06326518402139678,-0.23794159293174744,0.1425095945596695,0.22681483626365662,1.779979944229126,0.3226476013660431,-0.4922161102294922,-0.9428797960281372,-0.46945416927337646,-1.883471965789795,0.8061203956604004,1.0603017807006836,-1.299971580505371
0.4551758749999989,0.0034223749999999996,133.0,4.0790797232381735,1.161308442728333,1.2066530547286307,0.004602097287598797,-0.0011964348137817977,0.0015762133398340124,0.06330701337663333,-0.23623037338256836,0.1412089318037033,0.22550860047340393,1.7744680643081665,0.32419729232788086,-0.49773097038269043,-0.9443103075027466,-0.466414213180542,-1.8866355419158936,0.806718111038208,1.0775270462036133,-1.2976548671722412
0.4551758749999989,0.0034223749999999996,133.0,4.094724951443964,1.1751187597807355,1.2072998977148048,0.004752282961734302,-0.00124542465191396,0.0016171319240697824,0.06334430628576018,-0.2341969609260559,0.14020180702209473,0.22553935647010803,1.7727465629577637,0.32778915762901306,-0.5050909519195557,-0.9484475255012512,-0.4674641489982605,-1.882163405418396,0.7968814373016357,1.0843819379806519,-1.29494047164917
0.4551758749999989,0.0034223749999999996,133.0,4.1093981180823045,1.1882685616406616,1.208063795250907,0.004887478033655378,-0.0012936286458228446,0.0016476281866302266,0.06338104885025805,-0.23190471529960632,0.14031733572483063,0.22579893469810486,1.7724398374557495,0.32944178581237793,-0.5129706859588623,-0.9523536562919617,-0.46704256534576416,-1.8761227130889893,0.7846043109893799,1.0808829069137573,-1.295066237449646
0.4551758749999989,0.0034223749999999996,133.0,4.123348310382129,1.2007058382919613,1.2091562799048416,0.005033526311782781,-0.0013432894636757112,0.0016829309544420159,0.06340291026400635,-0.22973820567131042,0.1392226368188858,0.22589001059532166,1.770898461341858,0.33256322145462036,-0.520219087600708,-0.9560132622718811,-0.46758729219436646,-1.8726462125778198,0.7729573249816895,1.0857279300689697,-1.2930176258087158
0.4551758749999989,0.0034223749999999996,133.0,4.136504921476439,1.2122791187228181,1.2098371411910063,0.005189398077884909,-0.0013865738245117897,0.001721748404244653,0.06343145799601602,-0.22821927070617676,0.14033596217632294,0.229122132062912,1.7785658836364746,0.34674668312072754,-0.5328116416931152,-0.959585964679718,-0.4763473868370056,-1.8630365133285522,0.7505636215209961,1.0707571506500244,-1.291806936264038
0.4551758749999989,0.0034223749999999996,133.0,4.148535352590951,1.2237409345343755,1.2111634646587817,0.0053594452015445285,-0.0014206837745428115,0.0017512818424133905,0.06343092396593031,-0.22773447632789612,0.1424686312675476,0.2307070791721344,1.784030556678772,0.3642331659793854,-0.542395830154419,-0.9539778828620911,-0.48066288232803345,-1.865563988685608,0.7432715892791748,1.0599420070648193,-1.2929348945617676
0.4551758749999989,0.0034223749999999996,133.0,4.159629517390064,1.2347148334032108,1.2126160663652803,0.005520817991544214,-0.0014588758948001256,0.001785198547461187,0.06342773938730006,-0.22763913869857788,0.14645668864250183,0.23331698775291443,1.7939121723175049,0.3848825693130493,-0.5531103610992432,-0.9475262761116028,-0.4864981174468994,-1.8674860000610352,0.7327296733856201,1.0346102714538574,-1.2968780994415283
0.4551758749999989,0.0034223749999999996,133.0,4.1698603852445615,1.244537695132786,1.2139897868828657,0.005702934353097085,-0.001507275687975265,0.0018265810663703746,0.0634373204487732,-0.22776073217391968,0.1503935307264328,0.23691782355308533,1.805891513824463,0.40526729822158813,-0.5637340545654297,-0.9443128108978271,-0.4951520562171936,-1.864909291267395,0.7169053554534912,1.00497305393219,-1.3000401258468628
0.4551758749999989,0.0034223749999999996,133.0,4.178563413615983,1.2556083432537621,1.216436647633214,0.005952605863250989,-0.0015785402175381266,0.0019195174148162652,0.0632773809862241,-0.2294546365737915,0.15378765761852264,0.23501065373420715,1.8071955442428589,0.4265111982822418,-0.5644874572753906,-0.9254061579704285,-0.4908793568611145,-1.8879762887954712,0.7383725643157959,1.0050426721572876,-1.3057663440704346
0.4551758749999989,0.0034223749999999996,133.0,4.18700021542005,1.2640043996193846,1.2177493065619533,0.006231345979537514,-0.001654739809973964,0.001994921347027159,0.06327196362084467,-0.23014524579048157,0.1578845977783203,0.23680153489112854,1.8155940771102905,0.4477790892124176,-0.5716390609741211,-0.9163190722465515,-0.495883047580719,-1.8912478685379028,0.7343966960906982,0.9816303253173828,-1.3090815544128418
0.4551758749999989,0.0034223749999999996,133.0,4.194483102251816,1.27128493348482,1.2184546604529396,0.006649605279187749,-0.0017698210834246855,0.0021232762850471277,0.06328515577638169,-0.23013317584991455,0.1598462462425232,0.23733261227607727,1.8185065984725952,0.46273043751716614,-0.5775656700134277,-0.9092655181884766,-0.49791115522384644,-1.8939255475997925,0.7322728633880615,0.9731394648551941,-1.3099699020385742
0.4551758749999989,0.0034223749999999996,133.0,4.201096185691586,1.2780093981200435,1.219487636183697,0.007362037944141601,-0.0019531065882164602,0.0023227796675158296,0.06327987979934183,-0.23019933700561523,0.16275985538959503,0.24064889550209045,1.8287761211395264,0.47664371132850647,-0.5848393440246582,-0.9123410582542419,-0.505581796169281,-1.8837045431137085,0.7125821113586426,0.9425015449523926,-1.3123584985733032
0.4551758749999989,0.0034223749999999996,133.0,4.206875233758818,1.283801497534039,1.2203160255951733,0.00896945983175602,-0.0023795215024436972,0.0027920215065551177,0.06328324579114813,-0.2301086187362671,0.1650204211473465,0.24356219172477722,1.8374801874160767,0.487630158662796,-0.5920214653015137,-0.9198341369628906,-0.5105646252632141,-1.8698993921279907,0.6922409534454346,0.9130578637123108,-1.315871238708496
0.4551758749999989,0.0034223749999999996,133.0,4.211717929937093,1.2885922915555783,1.2214194922249315,0.016635237601202894,-0.004574393119750688,0.0050457545782926026,0.06327219826912894,-0.22979021072387695,0.163316547870636,0.24691012501716614,1.845596432685852,0.4972384572029114,-0.6022913455963135,-0.9582158327102661,-0.5088399052619934,-1.8268033266067505,0.6546962261199951,0.8822851777076721,-1.3253735303878784
0.4551758749999989,0.0034223749999999996,133.0,4.232086891051254,-1.2090283379589397,1.1203792456293824,-0.01425204620328962,-0.0015282014584962352,-0.006554978276640227,0.06767313289173907,-0.04217138886451721,0.18234142661094666,-0.13173168897628784,1.0094726085662842,0.4259810745716095,-1.1266136169433594,0.2504708170890808,0.10574141144752502,-0.5551767945289612,0.6287853717803955,0.6572439670562744,-1.1165399551391602
0.4551758749999989,0.0034223749999999996,133.0,4.227327842785281,-1.2037913920410357,1.1206301886523002,-0.0076841202473940315,-0.0007987810088627452,-0.0035687519167801273,0.06763502293701434,-0.04337158799171448,0.184553861618042,-0.13204815983772278,1.00978422164917,0.42270421981811523,-1.1235065460205078,0.26627007126808167,0.10313007235527039,-0.5536059737205505,0.6589188575744629,0.6273914575576782,-1.113808274269104
0.4551758749999989,0.0034223749999999996,133.0,4.221565806417906,-1.1980152863940667,1.1205241454526755,-0.0063141551970700436,-0.0006611618387763795,-0.0029326707019945216,0.06761155953304904,-0.0455569326877594,0.18630550801753998,-0.13254505395889282,1.01285719871521,0.4233066737651825,-1.11728835105896,0.275026798248291,0.09994816780090332,-0.5498515963554382,0.6653265953063965,0.603137731552124,-1.1134884357452393
0.4551758749999989,0.0034223749999999996,133.0,4.215104408714347,-1.1918673272205813,1.1202819484772613,-0.005709720118317813,-0.0006147209642695132,-0.002652405296902551,0.0675984069520911,-0.04690176248550415,0.18607093393802643,-0.13514110445976257,1.0116853713989258,0.4293876886367798,-1.1077041625976562,0.297168493270874,0.09991127252578735,-0.5413782596588135,0.6695365905761719,0.5834400653839111,-1.1122664213180542
0.4551758749999989,0.0034223749999999996,133.0,4.2074684801265265,-1.1847022852184255,1.1199260954160934,-0.005359029903551918,-0.0005957924369113673,-0.0024898358212901758,0.06757938862272794,-0.0492548942565918,0.18651114404201508,-0.13759174942970276,1.0124247074127197,0.43429532647132874,-1.0970189571380615,0.31993988156318665,0.09836089611053467,-0.5313987135887146,0.673447847366333,0.5564733147621155,-1.1113797426223755
0.4551758749999989,0.0034223749999999996,133.0,4.1986725753014325,-1.178674854754799,1.117075445818638,-0.005110187278796947,-0.0006407693067415733,-0.002369381274943314,0.06762900574746511,-0.04959419369697571,0.1854032278060913,-0.14027813076972961,1.0084452629089355,0.43515074253082275,-1.0898947715759277,0.34415239095687866,0.09952360391616821,-0.5143955945968628,0.6734461784362793,0.5357818007469177,-1.108595848083496
0.4551758749999989,0.0034223749999999996,133.0,4.189375586167858,-1.170214070786338,1.1165623179144244,-0.00490592469978028,-0.0006458859085616952,-0.0022767254695615947,0.06761231170255766,-0.051627665758132935,0.18403084576129913,-0.14507833123207092,1.0043141841888428,0.44420573115348816,-1.074697494506836,0.3854089081287384,0.10086417198181152,-0.4962371587753296,0.678058385848999,0.5039290189743042,-1.1058669090270996
0.4551758749999989,0.0034223749999999996,133.0,4.179405713120232,-1.160715779673393,1.1162187801040988,-0.004754095837813957,-0.0006389776897281879,-0.0022044643089287616,0.0675988716932268,-0.053690433502197266,0.1843295395374298,-0.14757102727890015,1.0039724111557007,0.4452463686466217,-1.0650110244750977,0.4066913425922394,0.10015085339546204,-0.48372140526771545,0.6802618503570557,0.47729548811912537,-1.104720115661621
0.4551758749999989,0.0034223749999999996,133.0,4.168560895942576,-1.1505436956694266,1.115749101849922,-0.004616923900682583,-0.0006530220672852552,-0.0021384192370882686,0.06757920134561857,-0.05630776286125183,0.1838860660791397,-0.15152016282081604,1.0012850761413574,0.4491913616657257,-1.0509202480316162,0.4422484040260315,0.10039305686950684,-0.46472370624542236,0.6840507984161377,0.4410187005996704,-1.1022294759750366
0.4551758749999989,0.0034223749999999996,133.0,4.156851796245288,-1.1396543230482783,1.1153726214779511,-0.004478316420017305,-0.0006617769918942278,-0.0020749370837998093,0.06756448335832238,-0.05809980630874634,0.18243706226348877,-0.15615764260292053,0.9959025382995605,0.4544985890388489,-1.0373003482818604,0.48139700293540955,0.10236167907714844,-0.44373831152915955,0.6870105266571045,0.41005924344062805,-1.0988463163375854
0.4551758749999989,0.0034223749999999996,133.0,4.144545847660107,-1.127813194020151,1.1151342489986693,-0.004350554518623332,-0.0006583509037024993,-0.0020150805508082625,0.06755875181271379,-0.059602588415145874,0.1821209192276001,-0.15911361575126648,0.9921949505805969,0.4506266117095947,-1.0278558731079102,0.5059690475463867,0.103817880153656,-0.42585092782974243,0.6881616115570068,0.38064852356910706,-1.0965023040771484
0.4551758749999989,0.0034223749999999996,133.0,4.13167630260865,-1.1152672514004203,1.1148320086477304,-0.004221257144308976,-0.0006550478869506217,-0.00195082230071017,0.06755466493424798,-0.06065201759338379,0.18191379308700562,-0.16141411662101746,0.9895384311676025,0.4492998421192169,-1.0208616256713867,0.5251739025115967,0.10414648056030273,-0.41047975420951843,0.6876983642578125,0.3608968257904053,-1.0940911769866943
0.4551758749999989,0.0034223749999999996,133.0,4.118093326354942,-1.1015903133495282,1.1148766126740433,-0.0041096376094984875,-0.0006311720277479346,-0.001898160181898082,0.0675661634362361,-0.06003314256668091,0.18220765888690948,-0.16211992502212524,0.9860892295837402,0.43945828080177307,-1.0194189548492432,0.5276858806610107,0.10608744621276855,-0.39974620938301086,0.6832959651947021,0.34895196557044983,-1.092437505722046
0.4551758749999989,0.0034223749999999996,133.0,4.103895808188729,-1.0874867969624302,1.1147599312208127,-0.0039648270429787705,-0.0006115471912062806,-0.0018330313563565321,0.06758759297761084,-0.05797293782234192,0.18063944578170776,-0.16410300135612488,0.9774411916732788,0.4341641068458557,-1.018216848373413,0.5397266745567322,0.11120724678039551,-0.3846786618232727,0.6774160861968994,0.340808242559433,-1.0889188051223755
0.4551758749999989,0.0034223749999999996,133.0,4.088427306298457,-1.0722169210493084,1.1147079306391754,-0.0037839289247376252,-0.0005885186198532372,-0.001752716228983122,0.06759245008263046,-0.057719647884368896,0.18006631731987,-0.1661207377910614,0.9715844988822937,0.42946240305900574,-1.0132091045379639,0.5551077723503113,0.11374068260192871,-0.36871880292892456,0.6735877990722656,0.3193228542804718,-1.0855412483215332
0.4551758749999989,0.0034223749999999996,133.0,4.072172735114024,-1.0560988874213066,1.1146822048161567,-0.0036154216512528626,-0.0005648584902574129,-0.0016762706263124655,0.06759990654619663,-0.05722030997276306,0.17966052889823914,-0.16758796572685242,0.9657357335090637,0.4257879853248596,-1.0098624229431152,0.5676630139350891,0.1158631443977356,-0.3532826602458954,0.6686704158782959,0.299694299697876,-1.0817617177963257
0.4551758749999989,0.0034223749999999996,133.0,4.055034368595495,-1.0391805194406758,1.1148290117367816,-0.0034237011517054094,-0.0005364337530132961,-0.0015903817817392604,0.0676080344810988,-0.05710095167160034,0.1800459623336792,-0.1685340404510498,0.9616563320159912,0.4165636897087097,-1.0064263343811035,0.5748524069786072,0.11729195713996887,-0.3400583267211914,0.6635680198669434,0.2753063142299652,-1.0789982080459595
0.4551758749999989,0.0034223749999999996,133.0,4.0373512945234244,-1.0215401695301816,1.1150801889395836,-0.003239530838575672,-0.0004985195260852396,-0.0015125700583086125,0.06763837136534859,-0.05412161350250244,0.17887526750564575,-0.16931673884391785,0.9527937769889832,0.4052731394767761,-1.0094571113586426,0.5771899819374084,0.1225450336933136,-0.3268023133277893,0.6537110805511475,0.2653028964996338,-1.0754022598266602
0.4551758749999989,0.0034223749999999996,133.0,4.018390046915276,-1.0027596420370894,1.1151688119504797,-0.0030522367845209207,-0.0004720241727973443,-0.001426779319637061,0.06763554698555552,-0.0544983446598053,0.1795452982187271,-0.17035052180290222,0.9488402605056763,0.39930304884910583,-1.0039393901824951,0.5879521369934082,0.12272211909294128,-0.3103353977203369,0.6476728916168213,0.2353244125843048,-1.071496605873108
0.4551758749999989,0.0034223749999999996,133.0,3.99879133897636,-0.983511094833847,1.1151799235615978,-0.002882495777443343,-0.0004537052634195051,-0.0013510270175547524,0.06764377133126125,-0.05381670594215393,0.17872299253940582,-0.17254653573036194,0.9398108124732971,0.38910332322120667,-0.9986758232116699,0.6071664690971375,0.12641412019729614,-0.28689298033714294,0.6405458450317383,0.20380499958992004,-1.0660959482192993
0.4551758749999989,0.0034223749999999996,133.0,3.978540622689349,-0.963326639061701,1.115358508774103,-0.0026611437615076308,-0.0004179904181345356,-0.0012519536374130092,0.06766120668151496,-0.05168712139129639,0.1787598580121994,-0.17263177037239075,0.9330660700798035,0.3745604455471039,-0.999678373336792,0.6066047549247742,0.12952125072479248,-0.27282586693763733,0.6296172142028809,0.18616898357868195,-1.0623655319213867
0.4551758749999989,0.0034223749999999996,133.0,3.9568858933068363,-0.9428458394653835,1.1154413126800624,-0.0024411688077916843,-0.00039719726172903456,-0.0011529555831511816,0.0676607179433649,-0.0530189573764801,0.17624638974666595,-0.17779755592346191,0.9184802174568176,0.37848323583602905,-0.9854793548583984,0.6574915051460266,0.1338995099067688,-0.23486816883087158,0.6266608238220215,0.13725531101226807,-1.0521793365478516
0.4551758749999989,0.0034223749999999996,133.0,3.9348819165082345,-0.9211600648858983,1.1154563855622346,-0.0022330452221926357,-0.0003665872465283826,-0.0010584988147037805,0.06767433575869264,-0.051239222288131714,0.1743958741426468,-0.18002218008041382,0.9061436653137207,0.37058091163635254,-0.9823212623596191,0.6776193380355835,0.13893625140190125,-0.2099912017583847,0.6162354946136475,0.11138465255498886,-1.044885516166687
0.4551758749999989,0.0034223749999999996,133.0,3.9117899260532187,-0.8984171685567385,1.1153621519236174,-0.002027270454045939,-0.0003370913651710639,-0.0009626355895687236,0.06767445860939948,-0.050455689430236816,0.17339223623275757,-0.1819971203804016,0.8952286243438721,0.35814589262008667,-0.9769377708435059,0.6973884701728821,0.14279064536094666,-0.18325920403003693,0.6066906452178955,0.07700948417186737,-1.0377461910247803
0.4551758749999989,0.0034223749999999996,133.0,3.887652786142112,-0.8742103222135473,1.1153977174835554,-0.0018633633299419896,-0.00030419911862078274,-0.0008875776905538443,0.06766817058096936,-0.05095487833023071,0.1759815365076065,-0.18136590719223022,0.894631564617157,0.3444160521030426,-0.9705533981323242,0.693135142326355,0.140321284532547,-0.17037716507911682,0.5958175659179688,0.04329341650009155,-1.0344152450561523
0.4551758749999989,0.0034223749999999996,133.0,3.8629089861647192,-0.8495707054090108,1.11561011170288,-0.0016610984179185571,-0.00026577352663963746,-0.0007967359545672302,0.06767961853983388,-0.047694653272628784,0.1749243140220642,-0.1816520094871521,0.8834843039512634,0.3282759189605713,-0.9724974632263184,0.6960076689720154,0.14537689089775085,-0.15282578766345978,0.5808143615722656,0.026904882863163948,-1.0282912254333496
0.4551758749999989,0.0034223749999999996,133.0,3.8372576265927285,-0.8244648208831835,1.1157129305433233,-0.001473884895140104,-0.0002420669947432761,-0.0007107785685064058,0.06767702296994657,-0.04781752824783325,0.17518913745880127,-0.18300339579582214,0.8748602867126465,0.3153771162033081,-0.9641246795654297,0.7107803225517273,0.1470600962638855,-0.12843629717826843,0.5705442428588867,-0.011916916817426682,-1.021195411682129
0.4551758749999989,0.0034223749999999996,133.0,3.8107520605597975,-0.7989004540207718,1.1158019907545995,-0.0012890354805035241,-0.00021605023812575175,-0.000625363865641618,0.06767899758309405,-0.04742223024368286,0.17240116000175476,-0.1866462230682373,0.8564926981925964,0.3087206184864044,-0.9546000957489014,0.7492785453796387,0.15297815203666687,-0.08875513076782227,0.5599117279052734,-0.05408517271280289,-1.008741021156311
0.4551758749999989,0.0034223749999999996,133.0,3.7834609124614973,-0.772168844970004,1.1158348590130887,-0.0011362869097682072,-0.00019252436839399908,-0.0005542215289137219,0.0676793498895991,-0.046503156423568726,0.17096996307373047,-0.18880289793014526,0.8405308723449707,0.2927994430065155,-0.9457530975341797,0.7744171619415283,0.15769371390342712,-0.05299045890569687,0.5460665225982666,-0.095384880900383,-0.9973935484886169
0.4551758749999989,0.0034223749999999996,133.0,3.7556807312412217,-0.7448702133992136,1.1158247588326444,-0.0010000750428873929,-0.00017211323458729018,-0.0004902929968277245,0.06768872061978792,-0.045456379652023315,0.16951797902584076,-0.19081926345825195,0.8237621784210205,0.2751791775226593,-0.9362730979919434,0.7989993095397949,0.16239455342292786,-0.015788797289133072,0.5308065414428711,-0.13660752773284912,-0.9852144122123718
0.4551758749999989,0.0034223749999999996,133.0,3.7265609706638307,-0.7165457116443809,1.115838405063626,-0.0008247533592668598,-0.00014373055904607412,-0.0004058751928511217,0.06767889562410156,-0.044723063707351685,0.16771534085273743,-0.1928384155035019,0.8049666881561279,0.2617570757865906,-0.9259865283966064,0.8275504112243652,0.1667776107788086,0.025334835052490234,0.5151443481445312,-0.17874754965305328,-0.9707018733024597
0.4551758749999989,0.0034223749999999996,133.0,3.6966197581088793,-0.6875316041956311,1.1159650702703283,-0.0006914513933072647,-0.00012279154761832484,-0.00034219927229506405,0.06766915153736826,-0.044488221406936646,0.1657591462135315,-0.1949845254421234,0.7847806215286255,0.24630017578601837,-0.9132072925567627,0.8588555455207825,0.1715984046459198,0.06977465748786926,0.49997615814208984,-0.22399674355983734,-0.9552369117736816
0.4551758749999989,0.0034223749999999996,133.0,3.665821355543347,-0.6574865049998146,1.1160859516622663,-0.0005182766382111228,-9.305288240730845e-5,-0.00025861557101575065,0.06765619055612072,-0.043457746505737305,0.1641768217086792,-0.196221262216568,0.7658555507659912,0.22696492075920105,-0.9023230075836182,0.8809863924980164,0.17600086331367493,0.10881015658378601,0.4828171730041504,-0.26416251063346863,-0.9406145811080933
0.4551758749999989,0.0034223749999999996,133.0,3.6342836613195106,-0.6263125492786775,1.1161098420902427,-0.00032505414856777334,-5.768338787450422e-5,-0.00016388565977674532,0.06764780413002112,-0.041122376918792725,0.16321499645709991,-0.19612973928451538,0.7493478059768677,0.20547442138195038,-0.8961906433105469,0.8899387717247009,0.1791277825832367,0.13950280845165253,0.46271586418151855,-0.2959078848361969,-0.927131175994873
0.4551758749999989,0.0034223749999999996,133.0,3.601776067816352,-0.5943887961367724,1.116164153056347,-0.00015167619985193673,-2.69850163435819e-5,-7.736722436530847e-5,0.06762900605542002,-0.039381057024002075,0.1619138866662979,-0.19629648327827454,0.7306796312332153,0.18460169434547424,-0.8871123790740967,0.9039453864097595,0.1824570596218109,0.17533066868782043,0.4432802200317383,-0.331291526556015,-0.9116986393928528
0.4551758749999989,0.0034223749999999996,133.0,3.568402083256655,-0.5623235854248195,1.1164892776573205,1.678806857281975e-5,3.0544309911975935e-6,8.669436705389491e-6,0.06760699690985543,-0.0384693443775177,0.158511683344841,-0.1974158138036728,0.7038928270339966,0.1677621752023697,-0.8737576007843018,0.9341288208961487,0.1887117624282837,0.2246870994567871,0.42498087882995605,-0.3674178123474121,-0.8911434412002563
0.4551758749999989,0.0034223749999999996,133.0,3.5340937130622647,-0.5289489590201653,1.1165833717161608,0.00018518855599730812,3.3985406549892446e-5,9.667870987791407e-5,0.06757441922355935,-0.0373968780040741,0.1566406637430191,-0.19764551520347595,0.6807560920715332,0.1457420438528061,-0.858330249786377,0.9528380036354065,0.19263485074043274,0.2688809335231781,0.4048333168029785,-0.4043318033218384,-0.8718425631523132
0.4551758749999989,0.0034223749999999996,133.0,3.4985573849037817,-0.49417227776769856,1.1164400634185254,0.0003671838185018705,6.686992924467178e-5,0.0001943206699704081,0.06752392075243789,-0.03637510538101196,0.15617628395557404,-0.19749140739440918,0.6596071720123291,0.12398011982440948,-0.8410918712615967,0.9629629254341125,0.19416484236717224,0.31093376874923706,0.38318657875061035,-0.444797545671463,-0.8520880341529846
0.4551758749999989,0.0034223749999999996,133.0,3.462414555280802,-0.4591095258290567,1.1164968319474817,0.0005097494362418415,9.358628513741498e-5,0.0002732335252790301,0.06747760243882715,-0.03532630205154419,0.1537187099456787,-0.1976764053106308,0.627482533454895,0.10054052621126175,-0.8189165592193604,0.9818029403686523,0.19937363266944885,0.3684055209159851,0.36109209060668945,-0.48092129826545715,-0.8251070380210876
0.4551758749999989,0.0034223749999999996,133.0,3.4254081079397953,-0.42322441451679815,1.116546888356706,0.0006702115765612917,0.00012382552277737178,0.00036409312885867423,0.0674229508393839,-0.034098535776138306,0.1504533886909485,-0.19740451872348785,0.5875430107116699,0.075364850461483,-0.7900149822235107,0.999440610408783,0.20579099655151367,0.4356671869754791,0.33716511726379395,-0.5106511116027832,-0.7915452122688293
0.4551758749999989,0.0034223749999999996,133.0,3.3876320622284695,-0.3865295762343581,1.1165926072873373,0.0008408696452739976,0.0001561106500000993,0.00046269753347848896,0.06736546931637324,-0.036079585552215576,0.14372508227825165,-0.19460883736610413,0.5168997049331665,0.05347200110554695,-0.707693338394165,1.0286017656326294,0.22350281476974487,0.48739948868751526,0.34189295768737793,-0.4468153119087219,-0.7392371892929077
0.4551758749999989,0.0034223749999999996,133.0,3.3489646294098243,-0.34895855588643604,1.1166555335437107,0.0010342142605281233,0.0001920479312459817,0.0005773695209504064,0.0673040941301093,-0.03785499930381775,0.13384495675563812,-0.1874428391456604,0.4357990622520447,0.041765619069337845,-0.6044282913208008,1.0377227067947388,0.2513134181499481,0.5260512828826904,0.36391568183898926,-0.31106600165367126,-0.6868084669113159
0.4551758749999989,0.0034223749999999996,133.0,3.309701331442396,-0.3105980516650115,1.1165460818844302,0.001218029238891867,0.00022694838737132158,0.0006868466131518021,0.0672486101711955,-0.040587663650512695,0.12591136991977692,-0.1791025698184967,0.3529583215713501,0.041292380541563034,-0.45604825019836426,1.0107492208480835,0.2866244316101074,0.5290815830230713,0.4146616458892822,-0.13370703160762787,-0.6402862668037415
0.4551758749999989,0.0034223749999999996,133.0,3.2696552607522493,-0.2718629892720034,1.1164746150999194,0.0013374355071941774,0.0002569800118335369,0.0007568916362950932,0.0672046572450368,-0.10940119624137878,0.13186028599739075,-0.12898701429367065,0.1912754327058792,0.09944511204957962,-0.2842984199523926,0.6759087443351746,0.48520296812057495,0.6879749894142151,1.1118335723876953,-0.23612844944000244,-0.6796287298202515
0.4551758749999989,0.0034223749999999996,133.0,3.229027534206165,-0.2317277727028474,1.1159790953607096,0.001490924959232691,0.00029142660416538673,0.0008448999569633275,0.0671721779895717,-0.1186152994632721,0.12216667830944061,-0.12527567148208618,0.08892597258090973,0.14311374723911285,-0.045256853103637695,0.6023187041282654,0.5283095836639404,0.7236652374267578,1.2170252799987793,-0.2568162679672241,-0.6207695603370667
0.4551758749999989,0.0034223749999999996,133.0,3.1873606634492972,-0.18992712467273973,1.114855117490144,0.0016399319879884821,0.00032637084873309247,0.000931965386602015,0.06713162002385313,-0.12727120518684387,0.12080533802509308,-0.12900632619857788,0.012722194194793701,0.19421783089637756,0.2041308879852295,0.47406989336013794,0.540661096572876,0.72959303855896,1.2991302013397217,-0.43588799238204956,-0.5572530627250671
0.4551758749999989,0.0034223749999999996,133.0,3.1463494301304427,-0.1470444460731689,1.1170080879935405,0.001779962221272677,0.00034372538706081387,0.0010182803401996225,0.06706686782498315,-0.12572339177131653,0.11802318692207336,-0.1359519362449646,-0.04803276062011719,0.22534844279289246,0.3206171989440918,0.395939439535141,0.5454424023628235,0.7575422525405884,1.3109586238861084,-0.5766737461090088,-0.5010164976119995
0.4551758749999989,0.0034223749999999996,133.0,3.102689077626356,-0.10448193756123968,1.1165961115200387,0.0018751669307482852,0.0003914616704382059,0.0010726545584497796,0.06702434798421822,-0.1269785761833191,0.11488994210958481,-0.141872376203537,-0.06780463457107544,0.2740691304206848,0.3589808940887451,0.40661782026290894,0.5580467581748962,0.8583743572235107,1.2952938079833984,-0.6516944766044617,-0.49359485507011414
0.4551758749999989,0.0034223749999999996,133.0,3.054010977587167,-0.058601471052906313,1.1173021290906873,0.0018424643474497062,0.0004034796897604287,0.001094068233864926,0.06682937802386474,-0.16508573293685913,0.13986113667488098,-0.1320458948612213,-0.05955922603607178,0.3117876350879669,0.41775941848754883,0.4656144380569458,0.5618329644203186,0.7738067507743835,1.5222327709197998,-0.7241105437278748,-0.5065882205963135
0.4551758749999989,0.0034223749999999996,133.0,2.9937693065552624,0.006540230057306089,1.114680474373685,0.0017199884396137794,-8.583714967653406e-5,0.0011992533720017414,0.06593044186230941,-0.2940770089626312,0.2861500084400177,-0.12261831760406494,0.23566877841949463,0.02526462823152542,0.7762647867202759,-0.24133442342281342,0.671416699886322,-1.1722208261489868,2.7933592796325684,-0.9379464983940125,-0.9095349311828613
0.4551758749999989,0.0034223749999999996,133.0,2.9241984649690838,0.0434964216052052,1.1146721183540007,0.00010581843518743964,-5.345172381442952e-6,7.310148189085757e-5,0.0645988898866563,-0.4473390281200409,0.18289798498153687,-0.12347337603569031,0.9199716448783875,-0.6679822206497192,1.0385383367538452,0.6835810542106628,0.20578518509864807,-1.5333309173583984,2.575284004211426,-0.5151844620704651,-1.1260581016540527
0.4551758749999989,0.0034223749999999996,133.0,2.9614170797599506,0.0775737846447965,1.121331338830774,-0.0018024372708626477,-2.0584955705206412e-5,-0.0011896169343082986,0.06400738515928554,-0.46962055563926697,0.19522711634635925,-0.05929175019264221,1.2887499332427979,-0.7069393992424011,1.0478971004486084,0.4337737560272217,0.1685086190700531,-1.6778488159179688,2.5445456504821777,-0.3080551326274872,-1.4585092067718506
0.4551758749999989,0.0034223749999999996,133.0,2.9876805699167996,0.13220332313731198,1.1395109416115596,-0.002144606778043231,0.000370131888895801,-0.0012494768560972135,0.06260755377706148,-0.5544664859771729,0.24244053661823273,0.04821851849555969,1.747865915298462,-1.2657690048217773,1.0657682418823242,-0.33349573612213135,0.45551738142967224,-1.9550765752792358,2.549492835998535,-0.02458014525473118,-2.2061612606048584
0.4551758749999989,0.0034223749999999996,133.0,3.022263138244921,0.18283387044790372,1.148152578341724,-0.002192026155490305,0.0005008697443390406,-0.0011916314619201712,0.0619529097098902,-0.5703554153442383,0.25843364000320435,0.08653286099433899,1.8578070402145386,-1.4863027334213257,1.0234863758087158,-0.4945397675037384,0.5217750072479248,-1.9692729711532593,2.4241533279418945,-0.023236075416207314,-2.3823587894439697
0.4551758749999989,0.0034223749999999996,133.0,3.0634569795933184,0.22824829250139453,1.1513869809428838,-0.0020910514467756577,0.0004751521255941333,-0.0010990678177897522,0.061803382614159144,-0.5709164142608643,0.2595575451850891,0.1015840470790863,1.9265586137771606,-1.461187720298767,1.0192455053329468,-0.4421602189540863,0.4701235890388489,-1.9680300951004028,2.353144645690918,0.03993895649909973,-2.3993892669677734
0.4551758749999989,0.0034223749999999996,133.0,3.104719434788665,0.2716243357681738,1.1537993178053991,-0.0019283954667006504,0.00043635545382794384,-0.0009849138997042315,0.061730603818840914,-0.569115161895752,0.2587871849536896,0.11690357327461243,1.9776475429534912,-1.4750295877456665,1.0049712657928467,-0.43333184719085693,0.43909668922424316,-1.944191575050354,2.2656631469726562,0.12162479013204575,-2.4192140102386475
0.4551758749999989,0.0034223749999999996,133.0,3.145298711946544,0.31365323944648005,1.1551717641029113,-0.0017190839819162193,0.0003804386082002277,-0.0008598390040854137,0.061718289496644214,-0.5713239908218384,0.2575776278972626,0.11983832716941833,1.9791849851608276,-1.5183887481689453,1.0290335416793823,-0.34930184483528137,0.4380630850791931,-1.9670162200927734,2.2098302841186523,0.21256335079669952,-2.4202182292938232
0.4551758749999989,0.0034223749999999996,133.0,3.1851447634802814,0.35469325411094244,1.1558484788956012,-0.0016245760535986125,0.00034642408670374245,-0.0007997997844172312,0.061721669860446575,-0.5495333671569824,0.2417159378528595,0.12977144122123718,1.9789042472839355,-1.4887070655822754,0.9863053560256958,-0.33679601550102234,0.38044700026512146,-1.8886082172393799,2.0435848236083984,0.401178777217865,-2.361494302749634
0.4551758749999989,0.0034223749999999996,133.0,3.2247154982689645,0.3947542420903118,1.1574054577179222,-0.0013978821000021585,0.00028918170345503224,-0.0006711033195669859,0.06169875727593264,-0.5070377588272095,0.2116902470588684,0.13944706320762634,1.9408493041992188,-1.3873920440673828,0.9048342704772949,-0.35006141662597656,0.28463637828826904,-1.7120078802108765,1.7966856956481934,0.6558622121810913,-2.2257730960845947
0.4551758749999989,0.0034223749999999996,133.0,3.2640895865764152,0.43360222126816067,1.1594236698353373,-0.0012235714268635802,0.0002450714417430645,-0.0005699641930074339,0.0617035366410386,-0.4662473499774933,0.18732675909996033,0.1526722013950348,1.9207931756973267,-1.2451345920562744,0.7919512987136841,-0.3802068531513214,0.17488262057304382,-1.5599440336227417,1.5684547424316406,0.8812753558158875,-2.0941882133483887
0.4551758749999989,0.0034223749999999996,133.0,3.3026016014679436,0.4714065499553692,1.1607980876908464,-0.0009986901876385475,0.0001941080808458969,-0.0004533129319640793,0.06173816083945559,-0.3744067847728729,0.12307998538017273,0.18172428011894226,1.691391110420227,-0.24008892476558685,0.1645803451538086,-0.6527052521705627,-0.3022690415382385,-1.9894609451293945,1.5867860317230225,0.9396277666091919,-1.3801065683364868
0.4551758749999989,0.0034223749999999996,133.0,3.341189286915324,0.50774878661542,1.1623881481956149,-0.0007937113056879173,0.0001543861265406797,-0.0003570824048382123,0.06181627950868529,-0.33795204758644104,0.1129741370677948,0.18893447518348694,1.6664745807647705,-0.15262500941753387,0.026175498962402344,-0.7155141830444336,-0.34137189388275146,-1.8769426345825195,1.3796679973602295,1.0826327800750732,-1.3153269290924072
0.4551758749999989,0.0034223749999999996,133.0,3.3791256105591603,0.5432378963266821,1.1638998525803068,-0.0005984762170897029,0.00011696088947728323,-0.00026682830399630186,0.061901924941556885,-0.30989715456962585,0.10740426927804947,0.19425013661384583,1.644118070602417,-0.07826528698205948,-0.08294939994812012,-0.7561171054840088,-0.3681938648223877,-1.7989364862442017,1.2207581996917725,1.150093674659729,-1.2655977010726929
0.4551758749999989,0.0034223749999999996,133.0,3.416303610023383,0.5779406281842449,1.1652914527728495,-0.0004110658379440772,8.01440635848925e-5,-0.00018055854408154307,0.06199094633493216,-0.29256078600883484,0.10673721879720688,0.1975468099117279,1.632737398147583,-0.019855260848999023,-0.15343570709228516,-0.7772380113601685,-0.3825746178627014,-1.7692513465881348,1.1250872611999512,1.162899374961853,-1.239558219909668
0.4551758749999989,0.0034223749999999996,133.0,3.452703792790473,0.6117794652296158,1.1666059306754815,-0.0002303039986176871,4.491411593722748e-5,-9.984851732044786e-5,0.06208008962845871,-0.2838321626186371,0.10818687081336975,0.19889643788337708,1.6337577104568481,0.02721291035413742,-0.19334936141967773,-0.7864573001861572,-0.3925553560256958,-1.7795214653015137,1.082127332687378,1.1594882011413574,-1.2305583953857422
0.4551758749999989,0.0034223749999999996,133.0,3.4876322152211188,0.6447985670726053,1.1671235674604192,-6.837845816507457e-5,1.3542924303209294e-5,-2.9710586696339882e-5,0.062182461336208764,-0.2804453670978546,0.10999923199415207,0.19598498940467834,1.6300365924835205,0.04565880447626114,-0.20699763298034668,-0.7831849455833435,-0.38690829277038574,-1.8168039321899414,1.0868892669677734,1.1718263626098633,-1.232728123664856
0.4551758749999989,0.0034223749999999996,133.0,3.5216104713935104,0.6771506514065295,1.1681315372469139,0.00014739101024600874,-2.9661738103348667e-5,6.353285910853655e-5,0.06225141257736691,-0.27776893973350525,0.11197130382061005,0.19620534777641296,1.6362746953964233,0.060744550079107285,-0.22147917747497559,-0.7939333319664001,-0.3884580731391907,-1.8374062776565552,1.0781090259552002,1.17354154586792,-1.2374645471572876
0.4551758749999989,0.0034223749999999996,133.0,3.5563657007823455,0.7065368708972459,1.1677942420236158,0.00034711330720204085,-6.980364895414221e-5,0.00014628562270646952,0.06248215033689828,-0.2724067270755768,0.11398317664861679,0.20143923163414001,1.6564689874649048,0.08627501875162125,-0.2532331943511963,-0.816024124622345,-0.4039696455001831,-1.8340332508087158,1.0333256721496582,1.1540064811706543,-1.2419519424438477
0.4551758749999989,0.0034223749999999996,133.0,3.58877694502917,0.7371762703368129,1.1689502040114126,0.0005481578755846408,-0.00011191228140978643,0.00022851813257024835,0.0625512128018176,-0.2693970501422882,0.11604875326156616,0.20381292700767517,1.668516993522644,0.0990997701883316,-0.2711310386657715,-0.8332420587539673,-0.4096105098724365,-1.8411043882369995,1.0114741325378418,1.1464993953704834,-1.248289704322815
0.4551758749999989,0.0034223749999999996,133.0,3.6211145052870393,0.767075225756195,1.1708739195478122,0.0007863688601182721,-0.00016258637812494283,0.0003243769246824813,0.06259049876584752,-0.2672615945339203,0.12063111364841461,0.20562556385993958,1.6824090480804443,0.1331227421760559,-0.29120492935180664,-0.8313001990318298,-0.4146348237991333,-1.8610938787460327,1.000887393951416,1.1257346868515015,-1.2571640014648438
0.4551758749999989,0.0034223749999999996,133.0,3.652507014526012,0.7961510522262774,1.1727220612781883,0.0009570823350538855,-0.00019873718027121418,0.0003877367751906311,0.06263945949001867,-0.26474693417549133,0.12420016527175903,0.20830807089805603,1.6969999074935913,0.16314977407455444,-0.31246113777160645,-0.8346885442733765,-0.4229714870452881,-1.8707867860794067,0.9818766117095947,1.1073542833328247,-1.263372778892517
0.4551758749999989,0.0034223749999999996,133.0,3.6828498649181935,0.8244591633016166,1.1746579707937068,0.0011750785700592058,-0.0002481059857113665,0.0004683771557362184,0.06266834558049993,-0.2619854509830475,0.12691056728363037,0.21218743920326233,1.7135462760925293,0.1858658641576767,-0.3330705165863037,-0.8485006093978882,-0.43429237604141235,-1.8685871362686157,0.9521563053131104,1.0873905420303345,-1.2684550285339355
0.4551758749999989,0.0034223749999999996,133.0,3.7119871247890597,0.8517026162371932,1.1755989148499235,0.0013417511505805302,-0.0002854583379936176,0.0005276007195234849,0.06273541947071298,-0.2594285309314728,0.1270717978477478,0.21070334315299988,1.7110234498977661,0.19195277988910675,-0.34427952766418457,-0.8495835065841675,-0.4306983947753906,-1.8796395063400269,0.9510624408721924,1.102712869644165,-1.269700288772583
0.4551758749999989,0.0034223749999999996,133.0,3.7405317411164574,0.8781844112701311,1.176988220569176,0.0015272894876951792,-0.00032954728908504683,0.0005937849080792088,0.06278581387107346,-0.25719669461250305,0.1286410689353943,0.21223649382591248,1.7185250520706177,0.20795033872127533,-0.3597452640533447,-0.8559239506721497,-0.4355062246322632,-1.8830903768539429,0.9366528987884521,1.0987061262130737,-1.2724015712738037
0.4551758749999989,0.0034223749999999996,133.0,3.7684733687796244,0.9037786003441262,1.1780330469648148,0.001748801041256759,-0.0003787105990980445,0.0006746375146824174,0.0628478283130402,-0.2551199495792389,0.13081933557987213,0.21357092261314392,1.7261323928833008,0.22980453073978424,-0.376265287399292,-0.8565607666969299,-0.4403117895126343,-1.8897273540496826,0.9251747131347656,1.0924888849258423,-1.2752422094345093
0.4551758749999989,0.0034223749999999996,133.0,3.795326995331723,0.9286582198782645,1.1794437659662047,0.001974290917922634,-0.000434919737605578,0.0007529472742867857,0.06288839140021618,-0.2530697286128998,0.13314811885356903,0.21641311049461365,1.737655520439148,0.24233664572238922,-0.3909614086151123,-0.8685110211372375,-0.44649237394332886,-1.8868125677108765,0.9038546085357666,1.0766491889953613,-1.280494213104248
0.4551758749999989,0.0034223749999999996,133.0,3.821067588717847,0.9524027782420919,1.1802425941450938,0.0022240186015617717,-0.0004958373116143064,0.0008390606212244005,0.06294151744248096,-0.25086358189582825,0.1320466846227646,0.2153896987438202,1.7344099283218384,0.2385006546974182,-0.39779138565063477,-0.8782269358634949,-0.4432276487350464,-1.8884605169296265,0.8993549346923828,1.0937249660491943,-1.280634880065918
0.4551758749999989,0.0034223749999999996,133.0,3.845993324085254,0.9755277375400582,1.1812193432448599,0.0024060394733270533,-0.00054487287378234,0.0009023244896142416,0.06299725253891883,-0.24914434552192688,0.1331685185432434,0.2167511284351349,1.739951491355896,0.25120076537132263,-0.4105536937713623,-0.8835325837135315,-0.4472522735595703,-1.88981294631958,0.8879477977752686,1.091995120048523,-1.2821667194366455
0.4551758749999989,0.0034223749999999996,133.0,3.869969553304261,0.9978487282859194,1.1822149689160038,0.0026383871959503157,-0.0006067736531167569,0.0009835978422256296,0.06304834661500355,-0.2475576102733612,0.13421814143657684,0.21805110573768616,1.7451225519180298,0.2633497416973114,-0.4224703311920166,-0.8893966674804688,-0.4510355591773987,-1.8907233476638794,0.8771917819976807,1.090406060218811,-1.283569097518921
0.4551758749999989,0.0034223749999999996,133.0,3.893150557468796,1.0194062481729391,1.1831114600000925,0.0028761247327164733,-0.0006671317389243989,0.0010620656078186544,0.06308845787648316,-0.2459307610988617,0.13529528677463531,0.21871063113212585,1.7485847473144531,0.27051231265068054,-0.43227171897888184,-0.8949838876724243,-0.45175981521606445,-1.892493486404419,0.8690609931945801,1.0891945362091064,-1.286344289779663
0.4551758749999989,0.0034223749999999996,133.0,3.915611697521898,1.0400411644986927,1.184001504609701,0.003126932394403601,-0.0007312178566519382,0.0011431389890673293,0.06312792686450426,-0.24429646134376526,0.1362706571817398,0.21903160214424133,1.7510018348693848,0.274973601102829,-0.44072532653808594,-0.9011057019233704,-0.4511641263961792,-1.8937851190567017,0.8619611263275146,1.0882132053375244,-1.289397954940796
0.4551758749999989,0.0034223749999999996,133.0,3.937457782017077,1.0596598721925437,1.1854437010185408,0.0033789745575368525,-0.0008074782166955749,0.001221679503202848,0.063152137499805,-0.2429075539112091,0.13628363609313965,0.21939828991889954,1.752350926399231,0.27928391098976135,-0.44829750061035156,-0.9085521697998047,-0.45194435119628906,-1.8934437036514282,0.855280876159668,1.093217134475708,-1.2900091409683228
0.4551758749999989,0.0034223749999999996,133.0,3.9579827896098676,1.0790725161303862,1.1870353418295467,0.0035778158908608775,-0.0008617467656887913,0.0012753728727362683,0.06317166501046743,-0.2419774830341339,0.13914325833320618,0.22302082180976868,1.7652950286865234,0.2953914403915405,-0.4611780643463135,-0.916581928730011,-0.4605899453163147,-1.888428807258606,0.8355510234832764,1.07093346118927,-1.2941627502441406
0.4551758749999989,0.0034223749999999996,133.0,3.977828345950385,1.09714291184069,1.187909682209649,0.003799169950692562,-0.00092404326010383,0.0013438185787469316,0.06319702663776895,-0.2406958043575287,0.13861876726150513,0.2217792570590973,1.7617243528366089,0.29627177119255066,-0.46590495109558105,-0.9193105101585388,-0.4568844437599182,-1.893776535987854,0.8380823135375977,1.085074782371521,-1.294440507888794
0.4551758749999989,0.0034223749999999996,133.0,3.9965209354369766,1.114373538417606,1.1884734458021162,0.003982928562109954,-0.0009901909159276243,0.0014071613461807166,0.0632512162693566,-0.23921170830726624,0.1384083479642868,0.2216549813747406,1.7608999013900757,0.2957504391670227,-0.4716501235961914,-0.9262511134147644,-0.4552417993545532,-1.8939495086669922,0.833636999130249,1.0913853645324707,-1.2953243255615234
0.4551758749999989,0.0034223749999999996,133.0,4.01460991031772,1.1313047959048732,1.1896974360263253,0.004209827470193907,-0.0010502564780695716,0.001471910910180669,0.06327505029963652,-0.23835065960884094,0.14113357663154602,0.22452357411384583,1.7711811065673828,0.3104480803012848,-0.4832799434661865,-0.9307458996772766,-0.4615456461906433,-1.891732931137085,0.8185491561889648,1.0725003480911255,-1.2992033958435059
0.4551758749999989,0.0034223749999999996,133.0,4.031766065080773,1.1468835289157646,1.190555276312096,0.004406351786777592,-0.0011118258979436648,0.0015262190622046905,0.06330603567246239,-0.23684203624725342,0.14185722172260284,0.22639665007591248,1.776654839515686,0.3173425495624542,-0.49224352836608887,-0.9387183785438538,-0.4661734700202942,-1.8859167098999023,0.8026142120361328,1.0643895864486694,-1.2999988794326782
0.4551758749999989,0.0034223749999999996,133.0,4.0480521953272675,1.161483966390736,1.1908904021076343,0.004598546356824498,-0.0011710245906375032,0.0015852313237182264,0.06334764188080433,-0.23514032363891602,0.1405649036169052,0.2250898778438568,1.7711461782455444,0.3188224136829376,-0.49769020080566406,-0.9400941729545593,-0.4630865454673767,-1.8890661001205444,0.8032777309417725,1.0814944505691528,-1.2977311611175537
0.4551758749999989,0.0034223749999999996,133.0,4.063687934250006,1.1753073847928117,1.191539592094382,0.004748743821379341,-0.0012192747101194932,0.0016264549292692167,0.06338452923626878,-0.2331244945526123,0.139572411775589,0.22512802481651306,1.7694851160049438,0.3223794996738434,-0.5050082206726074,-0.9442144632339478,-0.4641014337539673,-1.8846397399902344,0.7935090065002441,1.0881884098052979,-1.2951116561889648
0.4551758749999989,0.0034223749999999996,133.0,4.078342977955977,1.188460431028381,1.1922891655935692,0.004883762622144161,-0.0012670070808841844,0.0016574335011550335,0.06342149758484515,-0.23084455728530884,0.13969162106513977,0.2253887951374054,1.7692185640335083,0.32403063774108887,-0.5128858089447021,-0.9481063485145569,-0.46365082263946533,-1.8787245750427246,0.7813382148742676,1.0846450328826904,-1.2953063249588013
0.4551758749999989,0.0034223749999999996,133.0,4.092294145631343,1.2008985941923158,1.1933789764558398,0.005029785309516374,-0.001315912969985898,0.0016930780030711137,0.06344326599262197,-0.22870156168937683,0.13860829174518585,0.22550037503242493,1.7677830457687378,0.3271068036556244,-0.5201225280761719,-0.9517854452133179,-0.46418946981430054,-1.8753559589385986,0.769747257232666,1.0893758535385132,-1.2933675050735474
0.4551758749999989,0.0034223749999999996,133.0,4.105462463577967,1.2124647319327164,1.1940668853733785,0.005185907581671931,-0.001358461838948029,0.0017316608499956634,0.06347096936250135,-0.22702741622924805,0.13980473577976227,0.22944632172584534,1.7772789001464844,0.3402555286884308,-0.5333132743835449,-0.9582510590553284,-0.4744338393211365,-1.8618638515472412,0.7421443462371826,1.0695637464523315,-1.2924511432647705
0.4551758749999989,0.0034223749999999996,133.0,4.11750879311994,1.2238964782209847,1.1953570976094468,0.005355611231411455,-0.0013914497958100746,0.001761917197102414,0.06347129127418688,-0.22668597102165222,0.14183716475963593,0.23035600781440735,1.7809337377548218,0.3586302697658539,-0.5423529148101807,-0.9499294757843018,-0.4772112965583801,-1.8681743144989014,0.7399084568023682,1.0633593797683716,-1.29335618019104
0.4551758749999989,0.0034223749999999996,133.0,4.128619563781921,1.234843642538992,1.1967950607273037,0.0055169728574197135,-0.001428749643817387,0.0017959169927033252,0.06346813894613182,-0.22658264636993408,0.1458151936531067,0.23298755288124084,1.7908011674880981,0.3792162239551544,-0.5530641078948975,-0.9436088800430298,-0.48301947116851807,-1.8700305223464966,0.7292768955230713,1.037854552268982,-1.2973132133483887
0.4551758749999989,0.0034223749999999996,133.0,4.138862295764594,1.2446417629496127,1.1981336228478858,0.0056988578315214766,-0.001476156092175395,0.0018380569635947366,0.06347783958645456,-0.22668620944023132,0.14973020553588867,0.23660162091255188,1.8027173280715942,0.39952099323272705,-0.5637366771697998,-0.9404916167259216,-0.49161726236343384,-1.8673954010009766,0.7133598327636719,1.008186936378479,-1.30046808719635
0.4551758749999989,0.0034223749999999996,133.0,4.147564515419857,1.2557042829581149,1.200595327502252,0.005948852744005364,-0.00154600445411907,0.001930884379719805,0.0633164325447525,-0.22839349508285522,0.1531410664319992,0.23470190167427063,1.8039939403533936,0.4206748306751251,-0.5642952919006348,-0.9216542840003967,-0.4872647523880005,-1.8904855251312256,0.7348613739013672,1.007982611656189,-1.3062453269958496
0.4551758749999989,0.0034223749999999996,133.0,4.156027048452668,1.2640683850144618,1.201886310512444,0.006227518700926234,-0.001620656319160188,0.0020068154956744085,0.06331082289176614,-0.2290635108947754,0.15721555054187775,0.23650863766670227,1.8123050928115845,0.4418617784976959,-0.5714519023895264,-0.9126861691474915,-0.49222856760025024,-1.8936080932617188,0.7307536602020264,0.9844703674316406,-1.3095128536224365
0.4551758749999989,0.0034223749999999996,133.0,4.163525725903471,1.2713318139823542,1.2025762023093944,0.006645498712399329,-0.0017334624258765294,0.002136036211348882,0.06332415237663738,-0.22903940081596375,0.15917213261127472,0.2370556890964508,1.8151628971099854,0.4567769169807434,-0.5773715972900391,-0.9057784676551819,-0.4942242503166199,-1.896230697631836,0.728548526763916,0.9758622646331787,-1.3103785514831543
0.4551758749999989,0.0034223749999999996,133.0,4.170158515131717,1.278027429461151,1.2035950706400291,0.007357589928634489,-0.0019128730892584275,0.0023366221962606783,0.06331898941605109,-0.229098379611969,0.1620732694864273,0.24039670825004578,1.8254170417785645,0.47063541412353516,-0.5847089290618896,-0.9090415835380554,-0.5018736720085144,-1.8859378099441528,0.7087249755859375,0.9451428055763245,-1.3127706050872803
0.4551758749999989,0.0034223749999999996,133.0,4.175958107282061,1.2837903812311646,1.2043587887674143,0.008963412548167047,-0.0023298845284748385,0.0028105117135932534,0.06332350899474032,-0.2289886176586151,0.16396622359752655,0.24204745888710022,1.8309496641159058,0.4810003936290741,-0.590930700302124,-0.9131944179534912,-0.5037993788719177,-1.8768805265426636,0.6958723068237305,0.9239333868026733,-1.31625235080719
0.4551758749999989,0.0034223749999999996,133.0,4.180827985258019,1.2886001242403384,1.2054788025110708,0.016627413888692315,-0.004481802573998282,0.005076936483352311,0.06331059341083924,-0.22870275378227234,0.16265225410461426,0.24669846892356873,1.8418834209442139,0.4913416802883148,-0.6023590564727783,-0.9559291005134583,-0.5049459338188171,-1.8290256261825562,0.6506881713867188,0.8849411606788635,-1.3256093263626099
0.4551758749999989,0.0034223749999999996,133.0,4.201057738874387,-1.2096960055647064,1.1064996496743627,-0.01423320418519988,-0.001512963357904952,-0.006566533965920898,0.06770254643144083,-0.040811687707901,0.18099790811538696,-0.13354423642158508,1.001954197883606,0.4202091693878174,-1.1231541633605957,0.26731568574905396,0.11033117771148682,-0.5403004884719849,0.6237006187438965,0.6373444199562073,-1.1136127710342407
0.4551758749999989,0.0034223749999999996,133.0,4.196300570473151,-1.2044502256798468,1.1067682256470017,-0.007674722546608307,-0.0007881301503161055,-0.003574110665309135,0.06766376318495698,-0.04199370741844177,0.18322589993476868,-0.13385388255119324,1.0022460222244263,0.41628947854042053,-1.1199414730072021,0.28305351734161377,0.10768207907676697,-0.5387837886810303,0.6536860466003418,0.6070530414581299,-1.1108198165893555
0.4551758749999989,0.0034223749999999996,133.0,4.190543421590913,-1.1986854282133232,1.106658460965915,-0.006306378669165011,-0.00065270995873864,-0.0029370978334370256,0.06764036717666974,-0.04415217041969299,0.18498465418815613,-0.13433945178985596,1.0052180290222168,0.41670721769332886,-1.113783359527588,0.2915650010108948,0.10453173518180847,-0.5349565148353577,0.6599783897399902,0.5827867388725281,-1.1104313135147095
0.4551758749999989,0.0034223749999999996,133.0,4.184090634383871,-1.1925439996089675,1.1064311709272594,-0.005702675790855101,-0.000606405608832273,-0.0026564259342719784,0.06762766524054568,-0.04549318552017212,0.18476012349128723,-0.13690489530563354,1.0039509534835815,0.4226725101470947,-1.1043522357940674,0.3134270906448364,0.10450997948646545,-0.5263851284980774,0.6640942096710205,0.5629591345787048,-1.1091266870498657
0.4551758749999989,0.0034223749999999996,133.0,4.176469114998562,-1.1853845476315965,1.106086952302158,-0.005352491953283476,-0.0005873193214999226,-0.0024934985485062155,0.06760902290756012,-0.04783615469932556,0.18521690368652344,-0.13932141661643982,1.004568338394165,0.4274875521659851,-1.0938382148742676,0.33580586314201355,0.10298776626586914,-0.5162830352783203,0.6678977012634277,0.5359331965446472,-1.1081445217132568
0.4551758749999989,0.0034223749999999996,133.0,4.1676718970934,-1.1793529880136013,1.1032478235186474,-0.005104013509247125,-0.0006323061206821418,-0.002372840546992505,0.06765925191910564,-0.04818093776702881,0.1841142624616623,-0.14198115468025208,1.0005258321762085,0.42833542823791504,-1.0868360996246338,0.359811007976532,0.1041339635848999,-0.49915602803230286,0.6678187847137451,0.5150901675224304,-1.1052780151367188
0.4551758749999989,0.0034223749999999996,133.0,4.15838467252664,-1.1708904730926948,1.1027665406108633,-0.004900149436985224,-0.0006364110080821969,-0.002280019074620874,0.06764298299183112,-0.05022323131561279,0.18276391923427582,-0.14672312140464783,0.9962380528450012,0.43730267882347107,-1.0719163417816162,0.400581419467926,0.10550224781036377,-0.4808300733566284,0.6723270416259766,0.4830739200115204,-1.1024153232574463
0.4551758749999989,0.0034223749999999996,133.0,4.148424518556172,-1.161395579194489,1.102432532371505,-0.004748542109615491,-0.0006293374921857686,-0.0022076652347418047,0.06762975935534404,-0.05227553844451904,0.18307852745056152,-0.14918074011802673,0.9957932829856873,0.4382685422897339,-1.0623633861541748,0.42149755358695984,0.1047983467578888,-0.4682362675666809,0.6743969917297363,0.4564407765865326,-1.1011747121810913
0.4551758749999989,0.0034223749999999996,133.0,4.137591472691502,-1.1512243543430734,1.101980604462977,-0.004611603564914844,-0.0006429349385752236,-0.0021415635923577696,0.06761051232698662,-0.05488622188568115,0.18265658617019653,-0.1530742347240448,0.9929426312446594,0.4421316385269165,-1.0484960079193115,0.45653197169303894,0.10506755113601685,-0.4490945637226105,0.6780369281768799,0.4201575815677643,-1.098544955253601
0.4551758749999989,0.0034223749999999996,133.0,4.125894192856684,-1.1403312306109954,1.1016272258957835,-0.004473304744709362,-0.0006509955023072808,-0.002077938308284102,0.06759622897206276,-0.056679338216781616,0.18122778832912445,-0.1576467752456665,0.9874179363250732,0.44731512665748596,-1.0351319313049316,0.49519082903862,0.10704627633094788,-0.42797136306762695,0.680854082107544,0.3891450762748718,-1.095026969909668
0.4551758749999989,0.0034223749999999996,133.0,4.113592648811629,-1.1284818647950152,1.101408337570446,-0.004345874254872311,-0.000646776954788353,-0.002018102952727902,0.06759024203336551,-0.058183878660202026,0.1809319257736206,-0.16055798530578613,0.9836249351501465,0.4433842897415161,-1.0257740020751953,0.5193932056427002,0.10847559571266174,-0.4100767970085144,0.6818540096282959,0.3597874045372009,-1.09256911277771
0.4551758749999989,0.0034223749999999996,133.0,4.100728931534656,-1.115950060326817,1.1011067273429065,-0.0042166220181252476,-0.0006441328782541117,-0.0019537823451340215,0.06758666179138999,-0.05921265482902527,0.18072821199893951,-0.1628178358078003,0.9808946251869202,0.44193005561828613,-1.0189096927642822,0.5382821559906006,0.10878655314445496,-0.39468321204185486,0.6812093257904053,0.34013843536376953,-1.09006667137146
0.4551758749999989,0.0034223749999999996,133.0,4.0871470426466905,-1.1022832986719295,1.101138826306197,-0.004105042539679258,-0.0006208371306280303,-0.0019011872505110524,0.06759788483226951,-0.058575212955474854,0.1810138076543808,-0.16350337862968445,0.9774246215820312,0.4319949150085449,-1.0174517631530762,0.5407062768936157,0.11065557599067688,-0.3840387463569641,0.6766130924224854,0.32835376262664795,-1.088322401046753
0.4551758749999989,0.0034223749999999996,133.0,4.072940150757452,-1.0881482960803361,1.1010281676413636,-0.003960595914903988,-0.0006007494788216615,-0.0018359427156392943,0.067618846735219,-0.05653294920921326,0.17943747341632843,-0.16545361280441284,0.9687592387199402,0.42656952142715454,-1.0162723064422607,0.552759051322937,0.11568215489387512,-0.36899492144584656,0.6706125736236572,0.3201674520969391,-1.0846916437149048
0.4551758749999989,0.0034223749999999996,133.0,4.05746033173669,-1.0728294809826946,1.1009349795506511,-0.0037800334687339726,-0.0005786241659274393,-0.0017554378579895389,0.06762246175782977,-0.056266725063323975,0.17884118854999542,-0.16744142770767212,0.9628039002418518,0.42177706956863403,-1.0113418102264404,0.5680976510047913,0.11816245317459106,-0.35282188653945923,0.6665985584259033,0.29873108863830566,-1.0811636447906494
0.4551758749999989,0.0034223749999999996,133.0,4.041210409675727,-1.0567487126566872,1.100958792360644,-0.003611593560169746,-0.000554264184094478,-0.0016793712744492143,0.06763031552278434,-0.05579131841659546,0.17846809327602386,-0.16884180903434753,0.9569783210754395,0.4179925322532654,-1.0080578327178955,0.5801793336868286,0.12022837996482849,-0.3377576470375061,0.6616544723510742,0.2793819308280945,-1.0773487091064453
0.4551758749999989,0.0034223749999999996,133.0,4.024071962887349,-1.0398512445167576,1.1011086710563434,-0.003419641944449559,-0.00052700378712807,-0.0015940527162598072,0.06763843062923654,-0.05567041039466858,0.1788637489080429,-0.1697455644607544,0.9528770446777344,0.4087340235710144,-1.0046257972717285,0.5870935916900635,0.12160152196884155,-0.3247029781341553,0.6564598083496094,0.25526100397109985,-1.0745079517364502
0.4551758749999989,0.0034223749999999996,133.0,4.0065240952640835,-1.0223253421965717,1.1013220294317858,-0.003235784272969202,-0.0004940673405473597,-0.0015147139933784043,0.06766719560518702,-0.052656322717666626,0.1777118742465973,-0.17040184140205383,0.9441595673561096,0.3971675634384155,-1.0079059600830078,0.5886792540550232,0.12668880820274353,-0.3119092285633087,0.6464290618896484,0.24599811434745789,-1.0708892345428467
0.4551758749999989,0.0034223749999999996,133.0,3.9873991299082316,-1.0034017844944547,1.1014387412794455,-0.003049028043693242,-0.0004626164292876399,-0.0014299811161557756,0.06766365897692331,-0.053098589181900024,0.17835035920143127,-0.17149722576141357,0.9399940967559814,0.3913864493370056,-1.0020794868469238,0.600091814994812,0.12687534093856812,-0.2951025366783142,0.640467643737793,0.2155420333147049,-1.0667823553085327
0.4551758749999989,0.0034223749999999996,133.0,3.967795214424733,-0.9841471347684395,1.1014473064903048,-0.0028795312661680354,-0.0004446186770673411,-0.001354207084918741,0.06767101574327139,-0.052426546812057495,0.17753484845161438,-0.17362576723098755,0.9309260249137878,0.3811229169368744,-0.9968757629394531,0.6189377903938293,0.1304791271686554,-0.2717827558517456,0.6332309246063232,0.18433605134487152,-1.061254858970642
0.4551758749999989,0.0034223749999999996,133.0,3.9475240012781736,-0.9639631677805063,1.1016037029547945,-0.002658349698632863,-0.0004100172916674828,-0.0012551191600937265,0.06768716649415248,-0.050304949283599854,0.17755813896656036,-0.17367351055145264,0.9242097735404968,0.36656421422958374,-0.9978499412536621,0.6182847619056702,0.13346624374389648,-0.2579486072063446,0.6222515106201172,0.16704216599464417,-1.0574349164962769
0.4551758749999989,0.0034223749999999996,133.0,3.925878540564129,-0.9434706296625057,1.1017195942039095,-0.002438731284011996,-0.0003888272232415178,-0.0011559947111485526,0.06768676839505,-0.051643967628479004,0.1750786006450653,-0.1787114143371582,0.9094206690788269,0.37016838788986206,-0.9838902950286865,0.6683820486068726,0.13784503936767578,-0.21985509991645813,0.6191272735595703,0.11836191266775131,-1.047041893005371
0.4551758749999989,0.0034223749999999996,133.0,3.9038559099506203,-0.9217665960131939,1.1017343014859957,-0.002230859547072629,-0.0003586328773108704,-0.0010615006642522465,0.06769919204852913,-0.049894243478775024,0.17324203252792358,-0.18083783984184265,0.897141695022583,0.36215001344680786,-0.9808568954467773,0.6879756450653076,0.1427643597126007,-0.1953163892030716,0.6086649894714355,0.09299593418836594,-1.0396870374679565
0.4551758749999989,0.0034223749999999996,133.0,3.880752953940928,-0.8990100313456956,1.1016406935850038,-0.002025304911646783,-0.0003296183015691771,-0.0009655346306433681,0.06769865119106436,-0.04913395643234253,0.17225992679595947,-0.18272510170936584,0.8862934708595276,0.3496664762496948,-0.9755184650421143,0.7071689963340759,0.14648988842964172,-0.16892413794994354,0.5990755558013916,0.05921237915754318,-1.0324856042861938
0.4551758749999989,0.0034223749999999996,133.0,3.8566142293378096,-0.874801798664729,1.1016647563840634,-0.0018614748276409077,-0.000297353287729317,-0.0008904230016041481,0.06769187548066637,-0.049631744623184204,0.1748736947774887,-0.1820644736289978,0.8858200907707214,0.33602890372276306,-0.9690475463867188,0.7025294899940491,0.1438809633255005,-0.1564265936613083,0.5881907939910889,0.025975385680794716,-1.0291411876678467
0.4551758749999989,0.0034223749999999996,133.0,3.832000208975987,-0.8502862998761772,1.101820658429132,-0.001659331289979283,-0.0002625887911584957,-0.0007985875219540501,0.06770208361988193,-0.04719701409339905,0.17505590617656708,-0.18163073062896729,0.878365695476532,0.3197515606880188,-0.9697420597076416,0.6993263363838196,0.14644241333007812,-0.14274218678474426,0.5739240646362305,0.00777500681579113,-1.0241461992263794
0.4551758749999989,0.0034223749999999996,133.0,3.8061705864948134,-0.8250414017955184,1.101970594088885,-0.001472377521179076,-0.00023652395102113918,-0.0007134555556038209,0.06769732912883043,-0.04653739929199219,0.17410385608673096,-0.18355637788772583,0.866206169128418,0.3069850206375122,-0.9626421928405762,0.7193953990936279,0.150314062833786,-0.11524820327758789,0.5629575252532959,-0.02816641516983509,-1.0157755613327026
0.4551758749999989,0.0034223749999999996,133.0,3.779652930721373,-0.7994600295569165,1.1020679380055864,-0.0012877643011383589,-0.0002109329176490105,-0.0006278448872293487,0.06769796042343083,-0.04616442322731018,0.17134523391723633,-0.18706420063972473,0.8478514552116394,0.3001357316970825,-0.9532380104064941,0.7570614814758301,0.15612435340881348,-0.0758216455578804,0.5522737503051758,-0.06964125484228134,-1.0032258033752441
0.4551758749999989,0.0034223749999999996,133.0,3.7523495788524617,-0.7727185981848278,1.1020987019599466,-0.0011351827547263545,-0.00018788279055524364,-0.0005565412828855783,0.06769691845852689,-0.0452708899974823,0.1699429750442505,-0.1891167312860489,0.8320203423500061,0.2841697037220001,-0.944394588470459,0.7814520001411438,0.16066992282867432,-0.04053197801113129,0.538409948348999,-0.11008898913860321,-0.9918404221534729
0.4551758749999989,0.0034223749999999996,133.0,3.7245540196838016,-0.7454119938140283,1.10208687868065,-0.000999118263724795,-0.00016787704294376953,-0.0004924923978951191,0.06770460370302957,-0.0442369282245636,0.16851460933685303,-0.19102582335472107,0.8153386116027832,0.26649293303489685,-0.9349186420440674,0.8053314089775085,0.16519469022750854,-0.0037224178668111563,0.5231180191040039,-0.15058250725269318,-0.9795738458633423
0.4551758749999989,0.0034223749999999996,133.0,3.6954257920144746,-0.7170765977733351,1.1021009837348927,-0.0008239892966933662,-0.00014009548130003907,-0.00040777045931246074,0.06769355430558247,-0.043525487184524536,0.16675110161304474,-0.1929161250591278,0.796729564666748,0.2530069649219513,-0.9246699810028076,0.8329393863677979,0.16939619183540344,0.03684939444065094,0.5074942111968994,-0.1917843520641327,-0.9650669097900391
0.4551758749999989,0.0034223749999999996,133.0,3.6654743906966574,-0.6880546359149504,1.1022276405270295,-0.0006908249337065939,-0.00011964543749094568,-0.00034388151480924643,0.06768231300066284,-0.04331120848655701,0.16484007239341736,-0.19492842257022858,0.7767674326896667,0.2375566065311432,-0.911888599395752,0.8632299900054932,0.17402592301368713,0.08067404478788376,0.49237561225891113,-0.2359953224658966,-0.9496369361877441
0.4551758749999989,0.0034223749999999996,133.0,3.634653156816354,-0.657998816691258,1.1023478979152526,-0.000517813910686594,-9.061319306555955e-5,-0.00025997890579136104,0.06766702778204667,-0.04231330752372742,0.16329869627952576,-0.19605271518230438,0.7580937147140503,0.21832804381847382,-0.9009590148925781,0.8845136165618896,0.17822450399398804,0.1190185472369194,0.47533750534057617,-0.27516797184944153,-0.9350643754005432
0.4551758749999989,0.0034223749999999996,133.0,3.6030892449509433,-0.6268059776415903,1.1023559488687191,-0.0003247664955482879,-5.612839881383214e-5,-0.00016479071735645378,0.0676560818593229,-0.04002279043197632,0.16236460208892822,-0.19587557017803192,0.741856575012207,0.19702069461345673,-0.8947875499725342,0.89286208152771,0.18114063143730164,0.14902149140834808,0.4554471969604492,-0.30604085326194763,-0.9216431379318237
0.4551758749999989,0.0034223749999999996,133.0,3.570556448041738,-0.5948631385586384,1.1023966093200623,-0.0001515444191105553,-2.6244117528331856e-5,-7.781448562518064e-5,0.06763468840154514,-0.03832182288169861,0.16109468042850494,-0.19595082104206085,0.7234178781509399,0.17634281516075134,-0.8856182098388672,0.9061921834945679,0.18429088592529297,0.1842162311077118,0.43619227409362793,-0.34051454067230225,-0.9062637686729431
0.4551758749999989,0.0034223749999999996,133.0,3.5371648417517396,-0.5627788329556005,1.1027144023363507,1.677417974748496e-5,2.969463366513948e-6,8.721216516719957e-6,0.06761039341244116,-0.03743889927864075,0.15769578516483307,-0.19702371954917908,0.6960196495056152,0.15938051044940948,-0.8718147277832031,0.9361003637313843,0.1905667781829834,0.23463726043701172,0.4177868366241455,-0.3768134117126465,-0.8851180076599121
0.4551758749999989,0.0034223749999999996,133.0,3.5028333357883286,-0.5293869977207826,1.1027965853494337,0.00018504121639405024,3.302701867840862e-5,9.728043537926141e-5,0.06757519846277446,-0.03637322783470154,0.15572279691696167,-0.19739419221878052,0.6705954074859619,0.13685700297355652,-0.8552019596099854,0.9557529091835022,0.19487226009368896,0.28308746218681335,0.3970792293548584,-0.4156324565410614,-0.8639112114906311
0.4551758749999989,0.0034223749999999996,133.0,3.4674548496655433,-0.4946951549140152,1.1025527002593576,0.00036697822442810366,6.540633911211151e-5,0.00019517662777749264,0.0675249961768023,-0.035278886556625366,0.15505807101726532,-0.19744081795215607,0.6462628841400146,0.11425041407346725,-0.8365561962127686,0.9667001962661743,0.1969211995601654,0.33087819814682007,0.37460827827453613,-0.45754873752593994,-0.8414919376373291
0.4551758749999989,0.0034223749999999996,133.0,3.431102545626181,-0.459501865717501,1.102690675558907,0.0005093860010322686,9.076750399896998e-5,0.000275054621941632,0.0674722667331454,-0.034211158752441406,0.1521850824356079,-0.1976758986711502,0.6092698574066162,0.0895596519112587,-0.8111515045166016,0.9860445857048035,0.20310422778129578,0.39520156383514404,0.35155797004699707,-0.49238890409469604,-0.8106256127357483
0.4551758749999989,0.0034223749999999996,133.0,3.3940774004085443,-0.4235734326310885,1.1027233287105254,0.000669824412208961,0.00011995270290917162,0.0003664821108260464,0.06741497950973979,-0.03535884618759155,0.14654693007469177,-0.19640666246414185,0.5469669103622437,0.06491871178150177,-0.746342658996582,1.0161235332489014,0.21719655394554138,0.4518117904663086,0.3470921516418457,-0.4618324935436249,-0.7628426551818848
0.4551758749999989,0.0034223749999999996,133.0,3.356292808253389,-0.38682879402267645,1.102735175091627,0.0008405393099016874,0.00015108125699034365,0.0004655051764138135,0.06735646370904652,-0.03843891620635986,0.1388649046421051,-0.1911802738904953,0.46672719717025757,0.047085925936698914,-0.6394805908203125,1.034348487854004,0.24061301350593567,0.4917357265949249,0.3680765628814697,-0.3467977046966553,-0.7068852782249451
0.4551758749999989,0.0034223749999999996,133.0,3.317625363297377,-0.34919804829327583,1.1027408253952966,0.0010339877212197834,0.00018595243553962316,0.000580354327524903,0.06729611372931658,-0.04022073745727539,0.1292257159948349,-0.18249353766441345,0.38385164737701416,0.03977750614285469,-0.5176105499267578,1.0219379663467407,0.27337324619293213,0.5137826204299927,0.40456247329711914,-0.18283697962760925,-0.6576852202415466
0.4551758749999989,0.0034223749999999996,133.0,3.278573269984812,-0.3108513792990561,1.1024393070650014,0.001218486195492534,0.00022133285545421788,0.0006877623432760247,0.06724982583871529,-0.10329779982566833,0.13967660069465637,-0.1358378529548645,0.2508498430252075,0.07853647321462631,-0.40147995948791504,0.6791968941688538,0.45698705315589905,0.6076391935348511,1.0470809936523438,-0.22203782200813293,-0.7108480930328369
0.4551758749999989,0.0034223749999999996,133.0,3.238795281612848,-0.2721137806032696,1.1021822558841026,0.0013387018149651653,0.00025225216088305987,0.0007548639204550574,0.06721908593413414,-0.11581984162330627,0.12745943665504456,-0.12980419397354126,0.1425563395023346,0.12272011488676071,-0.1389317512512207,0.6310845017433167,0.5075114965438843,0.6663128137588501,1.1665141582489014,-0.18405969440937042,-0.653682291507721
0.4551758749999989,0.0034223749999999996,133.0,3.198214995260342,-0.23193958779613388,1.101671451011701,0.001492194147493645,0.00028716905957445945,0.0008419538513862151,0.06719245922611349,-0.12423339486122131,0.12174752354621887,-0.1294364333152771,0.05787995457649231,0.1689949929714203,0.09821748733520508,0.5384455919265747,0.5374047160148621,0.6893476843833923,1.245126485824585,-0.2769435942173004,-0.5991681814193726
0.4551758749999989,0.0034223749999999996,133.0,3.1565651875066836,-0.19012246800072874,1.1005823555404197,0.0016410128104455562,0.0003228113720429508,0.0009285032313251164,0.06715548461002452,-0.12580075860023499,0.12115518748760223,-0.13768160343170166,0.016706854104995728,0.2057616412639618,0.23544669151306152,0.45553621649742126,0.526648759841919,0.7203373908996582,1.269406795501709,-0.4108524024486542,-0.5472936034202576
0.4551758749999989,0.0034223749999999996,133.0,3.115543226586843,-0.14724777349708348,1.1027775014737795,0.001781019304006341,0.00034042411723873996,0.0010144378210180365,0.0670913433130049,-0.12466064095497131,0.12064886838197708,-0.1446772813796997,-0.01630231738090515,0.2233128398656845,0.3097691535949707,0.4113689363002777,0.5203734636306763,0.7478639483451843,1.2808878421783447,-0.504944920539856,-0.5078558921813965
0.4551758749999989,0.0034223749999999996,133.0,3.071877971706391,-0.10467566004008659,1.1023738149273798,0.0018761443454699451,0.00038755296616358245,0.0010691722258879134,0.0670481370807894,-0.12509244680404663,0.11554884910583496,-0.14649716019630432,-0.038846731185913086,0.26137837767601013,0.3401529788970947,0.4359988868236542,0.5445404648780823,0.8446341156959534,1.25205659866333,-0.5532863140106201,-0.5091721415519714
0.4551758749999989,0.0034223749999999996,133.0,3.023363065162032,-0.058889174452946294,1.10301676752883,0.0018438037319921743,0.0003990280696867808,0.001089426551401238,0.06686023269758357,-0.16359132528305054,0.14259687066078186,-0.1392262876033783,-0.00981128215789795,0.2905753552913666,0.39058470726013184,0.49880391359329224,0.534185528755188,0.7481876015663147,1.478649377822876,-0.6070792078971863,-0.5289775729179382
0.4551758749999989,0.0034223749999999996,133.0,2.9637318826271786,0.005691489077763167,1.1004269683137156,0.001722598035284686,-7.843661449911876e-5,0.0011864875373642331,0.06601563053807599,-0.2860862910747528,0.2855357229709625,-0.12807410955429077,0.2668183445930481,0.02494727447628975,0.7040530443191528,-0.2164360135793686,0.6583700180053711,-1.2056162357330322,2.691854476928711,-0.8327668905258179,-0.9277418255805969
0.4551758749999989,0.0034223749999999996,133.0,2.8948778729081477,0.042892384070398276,1.1005703106775875,0.00010568354480983021,-5.083414139900303e-6,7.261300569493357e-5,0.06469912573401791,-0.4420035183429718,0.18324565887451172,-0.12310996651649475,0.920103907585144,-0.6956329941749573,1.0061233043670654,0.6416071653366089,0.21665799617767334,-1.558220386505127,2.548738956451416,-0.454740971326828,-1.1369538307189941
0.4551758749999989,0.0034223749999999996,133.0,2.9322133879309242,0.0769738426953456,1.107067073653451,-0.0017984092529201696,-2.6370641053415026e-5,-0.0011830606169907605,0.0641099888165207,-0.4596289098262787,0.1937086135149002,-0.062124818563461304,1.273336410522461,-0.6958763599395752,1.012647271156311,0.4334019422531128,0.1595136821269989,-1.6777873039245605,2.5035018920898438,-0.2552656829357147,-1.433943510055542
0.4551758749999989,0.0034223749999999996,133.0,2.9587989444789726,0.1313537978438471,1.1248552881055611,-0.0021369031519587038,0.0003580058006038565,-0.0012458428814146139,0.06273465480659428,-0.5420849323272705,0.23871685564517975,0.04696536064147949,1.7414705753326416,-1.2173198461532593,1.0356370210647583,-0.31031739711761475,0.41692522168159485,-1.9558173418045044,2.504185199737549,0.042314790189266205,-2.160846471786499
0.4551758749999989,0.0034223749999999996,133.0,2.9933745802257676,0.1819523378589056,1.1335031986331376,-0.0021843534607296515,0.0004897690138791317,-0.0011881094391624106,0.06208021720299353,-0.5625815391540527,0.2568771541118622,0.08437022566795349,1.8423806428909302,-1.4845937490463257,1.0045803785324097,-0.48039230704307556,0.5125848650932312,-1.9854075908660889,2.390254020690918,0.029776858165860176,-2.3576900959014893
0.4551758749999989,0.0034223749999999996,133.0,3.0345766082826056,0.22737408889621588,1.1367133057852747,-0.002083537154664935,0.00046555983878158476,-0.0010957427319373656,0.061930946018137326,-0.5635329484939575,0.2583635747432709,0.09928706288337708,1.9112831354141235,-1.459708571434021,1.0018811225891113,-0.43091508746147156,0.4628567099571228,-1.9848361015319824,2.3224968910217285,0.08816366642713547,-2.3768203258514404
0.4551758749999989,0.0034223749999999996,133.0,3.0758434839292508,0.2707520944904696,1.139077750923574,-0.0019211959539089803,0.0004280307819329246,-0.000982226823362215,0.06185840551564929,-0.5626754760742188,0.25828689336776733,0.114522784948349,1.963360071182251,-1.4743403196334839,0.9911899566650391,-0.4252038598060608,0.4347386956214905,-1.9610352516174316,2.242042064666748,0.1596238911151886,-2.400560140609741
0.4551758749999989,0.0034223749999999996,133.0,3.1164391257324704,0.31278232940390155,1.140434929426997,-0.0017124591766861815,0.00037373048167662,-0.0008576968640763013,0.061845421483586654,-0.5671184062957764,0.25885748863220215,0.11758515238761902,1.9665781259536743,-1.521262526512146,1.0222773551940918,-0.34882378578186035,0.4400465488433838,-1.9816070795059204,2.2030467987060547,0.2275862693786621,-2.409560441970825
0.4551758749999989,0.0034223749999999996,133.0,3.156235168641515,0.35386160698801156,1.1410675312979657,-0.0016181344411330073,0.0003403776330001948,-0.0007985762319336827,0.06184484028311627,-0.562525749206543,0.2556202709674835,0.12731876969337463,1.9876863956451416,-1.5384721755981445,1.0047088861465454,-0.3185341954231262,0.41538989543914795,-1.9755644798278809,2.1130294799804688,0.34546998143196106,-2.4060142040252686
0.4551758749999989,0.0034223749999999996,133.0,3.1956171321066895,0.3940650338619951,1.1425855669030989,-0.0013923273270028637,0.00028458765191665807,-0.0006710440075222763,0.06181219829236002,-0.5347981452941895,0.23474904894828796,0.13625922799110413,1.9785352945327759,-1.4776979684829712,0.9539425373077393,-0.30827030539512634,0.3401796817779541,-1.8716497421264648,1.9285964965820312,0.5468984246253967,-2.320512294769287
0.4551758749999989,0.0034223749999999996,133.0,3.2346847550337934,0.4331126660273637,1.144516835862706,-0.0012188260067970815,0.00024149101401622414,-0.0005710720436880692,0.06180284990806409,-0.4920212924480438,0.20751097798347473,0.14998427033424377,1.9637858867645264,-1.3361159563064575,0.849533200263977,-0.34007886052131653,0.22531947493553162,-1.7044528722763062,1.6869173049926758,0.7817369699478149,-2.188920259475708
0.4551758749999989,0.0034223749999999996,133.0,3.2729063846250352,0.4711102912379577,1.1458675112845818,-0.0009951164381237336,0.00019154830016069016,-0.0004549240225039017,0.061821168731356776,-0.4528726041316986,0.18344257771968842,0.15861836075782776,1.9188951253890991,-1.215964913368225,0.743148684501648,-0.3688139021396637,0.13975930213928223,-1.5620663166046143,1.4770777225494385,0.9951982498168945,-2.0569872856140137
0.4551758749999989,0.0034223749999999996,133.0,3.3108720093560784,0.5078569903947624,1.147244523783851,-0.0007933885529377481,0.00014988336209354196,-0.0003560173731968488,0.06186864507632646,-0.3581802546977997,0.12254063785076141,0.18668636679649353,1.700147271156311,-0.1906854510307312,0.09419035911560059,-0.6745749115943909,-0.31853002309799194,-1.9820880889892578,1.4918065071105957,1.011797547340393,-1.372344970703125
0.4551758749999989,0.0034223749999999996,133.0,3.348452824680908,0.5435245753427197,1.148643171709764,-0.0005991279530976789,0.0001125398100021694,-0.0002653899194514056,0.06193688985495882,-0.32719263434410095,0.1146111935377121,0.19171938300132751,1.6760469675064087,-0.10851307213306427,-0.02320098876953125,-0.7228925824165344,-0.35170257091522217,-1.8972104787826538,1.3208506107330322,1.1109946966171265,-1.314500331878662
0.4551758749999989,0.0034223749999999996,133.0,3.385600118633745,0.5781562007376301,1.150024556824806,-0.0004109217662954579,7.775755722373373e-5,-0.00018070878469950635,0.062023846111924484,-0.30020204186439514,0.10931877791881561,0.19686582684516907,1.650972843170166,-0.03901829943060875,-0.12770962715148926,-0.7630224823951721,-0.3770560622215271,-1.812612533569336,1.167539358139038,1.1575030088424683,-1.2635098695755005
0.4551758749999989,0.0034223749999999996,133.0,3.4219281458459614,0.6119995112715566,1.1513159954454253,-0.000230234982994683,4.3574368102297246e-5,-9.998103744075081e-5,0.062109682547918474,-0.2838341295719147,0.10822747647762299,0.1999722421169281,1.63657808303833,0.015794547274708748,-0.19470453262329102,-0.7839568257331848,-0.3912738561630249,-1.7758967876434326,1.0773084163665771,1.1636461019515991,-1.2346231937408447
0.4551758749999989,0.0034223749999999996,133.0,3.456839591458935,0.6450162106798408,1.1518383588698204,-6.83588111790463e-5,1.3141420470477185e-5,-2.9750032784767202e-5,0.06221242082398909,-0.2797253429889679,0.10988404601812363,0.19637462496757507,1.6304271221160889,0.039662644267082214,-0.2090597152709961,-0.7803466320037842,-0.3858416676521301,-1.8172922134399414,1.0815515518188477,1.1762216091156006,-1.234195351600647
0.4551758749999989,0.0034223749999999996,133.0,3.4908064686920457,0.6773645159307833,1.1528292016004196,0.000147346006547543,-2.8791826557921113e-5,6.36301468787237e-5,0.06228167233875273,-0.27658775448799133,0.11172901839017868,0.19614890217781067,1.6351120471954346,0.058251626789569855,-0.22392034530639648,-0.7907559871673584,-0.3874353766441345,-1.8407249450683594,1.0724167823791504,1.1784549951553345,-1.237370252609253
0.4551758749999989,0.0034223749999999996,133.0,3.525489876864705,0.706791589127345,1.1524275047670784,0.00034697337865182164,-6.77736503812171e-5,0.0001466220072761466,0.06251175994630888,-0.2710825502872467,0.11365009844303131,0.2011435329914093,1.6544452905654907,0.08470971882343292,-0.2556612491607666,-0.8122422695159912,-0.40267741680145264,-1.8384798765182495,1.0280227661132812,1.1595889329910278,-1.2412855625152588
0.4551758749999989,0.0034223749999999996,133.0,3.557871051027273,0.7374373967678708,1.1535425195453675,0.0005479070810627762,-0.00010867119389886703,0.00022914162610275315,0.06258141501814865,-0.2680615484714508,0.11565496027469635,0.20342257618904114,1.6660821437835693,0.09740236401557922,-0.2734055519104004,-0.8290080428123474,-0.4080406427383423,-1.8456119298934937,1.0065197944641113,1.1524332761764526,-1.2474963665008545
0.4551758749999989,0.0034223749999999996,133.0,3.5900775582654574,0.7673766988518301,1.1554379108411843,0.0007870267043460586,-0.0001567226431195708,0.0003238525102186273,0.0626150819103375,-0.26602229475975037,0.12024839222431183,0.2051698863506317,1.6797302961349487,0.13096140325069427,-0.2928028106689453,-0.8268147706985474,-0.4126620292663574,-1.8658525943756104,0.9967820644378662,1.131661057472229,-1.2565357685089111
0.4551758749999989,0.0034223749999999996,133.0,3.6216089380116565,0.7963430708577754,1.1572575376008445,0.0009565599980341932,-0.00019302591608578315,0.00038898590556399435,0.06267159851241076,-0.2634475529193878,0.12371501326560974,0.20792779326438904,1.6943035125732422,0.1605527549982071,-0.31417155265808105,-0.8306293487548828,-0.4211275577545166,-1.8745993375778198,0.9770820140838623,1.1132224798202515,-1.262595772743225
0.4551758749999989,0.0034223749999999996,133.0,3.651699929978283,0.8246239618874041,1.1592235258701733,0.0011751754251717198,-0.00023924917331590766,0.00047014424761618795,0.06269127740577797,-0.2612594664096832,0.12632673978805542,0.20949730277061462,1.70443856716156,0.1812727153301239,-0.33036065101623535,-0.8352571725845337,-0.4258914589881897,-1.8824145793914795,0.9628517627716064,1.1028940677642822,-1.2679609060287476
0.4551758749999989,0.0034223749999999996,133.0,3.6810818784536536,0.8518748909851857,1.1601364741088138,0.0013410400741088267,-0.00027762839706293367,0.0005292593088953986,0.06276859961871462,-0.2582046687602997,0.12657172977924347,0.21033796668052673,1.708282232284546,0.1887374371290207,-0.3455324172973633,-0.845572829246521,-0.42860597372055054,-1.8830596208572388,0.9465560913085938,1.108145833015442,-1.2691251039505005
0.4551758749999989,0.0034223749999999996,133.0,3.7096405276230335,0.8783393963316427,1.1614985910947346,0.0015263818957702109,-0.0003205685279216667,0.0005957089790577112,0.06282137187355571,-0.25597962737083435,0.12811279296875,0.21187034249305725,1.715700626373291,0.20448528230190277,-0.3608818054199219,-0.8519169688224792,-0.43331271409988403,-1.8863011598587036,0.932199239730835,1.1040726900100708,-1.2718437910079956
0.4551758749999989,0.0034223749999999996,133.0,3.737582239023863,0.9039192667744435,1.1625346261572127,0.0017477297443418069,-0.00036848206622663095,0.000676844317799585,0.06288399744269742,-0.25391414761543274,0.13028348982334137,0.2132209837436676,1.723278284072876,0.22612692415714264,-0.3772108554840088,-0.8527385592460632,-0.4380364418029785,-1.8927642107009888,0.9207267761230469,1.0975866317749023,-1.2747373580932617
0.4551758749999989,0.0034223749999999996,133.0,3.7644167093350536,0.928805794156188,1.1638994389656578,0.0019730045689136102,-0.0004233396138160086,0.0007557561607650998,0.06292485890564109,-0.2518704831600189,0.13258984684944153,0.2160431444644928,1.7347115278244019,0.2384869009256363,-0.39183998107910156,-0.8646078109741211,-0.4440898299217224,-1.8898077011108398,0.8995523452758789,1.0817583799362183,-1.2800264358520508
0.4551758749999989,0.0034223749999999996,133.0,3.790135677697993,0.9525685614339395,1.1646827404878544,0.0022225514627831917,-0.00048281284906870114,0.0008423413650102296,0.06297827748659884,-0.24968978762626648,0.13149337470531464,0.21501091122627258,1.7314391136169434,0.2345115691423416,-0.3985316753387451,-0.8742493391036987,-0.4407269358634949,-1.8914293050765991,0.8952126502990723,1.0987184047698975,-1.280238389968872
0.4551758749999989,0.0034223749999999996,133.0,3.8150186832941158,0.9757172818305736,1.1656271839830201,0.0024044144548514964,-0.0005308776494535848,0.0009062728763813594,0.06303321051438782,-0.2479974329471588,0.13261739909648895,0.21635392308235168,1.7369146347045898,0.24704161286354065,-0.41112852096557617,-0.8794708847999573,-0.44459372758865356,-1.892842173576355,0.8840632438659668,1.0969191789627075,-1.281862735748291
0.4551758749999989,0.0034223749999999996,133.0,3.8390015313586887,0.9980251643676168,1.1665987485890161,0.0026365352119547204,-0.0005914340855447781,0.0009880303616743242,0.06308527537074977,-0.24640676379203796,0.13364753127098083,0.21766015887260437,1.7420419454574585,0.25900912284851074,-0.4230027198791504,-0.8853791952133179,-0.4483144283294678,-1.8935834169387817,0.8732657432556152,1.0952422618865967,-1.2832834720611572
0.4551758749999989,0.0034223749999999996,133.0,3.86218243638435,1.0195764382507881,1.1674887226182766,0.0028741417177325333,-0.0006504708193335249,0.0010668659655068721,0.06312557675024731,-0.2447887361049652,0.13471773266792297,0.21832594275474548,1.745493769645691,0.26602232456207275,-0.43271803855895996,-0.8910016417503357,-0.4489886164665222,-1.8952418565750122,0.8651514053344727,1.0938732624053955,-1.2860966920852661
0.4551758749999989,0.0034223749999999996,133.0,3.884613180582049,1.0402228501722917,1.16834195264057,0.0031246450235253116,-0.000713086515287794,0.001148697573521998,0.06316567179431849,-0.2431558072566986,0.13567985594272614,0.21861538290977478,1.7477940320968628,0.2704032063484192,-0.44110679626464844,-0.8969847559928894,-0.4482748508453369,-1.896567940711975,0.8582429885864258,1.0929409265518188,-1.2891536951065063
0.4551758749999989,0.0034223749999999996,133.0,3.9064671759919367,1.0598435146094043,1.1697900016086122,0.0033766161770905074,-0.0007881078825504428,0.0012276030317722028,0.06318983133894493,-0.24178209900856018,0.1357010304927826,0.21900144219398499,1.7492032051086426,0.27460455894470215,-0.44861555099487305,-0.9044852256774902,-0.44903290271759033,-1.8961308002471924,0.8515257835388184,1.0976970195770264,-1.2898449897766113
0.4551758749999989,0.0034223749999999996,133.0,3.926991545913722,1.0792372837862758,1.171358103363465,0.003575227059756825,-0.0008413984098276252,0.0012817250451797886,0.06321017093297529,-0.2408524453639984,0.13853730261325836,0.22262391448020935,1.7621089220046997,0.29053544998168945,-0.4614901542663574,-0.9125276207923889,-0.457603394985199,-1.8910233974456787,0.8318142890930176,1.07538902759552,-1.2940348386764526
0.4551758749999989,0.0034223749999999996,133.0,3.946836660515096,1.097313330565206,1.172243730683613,0.0037965235086929727,-0.0009025909199923298,0.0013504008973683926,0.06323549239256834,-0.23958560824394226,0.1380230039358139,0.2213909924030304,1.7585647106170654,0.2913239002227783,-0.46610426902770996,-0.9152778387069702,-0.453868567943573,-1.8963029384613037,0.8343651294708252,1.0893068313598633,-1.2943668365478516
0.4551758749999989,0.0034223749999999996,133.0,3.9655190505293754,1.1145499535138905,1.172788192386704,0.003980061832885874,-0.000967795194003946,0.001414370420537896,0.06329020069780339,-0.23810282349586487,0.13780781626701355,0.22126129269599915,1.757713794708252,0.2907591164112091,-0.471818208694458,-0.9222143292427063,-0.45218873023986816,-1.896466851234436,0.8299722671508789,1.095581293106079,-1.2952606678009033
0.4551758749999989,0.0034223749999999996,133.0,3.983605720737358,1.1314601754309754,1.1739753175362075,0.004206630910239949,-0.0010265689663044926,0.001479801507953182,0.06331490647883094,-0.23722556233406067,0.14050118625164032,0.22412344813346863,1.76790189743042,0.3053183853626251,-0.48346447944641113,-0.9267311096191406,-0.4584193825721741,-1.8941621780395508,0.8148760795593262,1.0767524242401123,-1.2991214990615845
0.4551758749999989,0.0034223749999999996,133.0,4.000755763874604,1.1470411102019547,1.1748218319199488,0.0044029674834394385,-0.0010871491569213328,0.0015345829348626693,0.06334637099576779,-0.23571720719337463,0.1412230134010315,0.2259986698627472,1.7733896970748901,0.3121710419654846,-0.4924304485321045,-0.9347209334373474,-0.4630059003829956,-1.8883366584777832,0.7989377975463867,1.0685303211212158,-1.2999703884124756
0.4551758749999989,0.0034223749999999996,133.0,4.017033490877865,1.1616513071439987,1.1751493901150132,0.004595056381751658,-0.001145212103273712,0.0015940605919507389,0.06338807371389152,-0.2340233027935028,0.1399369239807129,0.22469022870063782,1.7678693532943726,0.3135952055454254,-0.49781274795532227,-0.9360581636428833,-0.4598679542541504,-1.8914998769760132,0.7996776103973389,1.0855430364608765,-1.297741413116455
0.4551758749999989,0.0034223749999999996,133.0,4.032636521622832,1.1755031767190893,1.1757907743436091,0.004745205080620371,-0.001192821643562828,0.0016358996059901388,0.06342413844903412,-0.2320341169834137,0.13896304368972778,0.22472146153450012,1.7662376165390015,0.3171231746673584,-0.5050671100616455,-0.9400727152824402,-0.4608002305030823,-1.887233018875122,0.7901160717010498,1.0921493768692017,-1.2952349185943604
0.4551758749999989,0.0034223749999999996,133.0,4.047280127130583,1.1886501936641003,1.1765204286813575,0.004880052581273133,-0.0012400818803335915,0.0016673204040788551,0.06346139396674218,-0.2297607958316803,0.13907848298549652,0.22498252987861633,1.7659916877746582,0.31876423954963684,-0.512951135635376,-0.9439619183540344,-0.4603244662284851,-1.881393313407898,0.7780270576477051,1.0885834693908691,-1.2954754829406738
0.4551758749999989,0.0034223749999999996,133.0,4.061226045341536,1.2010975656765939,1.1776283589061822,0.0050261804077588405,-0.0012884370588361234,0.0017031394391065235,0.06348239207442485,-0.22765222191810608,0.13802318274974823,0.22511747479438782,1.7647087574005127,0.3218180537223816,-0.5201354026794434,-0.9476876854896545,-0.46085888147354126,-1.8781802654266357,0.7665057182312012,1.093074083328247,-1.2936915159225464
0.4551758749999989,0.0034223749999999996,133.0,4.074404510029199,1.212653968071673,1.1782905837165443,0.005182212403192352,-0.0013297173630826458,0.001742149279822232,0.06351060211732097,-0.22597667574882507,0.13921022415161133,0.22908547520637512,1.7742443084716797,0.3349052667617798,-0.5334138870239258,-0.954217791557312,-0.4710846543312073,-1.864668607711792,0.7388465404510498,1.0731990337371826,-1.2928327322006226
0.4551758749999989,0.0034223749999999996,133.0,4.086461434171041,1.224066247392109,1.179563224811695,0.005351825732527958,-0.0013619325132458143,0.0017727358025917816,0.06351067270761937,-0.22562742233276367,0.1412305235862732,0.23000618815422058,1.7778505086898804,0.3531692922115326,-0.5424163341522217,-0.9459456205368042,-0.47380000352859497,-1.8709324598312378,0.7365710735321045,1.066914439201355,-1.2937517166137695
0.4551758749999989,0.0034223749999999996,133.0,4.097603894695471,1.234976520218775,1.1809983954160286,0.005513248573465111,-0.0013982572338814689,0.0018064484093436696,0.06350790649962604,-0.22551530599594116,0.1451980173587799,0.23267272114753723,1.7877354621887207,0.3736621141433716,-0.5531222820281982,-0.9398166537284851,-0.47961848974227905,-1.8726531267166138,0.7257647514343262,1.0411583185195923,-1.2977144718170166
0.4551758749999989,0.0034223749999999996,133.0,4.10785805906267,1.2447500099237225,1.1822903222853869,0.005694806258968359,-0.0014445658628711195,0.0018494816237265392,0.06351808328625605,-0.22559484839439392,0.14908374845981598,0.23629263043403625,1.7995502948760986,0.39389917254447937,-0.5638585090637207,-0.9367788434028625,-0.48814910650253296,-1.8699640035629272,0.7097759246826172,1.0115422010421753,-1.3008348941802979
0.4551758749999989,0.0034223749999999996,133.0,4.116570790804067,1.255791943929283,1.1847843641627165,0.00594521154248021,-0.0015131666917074474,0.001941828469014645,0.06335515432982325,-0.2273184061050415,0.15251140296459198,0.23441419005393982,1.8008389472961426,0.41492608189582825,-0.5642077922821045,-0.918083131313324,-0.4837493300437927,-1.8930106163024902,0.731236457824707,1.0109820365905762,-1.3066716194152832
0.4551758749999989,0.0034223749999999996,133.0,4.125058160163915,1.2641197370116535,1.1860488488418561,0.006223690063499134,-0.0015862597171387763,0.0020184928536332828,0.06334953990635724,-0.22796398401260376,0.15656282007694244,0.23623868823051453,1.8090548515319824,0.4360390901565552,-0.5713851451873779,-0.9092785716056824,-0.48867636919021606,-1.8959851264953613,0.7269821166992188,0.9873806238174438,-1.3098807334899902
0.4551758749999989,0.0034223749999999996,133.0,4.132574521969778,1.2713636334291076,1.1867116061666672,0.0066413084608682805,-0.0016965603485026462,0.0021487792776696667,0.0633632771320039,-0.22792252898216248,0.1585036814212799,0.23679599165916443,1.8118176460266113,0.45089802145957947,-0.5773155689239502,-0.9024697542190552,-0.4906265139579773,-1.898537039756775,0.724705696105957,0.9787449836730957,-1.3106969594955444
0.4551758749999989,0.0034223749999999996,133.0,4.139220681278298,1.2780386353663897,1.187727188431314,0.007353212270901967,-0.0018721258404107044,0.0023502979750923652,0.06335772137489185,-0.22798386216163635,0.16140082478523254,0.2401595413684845,1.8220763206481934,0.4646933972835541,-0.5846843719482422,-0.9058802723884583,-0.49824684858322144,-1.8881990909576416,0.7047910690307617,0.9478965997695923,-1.3131214380264282
0.4551758749999989,0.0034223749999999996,133.0,4.145035578348807,1.2837835933293507,1.1884474620083987,0.00895783996880364,-0.0022796499926426234,0.00282777278666679,0.06336313592465874,-0.22785460948944092,0.1632724553346634,0.24181422591209412,1.8274526596069336,0.4750318229198456,-0.5909857749938965,-0.9102091789245605,-0.5001062750816345,-1.8791016340255737,0.6918807029724121,0.9268158078193665,-1.3165123462677002
0.4551758749999989,0.0034223749999999996,133.0,4.149936638967468,1.2885964478405445,1.1895627688995747,0.016619689977820547,-0.004387920964203075,0.005107529660309632,0.06334884999664177,-0.22775208950042725,0.16301041841506958,0.24763432145118713,1.8414554595947266,0.4867321848869324,-0.6035988330841064,-0.9558109045028687,-0.5033170580863953,-1.827774167060852,0.6410260200500488,0.8764061331748962,-1.3267827033996582
0.4551758749999989,0.0034223749999999996,133.0,4.170021578640093,-1.2103528922772457,1.0926181287729324,-0.014214535019000846,-0.0014967079200839484,-0.006578621957649926,0.06773131872198501,-0.039479196071624756,0.17967164516448975,-0.13528135418891907,0.994488000869751,0.41448095440864563,-1.119842767715454,0.2836330533027649,0.11477786302566528,-0.525754451751709,0.6185877323150635,0.6178696751594543,-1.110593557357788
0.4551758749999989,0.0034223749999999996,133.0,4.165264659819948,-1.2051000316892215,1.092911068735049,-0.007665354359081912,-0.0007766929945001314,-0.003579830358810399,0.06769203103629777,-0.04104653000831604,0.1824856847524643,-0.13509425520896912,0.9962934851646423,0.4094514846801758,-1.1168859004974365,0.2960723340511322,0.11096060276031494,-0.5255842804908752,0.6483602523803711,0.5854906439781189,-1.1080996990203857
0.4551758749999989,0.0034223749999999996,133.0,4.159516966358514,-1.1993524853041766,1.0927992878222759,-0.006298592802194145,-0.000643581141080663,-0.002941785350330846,0.06766894277608534,-0.04277676343917847,0.18368524312973022,-0.13605651259422302,0.9976333975791931,0.4101479649543762,-1.1104223728179932,0.30756422877311707,0.10897517204284668,-0.5204223394393921,0.6546106338500977,0.5628580451011658,-1.1072871685028076
0.4551758749999989,0.0034223749999999996,133.0,4.1530702856775354,-1.1932122495281074,1.0925839844074663,-0.005695696640792476,-0.0005975750599650321,-0.0026606287428877725,0.06765640783086957,-0.04451853036880493,0.1840033233165741,-0.1381596028804779,0.9977233409881592,0.41569826006889343,-1.1013243198394775,0.3264157474040985,0.10785818099975586,-0.5128813982009888,0.6586198806762695,0.5411878824234009,-1.1062023639678955
0.4551758749999989,0.0034223749999999996,133.0,4.145457612294559,-1.1860534051843004,1.0922529911321224,-0.005346026587387137,-0.0005782968549225617,-0.002497399875742765,0.06763795834615456,-0.04644659161567688,0.1839384138584137,-0.14098843932151794,0.9967416524887085,0.420720636844635,-1.0907502174377441,0.35128337144851685,0.10748165845870972,-0.5014326572418213,0.6623291969299316,0.5157141089439392,-1.1048047542572021
0.4551758749999989,0.0034223749999999996,133.0,4.136663358152063,-1.1800246347650007,1.089426156894528,-0.005097819741599066,-0.000623365939575717,-0.002376592962847918,0.06768912305545097,-0.04679596424102783,0.182846799492836,-0.14360889792442322,0.9926570057868958,0.42154407501220703,-1.0839085578918457,0.3749631345272064,0.10860377550125122,-0.484260231256485,0.662172794342041,0.494813472032547,-1.1018702983856201
0.4551758749999989,0.0034223749999999996,133.0,4.127385359619969,-1.171555451964569,1.088972804731686,-0.004894409121500142,-0.0006265309729915747,-0.0022835406758682673,0.067673069561921,-0.04884687066078186,0.18151754140853882,-0.14829427003860474,0.9882111549377441,0.43042701482772827,-1.0692508220672607,0.41526931524276733,0.1099993884563446,-0.4657513499259949,0.6665740013122559,0.4626375138759613,-1.0988723039627075
0.4551758749999989,0.0034223749999999996,133.0,4.117434254519339,-1.162064871652692,1.0886520596821274,-0.004743008768006561,-0.0006191887170475205,-0.002211118362161752,0.06766014137147008,-0.050890445709228516,0.18185022473335266,-0.15071645379066467,0.9876720309257507,0.43131834268569946,-1.0598254203796387,0.43581244349479675,0.10930362343788147,-0.4531055986881256,0.668524980545044,0.4360172748565674,-1.0975440740585327
0.4551758749999989,0.0034223749999999996,133.0,4.106613367139623,-1.1518977931927514,1.0882187684533893,-0.0046063106121502165,-0.0006323479397622075,-0.0021449576780757976,0.06764126980247674,-0.05349385738372803,0.1814516931772232,-0.1545531451702118,0.9846675992012024,0.43509265780448914,-1.0461766719818115,0.4703105688095093,0.10959899425506592,-0.43384018540382385,0.6720199584960938,0.3997509479522705,-1.0947842597961426
0.4551758749999989,0.0034223749999999996,133.0,4.094927925016358,-1.1410049223055927,1.087886240361452,-0.00446826610942641,-0.0006399326273002504,-0.0020812319443689426,0.06762742212431262,-0.0552850067615509,0.18004180490970612,-0.15905940532684326,0.9790005087852478,0.4401448965072632,-1.0330703258514404,0.5084692239761353,0.11159175634384155,-0.41258761286735535,0.674689769744873,0.368725448846817,-1.0911346673965454
0.4551758749999989,0.0034223749999999996,133.0,4.082633457875161,-1.1291529517228778,1.087684626576379,-0.004341091096152695,-0.0006352916860030672,-0.002021316822485048,0.06762157131027792,-0.05678877234458923,0.17976753413677216,-0.16192194819450378,0.975138247013092,0.4361560642719269,-1.023810863494873,0.5322575569152832,0.11298966407775879,-0.39471912384033203,0.6755354404449463,0.3394799828529358,-1.088575005531311
0.4551758749999989,0.0034223749999999996,133.0,4.069774919992228,-1.1166251128860063,1.087384723128535,-0.0042119733308167715,-0.0006329159942992576,-0.001956953772220577,0.0676182505812965,-0.057800084352493286,0.17956703901290894,-0.16414561867713928,0.9723308682441711,0.43456926941871643,-1.0170562267303467,0.5508875846862793,0.11328050494194031,-0.37925681471824646,0.674715518951416,0.3198724091053009,-1.0859750509262085
0.4551758749999989,0.0034223749999999996,133.0,4.056193870418839,-1.1029792093814785,1.087403485465825,-0.004100365124498154,-0.0006104566116498133,-0.0019044839015936242,0.06762921814204481,-0.05716404318809509,0.1791670173406601,-0.16565853357315063,0.9672678112983704,0.4282098710536957,-1.0139057636260986,0.5604882836341858,0.1158093810081482,-0.36607781052589417,0.6705114841461182,0.30685296654701233,-1.0833556652069092
0.4551758749999989,0.0034223749999999996,133.0,4.041977293314681,-1.0888116430876411,1.0873034238487302,-0.003956344756482789,-0.0005896150604766609,-0.0018391693333992636,0.06764939647888758,-0.05512183904647827,0.17826706171035767,-0.16671547293663025,0.9602005481719971,0.41898980736732483,-1.0144548416137695,0.5651562809944153,0.12000152468681335,-0.35380682349205017,0.6638250350952148,0.30014967918395996,-1.0804319381713867
0.4551758749999989,0.0034223749999999996,133.0,4.026495877566532,-1.0734891799957333,1.0872122896257563,-0.0037758427747735615,-0.0005680316546244277,-0.0017588384380052312,0.06765291715215133,-0.05485662817955017,0.17767444252967834,-0.16865843534469604,0.9541948437690735,0.414101243019104,-1.0095922946929932,0.5802596211433411,0.12243163585662842,-0.3376767635345459,0.6596870422363281,0.2788430452346802,-1.0768030881881714
0.4551758749999989,0.0034223749999999996,133.0,4.010233849343902,-1.0573804896198356,1.0872408737488954,-0.003607926865038684,-0.000542970463821012,-0.0016826354045757239,0.06765950682226998,-0.05439561605453491,0.177303284406662,-0.17001831531524658,0.9483336806297302,0.41022366285324097,-1.006333827972412,0.5921793580055237,0.12443530559539795,-0.3226405084133148,0.6546716690063477,0.25960642099380493,-1.0728895664215088
0.4551758749999989,0.0034223749999999996,133.0,3.9931181131085487,-1.040549534202225,1.0874371085362622,-0.003415898523157985,-0.0005158216825173829,-0.0015976064538707818,0.06766864993316264,-0.05428910255432129,0.17773714661598206,-0.1708667278289795,0.9442616105079651,0.4009097218513489,-1.0028777122497559,0.598644495010376,0.12575039267539978,-0.3099983036518097,0.6494541168212891,0.23583337664604187,-1.0700185298919678
0.4551758749999989,0.0034223749999999996,133.0,3.975530834928271,-1.0229649174212583,1.087594240178715,-0.003232402448810906,-0.000484095959585695,-0.00151807338699824,0.06769510456424305,-0.051284581422805786,0.17653746902942657,-0.17150667309761047,0.9355048537254333,0.389321506023407,-1.0061378479003906,0.600529134273529,0.1307278573513031,-0.29707497358322144,0.6393418312072754,0.22662946581840515,-1.0662529468536377
0.4551758749999989,0.0034223749999999996,133.0,3.9564017377661855,-1.0040384514161076,1.0877076941109292,-0.00304583109818703,-0.00045306007151696697,-0.001433334591185312,0.06769096387971799,-0.051729798316955566,0.1771906018257141,-0.1725481152534485,0.9313329458236694,0.38350215554237366,-1.000356912612915,0.6115254163742065,0.13085126876831055,-0.28044432401657104,0.6333162784576416,0.19651883840560913,-1.0620768070220947
0.4551758749999989,0.0034223749999999996,133.0,3.936790633286632,-0.984776955447299,1.0877170894568415,-0.0028765487092783752,-0.0004353402205441306,-0.0013575715523735695,0.06769760470326817,-0.051069438457489014,0.17638471722602844,-0.17460951209068298,0.9222420454025269,0.37317463755607605,-0.9952065944671631,0.6299929022789001,0.13436567783355713,-0.2572741210460663,0.6259868144989014,0.16563637554645538,-1.0564360618591309
0.4551758749999989,0.0034223749999999996,133.0,3.9164991530746294,-0.9645929136717354,1.0878446729220346,-0.0026555439186048044,-0.0004020206335039007,-0.0012583944766573136,0.06771248729172115,-0.04894685745239258,0.17638321220874786,-0.17463257908821106,0.9154888987541199,0.35858842730522156,-0.9961273670196533,0.6294211149215698,0.13724729418754578,-0.24349692463874817,0.6149437427520752,0.14852386713027954,-1.0524755716323853
0.4551758749999989,0.0034223749999999996,133.0,3.895025641898399,-0.9442193363595403,1.0879584460977316,-0.002436147233893342,-0.0003845432286615583,-0.0011579668605270256,0.06771261709591245,-0.050240159034729004,0.17399050295352936,-0.17943516373634338,0.9008007645606995,0.3617183566093445,-0.9827191829681396,0.6776631474494934,0.14151832461357117,-0.20592182874679565,0.6115598678588867,0.10091935843229294,-1.0420711040496826
0.4551758749999989,0.0034223749999999996,133.0,3.872822758050687,-0.9223640777351805,1.088012834987805,-0.002228666928244646,-0.00035055446767609977,-0.0010645944819428067,0.06772346370745042,-0.048583775758743286,0.1721264272928238,-0.1815650761127472,0.8883645534515381,0.3537634611129761,-0.9794816970825195,0.6976754665374756,0.1464051604270935,-0.181234210729599,0.6012074947357178,0.07537855207920074,-1.0345271825790405
0.4551758749999989,0.0034223749999999996,133.0,3.8497044996706955,-0.899594088165248,1.0879172923489107,-0.0020233174732389404,-0.00032213529826216587,-0.0009685447914781237,0.06772204256469984,-0.04784029722213745,0.17115917801856995,-0.18337079882621765,0.8775460124015808,0.34123072028160095,-0.9741780757904053,0.7164000868797302,0.15000921487808228,-0.15508979558944702,0.5915629863739014,0.042092956602573395,-1.0272340774536133
0.4551758749999989,0.0034223749999999996,133.0,3.8255602295124875,-0.8753727235871891,1.0879418595118746,-0.0018596163782979406,-0.00029024776845155704,-0.0008933664291469367,0.06771463420760057,-0.04751536250114441,0.1726916879415512,-0.18316030502319336,0.8741591572761536,0.32765740156173706,-0.9692628383636475,0.7155588269233704,0.14934241771697998,-0.14058396220207214,0.5799274444580078,0.012442389503121376,-1.0229872465133667
0.4551758749999989,0.0034223749999999996,133.0,3.800913352468576,-0.8508587080568969,1.0880731098403538,-0.0016576242334271451,-0.0002565093375767072,-0.0008014833041528832,0.06772256936032992,-0.045941561460494995,0.1739940643310547,-0.18218666315078735,0.8699961304664612,0.3115491271018982,-0.9683399200439453,0.7077646851539612,0.1496254801750183,-0.13000470399856567,0.5665545463562012,-0.008109940215945244,-1.0189412832260132
0.4551758749999989,0.0034223749999999996,133.0,3.7750752357648802,-0.8256115361568785,1.0882261275766494,-0.0014708561514270343,-0.0002309596665884878,-0.0007162118962413639,0.06771677874173608,-0.045303165912628174,0.1730712205171585,-0.18401682376861572,0.8579369783401489,0.2987406551837921,-0.9612894058227539,0.7271972298622131,0.15335041284561157,-0.10293107479810715,0.5555925369262695,-0.04338394105434418,-1.010525107383728
0.4551758749999989,0.0034223749999999996,133.0,3.7485449683439205,-0.8000131133584255,1.0883313350315131,-0.001286480241011273,-0.00020580084826348624,-0.0006303925817925424,0.06771603972942215,-0.04494720697402954,0.1703377664089203,-0.18739452958106995,0.8395715951919556,0.2916901707649231,-0.9519762992858887,0.7641271352767944,0.15905433893203735,-0.06368225067853928,0.5448565483093262,-0.08426102250814438,-0.9978567957878113
0.4551758749999989,0.0034223749999999996,133.0,3.721402416255684,-0.7733954158646968,1.0883065162475676,-0.0011340551676786643,-0.00018517834679737075,-0.0005581663600699659,0.06771512458831531,-0.044018715620040894,0.1690056473016739,-0.18927039206027985,0.8241828680038452,0.2755809724330902,-0.9434382915496826,0.7869616150856018,0.16331902146339417,-0.029393794015049934,0.5309052467346191,-0.12324349582195282,-0.9866340756416321
0.4551758749999989,0.0034223749999999996,133.0,3.693418185004382,-0.7459404983152008,1.08834786730518,-0.000998170321950881,-0.00016358002447072729,-0.000494719810375764,0.06771953596357572,-0.04306387901306152,0.16756536066532135,-0.19114983081817627,0.80735182762146,0.25799089670181274,-0.9336719512939453,0.810951292514801,0.16776174306869507,0.007465235888957977,0.5157167911529541,-0.1635870784521103,-0.9741379618644714
0.4551758749999989,0.0034223749999999996,133.0,3.664281839677038,-0.7176011862381113,1.0883611419693873,-0.0008232143433294452,-0.00013645339756988308,-0.00040970986063348317,0.06770722548990368,-0.04237458109855652,0.1658431440591812,-0.1929156482219696,0.7889682054519653,0.24447771906852722,-0.923468828201294,0.837619960308075,0.1717797815799713,0.04742180183529854,0.5001614093780518,-0.20382262766361237,-0.9596748948097229
0.4551758749999989,0.0034223749999999996,133.0,3.6343196949490575,-0.6885713171623239,1.0884884808512332,-0.0006901882661705306,-0.00011649264679488537,-0.00034560230491019115,0.06769444997975778,-0.04218372702598572,0.16397836804389954,-0.1948034167289734,0.7692418694496155,0.22906586527824402,-0.9106721878051758,0.8669524788856506,0.17622455954551697,0.09062570333480835,0.48511195182800293,-0.24703745543956757,-0.9442968368530273
0.4551758749999989,0.0034223749999999996,133.0,3.603475511440099,-0.6585035627456246,1.0886074270972907,-0.0005173461073357903,-8.816452618403266e-5,-0.0002613681525715237,0.0676767563272042,-0.04121893644332886,0.16247694194316864,-0.19582530856132507,0.7508113384246826,0.20996342599391937,-0.8996729850769043,0.8874599933624268,0.18023568391799927,0.12832537293434143,0.46819067001342773,-0.28528666496276855,-0.9297821521759033
0.4551758749999989,0.0034223749999999996,133.0,3.5718857636993664,-0.6272915955035954,1.0885987545369848,-0.0003244760430257892,-5.456731254005409e-5,-0.00016571053384606326,0.06766322922813603,-0.03897169232368469,0.16156835854053497,-0.19557146728038788,0.7348164319992065,0.1888488233089447,-0.8934361934661865,0.8952714800834656,0.18296626210212708,0.1577160805463791,0.4484884738922119,-0.3153549134731293,-0.9164199829101562
0.4551758749999989,0.0034223749999999996,133.0,3.539328118733733,-0.5953295664704777,1.0886254039732173,-0.0001514115892261061,-2.549995030916445e-5,-7.82680939840998e-5,0.06763921548770495,-0.03730809688568115,0.16026906669139862,-0.1957322359085083,0.7152408361434937,0.16804943978786469,-0.8836684226989746,0.909294605255127,0.18624311685562134,0.19524864852428436,0.42902350425720215,-0.3512842655181885,-0.9000303149223328
0.4551758749999989,0.0034223749999999996,133.0,3.5059187324176206,-0.5632258874287666,1.0889359017149447,1.676040810439154e-5,2.884032019425104e-6,8.77365361745976e-6,0.0676125745901187,-0.03642702102661133,0.15678618848323822,-0.19687509536743164,0.6858866810798645,0.1504444181919098,-0.8688657283782959,0.9397938251495361,0.19284653663635254,0.24934528768062592,0.41005516052246094,-0.38921672105789185,-0.8772534132003784
0.4551758749999989,0.0034223749999999996,133.0,3.471563241375129,-0.5298160040492088,1.0890082232152332,0.0001848950895125414,3.2058455078906725e-5,9.788822540328062e-5,0.06757463657834153,-0.03533211350440979,0.15462149679660797,-0.1973830908536911,0.6573947668075562,0.12703312933444977,-0.8506555557250977,0.9603042602539062,0.19770696759223938,0.3030502498149872,0.3885159492492676,-0.42945677042007446,-0.8535330891609192
0.4551758749999989,0.0034223749999999996,133.0,3.436160150045348,-0.4951006924096526,1.08875494252426,0.0003667025549810511,6.341871914735206e-5,0.0001964394847355893,0.06752154490681371,-0.03416469693183899,0.15357676148414612,-0.19760408997535706,0.6284162998199463,0.10300646722316742,-0.8294954299926758,0.9722709655761719,0.20062503218650818,0.35816940665245056,0.364898681640625,-0.47184234857559204,-0.8273422718048096
0.4551758749999989,0.0034223749999999996,133.0,3.399789082342761,-0.4598708587588448,1.088886800792287,0.00050906198044172,8.786487826585746e-5,0.00027682317886426497,0.0674660028600834,-0.03446441888809204,0.14886227250099182,-0.19749478995800018,0.5740363001823425,0.07682698965072632,-0.779700517654419,1.0011848211288452,0.2119767665863037,0.418707937002182,0.35250282287597656,-0.46931880712509155,-0.784563422203064
0.4551758749999989,0.0034223749999999996,133.0,3.3627611015698347,-0.42389362996898367,1.0888914622061179,0.0006695125240681896,0.00011600576169598082,0.00036866667677522784,0.06740773488307358,-0.037522196769714355,0.14164072275161743,-0.19376902282238007,0.49609607458114624,0.05456593260169029,-0.6830952167510986,1.0283111333847046,0.23296448588371277,0.46164369583129883,0.3677520751953125,-0.375779926776886,-0.728408932685852
0.4551758749999989,0.0034223749999999996,133.0,3.3249804006153565,-0.3871062874194533,1.0888580563844408,0.0008402805011612102,0.0001461275273829002,0.000467942115448616,0.06734992127980974,-0.04085361957550049,0.13426057994365692,-0.18659460544586182,0.4144432246685028,0.04124390706419945,-0.5588617324829102,1.0260623693466187,0.2600858807563782,0.48801761865615845,0.40207719802856445,-0.2290804386138916,-0.67481529712677
0.4551758749999989,0.0034223749999999996,133.0,3.2865023058029013,-0.3494804818299641,1.0886710857777713,0.0010343007221009428,0.0001811137567444801,0.0005813239102117213,0.06729614140468167,-0.10111099481582642,0.1475120633840561,-0.14122778177261353,0.30495119094848633,0.07020842283964157,-0.47824907302856445,0.6745895743370056,0.438617467880249,0.5324220657348633,1.0022709369659424,-0.23103037476539612,-0.7465232610702515
0.4551758749999989,0.0034223749999999996,133.0,3.24771421420364,-0.31113882944619903,1.0881903444619665,0.001219540070617006,0.00021705311820659177,0.0006861233251699301,0.0672628884993737,-0.11409762501716614,0.1358269602060318,-0.13455069065093994,0.19661928713321686,0.10257956385612488,-0.21880197525024414,0.6339982151985168,0.4795488119125366,0.5833675861358643,1.133098840713501,-0.15114620327949524,-0.6798839569091797
0.4551758749999989,0.0034223749999999996,133.0,3.207980150777118,-0.2723488734167321,1.0879071571332772,0.0013397960444387128,0.00024817885304954506,0.0007524450801116771,0.06723817661541935,-0.12171882390975952,0.125742569565773,-0.13269668817520142,0.10546009242534637,0.14671337604522705,0.007922649383544922,0.5733199715614319,0.5204865336418152,0.6352945566177368,1.2024128437042236,-0.1735796481370926,-0.6299567222595215
0.4551758749999989,0.0034223749999999996,133.0,3.167438829366676,-0.23216327810952986,1.0874039175154717,0.001493086272715321,0.00028370653449534853,0.0008389651227508943,0.06721662481678833,-0.1280883550643921,0.1249765008687973,-0.13615605235099792,0.05396069586277008,0.1889171302318573,0.2069106101989746,0.4867692291736603,0.5250827670097351,0.6635382175445557,1.2495238780975342,-0.3136337399482727,-0.5832611322402954
0.4551758749999989,0.0034223749999999996,133.0,3.1257813412063844,-0.19033878157127657,1.0863637867528946,0.001641807629263075,0.0003194707607560604,0.0009252074821250728,0.06718141178865779,-0.12655141949653625,0.12451121211051941,-0.1451631486415863,0.036513835191726685,0.2106107920408249,0.264223575592041,0.4471387267112732,0.5052430629730225,0.7054033279418945,1.249521017074585,-0.39151930809020996,-0.5459176301956177
0.4551758749999989,0.0034223749999999996,133.0,3.0847283706268955,-0.14745263188728966,1.0885928264506872,0.0017819320287199754,0.0003369798309497859,0.0010108543352467547,0.06711599301240971,-0.12265324592590332,0.12128780037164688,-0.15117600560188293,0.006433963775634766,0.21768835186958313,0.2888607978820801,0.4302443563938141,0.5053125023841858,0.7337937355041504,1.2391138076782227,-0.42354798316955566,-0.515631377696991
0.4551758749999989,0.0034223749999999996,133.0,3.041068138884559,-0.10488328873446552,1.0881894835245094,0.0018769673883324066,0.00038338888704788043,0.0010659337401798302,0.0670726611938173,-0.12413349747657776,0.11633100360631943,-0.15180262923240662,-0.012794554233551025,0.24989646673202515,0.3178367614746094,0.4626281261444092,0.531086802482605,0.8255653381347656,1.2141048908233643,-0.45574504137039185,-0.5219403505325317
0.4551758749999989,0.0034223749999999996,133.0,2.9927339801468236,-0.0592154676074616,1.0887816600929687,0.0018448983360813327,0.0003944212531013031,0.0010849832650678436,0.06689295487363953,-0.16170179843902588,0.14348047971725464,-0.1452072262763977,0.01993277668952942,0.2765728831291199,0.36016392707824707,0.5266221761703491,0.51983243227005,0.7235416769981384,1.4323334693908691,-0.5004174709320068,-0.5445154905319214
0.4551758749999989,0.0034223749999999996,133.0,2.9336407530716757,0.0048561674419413045,1.0862157709908122,0.0017249097350367701,-7.148936646839965e-5,0.001174662186443422,0.06609494872584326,-0.27869710326194763,0.2850034236907959,-0.1329737901687622,0.2941229045391083,0.024907387793064117,0.6378928422927856,-0.1949152946472168,0.6463990211486816,-1.2333911657333374,2.599673271179199,-0.7414751648902893,-0.9431560635566711
0.4551758749999989,0.0034223749999999996,133.0,2.865443477889056,0.043002331092550417,1.0866362080285892,0.0001055704691943669,-5.506206008858831e-6,7.21728068808796e-5,0.06478104771906695,-0.43364450335502625,0.18208733201026917,-0.1249413788318634,0.9134334921836853,-0.6793500781059265,0.9747492074966431,0.641372561454773,0.20627924799919128,-1.555196762084961,2.51357364654541,-0.41251981258392334,-1.119773030281067
0.4551758749999989,0.0034223749999999996,133.0,2.902965853364201,0.07636739049921655,1.09281357187726,-0.0017945088961736546,-3.2300062011239655e-5,-0.001176602537752138,0.06421033943067829,-0.45018497109413147,0.192257359623909,-0.06486934423446655,1.2586088180541992,-0.6836962699890137,0.9792910814285278,0.43327242136001587,0.15117299556732178,-1.676596999168396,2.466219425201416,-0.20710745453834534,-1.410732388496399
0.4551758749999989,0.0034223749999999996,133.0,2.929875908979586,0.1305281862331561,1.1101864857458479,-0.0021291957981949454,0.00034561054685091817,-0.0012424399195986534,0.06286099929493834,-0.5286657810211182,0.2347996085882187,0.048831164836883545,1.7427732944488525,-1.1867953538894653,0.9901280403137207,-0.3130424916744232,0.3818538188934326,-1.9457340240478516,2.439572811126709,0.11435826867818832,-2.1266980171203613
0.4551758749999989,0.0034223749999999996,133.0,2.964440250544707,0.18107911506048283,1.1188515147617608,-0.002176743032174725,0.0004787385457180393,-0.0011849206984133936,0.06220514238031646,-0.554663896560669,0.2552579939365387,0.082099050283432,1.8258687257766724,-1.4803560972213745,0.9848686456680298,-0.4668523073196411,0.502963125705719,-1.9998544454574585,2.3580994606018066,0.08105870336294174,-2.3314836025238037
0.4551758749999989,0.0034223749999999996,133.0,3.005663419557775,0.22650250176166856,1.122050653707363,-0.002076077960554352,0.0004560578486068448,-0.0010925518698305676,0.06205733193030071,-0.555899977684021,0.2570621967315674,0.09698662161827087,1.8950942754745483,-1.4567362070083618,0.9835628271102905,-0.419672429561615,0.45499905943870544,-2.000413417816162,2.291977882385254,0.13673219084739685,-2.3527281284332275
0.4551758749999989,0.0034223749999999996,133.0,3.046928483676143,0.2698898332944246,1.1243672212987095,-0.001914092846298656,0.00041977562735733513,-0.0009797464477753098,0.061984021195556814,-0.5555360317230225,0.25734207034111023,0.11197659373283386,1.9474891424179077,-1.4712623357772827,0.9749783277511597,-0.41579434275627136,0.42873650789260864,-1.9771263599395752,2.2156877517700195,0.2019699662923813,-2.3786685466766357
0.4551758749999989,0.0034223749999999996,133.0,3.0875449162877096,0.31191386856060865,1.1256992275044773,-0.0017059530164592535,0.0003668050417255696,-0.0008557204960764716,0.06197093617011279,-0.5613276958465576,0.2589728534221649,0.11566546559333801,1.9475090503692627,-1.535276174545288,1.0059210062026978,-0.3665161728858948,0.448207288980484,-1.9872812032699585,2.185544490814209,0.25303956866264343,-2.398560047149658
0.4551758749999989,0.0034223749999999996,133.0,3.1273392012157006,0.35300041245278047,1.1262944035337534,-0.0016117775065018008,0.00033416885831868227,-0.0007972064437418191,0.061968830176082276,-0.558864951133728,0.25736626982688904,0.12476423382759094,1.9745053052902222,-1.5410577058792114,1.0003072023391724,-0.3205900192260742,0.4199454188346863,-1.9870920181274414,2.112354278564453,0.3501582145690918,-2.3973426818847656
0.4551758749999989,0.0034223749999999996,133.0,3.1666438183085637,0.3932636706552602,1.1277772634027794,-0.001386752098055179,0.00027976384251473624,-0.0006704682604356973,0.06193157734086268,-0.5480906963348389,0.2486494481563568,0.13338157534599304,1.9867753982543945,-1.530848503112793,0.9782865047454834,-0.2893415093421936,0.37752389907836914,-1.9547457695007324,1.9998416900634766,0.4845640957355499,-2.3668606281280518
0.4551758749999989,0.0034223749999999996,133.0,3.205473342714205,0.4324760238904268,1.1296457589961044,-0.001213988570644169,0.00023773338199690284,-0.0005715286776873247,0.06191112873386965,-0.5184116363525391,0.22900690138339996,0.14666154980659485,2.0003223419189453,-1.4277771711349487,0.9026345014572144,-0.2971284091472626,0.27862873673439026,-1.8532116413116455,1.8116874694824219,0.6825358867645264,-2.2801761627197266
0.4551758749999989,0.0034223749999999996,133.0,3.2433999181967126,0.4706721243044753,1.1309415562592189,-0.0009913345368940227,0.00018878947952540663,-0.0004561379134604707,0.06191490962391072,-0.47838279604911804,0.2029702514410019,0.15583714842796326,1.9608792066574097,-1.312398910522461,0.8054714202880859,-0.3262736201286316,0.19069156050682068,-1.69959557056427,1.5919370651245117,0.901508092880249,-2.1511623859405518
0.4551758749999989,0.0034223749999999996,133.0,3.280902549101749,0.507728272034286,1.1321759278123278,-0.0007917556772569839,0.00014654635937887017,-0.00035601422544754804,0.06193995879617008,-0.4341162145137787,0.1764344573020935,0.1647898256778717,1.9067482948303223,-1.1646381616592407,0.6782232522964478,-0.3758963942527771,0.09709814190864563,-1.5300670862197876,1.3691461086273193,1.1091386079788208,-2.001671314239502
0.4551758749999989,0.0034223749999999996,133.0,3.3180716755781963,0.5436226663197701,1.1334780206997237,-0.0005988687742213417,0.00010905701498470607,-0.0002647311066619984,0.06198713736049823,-0.346789687871933,0.12362463772296906,0.18959811329841614,1.710379958152771,-0.146886944770813,0.04254317283630371,-0.6835900545120239,-0.33016741275787354,-1.9992316961288452,1.4290447235107422,1.057045340538025,-1.370883584022522
0.4551758749999989,0.0034223749999999996,133.0,3.355009713383353,0.5783218610513332,1.134805833494448,-0.0004107647944335213,7.534038026848897e-5,-0.00018062054603737066,0.06206356913665974,-0.3168571889400482,0.11607781052589417,0.19457682967185974,1.6837847232818604,-0.06931491196155548,-0.07025599479675293,-0.7324087619781494,-0.36199188232421875,-1.9086508750915527,1.263375997543335,1.1325979232788086,-1.3118689060211182
0.4551758749999989,0.0034223749999999996,133.0,3.3911830322457384,0.6122077726647022,1.1360639655342555,-0.00023016954963770217,4.223088467731699e-5,-0.00010005388708110599,0.062141018536783346,-0.29152819514274597,0.110804483294487,0.19895067811012268,1.655250072479248,-0.002722537610679865,-0.16788172721862793,-0.7697325348854065,-0.38593560457229614,-1.8227508068084717,1.1213874816894531,1.1639349460601807,-1.2588578462600708
0.4551758749999989,0.0034223749999999996,133.0,3.4259026408798188,0.6453305231517027,1.136508674766258,-6.843173069045361e-5,1.2620547623611084e-5,-2.9660028008314022e-5,0.06223629884953356,-0.2796291410923004,0.1100103110074997,0.19718751311302185,1.6326113939285278,0.02934534102678299,-0.21036767959594727,-0.777306854724884,-0.38421517610549927,-1.8149818181991577,1.0774378776550293,1.180191993713379,-1.2379844188690186
0.4551758749999989,0.0034223749999999996,133.0,3.45996579603178,0.6775891288629452,1.1375291905156597,0.00014730278446811398,-2.7914385523794e-5,6.37293938216603e-5,0.06231090629301551,-0.2757433354854584,0.11161848902702332,0.1963978111743927,1.6351957321166992,0.053041987121105194,-0.22623825073242188,-0.7876888513565063,-0.38630688190460205,-1.8418402671813965,1.067044973373413,1.1830930709838867,-1.2386040687561035
0.4551758749999989,0.0034223749999999996,133.0,3.49462433809494,0.7070146589303447,1.1370786313763155,0.0003468327152591607,-6.570396949272749e-5,0.00014692811214685682,0.06254209720653528,-0.26994070410728455,0.11343327164649963,0.20111390948295593,1.653454303741455,0.08155103772878647,-0.2581911087036133,-0.8091649413108826,-0.40156108140945435,-1.8413357734680176,1.0224931240081787,1.164577841758728,-1.241455316543579
0.4551758749999989,0.0034223749999999996,133.0,3.5269784436739644,0.7376779847255298,1.138153431471199,0.0005476554699603919,-0.00010538129674589545,0.00022972135183892088,0.06261209350575703,-0.26673009991645813,0.11534475535154343,0.2031554877758026,1.664221167564392,0.09567427635192871,-0.27601146697998047,-0.8254625797271729,-0.4067836403846741,-1.8498539924621582,1.0011417865753174,1.158014178276062,-1.2469571828842163
0.4551758749999989,0.0034223749999999996,133.0,3.559172512043696,0.7676078887862158,1.1400423082620574,0.0007866858663435594,-0.00015201940958334487,0.00032465417674034167,0.0626458181725398,-0.2646671235561371,0.11987919360399246,0.20482853055000305,1.677468180656433,0.1292639672756195,-0.29511404037475586,-0.8230788707733154,-0.4112170934677124,-1.8702541589736938,0.9916384220123291,1.137461543083191,-1.2557902336120605
0.4551758749999989,0.0034223749999999996,133.0,3.590586266171516,0.7966154959837711,1.1417916975796036,0.0009572359530454714,-0.00018567094914863109,0.00038853031022760776,0.06269783480567911,-0.2621566951274872,0.12332697212696075,0.20749446749687195,1.6916784048080444,0.1584126204252243,-0.3159949779510498,-0.8263871669769287,-0.4192317724227905,-1.8792246580123901,0.9727797508239746,1.1192656755447388,-1.2619438171386719
0.4551758749999989,0.0034223749999999996,133.0,3.620942242060623,0.8248628047918477,1.1436851926915237,0.00117510537195559,-0.00023211594427010115,0.00046958601401984705,0.06272960573080852,-0.2598559558391571,0.1258760243654251,0.20922574400901794,1.7020474672317505,0.17925545573234558,-0.33273887634277344,-0.8313876390457153,-0.4244076609611511,-1.8859479427337646,0.9572944641113281,1.108367681503296,-1.2671266794204712
0.4551758749999989,0.0034223749999999996,133.0,3.650162436900665,0.8520465822978638,1.1446769948864841,0.0013403226173204906,-0.0002696358676101785,0.0005308905252020844,0.06280190194348545,-0.2569308578968048,0.12610436975955963,0.20998206734657288,1.7056477069854736,0.18583744764328003,-0.3471214771270752,-0.8417514562606812,-0.42666125297546387,-1.8867106437683105,0.9418935775756836,1.113783359527588,-1.268508791923523
0.4551758749999989,0.0034223749999999996,133.0,3.6787294602447917,0.8784981198567364,1.1460339850056551,0.0015255357108980396,-0.00031159457268720994,0.0005975848678319831,0.06285531852093881,-0.25472864508628845,0.12764014303684235,0.21153393387794495,1.7130670547485352,0.20135726034641266,-0.3622748851776123,-0.8482624888420105,-0.43128514289855957,-1.8897768259048462,0.9275608062744141,1.1094229221343994,-1.271309733390808
0.4551758749999989,0.0034223749999999996,133.0,3.7066816225349264,0.9040608626826718,1.147042636932858,0.0017466913944632334,-0.00035810058322062384,0.0006790372268431918,0.06291937267626782,-0.2526666820049286,0.129778653383255,0.21288225054740906,1.7205177545547485,0.222718745470047,-0.37844204902648926,-0.8490898609161377,-0.43589210510253906,-1.8959940671920776,0.9161472320556641,1.102866530418396,-1.2741947174072266
0.4551758749999989,0.0034223749999999996,133.0,3.7334965441295065,0.9289532594272528,1.1483828746227507,0.001971760378824755,-0.00041174388525028037,0.0007584599950603305,0.06296047405097398,-0.2506432831287384,0.13207228481769562,0.215693861246109,1.731897234916687,0.23486821353435516,-0.39295268058776855,-0.8609195947647095,-0.4418226480484009,-1.8929574489593506,0.8951139450073242,1.086936116218567,-1.279552936553955
0.4551758749999989,0.0034223749999999996,133.0,3.75921296650017,0.9527241520381209,1.1491511784328854,0.0022211585720529805,-0.0004696038416729603,0.0008454543550360026,0.06301450561557172,-0.24848029017448425,0.13097217679023743,0.21466156840324402,1.7286007404327393,0.23074516654014587,-0.3995342254638672,-0.870521605014801,-0.43838751316070557,-1.8944629430770874,0.8908443450927734,1.1037567853927612,-1.2798118591308594
0.4551758749999989,0.0034223749999999996,133.0,3.7840737265372177,0.9758788174011802,1.1500637142048666,0.0024028210220030347,-0.0005167097941491557,0.0009099034816793598,0.06306967676398648,-0.2467987835407257,0.1320815235376358,0.21598950028419495,1.7339832782745361,0.24308735132217407,-0.41200804710388184,-0.8756722211837769,-0.4421192407608032,-1.8958251476287842,0.8798389434814453,1.1019295454025269,-1.2814793586730957
0.4551758749999989,0.0034223749999999996,133.0,3.8079414027724456,0.998250603788518,1.1509030440803139,0.002637177599525581,-0.000571248704140435,0.000989364318003231,0.06311855520187011,-0.24522027373313904,0.13309328258037567,0.21718981862068176,1.7387354373931885,0.25499242544174194,-0.42373132705688477,-0.8810047507286072,-0.44547510147094727,-1.8970534801483154,0.8697953224182129,1.1007763147354126,-1.2828972339630127
0.4551758749999989,0.0034223749999999996,133.0,3.831209823452299,1.0197429924972419,1.1518794450720895,0.0028721670890629065,-0.0006335705300530717,0.0010716232483655294,0.06316238325197686,-0.2436148226261139,0.13416217267513275,0.21795311570167542,1.7424579858779907,0.26172834634780884,-0.4333806037902832,-0.8871787190437317,-0.44632601737976074,-1.898086428642273,0.8611259460449219,1.0987094640731812,-1.28579580783844
0.4551758749999989,0.0034223749999999996,133.0,3.853602284338669,1.0404026776040283,1.1526879163420727,0.003122338215723068,-0.0006946408736880041,0.0011542601341543402,0.06320328292304926,-0.24198785424232483,0.13510823249816895,0.21820691227912903,1.74461829662323,0.2660025954246521,-0.44167351722717285,-0.8930079936981201,-0.44547587633132935,-1.8994823694229126,0.854466438293457,1.0978784561157227,-1.2888520956039429
0.4551758749999989,0.0034223749999999996,133.0,3.875470957809154,1.0600243987064724,1.1541491362966851,0.003374261280768145,-0.0007684619613330216,0.001233502855700868,0.06322720093818499,-0.24062779545783997,0.13513818383216858,0.21861538290977478,1.7460957765579224,0.2701027989387512,-0.4491298198699951,-0.9005644917488098,-0.44621866941452026,-1.89890718460083,0.8476719856262207,1.1023348569869995,-1.289624810218811
0.4551758749999989,0.0034223749999999996,133.0,3.895993468469136,1.0794021791140571,1.155688109480568,0.0035726310708823613,-0.0008208249001769129,0.0012881553192691246,0.06324805879519528,-0.23969325423240662,0.1379517912864685,0.22223857045173645,1.7589643001556396,0.2858887314796448,-0.4620037078857422,-0.908646821975708,-0.4547186493873596,-1.8937253952026367,0.8279452323913574,1.0799956321716309,-1.2938473224639893
0.4551758749999989,0.0034223749999999996,133.0,3.915840214680087,1.0974805946949324,1.1565747157460684,0.0037938071234659638,-0.0008806654355008536,0.001357086062352965,0.06327413466842417,-0.23843631148338318,0.13744018971920013,0.221009761095047,1.7554110288619995,0.2865830361843109,-0.4665207862854004,-0.9114009141921997,-0.4509451985359192,-1.8989380598068237,0.83052659034729,1.0937556028366089,-1.294208288192749
0.4551758749999989,0.0034223749999999996,133.0,3.9345152193584747,1.1147201225298273,1.1571088806738854,0.0039771564349472535,-0.0009450650479053484,0.0014216138529921528,0.0633290680943325,-0.23695796728134155,0.13722142577171326,0.2208804190158844,1.754551649093628,0.285955011844635,-0.47218847274780273,-0.9183576703071594,-0.4492350220680237,-1.8990521430969238,0.8261618614196777,1.0999358892440796,-1.2951240539550781
0.4551758749999989,0.0034223749999999996,133.0,3.952604482374308,1.1316257616965115,1.1582798730120545,0.004203530493364444,-0.0010023598531482098,0.0014874947382663326,0.06335455319684939,-0.23618581891059875,0.14076964557170868,0.22416451573371887,1.7667820453643799,0.30501967668533325,-0.48543691635131836,-0.9204613566398621,-0.4566550850868225,-1.8976951837539673,0.8101708889007568,1.0753666162490845,-1.2998194694519043
0.4551758749999989,0.0034223749999999996,133.0,3.9697268243567394,1.147210279975588,1.159095750118881,0.00439964219689835,-0.0010621484193607332,0.0015431118125364821,0.06338564214967295,-0.23456791043281555,0.1406112164258957,0.22559747099876404,1.7701259851455688,0.30717313289642334,-0.49277639389038086,-0.930779218673706,-0.45988428592681885,-1.8908857107162476,0.7952423095703125,1.0728358030319214,-1.2998993396759033
0.4551758749999989,0.0034223749999999996,133.0,3.9860080631403023,1.1618211788453177,1.1594340706951316,0.004591720123627242,-0.0011192804617299284,0.001602731626788833,0.06342726576974653,-0.23288753628730774,0.13933731615543365,0.22430828213691711,1.7646589279174805,0.3085339069366455,-0.498077392578125,-0.9321982264518738,-0.4567413926124573,-1.8940136432647705,0.7959702014923096,1.0896283388137817,-1.2977283000946045
0.4551758749999989,0.0034223749999999996,133.0,4.001597539398543,1.1756847555532153,1.1600625300504233,0.004741761980284091,-0.0011659965237608193,0.001645045810027747,0.06346347742967605,-0.23091161251068115,0.13837018609046936,0.22433653473854065,1.7630352973937988,0.3120315670967102,-0.5053012371063232,-0.9361571073532104,-0.4576151967048645,-1.8898125886917114,0.7865231037139893,1.0961614847183228,-1.2952866554260254
0.4551758749999989,0.0034223749999999996,133.0,4.016201195307174,1.188847952915594,1.160765650460962,0.004876436988891938,-0.0012127733285780763,0.0016772028940882588,0.06350048318817297,-0.22865960001945496,0.1384904980659485,0.2245788276195526,1.762778401374817,0.31367945671081543,-0.5131449699401855,-0.9399417042732239,-0.4570580720901489,-1.8841948509216309,0.7747025489807129,1.092640995979309,-1.2955994606018066
0.4551758749999989,0.0034223749999999996,133.0,4.030157879367136,1.2012904810711984,1.1618756642339907,0.005022472250205023,-0.001260374577995368,0.001713306130924018,0.06352186163256975,-0.22645998001098633,0.1377037912607193,0.22566154599189758,1.7641605138778687,0.31628626585006714,-0.5212905406951904,-0.9468117952346802,-0.45960378646850586,-1.8769848346710205,0.757282018661499,1.0908113718032837,-1.2944064140319824
0.4551758749999989,0.0034223749999999996,133.0,4.043333962070034,1.212852758999793,1.162535853739653,0.005178707898789754,-0.0013007548710710244,0.0017525548364156973,0.06354884119058982,-0.22477668523788452,0.13802947103977203,0.2278291881084442,1.7683886289596558,0.3268568217754364,-0.5323817729949951,-0.9496725797653198,-0.465263307094574,-1.8702737092971802,0.7395317554473877,1.0835902690887451,-1.292919397354126
0.4551758749999989,0.0034223749999999996,133.0,4.055415128929621,1.2242277947686038,1.163775768603966,0.005347952796442472,-0.0013320000880301744,0.0017835800725893092,0.06355015019292334,-0.22453919053077698,0.14063729345798492,0.22966602444648743,1.774759292602539,0.3478836119174957,-0.5426328182220459,-0.9421645402908325,-0.47047483921051025,-1.8737351894378662,0.733130693435669,1.0706007480621338,-1.2940551042556763
0.4551758749999989,0.0034223749999999996,133.0,4.06657742977357,1.235109114021746,1.1652061401525884,0.0055094896871374244,-0.0013673938702511322,0.0018171061848636743,0.06354727468958678,-0.22420772910118103,0.1444508284330368,0.2330157458782196,1.786068081855774,0.3665243089199066,-0.5539312362670898,-0.9393479228019714,-0.47751033306121826,-1.8720993995666504,0.7168667316436768,1.0413845777511597,-1.2981772422790527
0.4551758749999989,0.0034223749999999996,133.0,4.0768506948965495,1.244854726273992,1.1664557432916576,0.005690728460774758,-0.001412599382089735,0.0018609984580926291,0.06355792118886754,-0.22448086738586426,0.14844857156276703,0.23598787188529968,1.796364188194275,0.38839244842529297,-0.5641183853149414,-0.9331747889518738,-0.484743595123291,-1.8725816011428833,0.7061440944671631,1.0150740146636963,-1.3011236190795898
0.4551758749999989,0.0034223749999999996,133.0,4.085567560586068,1.255881531504275,1.168973458348204,0.005941507660020791,-0.0014797413375661273,0.0019529350104646936,0.06339377479570406,-0.22621917724609375,0.1518944948911667,0.23412463068962097,1.7976449728012085,0.40932413935661316,-0.5642597675323486,-0.9146069884300232,-0.48028260469436646,-1.8956263065338135,0.72760009765625,1.0142029523849487,-1.307011604309082
0.4551758749999989,0.0034223749999999996,133.0,4.094089370912036,1.2641692795714627,1.1702174265848067,0.006219713133538226,-0.0015513072750982459,0.0020302606451777496,0.06338856289866769,-0.22683987021446228,0.1559217870235443,0.2359771430492401,1.8057892322540283,0.43034204840660095,-0.5714600086212158,-0.9060216546058655,-0.48519742488861084,-1.8984131813049316,0.7231347560882568,0.9904690980911255,-1.310159683227539
0.4551758749999989,0.0034223749999999996,133.0,4.101619067507996,1.2714177749309794,1.170757363292009,0.006642933154486429,-0.0016471880245503018,0.002154616406862813,0.06339967116014238,-0.22674500942230225,0.15782509744167328,0.2365058958530426,1.8082081079483032,0.44525158405303955,-0.5775277614593506,-0.8989455103874207,-0.4870139956474304,-1.901106357574463,0.7209725379943848,0.9822820425033569,-1.3107712268829346
0.4551758749999989,0.0034223749999999996,133.0,4.108287424642061,1.2780448832061448,1.171868407007751,0.00734866936346987,-0.0018305662587109345,0.0023639146622875438,0.06339706299142972,-0.22684496641159058,0.1607394516468048,0.2399352490901947,1.8187241554260254,0.45885536074638367,-0.5847985744476318,-0.9028865098953247,-0.49469906091690063,-1.8904961347579956,0.7007653713226318,0.9508180022239685,-1.313382625579834
0.4551758749999989,0.0034223749999999996,133.0,4.11411908984904,1.283770013445935,1.1725523907603663,0.008952167877454304,-0.002228657721504587,0.0028450501291250375,0.0634027785954245,-0.22669872641563416,0.16259194910526276,0.24159720540046692,1.8239551782608032,0.4691573977470398,-0.5911664962768555,-0.9074211716651917,-0.4964960217475891,-1.8813523054122925,0.6877889633178711,0.929834246635437,-1.316690444946289
0.4551758749999989,0.0034223749999999996,133.0,4.119043136406467,1.288592198230409,1.1736564751721623,0.016611671105757803,-0.004292678602458218,0.005138374434777338,0.06338718690336281,-0.22662898898124695,0.16237249970436096,0.24744358658790588,1.837725043296814,0.4809645712375641,-0.6039092540740967,-0.9537886381149292,-0.4995545744895935,-1.8300830125808716,0.6368908882141113,0.8793489933013916,-1.3268697261810303
0.4551758749999989,0.0034223749999999996,133.0,4.138976806685347,-1.211003758572764,1.078746406606546,-0.014195796595558575,-0.0014790077531469715,-0.006591420684244846,0.0677598338846965,-0.038178950548172,0.1783675104379654,-0.13694530725479126,0.9870760440826416,0.4087936580181122,-1.1166608333587646,0.299450159072876,0.11908203363418579,-0.5115523338317871,0.6134679317474365,0.5987638235092163,-1.1074851751327515
0.4551758749999989,0.0034223749999999996,133.0,4.134368912559082,-1.2059238365398899,1.0790253830830923,-0.007654112564956281,-0.0007793171968773108,-0.003586006661637356,0.06772110735595555,-0.039631009101867676,0.18121472001075745,-0.13663753867149353,0.9888388514518738,0.4025861620903015,-1.1140680313110352,0.31083038449287415,0.11528381705284119,-0.5116516947746277,0.6428759098052979,0.5667232871055603,-1.1049634218215942
0.4551758749999989,0.0034223749999999996,133.0,4.128480491368502,-1.2000054266058435,1.0789446340648177,-0.0062908622635683975,-0.0006338241815819391,-0.002946711945756289,0.06769700833614017,-0.041432857513427734,0.18240691721439362,-0.13770148158073425,0.9901093244552612,0.4036335349082947,-1.1071922779083252,0.3230646252632141,0.11327564716339111,-0.5062228441238403,0.6492307186126709,0.5433251857757568,-1.1040594577789307
0.4551758749999989,0.0034223749999999996,133.0,4.122041382469787,-1.1938638293022137,1.0787471211815753,-0.005688789273661383,-0.0005878131636136767,-0.0026650437570667927,0.06768472702021375,-0.04317203164100647,0.18273776769638062,-0.13978609442710876,0.9900945425033569,0.40907618403434753,-1.0981926918029785,0.34171485900878906,0.11218103766441345,-0.498539537191391,0.653160810470581,0.5214805603027344,-1.1028900146484375
0.4551758749999989,0.0034223749999999996,133.0,4.114434275142836,-1.18671132438942,1.0784263099374425,-0.0053396178248392824,-0.0005686272316055142,-0.002501583458613284,0.067666205228615,-0.04509112238883972,0.1826845109462738,-0.14258068799972534,0.9889916181564331,0.4140082597732544,-1.0877854824066162,0.3662354052066803,0.11183175444602966,-0.48697227239608765,0.6567611694335938,0.49594590067863464,-1.1013964414596558
0.4551758749999989,0.0034223749999999996,133.0,4.105643120619971,-1.1806822159341102,1.0756110224204534,-0.00509173412154789,-0.0006137051157702929,-0.002380616629096253,0.06771812170971814,-0.04544559121131897,0.18160438537597656,-0.14516207575798035,0.9848688244819641,0.4148084223270416,-1.08109712600708,0.3895978331565857,0.11292698979377747,-0.4697495698928833,0.6565313339233398,0.47499391436576843,-1.0983941555023193
0.4551758749999989,0.0034223749999999996,133.0,4.096377395724879,-1.1722174982586637,1.075184583911175,-0.004888652511645443,-0.0006161802398534751,-0.0022874195812172104,0.06770254594864217,-0.04750034213066101,0.18029651045799255,-0.14978662133216858,0.9802632927894592,0.42357751727104187,-1.0667150020599365,0.42939823865890503,0.11435514688491821,-0.45108917355537415,0.660818338394165,0.44271939992904663,-1.0952656269073486
0.4551758749999989,0.0034223749999999996,133.0,4.086592598119972,-1.1628718373530695,1.0748559970993263,-0.004736736270284568,-0.0006163742730347143,-0.0022140653675166945,0.06769057067405018,-0.04946961998939514,0.180684432387352,-0.1520586609840393,0.979737401008606,0.42408332228660583,-1.0577847957611084,0.44860076904296875,0.1136249303817749,-0.4387282729148865,0.6624755859375,0.4168057143688202,-1.093913197517395
0.4551758749999989,0.0034223749999999996,133.0,4.075626402530089,-1.1525612609363072,1.0744608845353334,-0.004601048945969971,-0.0006213728624607705,-0.00214855927865838,0.06767145091764214,-0.052130550146102905,0.18027116358280182,-0.1559561789035797,0.9764724373817444,0.42807143926620483,-1.0439674854278564,0.4835764765739441,0.11398550868034363,-0.4189637005329132,0.666001558303833,0.3798336982727051,-1.0909578800201416
0.4551758749999989,0.0034223749999999996,133.0,4.0639530508613,-1.1416683324731258,1.074149238027042,-0.004463276235504342,-0.0006284044796867459,-0.0020847506968955922,0.06765792849728662,-0.05392050743103027,0.17888140678405762,-0.16039562225341797,0.9706725478172302,0.43299150466918945,-1.0311110019683838,0.5212329626083374,0.11598902940750122,-0.3975948393344879,0.6685280799865723,0.34881591796875,-1.0871829986572266
0.4551758749999989,0.0034223749999999996,133.0,4.051665636349219,-1.129819496366742,1.073964624824406,-0.004336289321307192,-0.0006235249725074493,-0.0020248039462855516,0.0676523024428027,-0.05542030930519104,0.17862801253795624,-0.1632092297077179,0.9667375087738037,0.42893853783607483,-1.0219509601593018,0.5446070432662964,0.11735814809799194,-0.37975192070007324,0.6692194938659668,0.31969204545021057,-1.0845212936401367
0.4551758749999989,0.0034223749999999996,133.0,4.03881762513766,-1.117283698703139,1.0736676602525135,-0.0042074315112012855,-0.0006209309667183417,-0.001960341040642709,0.06764906023907737,-0.056420087814331055,0.17843788862228394,-0.16538769006729126,0.9638968706130981,0.42721986770629883,-1.0153093338012695,0.5629066824913025,0.1176052987575531,-0.36427903175354004,0.6682353019714355,0.3001737594604492,-1.081844449043274
0.4551758749999989,0.0034223749999999996,133.0,4.025231373323424,-1.1036836730115225,1.0736474881441613,-0.0040956596909594665,-0.0006005445703584722,-0.0019080738996243,0.06765921286161412,-0.055738598108291626,0.17801129817962646,-0.16686758399009705,0.9587520360946655,0.42072463035583496,-1.0122756958007812,0.5723258852958679,0.12011027336120605,-0.3511497974395752,0.6638023853302002,0.28745806217193604,-1.0791218280792236
0.4551758749999989,0.0034223749999999996,133.0,4.010994921731518,-1.089427498929502,1.0735540767870002,-0.0039523168027213364,-0.0005784207193092923,-0.0018424082491081835,0.067678227187704,-0.053733110427856445,0.17710524797439575,-0.1679116189479828,0.9517179727554321,0.4114384949207306,-1.012726068496704,0.5771848559379578,0.12416356801986694,-0.33883920311927795,0.6570234298706055,0.28059321641921997,-1.0760921239852905
0.4551758749999989,0.0034223749999999996,133.0,3.995525163266256,-1.0741375112634073,1.073490721744811,-0.003771829694161056,-0.0005567232819708018,-0.0017622718299115205,0.06768253945296214,-0.05347561836242676,0.17653538286685944,-0.16979458928108215,0.9457079768180847,0.4064401090145111,-1.0079426765441895,0.591871976852417,0.12653982639312744,-0.32295283675193787,0.6528058052062988,0.2595321238040924,-1.072403907775879
0.4551758749999989,0.0034223749999999996,133.0,3.9792820329319047,-1.0580929756958224,1.073560658200497,-0.0036038436718108828,-0.0005317352584928374,-0.0016863304208209616,0.0676900044576451,-0.05302420258522034,0.17619483172893524,-0.17108449339866638,0.9398663640022278,0.4024304449558258,-1.0047638416290283,0.6032819747924805,0.12849494814872742,-0.30830898880958557,0.6477570533752441,0.24066177010536194,-1.068459153175354
0.4551758749999989,0.0034223749999999996,133.0,3.962139106433289,-1.0411965859460997,1.0737162302416396,-0.003412304836209103,-0.0005052329280958817,-0.001601037067716741,0.06769714637250032,-0.052916258573532104,0.17660409212112427,-0.17192766070365906,0.9357070922851562,0.3931085467338562,-1.0012388229370117,0.6099040508270264,0.12974727153778076,-0.2954237163066864,0.6424229145050049,0.2168845236301422,-1.0654399394989014
0.4551758749999989,0.0034223749999999996,133.0,3.944531025307298,-1.023597875381304,1.0738651056152482,-0.0032290231355195796,-0.0004739985688978725,-0.0015215786774519222,0.06772230810134958,-0.04994100332260132,0.1753924936056137,-0.1725267469882965,0.9269988536834717,0.38150060176849365,-1.004479169845581,0.6117810606956482,0.13460317254066467,-0.2827184796333313,0.6323037147521973,0.20791946351528168,-1.0616016387939453
0.4551758749999989,0.0034223749999999996,133.0,3.925397568380782,-1.0046682194656922,1.0739756922718078,-0.0030426381841092906,-0.0004433733486340117,-0.00143681937312438,0.06771757200977285,-0.050390541553497314,0.17606182396411896,-0.17351403832435608,0.9228385090827942,0.3756517767906189,-0.9987447261810303,0.6223556995391846,0.1346571147441864,-0.26628750562667847,0.6262297630310059,0.17817318439483643,-1.0573678016662598
0.4551758749999989,0.0034223749999999996,133.0,3.9057785243259966,-0.9854006229885035,1.0739855072240108,-0.002873557682663522,-0.0004259784590953797,-0.0013610676720714602,0.06772350371969908,-0.049742549657821655,0.17526651918888092,-0.17550799250602722,0.9137393236160278,0.3652632534503937,-0.9936459064483643,0.6404382586479187,0.13808000087738037,-0.2432882934808731,0.6188197135925293,0.14764396846294403,-1.0516271591186523
0.4551758749999989,0.0034223749999999996,133.0,3.8854680981861973,-0.9652096995269794,1.0740978104517585,-0.002652762157225807,-0.0003935273853965912,-0.0012618200147926177,0.0677373142892224,-0.048127204179763794,0.17479392886161804,-0.17627397179603577,0.9056827425956726,0.35464274883270264,-0.9924538135528564,0.6479881405830383,0.14100384712219238,-0.22575432062149048,0.6089472770690918,0.12656420469284058,-1.0464327335357666
0.4551758749999989,0.0034223749999999996,133.0,3.8639998822700106,-0.9448284965283169,1.074234411678399,-0.002433689446810487,-0.0003759822847478896,-0.0011612746148754738,0.06773728636690356,-0.04893118143081665,0.17289775609970093,-0.1801670491695404,0.8921932578086853,0.35350021719932556,-0.9813442230224609,0.6872087717056274,0.14508941769599915,-0.19212763011455536,0.6042337417602539,0.08357003331184387,-1.0370121002197266
0.4551758749999989,0.0034223749999999996,133.0,3.841783129689825,-0.9229523345444376,1.074288002255773,-0.002226478380868943,-0.0003424473457976574,-0.0010677262125481125,0.0677471281914067,-0.047307491302490234,0.17104804515838623,-0.1822059452533722,0.879829466342926,0.34544381499290466,-0.9782004356384277,0.7067363262176514,0.1498543620109558,-0.16775788366794586,0.5938761234283447,0.058544956147670746,-1.0294179916381836
0.4551758749999989,0.0034223749999999996,133.0,3.8186483553043264,-0.9001694397096874,1.0741962312797428,-0.002021324335522749,-0.0003145358479265521,-0.0009716391756241951,0.0677447956595687,-0.04658415913581848,0.1701006293296814,-0.1839296519756317,0.8690673112869263,0.33287182450294495,-0.972919225692749,0.7249677181243896,0.15333133935928345,-0.1419098824262619,0.5842020511627197,0.025784237310290337,-1.0220552682876587
0.4551758749999989,0.0034223749999999996,133.0,3.7944877124431966,-0.8759403895232585,1.0742152384553663,-0.0018577449720116558,-0.000283162612089208,-0.0008964567045484864,0.06773605695293881,-0.045859694480895996,0.17229382693767548,-0.18278855085372925,0.8679969310760498,0.3183578550815582,-0.9699487686157227,0.7150716781616211,0.1516205370426178,-0.13323688507080078,0.5714783668518066,0.0019069928675889969,-1.019060730934143
0.4551758749999989,0.0034223749999999996,133.0,3.7698200405111533,-0.851427613432843,1.074325769065825,-0.0016559040614622653,-0.00025035876721500046,-0.0008044669280106794,0.06774230711232081,-0.04471796751022339,0.1729714572429657,-0.18265730142593384,0.8618849515914917,0.3034219741821289,-0.9670319557189941,0.7156057357788086,0.15261313319206238,-0.11787113547325134,0.5593507289886475,-0.023232774809002876,-1.0137999057769775
0.4551758749999989,0.0034223749999999996,133.0,3.743969252391033,-0.8261729901043408,1.0744784093706472,-0.001469330132879382,-0.00022536924543547856,-0.0007190412165252438,0.06773525396813508,-0.04410168528556824,0.17207668721675873,-0.18439531326293945,0.8499465584754944,0.2905912399291992,-0.9600293636322021,0.7344210147857666,0.15618866682052612,-0.091230109333992,0.5484116077423096,-0.05782211571931839,-1.0053558349609375
0.4551758749999989,0.0034223749999999996,133.0,3.717430917697458,-0.8005564452149724,1.074593991371762,-0.0012852035224994098,-0.00020059741548065908,-0.0006329682854337031,0.06773337745120875,-0.04377296566963196,0.16938093304634094,-0.18764102458953857,0.8316746354103088,0.28339409828186035,-0.9508190155029297,0.7704936861991882,0.16176488995552063,-0.05235070735216141,0.53767991065979,-0.09795384109020233,-0.9926528930664062
0.4551758749999989,0.0034223749999999996,133.0,3.6902727247184397,-0.7739312673772549,1.07456778413365,-0.0011329488715177555,-0.00018043814440473488,-0.0005606081947560002,0.0677307906272013,-0.04286506772041321,0.16807511448860168,-0.18942327797412872,0.8164215683937073,0.26724812388420105,-0.9422769546508789,0.7926810383796692,0.16585975885391235,-0.01850554533302784,0.5237464904785156,-0.13616591691970825,-0.9813967943191528
0.4551758749999989,0.0034223749999999996,133.0,3.6622763899573347,-0.7464646566937289,1.0746061940204314,-0.0009972098712118648,-0.00015927013890005559,-0.0004969940044914061,0.06773359749007178,-0.04193565249443054,0.16667139530181885,-0.19119484722614288,0.799822211265564,0.24969324469566345,-0.9325451850891113,0.8158613443374634,0.17009833455085754,0.01773880049586296,0.5086171627044678,-0.17560184001922607,-0.9689309000968933
0.4551758749999989,0.0034223749999999996,133.0,3.6331284871999436,-0.7181188211616462,1.074619080288733,-0.0008224332185522063,-0.00013279879466995904,-0.00041168704187571057,0.06771986964587703,-0.041271328926086426,0.16499032080173492,-0.19284525513648987,0.781673789024353,0.2361849844455719,-0.9223694801330566,0.8416547775268555,0.17393919825553894,0.05709082633256912,0.4931488037109375,-0.2149152308702469,-0.9545265436172485
0.4551758749999989,0.0034223749999999996,133.0,3.603150876298137,-0.6890813092132791,1.0747508133582366,-0.0006895532695670625,-0.00011328526041504394,-0.00034737752011618895,0.0677050878129348,-0.0411052405834198,0.16317126154899597,-0.1946205496788025,0.762165904045105,0.22083310782909393,-0.9095203876495361,0.870110273361206,0.17821931838989258,0.09971906244754791,0.4781613349914551,-0.2572197914123535,-0.9392043352127075
0.4551758749999989,0.0034223749999999996,133.0,3.5722885495598597,-0.6590001224995273,1.0748636247746928,-0.0005168782633437226,-8.570225151187417e-5,-0.0002627761208622899,0.06768532140984826,-0.040172308683395386,0.16170698404312134,-0.19554930925369263,0.7439594268798828,0.20186862349510193,-0.8984296321868896,0.8899180293083191,0.1820598840713501,0.13685232400894165,0.46134257316589355,-0.2946285307407379,-0.9247445464134216
0.4551758749999989,0.0034223749999999996,133.0,3.5406732408195807,-0.6277686902530637,1.0748380299128983,-0.0003241863687975832,-5.299547704143334e-5,-0.00016664086226175445,0.06766918281982863,-0.03796583414077759,0.16076821088790894,-0.1953931450843811,0.7269001007080078,0.1806533932685852,-0.8916535377502441,0.8985612392425537,0.1849021315574646,0.16854922473430634,0.4414398670196533,-0.3262932598590851,-0.9104294776916504
0.4551758749999989,0.0034223749999999996,133.0,3.5080905403402474,-0.5957867407070757,1.0748517187776752,-0.00015128004683631597,-2.474719664213195e-5,-7.872635389725199e-5,0.06764245723087912,-0.036312222480773926,0.15934601426124573,-0.1957714706659317,0.7048437595367432,0.15925733745098114,-0.8807806968688965,0.9142524600028992,0.18862053751945496,0.2110087275505066,0.4213297367095947,-0.36523279547691345,-0.8919973373413086
0.4551758749999989,0.0034223749999999996,133.0,3.474663195711247,-0.5636636218536256,1.0751552085129747,1.674680703608347e-5,2.7975060691866617e-6,8.826475046630012e-6,0.06761341872864429,-0.03539597988128662,0.1557038575410843,-0.1969669759273529,0.6728683710098267,0.14058399200439453,-0.8646349906921387,0.9451972246170044,0.19569897651672363,0.2696690559387207,0.4015028476715088,-0.4044157564640045,-0.8670713901519775
0.4551758749999989,0.0034223749999999996,133.0,3.440286704057265,-0.5302302239476426,1.0752207817873989,0.000184755067484648,3.1063153286820625e-5,9.849748614849292e-5,0.06757274264232532,-0.03421354293823242,0.15319019556045532,-0.19759415090084076,0.6398950815200806,0.1155765950679779,-0.8440444469451904,0.9665489196777344,0.20137983560562134,0.33060431480407715,0.37858080863952637,-0.4456367790699005,-0.8396924734115601
0.4551758749999989,0.0034223749999999996,133.0,3.4048609223694175,-0.4954857040027413,1.0749606422062858,0.00036645278011107835,6.136916545606076e-5,0.00019767739475274812,0.06751687712295919,-0.034320980310440063,0.15032324194908142,-0.1978725641965866,0.5930899381637573,0.0892382264137268,-0.7994022369384766,0.989753246307373,0.2095215916633606,0.38258427381515503,0.36483216285705566,-0.454955130815506,-0.8011937141418457
0.4551758749999989,0.0034223749999999996,133.0,3.368482843651564,-0.4602071809779848,1.0750763488449504,0.0005088021309490303,8.487365661755312e-5,0.0002784660202649485,0.06745956677541226,-0.036464840173721313,0.1439196616411209,-0.19573986530303955,0.5223335027694702,0.06376413255929947,-0.7202925682067871,1.019174575805664,0.2267530858516693,0.43324002623558044,0.3687875270843506,-0.3961296081542969,-0.7482699155807495
0.4551758749999989,0.0034223749999999996,133.0,3.331463544057501,-0.4241915853686146,1.0750477961361877,0.0006692775703892319,0.00011202367891227055,0.0003706012287882928,0.06740188050763757,-0.03985470533370972,0.13683700561523438,-0.18951170146465302,0.44220754504203796,0.04461120814085007,-0.6077709197998047,1.02701997756958,0.2509646713733673,0.46545475721359253,0.3957643508911133,-0.2681027352809906,-0.6932345628738403
0.4551758749999989,0.0034223749999999996,133.0,3.293670635966586,-0.38732764730641905,1.0749365332546137,0.0008401796979109934,0.00014126278264377858,0.0004699340703397504,0.06734457268970918,-0.04282379150390625,0.12783201038837433,-0.17962676286697388,0.35365602374076843,0.034381020814180374,-0.46233654022216797,1.0012271404266357,0.28870129585266113,0.4659363925457001,0.4514772891998291,-0.07335507124662399,-0.6435093879699707
0.4551758749999989,0.0034223749999999996,133.0,3.2556417476394555,-0.3498073345275302,1.0744612313173918,0.0010350928770538153,0.00017750971243783565,0.0005801814468778434,0.0673075931969361,-0.1098126471042633,0.140329509973526,-0.1381385326385498,0.24327047169208527,0.08808279037475586,-0.3241844177246094,0.6521531343460083,0.4652004837989807,0.5226940512657166,1.0795800685882568,-0.11865051835775375,-0.7120659947395325
0.4551758749999989,0.0034223749999999996,133.0,3.2169034750567,-0.3114118304344004,1.073953502503844,0.0012204587699085217,0.00021332700479164828,0.0006840526910401799,0.06728134373643405,-0.12078839540481567,0.13549211621284485,-0.13724970817565918,0.16394786536693573,0.12283027172088623,-0.07015323638916016,0.5829375982284546,0.4856182634830475,0.5585583448410034,1.1763319969177246,-0.13295993208885193,-0.6537494659423828
0.4551758749999989,0.0034223749999999996,133.0,3.1772140210622126,-0.27260027388598307,1.0736640545350635,0.0013405449345308418,0.0002449070612690616,0.0007498574204981493,0.06726243571450466,-0.1281895637512207,0.1286357194185257,-0.13754317164421082,0.09057116508483887,0.16979071497917175,0.156341552734375,0.5081093311309814,0.5155935287475586,0.5985973477363586,1.2251415252685547,-0.2153765857219696,-0.610609769821167
0.4551758749999989,0.0034223749999999996,133.0,3.1366681099912266,-0.2323974872662109,1.0731885350430965,0.0014937314120463097,0.0002805653650840819,0.0008361128535102543,0.06724242812513535,-0.12656205892562866,0.12528711557388306,-0.1436781883239746,0.058178797364234924,0.19814512133598328,0.23255014419555664,0.4713175296783447,0.5110297203063965,0.6566866040229797,1.219264030456543,-0.2909889221191406,-0.5734833478927612
0.4551758749999989,0.0034223749999999996,133.0,3.09498528940156,-0.19055720992591135,1.0721924974152641,0.0016425077367286196,0.0003160246752426272,0.0009221295819836053,0.06720707162224371,-0.12417393922805786,0.12521480023860931,-0.15151625871658325,0.05360761284828186,0.20722471177577972,0.24562549591064453,0.4598482549190521,0.49033164978027344,0.6959488987922668,1.2107329368591309,-0.3286723494529724,-0.5481439828872681
0.4551758749999989,0.0034223749999999996,133.0,3.0539082277704743,-0.14766229195957098,1.0744449147115667,0.0017827134027403632,0.00033336349900636725,0.0010075554679615933,0.06714052828144014,-0.12117993831634521,0.12240298092365265,-0.15593436360359192,0.029686197638511658,0.20869600772857666,0.26579999923706055,0.4522794485092163,0.49170196056365967,0.7168872356414795,1.2002098560333252,-0.3468661606311798,-0.5253891348838806
0.4551758749999989,0.0034223749999999996,133.0,3.0102622732494777,-0.10509300026308431,1.0740359714591339,0.0018776719567189914,0.00037896924997507834,0.0010629301116962682,0.06709751924126241,-0.12333035469055176,0.11745301634073257,-0.15605229139328003,0.011431902647018433,0.2373911440372467,0.29526352882385254,0.4886827766895294,0.5184443593025208,0.8060470223426819,1.1790573596954346,-0.3683415949344635,-0.5336825251579285
0.4551758749999989,0.0034223749999999996,133.0,2.962070730469191,-0.05951941157626057,1.0745844929601822,0.0018458885008563112,0.000389538866254082,0.0010809876836945364,0.06692415874760861,-0.15992102026939392,0.14456959068775177,-0.15048828721046448,0.04574333131313324,0.2637346386909485,0.33176422119140625,0.5509617328643799,0.5061593651771545,0.7008414268493652,1.3905363082885742,-0.4098801612854004,-0.5567715764045715
0.4551758749999989,0.0034223749999999996,133.0,2.903540822595503,0.003985835862434902,1.0720195548568232,0.0017270832960267419,-6.375141099895524e-5,0.0011633218141839851,0.0661711784948697,-0.27244409918785095,0.2851475477218628,-0.13707056641578674,0.3191201388835907,0.024503279477357864,0.5800012350082397,-0.17807704210281372,0.6366968154907227,-1.2618838548660278,2.517937660217285,-0.6645769476890564,-0.9585294127464294
0.4551758749999989,0.0034223749999999996,133.0,2.8360244676519986,0.04241410824753623,1.0725499125256184,0.00010544754583395389,-5.250326668984362e-6,7.170103033756593e-5,0.06487686687077762,-0.42572829127311707,0.18117883801460266,-0.12640944123268127,0.9080179929733276,-0.6666392087936401,0.9440381526947021,0.6372418999671936,0.19865944981575012,-1.5535167455673218,2.4800171852111816,-0.372087299823761,-1.1066315174102783
0.4551758749999989,0.0034223749999999996,133.0,2.8736792585923405,0.0757780738372934,1.0785593301293532,-0.0017907650673817774,-3.844229868322213e-5,-0.0011701868085672116,0.06430845758176915,-0.44154515862464905,0.19121816754341125,-0.06704595685005188,1.2469744682312012,-0.6721717119216919,0.9488967657089233,0.43199074268341064,0.144067645072937,-1.6768792867660522,2.43141508102417,-0.1638302505016327,-1.3918743133544922
0.4551758749999989,0.0034223749999999996,133.0,2.900988373355535,0.12969241181725982,1.0955620830150223,-0.0021218223580734136,0.0003328284282119289,-0.0012386021895529071,0.06298726325756546,-0.5197528600692749,0.23285049200057983,0.04666942358016968,1.7253729104995728,-1.177161455154419,0.9642906188964844,-0.3012312650680542,0.3704163134098053,-1.951904058456421,2.404662609100342,0.16301268339157104,-2.097723960876465
0.4551758749999989,0.0034223749999999996,133.0,2.9354543644690336,0.18022095611769853,1.104207207250753,-0.0021692365545474025,0.0004677578760641727,-0.0011820384788731825,0.062327385498196025,-0.5467993021011353,0.25366735458374023,0.07984992861747742,1.8090059757232666,-1.4742796421051025,0.9649901390075684,-0.454057902097702,0.4932510554790497,-2.0129189491271973,2.327784538269043,0.12964527308940887,-2.3048243522644043
0.4551758749999989,0.0034223749999999996,133.0,2.9766933574534127,0.2256507483934781,1.10738230032842,-0.0020687429023729144,0.00044657016824906293,-0.001089867468516218,0.06217968562540781,-0.5481605529785156,0.2557196617126465,0.09470054507255554,1.8783409595489502,-1.4521069526672363,0.9645847082138062,-0.4087882339954376,0.44678351283073425,-2.01474666595459,2.2623157501220703,0.18416449427604675,-2.3276984691619873
0.4551758749999989,0.0034223749999999996,133.0,3.0179724317709304,0.2690339537042129,1.1096595763905996,-0.001907062926196458,0.00041154086002557805,-0.000977494665359885,0.062107687883417986,-0.5480982065200806,0.2562406063079834,0.10931399464607239,1.9304866790771484,-1.4662725925445557,0.9575443267822266,-0.40613096952438354,0.4220239520072937,-1.9920761585235596,2.1894397735595703,0.24486985802650452,-2.354919672012329
0.4551758749999989,0.0034223749999999996,133.0,3.058612178642281,0.31104854466701864,1.1109541933707803,-0.0016994749233574117,0.0003597996842827101,-0.0008539629561379884,0.062095250935422515,-0.5547152757644653,0.2585371434688568,0.1128593385219574,1.930949330329895,-1.5301313400268555,0.9913830757141113,-0.36034095287323,0.4438377618789673,-2.00142502784729,2.166478157043457,0.2850800156593323,-2.3775923252105713
0.4551758749999989,0.0034223749999999996,133.0,3.0984196790265437,0.3521333003877048,1.1115267733871093,-0.001605509897290788,0.00032790166747499814,-0.0007958437458614124,0.06209210417265368,-0.5538060665130615,0.25810298323631287,0.12189474701881409,1.9591076374053955,-1.5388624668121338,0.991545557975769,-0.31911760568618774,0.42059844732284546,-1.9992529153823853,2.104400157928467,0.3653770685195923,-2.3825559616088867
0.4551758749999989,0.0034223749999999996,133.0,3.1377112005069345,0.392409564600291,1.112975141088662,-0.001381221493838725,0.0002747919898602013,-0.0006696493491183957,0.06205322988282554,-0.5523554086685181,0.2561110258102417,0.1302221119403839,1.9820494651794434,-1.5544915199279785,0.9857345819473267,-0.279916375875473,0.39676403999328613,-2.0014984607696533,2.0351858139038086,0.4582754671573639,-2.3817403316497803
0.4551758749999989,0.0034223749999999996,133.0,3.176435884740714,0.4317005386828373,1.1148076564115046,-0.0012091206903575933,0.00023381955019895635,-0.0005713480039077305,0.06202709054741773,-0.5382486581802368,0.24706760048866272,0.14321663975715637,2.018399238586426,-1.5012972354888916,0.9406667947769165,-0.2646946907043457,0.3259514570236206,-1.9669110774993896,1.9109430313110352,0.6019811630249023,-2.3466796875
0.4551758749999989,0.0034223749999999996,133.0,3.2140985833514626,0.47007134147227875,1.1160182811452046,-0.0009873816508849803,0.00018582106645721408,-0.0004568897260072148,0.06201943972070608,-0.5044593811035156,0.22378922998905182,0.15224388241767883,1.9961317777633667,-1.4094929695129395,0.8643589019775391,-0.2801915407180786,0.2449221909046173,-1.8420181274414062,1.7127985954284668,0.8053939342498779,-2.2420144081115723
0.4551758749999989,0.0034223749999999996,133.0,3.251320798124436,0.5073204525087148,1.1172315952757648,-0.00078880653040709,0.00014442109142197865,-0.00035715914294531207,0.06202943838691841,-0.4642735421657562,0.19787481427192688,0.16101542115211487,1.9590510129928589,-1.278418779373169,0.755579948425293,-0.3182520270347595,0.15172719955444336,-1.6952359676361084,1.5035042762756348,1.0159810781478882,-2.110154151916504
0.4551758749999989,0.0034223749999999996,133.0,3.2880376976438246,0.5435006853227218,1.1183967697329356,-0.0005976617239736902,0.00010650923187316911,-0.0002648497591333526,0.062055230811175026,-0.4209071099758148,0.17253465950489044,0.1693190038204193,1.9036158323287964,-1.124417781829834,0.6251198053359985,-0.3739948272705078,0.06123051047325134,-1.530609130859375,1.2922711372375488,1.2011855840682983,-1.9625060558319092
0.4551758749999989,0.0034223749999999996,133.0,3.324548676811791,0.5784258586447926,1.1196066298121985,-0.00041057281531164014,7.288320394658732e-5,-0.0001803093673482616,0.06211119344628462,-0.3358144462108612,0.12460556626319885,0.1925446093082428,1.71848464012146,-0.10757874697446823,-0.006709098815917969,-0.694832980632782,-0.34159839153289795,-2.008326530456543,1.3680157661437988,1.0938053131103516,-1.3674861192703247
0.4551758749999989,0.0034223749999999996,133.0,3.3605382133205564,0.6123646487083789,1.1208124998578932,-0.00023007256338200484,4.084539439297831e-5,-0.00010005998546040947,0.06217909547659653,-0.304500550031662,0.11557524651288986,0.19446274638175964,1.6722571849822998,-0.030861571431159973,-0.11962032318115234,-0.7333004474639893,-0.3668574094772339,-1.9046835899353027,1.209549903869629,1.1639479398727417,-1.295471429824829
0.4551758749999989,0.0034223749999999996,133.0,3.3951553735590236,0.6455141648800989,1.1212491275380119,-6.841040444787873e-5,1.2209726860034322e-5,-2.968069685476334e-5,0.062268707199751264,-0.2836628258228302,0.11153127253055573,0.19748875498771667,1.6438909769058228,0.01194035355001688,-0.197340726852417,-0.769608736038208,-0.3803427815437317,-1.8339296579360962,1.096437931060791,1.1831110715866089,-1.2532122135162354
0.4551758749999989,0.0034223749999999996,133.0,3.4291575338266873,0.6777836089330976,1.1222284796451047,0.0001472515997716129,-2.701741912984451e-5,6.382222683749754e-5,0.06234175829176537,-0.27545949816703796,0.11171848326921463,0.19722899794578552,1.6374433040618896,0.04338276386260986,-0.22811365127563477,-0.78547203540802,-0.3850943446159363,-1.8390334844589233,1.0617234706878662,1.186522126197815,-1.2420432567596436
0.4551758749999989,0.0034223749999999996,133.0,3.46377081001978,0.707221315130537,1.1217485604067685,0.00034669019519220374,-6.36149377008685e-5,0.00014721408931947361,0.06257259640045272,-0.2691468894481659,0.11337389796972275,0.20145264267921448,1.653900384902954,0.07560268044471741,-0.26055002212524414,-0.8066502213478088,-0.4004476070404053,-1.8416194915771484,1.0169389247894287,1.168705701828003,-1.2430310249328613
0.4551758749999989,0.0034223749999999996,133.0,3.496091168196799,0.7378982229255283,1.1227989636698752,0.0005474168286301123,-0.00010206759654658394,0.00023025312250167008,0.06264242804146936,-0.26562514901161194,0.11516841500997543,0.20315632224082947,1.6634316444396973,0.09210631996393204,-0.278580904006958,-0.8225219249725342,-0.4056245684623718,-1.8522593975067139,0.9956457614898682,1.1628118753433228,-1.247368574142456
0.4551758749999989,0.0034223749999999996,133.0,3.528255408821733,0.7678173705972213,1.1246388357700983,0.0007862998257989999,-0.00014720229242534404,0.0003255211483428798,0.06267697300329302,-0.2633344829082489,0.11955899745225906,0.20455947518348694,1.6755623817443848,0.1271498054265976,-0.2977125644683838,-0.8196040987968445,-0.40989363193511963,-1.8741313219070435,0.9863617420196533,1.1432937383651733,-1.2552729845046997
0.4551758749999989,0.0034223749999999996,133.0,3.559672919823183,0.7967980839026888,1.1263488680778637,0.0009567043849485419,-0.0001797874047227627,0.0003897261681390556,0.06272970088991603,-0.26074621081352234,0.12293381989002228,0.20715954899787903,1.6893728971481323,0.1566493809223175,-0.31847238540649414,-0.8229783773422241,-0.41782015562057495,-1.8834881782531738,0.967491626739502,1.1253217458724976,-1.2611242532730103
0.4551758749999989,0.0034223749999999996,133.0,3.590029875065617,0.8250288552863653,1.1282354363201619,0.0011744521035478132,-0.00022498876369561106,0.00047105774764336653,0.0627619402757907,-0.25848379731178284,0.125447615981102,0.20888647437095642,1.699597954750061,0.17698341608047485,-0.33493494987487793,-0.8278505802154541,-0.42279160022735596,-1.8898990154266357,0.9521973133087158,1.1143708229064941,-1.266367793083191
0.4551758749999989,0.0034223749999999996,133.0,3.6192389205564988,0.8522145829059866,1.129232926964817,0.0013396133204464109,-0.0002615648203700863,0.0005325081911361784,0.06283455655984364,-0.25560691952705383,0.12568436563014984,0.209660142660141,1.7032126188278198,0.18330954015254974,-0.3490486145019531,-0.8383171558380127,-0.4249248504638672,-1.890575647354126,0.9369516372680664,1.1194437742233276,-1.267883539199829
0.4551758749999989,0.0034223749999999996,133.0,3.647813157885393,0.8786544652473683,1.13058715231303,0.0015247277784986436,-0.0003024806296982181,0.0005994046472050901,0.0628885959552508,-0.25343528389930725,0.12720531225204468,0.21121802926063538,1.7105728387832642,0.19851280748844147,-0.3639800548553467,-0.8448449373245239,-0.42941778898239136,-1.8934197425842285,0.922731876373291,1.1148829460144043,-1.2707568407058716
0.4551758749999989,0.0034223749999999996,133.0,3.675772209103112,0.9042010616711728,1.1315717246120438,0.0017456759718453185,-0.00034765041123161605,0.0006811670520989017,0.06295409366131129,-0.25138357281684875,0.12931275367736816,0.2125624716281891,1.7178900241851807,0.219560444355011,-0.3799471855163574,-0.8456651568412781,-0.4338884949684143,-1.8993849754333496,0.9114086627960205,1.1082463264465332,-1.2736432552337646
0.4551758749999989,0.0034223749999999996,133.0,3.7025719357278413,0.9290955097081259,1.1328732504087817,0.001970506867351803,-0.00039991991381897214,0.0007611582079338962,0.06299599032451239,-0.24937191605567932,0.13158176839351654,0.2153564989566803,1.7291626930236816,0.23148605227470398,-0.39435291290283203,-0.8574154376983643,-0.43968427181243896,-1.896236777305603,0.8905191421508789,1.0922868251800537,-1.2790303230285645
0.4551758749999989,0.0034223749999999996,133.0,3.7282740546645226,0.9528831638513009,1.1336367647507097,0.0022197828237636315,-0.0004563025859930301,0.0008485070553622721,0.0630501337528954,-0.2472412884235382,0.1304878145456314,0.2143213450908661,1.7258503437042236,0.22720809280872345,-0.40076303482055664,-0.8669537305831909,-0.43615084886550903,-1.8976728916168213,0.8863978385925293,1.1089128255844116,-1.2793715000152588
0.4551758749999989,0.0034223749999999996,133.0,3.7531242851743376,0.976036210762093,1.1345159430465122,0.002401239112531757,-0.0005023629102988867,0.0009134741324810354,0.06310579141957458,-0.24556580185890198,0.13157550990581512,0.2156391441822052,1.7311333417892456,0.2393428385257721,-0.41312718391418457,-0.8720529675483704,-0.4397595524787903,-1.8989262580871582,0.8754873275756836,1.1070606708526611,-1.2810635566711426
0.4551758749999989,0.0034223749999999996,133.0,3.7769762950201042,0.9984073988738842,1.1353108389208482,0.0026353129739147513,-0.0005553976374092946,0.0009935657268529165,0.06315559231668824,-0.2439868152141571,0.13256071507930756,0.2168218195438385,1.7357548475265503,0.2510642111301422,-0.4247627258300781,-0.8773089647293091,-0.4429858326911926,-1.900076150894165,0.8655529022216797,1.105962872505188,-1.2824807167053223
0.4551758749999989,0.0034223749999999996,133.0,3.800224910568614,1.0199087002639915,1.1362629039716965,0.0028700857396197215,-0.000616336709688964,0.0010765072972555264,0.06319950163861988,-0.24240049719810486,0.13362133502960205,0.21757772564888,1.7394176721572876,0.25764554738998413,-0.43428492546081543,-0.8834533095359802,-0.4437416195869446,-1.9010759592056274,0.8570406436920166,1.1038227081298828,-1.2854149341583252
0.4551758749999989,0.0034223749999999996,133.0,3.82260307454867,1.040571050288902,1.1370674259040081,0.0031201265648021148,-0.0006760511872579028,0.0011595742265102774,0.06324021728228649,-0.24079164862632751,0.1345640867948532,0.2178266942501068,1.7415488958358765,0.26177483797073364,-0.4424479007720947,-0.8892693519592285,-0.442818820476532,-1.902418613433838,0.8504946231842041,1.1028501987457275,-1.2885141372680664
0.4551758749999989,0.0034223749999999996,133.0,3.8444733620856453,1.0602013440478228,1.1385303600839316,0.0033719473227439654,-0.0007486166936100353,0.0012393210330597425,0.06326394405706642,-0.23944732546806335,0.13460078835487366,0.21824446320533752,1.7430564165115356,0.2657826840877533,-0.44983410835266113,-0.8968186974525452,-0.4435117244720459,-1.9017659425735474,0.8437044620513916,1.1070761680603027,-1.2893650531768799
0.4551758749999989,0.0034223749999999996,133.0,3.864983499051807,1.0795705182936626,1.1400297096438277,0.003570069585611651,-0.0007999115118380156,0.0012946035458225556,0.06328533399649348,-0.2385091483592987,0.13738994300365448,0.22185871005058289,1.7558516263961792,0.28142037987709045,-0.46270012855529785,-0.9048855900764465,-0.45191317796707153,-1.8965436220169067,0.8240258693695068,1.0847612619400024,-1.2936134338378906
0.4551758749999989,0.0034223749999999996,133.0,3.8848377170901873,1.0976475352973978,1.140932092657084,0.003791161736961123,-0.0008586345599170279,0.0013636354499223513,0.06331191373184582,-0.23726731538772583,0.1368848979473114,0.2206440269947052,1.7523281574249268,0.28199952840805054,-0.46709728240966797,-0.9076899290084839,-0.44811922311782837,-1.9016474485397339,0.826594352722168,1.0982756614685059,-1.294023036956787
0.4551758749999989,0.0034223749999999996,133.0,3.9034938503989207,1.114904286573201,1.1414551671886866,0.003974406982787901,-0.0009221063353624212,0.0014287036580522966,0.06336675433177148,-0.23580306768417358,0.13666939735412598,0.22050699591636658,1.751452922821045,0.28130748867988586,-0.4726901054382324,-0.9145908355712891,-0.4463484287261963,-1.9017797708511353,0.8223469257354736,1.1043713092803955,-1.2949824333190918
0.4551758749999989,0.0034223749999999996,133.0,3.9215882901569237,1.1317814030175701,1.142588627712646,0.00420042503721537,-0.000978150969287108,0.0014952385851803311,0.0633932448412626,-0.23500710725784302,0.14017941057682037,0.22378650307655334,1.7635658979415894,0.3002185821533203,-0.4859492778778076,-0.9167497754096985,-0.45369642972946167,-1.9002783298492432,0.8063020706176758,1.0798300504684448,-1.2996337413787842
0.4551758749999989,0.0034223749999999996,133.0,3.938702149442228,1.14736829535132,1.1433869553014355,0.004396322348411142,-0.0010369487693033736,0.0015514485949536408,0.06342471808499792,-0.2333974838256836,0.1400124728679657,0.2252161204814911,1.7669004201889038,0.30226877331733704,-0.4932861328125,-0.9270166158676147,-0.45686614513397217,-1.8934485912322998,0.7914350032806396,1.0772751569747925,-1.2997641563415527
0.4551758749999989,0.0034223749999999996,133.0,3.9549724738724716,1.1619873763142317,1.143708324864683,0.004588231298730842,-0.0010928170629405467,0.0016116253592321046,0.06346678849796583,-0.23172226548194885,0.1387404352426529,0.2239215075969696,1.7613933086395264,0.3035954236984253,-0.49852919578552246,-0.9284069538116455,-0.4536680579185486,-1.896594762802124,0.7922604084014893,1.0940197706222534,-1.2976069450378418
0.4551758749999989,0.0034223749999999996,133.0,3.970553055782875,1.1758655928347064,1.144341097474819,0.004738285445692934,-0.0011387494455160848,0.0016542349987323766,0.06350264198860034,-0.22976860404014587,0.13778840005397797,0.22395607829093933,1.7598235607147217,0.30704182386398315,-0.5056953430175781,-0.9323140978813171,-0.4544939398765564,-1.8924387693405151,0.7829060554504395,1.100377082824707,-1.2952674627304077
0.4551758749999989,0.0034223749999999996,133.0,3.985144976994628,1.1890246654284875,1.1450383243242743,0.004872863454313042,-0.0011851432015841212,0.0016866910571993405,0.0635396761784534,-0.22753509879112244,0.1379145383834839,0.22420671582221985,1.7596206665039062,0.30869168043136597,-0.5135073661804199,-0.9361543655395508,-0.4539284110069275,-1.8869082927703857,0.7711849212646484,1.096738576889038,-1.2956414222717285
0.4551758749999989,0.0034223749999999996,133.0,3.9990846562903712,1.2014853327591237,1.146150660619141,0.005018972756205236,-0.0012320353123914875,0.0017230987517380945,0.06356041926454252,-0.22537091374397278,0.13715170323848724,0.22530189156532288,1.761130690574646,0.3112700879573822,-0.5216162204742432,-0.9429875016212463,-0.45643532276153564,-1.8799195289611816,0.7539033889770508,1.0947562456130981,-1.2946147918701172
0.4551758749999989,0.0034223749999999996,133.0,4.0122736998707085,1.2130382589955477,1.1468031143350323,0.005175131611817364,-0.0012714786565648196,0.00176274957596732,0.06358738006436065,-0.22369354963302612,0.13747484982013702,0.22749075293540955,1.7654057741165161,0.32175302505493164,-0.5327255725860596,-0.9458831548690796,-0.46207165718078613,-1.8731974363327026,0.7361152172088623,1.0874217748641968,-1.2931969165802002
0.4551758749999989,0.0034223749999999996,133.0,4.024370764341799,1.224384786525295,1.148008494908052,0.005344169480713132,-0.0013016840516818717,0.0017942800500073512,0.06358903912429163,-0.22343683242797852,0.14005665481090546,0.22933700680732727,1.7716829776763916,0.3426608145236969,-0.5429773330688477,-0.9384580254554749,-0.46721959114074707,-1.8765639066696167,0.7296435832977295,1.074432373046875,-1.2943031787872314
0.4551758749999989,0.0034223749999999996,133.0,4.0355447340960335,1.2352468195452515,1.1494395620606856,0.00550585488476686,-0.0013361521888759099,0.001827564672819318,0.06358596332519581,-0.22332581877708435,0.1440153419971466,0.23205438256263733,1.7815959453582764,0.36296042799949646,-0.55361008644104,-0.932583212852478,-0.4729933738708496,-1.8781578540802002,0.7186753749847412,1.0482300519943237,-1.298335313796997
0.4551758749999989,0.0034223749999999996,133.0,4.045834935034801,1.2449644568378462,1.150650348558018,0.005686802025927846,-0.001380298388606158,0.0018722528020907495,0.06359697557430574,-0.22335758805274963,0.1478458046913147,0.23570111393928528,1.7932395935058594,0.38302043080329895,-0.5644726753234863,-0.9297582507133484,-0.4814186692237854,-1.8752970695495605,0.7024524211883545,1.018615484237671,-1.3013923168182373
0.4551758749999989,0.0034223749999999996,133.0,4.054561618430379,1.2559698499844236,1.1531717066620828,0.005937728690068712,-0.001445881307071192,0.0019641977037035776,0.06343213881414576,-0.22509896755218506,0.1512930691242218,0.233846515417099,1.794455647468567,0.40383535623550415,-0.5644493103027344,-0.9112780690193176,-0.4768899083137512,-1.898297905921936,0.723891019821167,1.0175613164901733,-1.3072819709777832
0.4551758749999989,0.0034223749999999996,133.0,4.063108993631692,1.2642219334292997,1.154387421340445,0.006215696764192925,-0.0015157660451375627,0.002042437934023792,0.06342695065569462,-0.22569677233695984,0.1552891731262207,0.2357119619846344,1.8024784326553345,0.424740195274353,-0.571664571762085,-0.902812123298645,-0.48175662755966187,-1.9009326696395874,0.7193105220794678,0.9938186407089233,-1.3103580474853516
0.4551758749999989,0.0034223749999999996,133.0,4.070657500298471,1.271441402926534,1.154881055707201,0.006638199355796532,-0.0016091199653306724,0.0021682348862946555,0.06343912656219211,-0.22557100653648376,0.15715911984443665,0.23624470829963684,1.80473792552948,0.4395639896392822,-0.5777716636657715,-0.8958237767219543,-0.48351210355758667,-1.9035377502441406,0.717069149017334,0.985755205154419,-1.3108718395233154
0.4551758749999989,0.0034223749999999996,133.0,4.077341267815248,1.2780590463463857,1.1560287466369172,0.007344255561075132,-0.001788649015864255,0.00237751436620295,0.06343541516729377,-0.22569727897644043,0.16010048985481262,0.23971453309059143,1.8153799772262573,0.4531206488609314,-0.5850062370300293,-0.8999830484390259,-0.4912063479423523,-1.8929007053375244,0.6967589855194092,0.9538812637329102,-1.313596248626709
0.4551758749999989,0.0034223749999999996,133.0,4.083187810686496,1.2837620235363112,1.1566698935237916,0.008946599108843586,-0.00217714883935758,0.0028624703237412757,0.06344147450665769,-0.22553086280822754,0.1619289070367813,0.2413797676563263,1.8204426765441895,0.4633782207965851,-0.5914485454559326,-0.9047103524208069,-0.4929289221763611,-1.8837077617645264,0.6837279796600342,0.9330397844314575,-1.3168094158172607
0.4551758749999989,0.0034223749999999996,133.0,4.088144749930152,1.28858699614255,1.1577601089991265,0.016603516500117523,-0.004195953313265213,0.005169165935232947,0.06342550783775927,-0.22548836469650269,0.16174891591072083,0.2472567856311798,1.8339630365371704,0.47526901960372925,-0.6043441295623779,-0.9518631100654602,-0.49584347009658813,-1.8324737548828125,0.6327495574951172,0.8824900388717651,-1.3268742561340332
0.4551758749999989,0.0034223749999999996,133.0,4.107922814713623,-1.211636745652302,1.064874635074712,-0.014177395646899758,-0.0014595764539413144,-0.006604736900127554,0.06778751599373405,-0.03690710663795471,0.17708270251750946,-0.13853749632835388,0.9797224402427673,0.40314099192619324,-1.1136047840118408,0.3147927224636078,0.12324053049087524,-0.49764683842658997,0.6083314418792725,0.5800308585166931,-1.10428786277771
0.4551758749999989,0.0034223749999999996,133.0,4.103315511646776,-1.20656011407119,1.0651755080843932,-0.007644777308737923,-0.0007668980558399959,-0.0035924468431893166,0.06774834241415378,-0.03833794593811035,0.1799500584602356,-0.13822758197784424,0.9814635515213013,0.3963150382041931,-1.1108877658843994,0.3260819911956787,0.1194237768650055,-0.4978694021701813,0.6376039981842041,0.5476445555686951,-1.1017231941223145
0.4551758749999989,0.0034223749999999996,133.0,4.09743417970142,-1.2006464665767476,1.0650925733192034,-0.006283244553459966,-0.0006234704621869986,-0.0029518969383157136,0.06772424097838359,-0.04011830687522888,0.18114924430847168,-0.13927435874938965,0.9826465845108032,0.3971773087978363,-1.1040842533111572,0.3380862772464752,0.11743119359016418,-0.492357462644577,0.6438395977020264,0.5242026448249817,-1.100746989250183
0.4551758749999989,0.0034223749999999996,133.0,4.0910047686649635,-1.194513888921468,1.0649082755862473,-0.005681858090097461,-0.0005779077466246697,-0.00266978467745103,0.06771241181777016,-0.04184809327125549,0.1814909428358078,-0.14133700728416443,0.9825209975242615,0.40248873829841614,-1.095203161239624,0.35649940371513367,0.11636814475059509,-0.484540194272995,0.647681474685669,0.5022298693656921,-1.099496841430664
0.4551758749999989,0.0034223749999999996,133.0,4.083406461136732,-1.1873601417639454,1.0646032008019526,-0.005333265826757773,-0.0005584885425428063,-0.00250589474164835,0.0676940159462964,-0.0437643826007843,0.18145428597927094,-0.14409637451171875,0.9813124537467957,0.407328337430954,-1.0849518775939941,0.3806711435317993,0.11603271961212158,-0.47286444902420044,0.6511821746826172,0.4766177833080292,-1.0979092121124268
0.4551758749999989,0.0034223749999999996,133.0,4.0746171833167795,-1.1813355340042833,1.061803646378978,-0.005085644467412406,-0.0006036189795774814,-0.002384841630799684,0.06774681174596896,-0.04412412643432617,0.1803862601518631,-0.1466408371925354,0.9771445989608765,0.4080958664417267,-1.0784060955047607,0.40373432636260986,0.11710885167121887,-0.455596387386322,0.6508841514587402,0.45559677481651306,-1.0948411226272583
0.4551758749999989,0.0034223749999999996,133.0,4.065361090599339,-1.172867855549522,1.0614009958949755,-0.004882945884032056,-0.0006053981708325088,-0.0022914630864595427,0.06773149432347249,-0.04618236422538757,0.1790989488363266,-0.15120631456375122,0.9723821878433228,0.41675084829330444,-1.064286708831787,0.44305288791656494,0.11856859922409058,-0.43676257133483887,0.6550607681274414,0.42322126030921936,-1.091583013534546
0.4551758749999989,0.0034223749999999996,133.0,4.055584667271169,-1.1635285420050292,1.0610827738888813,-0.004731213049248172,-0.0006056099553771524,-0.0022180519502580276,0.0677197716348648,-0.048140913248062134,0.17950382828712463,-0.15344396233558655,0.9717735052108765,0.4171832799911499,-1.055473804473877,0.4618948698043823,0.11784324049949646,-0.42436301708221436,0.656602144241333,0.39735791087150574,-1.0901516675949097
0.4551758749999989,0.0034223749999999996,133.0,4.0446318947988145,-1.1532165186656262,1.0607046966875253,-0.004595804634605352,-0.0006100783044126156,-0.002152393612333422,0.06770099074213658,-0.05079469084739685,0.17911535501480103,-0.1572827398777008,0.968364417552948,0.42107000946998596,-1.0418670177459717,0.4963304400444031,0.11822503805160522,-0.4044707119464874,0.6599850654602051,0.3604235053062439,-1.087071180343628
0.4551758749999989,0.0034223749999999996,133.0,4.03296911743294,-1.1423284269962048,1.0604226956594613,-0.004458272489208726,-0.0006164343758738961,-0.00208858085194905,0.06768783589654276,-0.05258640646934509,0.1777494251728058,-0.16165626049041748,0.9624353647232056,0.42585450410842896,-1.0292422771453857,0.5334892868995667,0.12023979425430298,-0.38300785422325134,0.6623849868774414,0.3293970823287964,-1.0831749439239502
0.4551758749999989,0.0034223749999999996,133.0,4.020689544071182,-1.1304789219319296,1.0602472816668853,-0.0043315126421031875,-0.0006113962758282831,-0.002028550536097454,0.06768224869105516,-0.05407819151878357,0.17751474678516388,-0.1644178032875061,0.9584372639656067,0.42173153162002563,-1.0201914310455322,0.5564295649528503,0.12157481908798218,-0.36519619822502136,0.6629171371459961,0.3004378080368042,-1.0804164409637451
0.4551758749999989,0.0034223749999999996,133.0,4.0078460903918325,-1.117946733504596,1.0599597509949088,-0.004202830871502724,-0.0006087637648878784,-0.0019640954779768273,0.06767910752514994,-0.0550675094127655,0.17733533680438995,-0.1665550172328949,0.9555585980415344,0.41989049315452576,-1.0136539936065674,0.5744127035140991,0.1217896044254303,-0.3497355282306671,0.6617856025695801,0.2810230851173401,-1.0776679515838623
0.4551758749999989,0.0034223749999999996,133.0,3.994259204986372,-1.1043538478260744,1.0599205137269339,-0.00409112358278485,-0.0005891279787226375,-0.001911826954980635,0.06768886597679422,-0.054367005825042725,0.17689743638038635,-0.16800135374069214,0.9503875374794006,0.4132697284221649,-1.0106847286224365,0.5836684703826904,0.1242324709892273,-0.3366679847240448,0.6571719646453857,0.26850107312202454,-1.0748581886291504
0.4551758749999989,0.0034223749999999996,133.0,3.9800132432024973,-1.0900551420720217,1.0598199926236116,-0.003948169115337366,-0.0005669171388315765,-0.001845850910378841,0.06770732946809005,-0.0523742139339447,0.17597977817058563,-0.16902261972427368,0.9433650970458984,0.40389421582221985,-1.011101484298706,0.5886130332946777,0.1281702220439911,-0.32436543703079224,0.6502673625946045,0.2616163194179535,-1.0717257261276245
0.4551758749999989,0.0034223749999999996,133.0,3.964548051958937,-1.0747805566800581,1.0597741746561036,-0.003767851352033567,-0.0005451883562471374,-0.0017658529309932036,0.06771141127538693,-0.052123844623565674,0.1754259169101715,-0.1708519458770752,0.9373456835746765,0.39880260825157166,-1.0063819885253906,0.6029635071754456,0.13048970699310303,-0.3086595833301544,0.6459670066833496,0.24077215790748596,-1.0679700374603271
0.4551758749999989,0.0034223749999999996,133.0,3.9482989144413807,-1.0587180647374825,1.0598440366556419,-0.0035998545006984367,-0.0005206858490890464,-0.001690291901862494,0.06771837718100827,-0.05167993903160095,0.17508564889431,-0.17209994792938232,0.9314717054367065,0.3946913480758667,-1.0032436847686768,0.6142030954360962,0.13238534331321716,-0.29404136538505554,0.6408405303955078,0.22204259037971497,-1.0639337301254272
0.4551758749999989,0.0034223749999999996,133.0,3.9311510180458984,-1.0418369645322223,1.059995521156262,-0.003408685822485685,-0.0004945441888103855,-0.0016046695518844036,0.06772494061303577,-0.05157032608985901,0.17549817264080048,-0.1729106307029724,0.9272856116294861,0.38533294200897217,-0.9996945858001709,0.6206440925598145,0.13358527421951294,-0.2812800705432892,0.6354379653930664,0.198521688580513,-1.0608363151550293
0.4551758749999989,0.0034223749999999996,133.0,3.913524384079778,-1.0242250863211835,1.060135346538092,-0.003225629125398736,-0.00046379081783965554,-0.0015252366745143373,0.06774888529088839,-0.048630356788635254,0.17428377270698547,-0.17345592379570007,0.918694019317627,0.37373971939086914,-1.0029487609863281,0.622356653213501,0.1382991373538971,-0.2689455449581146,0.6253464221954346,0.18996189534664154,-1.0569725036621094
0.4551758749999989,0.0034223749999999996,133.0,3.8943870103519003,-1.005290238925165,1.0602444361161067,-0.003039445222697014,-0.0004335301596421489,-0.0014404096379645307,0.06774364256772902,-0.049083441495895386,0.1749667376279831,-0.17439588904380798,0.9145292639732361,0.3678421378135681,-0.9972362518310547,0.6325839161872864,0.13829103112220764,-0.25265440344810486,0.619225263595581,0.16051852703094482,-1.0526719093322754
0.4551758749999989,0.0034223749999999996,133.0,3.874759460345192,-0.9860159627370677,1.0602547901104202,-0.0028705597109841482,-0.00041646426835718523,-0.0013646758441651326,0.06774886403306782,-0.04844889044761658,0.1741836965084076,-0.176322340965271,0.9054365754127502,0.3573930859565735,-0.9921822547912598,0.6502719521522522,0.14161881804466248,-0.22984854876995087,0.6117489337921143,0.1303592026233673,-1.0468432903289795
0.4551758749999989,0.0034223749999999996,133.0,3.8544331606646502,-0.9658130751415328,1.060362280819155,-0.00265002218469563,-0.000384495950481858,-0.0012653783977582607,0.06776155561966239,-0.04684650897979736,0.1737116277217865,-0.1770346760749817,0.8973829746246338,0.3467041850090027,-0.9909939765930176,0.6576520800590515,0.14443108439445496,-0.21245740354061127,0.6018471717834473,0.10949825495481491,-1.0415397882461548
0.4551758749999989,0.0034223749999999996,133.0,3.832964428757153,-0.9454324013934876,1.0605162563368966,-0.0024312253348028304,-0.00036723692321209386,-0.0011647379208087833,0.0677611381419303,-0.04765927791595459,0.17184555530548096,-0.18081405758857727,0.8838266134262085,0.3453456461429596,-0.9800522327423096,0.696114718914032,0.14847484230995178,-0.1789601445198059,0.5970420837402344,0.06699606776237488,-1.0320088863372803
0.4551758749999989,0.0034223749999999996,133.0,3.8107342393921515,-0.923533930129327,1.0605679227838214,-0.002224276799957292,-0.0003341573685017512,-0.0010710167393738548,0.06776995987105039,-0.046068549156188965,0.1700117588043213,-0.18276259303092957,0.8715578317642212,0.3372022807598114,-0.9770011901855469,0.7151495814323425,0.15311282873153687,-0.15492576360702515,0.58669114112854,0.04250679910182953,-1.0243821144104004
0.4551758749999989,0.0034223749999999996,133.0,3.7875828354810186,-0.9007420863540692,1.0604809175112275,-0.002019309865559299,-0.00030675491028654374,-0.0009749156356478324,0.06776659551674394,-0.04536634683609009,0.16908644139766693,-0.18440446257591248,0.8608742952346802,0.3246067464351654,-0.9717433452606201,0.7328721880912781,0.15646034479141235,-0.12942562997341156,0.5770111083984375,0.010310987010598183,-1.016969084739685
0.4551758749999989,0.0034223749999999996,133.0,3.7634000432418353,-0.8765071837359298,1.0604840893941236,-0.0018558513392199643,-0.00027613966528288825,-0.0008996861831735742,0.06775622631742831,-0.044658273458480835,0.17130035161972046,-0.18323266506195068,0.8600285053253174,0.31027737259864807,-0.9687364101409912,0.7226395606994629,0.1545763909816742,-0.1213335245847702,0.5643970966339111,-0.01298637967556715,-1.0140297412872314
0.4551758749999989,0.0034223749999999996,133.0,3.7387190989404666,-0.8519883997738448,1.0605768157037263,-0.0016541825855502345,-0.00024418231175060294,-0.0008075061950733088,0.06776122595431397,-0.04353567957878113,0.17199432849884033,-0.18304461240768433,0.8541043996810913,0.29542672634124756,-0.9658298492431641,0.7227842211723328,0.15539702773094177,-0.10646708309650421,0.5523514747619629,-0.03747795149683952,-1.0087862014770508
0.4551758749999989,0.0034223749999999996,133.0,3.7128607024219797,-0.826725498349627,1.0607298661293312,-0.0014678146570610295,-0.00021971851228257371,-0.0007218799098843143,0.0677531273458608,-0.04294362664222717,0.17113235592842102,-0.18468955159187317,0.8423269987106323,0.2825854420661926,-0.9588809013366699,0.7409533262252808,0.1588127613067627,-0.08030776679515839,0.5414648056030273,-0.071354441344738,-1.0003440380096436
0.4551758749999989,0.0034223749999999996,133.0,3.686305991047693,-0.8010919797279313,1.0608577026944286,-0.0012839378685038376,-0.00019530364579755147,-0.0006356181451270784,0.06774945579610114,-0.04264363646507263,0.1684749722480774,-0.18780900537967682,0.8241673111915588,0.27527347207069397,-0.9497535228729248,0.7761973738670349,0.16425901651382446,-0.041835784912109375,0.5307672023773193,-0.11072599142789841,-0.9876236915588379
0.4551758749999989,0.0034223749999999996,133.0,3.6591355224937727,-0.7744590325951757,1.0608269040618623,-0.001131837190840505,-0.00017569183771764602,-0.00056308815481943,0.06774555889490073,-0.04175722599029541,0.1671970635652542,-0.18949995934963226,0.8090894222259521,0.2591177821159363,-0.9412212371826172,0.797731876373291,0.16817933320999146,-0.00847917515784502,0.516878604888916,-0.14814187586307526,-0.9763692617416382
0.4551758749999989,0.0034223749999999996,133.0,3.631125921381035,-0.7469822958755421,1.0608628963677231,-0.0009962372661617659,-0.0001549466016710096,-0.0004993190079024388,0.06774671673828299,-0.040853261947631836,0.16583074629306793,-0.1911703199148178,0.7927319407463074,0.24161455035209656,-0.9315133094787598,0.8201395869255066,0.17222246527671814,0.02715991996228695,0.5018165111541748,-0.1867043673992157,-0.9639507532119751
0.4551758749999989,0.0034223749999999996,133.0,3.6019660970724288,-0.7186299015982885,1.0608751116637372,-0.0008216405585409378,-0.00012913630400483874,-0.00041370827596628654,0.06773152438429339,-0.04021495580673218,0.16418956220149994,-0.19271554052829742,0.7748042345046997,0.22813598811626434,-0.9213318824768066,0.8451368808746338,0.1759025752544403,0.06595928966999054,0.48642802238464355,-0.22517725825309753,-0.9496084451675415
0.4551758749999989,0.0034223749999999996,133.0,3.57197337830426,-0.6895838558024392,1.061010152728096,-0.0006889127397392767,-0.00011006744649117936,-0.00034918309639836117,0.06771465288824302,-0.040073245763778687,0.16241364181041718,-0.19438877701759338,0.7554948329925537,0.21285554766654968,-0.9084012508392334,0.8727983236312866,0.18003377318382263,0.10808131098747253,0.47149038314819336,-0.2666594982147217,-0.9343370199203491
0.4551758749999989,0.0034223749999999996,133.0,3.5410942684362983,-0.6594864675074135,1.0611175066109093,-0.0005164137473733915,-8.322134525493739e-5,-0.00026419305470287767,0.06769283218127772,-0.03917306661605835,0.16094602644443512,-0.19536811113357544,0.7364792823791504,0.1938246637582779,-0.8968503475189209,0.89304119348526,0.18394285440444946,0.14701585471630096,0.45445775985717773,-0.30523431301116943,-0.919135570526123
0.4551758749999989,0.0034223749999999996,133.0,3.5094537157980636,-0.6282349212640892,1.0610746251734735,-0.00032390044761828853,-5.140808809350272e-5,-0.00016757514944703612,0.06767401136909826,-0.0369814932346344,0.15989792346954346,-0.19542625546455383,0.7172134518623352,0.172093465924263,-0.889117956161499,0.9034119844436646,0.1871686577796936,0.18328511714935303,0.4339585304260254,-0.33997613191604614,-0.902995228767395
0.4551758749999989,0.0034223749999999996,133.0,3.4768438671792965,-0.5962339949879042,1.0610779924272606,-0.000151150161969824,-2.3981844374113784e-5,-7.919030433797571e-5,0.06764434630850474,-0.035290539264678955,0.1582435816526413,-0.19607120752334595,0.6915891170501709,0.14954236149787903,-0.8766961097717285,0.9211083650588989,0.19157913327217102,0.23236989974975586,0.41278624534606934,-0.38231950998306274,-0.8816835880279541
0.4551758749999989,0.0034223749999999996,133.0,3.443402151493818,-0.5640877038258242,1.0613752862381203,1.673362504602588e-5,2.7087927271170165e-6,8.879523538266607e-6,0.06761300862539707,-0.03429093956947327,0.154326394200325,-0.19728238880634308,0.6559208631515503,0.12917250394821167,-0.858618974685669,0.952327311038971,0.19933193922042847,0.2971113324165344,0.3916356563568115,-0.4222922921180725,-0.853738009929657
0.4551758749999989,0.0034223749999999996,133.0,3.4090034393714586,-0.5306267411064661,1.061437269553279,0.00018462473513761028,3.0038842238505805e-5,9.910190750220018e-5,0.06756945921934134,-0.03423959016799927,0.1500481814146042,-0.19802579283714294,0.6053023338317871,0.10118455439805984,-0.8155958652496338,0.984731912612915,0.21022829413414001,0.3546845018863678,0.37750840187072754,-0.43303382396698,-0.8142060041427612
0.4551758749999989,0.0034223749999999996,133.0,3.373568622685061,-0.49583886011944306,1.0611644207157054,0.0003662482290186811,5.924751348069624e-5,0.00019883388407027877,0.06751183641498287,-0.036156296730041504,0.14535515010356903,-0.1967293620109558,0.540217399597168,0.0737856850028038,-0.742112398147583,1.0114009380340576,0.22421583533287048,0.3998170793056488,0.3786022663116455,-0.39087095856666565,-0.7636224627494812
0.4551758749999989,0.0034223749999999996,133.0,3.3371894988272772,-0.46050773762553454,1.0612478740220672,0.0005086130981502564,8.183260676273458e-5,0.0002799346655582263,0.06745364406990254,-0.03865879774093628,0.13892464339733124,-0.19201251864433289,0.46696746349334717,0.050402164459228516,-0.6496679782867432,1.0241351127624512,0.2436085045337677,0.44369855523109436,0.3913588523864746,-0.2996692657470703,-0.7104419469833374
0.4551758749999989,0.0034223749999999996,133.0,3.3001705274522317,-0.4244402226988222,1.0611616557917556,0.0006691626501616241,0.00010807525446580925,0.0003722183094190161,0.06739685510470061,-0.04289811849594116,0.1319551169872284,-0.1832829713821411,0.37946203351020813,0.033326130360364914,-0.5028140544891357,1.00725257396698,0.2758003771305084,0.44860488176345825,0.4424293041229248,-0.11932702362537384,-0.6562348008155823
0.4551758749999989,0.0034223749999999996,133.0,3.2628024824601005,-0.38769652290083917,1.0607668241212278,0.0008407246637971448,0.00013840971850194968,0.00046923717038138175,0.06735411610431229,-0.10878819227218628,0.1496029943227768,-0.14257702231407166,0.2941419780254364,0.07895448803901672,-0.38543033599853516,0.6444108486175537,0.44286608695983887,0.45466986298561096,1.0456252098083496,-0.1413298398256302,-0.7405899167060852
0.4551758749999989,0.0034223749999999996,133.0,3.2248271119881076,-0.3501150782332411,1.0602545244141663,0.0010358235822310732,0.00017426810216103874,0.000578631537728433,0.0673242385378064,-0.11899104714393616,0.14103926718235016,-0.1397978663444519,0.20668432116508484,0.10887366533279419,-0.15361881256103516,0.5991563200950623,0.46968621015548706,0.5016229748725891,1.1406056880950928,-0.09405707567930222,-0.6805571913719177
0.4551758749999989,0.0034223749999999996,133.0,3.186135059130075,-0.31168396247855834,1.0597436373340177,0.0012211495923699096,0.0002102209365297735,0.0006817605010915119,0.06730453856464964,-0.12576079368591309,0.13437199592590332,-0.14099586009979248,0.1356360763311386,0.14465102553367615,0.06619548797607422,0.5289162993431091,0.49070361256599426,0.5279221534729004,1.1964468955993652,-0.12605071067810059,-0.6308961510658264
0.4551758749999989,0.0034223749999999996,133.0,3.1464538294800817,-0.27285901754181835,1.0594724164342209,0.0013410989666103137,0.00024192505061127395,0.0007473560905873143,0.06728825482225505,-0.12641692161560059,0.1286165863275528,-0.14473819732666016,0.09036704897880554,0.18082961440086365,0.18701410293579102,0.4884405732154846,0.501789391040802,0.5967890024185181,1.1966338157653809,-0.2006341814994812,-0.5966281294822693
0.4551758749999989,0.0034223749999999996,133.0,3.105887772717378,-0.2326396031048228,1.0590255812242098,0.0014942756310102141,0.00027737283063735037,0.0008334368052923735,0.06726827922142896,-0.12351948022842407,0.12557047605514526,-0.15031853318214417,0.07004129886627197,0.19809257984161377,0.21897053718566895,0.47603878378868103,0.49532368779182434,0.6544132828712463,1.181654691696167,-0.24445927143096924,-0.5696266889572144
0.4551758749999989,0.0034223749999999996,133.0,3.064183484890365,-0.19078163378535581,1.0580580808019444,0.0016431197766227368,0.0003124539371278127,0.000919256752367929,0.06723253409571812,-0.12249979376792908,0.12639041244983673,-0.15616416931152344,0.07161697745323181,0.20043666660785675,0.22459053993225098,0.4763062298297882,0.477333128452301,0.6824914813041687,1.1757631301879883,-0.2693508267402649,-0.5532233715057373
0.4551758749999989,0.0034223749999999996,133.0,3.023086385885961,-0.147879603548484,1.060325577304091,0.0017833964362994853,0.0003295566018089734,0.001004487303692398,0.06716496663645177,-0.11997729539871216,0.12382994592189789,-0.15967613458633423,0.05155418813228607,0.19830776751041412,0.24242639541625977,0.47415873408317566,0.47911667823791504,0.6990298628807068,1.1649887561798096,-0.2782534956932068,-0.5347797870635986
0.4551758749999989,0.0034223749999999996,133.0,2.9794422874649316,-0.10530406342577332,1.0599140265565625,0.001878349006015668,0.0003745253861742174,0.0010600891694390704,0.06712143788568485,-0.12102010846138,0.11754126101732254,-0.1599387228488922,0.025128483772277832,0.2238319367170334,0.2697124481201172,0.505923867225647,0.5088486075401306,0.7771846652030945,1.1420986652374268,-0.28597018122673035,-0.5378334522247314
0.4551758749999989,0.0034223749999999996,133.0,2.931420710935075,-0.0598472884538384,1.0604203144906559,0.0018468033376963405,0.0003846119308288886,0.0010770558605144509,0.06695576709348623,-0.15855556726455688,0.1459982991218567,-0.15497514605522156,0.068428635597229,0.2522165775299072,0.30551576614379883,0.5720700621604919,0.49348822236061096,0.6781603693962097,1.3551249504089355,-0.33462491631507874,-0.5668892860412598
0.4551758749999989,0.0034223749999999996,133.0,2.8734118768645,0.003131980663487153,1.0578362401373531,0.001729003382976574,-5.6376828506029865e-5,0.001152772700090181,0.06624257813585628,-0.26668742299079895,0.2852826416492462,-0.1407431662082672,0.3407166600227356,0.024339206516742706,0.5277382135391235,-0.16405333578586578,0.6280806064605713,-1.2861967086791992,2.4447083473205566,-0.5991376042366028,-0.9715672135353088
0.4551758749999989,0.0034223749999999996,133.0,2.8064898694471374,0.04255170731404982,1.0586329136777177,0.00010533979154502228,-5.7095897855622105e-6,7.12739799714373e-5,0.06495554380693475,-0.41893866658210754,0.18060468137264252,-0.1276026964187622,0.9046868085861206,-0.6508091688156128,0.9189643859863281,0.6368147730827332,0.19039666652679443,-1.5527522563934326,2.451599597930908,-0.33951303362846375,-1.0949506759643555
0.4551758749999989,0.0034223749999999996,133.0,2.8443271851461636,0.07519193712859841,1.0643166474434131,-0.0017871608003378215,-4.413721061601854e-5,-0.0011641199860653814,0.06440217553107702,-0.43357935547828674,0.19031207263469696,-0.06908896565437317,1.236215591430664,-0.6603031754493713,0.9207757711410522,0.43102598190307617,0.13764706254005432,-1.6767922639846802,2.4002695083618164,-0.12577815353870392,-1.3745896816253662
0.4551758749999989,0.0034223749999999996,133.0,2.8719408510527455,0.12889734171043782,1.080924334172688,-0.002114531096944572,0.00032127050898204793,-0.0012356638045981114,0.0631049280942664,-0.5113197565078735,0.23104313015937805,0.044341325759887695,1.7077994346618652,-1.166712999343872,0.940428614616394,-0.2890303432941437,0.36002182960510254,-1.95758056640625,2.3734588623046875,0.20672354102134705,-2.0696306228637695
0.4551758749999989,0.0034223749999999996,133.0,2.906445937661552,0.1793625098047823,1.0895814690010253,-0.002161830886531387,0.00045695216350733034,-0.001179112024625252,0.062448695104450266,-0.5390290021896362,0.2520904839038849,0.07750549912452698,1.7918412685394287,-1.4661169052124023,0.9452967643737793,-0.4417869746685028,0.4835863411426544,-2.024186372756958,2.2998032569885254,0.1746974140405655,-2.2779006958007812
0.4551758749999989,0.0034223749999999996,133.0,2.947695938018438,0.2248040711241645,1.0927461990068468,-0.002061595911712648,0.00043728469534655466,-0.001087102398514876,0.0623002663739418,-0.5404309034347534,0.25435754656791687,0.09223231673240662,1.860841155052185,-1.4449985027313232,0.9453524351119995,-0.3983660638332367,0.43839287757873535,-2.0273587703704834,2.2351179122924805,0.22857165336608887,-2.3017356395721436
0.4551758749999989,0.0034223749999999996,133.0,2.9889777329432006,0.2681841438709692,1.0949596690061716,-0.0019001175973349202,0.00040336823571998745,-0.0009753881045448653,0.06222963725206658,-0.5405484437942505,0.2550908923149109,0.10655906796455383,1.912705421447754,-1.4589989185333252,0.9393011331558228,-0.3969899117946625,0.4148367643356323,-2.0055809020996094,2.164640426635742,0.2862154245376587,-2.3299009799957275
0.4551758749999989,0.0034223749999999996,133.0,3.0296570624366583,0.31018935412410653,1.0962566139139116,-0.0016932311548131596,0.0003529484056218594,-0.0008520892748116117,0.062217084695665587,-0.5475159883499146,0.2576679587364197,0.1099296510219574,1.913364291191101,-1.5221892595291138,0.9746019840240479,-0.353182852268219,0.4377632141113281,-2.0146613121032715,2.1451430320739746,0.3203987777233124,-2.3538818359375
0.4551758749999989,0.0034223749999999996,133.0,3.0694650911535883,0.3512701362323765,1.0967739063646642,-0.0015993486620858898,0.00032170846484287294,-0.0007945312495031984,0.062213643759192,-0.5476562976837158,0.2580389082431793,0.11883154511451721,1.9421168565750122,-1.5328329801559448,0.9790005683898926,-0.3151683211326599,0.4181664288043976,-2.0115132331848145,2.0907769203186035,0.3886275887489319,-2.363089084625244
0.4551758749999989,0.0034223749999999996,133.0,3.108765062794787,0.39154901635462264,1.098203560074425,-0.001375833846200872,0.0002698441744777962,-0.0006687063952455632,0.06217381786636705,-0.5478341579437256,0.25725671648979187,0.1271894872188568,1.96674644947052,-1.5522544384002686,0.9792875051498413,-0.28057199716567993,0.3995344638824463,-2.01180100440979,2.032071113586426,0.4647529721260071,-2.3691580295562744
0.4551758749999989,0.0034223749999999996,133.0,3.1474498621960985,0.4308585693369492,1.0999486146162412,-0.0012042011551181304,0.0002297051668858319,-0.0005710079634248484,0.06214686898825572,-0.5425848960876465,0.25441086292266846,0.13987407088279724,2.0133066177368164,-1.5268502235412598,0.9511253833770752,-0.255056232213974,0.3466065526008606,-2.009596586227417,1.947005271911621,0.5720633268356323,-2.36258864402771
0.4551758749999989,0.0034223749999999996,133.0,3.1849974635356535,0.4693216581247745,1.1011521949823972,-0.000983413968750015,0.00018280399151069345,-0.00045703074779980757,0.06213198261643143,-0.53087317943573,0.2457064390182495,0.147864431142807,2.0228567123413086,-1.5056018829345703,0.9179036617279053,-0.23113690316677094,0.30168992280960083,-1.9868777990341187,1.839461326599121,0.7089394927024841,-2.3269548416137695
0.4551758749999989,0.0034223749999999996,133.0,3.2219158632611564,0.5067743324224233,1.1022923955216481,-0.0007857208195032361,0.00014217495244465205,-0.00035800044801184407,0.0621284463894029,-0.49008724093437195,0.21803943812847137,0.15723910927772522,1.9935152530670166,-1.3798810243606567,0.8196520805358887,-0.2693893015384674,0.20628899335861206,-1.8316940069198608,1.6213386058807373,0.9240606427192688,-2.2005038261413574
0.4551758749999989,0.0034223749999999996,133.0,3.2583709737407713,0.5431210668281089,1.1034044091052106,-0.0005954510955749255,0.00010489350596253229,-0.00026588872341602054,0.06214137547138835,-0.4504673182964325,0.19309231638908386,0.16540977358818054,1.954413890838623,-1.241801381111145,0.705930233001709,-0.3135680556297302,0.11545127630233765,-1.6888748407363892,1.42240571975708,1.1179351806640625,-2.0690338611602783
0.4551758749999989,0.0034223749999999996,133.0,3.294291321662322,0.5784188107074326,1.1044417561258115,-0.0004103340459356904,7.041607555810583e-5,-0.0001796799128484354,0.06216972877160073,-0.3620382249355316,0.13750962913036346,0.18959638476371765,1.7592195272445679,-0.16130848228931427,0.08135342597961426,-0.6373992562294006,-0.30927860736846924,-2.142045021057129,1.5095021724700928,1.0276472568511963,-1.4412946701049805
0.4551758749999989,0.0034223749999999996,133.0,3.3300368993388325,0.6124522029165715,1.1055944132805904,-0.00022995662447502008,3.9442170748808585e-5,-9.992363901407707e-5,0.062225680455221685,-0.3256712853908539,0.12571872770786285,0.19534888863563538,1.7244317531585693,-0.07298426330089569,-0.052349090576171875,-0.7063690423965454,-0.351631224155426,-2.0109968185424805,1.3114635944366455,1.1213964223861694,-1.3633203506469727
0.4551758749999989,0.0034223749999999996,133.0,3.3644729414278403,0.6456620008509838,1.1059700735129934,-6.837818678214882e-5,1.1787163803510438e-5,-2.9690327703039935e-5,0.062306852369946424,-0.29873695969581604,0.11824756115674973,0.19873973727226257,1.6875804662704468,-0.01876196265220642,-0.1494147777557373,-0.756167471408844,-0.37381625175476074,-1.9135135412216187,1.1664793491363525,1.1658817529678345,-1.3037166595458984
0.4551758749999989,0.0034223749999999996,133.0,3.3983712457727147,0.6779664354176721,1.106945196918867,0.00014719889493319696,-2.611508046485517e-5,6.389218736515063e-5,0.062373870576735026,-0.2792852222919464,0.11323264241218567,0.19747641682624817,1.6481356620788574,0.026353776454925537,-0.2158501148223877,-0.7780606746673584,-0.3811085820198059,-1.8574260473251343,1.0797638893127441,1.1907016038894653,-1.2568010091781616
0.4551758749999989,0.0034223749999999996,133.0,3.4329445473779776,0.7073972422075672,1.1064316320692602,0.0003465432894048395,-6.149740058645661e-5,0.00014746290004991232,0.06260409190641057,-0.26892194151878357,0.11351680755615234,0.2023085653781891,1.6563186645507812,0.0652032420039177,-0.26235198974609375,-0.8045852780342102,-0.399080753326416,-1.837966799736023,1.011575698852539,1.171627163887024,-1.2467923164367676
0.4551758749999989,0.0034223749999999996,133.0,3.4651968310129804,0.7381066974621461,1.1074233238039355,0.0005471418943775561,-9.866666938532696e-5,0.00023081210693107714,0.06267377210510622,-0.264882355928421,0.11512640118598938,0.2034730613231659,1.663888692855835,0.08550123870372772,-0.28091907501220703,-0.8196926712989807,-0.40428268909454346,-1.8519179821014404,0.9903655052185059,1.1669617891311646,-1.2491846084594727
0.4551758749999989,0.0034223749999999996,133.0,3.497353232527486,0.7680160391316733,1.1092600923067282,0.0007859291208288536,-0.00014235678079962692,0.0003263052774093496,0.06270799202220047,-0.2622264325618744,0.11938563734292984,0.20455726981163025,1.6747171878814697,0.12327344715595245,-0.3002748489379883,-0.8167915940284729,-0.40867090225219727,-1.876208782196045,0.9809427261352539,1.1481683254241943,-1.2556935548782349
0.4551758749999989,0.0034223749999999996,133.0,3.528747681094123,0.7969776664705943,1.1109171276464074,0.000956176505578454,-0.00017381143472491875,0.00039087506547136997,0.06276149022088254,-0.25937727093696594,0.12259995937347412,0.20688369870185852,1.6873960494995117,0.15443453192710876,-0.3211696147918701,-0.8196792602539062,-0.4164760112762451,-1.8872179985046387,0.9621918201446533,1.1313546895980835,-1.2605587244033813
0.4551758749999989,0.0034223749999999996,133.0,3.5591135869854837,0.8251935787785386,1.1128324669681695,0.0011738842274031066,-0.0002178441063758129,0.0004723341686390436,0.06279326285496506,-0.2570842206478119,0.125079944729805,0.20857903361320496,1.6973950862884521,0.17502331733703613,-0.3374199867248535,-0.8246546387672424,-0.42137348651885986,-1.8939766883850098,0.9468975067138672,1.1203162670135498,-1.2656545639038086
0.4551758749999989,0.0034223749999999996,133.0,3.5883165072852616,0.8523776951620203,1.1138068234757208,0.0013389182072073788,-0.0002533820838076088,0.0005340570149792376,0.0628669718603894,-0.2542392313480377,0.1252974420785904,0.20934972167015076,1.700903058052063,0.18101857602596283,-0.35131311416625977,-0.8350277543067932,-0.4233306646347046,-1.894509196281433,0.9318404197692871,1.125259518623352,-1.267240285873413
0.4551758749999989,0.0034223749999999996,133.0,3.6168687779086497,0.8788200786180016,1.115143226266022,0.0015239349307645392,-0.0002932306724301303,0.0006012711123444992,0.06292084831107106,-0.25210294127464294,0.12680010497570038,0.21089008450508118,1.7081242799758911,0.19588695466518402,-0.3659694194793701,-0.8414466977119446,-0.4276192784309387,-1.8972430229187012,0.9178845882415771,1.1206176280975342,-1.2701804637908936
0.4551758749999989,0.0034223749999999996,133.0,3.6448444850686372,0.9043411601693729,1.1160986823354277,0.0017446495938896135,-0.0003370095183185189,0.0006833541058045199,0.06298829818284546,-0.2500549852848053,0.1288650929927826,0.2122332751750946,1.7152812480926514,0.21659187972545624,-0.38175034523010254,-0.8422686457633972,-0.43196362257003784,-1.902906894683838,0.9066109657287598,1.1139479875564575,-1.273033857345581
0.4551758749999989,0.0034223749999999996,133.0,3.6716610113461963,0.929216824705131,1.1173853228182902,0.001969267109161658,-0.000388003893511456,0.0007637015041959269,0.06303145931108829,-0.24805215001106262,0.13111576437950134,0.21504947543144226,1.726549506187439,0.22829784452915192,-0.39606571197509766,-0.854202151298523,-0.4377155900001526,-1.8995335102081299,0.8856446743011475,1.0977373123168945,-1.2784594297409058
0.4551758749999989,0.0034223749999999996,133.0,3.6973233076671916,0.9530383593024262,1.1181295708670007,0.0022183979555541987,-0.0004428616693560015,0.000851604447799764,0.06308508512965183,-0.2459624707698822,0.1300305724143982,0.2139882743358612,1.7231645584106445,0.22388438880443573,-0.4022529125213623,-0.8635550737380981,-0.43401670455932617,-1.9010130167007446,0.881833553314209,1.1142373085021973,-1.2788934707641602
0.4551758749999989,0.0034223749999999996,133.0,3.7221712739961466,0.9761878041420805,1.1189814703681311,0.0023996607963852365,-0.0004878134537918846,0.0009169892977643855,0.06314164040683723,-0.2442963421344757,0.13109683990478516,0.21530094742774963,1.7283574342727661,0.23581059277057648,-0.4144937992095947,-0.868615984916687,-0.4375131130218506,-1.9021369218826294,0.8710057735443115,1.1123318672180176,-1.280606746673584
0.4551758749999989,0.0034223749999999996,133.0,3.7460122257780273,0.9985597841918988,1.1197558355206683,0.0026335595562638034,-0.0005394971843675577,0.0009975364018474384,0.06319155283093988,-0.24273046851158142,0.13206800818443298,0.21647843718528748,1.7329012155532837,0.24732914566993713,-0.4259970188140869,-0.8738411664962769,-0.4406234622001648,-1.9031853675842285,0.8611657619476318,1.1111488342285156,-1.2820639610290527
0.4551758749999989,0.0034223749999999996,133.0,3.769258865586761,1.02005736262162,1.1206883841872397,0.002868140692048857,-0.0005989950196785665,0.0010810034823365553,0.06323597676699119,-0.24115058779716492,0.13311056792736053,0.21723219752311707,1.736498475074768,0.25373929738998413,-0.435422420501709,-0.8799742460250854,-0.44130581617355347,-1.9040511846542358,0.8527014255523682,1.1089222431182861,-1.2850050926208496
0.4551758749999989,0.0034223749999999996,133.0,3.7916183549449833,1.0407204255896474,1.1214739760009422,0.0031179399936542575,-0.0006572596460486639,0.001164673156023545,0.06327705776709701,-0.23955366015434265,0.13403910398483276,0.21746906638145447,1.7385525703430176,0.25771766901016235,-0.44347119331359863,-0.8857437372207642,-0.4402952194213867,-1.9053350687026978,0.846280574798584,1.1079003810882568,-1.2881159782409668
0.4551758749999989,0.0034223749999999996,133.0,3.813475876822424,1.060361446031599,1.1229253950786253,0.003369605241001115,-0.0007284854379220518,0.0012450307851598608,0.06330080563000692,-0.23822864890098572,0.1340777575969696,0.2178851068019867,1.740051031112671,0.2616061270236969,-0.45075416564941406,-0.8932535648345947,-0.440904438495636,-1.9046669006347656,0.8395860195159912,1.1119900941848755,-1.289040207862854
0.4551758749999989,0.0034223749999999996,133.0,3.833990238206022,1.079714837333504,1.1243943347078442,0.00356746639583144,-0.0007787341204489676,0.001300846679052167,0.06332300532452871,-0.23728147149085999,0.13684026896953583,0.22149893641471863,1.752784252166748,0.27708980441093445,-0.4636342525482178,-0.9013321399688721,-0.44923239946365356,-1.8993200063705444,0.8198666572570801,1.0896387100219727,-1.2933006286621094
0.4551758749999989,0.0034223749999999996,133.0,3.8538434835207287,1.0978001787640579,1.1253102646602193,0.0037885511343552845,-0.0008361992010993625,0.001370015325433366,0.06334962521923036,-0.23606085777282715,0.1363462209701538,0.22029432654380798,1.7492866516113281,0.27756646275520325,-0.4678936004638672,-0.9041503071784973,-0.44540101289749146,-1.904357671737671,0.8224761486053467,1.1029072999954224,-1.2937712669372559
0.4551758749999989,0.0034223749999999996,133.0,3.8724831417238383,1.115065009806834,1.1258079607628313,0.003971518887703799,-0.0008988064843933565,0.0014358108580636258,0.06340497348363966,-0.23460528254508972,0.1361187994480133,0.2201448380947113,1.7483468055725098,0.2767617702484131,-0.4734210968017578,-0.9109816551208496,-0.44355839490890503,-1.904474139213562,0.8183591365814209,1.109025001525879,-1.294738531112671
0.4551758749999989,0.0034223749999999996,133.0,3.8905617084510697,1.1319339597887141,1.1269047073682648,0.0041972812546654924,-0.0009535679364790305,0.0015030594975503977,0.06343166735001202,-0.23380321264266968,0.13960230350494385,0.22341009974479675,1.7603415250778198,0.2955181300640106,-0.4866371154785156,-0.9131165146827698,-0.4507962465286255,-1.902919054031372,0.8024008274078369,1.0845105648040771,-1.2993831634521484
0.4551758749999989,0.0034223749999999996,133.0,3.90767412583697,1.1475242365113651,1.1276981350285624,0.004393041700159514,-0.001011301926432353,0.00155966792222435,0.06346356260474771,-0.23220625519752502,0.1394399106502533,0.22485223412513733,1.7637256383895874,0.29752299189567566,-0.4939591884613037,-0.9234579205513,-0.45394837856292725,-1.8960707187652588,0.7875363826751709,1.0817885398864746,-1.2995795011520386
0.4551758749999989,0.0034223749999999996,133.0,3.923936955898951,1.162153964040451,1.1280121391448785,0.004584871542694054,-0.0010660876181213502,0.0016202485859461821,0.06350558720569201,-0.23054277896881104,0.13817240297794342,0.223553866147995,1.7581956386566162,0.298793762922287,-0.49911928176879883,-0.9247892498970032,-0.45069068670272827,-1.899223804473877,0.7884657382965088,1.0984416007995605,-1.2974586486816406
0.4551758749999989,0.0034223749999999996,133.0,3.9395033250486824,1.1760440569284767,1.1286354377711703,0.00473485665329101,-0.0011112402857248779,0.0016633677337396838,0.06354111054207445,-0.22860541939735413,0.13722734153270721,0.22358796000480652,1.7566418647766113,0.3021949231624603,-0.5062329769134521,-0.9286457300186157,-0.45145243406295776,-1.8951339721679688,0.7792232036590576,1.1047049760818481,-1.2951977252960205
0.4551758749999989,0.0034223749999999996,133.0,3.954089179614307,1.1891968538124513,1.1293243395053434,0.004869273600804422,-0.0011571052808118107,0.0016961482744739975,0.06357869167269485,-0.2263871729373932,0.13735409080982208,0.2238464057445526,1.7564804553985596,0.3038254678249359,-0.5140256881713867,-0.9325154423713684,-0.45088136196136475,-1.8896607160568237,0.7675814628601074,1.100965976715088,-1.2956187725067139
0.4551758749999989,0.0034223749999999996,133.0,3.968016547433005,1.2016693946802812,1.130445648072011,0.005015503665618553,-0.0012033546644602917,0.001732771107843725,0.06359861715905356,-0.22425904870033264,0.13661402463912964,0.224957674741745,1.758124589920044,0.3063611388206482,-0.5220911502838135,-0.9393263459205627,-0.4533563256263733,-1.8828508853912354,0.7504117488861084,1.0987976789474487,-1.2947561740875244
0.4551758749999989,0.0034223749999999996,133.0,3.9812076706857518,1.2132180354044262,1.1310730272011909,0.0051715044628713215,-0.0012417365778793034,0.0017731794040448485,0.06362548043772434,-0.22258231043815613,0.13693386316299438,0.22716012597084045,1.7624133825302124,0.3167992830276489,-0.5332298278808594,-0.9422817826271057,-0.45895129442214966,-1.876176357269287,0.7326219081878662,1.0914052724838257,-1.2933933734893799
0.4551758749999989,0.0034223749999999996,133.0,3.993312828030137,1.2245464717476588,1.1322536071453242,0.005340384132059566,-0.0012708964965030699,0.0018050507566148937,0.06362750858606002,-0.2223173975944519,0.13950227200984955,0.2290172278881073,1.7686251401901245,0.3375997245311737,-0.5434455871582031,-0.9349299073219299,-0.46403026580810547,-1.8794965744018555,0.7261230945587158,1.0783506631851196,-1.2945034503936768
0.4551758749999989,0.0034223749999999996,133.0,4.004516689989834,1.235376330965699,1.133688848533994,0.005502250699404087,-0.0013045041127415307,0.001837821031795847,0.06362444141215598,-0.22220417857170105,0.1434526890516281,0.2317662537097931,1.7785582542419434,0.3577735424041748,-0.5540525913238525,-0.9291835427284241,-0.4698007106781006,-1.8809610605239868,0.7150142192840576,1.0518923997879028,-1.2985572814941406
0.4551758749999989,0.0034223749999999996,133.0,4.014820788015606,1.2450669932804015,1.1348514101923424,0.005682788449935816,-0.0013474352859954852,0.0018835054243115897,0.06363620990699113,-0.22221320867538452,0.14725033938884735,0.2354213297367096,1.7900923490524292,0.37772661447525024,-0.5649693012237549,-0.926449179649353,-0.47816282510757446,-1.8780317306518555,0.6987214088439941,1.022354245185852,-1.3015697002410889
0.4551758749999989,0.0034223749999999996,133.0,4.023550095021454,1.256055201412585,1.1373948106819984,0.005934072896876901,-0.0014116498015324566,0.0019752059054422995,0.06346985400048541,-0.22396725416183472,0.15071041882038116,0.23357614874839783,1.7912825345993042,0.39843541383743286,-0.564739465713501,-0.9080640077590942,-0.4735639691352844,-1.901021122932434,0.7201621532440186,1.0210341215133667,-1.3075028657913208
0.4551758749999989,0.0034223749999999996,133.0,4.032134768367066,1.2642589566468245,1.1385584992800413,0.006211314388326945,-0.0014797358023301015,0.00205513549873831,0.0634658080093537,-0.22466284036636353,0.15467311441898346,0.2346918284893036,1.7974931001663208,0.41987985372543335,-0.5712471008300781,-0.8967503309249878,-0.4766709804534912,-1.9073036909103394,0.7208230495452881,1.0015921592712402,-1.3105788230895996
0.4551758749999989,0.0034223749999999996,133.0,4.03970206419574,1.2714520972262426,1.1390541603839397,0.006633756675723616,-0.0015706749881542437,0.0021808575053708762,0.06347819475938477,-0.22445517778396606,0.1574256718158722,0.23726817965507507,1.8049660921096802,0.4347364604473114,-0.5796172618865967,-0.8957299590110779,-0.48260724544525146,-1.9015991687774658,0.7063968181610107,0.9778945446014404,-1.3119850158691406
0.4551758749999989,0.0034223749999999996,133.0,4.046393127497057,1.2780656078199122,1.1401945015739123,0.007339644159375763,-0.0017461027936419152,0.0023911834589833585,0.06347409717827399,-0.22452303767204285,0.15947070717811584,0.23950448632240295,1.812015175819397,0.4474729001522064,-0.585360050201416,-0.8972414135932922,-0.487781822681427,-1.8953466415405273,0.69266676902771,0.9571340680122375,-1.3137223720550537
0.4551758749999989,0.0034223749999999996,133.0,4.052248485874212,1.283752581170833,1.1408030112713419,0.008940941075911266,-0.0021249185330387593,0.002879815802213472,0.06348013778306777,-0.22434431314468384,0.16128408908843994,0.24117258191108704,1.8169320821762085,0.4576861262321472,-0.5918455123901367,-0.9021593928337097,-0.4894290566444397,-1.886133074760437,0.6796102523803711,0.9363783597946167,-1.3168638944625854
0.4551758749999989,0.0034223749999999996,133.0,4.057076176180845,1.2885443692839422,1.1418393900560357,0.01660606974944204,-0.004070908790213355,0.005205536249494588,0.06345386283716595,-0.22434154152870178,0.1610756814479828,0.24694868922233582,1.82972252368927,0.46947458386421204,-0.6047244071960449,-0.9499993324279785,-0.49182063341140747,-1.835517168045044,0.6292562484741211,0.8870192766189575,-1.326717734336853
0.4551758749999989,0.0034223749999999996,133.0,4.076864451962023,-1.2122624846553371,1.0510088900030856,-0.01415918608808233,-0.0014391137035484754,-0.0066182309194292134,0.06781480115663344,-0.03566589951515198,0.17582204937934875,-0.14005416631698608,0.9724422693252563,0.3975221514701843,-1.1106858253479004,0.32961854338645935,0.12725064158439636,-0.4840998947620392,0.6031956672668457,0.5617078542709351,-1.101015329360962
0.4551758749999989,0.0034223749999999996,133.0,4.0722573967423585,-1.2071884571269977,1.0513244734056935,-0.007635462328391617,-0.0007541871553715453,-0.0035990770108174468,0.06777520703916527,-0.03707033395767212,0.17870619893074036,-0.13974159955978394,0.9741528034210205,0.39007341861724854,-1.1078503131866455,0.3408167362213135,0.12342178821563721,-0.4844195544719696,0.6323165893554688,0.5290069580078125,-1.098405361175537
0.4551758749999989,0.0034223749999999996,133.0,4.066383194636122,-1.201283920489686,1.0512480978191494,-0.006275619604797402,-0.0006126127905268258,-0.0029572906681669298,0.06775121063955727,-0.03883391618728638,0.17991697788238525,-0.14076992869377136,0.9752604365348816,0.39075377583503723,-1.1011145114898682,0.3525692820549011,0.12144327163696289,-0.4788673222064972,0.6384491920471191,0.5055229067802429,-1.097366452217102
0.4551758749999989,0.0034223749999999996,133.0,4.059960729746289,-1.1951505720857827,1.0510716702030156,-0.00567500052453745,-0.0005675196993373689,-0.0026746943894834533,0.06773950132482844,-0.04055401682853699,0.1802688091993332,-0.14281007647514343,0.9750300049781799,0.39594608545303345,-1.0923514366149902,0.37075158953666687,0.12040287256240845,-0.4709089398384094,0.6421992778778076,0.4834320843219757,-1.0960325002670288
0.4551758749999989,0.0034223749999999996,133.0,4.052370972027722,-1.1879990032805579,1.0507799156235718,-0.00532691441727329,-0.0005480544169779397,-0.0025104611868551007,0.06772126102701256,-0.042462944984436035,0.1802443414926529,-0.14553996920585632,0.9736967086791992,0.4006778597831726,-1.082240343093872,0.3946342468261719,0.12009289860725403,-0.45907366275787354,0.6455938816070557,0.45771458745002747,-1.094343900680542
0.4551758749999989,0.0034223749999999996,133.0,4.043583544698021,-1.1819775742374374,1.0479942954136807,-0.0050795765101953275,-0.0005932691919875938,-0.0023892736932251144,0.06777491899538599,-0.04282858967781067,0.17918959259986877,-0.1480449140071869,0.9694956541061401,0.40141531825065613,-1.0758411884307861,0.4173698425292969,0.1211462914943695,-0.44178885221481323,0.6452317237854004,0.43667441606521606,-1.0912175178527832
0.4551758749999989,0.0034223749999999996,133.0,4.034337050601985,-1.1735081927002895,1.047616864246902,-0.004877262789288434,-0.0005943347481900017,-0.0022957222909503025,0.0677598043925946,-0.04489105939865112,0.1779244840145111,-0.1525498926639557,0.9645840525627136,0.4099469482898712,-1.0619795322418213,0.4561980962753296,0.12263572216033936,-0.422799676656723,0.6493010520935059,0.40421944856643677,-1.0878363847732544
0.4551758749999989,0.0034223749999999996,133.0,4.024571872090033,-1.1641750496580525,1.047308024531395,-0.004725706598540204,-0.000594504242752199,-0.002222233173944076,0.06774845784934541,-0.04683712124824524,0.17834609746932983,-0.15475353598594666,0.9638919830322266,0.41030213236808777,-1.0532798767089844,0.4746924042701721,0.12191304564476013,-0.4103424847126007,0.6507256031036377,0.3783930540084839,-1.0863234996795654
0.4551758749999989,0.0034223749999999996,133.0,4.01362970798683,-1.1538685733016636,1.0469532126323589,-0.004590534839330447,-0.0005985117584163783,-0.002156496969774827,0.06772998482434954,-0.049484848976135254,0.17798379063606262,-0.15853524208068848,0.9603396058082581,0.414086252450943,-1.039872646331787,0.5086005926132202,0.12231820821762085,-0.39034613966941833,0.6539819240570068,0.3414935767650604,-1.0831204652786255
0.4551758749999989,0.0034223749999999996,133.0,4.001978296504921,-1.1429750374599092,1.0466945748215482,-0.004453343956975156,-0.0006041259019152571,-0.0020925320091939228,0.06771702860140597,-0.051279217004776,0.176643967628479,-0.16283628344535828,0.9543131589889526,0.4187338948249817,-1.02748703956604,0.5452030897140503,0.12433046102523804,-0.3688329756259918,0.6562497615814209,0.31053832173347473,-1.0791215896606445
0.4551758749999989,0.0034223749999999996,133.0,3.989865127839857,-1.131272421447509,1.0464986478542546,-0.004326086078962295,-0.0006063932767902241,-0.002031498094311947,0.06771219647806759,-0.05269217491149902,0.17646118998527527,-0.16544651985168457,0.9503816366195679,0.4143165349960327,-1.0188703536987305,0.5668326020240784,0.12557727098464966,-0.351410835981369,0.6564514636993408,0.2824210822582245,-1.0763399600982666
0.4551758749999989,0.0034223749999999996,133.0,3.9768679933055164,-1.1185976798404735,1.0462492341402143,-0.004198302398612767,-0.000596334975030631,-0.0019679185852071023,0.06770850046934367,-0.053740233182907104,0.1762569695711136,-0.1676483452320099,0.9473271369934082,0.4125683307647705,-1.012087106704712,0.5854439735412598,0.1258205771446228,-0.33556506037712097,0.6553523540496826,0.26238471269607544,-1.0734450817108154
0.4551758749999989,0.0034223749999999996,133.0,3.963283772818182,-1.1050087214942614,1.0462124706522526,-0.004086679980527255,-0.0005767647114805045,-0.0019157006642101133,0.06771821176653291,-0.05303633213043213,0.17582179605960846,-0.16905760765075684,0.9421654343605042,0.4058363139629364,-1.0091552734375,0.594498336315155,0.1281878650188446,-0.3226359486579895,0.6506011486053467,0.25003382563591003,-1.0705702304840088
0.4551758749999989,0.0034223749999999996,133.0,3.949028348575866,-1.090697436527023,1.046107258811617,-0.003943890543307991,-0.0005549715088327641,-0.0018498208405001969,0.06773583593312824,-0.05105128884315491,0.17489561438560486,-0.17004746198654175,0.9351732134819031,0.39637643098831177,-1.0095715522766113,0.5994032025337219,0.1320202350616455,-0.31047022342681885,0.6435856819152832,0.24329331517219543,-1.0673633813858032
0.4551758749999989,0.0034223749999999996,133.0,3.9335779787974903,-1.0754626477165976,1.046106368703667,-0.0037637764163564514,-0.0005326469027181791,-0.0017698756708431941,0.06774026213401851,-0.05081826448440552,0.17437712848186493,-0.17181259393692017,0.9291893839836121,0.39117902517318726,-1.004903793334961,0.6132767200469971,0.13427793979644775,-0.2951240539550781,0.6392478942871094,0.22273759543895721,-1.0635792016983032
0.4551758749999989,0.0034223749999999996,133.0,3.917303863180227,-1.0593266635528023,1.046136435983072,-0.0035962697668855395,-0.0005085699182183657,-0.0016939423425477076,0.06774567414686831,-0.0505577027797699,0.17496590316295624,-0.17210328578948975,0.9260929822921753,0.38626837730407715,-1.0026013851165771,0.6162948608398438,0.13442474603652954,-0.28495222330093384,0.6334095001220703,0.2062830626964569,-1.0605218410491943
0.4551758749999989,0.0034223749999999996,133.0,3.900156842613434,-1.0424729104786792,1.0462751667575347,-0.00340504699897023,-0.0004837401014053267,-0.0016084399930303079,0.06775223012845091,-0.05025801062583923,0.17442873120307922,-0.1738050878047943,0.9190707802772522,0.37761610746383667,-0.9982664585113525,0.6307245492935181,0.13724389672279358,-0.2677249014377594,0.6285419464111328,0.18089933693408966,-1.0562591552734375
0.4551758749999989,0.0034223749999999996,133.0,3.8825111983608527,-1.0248384892409528,1.0464055163706143,-0.003222268940829502,-0.00045342363183132733,-0.001528976810766558,0.06777475108639246,-0.04735007882118225,0.17320577800273895,-0.17430666089057922,0.9105532765388489,0.36601537466049194,-1.001509189605713,0.6324043273925781,0.14182692766189575,-0.2556209862232208,0.6184625625610352,0.1726064383983612,-1.0523395538330078
0.4551758749999989,0.0034223749999999996,133.0,3.8635308902848426,-1.0060524015565284,1.0464722727328286,-0.0030359085673113996,-0.0004290081613298865,-0.0014430861464120258,0.06776968635498294,-0.04773828387260437,0.17394046485424042,-0.1750980019569397,0.906601071357727,0.35986512899398804,-0.9961504936218262,0.6413084268569946,0.14168521761894226,-0.23999282717704773,0.6121664047241211,0.14429020881652832,-1.0481176376342773
0.4551758749999989,0.0034223749999999996,133.0,3.843731084756146,-0.9866217270170374,1.0465270851049917,-0.002867604601351548,-0.0004066361451565288,-0.001368413162329678,0.0677733328660171,-0.047190070152282715,0.17313800752162933,-0.17705509066581726,0.8973494172096252,0.3495781421661377,-0.990809440612793,0.6595057845115662,0.14497986435890198,-0.21697457134723663,0.6047928333282471,0.11379056423902512,-1.0420969724655151
0.4551758749999989,0.0034223749999999996,133.0,3.823389462306361,-0.9664132602081559,1.0466250425709493,-0.0026472770175579937,-0.00037550112611725746,-0.001269011235543725,0.06778508196770147,-0.04560273885726929,0.17266905307769775,-0.17770755290985107,0.8893487453460693,0.33883941173553467,-0.9896507263183594,0.6666204929351807,0.14767420291900635,-0.19983766973018646,0.5948829650878906,0.0933031365275383,-1.0367294549942017
0.4551758749999989,0.0034223749999999996,133.0,3.801918767204433,-0.9460291107859313,1.0467985826144781,-0.0024287516590052404,-0.00035845383096010775,-0.0011683152701435994,0.06778415677088996,-0.0464230477809906,0.1708310842514038,-0.18138015270233154,0.8757100105285645,0.3372719883918762,-0.9788460731506348,0.704412579536438,0.15167397260665894,-0.1664002388715744,0.5899889469146729,0.05119211971759796,-1.0270702838897705
0.4551758749999989,0.0034223749999999996,133.0,3.779672591492519,-0.9241116079694098,1.0468533726497968,-0.0022220335128568846,-0.0003257607709493199,-0.001074510666720386,0.06779186966556312,-0.04486203193664551,0.1690119057893753,-0.18324294686317444,0.8635060787200928,0.32903075218200684,-0.9758639335632324,0.7230218052864075,0.15619215369224548,-0.14264562726020813,0.579653263092041,0.0271568913012743,-1.0193885564804077
0.4551758749999989,0.0034223749999999996,133.0,3.7565030780103226,-0.9012999300453157,1.046766566878882,-0.0020173414666159115,-0.0002987847250773504,-0.0009783102821167551,0.06778692452916985,-0.04419034719467163,0.16811300814151764,-0.18480229377746582,0.8529720902442932,0.3164653480052948,-0.9706344604492188,0.7401864528656006,0.1593931019306183,-0.11759360134601593,0.5700054168701172,-0.004373295232653618,-1.0119785070419312
0.4551758749999989,0.0034223749999999996,133.0,3.7323056413688014,-0.8770614998121843,1.0467486332997151,-0.0018539659878013639,-0.00026896102994483634,-0.0009030156857526391,0.06777543084374375,-0.04349592328071594,0.17034956812858582,-0.18359705805778503,0.8523797988891602,0.30231887102127075,-0.9676194190979004,0.7295789122581482,0.15732985734939575,-0.1101110652089119,0.5575084686279297,-0.027039499953389168,-1.0091166496276855
0.4551758749999989,0.0034223749999999996,133.0,3.707611809320211,-0.8525372637986732,1.0468221143270142,-0.001652476660088842,-0.00023798173261663135,-0.0008105678224812525,0.06777930160891654,-0.04239252209663391,0.1710616648197174,-0.1833515465259552,0.846668541431427,0.28756800293922424,-0.9647369384765625,0.7293174862861633,0.15797501802444458,-0.09577696770429611,0.5455706119537354,-0.050853244960308075,-1.0039124488830566
0.4551758749999989,0.0034223749999999996,133.0,3.681745028631496,-0.8272723682246272,1.0469797816967503,-0.0014663178311354783,-0.00021397146753229825,-0.000724780109144936,0.0677698562425428,-0.04182744026184082,0.17023712396621704,-0.18490421772003174,0.8350802659988403,0.27473995089530945,-0.9578349590301514,0.7468265891075134,0.16122660040855408,-0.07017012685537338,0.5347647666931152,-0.08397964388132095,-0.9954965114593506
0.4551758749999989,0.0034223749999999996,133.0,3.655174750006612,-0.8016194028810498,1.0471131131255595,-0.0012826758533651629,-0.00019004069236708144,-0.000638281506064162,0.06776464974599694,-0.041552603244781494,0.1676100343465805,-0.18791277706623077,0.8170174956321716,0.26729488372802734,-0.9487626552581787,0.7813602685928345,0.1665543019771576,-0.03201449662446976,0.524094820022583,-0.12265224009752274,-0.9827539920806885
0.4551758749999989,0.0034223749999999996,133.0,3.6279899788346692,-0.7749793880494568,1.0470825921736278,-0.001130721982793017,-0.0001709266675129352,-0.0005656091669420394,0.06775938925043785,-0.0406930148601532,0.16636896133422852,-0.1895085722208023,0.802169144153595,0.2511923015117645,-0.9402577877044678,0.8021789789199829,0.1702924370765686,0.0007488385308533907,0.5102837085723877,-0.15924082696437836,-0.9715481996536255
0.4551758749999989,0.0034223749999999996,133.0,3.5999680563514054,-0.7474910577171442,1.0471147235712397,-0.0009952670457550406,-0.0001506215712019956,-0.000501661642737573,0.06775888493795375,-0.03981655836105347,0.1650380641222,-0.19108723104000092,0.7860396504402161,0.23377011716365814,-0.9305405616760254,0.8238962292671204,0.174157053232193,0.035848189145326614,0.4952869415283203,-0.19701609015464783,-0.9591807126998901
0.4551758749999989,0.0034223749999999996,133.0,3.570791241965816,-0.7191335724497842,1.0471306797277136,-0.0008208567363742362,-0.00012540629687623635,-0.0004157809646038932,0.06774168444259328,-0.039203137159347534,0.16343508660793304,-0.19253863394260406,0.7682949900627136,0.22032439708709717,-0.9203073978424072,0.8481822609901428,0.1777021884918213,0.07418127357959747,0.4799497127532959,-0.2347521334886551,-0.9448881149291992
0.4551758749999989,0.0034223749999999996,133.0,3.540788653780265,-0.6900759433682214,1.0472668634389535,-0.0006882817743004706,-0.00010682080586799997,-0.00035099228746396176,0.06772317962733249,-0.039088040590286255,0.16168203949928284,-0.19418761134147644,0.748671293258667,0.20503196120262146,-0.907102108001709,0.8756746649742126,0.1818067729473114,0.11702392250299454,0.4649009704589844,-0.2764970064163208,-0.9292749166488647
0.4551758749999989,0.0034223749999999996,133.0,3.509891746343095,-0.6599642332291669,1.0473674663420438,-0.0005159530890128863,-8.071848593107288e-5,-0.00026562361880126407,0.0676991370823491,-0.038194507360458374,0.16014105081558228,-0.1953440010547638,0.7276992797851562,0.1855364739894867,-0.8946952819824219,0.8973543047904968,0.18605411052703857,0.16016609966754913,0.44724249839782715,-0.3180001378059387,-0.9124525785446167
0.4551758749999989,0.0034223749999999996,133.0,3.4782244750652116,-0.6286890141126097,1.0473091634554708,-0.0003236243336945161,-4.979456591115193e-5,-0.00016851024064475962,0.06767747932797344,-0.03597158193588257,0.15886154770851135,-0.19572852551937103,0.7047697901725769,0.16265210509300232,-0.8854653835296631,0.9103185534477234,0.19000059366226196,0.20363479852676392,0.42560863494873047,-0.3571934103965759,-0.8933638334274292
0.4551758749999989,0.0034223749999999996,133.0,3.445588575260258,-0.5966646240013777,1.0473017267142262,-0.00015102875495774285,-2.3200136883033965e-5,-7.964775888444677e-5,0.06764485231530074,-0.03419265151023865,0.15685030817985535,-0.19661003351211548,0.6746191382408142,0.13837626576423645,-0.8710372447967529,0.9298219084739685,0.19530361890792847,0.2604523003101349,0.4029862880706787,-0.4022907614707947,-0.8684172034263611
0.4551758749999989,0.0034223749999999996,133.0,3.412126023276788,-0.5644945177344228,1.0476053825989295,1.672138898835027e-5,2.6164377222686957e-6,8.932978885884596e-6,0.06761061319151845,-0.034215331077575684,0.15124069154262543,-0.19806073606014252,0.6214311122894287,0.11423040926456451,-0.8311717510223389,0.9722625017166138,0.20833560824394226,0.32120975852012634,0.3900034427642822,-0.414193332195282,-0.8284978866577148
0.4551758749999989,0.0034223749999999996,133.0,3.377725014947232,-0.5309917754776222,1.0476535661810484,0.0001845180470546469,2.897522124849217e-5,9.966798047784635e-5,0.06756554550539146,-0.03580427169799805,0.14519403874874115,-0.19717825949192047,0.5529845952987671,0.08399627357721329,-0.7616701126098633,1.0075875520706177,0.22483587265014648,0.3723932206630707,0.38878488540649414,-0.3769822120666504,-0.7770585417747498
0.4551758749999989,0.0034223749999999996,133.0,3.3422874780615666,-0.49615544952150337,1.0473534494112409,0.0003660990029337528,5.7071886712274525e-5,0.00019987240038842549,0.06750691058637535,-0.03824645280838013,0.1402955800294876,-0.19339802861213684,0.48357677459716797,0.05745093524456024,-0.6743245124816895,1.0200327634811401,0.24073809385299683,0.41386592388153076,0.39811253547668457,-0.3028154671192169,-0.7241619229316711
0.4551758749999989,0.0034223749999999996,133.0,3.3059049191235084,-0.4607700064484871,1.0473884758270722,0.0005085126691360205,7.877673270787573e-5,0.0002811797673431735,0.06744845832147923,-0.04156011343002319,0.13364775478839874,-0.18575432896614075,0.40167751908302307,0.035083625465631485,-0.5504434108734131,1.0111074447631836,0.2672485411167145,0.4352833032608032,0.43159914016723633,-0.15778861939907074,-0.6696822047233582
0.4551758749999989,0.0034223749999999996,133.0,3.269308511580202,-0.42485765127474934,1.0470278165705622,0.000669486592510297,0.0001059710862731228,0.0003718076826726727,0.06740594078397681,-0.10555317997932434,0.15523307025432587,-0.14661943912506104,0.33534738421440125,0.07180123776197433,-0.4542832374572754,0.6370524764060974,0.4291260242462158,0.39481890201568604,1.0035560131072998,-0.15040364861488342,-0.7679608464241028
0.4551758749999989,0.0034223749999999996,133.0,3.231993361051462,-0.3880358741337666,1.046586443279967,0.0008412629796257458,0.00013582221911513512,0.00046808836951302523,0.06736980196835823,-0.11413168907165527,0.1442113220691681,-0.142071932554245,0.24418143928050995,0.09402266144752502,-0.2573356628417969,0.6179476380348206,0.45897313952445984,0.4521547853946686,1.091095209121704,-0.05977664887905121,-0.7071815729141235
0.4551758749999989,0.0034223749999999996,133.0,3.1940585847852425,-0.3504129949768718,1.0460662215407692,0.0010364128520002382,0.00017150950585759125,0.0005767916382569485,0.06734600923668309,-0.12409359216690063,0.138875350356102,-0.1423254907131195,0.17222388088703156,0.12879890203475952,-0.015498638153076172,0.5504496097564697,0.47798678278923035,0.47611260414123535,1.1675636768341064,-0.06546328961849213,-0.6547946929931641
0.4551758749999989,0.0034223749999999996,133.0,3.155380978051805,-0.3119536210741855,1.0455728641916817,0.0012216561752175087,0.00020751330188609426,0.0006794573053342025,0.06733004229263746,-0.12591764330863953,0.13410036265850067,-0.14692646265029907,0.1258476823568344,0.15973295271396637,0.13281011581420898,0.4957963824272156,0.48208650946617126,0.5176106691360474,1.1803150177001953,-0.12267609685659409,-0.6126247644424438
0.4551758749999989,0.0034223749999999996,133.0,3.115677921633068,-0.27311060787424646,1.0453229040919094,0.0013415652710647322,0.000239012970314159,0.0007450012147665404,0.06731379437093599,-0.12316206097602844,0.12863297760486603,-0.15123426914215088,0.09817825257778168,0.18335719406604767,0.1774439811706543,0.4882831871509552,0.48624008893966675,0.6003671288490295,1.1607537269592285,-0.16741441190242767,-0.5888411402702332
0.4551758749999989,0.0034223749999999996,133.0,3.0750906992314135,-0.23287741397566067,1.0448976768719633,0.0014947682703876338,0.00027410929758085305,0.0008309419356962521,0.06729337792757806,-0.1212407648563385,0.12629802525043488,-0.15520793199539185,0.08335289359092712,0.1941787302494049,0.20221495628356934,0.4852910339832306,0.4819771647453308,0.6471116542816162,1.148036003112793,-0.19937661290168762,-0.5696104764938354
0.4551758749999989,0.0034223749999999996,133.0,3.033375157714639,-0.19101292678541026,1.0439522857438261,0.0016436605039756886,0.00030875215862153125,0.0009165785923740155,0.0672576558153923,-0.12104502320289612,0.12780334055423737,-0.15983936190605164,0.08892521262168884,0.192040354013443,0.2029125690460205,0.4928987920284271,0.4653201103210449,0.6678433418273926,1.1436691284179688,-0.2165372669696808,-0.5585798025131226
0.4551758749999989,0.0034223749999999996,133.0,2.992255589374729,-0.14809724055156134,1.0462292450103954,0.0017840049796553983,0.00032559015440729213,0.0010016695955780495,0.06718874223812765,-0.11710354685783386,0.12292250990867615,-0.16218683123588562,0.06064106523990631,0.19007904827594757,0.22119903564453125,0.49060729146003723,0.4742327332496643,0.6845042705535889,1.1237411499023438,-0.21388672292232513,-0.538947582244873
0.4551758749999989,0.0034223749999999996,133.0,2.948592245773393,-0.10548309290179478,1.0458091247682282,0.0018789535099740355,0.000369790347654052,0.0010576707262059525,0.0671437779630928,-0.11782991886138916,0.11656761169433594,-0.16227391362190247,0.03393341600894928,0.2121318131685257,0.24897480010986328,0.5199674367904663,0.5035028457641602,0.759703516960144,1.1020312309265137,-0.21897989511489868,-0.541256844997406
0.4551758749999989,0.0034223749999999996,133.0,2.90074693060827,-0.060157975752756734,1.0462798554039565,0.001847697903261188,0.00037951991380366873,0.0010733819625894775,0.06698590666626608,-0.15396565198898315,0.1434103548526764,-0.15868669748306274,0.07103069126605988,0.24242088198661804,0.2815535068511963,0.5860079526901245,0.4932810068130493,0.6638342142105103,1.3078563213348389,-0.2574114203453064,-0.5691900253295898
0.4551758749999989,0.0034223749999999996,133.0,2.8432301432545906,0.002298164469778039,1.0436986974877647,0.001730718265558391,-4.992734605292826e-5,0.0011429004814976743,0.06630948866977407,-0.26182690262794495,0.28578442335128784,-0.143740713596344,0.3603154420852661,0.0235498808324337,0.4829256534576416,-0.1532524824142456,0.6212636232376099,-1.3109920024871826,2.3806028366088867,-0.54378342628479,-0.9844071269035339
0.4551758749999989,0.0034223749999999996,133.0,2.776972271620723,0.042014974286598124,1.0445514796512283,0.00010522154548905208,-5.511788622211476e-6,7.083076495670154e-5,0.06504611725999922,-0.4123118221759796,0.17990858852863312,-0.12871822714805603,0.9008726477622986,-0.6386222839355469,0.8933558464050293,0.633970320224762,0.18402636051177979,-1.551365852355957,2.4240894317626953,-0.30732110142707825,-1.0846879482269287
0.4551758749999989,0.0034223749999999996,133.0,2.8149273329859232,0.07461628673962094,1.0500760600350696,-0.00178362147691503,-4.964557401288999e-5,-0.0011582297663060611,0.06449377730530918,-0.4262191951274872,0.1894855946302414,-0.07105383276939392,1.2260956764221191,-0.6482932567596436,0.8948996067047119,0.430789589881897,0.13183274865150452,-1.6763300895690918,2.3722763061523438,-0.09200964868068695,-1.3585619926452637
0.4551758749999989,0.0034223749999999996,133.0,2.8429383658458605,0.1280915669769428,1.0663010156457686,-0.002107496988287953,0.00030897954765928714,-0.0012325390242103242,0.06322223528043414,-0.5031352043151855,0.2292679250240326,0.04193320870399475,1.6905843019485474,-1.1545989513397217,0.9173523187637329,-0.27730533480644226,0.34992754459381104,-1.9615449905395508,2.3448667526245117,0.24649712443351746,-2.0422024726867676
0.4551758749999989,0.0034223749999999996,133.0,2.877384034510787,0.17853241111473986,1.0749677386920387,-0.002154672639896471,0.00044649164092979847,-0.0011764628348533814,0.06256519274387429,-0.5314853191375732,0.2505740821361542,0.07504698634147644,1.774567723274231,-1.4561537504196167,0.926348090171814,-0.42973607778549194,0.4741838574409485,-2.034024953842163,2.274536609649658,0.21564671397209167,-2.251126527786255
0.4551758749999989,0.0034223749999999996,133.0,2.918646825311931,0.2239712014924828,1.0781141745163507,-0.002054525586382821,0.00042816353037865697,-0.00108454117602288,0.062418705063916065,-0.5328176021575928,0.25299227237701416,0.08948478102684021,1.8425642251968384,-1.435492753982544,0.9264981746673584,-0.38775360584259033,0.4300810694694519,-2.0382742881774902,2.2109432220458984,0.2692759931087494,-2.2750658988952637
0.4551758749999989,0.0034223749999999996,133.0,2.9599509087355496,0.2673425156464328,1.0802852260322875,-0.0018933788063383399,0.00039523228881358814,-0.0009733281369981909,0.062348999539212566,-0.5330251455307007,0.2539159953594208,0.10370239615440369,1.8944998979568481,-1.4501067399978638,0.9210853576660156,-0.38772591948509216,0.40753498673439026,-2.0176727771759033,2.141429901123047,0.32534947991371155,-2.3043336868286133
0.4551758749999989,0.0034223749999999996,133.0,3.0006533503352504,0.3093375975685804,1.0815462001550538,-0.0016870176148935895,0.00034604196974083077,-0.0008504785829166563,0.062337207910786355,-0.5400829315185547,0.256625771522522,0.10687443614006042,1.894975185394287,-1.5123391151428223,0.9567216634750366,-0.3455217778682709,0.4310345947742462,-2.0268497467041016,2.12386417388916,0.3559747636318207,-2.3287065029144287
0.4551758749999989,0.0034223749999999996,133.0,3.040473798133653,0.35041080753761156,1.0820284450770659,-0.0015932858293511505,0.00031550019962258634,-0.0007933002741046758,0.06233357075651224,-0.5407291650772095,0.2573896646499634,0.11559221148490906,1.9238675832748413,-1.5236626863479614,0.9634393453598022,-0.3094826340675354,0.4135655462741852,-2.023360252380371,2.0735063552856445,0.4171830713748932,-2.3401899337768555
0.4551758749999989,0.0034223749999999996,133.0,3.0797758072214423,0.390688590910601,1.08340641734668,-0.0013704380911763333,0.0002647561292667731,-0.000667946750883399,0.06229391544222898,-0.5420892238616943,0.2574963867664337,0.12383565306663513,1.9493595361709595,-1.5454750061035156,0.9685701131820679,-0.2780892550945282,0.398897647857666,-2.0224945545196533,2.0229358673095703,0.4803676903247833,-2.3510897159576416
0.4551758749999989,0.0034223749999999996,133.0,3.1184603299110663,0.43000588177359134,1.0851339734698138,-0.0011994326917043109,0.0002256337605606432,-0.0005704894104024108,0.06226557930212492,-0.5384036302566528,0.2557641267776489,0.13658073544502258,1.997780203819275,-1.525320291519165,0.9466897249221802,-0.256029337644577,0.35132572054862976,-2.018040180206299,1.9465622901916504,0.5723271369934082,-2.3517391681671143
0.4551758749999989,0.0034223749999999996,133.0,3.1559590658847796,0.4685022760202862,1.086284175713603,-0.000979425564874024,0.00017967081449328805,-0.0004569766682378332,0.0622482956797939,-0.535682201385498,0.2532683312892914,0.14432552456855774,2.0174872875213623,-1.533764123916626,0.9320404529571533,-0.2212662696838379,0.32454714179039,-2.0264370441436768,1.8779635429382324,0.6723423600196838,-2.34477162361145
0.4551758749999989,0.0034223749999999996,133.0,3.1927239173484336,0.506063919899157,1.0873810579720176,-0.000782550405617425,0.00013984591957627468,-0.00035839700821911386,0.06223733376493859,-0.5163488388061523,0.23939119279384613,0.15247246623039246,2.0192933082580566,-1.48061203956604,0.8800402879714966,-0.2170707881450653,0.26415514945983887,-1.971095085144043,1.745804786682129,0.827900230884552,-2.2855477333068848
0.4551758749999989,0.0034223749999999996,133.0,3.2289103199762343,0.5425886694688423,1.0884374509772325,-0.0005931409096267397,0.00010322519385625866,-0.0002666423909986961,0.06223759790469661,-0.47598305344581604,0.21268394589424133,0.1614726483821869,1.9882904291152954,-1.3465056419372559,0.7742047309875488,-0.2627248167991638,0.1701536774635315,-1.8194890022277832,1.5374867916107178,1.0298699140548706,-2.1588900089263916
0.4551758749999989,0.0034223749999999996,133.0,3.264552129794561,0.578059997504412,1.0894173530398727,-0.00040883921723760056,6.929695356163911e-5,-0.00018048311653311597,0.062252514376563844,-0.43717536330223083,0.1888626664876938,0.16947534680366516,1.9484728574752808,-1.2036422491073608,0.6564229726791382,-0.31396812200546265,0.08186841011047363,-1.6804680824279785,1.3476221561431885,1.206636667251587,-2.0292961597442627
0.4551758749999989,0.0034223749999999996,133.0,3.2997152592612915,0.6124450687426746,1.0904016732079307,-0.0002298113428701401,3.8027261056633146e-5,-9.963529762994656e-5,0.06228231180297913,-0.3511753976345062,0.138078510761261,0.1925002634525299,1.7655675411224365,-0.1260908544063568,0.03287148475646973,-0.6506710052490234,-0.32061147689819336,-2.141310214996338,1.4494884014129639,1.0717087984085083,-1.4362289905548096
0.4551758749999989,0.0034223749999999996,133.0,3.333930148640113,0.6457418546105769,1.090724476001028,-6.833998491614228e-5,1.1358692233142407e-5,-2.9664274265559803e-5,0.0623525489811432,-0.31664612889289856,0.12608923017978668,0.19674262404441833,1.7216309309005737,-0.05732060968875885,-0.08980751037597656,-0.7218629121780396,-0.3544454574584961,-2.008690595626831,1.2658917903900146,1.1499446630477905,-1.3576653003692627
0.4551758749999989,0.0034223749999999996,133.0,3.3676566357343263,0.6781137119729999,1.0916808675660363,0.00014713662698538459,-2.519801889004678e-5,6.392018788345475e-5,0.0624103840190878,-0.2910407483577728,0.11773713678121567,0.19594702124595642,1.6731183528900146,-0.0006887831259518862,-0.17581939697265625,-0.7565705180168152,-0.3701716661453247,-1.9250444173812866,1.146376609802246,1.1944360733032227,-1.2930854558944702
0.4551758749999989,0.0034223749999999996,133.0,3.402155736178546,0.7075537440836042,1.0911301592981224,0.0003463851589880175,-5.9349974775965204e-5,0.0001476485930013861,0.06263792031078436,-0.275492399930954,0.11589305102825165,0.20135894417762756,1.672223687171936,0.04633549228310585,-0.23948407173156738,-0.792395293712616,-0.39313560724258423,-1.8787298202514648,1.049121618270874,1.18162202835083,-1.268865704536438
0.4551758749999989,0.0034223749999999996,133.0,3.4343556361397347,0.7382689335325093,1.0920851376242457,0.000546876047255665,-9.525320038699574e-5,0.0002312552776527511,0.06270615414920958,-0.264689177274704,0.11528298258781433,0.20429196953773499,1.6662815809249878,0.07458768039941788,-0.2826988697052002,-0.8172745108604431,-0.40270447731018066,-1.8476183414459229,0.9851253032684326,1.1697468757629395,-1.2531332969665527
0.4551758749999989,0.0034223749999999996,133.0,3.4664783257464014,0.7681757706196177,1.093907576174432,0.000785552055205114,-0.00013745303461761718,0.00032699445323515643,0.06273992869998037,-0.2614753544330597,0.11935056000947952,0.20488682389259338,1.6751559972763062,0.11637114733457565,-0.30260443687438965,-0.8142738938331604,-0.4073522090911865,-1.875377893447876,0.9755220413208008,1.1521037817001343,-1.2574658393859863
0.4551758749999989,0.0034223749999999996,133.0,3.49783528146081,0.7971423242016691,1.0954704675288545,0.0009555776642031258,-0.00016772278993084925,0.0003921315166569684,0.06279356920500978,-0.25820139050483704,0.12237279117107391,0.2068178355693817,1.6862456798553467,0.15046702325344086,-0.3238978385925293,-0.8167201280593872,-0.4151493310928345,-1.8891541957855225,0.956824779510498,1.1367613077163696,-1.2607845067977905
0.4551758749999989,0.0034223749999999996,133.0,3.5282185305348808,0.8253386044888176,1.0974417044466336,0.0011732896473469739,-0.00021058911102532458,0.00047348759117279266,0.06282580355913539,-0.25570669770240784,0.1247774064540863,0.2083662450313568,1.6956124305725098,0.17275027930736542,-0.340167760848999,-0.8219083547592163,-0.4201408624649048,-1.897513747215271,0.9413278102874756,1.1260151863098145,-1.265169382095337
0.4551758749999989,0.0034223749999999996,133.0,3.5573745632484886,0.8525445300724537,1.0983819648322204,0.0013382074254342975,-0.0002450494060274068,0.0005355946393574353,0.0628993798278786,-0.2528272569179535,0.124958336353302,0.2090463936328888,1.6987297534942627,0.17909207940101624,-0.3538691997528076,-0.83204585313797,-0.4218812584877014,-1.8986790180206299,0.9266128540039062,1.1311697959899902,-1.2665897607803345
0.4551758749999989,0.0034223749999999996,133.0,3.585948116804758,0.8789672080969386,1.0997059351797402,0.0015230862523194068,-0.00028381085863982803,0.00060304691913891,0.06295430144932672,-0.250708669424057,0.12642885744571686,0.21060189604759216,1.7058544158935547,0.19359244406223297,-0.36833643913269043,-0.838483452796936,-0.42604637145996094,-1.9011266231536865,0.9126694202423096,1.126386284828186,-1.2695574760437012
0.4551758749999989,0.0034223749999999996,133.0,3.6139216392377778,0.9044795795539451,1.1006566689954622,0.0017436797259351184,-0.00032635339476504437,0.0006853688130836483,0.06302177513010557,-0.24868878722190857,0.1284703016281128,0.21194609999656677,1.7128849029541016,0.2139299064874649,-0.38384103775024414,-0.8392956852912903,-0.4302322268486023,-1.9065624475479126,0.9015414714813232,1.1195732355117798,-1.2724426984786987
0.4551758749999989,0.0034223749999999996,133.0,3.6407352776367508,0.9293380160845318,1.101904539244187,0.001968026921723181,-0.000375907990565378,0.0007662484074814771,0.06306644919749496,-0.24669167399406433,0.13067936897277832,0.21474936604499817,1.7240084409713745,0.22533486783504486,-0.3980529308319092,-0.8511735200881958,-0.43585503101348877,-1.9029715061187744,0.8806571960449219,1.1033731698989868,-1.277853012084961
0.4551758749999989,0.0034223749999999996,133.0,3.6663884406362732,0.953175466830871,1.1026565292023538,0.002217078915266646,-0.0004293233241077296,0.0008544412799898374,0.06311973447626207,-0.24464377760887146,0.12960395216941833,0.2136906087398529,1.7206236124038696,0.22075027227401733,-0.4040200710296631,-0.8604662418365479,-0.43205195665359497,-1.9043588638305664,0.8769960403442383,1.1195834875106812,-1.2783899307250977
0.4551758749999989,0.0034223749999999996,133.0,3.691196667271252,0.9763458375198798,1.1034712365317012,0.002398173807776216,-0.0004732284852570171,0.0009204377788774767,0.06317589018291751,-0.24300262331962585,0.13065892457962036,0.21497198939323425,1.7256724834442139,0.23247531056404114,-0.416057825088501,-0.8653485774993896,-0.4353542923927307,-1.9054994583129883,0.8664638996124268,1.1176756620407104,-1.2801573276519775
0.4551758749999989,0.0034223749999999996,133.0,3.7150333596514997,0.9987143029590364,1.1042113872483976,0.002631822973993397,-0.000523350664147745,0.0010014862097878765,0.06322697563279896,-0.24144157767295837,0.13160556554794312,0.21613934636116028,1.730097770690918,0.24379505217075348,-0.42745041847229004,-0.8705192804336548,-0.43834447860717773,-1.9064366817474365,0.8567187786102295,1.1164897680282593,-1.2816154956817627
0.4551758749999989,0.0034223749999999996,133.0,3.7382884874610833,1.0202014451611974,1.1051288285585796,0.0028662018632343513,-0.0005814233134626975,0.0010854339269827462,0.06327211053113779,-0.23986777663230896,0.13262680172920227,0.2168978750705719,1.7336398363113403,0.25001654028892517,-0.4367861747741699,-0.8766733407974243,-0.4389703869819641,-1.9071177244186401,0.848250150680542,1.1141490936279297,-1.2845567464828491
0.4551758749999989,0.0034223749999999996,133.0,3.7606289607191483,1.0408674470051746,1.1058842481913056,0.0031157144845389163,-0.0006381377864024013,0.0011697402883092856,0.0633139655674777,-0.23827913403511047,0.1335345208644867,0.21711578965187073,1.7355787754058838,0.2538490295410156,-0.44472193717956543,-0.8823622465133667,-0.43785738945007324,-1.9083541631698608,0.8419828414916992,1.1131482124328613,-1.287654161453247
0.4551758749999989,0.0034223749999999996,133.0,3.7824926018719935,1.060512591221275,1.1073393623338164,0.003367290132659846,-0.0007080524837445179,0.001250495307646471,0.06333774276014226,-0.2369753122329712,0.13357703387737274,0.2175494134426117,1.7371174097061157,0.25760316848754883,-0.4519081115722656,-0.8899012207984924,-0.43842554092407227,-1.907578468322754,0.8352775573730469,1.116987705230713,-1.2886581420898438
0.4551758749999989,0.0034223749999999996,133.0,3.8030121194968216,1.0798434170831521,1.1087784890074739,0.0035648426160663545,-0.0007572741281830223,0.0013068075111136394,0.06336113190463911,-0.2360231876373291,0.13630886375904083,0.22116532921791077,1.7497867345809937,0.2728896141052246,-0.46477627754211426,-0.8980230689048767,-0.4466809034347534,-1.902101993560791,0.8155317306518555,1.0946204662322998,-1.2929277420043945
0.4551758749999989,0.0034223749999999996,133.0,3.822857214413209,1.0979414712124866,1.109703156337802,0.0037859090949907046,-0.0008135033184956268,0.0013762189566157068,0.06338749173376573,-0.23482632637023926,0.13582399487495422,0.21996310353279114,1.7462903261184692,0.2732574939727783,-0.4688866138458252,-0.900809109210968,-0.44279128313064575,-1.907089352607727,0.8182313442230225,1.1076709032058716,-1.2934563159942627
0.4551758749999989,0.0034223749999999996,133.0,3.841489071447933,1.1152130343404645,1.11017909737396,0.003968630307775768,-0.0008750404157023377,0.0014426342677710216,0.06344367973030583,-0.23337671160697937,0.13558407127857208,0.2198062241077423,1.7452946901321411,0.2723463177680969,-0.4743638038635254,-0.907575786113739,-0.44089066982269287,-1.9071425199508667,0.8141958713531494,1.1137712001800537,-1.294426441192627
0.4551758749999989,0.0034223749999999996,133.0,3.8595462585512825,1.132076379686813,1.1112471436842641,0.004194194783428245,-0.0009287230001951729,0.001510588403881364,0.06346985250353292,-0.23257708549499512,0.13904587924480438,0.2230563461780548,1.7571791410446167,0.29093387722969055,-0.487499475479126,-0.9096804857254028,-0.4480096697807312,-1.9055595397949219,0.7983658313751221,1.0892648696899414,-1.2990801334381104
0.4551758749999989,0.0034223749999999996,133.0,3.8766452147756287,1.1476755120248,1.1120180272469307,0.004389728268916555,-0.0009853086125167028,0.0015678869107068124,0.06350217673933269,-0.23098966479301453,0.1388784646987915,0.22449186444282532,1.760544776916504,0.2928747236728668,-0.49480676651000977,-0.9199792146682739,-0.4510961174964905,-1.8987245559692383,0.7835912704467773,1.086505651473999,-1.2993230819702148
0.4551758749999989,0.0034223749999999996,133.0,3.8928958393330855,1.162314155932576,1.1123253633562298,0.00458147327284203,-0.0010390062406302357,0.0016288987451539552,0.06354411651790479,-0.22933703660964966,0.13762013614177704,0.2231939136981964,1.755003809928894,0.29412415623664856,-0.49988365173339844,-0.9213168025016785,-0.4477907419204712,-1.9018954038619995,0.7846038341522217,1.1030210256576538,-1.297238826751709
0.4551758749999989,0.0034223749999999996,133.0,3.908454356419065,1.176208338350023,1.1129337562697015,0.004731308342308352,-0.001083328729714427,0.0016725577446976352,0.06357976061325339,-0.22741127014160156,0.13667689263820648,0.22323045134544373,1.7534540891647339,0.29749786853790283,-0.5069546699523926,-0.9251939058303833,-0.4485042691230774,-1.8978575468063354,0.7754430770874023,1.1092060804367065,-1.2950308322906494
0.4551758749999989,0.0034223749999999996,133.0,3.9230315841690104,1.1893657195653138,1.1136246916766592,0.004865691101954408,-0.0011286935359190666,0.0017054873059573308,0.06361748382955791,-0.2252179980278015,0.13681040704250336,0.2234930694103241,1.7533456087112427,0.2990727424621582,-0.514697790145874,-0.9289798736572266,-0.4479020833969116,-1.8924403190612793,0.7639281749725342,1.1053309440612793,-1.2955341339111328
0.4551758749999989,0.0034223749999999996,133.0,3.9369482025598552,1.2018546284188092,1.1147387076206254,0.005011915775468301,-0.0011741449509090492,0.0017425878063902262,0.06363696974956629,-0.22311672568321228,0.1360931694507599,0.22461506724357605,1.7550914287567139,0.3016415238380432,-0.5227570533752441,-0.935788094997406,-0.4503464102745056,-1.8858230113983154,0.7468698024749756,1.1029932498931885,-1.2948024272918701
0.4551758749999989,0.0034223749999999996,133.0,3.950084859304545,1.2134453636911038,1.1152955901390988,0.005172870567761739,-0.0012026962787684086,0.0017769985965557027,0.06365980933774329,-0.22145289182662964,0.1364239752292633,0.2267853319644928,1.7592487335205078,0.31212690472602844,-0.5338795185089111,-0.9384362101554871,-0.4557669758796692,-1.879622459411621,0.7295045852661133,1.095819115638733,-1.293487310409546
0.4551758749999989,0.0034223749999999996,133.0,3.962264281862659,1.2246954678320212,1.116516737260401,0.00533661269549588,-0.0012397563600507204,0.0018155814997609266,0.06366582778561149,-0.2211732268333435,0.13896232843399048,0.22871103882789612,1.765575647354126,0.3326527774333954,-0.5440695285797119,-0.9315639734268188,-0.4609311819076538,-1.882404088973999,0.7224948406219482,1.0823551416397095,-1.2946218252182007
0.4551758749999989,0.0034223749999999996,133.0,3.9734960071487864,1.2354937737840403,1.1179509941960062,0.005498532999559623,-0.0012723941788393123,0.0018479668086227882,0.0636633036350213,-0.2210579216480255,0.1429024338722229,0.23149338364601135,1.7755236625671387,0.35268956422805786,-0.5546495914459229,-0.9259697198867798,-0.4667004942893982,-1.8837528228759766,0.7112483978271484,1.0556741952896118,-1.2986913919448853
0.4551758749999989,0.0034223749999999996,133.0,3.9838002070672864,1.2451667889717524,1.1190618591149977,0.0056787228545823265,-0.001314165321461053,0.0018949087914843033,0.06367499092760427,-0.22106745839118958,0.14740878343582153,0.23631998896598816,1.7903015613555908,0.37310904264450073,-0.5670316219329834,-0.9259555339813232,-0.4772810935974121,-1.8766825199127197,0.6886165142059326,1.0164984464645386,-1.3026515245437622
0.4551758749999989,0.0034223749999999996,133.0,3.992538558965172,1.2561369720100046,1.1216214620783815,0.00593030260894078,-0.0013768114461162424,0.0019862723402316223,0.06350775319320717,-0.22280940413475037,0.15014345943927765,0.23331639170646667,1.7880924940109253,0.39317548274993896,-0.565190315246582,-0.9050332307815552,-0.4703155755996704,-1.9037905931472778,0.7163612842559814,1.024660587310791,-1.3076295852661133
0.4551758749999989,0.0034223749999999996,133.0,4.001148817993053,1.2643067260793686,1.1227596684168062,0.006207302727399461,-0.0014431958105060863,0.0020671007183900533,0.06350370237484851,-0.22348004579544067,0.1540774703025818,0.2344471514225006,1.7941747903823853,0.41450434923171997,-0.5716817378997803,-0.8938717842102051,-0.4733794331550598,-1.909906268119812,0.7168924808502197,1.0051729679107666,-1.3106207847595215
0.4551758749999989,0.0034223749999999996,133.0,4.008724846201946,1.2714806720678602,1.1232528709379035,0.006629651466108386,-0.0015317421093160066,0.002193194638447757,0.06351581699071751,-0.22327300906181335,0.15682388842105865,0.23703935742378235,1.801625370979309,0.42925840616226196,-0.5800347328186035,-0.8929522633552551,-0.4792741537094116,-1.9041509628295898,0.7024195194244385,0.9813498258590698,-1.3120441436767578
0.4551758749999989,0.0034223749999999996,133.0,4.01543875550527,1.2780689509519467,1.124370086456333,0.007335040075233508,-0.001703029147847797,0.002405034059687368,0.06351207893014048,-0.22346362471580505,0.15983405709266663,0.2404051125049591,1.8119431734085083,0.4433107376098633,-0.5871477127075195,-0.8965396285057068,-0.48668551445007324,-1.8942372798919678,0.6830828189849854,0.9495940804481506,-1.3147335052490234
0.4551758749999989,0.0034223749999999996,133.0,4.021323752019034,1.2837304194514185,1.1249429729668057,0.00893510930730919,-0.002071568455947632,0.0028970663822951315,0.06351929219819204,-0.22312778234481812,0.16064706444740295,0.24097493290901184,1.8133773803710938,0.45206838846206665,-0.5924062728881836,-0.8997491598129272,-0.48600274324417114,-1.888529896736145,0.6753971576690674,0.9398889541625977,-1.316800832748413
0.4551758749999989,0.0034223749999999996,133.0,4.02632247421696,1.2885773562132905,1.1260053276655793,0.016587096143651038,-0.003998802389081976,0.005231641435830478,0.06350059125702051,-0.22315135598182678,0.16055803000926971,0.24689164757728577,1.826359510421753,0.46409523487091064,-0.6055715084075928,-0.9483595490455627,-0.48855340480804443,-1.8374699354171753,0.6244111061096191,0.8892322778701782,-1.3266713619232178
0.4551758749999989,0.0034223749999999996,133.0,4.045798847075119,-1.2128798387996835,1.0371451929854993,-0.014141034009628435,-0.001417680739852843,-0.006632343788148881,0.06784152441795933,-0.03445211052894592,0.17458413541316986,-0.141495019197464,0.9652376174926758,0.3919278681278229,-1.1079025268554688,0.3439251184463501,0.13111791014671326,-0.47089460492134094,0.5980548858642578,0.5438210368156433,-1.0976736545562744
0.4551758749999989,0.0034223749999999996,133.0,4.0411920980436085,-1.207798606364102,1.0374735483713209,-0.00762626770031854,-0.0007405955953997853,-0.003606003327358833,0.06780135667305336,-0.03583243489265442,0.1774849146604538,-0.141182541847229,0.9669208526611328,0.38387972116470337,-1.1049408912658691,0.35505998134613037,0.12727078795433044,-0.47129637002944946,0.6270263195037842,0.5107907652854919,-1.0950161218643188
0.4551758749999989,0.0034223749999999996,133.0,4.035324170244755,-1.2019062421595241,1.0374000409783855,-0.006268068933993495,-0.0006013773694898295,-0.0029628984170489,0.06777748007560153,-0.037572890520095825,0.17870205640792847,-0.1421981155872345,0.9679266214370728,0.3843689262866974,-1.0982656478881836,0.36663326621055603,0.1253131926059723,-0.4656391143798828,0.6330480575561523,0.48721304535865784,-1.0938962697982788
0.4551758749999989,0.0034223749999999996,133.0,4.028910678544678,-1.1957843294549686,1.0372398148160336,-0.005668114879580419,-0.0005567499662326598,-0.0026798707058317633,0.06776619874759522,-0.039286524057388306,0.17906977236270905,-0.14420866966247559,0.9676121473312378,0.38943102955818176,-1.0896337032318115,0.3844982385635376,0.12429589033126831,-0.4576322138309479,0.6367230415344238,0.46508705615997314,-1.0924993753433228
0.4551758749999989,0.0034223749999999996,133.0,4.021327990386347,-1.1886336174309182,1.036961536391372,-0.005320548819040236,-0.0005372728127636905,-0.0025152680560006756,0.0677480638299095,-0.04118925333023071,0.17906029522418976,-0.14690521359443665,0.9661678671836853,0.3940611183643341,-1.0796682834625244,0.408061146736145,0.12400558590888977,-0.44567352533340454,0.6400179862976074,0.43929192423820496,-1.0907173156738281
0.4551758749999989,0.0034223749999999996,133.0,4.012543317934125,-1.1826107850679013,1.034184607661808,-0.005073528219051078,-0.0005826392380906764,-0.0023939124872032315,0.06780245060547962,-0.04155924916267395,0.17801719903945923,-0.14937052130699158,0.9619343876838684,0.39476633071899414,-1.0734119415283203,0.43047791719436646,0.12503311038017273,-0.42835330963134766,0.6395885944366455,0.4182436466217041,-1.087531328201294
0.4551758749999989,0.0034223749999999996,133.0,4.003306788008559,-1.1741458059034862,1.0338377249345385,-0.004871539811276516,-0.0005829743560165011,-0.0023002361986620835,0.06778772233724291,-0.04362863302230835,0.17677879333496094,-0.15381214022636414,0.9568912982940674,0.4031701385974884,-1.059807538986206,0.4687719941139221,0.12655287981033325,-0.40927302837371826,0.6435635089874268,0.3857676088809967,-1.0840444564819336
0.4551758749999989,0.0034223749999999996,133.0,3.9935499401196135,-1.1648134721128802,1.0335358021951673,-0.004720236505477642,-0.0005830271438820397,-0.002226664743432301,0.06777636495937978,-0.04556360840797424,0.1772170215845108,-0.1559823453426361,0.9561304450035095,0.4034550189971924,-1.0512125492095947,0.4869166612625122,0.12582606077194214,-0.39677348732948303,0.6448745727539062,0.36000412702560425,-1.0824577808380127
0.4551758749999989,0.0034223749999999996,133.0,3.9826189014988134,-1.1545082810174971,1.0332034016986285,-0.0045853401390070995,-0.0005864921455714014,-0.0021607684380682574,0.06775823418419731,-0.048204272985458374,0.17687839269638062,-0.15971317887306213,0.9524211287498474,0.4071241021156311,-1.0379753112792969,0.5203755497932434,0.1262601613998413,-0.37661075592041016,0.6479995250701904,0.32307812571525574,-1.0791244506835938
0.4551758749999989,0.0034223749999999996,133.0,3.9709785097307684,-1.143616773340812,1.0329680543828326,-0.004448414727033249,-0.0005915423773765179,-0.0020967172387088883,0.06774557141469094,-0.04999914765357971,0.17556455731391907,-0.16394096612930298,0.9463027119636536,0.41162538528442383,-1.0258278846740723,0.5564071536064148,0.12827417254447937,-0.3550753593444824,0.6501438617706299,0.29223209619522095,-1.07503342628479
0.4551758749999989,0.0034223749999999996,133.0,3.958874838202345,-1.1319218642026772,1.0327848264725268,-0.004321294479563511,-0.0005938517632978933,-0.002035662116198314,0.06774107476194245,-0.0514049232006073,0.17540252208709717,-0.1665022075176239,0.9423276782035828,0.4071422815322876,-1.017303466796875,0.5776187181472778,0.12948477268218994,-0.3377164900302887,0.6502048969268799,0.2642977237701416,-1.0721709728240967
0.4551758749999989,0.0034223749999999996,133.0,3.9458787405463633,-1.119240389770981,1.0325435768241007,-0.004193812632448685,-0.0005835813687618676,-0.001971959010802955,0.06773704022068547,-0.05207023024559021,0.17466557025909424,-0.16905158758163452,0.9378101825714111,0.40610817074775696,-1.010756492614746,0.598526120185852,0.13064584136009216,-0.3206380009651184,0.6486613750457764,0.2456761598587036,-1.0687694549560547
0.4551758749999989,0.0034223749999999996,133.0,3.932292036385527,-1.105620893516214,1.0324777498378024,-0.004082446439951322,-0.0005644168527216774,-0.001919559416078638,0.06774594113708032,-0.05172798037528992,0.17475801706314087,-0.17004793882369995,0.9340568780899048,0.39843806624412537,-1.0077159404754639,0.6049460172653198,0.13197854161262512,-0.30887287855148315,0.6440470218658447,0.23208218812942505,-1.0662312507629395
0.4551758749999989,0.0034223749999999996,133.0,3.9180331898122738,-1.091329677260178,1.0323908237131143,-0.00393971747826689,-0.0005426826599226621,-0.0018538315982839146,0.06776355471641236,-0.0497589111328125,0.17384102940559387,-0.17099100351333618,0.9271535277366638,0.38891372084617615,-1.0081517696380615,0.6096131205558777,0.13570183515548706,-0.2970789074897766,0.6369705200195312,0.2256380021572113,-1.063004970550537
0.4551758749999989,0.0034223749999999996,133.0,3.9025849052140145,-1.0760994908341353,1.032392696693212,-0.003759475248590941,-0.0005212648790080056,-0.0017742921533982542,0.06776793543384113,-0.049527525901794434,0.17333121597766876,-0.1727064847946167,0.9211638569831848,0.3836292624473572,-1.0035531520843506,0.6231915950775146,0.13789823651313782,-0.2818661034107208,0.6325407028198242,0.20532111823558807,-1.0591541528701782
0.4551758749999989,0.0034223749999999996,133.0,3.8862942171881625,-1.059903159835015,1.0324592564605974,-0.003592885024689657,-0.000495086736829303,-0.0016977505867322266,0.06777200876409967,-0.04931086301803589,0.1739439070224762,-0.17297670245170593,0.9181177020072937,0.37869521975517273,-1.001133680343628,0.6261518001556396,0.13794919848442078,-0.27180856466293335,0.6267378330230713,0.18883675336837769,-1.05604887008667
0.4551758749999989,0.0034223749999999996,133.0,3.869150147634691,-1.0431014119577893,1.0325605583335253,-0.003401431979741152,-0.0004725331341272311,-0.0016125122634231043,0.06777834699262363,-0.04898017644882202,0.17339302599430084,-0.17462167143821716,0.9110407829284668,0.3699522912502289,-0.9969227313995361,0.6402443647384644,0.14073574542999268,-0.2546915113925934,0.6217350959777832,0.16394555568695068,-1.051701307296753
0.4551758749999989,0.0034223749999999996,133.0,3.851484686419384,-1.0254444433841006,1.032682648566923,-0.003218925706451617,-0.0004426295619586227,-0.001532960692826009,0.06779968942342583,-0.046105027198791504,0.17216384410858154,-0.17507871985435486,0.9026082754135132,0.35833868384361267,-1.000152349472046,0.6418708562850952,0.14518755674362183,-0.24283738434314728,0.6116867065429688,0.15592853724956512,-1.0477354526519775
0.4551758749999989,0.0034223749999999996,133.0,3.8325017192389486,-1.0066633718001547,1.032744190703906,-0.0030326958806206677,-0.00041882090844890755,-0.0014470682649179417,0.06779423664757159,-0.0464937686920166,0.17291253805160522,-0.17582276463508606,0.8986825346946716,0.3521505892276764,-0.9948208332061768,0.6504083871841431,0.1449788510799408,-0.22740775346755981,0.6053619384765625,0.12798257172107697,-1.043473243713379
0.4551758749999989,0.0034223749999999996,133.0,3.8126943585531348,-0.9872219750908995,1.032799734072249,-0.0028646077528770653,-0.00039675790390920163,-0.001372315263219902,0.06779716461236183,-0.0459652841091156,0.17212903499603271,-0.17770782113075256,0.8894910216331482,0.3418338894844055,-0.9895303249359131,0.6681442260742188,0.14816391468048096,-0.20467734336853027,0.5979597568511963,0.09795652329921722,-1.0374032258987427
0.4551758749999989,0.0034223749999999996,133.0,3.7923378135613985,-0.967004731100625,1.0328906630308419,-0.002644484932066833,-0.0003663310763885931,-0.0012728563015600436,0.06780793761316278,-0.04439607262611389,0.17166167497634888,-0.17831018567085266,0.8815327882766724,0.3310471475124359,-0.9883689880371094,0.6750631928443909,0.15074634552001953,-0.18774491548538208,0.5880558490753174,0.07780185341835022,-1.0319664478302002
0.4551758749999989,0.0034223749999999996,133.0,3.770865952761782,-0.946624038432559,1.0330837409285383,-0.002426234647900834,-0.0003496102448306016,-0.0011720397511736974,0.06780656129102745,-0.045228272676467896,0.1698623150587082,-0.18186235427856445,0.8679070472717285,0.32930615544319153,-0.9777381420135498,0.7120128273963928,0.15467986464500427,-0.15458856523036957,0.5831120014190674,0.036285869777202606,-1.0222527980804443
0.4551758749999989,0.0034223749999999996,133.0,3.7485984810616646,-0.9246822419519226,1.0331458702491427,-0.0022198245773717173,-0.00031706394579549365,-0.0010781893720354005,0.06781234684702109,-0.04369649291038513,0.1680559366941452,-0.18364566564559937,0.8557426929473877,0.3209788203239441,-0.9747936725616455,0.7302826046943665,0.15907996892929077,-0.13104026019573212,0.5727944374084473,0.012609897181391716,-1.014492154121399
0.4551758749999989,0.0034223749999999996,133.0,3.7254187064003506,-0.9018628237247885,1.0330560658333694,-0.002015339331394727,-0.00029074895022551857,-0.0009818258627393005,0.06780654962973409,-0.043047428131103516,0.16718682646751404,-0.18511494994163513,0.8453764319419861,0.30845174193382263,-0.9696290493011475,0.7468233108520508,0.16212677955627441,-0.10648880153894424,0.563194990158081,-0.018228501081466675,-1.0070970058441162
0.4551758749999989,0.0034223749999999996,133.0,3.701200387767203,-0.8776142879819893,1.0330148586393129,-0.0018520863270277382,-0.0002617465995628163,-0.0009064372245356625,0.06779347871270688,-0.04236656427383423,0.1694381684064865,-0.18388694524765015,0.8450086712837219,0.2944672703742981,-0.9665834903717041,0.7359656691551208,0.15989747643470764,-0.09951521456241608,0.5508167743682861,-0.04033306613564491,-1.0042963027954102
0.4551758749999989,0.0034223749999999996,133.0,3.676492371720449,-0.8530830196108105,1.0330724574053158,-0.0016507756000155491,-0.00023159969551623616,-0.000813779566824871,0.06779603303859182,-0.04129210114479065,0.1701781302690506,-0.18358254432678223,0.8395842909812927,0.27986055612564087,-0.9637327194213867,0.7352119088172913,0.1603565812110901,-0.08586039394140244,0.539029598236084,-0.06334902346134186,-0.9991956949234009
0.4551758749999989,0.0034223749999999996,133.0,3.650615210314809,-0.8278121539286425,1.0332275203397983,-0.0014648119200061998,-0.00020819320757267337,-0.0007277879616253975,0.06778533241564129,-0.04074949026107788,0.16938148438930511,-0.18505781888961792,0.8281570076942444,0.2670252025127411,-0.9568564891815186,0.7521833777427673,0.16346144676208496,-0.060690149664878845,0.5282933712005615,-0.09578941762447357,-0.9907941818237305
0.4551758749999989,0.0034223749999999996,133.0,3.62403898325568,-0.8021385183854818,1.0333647022223964,-0.0012814078636893026,-0.00018475930019537222,-0.000640971247185318,0.06777917271641562,-0.040504008531570435,0.16679364442825317,-0.1879497915506363,0.8102568984031677,0.2595113217830658,-0.9478535652160645,0.7859402298927307,0.1686496138572693,-0.022938696667551994,0.5176780223846436,-0.13374561071395874,-0.9780741930007935
0.4551758749999989,0.0034223749999999996,133.0,3.596836682862649,-0.775493912133936,1.0333338565702626,-0.0011295911813441317,-0.00016617190607605292,-0.0005681805519527808,0.06777233434826428,-0.03967082500457764,0.16558650135993958,-0.18945999443531036,0.7956175208091736,0.24348106980323792,-0.9393434524536133,0.8061217665672302,0.17222726345062256,0.009298945777118206,0.5039346218109131,-0.16958673298358917,-0.9669188857078552
0.4551758749999989,0.0034223749999999996,133.0,3.568798973840139,-0.7479934488918458,1.0333644225528646,-0.00099430143985892,-0.0001462391917802997,-0.0005040634636557441,0.06776968959367592,-0.03882172703742981,0.16428819298744202,-0.19095805287361145,0.7796735763549805,0.22614161670207977,-0.9295706748962402,0.827244758605957,0.17594024538993835,0.04396839439868927,0.4889700412750244,-0.2066964954137802,-0.9545866250991821
0.4551758749999989,0.0034223749999999996,133.0,3.539614898246222,-0.7196241572253163,1.03337997124042,-0.0008200900875398787,-0.00012166171730112227,-0.00041781997177398414,0.0677511813760208,-0.038244426250457764,0.16271692514419556,-0.1923561692237854,0.7618866562843323,0.212743878364563,-0.9191560745239258,0.8511525988578796,0.1793973445892334,0.0824013352394104,0.4736151695251465,-0.24422356486320496,-0.9401634931564331
0.4551758749999989,0.0034223749999999996,133.0,3.509595181984825,-0.6905580605163444,1.0335203059329006,-0.0006876579268999098,-0.00010355085536231575,-0.00035281383722427314,0.06773054014516226,-0.038143426179885864,0.16091497242450714,-0.19416946172714233,0.7404767870903015,0.19703710079193115,-0.9051649570465088,0.8799954652786255,0.18380510807037354,0.12919895350933075,0.45795774459838867,-0.28891557455062866,-0.9230638146400452
0.4551758749999989,0.0034223749999999996,133.0,3.4786792679330083,-0.6604289143793778,1.0336147727824527,-0.0005155081614737615,-7.818425643064445e-5,-0.00026705127838088315,0.06770412541211514,-0.03720065951347351,0.15919266641139984,-0.19559183716773987,0.7162960767745972,0.176458939909935,-0.8914756774902344,0.9038316607475281,0.18869641423225403,0.1788516789674759,0.43915581703186035,-0.33458212018013,-0.903671145439148
0.4551758749999989,0.0034223749999999996,133.0,3.4469886988164857,-0.6291321601989848,1.0335436445694248,-0.00032335529182475766,-4.814650026573565e-5,-0.00016945158023607348,0.06767964235377354,-0.03489112854003906,0.15758085250854492,-0.19625331461429596,0.6891111135482788,0.15191784501075745,-0.8804905414581299,0.9189788103103638,0.19350486993789673,0.22999465465545654,0.4160933494567871,-0.377339631319046,-0.8811861276626587
0.4551758749999989,0.0034223749999999996,133.0,3.414335265404677,-0.5970725699494078,1.033531003445441,-0.0001509194396989653,-2.2385830020009748e-5,-8.009136455901971e-5,0.0676444462095648,-0.03465372323989868,0.15337887406349182,-0.19800329208374023,0.6343663930892944,0.12284059077501297,-0.8354189395904541,0.9575813412666321,0.20637962222099304,0.2783035337924957,0.40632104873657227,-0.3862365484237671,-0.8395987153053284
0.4551758749999989,0.0034223749999999996,133.0,3.3808512352704256,-0.5648694067337271,1.0338339153296368,1.671140284822519e-5,2.520775068304509e-6,8.983034932186225e-6,0.06760728979740513,-0.035616546869277954,0.1464214324951172,-0.19773328304290771,0.5687415599822998,0.09557922929525375,-0.7791378498077393,0.9978463053703308,0.22307232022285461,0.3394545614719391,0.399808406829834,-0.36549437046051025,-0.791086733341217
0.4551758749999989,0.0034223749999999996,133.0,3.346448790753169,-0.5313205479963613,1.0338625075103594,0.00018444057328922083,2.7869094213643553e-5,0.00010018832222312616,0.06756083125361283,-0.037671834230422974,0.14017899334430695,-0.1941158026456833,0.4964582324028015,0.06545360386371613,-0.6980292797088623,1.0184190273284912,0.24105194211006165,0.38876545429229736,0.40497326850891113,-0.2979274094104767,-0.7373589277267456
0.4551758749999989,0.0034223749999999996,133.0,3.3110149037486725,-0.4964336670298158,1.0335141880854206,0.0003660143375312863,5.4870315059793163e-5,0.00020076333852882738,0.06750228848030354,-0.04107019305229187,0.13487949967384338,-0.18717533349990845,0.4164234399795532,0.038124024868011475,-0.5786933898925781,1.010724425315857,0.26387810707092285,0.41001731157302856,0.43459057807922363,-0.16729703545570374,-0.6810182929039001
0.4551758749999989,0.0034223749999999996,133.0,3.2750270532715096,-0.46121673191217505,1.0332872094366536,0.0005087096462148444,7.723072076223577e-5,0.00028100261088034005,0.06745534772427904,-0.10191905498504639,0.15999576449394226,-0.1505052149295807,0.371756374835968,0.06742415577173233,-0.5159351825714111,0.6257753372192383,0.41813069581985474,0.3407749831676483,0.9624369144439697,-0.16382385790348053,-0.7932668328285217
0.4551758749999989,0.0034223749999999996,133.0,3.238484851231768,-0.4252223150990737,1.0328759294851146,0.0006698826366464554,0.00010390508237802908,0.0003710429903473095,0.06741923412143816,-0.11088624596595764,0.14887496829032898,-0.14505234360694885,0.280674546957016,0.08430125564336777,-0.33032774925231934,0.6183894276618958,0.44535887241363525,0.40251976251602173,1.0525193214416504,-0.055834900587797165,-0.7299762964248657
0.4551758749999989,0.0034223749999999996,133.0,3.2012115253731404,-0.3883449199551099,1.032412409570323,0.0008417699953230995,0.00013346911694108143,0.00046670038328866726,0.06738902310680625,-0.11892962455749512,0.14092357456684113,-0.14314588904380798,0.20376914739608765,0.11075494438409805,-0.1240692138671875,0.5771105885505676,0.4699341952800751,0.4357391893863678,1.1228091716766357,-0.009836409240961075,-0.6781193017959595
0.4551758749999989,0.0034223749999999996,133.0,3.163311873437683,-0.3507047677878725,1.031909213096286,0.0010368454438872468,0.00016914358309279474,0.000574877131557219,0.06737081461601303,-0.12419238686561584,0.1379256695508957,-0.14754581451416016,0.15754014253616333,0.14366497099399567,0.0545046329498291,0.5174400210380554,0.47148722410202026,0.46976903080940247,1.155670404434204,-0.05654482543468475,-0.633741021156311
0.4551758749999989,0.0034223749999999996,133.0,3.1246148258980573,-0.31222192984614894,1.0314451708665173,0.0012220720348716139,0.00020486972106467376,0.0006772840010608413,0.06735554054678196,-0.12229439616203308,0.13381318747997284,-0.15293791890144348,0.13103806972503662,0.16312265396118164,0.12497615814208984,0.4925888776779175,0.4669731557369232,0.5261725783348083,1.1443161964416504,-0.10051139444112778,-0.6026167273521423
0.4551758749999989,0.0034223749999999996,133.0,3.0848892693414154,-0.2733642427673946,1.0312108968411928,0.0013419712737801016,0.00023605953567129015,0.0007427978439151742,0.06733887978588035,-0.12061288952827454,0.12910477817058563,-0.15593987703323364,0.10800895094871521,0.18138828873634338,0.16367149353027344,0.4928476810455322,0.4731419086456299,0.597865879535675,1.1286695003509521,-0.1347750425338745,-0.5855554342269897
0.4551758749999989,0.0034223749999999996,133.0,3.044281891150565,-0.23311381798228634,1.0307952584511466,0.0014952167945390354,0.0002707605342630133,0.0008286157696483715,0.06731775740382888,-0.1179308295249939,0.1251567006111145,-0.15794160962104797,0.08823412656784058,0.18795175850391388,0.18453669548034668,0.49492740631103516,0.4768986105918884,0.6370127201080322,1.1106512546539307,-0.14937065541744232,-0.569347083568573
0.4551758749999989,0.0034223749999999996,133.0,3.002552125041728,-0.19123590471666313,1.0298646815465642,0.0016441786206191772,0.0003049214223457989,0.0009140996754696895,0.06728164848940191,-0.11803513765335083,0.12672196328639984,-0.16201770305633545,0.09455277025699615,0.18445314466953278,0.18345952033996582,0.5060445070266724,0.46189770102500916,0.6543272733688354,1.1062664985656738,-0.1618504822254181,-0.560724139213562
0.4551758749999989,0.0034223749999999996,133.0,2.961417778074425,-0.14831617181667694,1.0321510465625057,0.0017845696175221566,0.00032146411271081804,0.0009990433786272914,0.06721188661783585,-0.11612236499786377,0.12451004981994629,-0.1647992730140686,0.07800766825675964,0.18006008863449097,0.20029282569885254,0.5079679489135742,0.46336913108825684,0.6678346991539001,1.0963966846466064,-0.16340216994285583,-0.5455249547958374
0.4551758749999989,0.0034223749999999996,133.0,2.9177570676708546,-0.1056938396258555,1.03172668293188,0.00187953912885194,0.00036505315988041983,0.001055197836169873,0.06716661266507838,-0.1171991229057312,0.11800892651081085,-0.16484400629997253,0.050344571471214294,0.20201744139194489,0.23031377792358398,0.5377476215362549,0.49323174357414246,0.7430911064147949,1.0782952308654785,-0.16480930149555206,-0.5474919080734253
0.4551758749999989,0.0034223749999999996,133.0,2.8700779380157626,-0.060487736880848963,1.0321696945637113,0.001848566215016729,0.000374385447288868,0.0010697560798981884,0.06701591959259205,-0.15293949842453003,0.14488378167152405,-0.16188934445381165,0.0884217619895935,0.2327190488576889,0.2599296569824219,0.6013723611831665,0.48273181915283203,0.6439003348350525,1.2815065383911133,-0.2047259360551834,-0.5761048197746277
0.4551758749999989,0.0034223749999999996,133.0,2.813044192570863,0.0014380934829176112,1.029568410844772,0.0017323461452172062,-4.258406698854488e-5,0.0011333162539489932,0.06637457530056663,-0.25739535689353943,0.28625062108039856,-0.14636105298995972,0.37738168239593506,0.022692840546369553,0.44292569160461426,-0.1444675773382187,0.6154547929763794,-1.3331992626190186,2.323324203491211,-0.49548476934432983,-0.9957143068313599
0.4551758749999989,0.0034223749999999996,133.0,2.74733345510582,0.04219472175447268,1.0306438886945897,0.00010511143697772294,-6.043470647853627e-6,7.042838367473707e-5,0.06512083704970514,-0.4066337049007416,0.1794424057006836,-0.12971574068069458,0.8983578681945801,-0.6235677599906921,0.8728189468383789,0.6349003911018372,0.17692551016807556,-1.5504947900772095,2.4010019302368164,-0.2814596891403198,-1.0750097036361694
0.4551758749999989,0.0034223749999999996,133.0,2.7855051020614923,0.07402900432420155,1.0358419501075988,-0.0017801129833897981,-5.554258584500002e-5,-0.0011522663590165941,0.06458553334175127,-0.41935667395591736,0.18867944180965424,-0.07292258739471436,1.2166471481323242,-0.6363451480865479,0.8710182905197144,0.431031197309494,0.12647289037704468,-1.6753448247909546,2.346787452697754,-0.06150286644697189,-1.3436717987060547
0.4551758749999989,0.0034223749999999996,133.0,2.8137612395624108,0.12732637155798893,1.0517024567458568,-0.002100624906625659,0.00029835259751029677,-0.0012298261094918568,0.06333246468149913,-0.4955410063266754,0.2276645451784134,0.03923770785331726,1.6730132102966309,-1.1416174173355103,0.8966343402862549,-0.26511871814727783,0.3409678339958191,-1.9650698900222778,2.3207969665527344,0.2807040810585022,-2.0155599117279053
0.4551758749999989,0.0034223749999999996,133.0,2.848293809057331,0.17770400783198198,1.0603701803603602,-0.0021476620386971113,0.00043602153898354376,-0.001173819460702989,0.06268031434752828,-0.5241751670837402,0.24911952018737793,0.07243183255195618,1.757205605506897,-1.444326400756836,0.9079216718673706,-0.4182400703430176,0.4650908410549164,-2.0422589778900146,2.2521705627441406,0.252230703830719,-2.2245712280273438
0.4551758749999989,0.0034223749999999996,133.0,2.889541115019619,0.2231518527912665,1.0634573525588047,-0.0020474714431438163,0.00041891283365090055,-0.0010824952607162328,0.06253445900978413,-0.5253771543502808,0.25165724754333496,0.08659675717353821,1.8240464925765991,-1.4243751764297485,0.9080872535705566,-0.37712639570236206,0.42201387882232666,-2.0477349758148193,2.189105987548828,0.3064163625240326,-2.248396873474121
0.4551758749999989,0.0034223749999999996,133.0,2.930860057646468,0.2665163020883848,1.0655843734627606,-0.001886613212465553,0.0003870828314953666,-0.0009717290470649744,0.06246610863140589,-0.5255969762802124,0.25274407863616943,0.10068652033805847,1.875818133354187,-1.4395499229431152,0.9030539989471436,-0.3782622218132019,0.40032899379730225,-2.0284202098846436,2.1202516555786133,0.36161738634109497,-2.27838134765625
0.4551758749999989,0.0034223749999999996,133.0,2.9715948154582175,0.3084977800053661,1.0668276813855266,-0.0016808530546559145,0.00033914578276243913,-0.0008491285453138747,0.062455122139613406,-0.5326683521270752,0.25554877519607544,0.10370108485221863,1.8761066198349,-1.5012208223342896,0.9388110637664795,-0.3373594880104065,0.4242487847805023,-2.0379199981689453,2.1039066314697266,0.38992711901664734,-2.3029870986938477
0.4551758749999989,0.0034223749999999996,133.0,3.011443618605595,0.3495594842046725,1.067295524142667,-0.0015873359847414273,0.00030931509684075075,-0.0007921577170981119,0.0624514539353646,-0.5335586071014404,0.25654327869415283,0.11227336525917053,1.9050499200820923,-1.512555718421936,0.9466339349746704,-0.30334511399269104,0.4080868661403656,-2.03439998626709,2.0559306144714355,0.44653505086898804,-2.3158376216888428
0.4551758749999989,0.0034223749999999996,133.0,3.050759984368609,0.38983130603709476,1.0686395178902326,-0.0013651865164754848,0.00025972052674559545,-0.0006671423946370098,0.062412080016665636,-0.5354986190795898,0.25707879662513733,0.12033841013908386,1.9308406114578247,-1.5354455709457397,0.9545930624008179,-0.27351152896881104,0.39573442935943604,-2.033220052719116,2.009425640106201,0.5025069117546082,-2.3293607234954834
0.4551758749999989,0.0034223749999999996,133.0,3.089438685709417,0.4291511585485526,1.0703157193643096,-0.0011947068491498973,0.0002214923194339598,-0.0005700220181896379,0.062383629246556487,-0.5330847501754761,0.2562808394432068,0.13300886750221252,1.9803529977798462,-1.5190800428390503,0.9381719827651978,-0.2543697953224182,0.3526541590690613,-2.02726674079895,1.9408116340637207,0.5812786817550659,-2.3356034755706787
0.4551758749999989,0.0034223749999999996,133.0,3.126924795654361,0.46765467860557863,1.0714123845779542,-0.0009754556348192525,0.00017644110950264252,-0.0004568604753807398,0.06236574993024054,-0.5319943428039551,0.25497034192085266,0.14076408743858337,2.001830816268921,-1.532820224761963,0.9300180673599243,-0.22290818393230438,0.33145472407341003,-2.0327532291412354,1.8814496994018555,0.6647290587425232,-2.335982084274292
0.4551758749999989,0.0034223749999999996,133.0,3.163651167058867,0.5052491935987907,1.0724879466754147,-0.0007793656316386052,0.00013744713623872873,-0.00035850450342222307,0.062351677331618734,-0.528753399848938,0.2522379755973816,0.14811971783638,2.020005941390991,-1.5356124639511108,0.9119298458099365,-0.19117723405361176,0.3029329776763916,-2.041768789291382,1.8152518272399902,0.764532744884491,-2.3257288932800293
0.4551758749999989,0.0034223749999999996,133.0,3.1996312858692075,0.5419131643845635,1.0734800512847287,-0.000590746186766063,0.00010148682926935997,-0.0002671365494254988,0.06234308565832146,-0.5021083354949951,0.23355916142463684,0.15638044476509094,2.013526678085327,-1.4509284496307373,0.8406965732574463,-0.20744727551937103,0.22888973355293274,-1.9539165496826172,1.6599483489990234,0.9343663454055786,-2.2442171573638916
0.4551758749999989,0.0034223749999999996,133.0,3.2350329707349195,0.5775446052153516,1.0744257215724238,-0.00040726788626177475,6.815767529810595e-5,-0.00018107781877254523,0.06234600653568434,-0.4624299108982086,0.20796675980091095,0.16525575518608093,1.9816418886184692,-1.3106184005737305,0.7286840677261353,-0.2603529989719391,0.13683536648750305,-1.8057621717453003,1.4606904983520508,1.1221927404403687,-2.1186716556549072
0.4551758749999989,0.0034223749999999996,133.0,3.269922819926397,0.6120984980682596,1.0753530693240747,-0.00022898517041594038,3.7392564997600894e-5,-0.00010011938316738055,0.06236266068682183,-0.4245118200778961,0.18526481091976166,0.17306891083717346,1.9412577152252197,-1.164054274559021,0.607581377029419,-0.3183031380176544,0.051468342542648315,-1.6693366765975952,1.2793948650360107,1.2809433937072754,-1.9914577007293701
0.4551758749999989,0.0034223749999999996,133.0,3.303575307852278,0.6457193317278466,1.075500921486622,-6.829253552938266e-5,1.0924060783721646e-5,-2.959381844867009e-5,0.0624084674312597,-0.34157344698905945,0.13812114298343658,0.1939278542995453,1.7620450258255005,-0.11056095361709595,-0.006991147994995117,-0.6684615015983582,-0.32350295782089233,-2.1358606815338135,1.401285171508789,1.111964464187622,-1.429771900177002
0.4551758749999989,0.0034223749999999996,133.0,3.337057875586193,0.6782053249847021,1.076443653918313,0.00014706221333464693,-2.4268060193138724e-5,6.388674317514182e-5,0.06245315783851044,-0.3085571825504303,0.12527704238891602,0.19394096732139587,1.706127405166626,-0.039111047983169556,-0.11748933792114258,-0.7224702835083008,-0.3511648178100586,-2.0194315910339355,1.2434558868408203,1.1871742010116577,-1.3456339836120605
0.4551758749999989,0.0034223749999999996,133.0,3.3714741212290833,0.7076513331956187,1.075850247089504,0.0003461933866686558,-5.715740734991304e-5,0.00014772076724085006,0.062677531939945,-0.2892228066921234,0.12231510877609253,0.20262745022773743,1.7116589546203613,0.014228306710720062,-0.19753813743591309,-0.7795510292053223,-0.38541096448898315,-1.9492697715759277,1.1121642589569092,1.1765332221984863,-1.3163025379180908
0.4551758749999989,0.0034223749999999996,133.0,3.403548904875437,0.7384072301154364,1.0767515023471066,0.0005465815805202754,-9.178022645467911e-5,0.00023163834432379733,0.06274063293501585,-0.2708947956562042,0.1175474226474762,0.20347580313682556,1.6813760995864868,0.05491890758275986,-0.26163554191589355,-0.8054813742637634,-0.3964938521385193,-1.8851430416107178,1.020090103149414,1.1817957162857056,-1.2746503353118896
0.4551758749999989,0.0034223749999999996,133.0,3.435629745027274,0.7683069371084338,1.078570032561498,0.0007851635875590749,-0.0001325040769537499,0.0003275991527424608,0.06277270297112024,-0.2612801492214203,0.11950154602527618,0.2056616246700287,1.6773427724838257,0.10497995465993881,-0.3043489456176758,-0.8117482662200928,-0.4056634306907654,-1.8705976009368896,0.9703600406646729,1.1548182964324951,-1.2613204717636108
0.4551758749999989,0.0034223749999999996,133.0,3.466970297950315,0.797258173122974,1.0800806213279093,0.0009550171893856163,-0.00016161295596908194,0.00039309679275645744,0.0628269466356788,-0.2574274241924286,0.12232357263565063,0.20714786648750305,1.6865967512130737,0.14320354163646698,-0.32630419731140137,-0.8143885731697083,-0.4138011336326599,-1.8878544569015503,0.9513082504272461,1.1406737565994263,-1.262500286102295
0.4551758749999989,0.0034223749999999996,133.0,3.4973212253046224,0.8254675372932,1.0820700435988286,0.0011727003231999462,-0.0002032219133870554,0.00047457382839692685,0.0628583198877317,-0.2545382082462311,0.12459245324134827,0.20835444331169128,1.694640040397644,0.16872483491897583,-0.3428530693054199,-0.8195347785949707,-0.4189226031303406,-1.899265170097351,0.9357516765594482,1.1309454441070557,-1.2654619216918945
0.4551758749999989,0.0034223749999999996,133.0,3.5264595025728473,0.8526937706126707,1.0829973664637669,0.0013375473500284471,-0.00023669306458726957,0.0005369091974905153,0.06293165484380407,-0.25145241618156433,0.12469646334648132,0.20885196328163147,1.6970247030258179,0.1768437623977661,-0.35664844512939453,-0.8295700550079346,-0.4206386208534241,-1.9021917581558228,0.9210734367370605,1.1366357803344727,-1.2661923170089722
0.4551758749999989,0.0034223749999999996,133.0,3.5550256723231315,0.8791010522787189,1.084286617807551,0.0015222374954487927,-0.000274290038940759,0.0006047657617964064,0.0629874979874987,-0.249271422624588,0.1260996311903,0.21033892035484314,1.7037410736083984,0.1916026771068573,-0.3710031509399414,-0.8359291553497314,-0.4246496558189392,-1.9050565958023071,0.9072329998016357,1.132152795791626,-1.2689121961593628
0.4551758749999989,0.0034223749999999996,133.0,3.583000382484704,0.9046013243567149,1.085220031797352,0.0017426691024000854,-0.00031542452144363786,0.0006873730020457324,0.06305574016774745,-0.24726995825767517,0.12809693813323975,0.21167424321174622,1.7105762958526611,0.21148887276649475,-0.3862576484680176,-0.836577832698822,-0.42864614725112915,-1.9102346897125244,0.8962497711181641,1.1253756284713745,-1.2717928886413574
0.4551758749999989,0.0034223749999999996,133.0,3.609810330918589,0.9294507940467187,1.0864341600497904,0.0019667953719612608,-0.00036356720144736446,0.0007687534034871277,0.06310119332730825,-0.24528548121452332,0.13027004897594452,0.21446570754051208,1.7215569019317627,0.22258147597312927,-0.40033507347106934,-0.8483831882476807,-0.4341256022453308,-1.9064618349075317,0.8754775524139404,1.1091464757919312,-1.2772051095962524
0.4551758749999989,0.0034223749999999996,133.0,3.635446648877626,0.9533064289732605,1.0871939796328756,0.0022157379588035766,-0.0004156287760248978,0.0008572373659448385,0.06315423657652526,-0.2432832419872284,0.12920348346233368,0.21340373158454895,1.7181538343429565,0.21781907975673676,-0.40605664253234863,-0.8575862050056458,-0.4301978349685669,-1.9077879190444946,0.8720147609710693,1.12507963180542,-1.2778472900390625
0.4551758749999989,0.0034223749999999996,133.0,3.6602449396966543,0.9764766270871994,1.0879701191876103,0.0023966305611589425,-0.0004583324085483652,0.0009237544052521981,0.06321103371526139,-0.2416454255580902,0.13022911548614502,0.21466395258903503,1.7230453491210938,0.2293260395526886,-0.4179649353027344,-0.8623208999633789,-0.4333445429801941,-1.9088078737258911,0.8616085052490234,1.123193383216858,-1.279613733291626
0.4551758749999989,0.0034223749999999996,133.0,3.6840540688189445,0.9988566895303569,1.0886771402843392,0.002630061473509314,-0.0005070102858214124,0.001005427528474781,0.06326208472090546,-0.24010369181632996,0.1311611533164978,0.21580877900123596,1.7273378372192383,0.24044424295425415,-0.4291799068450928,-0.8673661947250366,-0.43616610765457153,-1.9097260236740112,0.8520870208740234,1.1219996213912964,-1.2811088562011719
0.4551758749999989,0.0034223749999999996,133.0,3.707309072704943,1.0203410686189731,1.0895728357075922,0.002864207713819462,-0.0005635597783605243,0.0010898880391910614,0.0633082344098909,-0.2385394275188446,0.1321616768836975,0.2165628969669342,1.7307910919189453,0.24648931622505188,-0.438403844833374,-0.8734889030456543,-0.43670839071273804,-1.9102805852890015,0.8436942100524902,1.119591236114502,-1.2840462923049927
0.4551758749999989,0.0034223749999999996,133.0,3.729634271947245,1.04100716580252,1.0902970489328492,0.003113413449693257,-0.0006186564357697836,0.0011748078422196499,0.06335114917107425,-0.23695862293243408,0.13304664194583893,0.21676316857337952,1.732608437538147,0.25016075372695923,-0.4462268352508545,-0.8791043758392334,-0.43549537658691406,-1.911453127861023,0.8375740051269531,1.118605375289917,-1.2871224880218506
0.4551758749999989,0.0034223749999999996,133.0,3.7515205056452166,1.0606477226784554,1.0917694933047422,0.0033649407409757828,-0.0006872966716443902,0.0012557757920175828,0.06337506200433132,-0.23567670583724976,0.13309264183044434,0.21722844243049622,1.7342253923416138,0.25376006960868835,-0.45331811904907227,-0.8867310285568237,-0.4360560178756714,-1.9104883670806885,0.8307685852050781,1.1221065521240234,-1.2882100343704224
0.4551758749999989,0.0034223749999999996,133.0,3.7720324768844695,1.0799661141596522,1.093176284897326,0.003562212047829104,-0.0007355676955499096,0.0013127301823015424,0.0633988491226602,-0.2347327172756195,0.1357990801334381,0.2208433449268341,1.7468278408050537,0.2688401937484741,-0.4661259651184082,-0.8948861360549927,-0.44422078132629395,-1.9049323797225952,0.8110802173614502,1.0997295379638672,-1.2925032377243042
0.4551758749999989,0.0034223749999999996,133.0,3.7918678550695737,1.0980781372822705,1.0941096775702295,0.003783280516071156,-0.0007905076931789073,0.0013823383494577192,0.06342498598720564,-0.23356905579566956,0.13532359898090363,0.2196483314037323,1.7433398962020874,0.26906266808509827,-0.4700596332550049,-0.8976503610610962,-0.4402722716331482,-1.9098681211471558,0.8139064311981201,1.112568974494934,-1.2930974960327148
0.4551758749999989,0.0034223749999999996,133.0,3.810489173091552,1.1153579744006752,1.0945677446431352,0.00396581293824933,-0.0008510432175216607,0.0014493512031072914,0.06348156151880768,-0.2321297526359558,0.13507434725761414,0.21948453783988953,1.7422982454299927,0.2680527865886688,-0.4754669666290283,-0.9043588638305664,-0.4383116364479065,-1.9098774194717407,0.8099656105041504,1.118622899055481,-1.2940802574157715
0.4551758749999989,0.0034223749999999996,133.0,3.8285400371340406,1.13220487031857,1.095608425871232,0.004191125933823071,-0.0009035431849752238,0.0015178973069761895,0.06350796772300077,-0.23132732510566711,0.13850504159927368,0.22272542119026184,1.754067063331604,0.2864299416542053,-0.4885425567626953,-0.906447172164917,-0.44533365964889526,-1.9081767797470093,0.7941977977752686,1.0941373109817505,-1.2987157106399536
0.4551758749999989,0.0034223749999999996,133.0,3.845610385062497,1.147822802986881,1.0963499800353198,0.004386396934612682,-0.0009589843826294653,0.0015760634338404826,0.06354049970495966,-0.22975102066993713,0.13833798468112946,0.2241446077823639,1.7573950290679932,0.2883579134941101,-0.4958188533782959,-0.9166894555091858,-0.44833099842071533,-1.90143883228302,0.7795801162719727,1.091354250907898,-1.2990117073059082
0.4551758749999989,0.0034223749999999996,133.0,3.861858234445534,1.1624696267949541,1.096655270028478,0.0045781317122225796,-0.0010115022987930776,0.0016374092035620939,0.06358221781513242,-0.22811204195022583,0.1370861828327179,0.22285136580467224,1.751853108406067,0.2895476520061493,-0.5008053779602051,-0.9180017113685608,-0.44497817754745483,-1.9045970439910889,0.7806606292724609,1.1077290773391724,-1.2969729900360107
0.4551758749999989,0.0034223749999999996,133.0,3.8773941520507473,1.1763928966285007,1.0972739229991235,0.004728064859236797,-0.0010550834985310433,0.001681232640719176,0.06361719885017567,-0.2262205183506012,0.1361788660287857,0.22289851307868958,1.7503962516784668,0.2929703891277313,-0.5077764987945557,-0.9219169616699219,-0.44565528631210327,-1.900688648223877,0.7716367244720459,1.1135958433151245,-1.2948925495147705
0.4551758749999989,0.0034223749999999996,133.0,3.8919629595243364,1.1895376405701092,1.097938845161933,0.004862153975124311,-0.0010998673241410918,0.00171486318651358,0.06365555286418295,-0.22382768988609314,0.13576219975948334,0.22282984852790833,1.7489949464797974,0.2916090190410614,-0.5146732330322266,-0.9271100759506226,-0.4441479444503784,-1.8944365978240967,0.7599844932556152,1.1124929189682007,-1.295018196105957
0.4551758749999989,0.0034223749999999996,133.0,3.905864771137242,1.2020433662115524,1.0990576403746324,0.005008487513995493,-0.001144712562982245,0.0017522553854067392,0.06367409234515856,-0.22186991572380066,0.13514015078544617,0.22336074709892273,1.749313473701477,0.29437604546546936,-0.5220944881439209,-0.9314907193183899,-0.4448854923248291,-1.891158938407898,0.7475340366363525,1.1129924058914185,-1.29460608959198
0.4551758749999989,0.0034223749999999996,133.0,3.9190232459811245,1.2136198846433828,1.0996070241390712,0.005169366376505926,-0.0011721473621533036,0.001786764244197066,0.06369740972752116,-0.22024866938591003,0.13553695380687714,0.22545269131660461,1.7533276081085205,0.30517420172691345,-0.5332736968994141,-0.9334251880645752,-0.45003682374954224,-1.8856927156448364,0.7311487197875977,1.106116771697998,-1.2934236526489258
0.4551758749999989,0.0034223749999999996,133.0,3.931216088392934,1.2248432294487541,1.100789860716453,0.005332813735862953,-0.0012080972080387423,0.0018260728162714558,0.06370402391180104,-0.22000566124916077,0.13843952119350433,0.22840741276741028,1.7625094652175903,0.3278263509273529,-0.5448455810546875,-0.9282914996147156,-0.4578897953033447,-1.885338306427002,0.7188284397125244,1.086495280265808,-1.2946674823760986
0.4551758749999989,0.0034223749999999996,133.0,3.9424656550039967,1.2356199339383707,1.1022298762741216,0.005494901783783312,-0.0012398828579437658,0.0018580637991998876,0.06370134835994061,-0.21990269422531128,0.1427208036184311,0.23141762614250183,1.7732597589492798,0.34761831164360046,-0.5557851791381836,-0.9231210350990295,-0.46374744176864624,-1.8861533403396606,0.7066726684570312,1.0567097663879395,-1.299433708190918
0.4551758749999989,0.0034223749999999996,133.0,3.9527900286627693,1.2452534089082825,1.103293381065393,0.005674673329207167,-0.0012803900005881835,0.0019059652475559995,0.06371385952505239,-0.21987822651863098,0.14684399962425232,0.2360624372959137,1.787158489227295,0.36801302433013916,-0.5678308010101318,-0.9229675531387329,-0.47418057918548584,-1.8794206380844116,0.6847193241119385,1.0204497575759888,-1.302677869796753
0.4551758749999989,0.0034223749999999996,133.0,3.961528351696146,1.2562149637029354,1.1058711347037122,0.005926590919679703,-0.0013415615938993997,0.0019971455631232057,0.0635451758880783,-0.2216368317604065,0.14959628880023956,0.23306909203529358,1.784920334815979,0.38799893856048584,-0.5657570362091064,-0.9021478891372681,-0.4671429991722107,-1.9065649509429932,0.7125015258789062,1.028370976448059,-1.3076980113983154
0.4551758749999989,0.0034223749999999996,133.0,3.9701700976169843,1.2643432442700202,1.1069798119378886,0.006203209089926678,-0.0014062376241912073,0.0020788794168706635,0.0635417032351706,-0.22227874398231506,0.15349248051643372,0.23422005772590637,1.7908660173416138,0.40917205810546875,-0.5722553730010986,-0.8911480903625488,-0.47017598152160645,-1.9124988317489624,0.7128701210021973,1.0088942050933838,-1.3105828762054443
0.4551758749999989,0.0034223749999999996,133.0,3.977759098228726,1.2714956753386335,1.1074716919954062,0.006625470638375434,-0.0014922150119690612,0.00220524504690039,0.06355375982714133,-0.22206884622573853,0.15623514354228973,0.2368309199810028,1.7982937097549438,0.42384690046310425,-0.580596923828125,-0.8903773427009583,-0.47603803873062134,-1.9066805839538574,0.6983201503753662,0.984912633895874,-1.312016248703003
0.4551758749999989,0.0034223749999999996,133.0,3.9844984983592253,1.2780554494004814,1.1085585562301257,0.007330241877523257,-0.0016591460831591957,0.002418704610927434,0.06355075231167313,-0.22224044799804688,0.15922412276268005,0.24021342396736145,1.8085317611694336,0.4378170669078827,-0.587801456451416,-0.894110918045044,-0.48340171575546265,-1.8966823816299438,0.6788363456726074,0.9531624913215637,-1.3146729469299316
0.4551758749999989,0.0034223749999999996,133.0,3.9903742199828462,1.2837209716292215,1.1091046313877426,0.008929454928887888,-0.002017894489153693,0.0029143763714194536,0.06355709354416472,-0.22190561890602112,0.16004012525081635,0.24077573418617249,1.8098276853561401,0.44656363129615784,-0.593036413192749,-0.8974478244781494,-0.4826122522354126,-1.891057014465332,0.671248197555542,0.9435068368911743,-1.3167085647583008
0.4551758749999989,0.0034223749999999996,133.0,3.995408630746348,1.2885691550215974,1.110148077692783,0.016578541699593632,-0.0038978768015292924,0.005262917574203687,0.06353815290554338,-0.2220342755317688,0.1598348617553711,0.24564501643180847,1.8201383352279663,0.4590495526790619,-0.6054940223693848,-0.9434051513671875,-0.48278099298477173,-1.844438076019287,0.6271593570709229,0.8990424275398254,-1.326348900794983
0.4551758749999989,0.0034223749999999996,133.0,4.014723401635331,-1.2134692618676004,1.023268735204119,-0.014123327405135864,-0.0013958424476444161,-0.006646532638953252,0.06786730292132402,-0.0332605242729187,0.173361673951149,-0.1428680717945099,0.9580948352813721,0.38637757301330566,-1.1052367687225342,0.35782065987586975,0.13483387231826782,-0.4579226076602936,0.592893123626709,0.5263151526451111,-1.094242811203003
0.4551758749999989,0.0034223749999999996,133.0,4.010121370369741,-1.2084110984709935,1.0236236996872605,-0.00761695605491396,-0.0007270088877486269,-0.0036132506161950613,0.06782727773102684,-0.03461569547653198,0.17628349363803864,-0.14255067706108093,0.9597447514533997,0.37769633531570435,-1.1021699905395508,0.3688216209411621,0.130985289812088,-0.45848631858825684,0.6217319965362549,0.49300292134284973,-1.091547966003418
0.4551758749999989,0.0034223749999999996,133.0,4.004257943088041,-1.2025240437547149,1.0235563917375832,-0.006260512373157734,-0.0005895624387060643,-0.0029688461542099805,0.06780320778162502,-0.0363408625125885,0.17751288414001465,-0.1435489058494568,0.9606853723526001,0.37801647186279297,-1.0955519676208496,0.380156934261322,0.12903913855552673,-0.4527982175350189,0.6276595592498779,0.4694001078605652,-1.090373158454895
0.4551758749999989,0.0034223749999999996,133.0,3.9978526262650163,-1.1964091621838915,1.0234081872852623,-0.005661268701962989,-0.0005455408488579878,-0.002685296325753394,0.06779222633686538,-0.03804627060890198,0.17789489030838013,-0.1455315351486206,0.9602863192558289,0.38295137882232666,-1.0870451927185059,0.3977256417274475,0.12804314494132996,-0.44472646713256836,0.6312549114227295,0.4472353458404541,-1.0889121294021606
0.4551758749999989,0.0034223749999999996,133.0,3.990279608328379,-1.1892576473338752,1.0231443860935896,-0.005314257255098077,-0.0005259479756766354,-0.002520218399552224,0.06777428884803703,-0.039945363998413086,0.17790323495864868,-0.14819148182868958,0.9587485790252686,0.3874761164188385,-1.0772287845611572,0.4209321439266205,0.12776589393615723,-0.43267494440078735,0.6344575881958008,0.42140355706214905,-1.0870473384857178
0.4551758749999989,0.0034223749999999996,133.0,3.981495093458,-1.1832374051013523,1.0203829476086046,-0.0050675232633220005,-0.0005713579504345645,-0.002398801291140272,0.06782937793855628,-0.04032301902770996,0.1768750697374344,-0.15061801671981812,0.9544896483421326,0.388146311044693,-1.0711076259613037,0.44302716851234436,0.12877044081687927,-0.41536155343055725,0.6339755058288574,0.4003576636314392,-1.083810567855835
0.4551758749999989,0.0034223749999999996,133.0,3.972267429525737,-1.1747697428637507,1.0200609275230126,-0.0048659252535342,-0.0005710265989257664,-0.0023049128243135216,0.06781483123620108,-0.04239681363105774,0.17565995454788208,-0.1550000011920929,0.9493073225021362,0.3964213728904724,-1.0577402114868164,0.4808385670185089,0.13031867146492004,-0.3961416184902191,0.6378514766693115,0.36783015727996826,-1.0802100896835327
0.4551758749999989,0.0034223749999999996,133.0,3.962520446974388,-1.165448355044834,1.019770089162167,-0.004714768053420447,-0.0005711900579737059,-0.002231304384832517,0.06780377856412469,-0.04431876540184021,0.17611579596996307,-0.15713655948638916,0.9484745860099792,0.39663028717041016,-1.0492503643035889,0.49864140152931213,0.12959423661231995,-0.38360849022865295,0.6390557289123535,0.3421245217323303,-1.0785531997680664
0.4551758749999989,0.0034223749999999996,133.0,3.951599912382136,-1.155138512862582,1.0194552601125315,-0.004580212515344838,-0.0005739985214637612,-0.0021652545973040137,0.06778564342775058,-0.04695424437522888,0.17580337822437286,-0.16081097722053528,0.944642961025238,0.40019306540489197,-1.0361924171447754,0.5315836071968079,0.13004204630851746,-0.3633439242839813,0.6420540809631348,0.30526456236839294,-1.0751093626022339
0.4551758749999989,0.0034223749999999996,133.0,3.9399728874305304,-1.1442529537221384,1.0192432380719512,-0.004443505116936373,-0.0005785639256592369,-0.0021011471756728502,0.06777338178206155,-0.04874885082244873,0.17451687157154083,-0.16496405005455017,0.9384458661079407,0.40454795956611633,-1.0242795944213867,0.5670287013053894,0.13205409049987793,-0.3418119251728058,0.644080400466919,0.2745600640773773,-1.0709341764450073
0.4551758749999989,0.0034223749999999996,133.0,3.927875585676554,-1.1325617459725061,1.0190713471811002,-0.0043165576093373206,-0.0005809627591087757,-0.002040013898160404,0.06776911373772432,-0.05014863610267639,0.17437422275543213,-0.1674794852733612,0.9344286322593689,0.40000447630882263,-1.0158331394195557,0.587848424911499,0.13322985172271729,-0.3245093822479248,0.6440103054046631,0.2468045949935913,-1.0679950714111328
0.4551758749999989,0.0034223749999999996,133.0,3.914884146935534,-1.119877545553342,1.0188384875166003,-0.004189310420035203,-0.0005705397555614305,-0.001976210100897381,0.06776501959417565,-0.05080893635749817,0.17364808917045593,-0.16998088359832764,0.9298917651176453,0.39883917570114136,-1.0094056129455566,0.6084347367286682,0.13434898853302002,-0.30745258927345276,0.642338752746582,0.228296160697937,-1.0645318031311035
0.4551758749999989,0.0034223749999999996,133.0,3.9012989185363462,-1.1062508560697342,1.018760274189136,-0.004078064827861502,-0.0005517746129000382,-0.0019237448911278798,0.06777364933747991,-0.05045658349990845,0.1737387627363205,-0.17094790935516357,0.9261616468429565,0.39109084010124207,-1.006387710571289,0.6146832704544067,0.13559886813163757,-0.2957834303379059,0.6375844478607178,0.21489252150058746,-1.061935305595398
0.4551758749999989,0.0034223749999999996,133.0,3.8870466326716615,-1.0919878404621757,1.0187035645111346,-0.003935428458236955,-0.0005298010487504786,-0.001858181176664624,0.06779125343759801,-0.04850560426712036,0.17283806204795837,-0.1718437373638153,0.9193416833877563,0.3814771771430969,-1.0068244934082031,0.6191136837005615,0.13921639323234558,-0.2843671143054962,0.6304588317871094,0.20870225131511688,-1.0586869716644287
0.4551758749999989,0.0034223749999999996,133.0,3.871582174566171,-1.0767248494478479,1.018678748481046,-0.003755479461494686,-0.0005091058949371854,-0.001778467620053506,0.06779471807530492,-0.048269301652908325,0.1723162829875946,-0.17352500557899475,0.9133144021034241,0.3761253356933594,-1.0022835731506348,0.632577657699585,0.14135366678237915,-0.2690878212451935,0.6259188652038574,0.18852978944778442,-1.0547399520874023
0.4551758749999989,0.0034223749999999996,133.0,3.8552853153495987,-1.0605149145455568,1.0187527008769581,-0.003589188912391911,-0.00048279230838638865,-0.0017018583760813864,0.06779802798649089,-0.04806455969810486,0.17293958365917206,-0.17376425862312317,0.9103066921234131,0.3711462616920471,-0.9998455047607422,0.6353608965873718,0.14132875204086304,-0.25919198989868164,0.6201019287109375,0.1722405105829239,-1.0515973567962646
0.4551758749999989,0.0034223749999999996,133.0,3.8381382636744146,-1.0437223144220547,1.0188461575197758,-0.0033978512469282204,-0.00046107965151360097,-0.0016166508940447248,0.06780388826329599,-0.047735750675201416,0.17239566147327423,-0.17535215616226196,0.9032407999038696,0.36235591769218445,-0.9956927299499512,0.6491237878799438,0.14404341578483582,-0.24225710332393646,0.6150429248809814,0.1477239727973938,-1.0471892356872559
0.4551758749999989,0.0034223749999999996,133.0,3.8204530872871145,-1.0260494981632766,1.0189589310451928,-0.0032155544160876607,-0.00043173183604980104,-0.0015371009232318675,0.06782401841577608,-0.044891953468322754,0.1711609661579132,-0.17576244473457336,0.8949041962623596,0.35073915123939514,-0.9989218711853027,0.6506637334823608,0.14836645126342773,-0.23068952560424805,0.6050279140472412,0.1400362104177475,-1.0431909561157227
0.4551758749999989,0.0034223749999999996,133.0,3.8014643493472406,-1.0072678177983283,1.0190158024358282,-0.003029475641846027,-0.00040853309863009507,-0.0014511883666078914,0.0678180427859363,-0.04528319835662842,0.1719202995300293,-0.1764688491821289,0.8909902572631836,0.3445071280002594,-0.993588924407959,0.6589303612709045,0.14809590578079224,-0.21538978815078735,0.598679780960083,0.11239977926015854,-1.03887939453125
0.4551758749999989,0.0034223749999999996,133.0,3.7816471485165293,-0.987815034423688,1.0190771296699295,-0.0028616317407605674,-0.00038665882155156794,-0.0013763768669900359,0.067819992808274,-0.04477578401565552,0.1711544245481491,-0.1782906949520111,0.8818399906158447,0.33415815234184265,-0.9883158206939697,0.6762869358062744,0.15117788314819336,-0.19288849830627441,0.5912618637084961,0.0827706903219223,-1.0327471494674683
0.4551758749999989,0.0034223749999999996,133.0,3.7612761158883443,-0.9675882846272165,1.0191601381773048,-0.0026417236709099377,-0.00035693940760095913,-0.0012768430170664125,0.06782970649900238,-0.04322725534439087,0.17069433629512787,-0.17883577942848206,0.8739748597145081,0.32335153222084045,-0.9871745109558105,0.6829150915145874,0.15363836288452148,-0.1762656718492508,0.5813863277435303,0.063056580722332,-1.02728271484375
0.4551758749999989,0.0034223749999999996,133.0,3.7398038310966637,-0.9472071080196875,1.0193705403376927,-0.0024237712992060205,-0.00034053599060352514,-0.0011758644341067785,0.06782777047285922,-0.044075965881347656,0.16893509030342102,-0.18227195739746094,0.8603915572166443,0.3214791417121887,-0.9766979217529297,0.7190364003181458,0.15749451518058777,-0.1434219628572464,0.5764224529266357,0.022146573290228844,-1.0175321102142334
0.4551758749999989,0.0034223749999999996,133.0,3.717517591245551,-0.9252437313170512,1.019435789676876,-0.002217645530498844,-0.0003082854530077507,-0.0010819090551764557,0.06783186964902332,-0.04257762432098389,0.16715224087238312,-0.1839624047279358,0.8483684659004211,0.3131169080734253,-0.9738399982452393,0.7367897629737854,0.1617538332939148,-0.12029578536748886,0.5661654472351074,-0.0009730774909257889,-1.0097728967666626
0.4551758749999989,0.0034223749999999996,133.0,3.694324314318808,-0.9024094687269232,1.0193385615751838,-0.002013388767904434,-0.0002826355847965723,-0.0009853731016870946,0.0678249135005145,-0.04194900393486023,0.16630509495735168,-0.18535473942756653,0.8381461501121521,0.30060815811157227,-0.968712568283081,0.7528284192085266,0.164655864238739,-0.09613532572984695,0.5566048622131348,-0.031194405630230904,-1.0023773908615112
0.4551758749999989,0.0034223749999999996,133.0,3.670094047717816,-0.8781586995291756,1.0192745156717373,-0.0018502431015426245,-0.00025451510499148325,-0.0009098126969821955,0.0678108555928875,-0.0412830114364624,0.168577179312706,-0.18409991264343262,0.8380404710769653,0.2868075668811798,-0.965660572052002,0.7416644096374512,0.1622534692287445,-0.08974649012088776,0.5443706512451172,-0.052672479301691055,-0.9996682405471802
0.4551758749999989,0.0034223749999999996,133.0,3.645366331594292,-0.8536215923935794,1.0193151585799884,-0.0016490799461092904,-0.00022521959066665307,-0.0008170260859468953,0.06781188056251011,-0.04022735357284546,0.16933175921440125,-0.18375277519226074,0.8328109383583069,0.2722782492637634,-0.9628033638000488,0.7406092286109924,0.16256031394004822,-0.07654840499162674,0.5326991081237793,-0.07506360113620758,-0.9946116805076599
0.4551758749999989,0.0034223749999999996,133.0,3.619481003573166,-0.8283420989777841,1.019469909308623,-0.0014633188139617987,-0.00020237046200437015,-0.000730802895374987,0.06780008276188132,-0.039712339639663696,0.1685706377029419,-0.1851465106010437,0.8215885162353516,0.2594921290874481,-0.9559528827667236,0.7570000290870667,0.1655094027519226,-0.051872603595256805,0.522047758102417,-0.106828972697258,-0.9862605929374695
0.4551758749999989,0.0034223749999999996,133.0,3.5928916977306957,-0.8026515852458548,1.019613616915598,-0.0012801427274718809,-0.00017941812756048215,-0.0006437362791492349,0.0677924428249814,-0.0394957959651947,0.16601964831352234,-0.18793317675590515,0.8038246631622314,0.25192248821258545,-0.9469757080078125,0.7900623083114624,0.17058223485946655,-0.01446378231048584,0.5114693641662598,-0.14415518939495087,-0.9735614061355591
0.4551758749999989,0.0034223749999999996,133.0,3.5656721789964965,-0.7760016283766341,1.0195820197153482,-0.0011284728319382793,-0.0001613519191483278,-0.0005708071779658305,0.06778392717814281,-0.03868857026100159,0.164842426776886,-0.18936887383460999,0.7893476486206055,0.2359670102596283,-0.9384138584136963,0.8097078800201416,0.17402726411819458,0.017378054559230804,0.4977610111236572,-0.17938467860221863,-0.962436854839325
0.4551758749999989,0.0034223749999999996,133.0,3.537624997112081,-0.7484858161016595,1.019610817160449,-0.00099334232902754,-0.00014181539082134878,-0.0005064726133872278,0.06777969422821795,-0.037880897521972656,0.16357217729091644,-0.19082875549793243,0.7733493447303772,0.2187288999557495,-0.9284365177154541,0.8305862545967102,0.1776350438594818,0.052203014492988586,0.48274993896484375,-0.2163962423801422,-0.9499449729919434
0.4551758749999989,0.0034223749999999996,133.0,3.508430270617215,-0.7201058087165312,1.0196251370665779,-0.0008193312635966687,-0.00011790071391446584,-0.00041986886670193277,0.06775960939024059,-0.03732198476791382,0.161948561668396,-0.19240331649780273,0.753852367401123,0.20492760837078094,-0.9172987937927246,0.8560330271720886,0.18138286471366882,0.09459686279296875,0.46679258346557617,-0.2571515440940857,-0.9340978264808655
0.4551758749999989,0.0034223749999999996,133.0,3.478394931518101,-0.69102906411545,1.019771182851582,-0.0006870522508830733,-0.00010023068388244599,-0.00035463418463410417,0.06773670545230277,-0.03717172145843506,0.159999817609787,-0.1944534182548523,0.7295717000961304,0.1882047951221466,-0.9021897315979004,0.8868181109428406,0.1863725781440735,0.14736798405647278,0.4500422477722168,-0.3058941662311554,-0.9147032499313354
0.4551758749999989,0.0034223749999999996,133.0,3.4474623771292037,-0.660882746019413,1.0198605975965171,-0.000515077584803863,-7.559372024667008e-5,-0.0002684814858692804,0.067707888363532,-0.03615051507949829,0.15802432596683502,-0.19608542323112488,0.7017691731452942,0.1662052869796753,-0.8869717121124268,0.9122907519340515,0.19197601079940796,0.20362403988838196,0.4298985004425049,-0.35457345843315125,-0.8923969268798828
0.4551758749999989,0.0034223749999999996,133.0,3.4157496150828837,-0.6295527828926576,1.019778995596373,-0.0003231149536136383,-4.643720121082988e-5,-0.00017036148802881796,0.06768063814956356,-0.034733861684799194,0.15489040315151215,-0.19759546220302582,0.656761884689331,0.1376737505197525,-0.855726957321167,0.9413717985153198,0.20221152901649475,0.25228941440582275,0.4143550395965576,-0.37743908166885376,-0.857757568359375
0.4551758749999989,0.0034223749999999996,133.0,3.3830834237631273,-0.5974521259467551,1.0197645066849879,-0.00015082849124056584,-2.15361149224004e-5,-8.050938154983278e-5,0.06764308684474361,-0.03539159893989563,0.14939409494400024,-0.1982705295085907,0.5890603065490723,0.10513115674257278,-0.7952673435211182,0.9812954664230347,0.21814611554145813,0.30328068137168884,0.40984225273132324,-0.36026424169540405,-0.8064376711845398
0.4551758749999989,0.0034223749999999996,133.0,3.3495891257181105,-0.5652058017516015,1.0200550784316278,1.6704113752694582e-5,2.421252358534644e-6,9.028058004785868e-6,0.06760376219523802,-0.03737589716911316,0.1413978785276413,-0.1951068937778473,0.5116329193115234,0.07490596175193787,-0.7181358337402344,1.0118426084518433,0.23922517895698547,0.35758674144744873,0.4138960838317871,-0.29431724548339844,-0.7507181167602539
0.4551758749999989,0.0034223749999999996,133.0,3.3151852058471887,-0.5316104934954026,1.0200422029237703,0.00018439418939090215,2.675311753398391e-5,0.00010063408983513293,0.06755650263303328,-0.04028409719467163,0.1347489058971405,-0.1879780888557434,0.429219514131546,0.043185148388147354,-0.6084637641906738,1.0123480558395386,0.26351410150527954,0.38873785734176636,0.4369008541107178,-0.1718382090330124,-0.6933979988098145
0.4551758749999989,0.0034223749999999996,133.0,3.279953998880594,-0.49679014570111835,1.019537930201415,0.000366052949448683,5.3264320055930553e-5,0.00020106895066756306,0.0675044458509043,-0.10071763396263123,0.16367265582084656,-0.15245142579078674,0.3978319466114044,0.06534792482852936,-0.5480213165283203,0.610796332359314,0.4141215682029724,0.2806699872016907,0.942857027053833,-0.15726187825202942,-0.8153649568557739
0.4551758749999989,0.0034223749999999996,133.0,3.2442047072270745,-0.4616116009127706,1.0191595220271832,0.0005089702092610648,7.57203774410722e-5,0.0002804939076282942,0.06746768872146608,-0.10975292325019836,0.15254639089107513,-0.14656388759613037,0.3064098656177521,0.07799011468887329,-0.36978840827941895,0.610142171382904,0.43923527002334595,0.3458360433578491,1.0327277183532715,-0.04258912801742554,-0.7496171593666077
0.4551758749999989,0.0034223749999999996,133.0,3.207696872003291,-0.4255575207054847,1.0187237168325114,0.0006702680098769508,0.00010201525073295795,0.00037003199855601234,0.06743679597070382,-0.1157279908657074,0.1446463167667389,-0.14496970176696777,0.23524467647075653,0.09849180281162262,-0.19883441925048828,0.5835192203521729,0.4579211473464966,0.3931981027126312,1.089320421218872,0.010751461610198021,-0.6975141167640686
0.4551758749999989,0.0034223749999999996,133.0,3.1704768761255218,-0.3886595026364923,1.0182642011285528,0.0008421096124988329,0.0001315693607844639,0.0004651534727431113,0.0674135448178464,-0.12408015131950378,0.1417117416858673,-0.1472991704940796,0.18180504441261292,0.1316397786140442,0.011151313781738281,0.5219311714172363,0.4653639793395996,0.4126036763191223,1.1417064666748047,-0.011275258846580982,-0.651982307434082
0.4551758749999989,0.0034223749999999996,133.0,3.132558077026686,-0.3509933918687789,1.01779001001586,0.001037190252543195,0.00016689252135417118,0.000573036616082474,0.06739613536219027,-0.12262451648712158,0.13753311336040497,-0.15253588557243347,0.15461201965808868,0.15182308852672577,0.08390426635742188,0.499808132648468,0.46082064509391785,0.4700622260570526,1.131856918334961,-0.04772911220788956,-0.6201677322387695
0.4551758749999989,0.0034223749999999996,133.0,3.093829570642653,-0.31248361982354944,1.0173473516937492,0.0012224588560782994,0.0002021752133154085,0.0006752426410145032,0.06738015119111901,-0.11836934089660645,0.13189899921417236,-0.15623387694358826,0.12995287775993347,0.1627657264471054,0.11475682258605957,0.494466096162796,0.4615202248096466,0.5276092290878296,1.1080975532531738,-0.06639417260885239,-0.5959590673446655
0.4551758749999989,0.0034223749999999996,133.0,3.054080842516842,-0.2736070495947564,1.017118735417709,0.0013423666634930055,0.0002330340054226072,0.0007407371898129076,0.06736276879098409,-0.11699101328849792,0.1276579052209854,-0.15833675861358643,0.11022701859474182,0.1762675791978836,0.14841389656066895,0.49876758456230164,0.46846890449523926,0.5917028188705444,1.0928895473480225,-0.09448983520269394,-0.5830036401748657
0.4551758749999989,0.0034223749999999996,133.0,3.013462667776574,-0.23334992316987177,1.0167106614663002,0.001495639447344113,0.00026731363041352995,0.0008264322667766038,0.06734139937941053,-0.11657732725143433,0.12643718719482422,-0.16042780876159668,0.10216222703456879,0.17942474782466888,0.16528034210205078,0.5076473355293274,0.4668435752391815,0.6239752173423767,1.0848870277404785,-0.11095932871103287,-0.5732624530792236
0.4551758749999989,0.0034223749999999996,133.0,2.9717270735872634,-0.19146834197001708,1.015795303296342,0.0016446535951075549,0.000300970672719497,0.0009117527158124181,0.06730536792273105,-0.1170295774936676,0.12830756604671478,-0.1643487811088562,0.10930654406547546,0.1750335544347763,0.16337871551513672,0.5204998850822449,0.45202088356018066,0.6389917135238647,1.0817971229553223,-0.12163455784320831,-0.5656511187553406
0.4551758749999989,0.0034223749999999996,133.0,2.93057957654231,-0.14854496426310307,1.0180911422961278,0.0017850748619251489,0.00031721776941618583,0.000996567681705855,0.06723483648460422,-0.11539959907531738,0.12616220116615295,-0.16698798537254333,0.09310959279537201,0.1706593930721283,0.18082547187805176,0.5233737230300903,0.4537690281867981,0.651546061038971,1.0735282897949219,-0.12062699347734451,-0.5510914325714111
0.4551758749999989,0.0034223749999999996,133.0,2.8869235614658164,-0.10591346409810663,1.0176621154667613,0.0018800779328613066,0.00036018761952166843,0.0010528353240556818,0.06718941025737174,-0.11678794026374817,0.11950121819972992,-0.16698873043060303,0.06451012194156647,0.19269119203090668,0.21287894248962402,0.5535696148872375,0.4842943549156189,0.7269678115844727,1.0587115287780762,-0.1189049631357193,-0.5528040528297424
0.4551758749999989,0.0034223749999999996,133.0,2.839389038093206,-0.06080305428121875,1.01807471635196,0.001849386063319863,0.000369103837519732,0.0010663766884218206,0.06704486350524308,-0.15206566452980042,0.1463167518377304,-0.16460910439491272,0.10360036790370941,0.2236221879720688,0.2400062084197998,0.6144922375679016,0.47348448634147644,0.6249227523803711,1.2588474750518799,-0.16063158214092255,-0.5820962190628052
0.4551758749999989,0.0034223749999999996,133.0,2.782822052119492,0.0005918577742590528,1.0154640804308754,0.0017337546621272863,-3.6042282004314965e-5,0.0011243568645568187,0.06643610293018577,-0.25344863533973694,0.2867318093776703,-0.1486382782459259,0.39227747917175293,0.021938875317573547,0.40761399269104004,-0.13735032081604004,0.6104591488838196,-1.3532330989837646,2.2725348472595215,-0.4541952311992645,-1.0056557655334473
0.4551758749999989,0.0034223749999999996,133.0,2.71778897942599,0.04162138794614187,1.0165500047842229,0.00010499493815124377,-5.8007805236401386e-6,6.99921635375343e-5,0.0652110415664125,-0.4008883535861969,0.17880019545555115,-0.13065597414970398,0.8951361179351807,-0.612272322177887,0.8507477045059204,0.6329224705696106,0.1715254783630371,-1.5484675168991089,2.3777050971984863,-0.2548113465309143,-1.0663282871246338
0.4551758749999989,0.0034223749999999996,133.0,2.756024220397489,0.0734653285236928,1.021616516463243,-0.0017767581396634109,-6.07783967177105e-5,-0.001146567256655402,0.0646734786636032,-0.4130307734012604,0.18794837594032288,-0.07470190525054932,1.2077815532684326,-0.6246590614318848,0.8491066694259644,0.43178340792655945,0.12161645293235779,-1.6741678714752197,2.323789596557617,-0.034690603613853455,-1.3298768997192383
0.4551758749999989,0.0034223749999999996,133.0,2.784635941183532,0.12657062380823925,1.0370947974687728,-0.002093932414072678,0.0002867227638242482,-0.0012269965829882776,0.06344306511972818,-0.48822274804115295,0.22614270448684692,0.03661796450614929,1.6563818454742432,-1.1278563737869263,0.8765556812286377,-0.2535935938358307,0.332298219203949,-1.967355489730835,2.2983365058898926,0.31147992610931396,-1.9901542663574219
0.4551758749999989,0.0034223749999999996,133.0,2.819154636642259,0.17688628689004998,1.0457614861428215,-0.002140687137330527,0.0004255888132024504,-0.0011715015136568492,0.06279323271583534,-0.5171486139297485,0.2477233111858368,0.0695735514163971,1.7395458221435547,-1.4309371709823608,0.890449047088623,-0.40655478835105896,0.4564917981624603,-2.0490894317626953,2.2328901290893555,0.28454509377479553,-2.1982152462005615
0.4551758749999989,0.0034223749999999996,133.0,2.8604174084723843,0.2223362701432053,1.0488391788497078,-0.002040715004928995,0.0004098108342262738,-0.0010802547901236548,0.06264789122334219,-0.5181809663772583,0.2503761351108551,0.08366504311561584,1.8058334589004517,-1.4117817878723145,0.8903626203536987,-0.3669709265232086,0.41412782669067383,-2.055694818496704,2.1695117950439453,0.33966144919395447,-2.2222111225128174
0.4551758749999989,0.0034223749999999996,133.0,2.9017395333345903,0.2656958358819849,1.0509093729857204,-0.0018800381897629474,0.00037904249633053115,-0.0009700905387493608,0.06258109809450728,-0.5183490514755249,0.25160181522369385,0.09760072827339172,1.8571975231170654,-1.42745840549469,0.8854607343673706,-0.3690664768218994,0.3932046890258789,-2.037707567214966,2.1011157035827637,0.39451223611831665,-2.25256609916687
0.4551758749999989,0.0034223749999999996,133.0,2.94251101628429,0.3076618869951052,1.05213648241255,-0.0016748647880521167,0.00033230018324871763,-0.0008477210053725909,0.06257113997452426,-0.5253462791442871,0.25446754693984985,0.10047754645347595,1.8572207689285278,-1.4885215759277344,0.9209491014480591,-0.3294101655483246,0.4173387289047241,-2.0476295948028564,2.085545063018799,0.42139729857444763,-2.2771189212799072
0.4551758749999989,0.0034223749999999996,133.0,2.982374691180242,0.34871374452185105,1.0525697380451284,-0.0015814883646202277,0.00030312082624571116,-0.000791097380081535,0.06256755347694169,-0.5263488292694092,0.2556122839450836,0.10888364911079407,1.8859354257583618,-1.5002361536026,0.9294908046722412,-0.2967148721218109,0.4023221433162689,-2.04443097114563,2.0389580726623535,0.475130170583725,-2.290897846221924
0.4551758749999989,0.0034223749999999996,133.0,3.0217150627272704,0.38897802144762544,1.0539006448497774,-0.0013600782152832689,0.000254731758855203,-0.0006662956899133731,0.06252829376209455,-0.5285686254501343,0.2563784122467041,0.11679312586784363,1.9118539094924927,-1.5233241319656372,0.9389286041259766,-0.2683276832103729,0.39132899045944214,-2.043370008468628,1.9947004318237305,0.5266797542572021,-2.3059167861938477
0.4551758749999989,0.0034223749999999996,133.0,3.060379837198611,0.42829734113865014,1.055491857894916,-0.0011900206601087543,0.00021727546090895676,-0.0005696371789767802,0.06250074600521567,-0.5268857479095459,0.25613468885421753,0.12927958369255066,1.9616248607635498,-1.5092514753341675,0.9260499477386475,-0.2508063018321991,0.3513251543045044,-2.036874294281006,1.9307899475097656,0.597144365310669,-2.3155102729797363
0.4551758749999989,0.0034223749999999996,133.0,3.097880841534963,0.46680111215369197,1.0565884480404437,-0.0009716165161097593,0.00017326405763195784,-0.0004566046958152005,0.062481707649866415,-0.5271071195602417,0.255775511264801,0.13697871565818787,1.9844423532485962,-1.5264451503753662,0.9235610961914062,-0.2222248762845993,0.3344687223434448,-2.0402324199676514,1.8792915344238281,0.6665776968002319,-2.321568489074707
0.4551758749999989,0.0034223749999999996,133.0,3.134591760432935,0.5044045775408362,1.0576138233284271,-0.0007762206507071814,0.0001350244589977333,-0.00035850230804606074,0.06246690031520551,-0.5254817008972168,0.2542048692703247,0.14432671666145325,2.0044798851013184,-1.5348316431045532,0.912044882774353,-0.19317863881587982,0.3115118145942688,-2.0459868907928467,1.8217506408691406,0.7500198483467102,-2.3187382221221924
0.4551758749999989,0.0034223749999999996,133.0,3.170505476190781,0.5411201183885204,1.0585851453909723,-0.0005883685093029845,9.977444169510925e-5,-0.0002673130027948945,0.06245410939765344,-0.5148302316665649,0.24646499752998352,0.1517384946346283,2.01477313041687,-1.5078439712524414,0.8774828910827637,-0.1800910085439682,0.2691865861415863,-2.0217976570129395,1.730280876159668,0.8663415908813477,-2.2864322662353516
0.4551758749999989,0.0034223749999999996,133.0,3.2057017374625296,0.5768871634475295,1.0594616664182543,-0.00040564729091011677,6.699894935497076e-5,-0.00018147677432255518,0.06244835108626397,-0.48834553360939026,0.22839055955410004,0.15987816452980042,2.0066003799438477,-1.4171901941299438,0.8001813888549805,-0.20276807248592377,0.19590133428573608,-1.9355028867721558,1.5811855792999268,1.0280826091766357,-2.204007148742676
0.4551758749999989,0.0034223749999999996,133.0,3.2403270244797087,0.6116121228189393,1.060334033812433,-0.00022811693378535776,3.675193811317853e-5,-0.0001005024974231187,0.06245271983762614,-0.44954583048820496,0.20400281250476837,0.1686781942844391,1.9741722345352173,-1.2723712921142578,0.6831824779510498,-0.26356977224349976,0.10634654760360718,-1.7896283864974976,1.3910820484161377,1.199552059173584,-2.0804483890533447
0.4551758749999989,0.0034223749999999996,133.0,3.2737096853656746,0.6453991771767378,1.060416241967216,-6.804954586684279e-5,1.072422544548042e-5,-2.9754569774706762e-5,0.06248569445742282,-0.4139842092990875,0.18275707960128784,0.17516276240348816,1.9264873266220093,-1.1427357196807861,0.5689239501953125,-0.33597877621650696,0.037082135677337646,-1.6607524156570435,1.226578950881958,1.3393646478652954,-1.96213960647583
0.4551758749999989,0.0034223749999999996,133.0,3.3066344119327105,0.678194448777406,1.0611920356578453,0.0001469559090318829,-2.331251339381817e-5,6.377873113291292e-5,0.0625070085611188,-0.3353354036808014,0.13911518454551697,0.194231778383255,1.7615447044372559,-0.09776891022920609,-0.0334782600402832,-0.6794561147689819,-0.32414042949676514,-2.145991086959839,1.3731505870819092,1.1417111158370972,-1.4287078380584717
0.4551758749999989,0.0034223749999999996,133.0,3.3408833488996823,0.7076981726912759,1.0605569013598968,0.000345949004698538,-5.4909611949045025e-5,0.00014769956390641096,0.06272381290869058,-0.3055799901485443,0.12971660494804382,0.20095524191856384,1.7428054809570312,-0.025733333081007004,-0.14477300643920898,-0.748304009437561,-0.36595094203948975,-2.032560348510742,1.202195644378662,1.1733145713806152,-1.3674025535583496
0.4551758749999989,0.0034223749999999996,133.0,3.372810780565608,0.7385116813304267,1.0614463464445238,0.0005462619290771599,-8.826925249919486e-5,0.00023185478740122168,0.06277899353110886,-0.2847643792629242,0.12328015267848969,0.20156404376029968,1.7094146013259888,0.02295508235692978,-0.21546006202697754,-0.7805599570274353,-0.38166213035583496,-1.9668656587600708,1.0999133586883545,1.1955687999725342,-1.3179926872253418
0.4551758749999989,0.0034223749999999996,133.0,3.4048111797232377,0.768419224603497,1.063257482347477,0.0007847686244773251,-0.0001275278763707338,0.0003280848887018074,0.06280652101528758,-0.26722630858421326,0.12169935554265976,0.20500019192695618,1.6922518014907837,0.0849466398358345,-0.28430914878845215,-0.800178050994873,-0.39970576763153076,-1.9057376384735107,1.0031309127807617,1.1686619520187378,-1.2823874950408936
0.4551758749999989,0.0034223749999999996,133.0,3.436109767325447,0.7973662941335993,1.0647316935739584,0.0009545128341938525,-0.00015551028992476292,0.00039386102279582834,0.0628600059962086,-0.2572465240955353,0.12250806391239166,0.20791944861412048,1.6887449026107788,0.13145652413368225,-0.3279893398284912,-0.8121340274810791,-0.41208165884017944,-1.8826147317886353,0.9461612701416016,1.1429243087768555,-1.2663439512252808
0.4551758749999989,0.0034223749999999996,133.0,3.466444582981324,0.825569128576154,1.0667016543337624,0.0011720605133649445,-0.00019574291175782698,0.0004755960020447037,0.0628919889539259,-0.25376150012016296,0.12456588447093964,0.20867374539375305,1.694952368736267,0.1613575965166092,-0.3452169895172119,-0.8173611760139465,-0.41753649711608887,-1.8978761434555054,0.9302752017974854,1.1346536874771118,-1.2671761512756348
0.4551758749999989,0.0034223749999999996,133.0,3.4955396744598626,0.8528217520612724,1.0675991712807746,0.0013367932842718662,-0.0002281267814841797,0.0005383030984747329,0.062964883900776,-0.25028136372566223,0.12453559041023254,0.20883741974830627,1.6960428953170776,0.17273686826229095,-0.35936760902404785,-0.8273333311080933,-0.4193494915962219,-1.9038128852844238,0.915585994720459,1.1414377689361572,-1.2665461301803589
0.4551758749999989,0.0034223749999999996,133.0,3.524098049161442,0.8792288754825083,1.0688808804207706,0.0015213892026916228,-0.0002646199326258806,0.0006064193044934325,0.06302060116254739,-0.24787381291389465,0.12582921981811523,0.21013662219047546,1.701936960220337,0.18920445442199707,-0.3738365173339844,-0.8335785865783691,-0.42333102226257324,-1.9083890914916992,0.9017155170440674,1.1377285718917847,-1.2684932947158813
0.4551758749999989,0.0034223749999999996,133.0,3.552070600400709,0.9047217036286309,1.0698010578413935,0.0017416777046643165,-0.00030441859282890444,0.0006892955517299143,0.06308911025676621,-0.24581798911094666,0.12777112424373627,0.2114226520061493,1.708411693572998,0.2093338817358017,-0.3889319896697998,-0.8342210054397583,-0.4272068738937378,-1.91397225856781,0.8908026218414307,1.1311602592468262,-1.2711416482925415
0.4551758749999989,0.0034223749999999996,133.0,3.57876880586386,0.9296131696458658,1.070916978944793,0.0019675885354843814,-0.0003477018123053911,0.0007683415584996046,0.06313145462865666,-0.2438649833202362,0.12990106642246246,0.21409806609153748,1.7189433574676514,0.2200949490070343,-0.40271806716918945,-0.8453132510185242,-0.4322541356086731,-1.9105443954467773,0.8708443641662598,1.1154615879058838,-1.2765440940856934
0.4551758749999989,0.0034223749999999996,133.0,3.604503788724252,0.9534279605050622,1.0717310235124302,0.0022143639429274328,-0.00040158361033931756,0.0008600409742279181,0.06318889112341936,-0.24186697602272034,0.1288200169801712,0.21312221884727478,1.7157230377197266,0.2151002734899521,-0.4084126949310303,-0.8548724055290222,-0.4284512996673584,-1.9112498760223389,0.8668434619903564,1.1307780742645264,-1.277238130569458
0.4551758749999989,0.0034223749999999996,133.0,3.6293052929890255,0.976588276248286,1.0724730342048965,0.002395003355094075,-0.00044314778847455346,0.0009270310219570452,0.06324688446498716,-0.24023398756980896,0.12981155514717102,0.21437475085258484,1.7204688787460327,0.22634774446487427,-0.4201850891113281,-0.8595401048660278,-0.43146586418151855,-1.9120872020721436,0.8565108776092529,1.1288846731185913,-1.2789905071258545
0.4551758749999989,0.0034223749999999996,133.0,3.6530863430660463,0.9989837347438972,1.0731696698929372,0.0026283494575255898,-0.0004905087441341978,0.0010091230993879794,0.06329694796569926,-0.23872682452201843,0.13074219226837158,0.21550670266151428,1.724678874015808,0.23724821209907532,-0.4311661720275879,-0.8644888401031494,-0.4341239333152771,-1.9129862785339355,0.8472223281860352,1.1275460720062256,-1.2805676460266113
0.4551758749999989,0.0034223749999999996,133.0,3.6763451382998937,1.0204636918257968,1.0740484421477465,0.0028622834688563355,-0.0005455303604600792,0.0010940418926565377,0.06334405482571295,-0.23717516660690308,0.1317230612039566,0.21625980734825134,1.728054404258728,0.24310457706451416,-0.4402639865875244,-0.870592474937439,-0.43458855152130127,-1.91339910030365,0.8388915061950684,1.1250368356704712,-1.283503770828247
0.4551758749999989,0.0034223749999999996,133.0,3.698651103173322,1.0411344490972416,1.0747424090418627,0.0031111997858247593,-0.0005990278607816092,0.0011795898153556695,0.06338772959921812,-0.2356058955192566,0.1325870305299759,0.21643945574760437,1.7297431230545044,0.24661655724048615,-0.4479546546936035,-0.8761117458343506,-0.43326687812805176,-1.914528250694275,0.8329505920410156,1.1240676641464233,-1.2865619659423828
0.4551758749999989,0.0034223749999999996,133.0,3.720525200723184,1.060789075686249,1.0762108249281794,0.0033626105982969066,-0.0006663630307887343,0.0012611134303786575,0.06341134458585568,-0.23435285687446594,0.1326393485069275,0.21690776944160461,1.7313673496246338,0.25008079409599304,-0.45490574836730957,-0.8836904764175415,-0.4337393641471863,-1.9135305881500244,0.8262438774108887,1.127360463142395,-1.2877427339553833
0.4551758749999989,0.0034223749999999996,133.0,3.741042181739249,1.0800911878406934,1.0775909278675575,0.0035596449270177254,-0.0007135609109598266,0.0013185886717289063,0.06343574345631828,-0.2334136664867401,0.13531842827796936,0.2205280363559723,1.7439097166061401,0.2649371325969696,-0.46767091751098633,-0.891876757144928,-0.44182777404785156,-1.907832145690918,0.806555986404419,1.104934573173523,-1.2920513153076172
0.4551758749999989,0.0034223749999999996,133.0,3.760872798504696,1.0982100456297061,1.0785326751322186,0.003780671815951799,-0.0007673009130845442,0.0013883691371702912,0.06346190587115019,-0.23227852582931519,0.1348448246717453,0.21933743357658386,1.7404141426086426,0.2650047838687897,-0.4714381694793701,-0.8945983648300171,-0.43782174587249756,-1.9126794338226318,0.809483528137207,1.1175850629806519,-1.2926945686340332
0.4551758749999989,0.0034223749999999996,133.0,3.779254606704234,1.1155054059624834,1.0790003225694629,0.003965363131013163,-0.0008205588034942697,0.0014569172014082103,0.06350942455094066,-0.23094549775123596,0.1346053034067154,0.2190316617488861,1.7390692234039307,0.26362344622612,-0.47620439529418945,-0.9010336399078369,-0.4353591203689575,-1.9134587049484253,0.806725025177002,1.1241110563278198,-1.2938822507858276
0.4551758749999989,0.0034223749999999996,133.0,3.7975277740593794,1.132330006547875,1.0799843126825979,0.004188085728310815,-0.0008781048215367247,0.001525148914689029,0.06354542437327584,-0.2300519347190857,0.13798856735229492,0.22240790724754333,1.7509911060333252,0.28206631541252136,-0.48976683616638184,-0.9034042954444885,-0.442743182182312,-1.9108390808105469,0.7899408340454102,1.0991003513336182,-1.298303246498108
0.4551758749999989,0.0034223749999999996,133.0,3.814585217207488,1.1479589565841797,1.0807057464496561,0.00438317810594161,-0.0009323183856991004,0.0015840037152356767,0.06357813506021899,-0.22848793864250183,0.1378197968006134,0.22382190823554993,1.7543056011199951,0.2839481234550476,-0.49701452255249023,-0.9136175513267517,-0.4456760287284851,-1.9041234254837036,0.7754154205322266,1.0962437391281128,-1.2986499071121216
0.4551758749999989,0.0034223749999999996,133.0,3.8308072044005668,1.1626252666370895,1.0809931723730517,0.004574758988910189,-0.0009836864819925393,0.0016459762637755114,0.06361980807039114,-0.2268654704093933,0.1365748792886734,0.22251543402671814,1.7487152814865112,0.2851114869117737,-0.5018875598907471,-0.9148544669151306,-0.4422346353530884,-1.9073742628097534,0.7766852378845215,1.1125671863555908,-1.29665207862854
0.4551758749999989,0.0034223749999999996,133.0,3.8463389582751932,1.1765636318426413,1.0816215436049026,0.0047247374334492605,-0.0010264079947587702,0.0016899243547994925,0.06365465838853414,-0.22499996423721313,0.13568797707557678,0.22257378697395325,1.747323751449585,0.28853002190589905,-0.5087854862213135,-0.9187584519386292,-0.44287794828414917,-1.9035072326660156,0.767747163772583,1.118177890777588,-1.2946686744689941
0.4551758749999989,0.0034223749999999996,133.0,3.8608868843691333,1.1897141577376087,1.0822727168790396,0.004858695724195782,-0.0010706162694036204,0.0017241110179229827,0.06369300223893971,-0.22245487570762634,0.13470911979675293,0.2218899428844452,1.7439028024673462,0.28408369421958923,-0.5144355297088623,-0.9245001077651978,-0.43969351053237915,-1.8977649211883545,0.7578678131103516,1.121336817741394,-1.294480323791504
0.4551758749999989,0.0034223749999999996,133.0,3.874776091780141,1.2022275915792544,1.0833926638161542,0.005005102991157231,-0.0011148193245357912,0.001761705779957855,0.06371100511627568,-0.22070130705833435,0.13467508554458618,0.22304674983024597,1.746370792388916,0.28990235924720764,-0.5229940414428711,-0.9283108115196228,-0.44203096628189087,-1.89429771900177,0.7439084053039551,1.1173187494277954,-1.2945889234542847
0.4551758749999989,0.0034223749999999996,133.0,3.887946625256144,1.213794693832749,1.083913894589147,0.00516573384405588,-0.0011409053507142662,0.001796815233076668,0.06373501952086531,-0.21907493472099304,0.1350569725036621,0.2251465618610382,1.750349521636963,0.30060648918151855,-0.5342001914978027,-0.9302294850349426,-0.44712406396865845,-1.88882577419281,0.7275192737579346,1.1104447841644287,-1.293428897857666
0.4551758749999989,0.0034223749999999996,133.0,3.9001665422691865,1.2249857211256379,1.0850797449653469,0.005329079807602513,-0.00117613826066867,0.0018362404524474099,0.06374182903623844,-0.2186412513256073,0.137966588139534,0.22877976298332214,1.7611746788024902,0.3219626545906067,-0.5464491844177246,-0.9281246066093445,-0.45635849237442017,-1.8845139741897583,0.7098939418792725,1.0863313674926758,-1.2948848009109497
0.4551758749999989,0.0034223749999999996,133.0,3.9114428406772306,1.2357371590999717,1.0865200862941633,0.0054912489604945925,-0.0012068877117936262,0.0018679963644225718,0.06373935965989264,-0.21871548891067505,0.14220799505710602,0.23115912079811096,1.770221471786499,0.34275001287460327,-0.556663990020752,-0.9201273918151855,-0.4607771635055542,-1.8890068531036377,0.7028133869171143,1.060725212097168,-1.299436092376709
0.4551758749999989,0.0034223749999999996,133.0,3.9217779162343094,1.2453404232074088,1.0875377306881202,0.0056706521396756296,-0.0012462319126387567,0.0019168779058151325,0.06375226097112656,-0.2186708152294159,0.14629752933979034,0.235810786485672,1.7840067148208618,0.36301618814468384,-0.5687682628631592,-0.9200791120529175,-0.47113847732543945,-1.8822022676467896,0.680800199508667,1.024539589881897,-1.3026381731033325
0.4551758749999989,0.0034223749999999996,133.0,3.930521825824653,1.2562833974193697,1.0901250441898396,0.00592273356973214,-0.0013058065192679714,0.002008044416624752,0.0635827841771675,-0.22043409943580627,0.14905820786952972,0.23282942175865173,1.7817177772521973,0.38292038440704346,-0.5664923191070557,-0.8994085788726807,-0.4640384316444397,-1.9093570709228516,0.7085621356964111,1.0322710275650024,-1.3076684474945068
0.4551758749999989,0.0034223749999999996,133.0,3.939179048526773,1.2643832718441064,1.0912234365821247,0.006199265591758251,-0.0013689925369246077,0.0020904812264724982,0.06357861580093292,-0.22106462717056274,0.15293432772159576,0.23399260640144348,1.7875581979751587,0.4039570093154907,-0.5729241371154785,-0.8885301351547241,-0.46701765060424805,-1.9151510000228882,0.7088584899902344,1.012704849243164,-1.310502052307129
0.4551758749999989,0.0034223749999999996,133.0,3.9467813906602562,1.2715150832515234,1.0916980575005815,0.0066213055426264465,-0.001452076500720663,0.0022173919184030996,0.06359109435798609,-0.2208477258682251,0.15566357970237732,0.2366190254688263,1.7949259281158447,0.41853687167167664,-0.5812802314758301,-0.8878717422485352,-0.4728410243988037,-1.9092772006988525,0.6942551136016846,0.9886703491210938,-1.3119136095046997
0.4551758749999989,0.0034223749999999996,133.0,3.953544303328285,1.278046018101429,1.0927502791256118,0.007325466812375692,-0.001614333562724412,0.0024325558752631747,0.06358890787619045,-0.2210007905960083,0.15862907469272614,0.24001595377922058,1.8050676584243774,0.4324186146259308,-0.5885729789733887,-0.891757607460022,-0.4801539182662964,-1.8991966247558594,0.6746499538421631,0.9569607377052307,-1.3145246505737305
0.4551758749999989,0.0034223749999999996,133.0,3.9594375446874874,1.2836943429489123,1.0932787940557438,0.008923542180863464,-0.0019633336229497498,0.0029315780937400593,0.06359540549079917,-0.22065672278404236,0.15943895280361176,0.24058684706687927,1.8062416315078735,0.44110894203186035,-0.5938222408294678,-0.895298421382904,-0.47930002212524414,-1.8935391902923584,0.66701340675354,0.9473106861114502,-1.316500186920166
0.4551758749999989,0.0034223749999999996,133.0,3.9643199590388463,1.2885287902529576,1.0942741865669523,0.01658072940367862,-0.0037670047783625415,0.005298845354743293,0.06356573432240653,-0.22075891494750977,0.1593896597623825,0.2464180886745453,1.8181978464126587,0.45308753848075867,-0.6070966720581055,-0.9453548192977905,-0.4811204671859741,-1.8433104753494263,0.6167206764221191,0.897754967212677,-1.3260610103607178
0.4551758749999989,0.0034223749999999996,133.0,3.9836417389032093,-1.2140667430796117,1.0094075554162985,-0.01410541109727237,-0.0013718136136754847,-0.006662001338243218,0.06789263890376973,-0.032101064920425415,0.1721697449684143,-0.1441611349582672,0.9510577321052551,0.3808306157588959,-1.1027138233184814,0.37112563848495483,0.13841137290000916,-0.44539874792099,0.5877671241760254,0.5093129873275757,-1.0907773971557617
0.4551758749999989,0.0034223749999999996,133.0,3.979043254402119,-1.2090202916095645,1.0097808515130142,-0.007607733086890168,-0.0007123938993715019,-0.0036209117095764203,0.06785241156502833,-0.03342878818511963,0.17511004209518433,-0.14384150505065918,0.9526685476303101,0.3715393841266632,-1.0995357036590576,0.3820342421531677,0.13455680012702942,-0.44607964158058167,0.6164608001708984,0.47571030259132385,-1.0880358219146729
0.4551758749999989,0.0034223749999999996,133.0,3.9731835818521635,-1.2031331633805897,1.0097205211243379,-0.006253065588447639,-0.000576967997577846,-0.0029750058462855327,0.06782821267235684,-0.03514212369918823,0.1763523817062378,-0.14482495188713074,0.9535485506057739,0.3717074394226074,-1.092961311340332,0.3931581974029541,0.1326170563697815,-0.4403623044490814,0.6223011016845703,0.4520639181137085,-1.086806058883667
0.4551758749999989,0.0034223749999999996,133.0,3.9667854649386327,-1.197019297371223,1.0095794018374513,-0.005654571922734012,-0.0005336587548298658,-0.002690869807151473,0.06781737256598791,-0.03683844208717346,0.17674677073955536,-0.14678102731704712,0.9530666470527649,0.3765181601047516,-1.084575891494751,0.4104505777359009,0.13164159655570984,-0.4322037100791931,0.6258156299591064,0.4298644959926605,-1.085280418395996
0.4551758749999989,0.0034223749999999996,133.0,3.9593025326172215,-1.189901848580226,1.0092670556453582,-0.005307365183946456,-0.000521588268146728,-0.0025253897410968318,0.06779942409617824,-0.03867581486701965,0.17676366865634918,-0.14935627579689026,0.9514386057853699,0.38074687123298645,-1.0751147270202637,0.4329836368560791,0.13135632872581482,-0.41995978355407715,0.628748893737793,0.4043163061141968,-1.083317518234253
0.4551758749999989,0.0034223749999999996,133.0,3.950438751119876,-1.183852113120098,1.0065826204224428,-0.005061602443017031,-0.0005595939732601253,-0.002403870804673808,0.0678555276355362,-0.03911703824996948,0.17575989663600922,-0.15179097652435303,0.9471580982208252,0.3815675377845764,-1.0689198970794678,0.4550665318965912,0.1323588788509369,-0.40276846289634705,0.6283948421478271,0.38298729062080383,-1.0800540447235107
0.4551758749999989,0.0034223749999999996,133.0,3.941220545566259,-1.175382729160576,1.0062856885908549,-0.004860399913332585,-0.0005586579041793323,-0.002309754018889485,0.06784109636065339,-0.04119351506233215,0.1745673269033432,-0.15611562132835388,0.9418308734893799,0.38970884680747986,-1.055774450302124,0.49242880940437317,0.13393637537956238,-0.3833882808685303,0.6321699619293213,0.35038742423057556,-1.0763349533081055
0.4551758749999989,0.0034223749999999996,133.0,3.931483270056695,-1.166070265063968,1.006004271992554,-0.004709388056742094,-0.0005589478250651883,-0.0022360853768221794,0.06783038701753956,-0.04310441017150879,0.17504191398620605,-0.158216655254364,0.9409434795379639,0.38984382152557373,-1.0473902225494385,0.5098606944084167,0.13320818543434143,-0.3708571195602417,0.633275032043457,0.3247876763343811,-1.0746190547943115
0.4551758749999989,0.0034223749999999996,133.0,3.920574527584354,-1.1557646197350857,1.0057107698355245,-0.004575075491785982,-0.0005613009352635276,-0.0021699342790377327,0.06781250096672162,-0.04573482275009155,0.1747579425573349,-0.16183269023895264,0.9370036721229553,0.3932992219924927,-1.0345120429992676,0.542262077331543,0.1336696743965149,-0.3505350947380066,0.6361610889434814,0.28803035616874695,-1.0710784196853638
0.4551758749999989,0.0034223749999999996,133.0,3.9089583121354967,-1.1448808611584835,1.0055210386396807,-0.004438637784546479,-0.0005654349037335449,-0.0021056980684263952,0.06780046010976719,-0.04753077030181885,0.17349675297737122,-0.16591811180114746,0.9307237267494202,0.3975137174129486,-1.0228047370910645,0.5771816372871399,0.1356818974018097,-0.32897454500198364,0.6380753517150879,0.2574421465396881,-1.0668188333511353
0.4551758749999989,0.0034223749999999996,133.0,3.896867993144253,-1.1331928902623853,1.0053587798244925,-0.004311823592322338,-0.0005679179237163477,-0.0020445436277703836,0.06779648410085838,-0.04892450571060181,0.17337611317634583,-0.16838175058364868,0.926693856716156,0.3929128348827362,-1.0144507884979248,0.5975556969642639,0.1368122696876526,-0.3117848336696625,0.6378791332244873,0.22992992401123047,-1.063820719718933
0.4551758749999989,0.0034223749999999996,133.0,3.883879098559604,-1.1205036992924207,1.0051321890616576,-0.004184820666700031,-0.0005573870756298886,-0.001980627996188291,0.06779223236176521,-0.04957941174507141,0.17265938222408295,-0.17083698511123657,0.9221416115760803,0.3916194438934326,-1.0081384181976318,0.6178312301635742,0.13788902759552002,-0.29474788904190063,0.6360855102539062,0.2115476280450821,-1.0602991580963135
0.4551758749999989,0.0034223749999999996,133.0,3.8702925667698493,-1.1068616759221432,1.005035833218837,-0.0040736198102983385,-0.0005393441887069453,-0.0019281949704011761,0.06780048853391897,-0.049216508865356445,0.1727449595928192,-0.171777606010437,0.9184345602989197,0.3838035762310028,-1.0051419734954834,0.623941957950592,0.13905656337738037,-0.28314417600631714,0.6311938762664795,0.1983262002468109,-1.057645559310913
0.4551758749999989,0.0034223749999999996,133.0,3.856048781043391,-1.0926319319367022,1.0050009430169566,-0.003931112288683829,-0.0005169655161173927,-0.0018627238115921574,0.06781816078717975,-0.046811074018478394,0.1711868941783905,-0.17303761839866638,0.9099856615066528,0.3750499188899994,-1.0060374736785889,0.6310256719589233,0.1437074840068817,-0.2707054316997528,0.6235964298248291,0.19416119158267975,-1.0538479089736938
0.4551758749999989,0.0034223749999999996,133.0,3.8405721293667625,-1.0773437281328175,1.0049683361709423,-0.00375152799224275,-0.0004966088257445529,-0.001782813419936829,0.067820617218928,-0.04704451560974121,0.17133556306362152,-0.17426761984825134,0.905659556388855,0.3686811327934265,-1.0010976791381836,0.6414182782173157,0.1446402668952942,-0.2568347156047821,0.6193938255310059,0.17240066826343536,-1.050351619720459
0.4551758749999989,0.0034223749999999996,133.0,3.824271601501993,-1.0611335168503249,1.0050336347735778,-0.003585368735214082,-0.0004708866354128231,-0.001706178315667513,0.06782349939237808,-0.04683920741081238,0.17196162045001984,-0.17447414994239807,0.9026864767074585,0.36364948749542236,-0.998676061630249,0.6440057158470154,0.14454975724220276,-0.2470938116312027,0.6135482788085938,0.1563803255558014,-1.0471789836883545
0.4551758749999989,0.0034223749999999996,133.0,3.80711870603915,-1.044336750599364,1.0051308405384267,-0.0033942510957387312,-0.00044952915622646134,-0.0016209534075587158,0.06782872850499405,-0.04652610421180725,0.17143364250659943,-0.17600584030151367,0.8956710696220398,0.3548388183116913,-0.9945542812347412,0.65742427110672,0.14717724919319153,-0.23040279746055603,0.6084690093994141,0.13223621249198914,-1.042734146118164
0.4551758749999989,0.0034223749999999996,133.0,3.7894150065941825,-1.0266479943502775,1.0052368227452066,-0.003212171631674355,-0.00042068641247161457,-0.0015413803682969083,0.06784769895579618,-0.043714702129364014,0.17019519209861755,-0.17636987566947937,0.8874301910400391,0.34322571754455566,-0.9977798461914062,0.6588912606239319,0.15137073397636414,-0.21910499036312103,0.5985012054443359,0.12484721094369888,-1.0387022495269775
0.4551758749999989,0.0034223749999999996,133.0,3.770418976337592,-1.0078643719548028,1.0052886888468013,-0.0030262594505521875,-0.0003981333800916271,-0.0014554239284597877,0.06784109349030541,-0.044107913970947266,0.17096532881259918,-0.17703896760940552,0.8835305571556091,0.33696049451828003,-0.9924449920654297,0.6668927669525146,0.15103459358215332,-0.20393691956996918,0.5921411514282227,0.0975092351436615,-1.0343401432037354
0.4551758749999989,0.0034223749999999996,133.0,3.7505931340039624,-0.9884022112873181,1.0053532491606336,-0.0028586373234975645,-0.0003764995795302038,-0.001380572797881127,0.06784207113062135,-0.04362216591835022,0.17022202908992767,-0.17879045009613037,0.874474287033081,0.32659828662872314,-0.9872169494628906,0.683774471282959,0.15400183200836182,-0.18177299201488495,0.5847263336181641,0.06838825345039368,-1.0281870365142822
0.4551758749999989,0.0034223749999999996,133.0,3.730207724097622,-0.9681642187145165,1.0054288220487055,-0.002638969951014711,-0.00034747042148749454,-0.0012809145772843457,0.06785068013312832,-0.042098283767700195,0.16977158188819885,-0.17927765846252441,0.8667241334915161,0.3157968819141388,-0.9860970973968506,0.6901071071624756,0.15633338689804077,-0.1654917299747467,0.5749003887176514,0.049134619534015656,-1.0227093696594238
0.4551758749999989,0.0034223749999999996,133.0,3.7087336982560175,-0.9477823818441474,1.005655789223067,-0.002421345825517786,-0.00033130765443632304,-0.0011797899974259898,0.06784780338567407,-0.04295596480369568,0.16803936660289764,-0.18262216448783875,0.8530994653701782,0.3137483298778534,-0.9756951332092285,0.7256500124931335,0.1601393222808838,-0.13273951411247253,0.569878101348877,0.008633701130747795,-1.0128669738769531
0.4551758749999989,0.0034223749999999996,133.0,3.6864319845814784,-0.925797154455004,1.0057165947031628,-0.002215484068706825,-0.00029953426125981116,-0.0010856532049711395,0.06785049192254804,-0.04148635268211365,0.16627292335033417,-0.18423044681549072,0.8411976099014282,0.3053306043148041,-0.9729077816009521,0.7429666519165039,0.1642693281173706,-0.10994622111320496,0.5596733093261719,-0.013968140818178654,-1.0050987005233765
0.4551758749999989,0.0034223749999999996,133.0,3.663224331702508,-0.9029501321465276,1.0056131701160587,-0.0020114313673603623,-0.00027454576864279905,-0.000988977318941501,0.06784242928334291,-0.04087787866592407,0.16544993221759796,-0.18554526567459106,0.8311399817466736,0.2928476631641388,-0.9678225517272949,0.7584853768348694,0.16702258586883545,-0.0862167701125145,0.5501668453216553,-0.04353949427604675,-0.9977203607559204
0.4551758749999989,0.0034223749999999996,133.0,3.639143281239492,-0.8788462144156005,1.0054685935140435,-0.001848217331452709,-0.0002509524921700784,-0.0009123833437125355,0.0678289704981321,-0.040162503719329834,0.1677800863981247,-0.18417632579803467,0.8315985798835754,0.27912747859954834,-0.9651095867156982,0.7460930347442627,0.1643581986427307,-0.08101905882358551,0.5380067825317383,-0.06359078735113144,-0.9953168630599976
0.4551758749999989,0.0034223749999999996,133.0,3.614235191527985,-0.8541459143971418,1.005547459607734,-0.0016474107791310112,-0.0002188699156260175,-0.0008202397084017069,0.06782698365571237,-0.0392015278339386,0.16852407157421112,-0.18386369943618774,0.8263574242591858,0.264874130487442,-0.9619348049163818,0.7455304265022278,0.16459116339683533,-0.06780524551868439,0.5265712738037109,-0.08608759939670563,-0.9901762008666992
0.4551758749999989,0.0034223749999999996,133.0,3.5883395458226666,-0.8288657072222753,1.0057066639869496,-0.0014618126067089988,-0.00019656445068263253,-0.0007338646733100262,0.06781405207852291,-0.038713932037353516,0.16779734194278717,-0.18518516421318054,0.8153039216995239,0.25214701890945435,-0.9550657272338867,0.7614166140556335,0.16741245985031128,-0.04353930056095123,0.5159773826599121,-0.1172848641872406,-0.9818657636642456
0.4551758749999989,0.0034223749999999996,133.0,3.56190910461499,-0.8033096917387862,1.0057915398647124,-0.0012787639687643604,-0.00017665894437814684,-0.0006458223814379116,0.06780724606742042,-0.03845483064651489,0.16530954837799072,-0.18780475854873657,0.7979092001914978,0.24441620707511902,-0.9463915824890137,0.7930979132652283,0.17229515314102173,-0.006859425455331802,0.5053033828735352,-0.1534622758626938,-0.9693462252616882
0.4551758749999989,0.0034223749999999996,133.0,3.5345029014713125,-0.7764997701451883,1.0058280091488951,-0.001127355513817233,-0.0001564875743645408,-0.0005734512244814964,0.06779478356686844,-0.03776511549949646,0.16412004828453064,-0.18932873010635376,0.7827967405319214,0.22861698269844055,-0.9371910095214844,0.8137380480766296,0.17580854892730713,0.026383785530924797,0.49155449867248535,-0.19001604616641998,-0.9576524496078491
0.4551758749999989,0.0034223749999999996,133.0,3.506441835861204,-0.748966061850602,1.0058544857040725,-0.0009924012578887424,-0.00013736994308080177,-0.0005088797481344027,0.06778862563236689,-0.036973536014556885,0.16279219090938568,-0.19097194075584412,0.7651594877243042,0.21102896332740784,-0.9265129566192627,0.8362643122673035,0.17968374490737915,0.06511617451906204,0.47591590881347656,-0.23033598065376282,-0.9437848329544067
0.4551758749999989,0.0034223749999999996,133.0,3.4772403146818736,-0.7205804005919887,1.0058685712773252,-0.0008185732036806568,-0.00011410069935340274,-0.0004219441417666623,0.0677670090703794,-0.03637337684631348,0.16102644801139832,-0.19279740750789642,0.7429237961769104,0.19624574482440948,-0.9143633842468262,0.8638300895690918,0.18398424983024597,0.11343618482351303,0.458906888961792,-0.27543652057647705,-0.9257450699806213
0.4551758749999989,0.0034223749999999996,133.0,3.4471891643607933,-0.6914907423115261,1.006020336620416,-0.000686459110226715,-9.684960555988129e-5,-0.0003564677237935103,0.0677416400994872,-0.03613013029098511,0.1588457226753235,-0.1950448751449585,0.7152014970779419,0.1780528873205185,-0.8978688716888428,0.8961982131004333,0.18967220187187195,0.17255909740924835,0.440765380859375,-0.3274238705635071,-0.903601348400116
0.4551758749999989,0.0034223749999999996,133.0,3.416417419034092,-0.6614533399434982,1.0060347362864177,-0.0005146915805699367,-7.382309592774626e-5,-0.0002694921985350567,0.0677137256410159,-0.03536856174468994,0.15604189038276672,-0.19714294373989105,0.6771535277366638,0.15313178300857544,-0.8725776672363281,0.9282957315444946,0.19822832942008972,0.23057903349399567,0.4231579303741455,-0.36807942390441895,-0.8741130828857422
0.4551758749999989,0.0034223749999999996,133.0,3.3845153266311834,-0.6299449697125203,1.0060214811542005,-0.00032291145967877323,-4.46483992388926e-5,-0.00017121801820420046,0.06768086317237058,-0.03519245982170105,0.15106165409088135,-0.19850780069828033,0.6129391193389893,0.12004080414772034,-0.8182792663574219,0.9676315784454346,0.21375608444213867,0.276977002620697,0.4160497188568115,-0.3600234389305115,-0.8258272409439087
0.4551758749999989,0.0034223749999999996,133.0,3.3518405294046767,-0.5977948866847843,1.0059954810163743,-0.00015076061640076135,-2.065119683810367e-5,-8.088760925278186e-5,0.06764124170199305,-0.03692924976348877,0.14444181323051453,-0.1965567022562027,0.5324971675872803,0.08337242901325226,-0.7380249500274658,0.9997585415840149,0.2333981692790985,0.3238774538040161,0.42063450813293457,-0.30112725496292114,-0.7656765580177307
0.4551758749999989,0.0034223749999999996,133.0,3.3183387384193224,-0.5655049249143144,1.0062519600578743,1.669937321430712e-5,2.320176446358617e-6,9.067400394071923e-6,0.06760024012146242,-0.039200156927108765,0.13645732402801514,-0.19010195136070251,0.4513726830482483,0.05211382731795311,-0.6456949710845947,1.0098739862442017,0.2573549151420593,0.3706043064594269,0.43413853645324707,-0.19998392462730408,-0.7092169523239136
0.4551758749999989,0.0034223749999999996,133.0,3.2841290558711096,-0.5319848339925832,1.0060896531011772,0.0001844032324485428,2.5948547607818025e-5,0.00010080558426565933,0.0675581981798383,-0.09871426224708557,0.16531525552272797,-0.15429386496543884,0.4202003479003906,0.0643671527504921,-0.586496114730835,0.6033427715301514,0.4161683917045593,0.22885605692863464,0.9207839965820312,-0.14467667043209076,-0.8397728800773621
0.4551758749999989,0.0034223749999999996,133.0,3.2491320040039966,-0.4972141139492011,1.0054337911296196,0.0003662081902643872,5.223107199980967e-5,0.00020075760512762417,0.06751591722543474,-0.10848373174667358,0.1557742953300476,-0.147868812084198,0.3295856714248657,0.07300083339214325,-0.405576229095459,0.5999528169631958,0.4343591034412384,0.29195868968963623,1.0142710208892822,-0.031127599999308586,-0.7679349780082703
0.4551758749999989,0.0034223749999999996,133.0,3.21341774610993,-0.4619725153600783,1.0050256272188651,0.0005092378903861377,7.431760522229597e-5,0.00027978233699970436,0.06748422601924468,-0.11446943879127502,0.14774323999881744,-0.1456177532672882,0.2576630115509033,0.08954910933971405,-0.2391831874847412,0.5786308646202087,0.45216232538223267,0.3421850800514221,1.0713369846343994,0.032058753073215485,-0.7141957879066467
0.4551758749999989,0.0034223749999999996,133.0,3.1769433198696566,-0.4258775736698498,1.004582289203921,0.000670578980967812,0.00010040118000830908,0.0003688660449685054,0.06745860901611618,-0.12015986442565918,0.1424601823091507,-0.1464131474494934,0.20070917904376984,0.11502041667699814,-0.06303882598876953,0.536092221736908,0.46441158652305603,0.3699347674846649,1.1127092838287354,0.0436825305223465,-0.6698295474052429
0.4551758749999989,0.0034223749999999996,133.0,3.1397303180760274,-0.38896122508372616,1.004147329953481,0.0008423921744018165,0.0001297557055865566,0.0004636607632387337,0.06743831388371464,-0.12127065658569336,0.1386958211660385,-0.15057331323623657,0.16770689189434052,0.13932420313358307,0.044382333755493164,0.50529545545578,0.4632319211959839,0.4153057634830475,1.1157546043395996,0.01093289814889431,-0.6356998682022095
0.4551758749999989,0.0034223749999999996,133.0,3.101779438984922,-0.3512660012737397,1.0036957727957707,0.0010375212106576266,0.00016459953528511186,0.0005713126592851981,0.06742023389378851,-0.11834791302680969,0.1351797878742218,-0.1556190848350525,0.15112072229385376,0.152293860912323,0.07616543769836426,0.4990929961204529,0.45565009117126465,0.47639337182044983,1.096301555633545,-0.019896332174539566,-0.6113615036010742
0.4551758749999989,0.0034223749999999996,133.0,3.063029852535515,-0.31274147502885075,1.0032716318196258,0.0012228175188463526,0.0001994332319980582,0.0006733255226531477,0.06740393978693972,-0.11613672971725464,0.1324688345193863,-0.15942275524139404,0.13868790864944458,0.15924996137619019,0.10087800025939941,0.4983634352684021,0.4506267309188843,0.524797260761261,1.0808491706848145,-0.04474499821662903,-0.5937740206718445
0.4551758749999989,0.0034223749999999996,133.0,3.0232671214521765,-0.27385656402858566,1.0030459577853617,0.001342721871967485,0.00022994819722516773,0.0007387927597131759,0.06738625980809258,-0.11548161506652832,0.12874644994735718,-0.1606082320213318,0.12171846628189087,0.16903004050254822,0.1310265064239502,0.5080520510673523,0.4589840769767761,0.5816968679428101,1.0687756538391113,-0.06523730605840683,-0.5850263833999634
0.4551758749999989,0.0034223749999999996,133.0,2.9826415900365224,-0.23359484557177987,1.0026428607684608,0.0014960219053311843,0.00026378612878651066,0.0008243628408667786,0.06736475014295502,-0.11561667919158936,0.1278553456068039,-0.16240590810775757,0.11492335796356201,0.17073117196559906,0.14676880836486816,0.5199891328811646,0.4580317735671997,0.6100443005561829,1.063225507736206,-0.07677479088306427,-0.5772556066513062
0.4551758749999989,0.0034223749999999996,133.0,2.9409031432587986,-0.19171154599032939,1.0017421063049483,0.0016450905162592544,0.00029692340349917075,0.0009095115315709592,0.06732888448583413,-0.11639267206192017,0.1299538016319275,-0.16629743576049805,0.12231391668319702,0.16608946025371552,0.1447286605834961,0.5337703824043274,0.44346222281455994,0.6234320402145386,1.0617575645446777,-0.08675532788038254,-0.5701493620872498
0.4551758749999989,0.0034223749999999996,133.0,2.899742184032338,-0.14878375974000047,1.0040461869883326,0.0017855478575419398,0.0003128507499417441,0.0009941923484750456,0.06725759904176032,-0.11492246389389038,0.1278318613767624,-0.16881269216537476,0.10627257823944092,0.16186638176441193,0.16276788711547852,0.5370323657989502,0.4454112648963928,0.6355830430984497,1.054692268371582,-0.08429088443517685,-0.5559539198875427
0.4551758749999989,0.0034223749999999996,133.0,2.856087261931299,-0.10612976912659655,1.0036081628984594,0.0018806159060903282,0.000355166983768416,0.0010505670428451546,0.06721173849696323,-0.11645621061325073,0.1209644079208374,-0.16880762577056885,0.07680310308933258,0.18413734436035156,0.19658565521240234,0.5672444105148315,0.4763718247413635,0.7118011116981506,1.0420544147491455,-0.08040624111890793,-0.5572425723075867
0.4551758749999989,0.0034223749999999996,133.0,2.8087131397439826,-0.061143841395857566,1.004002096505449,0.0018501440756167752,0.00036381676832861437,0.0010630222796207528,0.06707422781740713,-0.15143439173698425,0.14774532616138458,-0.16691797971725464,0.11698819696903229,0.21519038081169128,0.22177910804748535,0.6258838176727295,0.4654086232185364,0.6064070463180542,1.239816665649414,-0.12335141003131866,-0.5874616503715515
0.4551758749999989,0.0034223749999999996,133.0,2.75259783342364,-0.0002586443736660603,1.001355425338727,0.0017350703590521955,-2.9046800415959782e-5,0.0011157118972280793,0.06649556038650213,-0.25002631545066833,0.2873263657093048,-0.1505429744720459,0.40573328733444214,0.020915523171424866,0.3765122890472412,-0.13176409900188446,0.6063977479934692,-1.37277090549469,2.227278709411621,-0.4180487394332886,-1.0150938034057617
0.4551758749999989,0.0034223749999999996,133.0,2.688104388903306,0.041788007035741564,1.0026431568591423,0.0001048867862559391,-6.333949730998232e-6,6.958655820566756e-5,0.06528566032055107,-0.3960411250591278,0.17842525243759155,-0.13150116801261902,0.8930854797363281,-0.5982088446617126,0.833358645439148,0.6343778371810913,0.1653817892074585,-1.54708731174469,2.3584842681884766,-0.23455917835235596,-1.0580840110778809
0.4551758749999989,0.0034223749999999996,133.0,2.7265204603991453,0.07289447971479505,1.007387872738966,-0.0017734385661799536,-6.627969623884415e-5,-0.0011409451665052163,0.0647602871218101,-0.40712329745292664,0.18726058304309845,-0.07639268040657043,1.1994357109069824,-0.6132407784461975,0.8286980390548706,0.43276143074035645,0.11715087294578552,-1.6726019382476807,2.302720069885254,-0.010839561000466347,-1.316999912261963
0.4551758749999989,0.0034223749999999996,133.0,2.7554179827406244,0.12582139163439235,1.022485511579847,-0.0020872294368169193,0.00027571285402860327,-0.0012245407390572118,0.06355038268795718,-0.4813428819179535,0.2247360795736313,0.03391572833061218,1.6399918794631958,-1.11392343044281,0.8579820394515991,-0.24216608703136444,0.32447272539138794,-1.9691247940063477,2.278552532196045,0.338363379240036,-1.9658429622650146
0.4551758749999989,0.0034223749999999996,133.0,2.789977108397603,0.17608072111824385,1.0311616089611144,-0.002133856384817643,0.0004152578504975699,-0.001169281693815361,0.06290393789932405,-0.5104327201843262,0.24640825390815735,0.06667181849479675,1.7222568988800049,-1.4167141914367676,0.8739351034164429,-0.3951681852340698,0.44833844900131226,-2.0547962188720703,2.2157840728759766,0.3131129741668701,-2.172677516937256
0.4551758749999989,0.0034223749999999996,133.0,2.8312470533126164,0.22153123176061365,1.0342177109150446,-0.0020340043330984874,0.0004007852719945666,-0.0010782157644758724,0.06275963199068815,-0.5112613439559937,0.24915704131126404,0.08065375685691833,1.7878152132034302,-1.3981693983078003,0.8734666109085083,-0.356905072927475,0.4066337049007416,-2.0624401569366455,2.1521053314208984,0.3692152202129364,-2.1966137886047363
0.4551758749999989,0.0034223749999999996,133.0,2.872581773299186,0.2648843721888206,1.0362465509846,-0.0018735958427259808,0.00037107185553151775,-0.0009685317256016418,0.06269399406607404,-0.5113328695297241,0.2505026161670685,0.09444847702980042,1.838747262954712,-1.4141747951507568,0.8685081005096436,-0.3600040376186371,0.3862980008125305,-2.045696973800659,2.0840048789978027,0.42398911714553833,-2.2271363735198975
0.4551758749999989,0.0034223749999999996,133.0,2.91338777564895,0.30683531563956884,1.0374577602500594,-0.0016690023605255347,0.00032550589948448523,-0.0008463823685018862,0.06268503130213701,-0.5181933641433716,0.25340598821640015,0.0971960723400116,1.8384194374084473,-1.4745584726333618,0.9034625291824341,-0.3215118646621704,0.41049355268478394,-2.0561161041259766,2.0689287185668945,0.4500805139541626,-2.251396417617798
0.4551758749999989,0.0034223749999999996,133.0,2.9532667916731947,0.3478767379332044,1.037858375429363,-0.0015757644897602422,0.0002969663276844787,-0.0007900902826535052,0.06268157402512732,-0.5192365646362305,0.2546752393245697,0.10544505715370178,1.8667993545532227,-1.4866529703140259,0.912406325340271,-0.2900676727294922,0.3964552879333496,-2.053342580795288,2.023374557495117,0.5016935467720032,-2.2658281326293945
0.4551758749999989,0.0034223749999999996,133.0,2.9926168807674633,0.38813310011946456,1.0391387943361108,-0.00135497435536653,0.0002496334653104025,-0.0006656720524929218,0.06264320435017799,-0.5215868949890137,0.2555960416793823,0.11317279934883118,1.8925033807754517,-1.509986162185669,0.9227257966995239,-0.26271387934684753,0.38659191131591797,-2.052671194076538,1.9805350303649902,0.5503801107406616,-2.2817749977111816
0.4551758749999989,0.0034223749999999996,133.0,3.0312979461419585,0.4274481219058503,1.0407149486763454,-0.0011855046467359612,0.00021314721428316132,-0.0005691418050742784,0.06261548900720283,-0.520218014717102,0.2555968761444092,0.1255296766757965,1.942463994026184,-1.4969496726989746,0.9116501808166504,-0.2464558631181717,0.34827151894569397,-2.0463035106658936,1.9185023307800293,0.6165950298309326,-2.2932567596435547
0.4551758749999989,0.0034223749999999996,133.0,3.068801195484162,0.46594853923240326,1.0417632036245998,-0.0009678169637365387,0.0001700353339785927,-0.000456391861890833,0.06259677645374291,-0.5212488174438477,0.2558402717113495,0.1330510675907135,1.965707540512085,-1.5160945653915405,0.9130792617797852,-0.21952781081199646,0.3344342112541199,-2.04850172996521,1.8723030090332031,0.6765048503875732,-2.3027641773223877
0.4551758749999989,0.0034223749999999996,133.0,3.1055122640083948,0.503553561874979,1.042755047739392,-0.0007731295379403313,0.00013257797126901271,-0.00035846235555154853,0.06258148525989672,-0.5210126638412476,0.2552841901779175,0.14030084013938904,1.9870671033859253,-1.5285983085632324,0.9076894521713257,-0.19289539754390717,0.316206693649292,-2.0517640113830566,1.8228254318237305,0.7452728748321533,-2.305982828140259
0.4551758749999989,0.0034223749999999996,133.0,3.141414114720102,0.5402790354277728,1.0436933476844064,-0.0005859924626988208,9.80156183382588e-5,-0.0002673993074025866,0.06256753263760129,-0.518978476524353,0.2534902095794678,0.14704784750938416,2.0053224563598633,-1.5315154790878296,0.8937876224517822,-0.16597728431224823,0.2918872833251953,-2.0579545497894287,1.7682666778564453,0.8270320892333984,-2.3000001907348633
0.4551758749999989,0.0034223749999999996,133.0,3.1765359924642476,0.5760987047661504,1.0445325290555367,-0.00040400370600018626,6.584036179213567e-5,-0.00018167723925446155,0.06255794931716674,-0.5079354047775269,0.24565164744853973,0.15407153964042664,2.014395236968994,-1.498278021812439,0.8554604053497314,-0.1569511741399765,0.2482849359512329,-2.0342445373535156,1.68003511428833,0.9411064982414246,-2.2651944160461426
0.4551758749999989,0.0034223749999999996,133.0,3.2109154025363975,0.6109882427207304,1.0453491383824807,-0.00022722064756666626,3.6110605665101254e-5,-0.00010077739775892196,0.06255136142269373,-0.47525903582572937,0.22401463985443115,0.16292211413383484,1.998745322227478,-1.3799434900283813,0.7593511343002319,-0.20318810641765594,0.16563481092453003,-1.9151577949523926,1.5103178024291992,1.1071897745132446,-2.16558575630188
0.4551758749999989,0.0034223749999999996,133.0,3.2440349794575902,0.6449460345620546,1.0453827232048962,-6.779608978248116e-5,1.052922791552907e-5,-2.9882409433623317e-5,0.06257184965794829,-0.4410763680934906,0.2020459771156311,0.1668725311756134,1.9488874673843384,-1.2633777856826782,0.6642714738845825,-0.2527216374874115,0.10104483366012573,-1.8008888959884644,1.35280179977417,1.2655037641525269,-2.0500082969665527
0.4551758749999989,0.0034223749999999996,133.0,3.2765391491430456,0.6779951960171807,1.0460559653832513,0.00014664437283059246,-2.2626573498055736e-5,6.385599846032663e-5,0.06257464025001104,-0.40467360615730286,0.1803334504365921,0.1734253466129303,1.9012243747711182,-1.1235597133636475,0.5467319488525391,-0.33232417702674866,0.029178887605667114,-1.6663049459457397,1.18827223777771,1.3953168392181396,-1.9290387630462646
0.4551758749999989,0.0034223749999999996,133.0,3.3104366076025267,0.7076717942040253,1.04530391076043,0.0003456811597973678,-5.2661882888817424e-5,0.00014748160738832603,0.06277724477955961,-0.3281721770763397,0.14083416759967804,0.19855090975761414,1.7797143459320068,-0.0796380415558815,-0.07179808616638184,-0.6999317407608032,-0.33585190773010254,-2.143218517303467,1.3244907855987549,1.154114842414856,-1.4350993633270264
0.4551758749999989,0.0034223749999999996,133.0,3.3421849138918898,0.7385613865718171,1.0461784038266329,0.0005459113514178277,-8.472908758936479e-5,0.00023182463397099936,0.06282307751237465,-0.30066773295402527,0.13053500652313232,0.19989654421806335,1.739107608795166,-0.017227262258529663,-0.16409873962402344,-0.7494377493858337,-0.36209017038345337,-2.0470385551452637,1.1871347427368164,1.1965874433517456,-1.3677418231964111
0.4551758749999989,0.0034223749999999996,133.0,3.3740621884876325,0.7684934327001807,1.0479501165252303,0.000784297589377637,-0.00012244380852702855,0.0003283859928789263,0.06284504245479433,-0.2804562747478485,0.12722434103488922,0.20339712500572205,1.7200993299484253,0.053286343812942505,-0.24043965339660645,-0.7761968374252319,-0.3857894539833069,-1.9828382730484009,1.0780746936798096,1.1864928007125854,-1.3245970010757446
0.4551758749999989,0.0034223749999999996,133.0,3.4052793483986834,0.7974552432726223,1.0494071343992473,0.0009539981171220221,-0.0001493724564290437,0.0003944829021522947,0.0628941143009964,-0.26304540038108826,0.12468598783016205,0.2073359191417694,1.7035833597183228,0.11089998483657837,-0.30865979194641113,-0.8005930185317993,-0.40618228912353516,-1.9162737131118774,0.9777839183807373,1.1585211753845215,-1.2872750759124756
0.4551758749999989,0.0034223749999999996,133.0,3.435574449757265,0.8256597650138822,1.051355941249495,0.0011714316374302736,-0.00018824414808312775,0.0004765284285737439,0.06292529105901169,-0.25356224179267883,0.12475046515464783,0.20938971638679504,1.696916103363037,0.14948266744613647,-0.3468794822692871,-0.814961314201355,-0.41571998596191406,-1.8924959897994995,0.9252176284790039,1.1368073225021362,-1.2709341049194336
0.4551758749999989,0.0034223749999999996,133.0,3.464624691912179,0.8529439822569278,1.0522344839141828,0.0013360938438195232,-0.00021950047310463348,0.0005395004199569091,0.06299776003486016,-0.249527245759964,0.12455356121063232,0.2091318666934967,1.6963557004928589,0.1653178483247757,-0.3616607189178467,-0.8250830173492432,-0.4178538918495178,-1.9023549556732178,0.9103317260742188,1.1448724269866943,-1.2683708667755127
0.4551758749999989,0.0034223749999999996,133.0,3.493165404391553,0.8793473859306126,1.053473282548246,0.0015204982070028642,-0.0002547620584888832,0.0006080717609361798,0.06305397956915738,-0.24670955538749695,0.12568093836307526,0.21012422442436218,1.7009239196777344,0.1848275512456894,-0.37654614448547363,-0.831410825252533,-0.42194664478302,-1.909730076789856,0.8962998390197754,1.14244544506073,-1.2689114809036255
0.4551758749999989,0.0034223749999999996,133.0,3.5211372261645586,0.9048366755228098,1.054405411608525,0.0017407343383806573,-0.00029330559733501733,0.0006911009754377795,0.06312171725424574,-0.2444131076335907,0.12750904262065887,0.211232990026474,1.7065643072128296,0.20675493776798248,-0.3917407989501953,-0.8320721387863159,-0.4258384108543396,-1.917094349861145,0.8852839469909668,1.136677622795105,-1.2707282304763794
0.4551758749999989,0.0034223749999999996,133.0,3.5478219668963344,0.9297222469335158,1.0554860294824144,0.0019664335063635115,-0.00033512456486602614,0.0007706008144302471,0.06316475125339913,-0.2423991858959198,0.12957380712032318,0.213843435049057,1.716721534729004,0.21779148280620575,-0.40546655654907227,-0.8430876731872559,-0.43076229095458984,-1.9141252040863037,0.865419864654541,1.121291995048523,-1.2758872509002686
0.4551758749999989,0.0034223749999999996,133.0,3.573551899794001,0.9535484555154913,1.056284775555552,0.0022130169132904215,-0.00038741168452494687,0.000862751845497961,0.06322288939534597,-0.24041786789894104,0.12846975028514862,0.21285036206245422,1.7133766412734985,0.21257387101650238,-0.41100502014160156,-0.8523687720298767,-0.4268007278442383,-1.9147518873214722,0.861562967300415,1.1365524530410767,-1.2766157388687134
0.4551758749999989,0.0034223749999999996,133.0,3.598341641517333,0.9767104301263917,1.0570008170655902,0.002393503265437218,-0.0004278158670840454,0.000930186747567904,0.06328109717398238,-0.23880234360694885,0.1294383853673935,0.21409228444099426,1.7179838418960571,0.22355805337429047,-0.422588586807251,-0.8569398522377014,-0.42965811491012573,-1.9154971837997437,0.8513846397399902,1.134615421295166,-1.2783887386322021
0.4551758749999989,0.0034223749999999996,133.0,3.6221194047124103,0.9990988539694537,1.0576610304380174,0.002626557034474054,-0.0004736458587526846,0.0010128274468965625,0.06333223640193597,-0.2373003363609314,0.13033658266067505,0.21521314978599548,1.722041130065918,0.23421131074428558,-0.43343496322631836,-0.8618074059486389,-0.432178795337677,-1.9162590503692627,0.8421897888183594,1.1332942247390747,-1.2799513339996338
0.4551758749999989,0.0034223749999999996,133.0,3.6453702860736983,1.0205832307121947,1.058533861806193,0.002860379390842552,-0.0005272827689157137,0.00109818469935318,0.06337907149617023,-0.23577344417572021,0.13130798935890198,0.21596458554267883,1.7253568172454834,0.2398679554462433,-0.4423558712005615,-0.8678736686706543,-0.43254703283309937,-1.9165663719177246,0.833975076675415,1.1306171417236328,-1.2829227447509766
0.4551758749999989,0.0034223749999999996,133.0,3.6676493401494175,1.0412708793552268,1.0592065191468045,0.0031090978919155773,-0.0005790885676988226,0.0011843246273110953,0.0634229561814367,-0.2342287302017212,0.13216319680213928,0.21612438559532166,1.7269408702850342,0.24323925375938416,-0.44986987113952637,-0.8732807636260986,-0.4311058521270752,-1.917701244354248,0.8282675743103027,1.1295946836471558,-1.2859967947006226
0.4551758749999989,0.0034223749999999996,133.0,3.689528974482819,1.0609264995003311,1.0606686649075203,0.003360339607078605,-0.0006451019177002595,0.0012663085969462915,0.06344706593180278,-0.23299962282180786,0.13221189379692078,0.21660670638084412,1.7285727262496948,0.2465384155511856,-0.4566953182220459,-0.8808715343475342,-0.4315207004547119,-1.9166048765182495,0.8215878009796143,1.1326911449432373,-1.2872424125671387
0.4551758749999989,0.0034223749999999996,133.0,3.7100461795812882,1.080207845656648,1.0620090414122318,0.003557016532139784,-0.0006912173760678094,0.0013244697217263954,0.0634725227509106,-0.23205989599227905,0.13485291600227356,0.22022178769111633,1.7410022020339966,0.26114675402641296,-0.4694211483001709,-0.8890578746795654,-0.43951165676116943,-1.9107680320739746,0.8019309043884277,1.1103215217590332,-1.2915353775024414
0.4551758749999989,0.0034223749999999996,133.0,3.7298768038943484,1.0983372055618115,1.0629607682485775,0.003778050442249983,-0.0007435705184551949,0.0013944049757850193,0.06349864647846354,-0.23095396161079407,0.13438443839550018,0.2190391719341278,1.7375099658966064,0.26107534766197205,-0.4730255603790283,-0.8917369842529297,-0.435452938079834,-1.9155194759368896,0.8049471378326416,1.122749924659729,-1.292232871055603
0.4551758749999989,0.0034223749999999996,133.0,3.748455097890268,1.115651682077071,1.0633844605499365,0.0039602742492631,-0.0008022031748120193,0.0014626860761778756,0.0635551811033877,-0.22955456376075745,0.13413295149803162,0.21886226534843445,1.736397624015808,0.259929358959198,-0.47821497917175293,-0.8983907103538513,-0.4333652853965759,-1.9155677556991577,0.8013062477111816,1.1286571025848389,-1.2932723760604858
0.4551758749999989,0.0034223749999999996,133.0,3.766506834701599,1.1324541069442722,1.0643722766891244,0.004185073477465406,-0.0008522873282006322,0.0015323524593053282,0.06358232880375798,-0.2287498116493225,0.13749435544013977,0.2221032679080963,1.7479472160339355,0.27783656120300293,-0.4911632537841797,-0.9005633592605591,-0.44023096561431885,-1.9135699272155762,0.7855968475341797,1.104189157485962,-1.2978451251983643
0.4551758749999989,0.0034223749999999996,133.0,3.783550463888406,1.1480947682186702,1.0650799111821179,0.0043799817095399015,-0.0009053730719627491,0.0015917964123216292,0.06361532451644891,-0.22720476984977722,0.13732314109802246,0.22350916266441345,1.7512465715408325,0.27961602807044983,-0.49835872650146484,-0.9106770753860474,-0.4430820345878601,-1.9068608283996582,0.7711961269378662,1.1012609004974365,-1.298257827758789
0.4551758749999989,0.0034223749999999996,133.0,3.799766405038292,1.1627697868615208,1.0653588010651447,0.004571485194797333,-0.0009555097342438672,0.0016541875291256306,0.06365702082515846,-0.22559741139411926,0.1360853910446167,0.22221139073371887,1.745654582977295,0.28075695037841797,-0.5031366348266602,-0.9119563102722168,-0.4396046996116638,-1.910131573677063,0.7725405693054199,1.1174378395080566,-1.2962934970855713
0.4551758749999989,0.0034223749999999996,133.0,3.8152755203681776,1.1767355334174399,1.0659864248796636,0.004721468124482382,-0.0009973266847077891,0.0016985113940835826,0.06369149751109061,-0.22361502051353455,0.1346226930618286,0.22131744027137756,1.7413045167922974,0.28050222992897034,-0.508188009262085,-0.9155222177505493,-0.4375618100166321,-1.9078853130340576,0.7674582004547119,1.128819465637207,-1.2940852642059326
0.4551758749999989,0.0034223749999999996,133.0,3.8298073507768513,1.189883733756227,1.066610427677524,0.004855155506508434,-0.0010408839700459423,0.0017334310171878762,0.06373035550753335,-0.22122830152511597,0.13423433899879456,0.2215695083141327,1.740851879119873,0.2797374427318573,-0.5155773162841797,-0.9214289784431458,-0.4369416832923889,-1.9007686376571655,0.7540717124938965,1.1260480880737305,-1.2942537069320679
0.4551758749999989,0.0034223749999999996,133.0,3.8437026748114085,1.2023883348293503,1.0677434243294828,0.0050017541970597415,-0.0010846757344502478,0.0017707128569884175,0.06374789862301594,-0.21950086951255798,0.13421064615249634,0.2227441370487213,1.7434136867523193,0.28545886278152466,-0.5240702629089355,-0.9252476692199707,-0.4392520785331726,-1.8973557949066162,0.7401525974273682,1.121808648109436,-1.2944810390472412
0.4551758749999989,0.0034223749999999996,133.0,3.85685481629296,1.2139728457461751,1.0682381406562609,0.005162188996006809,-0.001109388273889982,0.0018068814754943225,0.06377144508899986,-0.21791312098503113,0.13435018062591553,0.22383973002433777,1.7445586919784546,0.29458510875701904,-0.5338890552520752,-0.9249711632728577,-0.44153136014938354,-1.8958487510681152,0.7298080921173096,1.1208150386810303,-1.2933634519577026
0.4551758749999989,0.0034223749999999996,133.0,3.869100840283303,1.225135420897094,1.0693963173574734,0.0053255249200097965,-0.0011438034395762399,0.0018462463129151375,0.06377843194376064,-0.21745240688323975,0.13749809563159943,0.22850820422172546,1.7582087516784668,0.31734541058540344,-0.5474822521209717,-0.9251911640167236,-0.45346707105636597,-1.8876007795333862,0.7061495780944824,1.0905919075012207,-1.2948808670043945
0.4551758749999989,0.0034223749999999996,133.0,3.8804048353583993,1.235851408361539,1.0708162278173246,0.005487504481836352,-0.0011734981152502655,0.001878136565552994,0.06377691573858166,-0.2175745964050293,0.14257659018039703,0.23201623558998108,1.7705929279327393,0.3394779562950134,-0.559274435043335,-0.9189683794975281,-0.4601075053215027,-1.8886196613311768,0.6934525966644287,1.0551362037658691,-1.3004730939865112
0.4551758749999989,0.0034223749999999996,133.0,3.8907624303303883,1.245423375056713,1.0718050877705074,0.005666677159627821,-0.0012116161858779313,0.0019275519474168893,0.06379030855776358,-0.21744775772094727,0.14577341079711914,0.23557481169700623,1.780884027481079,0.3580850660800934,-0.5698270797729492,-0.9173616170883179,-0.4681696891784668,-1.8850184679031372,0.6768093109130859,1.0287050008773804,-1.3025531768798828
0.4551758749999989,0.0034223749999999996,133.0,3.899509283284447,1.2563550509052197,1.074401745110803,0.0059189930856488465,-0.0012695751606667165,0.0020186561511960025,0.0636197859837239,-0.21922090649604797,0.14928211271762848,0.2338503897190094,1.7820994853973389,0.37826764583587646,-0.5689561367034912,-0.8999234437942505,-0.4634625315666199,-1.9076263904571533,0.6976447105407715,1.0259647369384766,-1.308610439300537
0.4551758749999989,0.0034223749999999996,133.0,3.9081970699292743,1.2644079447756016,1.0754567942335473,0.006195013846679865,-0.0013310661886605827,0.002102319575279826,0.06361619374024309,-0.2199546992778778,0.15325213968753815,0.23461320996284485,1.7869393825531006,0.40082108974456787,-0.5749611854553223,-0.886698305606842,-0.4657789468765259,-1.9155718088150024,0.7009639739990234,1.0080548524856567,-1.311133623123169
0.4551758749999989,0.0034223749999999996,133.0,3.9158040407872834,1.2715314238771054,1.0759406026326688,0.006617120235834032,-0.0014115207941934247,0.002229315614197971,0.06362819045309913,-0.219607412815094,0.15510830283164978,0.2364197075366974,1.791559100151062,0.41327783465385437,-0.5820965766906738,-0.8855034112930298,-0.4697100520133972,-1.9119049310684204,0.690129280090332,0.9925626516342163,-1.311746597290039
0.4551758749999989,0.0034223749999999996,133.0,3.922588415388931,1.2780384636582731,1.0769655786113117,0.007320749673275834,-0.0015692780862382133,0.0024461042455333087,0.06362639635600957,-0.21975067257881165,0.15805697441101074,0.23983493447303772,1.801632046699524,0.42706677317619324,-0.5894560813903809,-0.8895435333251953,-0.4769775867462158,-1.9017590284347534,0.6704244613647461,0.9608438611030579,-1.3143333196640015
0.4551758749999989,0.0034223749999999996,133.0,3.9284980972775494,1.2836621699884518,1.0774574368419578,0.008917566120891215,-0.0019082686085458013,0.002948714576161191,0.06363328303019145,-0.2198115587234497,0.16027723252773285,0.24116912484169006,1.805695652961731,0.4400866627693176,-0.5956528186798096,-0.8918536305427551,-0.47811228036880493,-1.8951250314712524,0.6608278751373291,0.9400575757026672,-1.3171519041061401
0.4551758749999989,0.0034223749999999996,133.0,3.933576336907465,1.2885663358874528,1.078355187662871,0.016577378296069707,-0.003657565814614045,0.005305210247307231,0.06360870120988475,-0.21944788098335266,0.1588960587978363,0.2463339865207672,1.8143616914749146,0.44794198870658875,-0.6084930896759033,-0.943516731262207,-0.47792714834213257,-1.8457658290863037,0.6120004653930664,0.901097297668457,-1.3254776000976562
0.4551758749999989,0.0034223749999999996,133.0,3.9525520408228165,-1.2146514217099935,0.995549514108102,-0.014087799749599969,-0.0013465845219271734,-0.006677730791597705,0.06791725136639366,-0.030972599983215332,0.17100510001182556,-0.14538022875785828,0.9441270232200623,0.3753214478492737,-1.1003093719482422,0.38391804695129395,0.1418396532535553,-0.4332585334777832,0.5826692581176758,0.4927816092967987,-1.0872693061828613
0.4551758749999989,0.0034223749999999996,133.0,3.9479535645832917,-1.2096058209779312,0.9959404860943174,-0.007598759923392022,-0.0006967694960236548,-0.003628752869278508,0.06787654370111651,-0.03227871656417847,0.17396530508995056,-0.14505988359451294,0.9457148909568787,0.3654561936855316,-1.0970149040222168,0.3947374224662781,0.13797500729560852,-0.4340752065181732,0.6112275123596191,0.458911657333374,-1.0844917297363281
0.4551758749999989,0.0034223749999999996,133.0,3.9421008078875324,-1.2037273843312808,0.9958850566540791,-0.006245717201226715,-0.0005637740888497369,-0.002981380414901105,0.06785244097958648,-0.03397366404533386,0.17521823942661285,-0.14602741599082947,0.9465217590332031,0.36544543504714966,-1.09049654006958,0.4056500196456909,0.13604682683944702,-0.4283055365085602,0.6169719696044922,0.4352250397205353,-1.0832005739212036
0.4551758749999989,0.0034223749999999996,133.0,3.9357106476843455,-1.197625569329928,0.9957594431149683,-0.005647862704012708,-0.0005212215031699172,-0.0026967464640478955,0.06784198489379803,-0.03566297888755798,0.17562919855117798,-0.14795470237731934,0.9459660053253174,0.3701257109642029,-1.0822274684906006,0.4226345419883728,0.13509419560432434,-0.4201204180717468,0.6204173564910889,0.4130207896232605,-1.081622838973999
0.4551758749999989,0.0034223749999999996,133.0,3.9282309491056324,-1.1904898715920793,0.9954442941078857,-0.005301300028844795,-0.0005095771941021186,-0.0025307030999537597,0.06782372024832656,-0.03749147057533264,0.17565451562404633,-0.1505013108253479,0.9442397952079773,0.3742680847644806,-1.0728976726531982,0.44490623474121094,0.13481760025024414,-0.40770694613456726,0.6232481002807617,0.3874225616455078,-1.079567790031433
0.4551758749999989,0.0034223749999999996,133.0,3.9193737069999517,-1.1844564327213132,0.99278310368635,-0.005055753650094851,-0.0005475009067368597,-0.0024091213421738814,0.06788084951162962,-0.037941545248031616,0.17467159032821655,-0.15289145708084106,0.9399451613426208,0.3750404119491577,-1.066838026046753,0.4666120409965515,0.13579759001731873,-0.39057913422584534,0.6228528022766113,0.36614447832107544,-1.0762666463851929
0.4551758749999989,0.0034223749999999996,133.0,3.9101674666512944,-1.175992018174184,0.9925132322787326,-0.004854861209639158,-0.0005460682475278553,-0.002314801630763555,0.06786683330055111,-0.04002135992050171,0.17350545525550842,-0.15715330839157104,0.9344964027404785,0.3830326497554779,-1.053929090499878,0.5034618973731995,0.1374022662639618,-0.37110480666160583,0.6265373229980469,0.33354830741882324,-1.0724495649337769
0.4551758749999989,0.0034223749999999996,133.0,3.900438441392882,-1.166681382103502,0.9922358927154973,-0.004704051611771087,-0.0005465131991672747,-0.0022410183657018534,0.06785625434865007,-0.04192012548446655,0.17399592697620392,-0.1592213213443756,0.9335572123527527,0.38310083746910095,-1.0456409454345703,0.5205550789833069,0.13666614890098572,-0.3585505783557892,0.6275429725646973,0.3080466091632843,-1.0706732273101807
0.4551758749999989,0.0034223749999999996,133.0,3.8895384850519723,-1.156361080234909,0.9919493123283558,-0.004570110003816924,-0.0005485759224316105,-0.0021745761286438795,0.06783823881791524,-0.044541746377944946,0.17373278737068176,-0.16278541088104248,0.9295026659965515,0.38645100593566895,-1.0329289436340332,0.5524922609329224,0.13713666796684265,-0.33808454871177673,0.6303005218505859,0.2713603377342224,-1.0670254230499268
0.4551758749999989,0.0034223749999999996,133.0,3.8779365076584775,-1.1454985390340773,0.9917949363793308,-0.004433797242020019,-0.0005521399217670238,-0.0021103856657944567,0.06782685341794453,-0.0463404655456543,0.1725039929151535,-0.16679871082305908,0.9231535792350769,0.39051535725593567,-1.0214242935180664,0.5868350863456726,0.1391509473323822,-0.3165777623653412,0.6321256160736084,0.2409244179725647,-1.062696099281311
0.4551758749999989,0.0034223749999999996,133.0,3.865854877393704,-1.1338173279912447,0.9916440046901092,-0.0043071331736495785,-0.0005546318967399123,-0.0020492241507921584,0.06782306266928152,-0.04772758483886719,0.172404482960701,-0.1692156195640564,0.9191045761108398,0.3858543634414673,-1.0131471157073975,0.6068002581596375,0.14024114608764648,-0.2994779944419861,0.6318092346191406,0.21362611651420593,-1.0596387386322021
0.4551758749999989,0.0034223749999999996,133.0,3.8528670961834495,-1.1210943132762246,0.9913986960596838,-0.004180519831069154,-0.0005442067360569623,-0.001984988815955958,0.06781813490991337,-0.048370152711868286,0.17168383300304413,-0.17163124680519104,0.9145243167877197,0.38443994522094727,-1.006953239440918,0.6268643736839294,0.14126437902450562,-0.2823108732700348,0.6298632621765137,0.19531285762786865,-1.056036114692688
0.4551758749999989,0.0034223749999999996,133.0,3.839282603166214,-1.1074803317231416,0.9913255006686064,-0.004069305988926765,-0.0005260505231893841,-0.001932758547727373,0.06782656880957091,-0.048012882471084595,0.1717912256717682,-0.17252910137176514,0.910909116268158,0.3765682876110077,-1.0039749145507812,0.6326186656951904,0.1423494815826416,-0.27108773589134216,0.6249110698699951,0.18242940306663513,-1.053391695022583
0.4551758749999989,0.0034223749999999996,133.0,3.825028960771709,-1.0932428800729745,0.991290295099042,-0.0039269912781084845,-0.0005038810108141736,-0.0018672961280292895,0.06784352807329411,-0.045621514320373535,0.17022866010665894,-0.1737462282180786,0.90252286195755,0.3677257001399994,-1.0049076080322266,0.6395904421806335,0.14689329266548157,-0.25885534286499023,0.6172468662261963,0.17848049104213715,-1.0495513677597046
0.4551758749999989,0.0034223749999999996,133.0,3.8095549416808865,-1.0779583859446604,0.9912593354678064,-0.0037475758224158632,-0.0004839153919712,-0.001787348422496077,0.06784572909584671,-0.045854151248931885,0.17038968205451965,-0.17493504285812378,0.8982203006744385,0.3613027334213257,-0.9999971389770508,0.6496981978416443,0.14775943756103516,-0.24513721466064453,0.6129827499389648,0.15697282552719116,-1.046012043952942
0.4551758749999989,0.0034223749999999996,133.0,3.793247432481313,-1.061745712305564,0.9913173831125853,-0.003581543254826863,-0.00045873875502298634,-0.0017107287601014628,0.06784808607201656,-0.045650333166122437,0.17102016508579254,-0.17511001229286194,0.895294189453125,0.35623469948768616,-0.997586727142334,0.6520859003067017,0.14760059118270874,-0.23557479679584503,0.6071195602416992,0.1412372887134552,-1.0428187847137451
0.4551758749999989,0.0034223749999999996,133.0,3.7760902654794646,-1.0449415429206212,0.9914158036345859,-0.003390685978484114,-0.0004378384152406054,-0.0016253610067637075,0.06785268321563521,-0.045350223779678345,0.17050214111804962,-0.17659473419189453,0.8882918953895569,0.3473935127258301,-0.9934759140014648,0.6652750968933105,0.1501476764678955,-0.21900711953639984,0.6020185947418213,0.11735012382268906,-1.0383063554763794
0.4551758749999989,0.0034223749999999996,133.0,3.7583688218085314,-1.027238763238568,0.9915131877882054,-0.0032088044990827226,-0.000409559910164384,-0.001545771287713227,0.0678705204442795,-0.04256850481033325,0.1692594289779663,-0.17691141366958618,0.8801515698432922,0.3357788026332855,-0.9967062473297119,0.6666533350944519,0.1542125642299652,-0.2079886794090271,0.5920991897583008,0.1102902814745903,-1.0342471599578857
0.4551758749999989,0.0034223749999999996,133.0,3.7393666310706686,-1.0084540900679584,0.9915590420148378,-0.0030230447339059325,-0.00038765122218599273,-0.0014597781534503914,0.06786334426274815,-0.04296991229057312,0.17004945874214172,-0.17753350734710693,0.8763452768325806,0.3295217454433441,-0.991400957107544,0.6742541193962097,0.15379229187965393,-0.19311991333961487,0.5857620239257812,0.08341015875339508,-1.0298947095870972
0.4551758749999989,0.0034223749999999996,133.0,3.7195305387773483,-0.9889812193935772,0.9916292983259755,-0.0028556929412086617,-0.00036613366605082987,-0.0013848801390930919,0.06786301756127008,-0.042501986026763916,0.16932044923305511,-0.17923051118850708,0.8673170208930969,0.31913143396377563,-0.9861598014831543,0.6908568143844604,0.15666118264198303,-0.17112280428409576,0.5783259868621826,0.05460934340953827,-1.0236715078353882
0.4551758749999989,0.0034223749999999996,133.0,3.6991323262893707,-0.9687318807237902,0.9916930244759649,-0.002636277380957655,-0.0003378468041928615,-0.001285057132840839,0.0678704642784269,-0.04099947214126587,0.16887900233268738,-0.17966043949127197,0.8596932291984558,0.3083411455154419,-0.9850709438323975,0.6968861222267151,0.15886181592941284,-0.15518306195735931,0.5685558319091797,0.03583681583404541,-1.0181896686553955
0.4551758749999989,0.0034223749999999996,133.0,3.67765767776998,-0.948356718770579,0.9919322408595853,-0.0024189224081502493,-0.00032216069885801686,-0.0011837636925235459,0.06786696829729068,-0.0418667197227478,0.16718056797981262,-0.1829012930393219,0.8461065888404846,0.30613958835601807,-0.9747941493988037,0.7316882610321045,0.16260164976119995,-0.12270080298185349,0.5635123252868652,-0.004075365141034126,-1.0083184242248535
0.4551758749999989,0.0034223749999999996,133.0,3.6553426829545734,-0.9263418186941164,0.9919904456782334,-0.002213348557680326,-0.0002907340786158395,-0.0010893938927378781,0.06786839811504972,-0.040429890155792236,0.16543461382389069,-0.1844291090965271,0.834351658821106,0.29768186807632446,-0.9720656871795654,0.7485682964324951,0.16659197211265564,-0.10025811940431595,0.5533804893493652,-0.026166733354330063,-1.0005576610565186
0.4551758749999989,0.0034223749999999996,133.0,3.6321227049312697,-0.9034764499828316,0.9918816626453589,-0.002009527148786233,-0.00026629784107535013,-0.0009925347261050307,0.06785929719703054,-0.03984546661376953,0.1646367758512497,-0.18567264080047607,0.8244622945785522,0.2852385938167572,-0.96700119972229,0.7636150121688843,0.1692028045654297,-0.07691975682973862,0.5439341068267822,-0.055158279836177826,-0.9932059049606323
0.4551758749999989,0.0034223749999999996,133.0,3.6080223413594616,-0.8793757613283416,0.9917107177555644,-0.0018463669104467869,-0.00024380200329807104,-0.0009158541444092703,0.06784482551407835,-0.03914278745651245,0.16698002815246582,-0.184289813041687,0.8251412510871887,0.2717125117778778,-0.9642531871795654,0.7510485649108887,0.1664014458656311,-0.07217690348625183,0.5318973064422607,-0.07470782846212387,-0.9908879995346069
0.4551758749999989,0.0034223749999999996,133.0,3.58310144855635,-0.8546658144704828,0.9917764117407433,-0.0016457292089828235,-0.00021249163526987767,-0.0008234786869880385,0.06784162867916484,-0.03821408748626709,0.16775386035442352,-0.1839267909526825,0.8201605677604675,0.2576445937156677,-0.961064338684082,0.7500845193862915,0.16648665070533752,-0.05947797745466232,0.5205879211425781,-0.0966118723154068,-0.9858613014221191
0.4551758749999989,0.0034223749999999996,133.0,3.5571931002242283,-0.8293806507855525,0.9919408175958491,-0.0014603069947926436,-0.00019072480588006027,-0.0007369411296709418,0.06782740314204304,-0.037754327058792114,0.16705533862113953,-0.18518993258476257,0.8092082738876343,0.24497200548648834,-0.9541079998016357,0.7656049132347107,0.16921409964561462,-0.035430051386356354,0.5099990367889404,-0.12743666768074036,-0.9775592088699341
0.4551758749999989,0.0034223749999999996,133.0,3.530749090454551,-0.8038113770335097,0.992031581832964,-0.001277465463239412,-0.0001713613331924958,-0.0006486734039557025,0.0678192311078814,-0.03753674030303955,0.16457386314868927,-0.1878567636013031,0.7911230325698853,0.23707476258277893,-0.9450991153717041,0.7978222370147705,0.17418354749679565,0.00305516947992146,0.4990506172180176,-0.16515903174877167,-0.9644317030906677
0.4551758749999989,0.0034223749999999996,133.0,3.503326060833428,-0.7769915798773446,0.9920718629659331,-0.0011262326441285444,-0.00015159801674624103,-0.0005761397322688683,0.06780466186450095,-0.036852121353149414,0.1633192002773285,-0.18956591188907623,0.774369478225708,0.22085140645503998,-0.9352154731750488,0.8201634287834167,0.1779898703098297,0.04021918773651123,0.484630823135376,-0.20512504875659943,-0.9513850808143616
0.4551758749999989,0.0034223749999999996,133.0,3.475249370447701,-0.7494336310323961,0.9920952435732859,-0.0009914836769941435,-0.00013287311005624703,-0.0005112925434369304,0.06779633263759843,-0.03603065013885498,0.16184301674365997,-0.1914815902709961,0.7539829015731812,0.2024563103914261,-0.9235045909881592,0.8451252579689026,0.18238645792007446,0.08497796952724457,0.4679396152496338,-0.2501111924648285,-0.935283362865448
0.4551758749999989,0.0034223749999999996,133.0,3.446037504657577,-0.7210462934140136,0.9921154325107686,-0.0008178375679244601,-0.00011017058640303268,-0.0004240700017739324,0.06777265133101767,-0.03533172607421875,0.1598111242055893,-0.19361083209514618,0.7277430295944214,0.18598027527332306,-0.9098942279815674,0.8751726746559143,0.18752574920654297,0.141078382730484,0.4493429660797119,-0.300104558467865,-0.9140698909759521
0.4551758749999989,0.0034223749999999996,133.0,3.4159773202558865,-0.691936837269335,0.9922706090163743,-0.0006859008781895229,-9.334424732106409e-5,-0.00035829203109673735,0.06774523320996917,-0.034918516874313354,0.15728463232517242,-0.1959596425294876,0.6958681344985962,0.16559994220733643,-0.8916833400726318,0.9083995223045349,0.1940629482269287,0.2070680856704712,0.4293551445007324,-0.3540797531604767,-0.8886191844940186
0.4551758749999989,0.0034223749999999996,133.0,3.385194708615374,-0.6618670289338989,0.9922862958047847,-0.0005143412319321402,-7.104925938667915e-5,-0.00027084313758729344,0.06771532499337087,-0.035468071699142456,0.15235726535320282,-0.19859495759010315,0.6347488164901733,0.13559691607952118,-0.8376963138580322,0.9561560750007629,0.2096632421016693,0.2561566233634949,0.42261719703674316,-0.35911306738853455,-0.8434568643569946
0.4551758749999989,0.0034223749999999996,133.0,3.353380042315291,-0.6303246777330017,0.9921587321775656,-0.00032277860801797344,-4.324616685946832e-5,-0.0001718493761208658,0.06767992423527004,-0.03634324669837952,0.1461188644170761,-0.19773878157138824,0.5575801730155945,0.09801046550273895,-0.7657148838043213,0.9906739592552185,0.228458434343338,0.30018219351768494,0.42294931411743164,-0.31370505690574646,-0.7856763005256653
0.4551758749999989,0.0034223749999999996,133.0,3.3206078531835637,-0.5981011046004351,0.9922064020632602,-0.00015071591898373953,-1.9748006873644077e-5,-8.121830555102318e-5,0.06763914493641703,-0.03860270977020264,0.13947908580303192,-0.19239050149917603,0.47268885374069214,0.059048328548669815,-0.6706037521362305,1.003130316734314,0.25025254487991333,0.34102165699005127,0.4364774227142334,-0.2190207988023758,-0.723315954208374
0.4551758749999989,0.0034223749999999996,133.0,3.287288028535788,-0.5658974816945372,0.9923201074124675,1.669910537643485e-5,2.2488908745357474e-6,9.083928599549349e-6,0.06760194546004028,-0.09569516777992249,0.16971105337142944,-0.15707126259803772,0.453602135181427,0.06401515752077103,-0.6335849761962891,0.5852580666542053,0.4099457263946533,0.17679037153720856,0.8881144523620605,-0.16187776625156403,-0.8668538928031921
0.4551758749999989,0.0034223749999999996,133.0,3.2533005615847697,-0.5324332471119569,0.9920106060571918,0.00018446839161558132,2.544357868151734e-5,0.00010068318413970556,0.0675682170908968,-0.10614088177680969,0.15718069672584534,-0.14902541041374207,0.35061928629875183,0.06885024905204773,-0.4529128074645996,0.5982245802879333,0.4354539215564728,0.24620120227336884,0.9910314083099365,-0.017442183569073677,-0.7900112271308899
0.4551758749999989,0.0034223749999999996,133.0,3.2183446929429502,-0.49759938180403224,0.9913171570922799,0.00036638331471033447,5.1249938597694755e-5,0.00020028472670867027,0.0675314393405887,-0.1131453812122345,0.15049827098846436,-0.1461409330368042,0.27800774574279785,0.08194979280233383,-0.2764732837677002,0.5717604756355286,0.44746842980384827,0.2931838929653168,1.054750680923462,0.05025263875722885,-0.7298579216003418
0.4551758749999989,0.0034223749999999996,133.0,3.1826642306943937,-0.46231341405694376,0.990895187787778,0.0005094688539264557,7.309846480451599e-5,0.00027892746843600856,0.06750499223054823,-0.11876526474952698,0.14502385258674622,-0.1463293731212616,0.2198949158191681,0.10414719581604004,-0.10221099853515625,0.5329264998435974,0.45934176445007324,0.3224969208240509,1.0970346927642822,0.07352208346128464,-0.6839640736579895
0.4551758749999989,0.0034223749999999996,133.0,3.146201034583105,-0.4261907135083805,0.990465573672796,0.0006708100880562335,9.89801899088277e-5,0.0003676729770000921,0.06748274824175225,-0.1201469898223877,0.14134804904460907,-0.15008395910263062,0.18689535558223724,0.12708726525306702,0.005118608474731445,0.5047169327735901,0.4581170082092285,0.3665975332260132,1.1019196510314941,0.04872503876686096,-0.6498172283172607
0.4551758749999989,0.0034223749999999996,133.0,3.1089605999827747,-0.38925164587817596,0.9900583735101807,0.0008426596974904187,0.00012790563441330213,0.0004622548154069298,0.06746211029305649,-0.11778950691223145,0.1381203681230545,-0.1549036204814911,0.17038129270076752,0.14168161153793335,0.03826904296875,0.5002114176750183,0.4503605365753174,0.428192138671875,1.0842201709747314,0.018530098721385002,-0.6253998279571533
0.4551758749999989,0.0034223749999999996,133.0,3.0709884382647714,-0.35154002914481286,0.9896264828729802,0.0010378239561777383,0.00016227076478789708,0.0005696808627482986,0.0674437683551478,-0.1159040629863739,0.13543398678302765,-0.1587909460067749,0.1575828194618225,0.15030927956104279,0.06488299369812012,0.4998989999294281,0.4449423849582672,0.47776272892951965,1.069718599319458,-0.00518791563808918,-0.6070666313171387
0.4551758749999989,0.0034223749999999996,133.0,3.032223137488377,-0.3130050414031721,0.9892131381402672,0.0012231495833693422,0.00019663750836014876,0.0006715016162907208,0.06742724908180606,-0.11449456214904785,0.13340628147125244,-0.1614665687084198,0.1483287811279297,0.15304797887802124,0.08498477935791016,0.5048407912254333,0.44172802567481995,0.5173153877258301,1.058014154434204,-0.02338218502700329,-0.5945085287094116
0.4551758749999989,0.0034223749999999996,133.0,2.992450382159667,-0.2741139833594379,0.9889872831673641,0.0013430533656221793,0.00022679351315447676,0.0007369328626448882,0.06740939481463902,-0.11443886160850525,0.13002051413059235,-0.1622837781906128,0.1326945573091507,0.16107989847660065,0.11380290985107422,0.5178890824317932,0.4509130120277405,0.5696787238121033,1.0487596988677979,-0.03823946788907051,-0.587956428527832
0.4551758749999989,0.0034223749999999996,133.0,2.9518200046687326,-0.2338489261818675,0.9885887734651291,0.0014963825708345332,0.00026017546659487214,0.0008223712662127724,0.06738783996309858,-0.11492994427680969,0.12931334972381592,-0.16409635543823242,0.12629097700119019,0.16248658299446106,0.12946772575378418,0.531234860420227,0.4502350091934204,0.5959958434104919,1.0450096130371094,-0.04689791798591614,-0.5808668732643127
0.4551758749999989,0.0034223749999999996,133.0,2.9100808399501528,-0.19196514345141413,0.987702165363724,0.0016455085910519907,0.00029278175874225895,0.0009073398880703793,0.06735219919755484,-0.11598712205886841,0.13159619271755219,-0.16794052720069885,0.13378877937793732,0.1576874852180481,0.12744522094726562,0.5455885529518127,0.43597936630249023,0.6080639958381653,1.0451328754425049,-0.056815341114997864,-0.5741859078407288
0.4551758749999989,0.0034223749999999996,133.0,2.868906838964439,-0.14903275981444133,0.9900145623908444,0.001785988558991139,0.0003083981315743382,0.0009919033213177163,0.06728019105845547,-0.11456343531608582,0.12944559752941132,-0.17034852504730225,0.11781208217144012,0.15344810485839844,0.14600443840026855,0.5488649606704712,0.43811357021331787,0.6201035976409912,1.0388870239257812,-0.05341426283121109,-0.5602432489395142
0.4551758749999989,0.0034223749999999996,133.0,2.825259219175598,-0.10636701186132849,0.9895717091568174,0.0018811099625118826,0.00035007733396553244,0.0010483282298110672,0.06723442354708463,-0.11632201075553894,0.12240000069141388,-0.17031261324882507,0.08755989372730255,0.1759405881166458,0.18146514892578125,0.579542875289917,0.4697045087814331,0.6966928839683533,1.0286836624145508,-0.046970561146736145,-0.5613952875137329
0.4551758749999989,0.0034223749999999996,133.0,2.778028126840322,-0.061479315452378995,0.9899408107205467,0.001850891361072287,0.0003584326262073363,0.0010597885288156205,0.06710284606877233,-0.15087217092514038,0.14908556640148163,-0.16891860961914062,0.12879043817520142,0.2074405699968338,0.20498991012573242,0.6354376077651978,0.45824524760246277,0.5890551209449768,1.22312331199646,-0.09192731231451035,-0.5921419858932495
0.4551758749999989,0.0034223749999999996,133.0,2.722345791791273,-0.0011174564396594971,0.98727577876976,0.0017362257161081412,-2.23976302967243e-5,0.0011074606249788618,0.06655300519810277,-0.24695655703544617,0.28790760040283203,-0.15220481157302856,0.4175034165382385,0.01990950107574463,0.3489220142364502,-0.12738563120365143,0.60295170545578,-1.3906586170196533,2.186875343322754,-0.38658198714256287,-1.023454189300537
0.4551758749999989,0.0034223749999999996,133.0,2.6585192034576823,0.04123199759209715,0.9885446013864678,0.00010477156418798143,-6.088733304739339e-6,6.916219518621715e-5,0.06537439911940948,-0.3910234868526459,0.17784510552883148,-0.13232961297035217,0.8900845050811768,-0.5876724123954773,0.8141540288925171,0.6331573128700256,0.1607227325439453,-1.5444496870040894,2.338576316833496,-0.21290156245231628,-1.0503745079040527
0.4551758749999989,0.0034223749999999996,133.0,2.69699077222025,0.07232996722607413,0.9931540063748938,-0.001770154147096519,-7.176588676328176e-5,-0.001135451784007085,0.06484562815927931,-0.401593953371048,0.1866062879562378,-0.07802364230155945,1.1914494037628174,-0.6021212935447693,0.809666633605957,0.4340657591819763,0.1130346953868866,-1.6707075834274292,2.2833633422851562,0.010368911549448967,-1.304837703704834
0.4551758749999989,0.0034223749999999996,133.0,2.7262616073855797,0.12505643539306396,1.0078697431103087,-0.0020805707152362876,0.0002635576512086618,-0.001221810044437341,0.06366063411081704,-0.4746897518634796,0.22338460385799408,0.03130200505256653,1.624454140663147,-1.099642276763916,0.8398741483688354,-0.23147284984588623,0.31692641973495483,-1.9697941541671753,2.2598485946655273,0.3626447916030884,-1.94266939163208
0.4551758749999989,0.0034223749999999996,133.0,2.760771912656389,0.17527796349065264,1.016562978358912,-0.002127150124786001,0.0004048269842410797,-0.0011671971591169388,0.06301280906137142,-0.5040127038955688,0.2451678365468979,0.06374093890190125,1.7053699493408203,-1.401923656463623,0.8582981824874878,-0.38407057523727417,0.44065478444099426,-2.0594847202301025,2.200556755065918,0.338308185338974,-2.148015260696411
0.4551758749999989,0.0034223749999999996,133.0,2.80204333975872,0.22073442975789498,1.0196080201070667,-0.002027432801046742,0.0003918512774894845,-0.0010762262018287013,0.06286946550018589,-0.5046451091766357,0.24800872802734375,0.0776083767414093,1.770193338394165,-1.3838374614715576,0.8574799299240112,-0.3470596671104431,0.39953744411468506,-2.068101167678833,2.1367053985595703,0.3952532708644867,-2.171811819076538
0.4551758749999989,0.0034223749999999996,133.0,2.843400598131217,0.264074375689748,1.0216058047213428,-0.001867343558349088,0.0003631316278458383,-0.000966877695881074,0.06280528547532398,-0.5045794248580933,0.24945539236068726,0.09127232432365417,1.8206793069839478,-1.3999978303909302,0.8522752523422241,-0.35121434926986694,0.3796515166759491,-2.052445650100708,2.0687527656555176,0.45012423396110535,-2.2023465633392334
0.4551758749999989,0.0034223749999999996,133.0,2.8842279143182585,0.30601438688709975,1.0227866494437774,-0.0016632517231213225,0.0003187284461335426,-0.000845099815373372,0.06279715279642213,-0.5112526416778564,0.252375066280365,0.09387066960334778,1.8198301792144775,-1.4596282243728638,0.8865139484405518,-0.31364333629608154,0.40383380651474,-2.0634260177612305,2.054004669189453,0.4759017527103424,-2.226069688796997
0.4551758749999989,0.0034223749999999996,133.0,2.9241219461076295,0.3470449336364048,1.0231543468461537,-0.0015701474435759425,0.00029080534757600963,-0.000789136432549526,0.06279387977544014,-0.5122735500335693,0.25374501943588257,0.1019645631313324,1.8477829694747925,-1.4720022678375244,0.8955931663513184,-0.2833752930164337,0.39060458540916443,-2.061122417449951,2.0092153549194336,0.5259595513343811,-2.2408909797668457
0.4551758749999989,0.0034223749999999996,133.0,2.963497693096434,0.3872920451562686,1.0244227704595048,-0.0013500656467889472,0.0002446470330993562,-0.0006649040701295135,0.06275584434541348,-0.5147122144699097,0.2548072040081024,0.10956218838691711,1.8733874559402466,-1.495481252670288,0.906558632850647,-0.25727999210357666,0.38163334131240845,-2.060924768447876,1.9675331115722656,0.5723002552986145,-2.2576370239257812
0.4551758749999989,0.0034223749999999996,133.0,3.002168609180025,0.4266036291085187,1.0259172077495486,-0.0011809928090822845,0.0002089111518600185,-0.0005688073052300238,0.06272930604232878,-0.5135018825531006,0.25497740507125854,0.12172332406044006,1.923007845878601,-1.4835824966430664,0.8966926336288452,-0.24169565737247467,0.34486597776412964,-2.0549721717834473,1.906639575958252,0.6358020901679993,-2.270352602005005
0.4551758749999989,0.0034223749999999996,133.0,3.0396839997700758,0.46509784199407095,1.0269330546905011,-0.00096405237302376,0.00016674030852967858,-0.0004562421197292733,0.06271086715162262,-0.5148937702178955,0.25550293922424316,0.1290784776210785,1.9463270902633667,-1.5034780502319336,0.9001706838607788,-0.2158055156469345,0.33271098136901855,-2.0568552017211914,1.8629541397094727,0.6905866265296936,-2.2816262245178223
0.4551758749999989,0.0034223749999999996,133.0,3.0764021358146563,0.502699603712358,1.027892355756978,-0.0007700646625228413,0.00013007069358441658,-0.0003584480244672909,0.0626955594477362,-0.5155150890350342,0.25558024644851685,0.13615676760673523,1.9682697057724,-1.5181604623794556,0.8990087509155273,-0.19068096578121185,0.3176114559173584,-2.0586469173431396,1.8187942504882812,0.7493802309036255,-2.2885565757751465
0.4551758749999989,0.0034223749999999996,133.0,3.1123069921068645,0.539428665490508,1.028818521185799,-0.0005836554159210492,9.623853099463587e-5,-0.0002674449792560953,0.06268058296571424,-0.5149294137954712,0.25483211874961853,0.1428031623363495,1.9880475997924805,-1.5254591703414917,0.8915499448776245,-0.16589613258838654,0.2981244921684265,-2.0619850158691406,1.7722768783569336,0.8159710168838501,-2.2889246940612793
0.4551758749999989,0.0034223749999999996,133.0,3.1474136004250015,0.5752605297259562,1.0296269183056188,-0.0004023748857412047,6.467309070276012e-5,-0.00018178573819315123,0.06266967706393065,-0.5125100612640381,0.25286245346069336,0.14903971552848816,2.004572629928589,-1.5231010913848877,0.8752123117446899,-0.14148151874542236,0.2726706862449646,-2.067754030227661,1.720588207244873,0.8959434032440186,-2.2800638675689697
0.4551758749999989,0.0034223749999999996,133.0,3.18169716054816,0.6102205364976777,1.0304191862859156,-0.00022631379070273269,3.5482871548961903e-5,-0.00010091797682632288,0.06265786848016021,-0.501349687576294,0.24506200850009918,0.15575692057609558,2.0129752159118652,-1.4840776920318604,0.834022045135498,-0.13780151307582855,0.22825470566749573,-2.0441622734069824,1.6368465423583984,1.0055288076400757,-2.2437639236450195
0.4551758749999989,0.0034223749999999996,133.0,3.214539255113503,0.6443608154616354,1.0303878594226776,-6.753423380568837e-5,1.0336340542683085e-5,-2.9979455509903467e-5,0.06266620084363535,-0.46611258387565613,0.2212773561477661,0.16076448559761047,1.9700956344604492,-1.3710241317749023,0.743051290512085,-0.19070278108119965,0.160146564245224,-1.9180759191513062,1.4680449962615967,1.1740248203277588,-2.1315174102783203
0.4551758749999989,0.0034223749999999996,133.0,3.246791591872087,0.6775716329941325,1.031007301016523,0.00014610755083978682,-2.2195777671633094e-5,6.415880287536589e-5,0.06265747097581763,-0.4329884946346283,0.20009049773216248,0.16748753190040588,1.9358625411987305,-1.2483500242233276,0.6386911869049072,-0.2612967789173126,0.08919888734817505,-1.801388144493103,1.313171148300171,1.316741704940796,-2.0250704288482666
0.4551758749999989,0.0034223749999999996,133.0,3.28030556689991,0.7074653997732886,1.0301268164743016,0.00034492688368646234,-5.100208234211355e-5,0.00014773491517171148,0.06284478997706795,-0.3961489498615265,0.1796521246433258,0.18080487847328186,1.9229605197906494,-1.101620078086853,0.48789799213409424,-0.3681938350200653,-0.0003179311752319336,-1.6538385152816772,1.1333732604980469,1.432132363319397,-1.9210278987884521
0.4551758749999989,0.0034223749999999996,133.0,3.311689253681653,0.7385407346802884,1.030920322772531,0.000545494185857765,-8.114427768995524e-5,0.0002315436654649348,0.06287482012812645,-0.32260534167289734,0.1413976401090622,0.1975458562374115,1.7743356227874756,-0.07113678008317947,-0.09306049346923828,-0.7018524408340454,-0.3321874737739563,-2.153325080871582,1.3053627014160156,1.1831445693969727,-1.433547019958496
0.4551758749999989,0.0034223749999999996,133.0,3.3434217991932718,0.768512767023877,1.032653566631397,0.0007837353269491594,-0.00011725773154970136,0.0003283835449877365,0.06289039851983669,-0.2985590994358063,0.1350935846567154,0.2008553445339203,1.7543785572052002,0.011590521782636642,-0.18042850494384766,-0.7382283210754395,-0.36500489711761475,-2.0820703506469727,1.1799583435058594,1.1979855298995972,-1.380284070968628
0.4551758749999989,0.0034223749999999996,133.0,3.3745153247728097,0.7975078824942179,1.0340881443404055,0.0009533914042706356,-0.00014311484691836217,0.000394892182987991,0.06293267954292109,-0.2758873403072357,0.13007397949695587,0.20584896206855774,1.7313152551651,0.07907077670097351,-0.2664511203765869,-0.7764745950698853,-0.39264899492263794,-1.9909720420837402,1.0501658916473389,1.180884838104248,-1.3289787769317627
0.4551758749999989,0.0034223749999999996,133.0,3.4047288905298165,0.8257320246033751,1.0360217068553517,0.0011707602322813713,-0.00018066716335588632,0.0004773377102700925,0.06295994224642652,-0.2592087686061859,0.12693654000759125,0.2088625729084015,1.711552381515503,0.12873438000679016,-0.32818150520324707,-0.8036839962005615,-0.40978461503982544,-1.9250456094741821,0.9557921886444092,1.1534661054611206,-1.291695237159729
0.4551758749999989,0.0034223749999999996,133.0,3.433728000282177,0.8530329003895546,1.0368575343340019,0.0013352823881041082,-0.00021078706808838482,0.0005408069956066744,0.06303120589323527,-0.24909725785255432,0.12537257373332977,0.21232184767723083,1.7060422897338867,0.1521809697151184,-0.36710166931152344,-0.8315878510475159,-0.4211987853050232,-1.8860279321670532,0.8903827667236328,1.1328624486923218,-1.274531364440918
0.4551758749999989,0.0034223749999999996,133.0,3.4622241790096013,0.8794622618222593,1.0380914587422445,0.001519650638717407,-0.0002448570775786819,0.0006096450326457382,0.06308621742071442,-0.2459578812122345,0.12571802735328674,0.21039673686027527,1.7011500597000122,0.1772635132074356,-0.37880539894104004,-0.8292354941368103,-0.42034661769866943,-1.9080610275268555,0.8911657333374023,1.1457051038742065,-1.270754337310791
0.4551758749999989,0.0034223749999999996,133.0,3.4901996900337333,0.9049398920916775,1.039001931364967,0.001739714443228068,-0.00028191987091852496,0.0006929573292668739,0.06315482438087051,-0.24323222041130066,0.12736140191555023,0.2112145721912384,1.7054413557052612,0.20224884152412415,-0.3944385051727295,-0.8300364017486572,-0.42439574003219604,-1.9182204008102417,0.879875659942627,1.1413413286209106,-1.2710962295532227
0.4551758749999989,0.0034223749999999996,133.0,3.5168777792816384,0.9298201842555147,1.0400789473972043,0.001965285366297685,-0.0003224754155063122,0.0007727515019788226,0.06319764369009499,-0.2410111129283905,0.12931551039218903,0.21366962790489197,1.714875340461731,0.2147732377052307,-0.408292293548584,-0.8410471081733704,-0.42932188510894775,-1.9167871475219727,0.8599276542663574,1.1267127990722656,-1.2755450010299683
0.4551758749999989,0.0034223749999999996,133.0,3.5425941504509515,0.9536623527677696,1.0408508322420662,0.0022116667305503886,-0.00037303787023315507,0.0008654088242089422,0.06325653565295465,-0.23893508315086365,0.1281466782093048,0.212583988904953,1.7110977172851562,0.21022002398967743,-0.41382837295532227,-0.8500680327415466,-0.4252418875694275,-1.918202519416809,0.8561623096466064,1.1423957347869873,-1.2759695053100586
0.4551758749999989,0.0034223749999999996,133.0,3.567373266670016,0.976826345420762,1.0415386340651467,0.0023919836912805036,-0.00041229200542809144,0.0009332949043593562,0.06331504183766964,-0.23733273148536682,0.12908901274204254,0.21381720900535583,1.715551495552063,0.22093565762043,-0.4252309799194336,-0.854540228843689,-0.4279394745826721,-1.9188892841339111,0.8461298942565918,1.140449047088623,-1.2777495384216309
0.4551758749999989,0.0034223749999999996,133.0,3.591147634868743,0.9992105115706054,1.0421787376479978,0.0026248706134971572,-0.0004565880308617532,0.0010163874827748853,0.0633662830927859,-0.23584523797035217,0.12996447086334229,0.21493664383888245,1.7194929122924805,0.23132745921611786,-0.4359099864959717,-0.8593572974205017,-0.43032902479171753,-1.919534683227539,0.8370223045349121,1.139057993888855,-1.27932870388031
0.4551758749999989,0.0034223749999999996,133.0,3.614401141166226,1.0206887750301288,1.043024696772466,0.0028583720014746274,-0.0005087123977003508,0.0011022398470829815,0.06341485029979727,-0.23432523012161255,0.13090626895427704,0.21568265557289124,1.7226848602294922,0.23677553236484528,-0.44471240043640137,-0.8653713464736938,-0.4306066632270813,-1.9197075366973877,0.8288848400115967,1.136352777481079,-1.2822680473327637
0.4551758749999989,0.0034223749999999996,133.0,3.6366445509420764,1.0414014476449933,1.0436720193378282,0.0031069314501900756,-0.0005589319453223847,0.0011890506265258894,0.06345802473693143,-0.23296603560447693,0.13252821564674377,0.21625098586082458,1.7259442806243896,0.24571113288402557,-0.45383572578430176,-0.8674697875976562,-0.4304072856903076,-1.9226422309875488,0.8234970569610596,1.1310275793075562,-1.2857673168182373
0.4551758749999989,0.0034223749999999996,133.0,3.658518833306371,1.0610642368206904,1.045137540409914,0.0033580846276250894,-0.0006235692942823587,0.001271518517681644,0.0634819626911549,-0.23161077499389648,0.13181190192699432,0.2163144052028656,1.7258164882659912,0.2431795746088028,-0.45870375633239746,-0.8782738447189331,-0.429381787776947,-1.9197331666946411,0.816826581954956,1.1380997896194458,-1.2866997718811035
0.4551758749999989,0.0034223749999999996,133.0,3.6790318290826263,1.0803338102870954,1.0464493365652918,0.0035545193107908214,-0.0006686681886665154,0.0013302562583030703,0.0635078185817614,-0.23068144917488098,0.13442562520503998,0.2199266254901886,1.7381582260131836,0.2575465142726898,-0.47135090827941895,-0.8864465355873108,-0.43727099895477295,-1.9137895107269287,0.7972369194030762,1.1157170534133911,-1.291007399559021
0.4551758749999989,0.0034223749999999996,133.0,3.698858410528848,1.0984710853907478,1.0474035709419052,0.0037754959125729003,-0.0007196886778121593,0.0014004184774177699,0.06353412994522036,-0.22959935665130615,0.13395920395851135,0.21874842047691345,1.7346497774124146,0.25736328959465027,-0.47479724884033203,-0.889107882976532,-0.43315762281417847,-1.9184691905975342,0.8003387451171875,1.1279551982879639,-1.2917418479919434
0.4551758749999989,0.0034223749999999996,133.0,3.717430978745004,1.1157918811165701,1.0478129937735263,0.00395755278019681,-0.0007773522257649128,0.0014693004391353496,0.06359085882214836,-0.22821447253227234,0.13369576632976532,0.21856948733329773,1.733492136001587,0.2560908794403076,-0.479900598526001,-0.8957120180130005,-0.4310140013694763,-1.9184374809265137,0.7967805862426758,1.1337952613830566,-1.2927916049957275
0.4551758749999989,0.0034223749999999996,133.0,3.7354763410901355,1.1325770843787661,1.0487725221862405,0.004182085259465765,-0.0008261570401912875,0.0015395423588379076,0.06361849149077071,-0.22741401195526123,0.13702532649040222,0.22180715203285217,1.744922161102295,0.273768812417984,-0.49275922775268555,-0.897927463054657,-0.43779295682907104,-1.9163349866867065,0.7811503410339355,1.109358787536621,-1.2973315715789795
0.4551758749999989,0.0034223749999999996,133.0,3.7525055049773353,1.1482273900446918,1.0494625859462952,0.004376797173815759,-0.0008781295729942257,0.0015996122666610962,0.06365174011783653,-0.22588816285133362,0.1368463933467865,0.22320261597633362,1.7481855154037476,0.27542635798454285,-0.4998972415924072,-0.9079198837280273,-0.4405532479286194,-1.9096318483352661,0.7668931484222412,1.106399416923523,-1.2977993488311768
0.4551758749999989,0.0034223749999999996,133.0,3.768718667790961,1.162915151321776,1.0497416378989353,0.004568249063013348,-0.0009268858810040137,0.0016623075245021514,0.0636937209933059,-0.22412744164466858,0.13498280942440033,0.22119542956352234,1.7402251958847046,0.27261921763420105,-0.5029590129852295,-0.9100227952003479,-0.4350643754005432,-1.9131709337234497,0.7703218460083008,1.127316951751709,-1.2955090999603271
0.4551758749999989,0.0034223749999999996,133.0,3.784213111485914,1.1769014405328762,1.0503787025490128,0.0047183184860599995,-0.0009679396242570635,0.001706706284145739,0.0637277974472435,-0.2223580777645111,0.13417810201644897,0.22102585434913635,1.738326072692871,0.2762330174446106,-0.5094866752624512,-0.9126651287078857,-0.4349406957626343,-1.9107648134231567,0.7634038925170898,1.1335546970367432,-1.2937991619110107
0.4551758749999989,0.0034223749999999996,133.0,3.7987293095713657,1.1900463222438555,1.0509715824730823,0.004851706171507401,-0.0010108597385726531,0.001742498262274182,0.06376702273693165,-0.2199830710887909,0.1337788999080658,0.2212645709514618,1.7378355264663696,0.2754542827606201,-0.5168638229370117,-0.918502151966095,-0.43426352739334106,-1.9037532806396484,0.7501909732818604,1.1308304071426392,-1.2939867973327637
0.4551758749999989,0.0034223749999999996,133.0,3.8126233892702954,1.202541813275811,1.0521081522041804,0.004998406770224482,-0.0010541841395152773,0.0017796295639969017,0.06378437587938514,-0.21827781200408936,0.13376136124134064,0.22245171666145325,1.7404652833938599,0.2810862064361572,-0.5252974033355713,-0.9223294258117676,-0.43653571605682373,-1.9004329442977905,0.7363250255584717,1.1264252662658691,-1.2943201065063477
0.4551758749999989,0.0034223749999999996,133.0,3.8257824651690844,1.2141365945512739,1.052595567748679,0.0051587432543730195,-0.001077522716853062,0.0018162744052930913,0.0638079548218888,-0.21670538187026978,0.13391175866127014,0.22355952858924866,1.7416253089904785,0.29016584157943726,-0.5350675582885742,-0.9220231175422668,-0.4387657642364502,-1.8989704847335815,0.7260534763336182,1.1252752542495728,-1.2932658195495605
0.4551758749999989,0.0034223749999999996,133.0,3.838042877962993,1.225272771657455,1.0537194551499236,0.005321816525070953,-0.0011109953569048625,0.0018562355576624975,0.06381534848118964,-0.21623241901397705,0.1370331346988678,0.22824010252952576,1.7551974058151245,0.3127671480178833,-0.5486888885498047,-0.9223234057426453,-0.4506257176399231,-1.8906409740447998,0.7023308277130127,1.0950485467910767,-1.294780969619751
0.4551758749999989,0.0034223749999999996,133.0,3.849350402565476,1.2359576704418382,1.0551033156768959,0.005483568543834962,-0.0011395122034204672,0.0018889055184572905,0.06381395279798378,-0.21634209156036377,0.14207805693149567,0.23175457119941711,1.767460823059082,0.3347339630126953,-0.5604522228240967,-0.9162041544914246,-0.45720362663269043,-1.8916038274765015,0.6896142959594727,1.0596486330032349,-1.300316572189331
0.4551758749999989,0.0034223749999999996,133.0,3.859730392722805,1.245507008026783,1.0560670548397586,0.0056625176316261175,-0.0011765283248414055,0.001938728047684081,0.06382786901836139,-0.21608436107635498,0.1455792337656021,0.23626616597175598,1.780185580253601,0.35251882672309875,-0.5721502304077148,-0.9178252816200256,-0.4670950174331665,-1.8834788799285889,0.666640043258667,1.0260181427001953,-1.3029353618621826
0.4551758749999989,0.0034223749999999996,133.0,3.868479467121933,1.2564181559583456,1.058678008270415,0.0059151827490128385,-0.0012329546080295578,0.0020295469144191733,0.06365602407888786,-0.21798580884933472,0.1487751454114914,0.23362568020820618,1.7788909673690796,0.3733089566230774,-0.5699613094329834,-0.8974533081054688,-0.46046632528305054,-1.9105281829833984,0.693671464920044,1.03018319606781,-1.3084676265716553
0.4551758749999989,0.0034223749999999996,133.0,3.877203833766215,1.264428391045769,1.0596756764878836,0.006190402385365743,-0.0012924113384022355,0.002115020013450102,0.06365370343901981,-0.21867138147354126,0.15268759429454803,0.23439213633537292,1.783473014831543,0.39568963646888733,-0.5760011672973633,-0.8843064308166504,-0.46271032094955444,-1.9182496070861816,0.6968443393707275,1.0124768018722534,-1.3108078241348267
0.4551758749999989,0.0034223749999999996,133.0,3.884810260278385,1.2715487096367883,1.0601931778238285,0.006612897608187089,-0.001370393905822004,0.0022414194727489465,0.06366465397290613,-0.21835127472877502,0.154570072889328,0.23622098565101624,1.7881662845611572,0.4080769419670105,-0.5830285549163818,-0.8832280039787292,-0.4666133522987366,-1.9146143198013306,0.6860249042510986,0.9966459274291992,-1.3115193843841553
0.4551758749999989,0.0034223749999999996,133.0,3.891624250883786,1.2780250007118092,1.0611974906915225,0.007315987133159993,-0.001523595518018968,0.00245971668701927,0.06366342698234878,-0.21848231554031372,0.15749984979629517,0.23965808749198914,1.7981758117675781,0.4217528998851776,-0.5904569625854492,-0.8874433636665344,-0.4738474488258362,-1.904363751411438,0.6661777496337891,0.9648947715759277,-1.3140745162963867
0.4551758749999989,0.0034223749999999996,133.0,3.897562746383665,1.2836187777104442,1.0616518151700596,0.008911359114342588,-0.0018522367130541805,0.002965660757278193,0.06367163905686259,-0.21851572394371033,0.15969465672969818,0.24100670218467712,1.8020427227020264,0.4346722364425659,-0.5967183113098145,-0.8900145888328552,-0.474918007850647,-1.8976281881332397,0.6564581394195557,0.9442048072814941,-1.316760778427124
0.4551758749999989,0.0034223749999999996,133.0,3.902651413138113,1.2885448921088922,1.0625481135861152,0.01656851830317605,-0.0035520934314601364,0.005335292825569652,0.06364565317405292,-0.21819442510604858,0.15839055180549622,0.24618104100227356,1.8104525804519653,0.44261395931243896,-0.6096665859222412,-0.942379891872406,-0.4745188355445862,-1.8485140800476074,0.6077160835266113,0.9050959944725037,-1.3250341415405273
0.4551758749999989,0.0034223749999999996,133.0,3.9214619989182027,-1.2152420647877928,0.9816886264331672,-0.014070058221465696,-0.0013212363804727318,-0.006694080370912326,0.06794144217724078,-0.029864341020584106,0.16986580193042755,-0.14651793241500854,0.9373058080673218,0.36980581283569336,-1.098067045211792,0.3961326479911804,0.14512771368026733,-0.42152008414268494,0.5775833129882812,0.4768126904964447,-1.0837297439575195
0.4551758749999989,0.0034223749999999996,133.0,3.9168588121543975,-1.210184695700592,0.9821074610318503,-0.007589842235888644,-0.0006804139459034769,-0.0036367991639627895,0.067900216209243,-0.0311601459980011,0.17285160720348358,-0.14620190858840942,0.9388827681541443,0.3594084084033966,-1.094625473022461,0.4068916141986847,0.1412462592124939,-0.4224926233291626,0.606036901473999,0.4426306188106537,-1.08092200756073
0.4551758749999989,0.0034223749999999996,133.0,3.911004720653698,-1.2042934594811519,0.9820401929621098,-0.006238612834644042,-0.000550407906329434,-0.002987768419578423,0.06787548871026539,-0.032836854457855225,0.17410814762115479,-0.147158682346344,0.9396260380744934,0.3592669367790222,-1.0881531238555908,0.4176451861858368,0.13932132720947266,-0.4166359603404999,0.611675500869751,0.4189356565475464,-1.0795702934265137
0.4551758749999989,0.0034223749999999996,133.0,3.904623678982741,-1.1981961909455792,0.9819223794694463,-0.0056414369047751095,-0.0005086355953978308,-0.002702573831127317,0.06786524260089656,-0.034516721963882446,0.17453280091285706,-0.1490582525730133,0.938996434211731,0.363816499710083,-1.0800020694732666,0.4343424141407013,0.1383863091468811,-0.4083860218524933,0.6150462627410889,0.3967234194278717,-1.0779345035552979
0.4551758749999989,0.0034223749999999996,133.0,3.89722466904142,-1.1912083766826582,0.9816563222564946,-0.005294772441664931,-0.0004999241506242504,-0.0025360466631315476,0.06784902418766536,-0.0363156795501709,0.17460893094539642,-0.15150344371795654,0.9372601509094238,0.3676241338253021,-1.0710010528564453,0.45561927556991577,0.13814008235931396,-0.396378755569458,0.6177890300750732,0.3716173470020294,-1.075897455215454
0.4551758749999989,0.0034223749999999996,133.0,3.888297776371269,-1.1850338849235689,0.9789716929376194,-0.005050060236327387,-0.0005352962109658561,-0.002414419195564351,0.0679050943949306,-0.03679528832435608,0.17360767722129822,-0.15391889214515686,0.9328773617744446,0.3685717284679413,-1.0648818016052246,0.477645605802536,0.1390797197818756,-0.37878942489624023,0.617351770401001,0.34989258646965027,-1.0724676847457886
0.4551758749999989,0.0034223749999999996,133.0,3.879108500396921,-1.176591608356586,0.9787354591856858,-0.004849367597042653,-0.0005332358763034175,-0.0023200446742482434,0.0678917380859695,-0.03925725817680359,0.17299990355968475,-0.15776798129081726,0.9287259578704834,0.37622588872909546,-1.0520918369293213,0.5114341378211975,0.13971510529518127,-0.3604324460029602,0.6211128234863281,0.3158596456050873,-1.0689409971237183
0.4551758749999989,0.0034223749999999996,133.0,3.8693847379642268,-1.1672731293761716,0.9784585238275378,-0.0046988248111499206,-0.0005338934351066644,-0.002246063761788161,0.06788108592776361,-0.040762126445770264,0.17297372221946716,-0.1601555347442627,0.9263095855712891,0.37640321254730225,-1.0439977645874023,0.5307748317718506,0.13996928930282593,-0.34662362933158875,0.6218540668487549,0.2918693423271179,-1.0667117834091187
0.4551758749999989,0.0034223749999999996,133.0,3.8584999576221475,-1.1569671508815265,0.9781967724238152,-0.004565046477331462,-0.0005355409149804187,-0.0021795327944786323,0.06786365762360491,-0.043378084897994995,0.17274248600006104,-0.16365906596183777,0.9221701622009277,0.37963709235191345,-1.0314579010009766,0.5621412396430969,0.14044919610023499,-0.326159805059433,0.6245126724243164,0.25533705949783325,-1.0629866123199463
0.4551758749999989,0.0034223749999999996,133.0,3.8469052879465777,-1.1460861710491583,0.9780539989865079,-0.0044291546225994054,-0.0005385889661768309,-0.0021150612497525235,0.06785199627228954,-0.045176535844802856,0.17153297364711761,-0.16761255264282227,0.9157381653785706,0.38356420397758484,-1.020132303237915,0.5960547924041748,0.14245489239692688,-0.30453938245773315,0.6262223720550537,0.22495856881141663,-1.0585639476776123
0.4551758749999989,0.0034223749999999996,133.0,3.8348322340100864,-1.134412417860479,0.9779106164367163,-0.004302623984934377,-0.0005412145662615228,-0.0020538862382592756,0.06784837998874635,-0.046555906534194946,0.17145277559757233,-0.16998305916786194,0.9116753339767456,0.3788462281227112,-1.0119314193725586,0.6156197190284729,0.14350160956382751,-0.2875306010246277,0.6257920265197754,0.1978909969329834,-1.0554490089416504
0.4551758749999989,0.0034223749999999996,133.0,3.8218480340385526,-1.121700152879297,0.9776844857720768,-0.004176127415290058,-0.0005306913525894042,-0.0019896609950707644,0.06784366381521349,-0.04719817638397217,0.17074987292289734,-0.1723496913909912,0.9071069955825806,0.3773144781589508,-1.0058388710021973,0.6353216767311096,0.14448434114456177,-0.27048584818840027,0.6237609386444092,0.17975760996341705,-1.0518170595169067
0.4551758749999989,0.0034223749999999996,133.0,3.8082808790022984,-1.1081182184506881,0.9776379099837768,-0.004064893454758999,-0.0005122645101980238,-0.001937598661929731,0.06785253687559135,-0.046846985816955566,0.17088532447814941,-0.1732015609741211,0.9036041498184204,0.36937814950942993,-1.0028822422027588,0.6406717896461487,0.14547637104988098,-0.2596621811389923,0.6187522411346436,0.1672256588935852,-1.0491929054260254
0.4551758749999989,0.0034223749999999996,133.0,3.7940046980178805,-1.0938471620636359,0.9775768984233427,-0.003922882064770491,-0.000490679700164805,-0.0018719607644433723,0.06786828484913277,-0.044462621212005615,0.16930072009563446,-0.17438751459121704,0.8952508568763733,0.36046186089515686,-1.0038502216339111,0.6476696729660034,0.1499193012714386,-0.24747763574123383,0.6110002994537354,0.16342709958553314,-1.0452849864959717
0.4551758749999989,0.0034223749999999996,133.0,3.7785318759371203,-1.0785652330771058,0.9775492850349804,-0.0037436373903292643,-0.00047107244123187716,-0.0017919865442520687,0.06787018131112409,-0.044695883989334106,0.1694755256175995,-0.17553600668907166,0.89098060131073,0.35399186611175537,-0.9989655017852783,0.6574934124946594,0.1507161557674408,-0.23392531275749207,0.6066837310791016,0.1421828269958496,-1.041709065437317
0.4551758749999989,0.0034223749999999996,133.0,3.762218523663849,-1.062347843992476,0.9775979527860493,-0.003577774555093244,-0.0004465017046339412,-0.0017152860714071216,0.06787195495063532,-0.044495075941085815,0.17010949552059174,-0.1756802797317505,0.8881090879440308,0.3488982915878296,-0.9965691566467285,0.6596988439559937,0.15048494935035706,-0.22453509271144867,0.6008129119873047,0.12672612071037292,-1.0384995937347412
0.4551758749999989,0.0034223749999999996,133.0,3.7450540003945987,-1.0455418657821143,0.9777016792265358,-0.003387109702837021,-0.00042594982852346366,-0.0016299720089907703,0.067875783664682,-0.04420804977416992,0.16960649192333221,-0.17711275815963745,0.8811478614807129,0.3400346040725708,-0.9924769401550293,0.6725921034812927,0.15294906497001648,-0.20817701518535614,0.5957014560699463,0.10316471010446548,-1.0339453220367432
0.4551758749999989,0.0034223749999999996,133.0,3.7273125406672403,-1.0278203157306856,0.9777894489495795,-0.0032054661841618443,-0.0003982140010386206,-0.001550339883130525,0.06789223024372697,-0.041457563638687134,0.16836051642894745,-0.1773829460144043,0.8731167912483215,0.3284287750720978,-0.9957115650177002,0.673880398273468,0.15688398480415344,-0.1974329650402069,0.5858457088470459,0.09643519669771194,-1.0298664569854736
0.4551758749999989,0.0034223749999999996,133.0,3.708305918258659,-1.0090370820116048,0.9778274386181013,-0.003019850691406453,-0.00037699353382423135,-0.001464297578583756,0.0678845091527335,-0.041861891746520996,0.16916275024414062,-0.17797023057937622,0.8693581819534302,0.32216429710388184,-0.9904003143310547,0.6812208294868469,0.1563921868801117,-0.18274593353271484,0.5795104503631592,0.06990648806095123,-1.0254902839660645
0.4551758749999989,0.0034223749999999996,133.0,3.6884617479832675,-0.9895532506527993,0.9778995925410607,-0.0028527497231141687,-0.0003557380889584331,-0.0013892815569635595,0.06788313717841749,-0.04141467809677124,0.16845546662807465,-0.1796007752418518,0.8604335784912109,0.3117750585079193,-0.9851992130279541,0.6973898410797119,0.1591445505619049,-0.16106867790222168,0.5720944404602051,0.0415835827589035,-1.019254207611084
0.4551758749999989,0.0034223749999999996,133.0,3.6680511425244653,-0.9692916901338354,0.9779502697411663,-0.0026336001823895287,-0.0003282354264763589,-0.001289235411716356,0.06788946791946207,-0.03993508219718933,0.16802369058132172,-0.17997458577156067,0.8529477119445801,0.3010100722312927,-0.9841408729553223,0.7031210660934448,0.16121339797973633,-0.14548029005527496,0.562389612197876,0.02329077385365963,-1.0137802362442017
0.4551758749999989,0.0034223749999999996,133.0,3.6465776834675436,-0.9489171187810688,0.9782041398086474,-0.002416547192170371,-0.00031291237778378276,-0.0011877026186117865,0.06788547261237729,-0.04081606864929199,0.1663617342710495,-0.18311640620231628,0.8394185304641724,0.2986717224121094,-0.9739668369293213,0.7372104525566101,0.16488096117973328,-0.11326471716165543,0.5573403835296631,-0.01606525108218193,-1.003892421722412
0.4551758749999989,0.0034223749999999996,133.0,3.6242496279218575,-0.9268766945251545,0.9782573921205231,-0.002211230415552032,-0.00028192038351412346,-0.0010931229463450305,0.06788567904075604,-0.03940966725349426,0.1646350920200348,-0.18456745147705078,0.8278094530105591,0.290187269449234,-0.9712858200073242,0.7536776661872864,0.16874149441719055,-0.09114675223827362,0.5472738742828369,-0.03767431154847145,-0.9961481094360352
0.4551758749999989,0.0034223749999999996,133.0,3.6010149504190636,-0.9040001823294009,0.9781395746500658,-0.0020075801040959685,-0.0002582453074107982,-0.0009961300218046046,0.06787560960972992,-0.038844525814056396,0.16385707259178162,-0.18574762344360352,0.8180575370788574,0.2777845561504364,-0.9662189483642578,0.7683216333389282,0.1712331473827362,-0.06811489909887314,0.537860631942749,-0.06616371124982834,-0.9888162016868591
0.4551758749999989,0.0034223749999999996,133.0,3.5768966329201413,-0.8798983677041665,0.9779481094929312,-0.0018444963229150239,-0.0002366712851315419,-0.0009193601481612869,0.06786017587890586,-0.038159728050231934,0.16621309518814087,-0.18436020612716675,0.8189104199409485,0.26445525884628296,-0.9633786678314209,0.755685567855835,0.16832268238067627,-0.06367210298776627,0.5259072780609131,-0.08539579808712006,-0.9865639209747314
0.4551758749999989,0.0034223749999999996,133.0,3.5519631399949243,-0.8551792252570609,0.9780020125311405,-0.0016440234984945773,-0.0002061309335404878,-0.000826756915279801,0.0678557919001843,-0.037263065576553345,0.16701039671897888,-0.18396100401878357,0.8141115307807922,0.25057175755500793,-0.9601016044616699,0.7544675469398499,0.16829875111579895,-0.051273901015520096,0.5146598815917969,-0.10693307965993881,-0.981610894203186
0.4551758749999989,0.0034223749999999996,133.0,3.5260390845774428,-0.829890815207588,0.9781724523430672,-0.0014587719070099218,-0.00018490797058666347,-0.0007400917858704601,0.06783999327172531,-0.036842525005340576,0.1662946194410324,-0.18537873029708862,0.8020846843719482,0.23777329921722412,-0.9526143074035645,0.7713862061500549,0.17120182514190674,-0.02432718314230442,0.5036418437957764,-0.14058716595172882,-0.9724059700965881
0.4551758749999989,0.0034223749999999996,133.0,3.49957579250138,-0.8043036487507638,0.9782743920909931,-0.0012761717687707179,-0.00016595952621676328,-0.0006516173105374212,0.06782980264114702,-0.03663140535354614,0.16374503076076508,-0.1882249265909195,0.7822199463844299,0.2292833775281906,-0.9429359436035156,0.8053508400917053,0.17652565240859985,0.018396157771348953,0.4919610023498535,-0.18201063573360443,-0.95784592628479
0.4551758749999989,0.0034223749999999996,133.0,3.472141581300757,-0.7774749457213632,0.9783161350633295,-0.0011251216344523528,-0.00014664217226965616,-0.0005788586567401579,0.06781342481419672,-0.03590881824493408,0.16233830153942108,-0.1902109533548355,0.762749195098877,0.21218161284923553,-0.9320557117462158,0.8301292061805725,0.18087834119796753,0.06151038035750389,0.4764585494995117,-0.22667676210403442,-0.9426211714744568
0.4551758749999989,0.0034223749999999996,133.0,3.444054154542498,-0.7498950630132116,0.9783346674535159,-0.0009905815864955617,-0.00012829556939232428,-0.0005137179362523888,0.06780301426425937,-0.034976422786712646,0.16057205200195312,-0.19247637689113617,0.7382224798202515,0.1921309232711792,-0.9189126491546631,0.8580244779586792,0.18614742159843445,0.11459199339151382,0.45808982849121094,-0.27725037932395935,-0.9232439994812012
0.4551758749999989,0.0034223749999999996,133.0,3.4148295633807457,-0.7214936506840127,0.9783656729823773,-0.0008171563772509584,-0.00010608532803235478,-0.00042615944867801565,0.0677769948328587,-0.034665316343307495,0.15818826854228973,-0.1950232833623886,0.7066938877105713,0.1723850518465042,-0.8997700214385986,0.8922401070594788,0.19180074334144592,0.1766730397939682,0.43849968910217285,-0.3277789354324341,-0.8972853422164917
0.4551758749999989,0.0034223749999999996,133.0,3.3848583954855958,-0.6923813491670485,0.9784328168735429,-0.0006854502179493716,-9.067153278288953e-5,-0.00035972955491627757,0.06774739916906238,-0.035268574953079224,0.15347200632095337,-0.19829168915748596,0.6517982482910156,0.14636684954166412,-0.8535163402557373,0.9424950480461121,0.2055739462375641,0.23351912200450897,0.428147554397583,-0.348838210105896,-0.8564011454582214
0.4551758749999989,0.0034223749999999996,133.0,3.3539767697137997,-0.6622466226182956,0.9785409032824584,-0.0005140620584845639,-6.814717110798738e-5,-0.0002720892089280478,0.0677160449135495,-0.036179959774017334,0.14747904241085052,-0.19866369664669037,0.5802672505378723,0.11312760412693024,-0.7888977527618408,0.9825801253318787,0.22417542338371277,0.2833998203277588,0.4253838062286377,-0.32623621821403503,-0.8039402961730957
0.4551758749999989,0.0034223749999999996,133.0,3.32224519790264,-0.630766260163776,0.9784047059549223,-0.00032265422390536996,-4.1483022267861684e-5,-0.0001724392655239211,0.06768324582588835,-0.03769907355308533,0.14106667041778564,-0.19445160031318665,0.49776479601860046,0.07228809595108032,-0.703728199005127,1.0000025033950806,0.24458849430084229,0.32299450039863586,0.4333953857421875,-0.24581535160541534,-0.7425358891487122
0.4551758749999989,0.0034223749999999996,133.0,3.2895680905976468,-0.5985133826978328,0.9782915707052197,-0.00015070159111233475,-1.9134294537509745e-5,-8.136392123664558e-5,0.06764171285142921,-0.09331095218658447,0.17613211274147034,-0.15949243307113647,0.4887233078479767,0.06189141049981117,-0.6659588813781738,0.5575512647628784,0.40107664465904236,0.11348794400691986,0.8601346015930176,-0.1841852217912674,-0.8930435180664062
0.4551758749999989,0.0034223749999999996,133.0,3.2564577474038927,-0.566372130840033,0.9782646606214715,1.6703366318511937e-5,2.2063277352347826e-6,9.0754673925509e-6,0.06761131304063123,-0.10306847095489502,0.16101694107055664,-0.15157344937324524,0.38202396035194397,0.06633345037698746,-0.5086400508880615,0.5878522992134094,0.42737507820129395,0.2016495317220688,0.959348201751709,-0.032778408378362656,-0.8132237195968628
0.4551758749999989,0.0034223749999999996,133.0,3.2225050089421208,-0.5328397639864242,0.9779139332031165,0.00018454901956695924,2.4953138804088896e-5,0.0001004768261338858,0.06758196333250502,-0.11056879162788391,0.15148547291755676,-0.1463167667388916,0.2965954542160034,0.07458756119012833,-0.3300461769104004,0.5753298997879028,0.44880157709121704,0.2540875971317291,1.0322670936584473,0.06934492290019989,-0.7496955990791321
0.4551758749999989,0.0034223749999999996,133.0,3.1875904383716582,-0.4979605480253134,0.9771984468503552,0.0003665418654261336,5.038792321646136e-5,0.000199697026035474,0.06755114970875457,-0.11730656027793884,0.14731459319591522,-0.14608058333396912,0.2374311089515686,0.09414983540773392,-0.1392803192138672,0.5280176997184753,0.45521825551986694,0.2769981324672699,1.0825159549713135,0.09933523088693619,-0.6973811984062195
0.4551758749999989,0.0034223749999999996,133.0,3.1519212482739123,-0.46264418432082643,0.9767856424856857,0.0005096470411367343,7.201972118474386e-5,0.00027804036708488773,0.06752810859866232,-0.11859497427940369,0.14350323379039764,-0.1496591866016388,0.20365199446678162,0.11599282175302505,-0.03180217742919922,0.5012155771255493,0.45341864228248596,0.32268908619880676,1.0875487327575684,0.08025359362363815,-0.6618853211402893
0.4551758749999989,0.0034223749999999996,133.0,3.1154376742289185,-0.42649815275984376,0.9763815026747358,0.0006710166025876574,9.75397704101466e-5,0.00036655746983601644,0.06750616186845017,-0.11649328470230103,0.14041739702224731,-0.1543598771095276,0.18749144673347473,0.1306580752134323,0.00148773193359375,0.49782267212867737,0.4453771114349365,0.38424110412597656,1.0705821514129639,0.05143450200557709,-0.6375546455383301
0.4551758749999989,0.0034223749999999996,133.0,3.078177558216851,-0.3895421351875808,0.9759941723081136,0.0008429005469064361,0.000126036451983778,0.0004609288502817259,0.06748532023946975,-0.11518314480781555,0.13807247579097748,-0.15802758932113647,0.1749366819858551,0.14092065393924713,0.029291629791259766,0.49872374534606934,0.4398787021636963,0.43336221575737,1.058161735534668,0.027851654216647148,-0.6194068789482117
0.4551758749999989,0.0034223749999999996,133.0,3.040190554022755,-0.3518188950590795,0.9755745158359519,0.0010381001596659369,0.00015991396500130968,0.000568128998626258,0.0674668329930236,-0.11417949199676514,0.13612151145935059,-0.1608201563358307,0.16529378294944763,0.14552029967308044,0.05126380920410156,0.5038421154022217,0.4364607632160187,0.47321274876594543,1.0480775833129883,0.010581454262137413,-0.6062737703323364
0.4551758749999989,0.0034223749999999996,133.0,3.001413727944647,-0.3132766395049546,0.9751672255100013,0.0012234557538203048,0.0001938001184428891,0.0006697575609163849,0.06745017306068025,-0.11340507864952087,0.13457205891609192,-0.16291218996047974,0.15781241655349731,0.14595039188861847,0.06901121139526367,0.5124588012695312,0.43437615036964417,0.5069620013237,1.0394256114959717,-0.0027434565126895905,-0.5966485142707825
0.4551758749999989,0.0034223749999999996,133.0,2.961633804834774,-0.2743804432220584,0.9749408849402222,0.0013433624656818135,0.00022358658814950358,0.0007351423627780701,0.06743225027736821,-0.11368495225906372,0.13133837282657623,-0.16372200846672058,0.14257943630218506,0.15349788963794708,0.09768390655517578,0.5270078182220459,0.4437887966632843,0.5572397708892822,1.0318975448608398,-0.014218372292816639,-0.5907418131828308
0.4551758749999989,0.0034223749999999996,133.0,2.92100006988155,-0.2341127583799362,0.974547139411502,0.0014967216640936968,0.00025650371438965626,0.000820444973011812,0.06741071413135391,-0.11439162492752075,0.13075320422649384,-0.16555455327033997,0.13641586899757385,0.15470944344997406,0.11333918571472168,0.5411058068275452,0.4432457685470581,0.5822867751121521,1.0294034481048584,-0.021214822307229042,-0.5840358734130859
0.4551758749999989,0.0034223749999999996,133.0,2.8792621155343463,-0.1922295603087342,0.9736741858536491,0.0016459074145807936,0.0002885704735945756,0.0009052245759233388,0.06737535583441309,-0.11577269434928894,0.1332055777311325,-0.16933178901672363,0.143946573138237,0.14984072744846344,0.11147093772888184,0.5560787320137024,0.42948317527770996,0.592910885810852,1.0313925743103027,-0.031011806800961494,-0.5778876543045044
0.4551758749999989,0.0034223749999999996,133.0,2.8380765217264106,-0.1492924842515336,0.9759934089796053,0.0017864225980794921,0.0003038486999126282,0.0009896461096370747,0.06730269929781955,-0.11458083987236023,0.13105686008930206,-0.17158639430999756,0.12791338562965393,0.1455674022436142,0.13063883781433105,0.5600699782371521,0.4322590231895447,0.6042277216911316,1.0269215106964111,-0.02576465904712677,-0.5645435452461243
0.4551758749999989,0.0034223749999999996,133.0,2.794437107209052,-0.10661338189983997,0.9755457019187026,0.0018816061016344002,0.00034487726474960846,0.001046095459476305,0.06725712398596248,-0.11662456393241882,0.12387700378894806,-0.17151805758476257,0.09707874059677124,0.16849032044410706,0.16753029823303223,0.5915573239326477,0.46448755264282227,0.6811107397079468,1.019289255142212,-0.016732536256313324,-0.5657681822776794
0.4551758749999989,0.0034223749999999996,133.0,2.747352231142961,-0.06183182706442546,0.9758922392918393,0.0018516250067807758,0.00035308206647269964,0.0010565308765932405,0.06713151450133358,-0.15070489048957825,0.15047982335090637,-0.1705893576145172,0.1395556628704071,0.2004345804452896,0.1897261142730713,0.6443558931350708,0.4521828889846802,0.5712714791297913,1.2099525928497314,-0.0642944872379303,-0.5968924760818481
0.4551758749999989,0.0034223749999999996,133.0,2.6921255262069015,-0.002048349272897941,0.9731751598418432,0.0017373211467961562,-1.374091380402581e-5,0.0010992025924323138,0.06661091637632095,-0.24407538771629333,0.28844934701919556,-0.153641939163208,0.42794597148895264,0.018619924783706665,0.32355427742004395,-0.12420283257961273,0.6001344919204712,-1.4071555137634277,2.149899482727051,-0.3581165373325348,-1.0311092138290405
0.4551758749999989,0.0034223749999999996,133.0,2.62880656805796,0.04138233720195105,0.9746302161533453,0.00010466173084438265,-6.615831165632767e-6,6.875486063055929e-5,0.06544961119681147,-0.38678160309791565,0.17750728130340576,-0.13309666514396667,0.8880934715270996,-0.5745245218276978,0.7990601062774658,0.6349977254867554,0.15529173612594604,-1.5423911809921265,2.322159767150879,-0.19683800637722015,-1.0429112911224365
0.4551758749999989,0.0034223749999999996,133.0,2.667453846801792,0.07174777794265055,0.9789229222228787,-0.0017668567321745417,-7.76769355525101e-5,-0.0011298420640158298,0.06493190813535127,-0.3963872492313385,0.1859784722328186,-0.07958632707595825,1.183810830116272,-0.591385006904602,0.7918022871017456,0.4354289472103119,0.10922858119010925,-1.6684751510620117,2.2654237747192383,0.02934599108994007,-1.2933377027511597
0.4551758749999989,0.0034223749999999996,133.0,2.696978947570139,0.12432053813680616,0.9932719496807939,-0.002074110133246559,0.00025273515129978544,-0.0012194816724841388,0.06376401892878057,-0.46850934624671936,0.2221537083387375,0.028601080179214478,1.6090894937515259,-1.0855258703231812,0.8235282897949219,-0.220662459731102,0.31021028757095337,-1.9704228639602661,2.2437667846679688,0.3834606409072876,-1.9205060005187988
0.4551758749999989,0.0034223749999999996,133.0,2.731543033740475,0.17448656588232586,1.002001926488493,-0.0021206955954909974,0.00039478668413399435,-0.001164840249207601,0.06311985093019329,-0.4979161322116852,0.2440103441476822,0.06082221865653992,1.689079999923706,-1.386694312095642,0.8436930179595947,-0.37338727712631226,0.4333600103855133,-2.063319683074951,2.187112331390381,0.360263854265213,-2.124340772628784
0.4551758749999989,0.0034223749999999996,133.0,2.7728183588771316,0.21994084002798245,1.005023227842908,-0.0020210724376574047,0.00038305186283844113,-0.0010740932935012586,0.06297762892279965,-0.4983352720737457,0.24693083763122559,0.0745595395565033,1.7531003952026367,-1.3689624071121216,0.8424129486083984,-0.33752864599227905,0.39280781149864197,-2.0727784633636475,2.1230883598327637,0.41800665855407715,-2.1479060649871826
0.4551758749999989,0.0034223749999999996,133.0,2.8141740012452385,0.2632728397039524,1.006958216958045,-0.0018611286516289044,0.0003552624107198921,-0.0009653946655734694,0.06291503451602395,-0.49812576174736023,0.24848312139511108,0.08818909525871277,1.8033021688461304,-1.38573157787323,0.8367552757263184,-0.34280580282211304,0.3734038472175598,-2.058439016342163,2.0547871589660645,0.4735732972621918,-2.178650140762329
0.4551758749999989,0.0034223749999999996,133.0,2.8550321898070328,0.3052014162728995,1.008127574116815,-0.0016576228366880013,0.00031200197420562487,-0.0008438555134234061,0.06290736346329925,-0.5045660734176636,0.25138700008392334,0.09052333235740662,1.8015934228897095,-1.4439821243286133,0.87027907371521,-0.30581411719322205,0.3974151909351349,-2.0696756839752197,2.040724277496338,0.4988468587398529,-2.2013368606567383
0.4551758749999989,0.0034223749999999996,133.0,2.894940820917078,0.34622098002643353,1.008465120043144,-0.0015646564844859906,0.000284688700931736,-0.000788200606752573,0.06290425523923673,-0.505516767501831,0.2528396546840668,0.09846171736717224,1.8290504217147827,-1.4565069675445557,0.8792957067489624,-0.2766401171684265,0.3848581910133362,-2.067862033843994,1.9965195655822754,0.5477427840232849,-2.216341257095337
0.4551758749999989,0.0034223749999999996,133.0,2.9343271903503014,0.3864588213989088,1.0096849207321072,-0.0013451653903517413,0.0002395548053251294,-0.000664332326539134,0.06286724266102026,-0.5079610347747803,0.25401461124420166,0.10589137673377991,1.8542590141296387,-1.4801459312438965,0.8905898332595825,-0.25149452686309814,0.37671077251434326,-2.068222999572754,1.9557056427001953,0.5924515128135681,-2.233523368835449
0.4551758749999989,0.0034223749999999996,133.0,2.973009446411197,0.4257651369667301,1.0111507684932912,-0.0011766147816833974,0.00020472758976440816,-0.0005684181483113983,0.06284101122092271,-0.5068892240524292,0.25435036420822144,0.11791989207267761,1.9037235975265503,-1.4692625999450684,0.8817596435546875,-0.2369517683982849,0.3412590026855469,-2.0627570152282715,1.8958005905151367,0.653571605682373,-2.2474124431610107
0.4551758749999989,0.0034223749999999996,133.0,3.0105435650683057,0.4642522034390177,1.0121513142878826,-0.0009604298797455166,0.00016352083996493445,-0.00045598927906193194,0.0628225572120878,-0.5084354877471924,0.2550205886363983,0.12514588236808777,1.927025318145752,-1.48949134349823,0.8863171339035034,-0.21196328103542328,0.33015692234039307,-2.064809799194336,1.8532943725585938,0.7054709792137146,-2.2597296237945557
0.4551758749999989,0.0034223749999999996,133.0,3.04727092010992,0.5018489442630716,1.01308050120838,-0.0007671142590466746,0.00012762331251970857,-0.0003583397439257599,0.06280736343064701,-0.5094624757766724,0.25540971755981445,0.13205137848854065,1.9490768909454346,-1.5050945281982422,0.8874907493591309,-0.1877126395702362,0.3168565034866333,-2.0660862922668457,1.8118138313293457,0.7587421536445618,-2.2685747146606445
0.4551758749999989,0.0034223749999999996,133.0,3.0831756321815913,0.538575416701186,1.013958918113575,-0.0005813619088653391,9.444118949512864e-5,-0.0002674666411552778,0.06279274503519794,-0.5098786354064941,0.25540223717689514,0.13848599791526794,1.969477891921997,-1.515147089958191,0.8850141763687134,-0.1642182320356369,0.3009836673736572,-2.0674593448638916,1.771374225616455,0.8139311075210571,-2.273181438446045
0.4551758749999989,0.0034223749999999996,133.0,3.1182763686635213,0.5744126883908677,1.01473932655545,-0.0004007730563384328,6.349442848158145e-5,-0.00018186338190598255,0.06278106272146484,-0.5088499784469604,0.25443926453590393,0.144574373960495,1.9874422550201416,-1.5171276330947876,0.8749891519546509,-0.14134201407432556,0.28025901317596436,-2.070101022720337,1.72723388671875,0.8791504502296448,-2.27048397064209
0.4551758749999989,0.0034223749999999996,133.0,3.1525384195275086,0.609385426704896,1.0154832194585353,-0.0002253969929953389,3.48335463061758e-5,-0.00010101434596612916,0.06276842213439479,-0.5063169002532959,0.25245556235313416,0.15039858222007751,2.0028939247131348,-1.509650707244873,0.8569296598434448,-0.12110400199890137,0.2540924847126007,-2.0752336978912354,1.6797785758972168,0.9549188017845154,-2.259817600250244
0.4551758749999989,0.0034223749999999996,133.0,3.185224725312922,0.6436389825382295,1.015435307743352,-6.726700603783522e-5,1.0146523943186643e-5,-3.0041542643791025e-5,0.06276845281310692,-0.49159470200538635,0.24151410162448883,0.15328088402748108,1.981527328491211,-1.4756420850753784,0.821509599685669,-0.12396988272666931,0.22262617945671082,-2.0387532711029053,1.5905280113220215,1.0715947151184082,-2.20666766166687
0.4551758749999989,0.0034223749999999996,133.0,3.21723721546249,0.677007670256969,1.0159988662244301,0.00014555073570016373,-2.1771555595411196e-5,6.439160991773532e-5,0.062749015290246,-0.4637162387371063,0.22293147444725037,0.16035887598991394,1.9593325853347778,-1.3790820837020874,0.7373682260513306,-0.1822873204946518,0.16075706481933594,-1.9421730041503906,1.4502758979797363,1.212630033493042,-2.12154483795166
0.4551758749999989,0.0034223749999999996,133.0,3.250525943507956,0.7070395501815409,1.0150372887377292,0.0003436671812644344,-4.994423981183169e-5,0.0001484850074362425,0.0629274516219014,-0.4289498031139374,0.202666237950325,0.17433026432991028,1.961979627609253,-1.2459967136383057,0.5926761627197266,-0.285343736410141,0.07044345140457153,-1.8113266229629517,1.2776739597320557,1.352686882019043,-2.0324370861053467
0.4551758749999989,0.0034223749999999996,133.0,3.281493397576403,0.7383498562477984,1.0157273410743723,0.0005443160760935284,-7.848117803876618e-5,0.0002320296582874216,0.0629401790299861,-0.3878202736377716,0.177702859044075,0.17813143134117126,1.8968396186828613,-1.0877354145050049,0.471315860748291,-0.35748177766799927,-0.0030363798141479492,-1.663100004196167,1.1020336151123047,1.4818286895751953,-1.8923594951629639
0.4551758749999989,0.0034223749999999996,133.0,3.312924675766744,0.768460396150398,1.0173974845718745,0.0007831122502692574,-0.00011208069137620443,0.00032794890767539025,0.06294283429032052,-0.31963273882865906,0.1456240713596344,0.19862917065620422,1.788867473602295,-0.040722426027059555,-0.11159944534301758,-0.6903927326202393,-0.336437463760376,-2.1826512813568115,1.2924809455871582,1.1904107332229614,-1.44398832321167
0.4551758749999989,0.0034223749999999996,133.0,3.343861583553242,0.7975060866731282,1.018792527188316,0.0009526925582408844,-0.00013678150405316305,0.0003949185751705591,0.06297746119712959,-0.2934851348400116,0.1378016620874405,0.20360568165779114,1.7659361362457275,0.03730819746851921,-0.20862126350402832,-0.739352822303772,-0.372564435005188,-2.0870182514190674,1.1481339931488037,1.197890043258667,-1.384285569190979
0.4551758749999989,0.0034223749999999996,133.0,3.3739468107781216,0.8257702591612268,1.0206956104161742,0.0011699776700684866,-0.0001729589429203679,0.0004779332875992149,0.06299848913326912,-0.2736646831035614,0.13346925377845764,0.20937976241111755,1.751932978630066,0.0925339013338089,-0.2838284969329834,-0.7856247425079346,-0.40022265911102295,-2.003620147705078,1.0252187252044678,1.1718511581420898,-1.3420073986053467
0.4551758749999989,0.0034223749999999996,133.0,3.4028525013197264,0.8531042348359121,1.021481560843323,0.0013343985621461518,-0.00020195580292767476,0.0005420500504323269,0.06306588165338045,-0.2546992003917694,0.12759485840797424,0.21192142367362976,1.7205731868743896,0.13009881973266602,-0.34926819801330566,-0.820583164691925,-0.41485005617141724,-1.916418194770813,0.9201009273529053,1.1499918699264526,-1.2955901622772217
0.4551758749999989,0.0034223749999999996,133.0,3.4313017647184156,0.8795524716670572,1.022708811634838,0.0015187421971108242,-0.00023483453444500164,0.0006111969905191001,0.0631189034108382,-0.24580112099647522,0.12596479058265686,0.2110508382320404,1.7030128240585327,0.16496218740940094,-0.3803427219390869,-0.8265830278396606,-0.41829127073287964,-1.9020780324935913,0.8864824771881104,1.1472541093826294,-1.274651050567627
0.4551758749999989,0.0034223749999999996,133.0,3.4592514259959453,0.9050383253630181,1.023614017556045,0.0017386977857532257,-0.0002704985244512104,0.0006947822810364505,0.06318706173062347,-0.2424781620502472,0.12740255892276764,0.21147140860557556,1.7055386304855347,0.19444310665130615,-0.3966705799102783,-0.8278816938400269,-0.4227149486541748,-1.916215181350708,0.8748128414154053,1.1444748640060425,-1.2728915214538574
0.4551758749999989,0.0034223749999999996,133.0,3.4859201326472755,0.929911368200916,1.0246619140948428,0.001964076192324794,-0.00030953804213388144,0.0007750009820602936,0.06323039057805097,-0.2399103343486786,0.12920281291007996,0.21369662880897522,1.7138932943344116,0.20943410694599152,-0.4108860492706299,-0.8391103148460388,-0.4277561902999878,-1.9171009063720703,0.8546338081359863,1.130968451499939,-1.2761709690093994
0.4551758749999989,0.0034223749999999996,133.0,3.5116297225954307,0.9537684063708564,1.0254236849389746,0.0022102796223165263,-0.0003584708438603579,0.000868027449146326,0.06329009979774532,-0.2375413477420807,0.12789008021354675,0.21239128708839417,1.709165096282959,0.20704881846904755,-0.4166879653930664,-0.8478870391845703,-0.42369168996810913,-1.9206764698028564,0.8507912158966064,1.1478575468063354,-1.2756527662277222
0.4551758749999989,0.0034223749999999996,133.0,3.536397797783729,0.9769349367035556,1.0260833679388426,0.0023904263007906656,-0.0003965515550853557,0.0009363693893348017,0.06334886575415927,-0.23582828044891357,0.12876106798648834,0.2135421335697174,1.7131524085998535,0.21846222877502441,-0.4280974864959717,-0.852314829826355,-0.42629414796829224,-1.92220139503479,0.8407759666442871,1.1463836431503296,-1.2770713567733765
0.4551758749999989,0.0034223749999999996,133.0,3.5601615869877805,0.9993216177882842,1.0266991722988668,0.002623123745195078,-0.0004393040810486268,0.0010199332615312361,0.06340028867387774,-0.23435476422309875,0.12961485981941223,0.21465757489204407,1.7169603109359741,0.2286011278629303,-0.43860483169555664,-0.8570555448532104,-0.4285370707511902,-1.9228172302246094,0.8317980766296387,1.1449646949768066,-1.2786641120910645
0.4551758749999989,0.0034223749999999996,133.0,3.583424257919108,1.0207930739669977,1.0275396166706523,0.002856455770494888,-0.0004899583494744933,0.0011061527397881264,0.06344948346060919,-0.23285001516342163,0.1305372416973114,0.21541383862495422,1.720088243484497,0.2338242381811142,-0.4472682476043701,-0.863078773021698,-0.42874544858932495,-1.9228501319885254,0.8236832618713379,1.1421059370040894,-1.2816076278686523
0.4551758749999989,0.0034223749999999996,133.0,3.6056340162699896,1.0415336644754678,1.0281750930589033,0.00310487726969384,-0.0005384833700516401,0.0011935165482639726,0.06349231206913954,-0.23152607679367065,0.13216455280780792,0.21597424149513245,1.7232692241668701,0.24262237548828125,-0.4561583995819092,-0.8651415705680847,-0.42843401432037354,-1.9258447885513306,0.818544864654541,1.1366286277770996,-1.2851409912109375
0.4551758749999989,0.0034223749999999996,133.0,3.6275118362192647,1.0611953787797777,1.029618297991562,0.0033558318889764763,-0.0006017378820055298,0.0012765830186083269,0.0635166251101189,-0.23018300533294678,0.13143181800842285,0.21603766083717346,1.7230981588363647,0.2399524599313736,-0.46094608306884766,-0.8758772611618042,-0.4273303151130676,-1.922846794128418,0.8119080066680908,1.143601417541504,-1.2861073017120361
0.4551758749999989,0.0034223749999999996,133.0,3.648015462658263,1.0804465295513184,1.0308826132574673,0.003551859386442762,-0.0006457462350140703,0.0013362740320352852,0.06354313020294539,-0.22925055027008057,0.13400226831436157,0.21963080763816833,1.7352728843688965,0.25407034158706665,-0.47353672981262207,-0.8839938640594482,-0.4350886344909668,-1.9167964458465576,0.7924058437347412,1.121348261833191,-1.2903807163238525
0.4551758749999989,0.0034223749999999996,133.0,3.6678333815906528,1.0986009395389604,1.0318592978965675,0.003772944984759182,-0.0006954615064263953,0.001406362305672265,0.0635691633934687,-0.22821074724197388,0.13355039060115814,0.21846261620521545,1.7317981719970703,0.25375205278396606,-0.476773738861084,-0.8866069912910461,-0.4309230446815491,-1.9214152097702026,0.79563307762146,1.1332961320877075,-1.291198968887329
0.4551758749999989,0.0034223749999999996,133.0,3.6863954568956827,1.1159399351011745,1.0322641674797608,0.003954932014601688,-0.0007521757146947627,0.0014756352197944113,0.06362592841757732,-0.22684842348098755,0.13329048454761505,0.2182876169681549,1.7306371927261353,0.2524130344390869,-0.4817624092102051,-0.8931949138641357,-0.4287344813346863,-1.9213684797286987,0.7921686172485352,1.1389672756195068,-1.2922905683517456
0.4551758749999989,0.0034223749999999996,133.0,3.704354779960241,1.1327291661604886,1.033096867800202,0.004182886795612832,-0.0007924030504200298,0.0015413937617446659,0.06365122483769459,-0.22602972388267517,0.13655482232570648,0.22142508625984192,1.7415730953216553,0.26989448070526123,-0.4945218563079834,-0.8949356079101562,-0.4351915121078491,-1.9195760488510132,0.7771461009979248,1.1152827739715576,-1.296666145324707
0.4551758749999989,0.0034223749999999996,133.0,3.7214549574693994,1.1483555432014105,1.0338507372151318,0.004373562056948105,-0.0008503838498661377,0.0016074446012514256,0.06368798819318483,-0.22453254461288452,0.1363850086927414,0.22290048003196716,1.7451119422912598,0.2713775336742401,-0.5016434192657471,-0.9053319096565247,-0.43808823823928833,-1.9124224185943604,0.7624788284301758,1.1116787195205688,-1.2972657680511475
0.4551758749999989,0.0034223749999999996,133.0,3.7376503984959015,1.1630633666365358,1.0341348408644124,0.004565061526143454,-0.0008981096335842159,0.0016704311088053892,0.06372924089842721,-0.22280433773994446,0.13453775644302368,0.22089192271232605,1.7371697425842285,0.26851552724838257,-0.504547119140625,-0.9073238372802734,-0.4325271248817444,-1.916024088859558,0.7660861015319824,1.1324248313903809,-1.2950644493103027
0.4551758749999989,0.0034223749999999996,133.0,3.753144932966156,1.1770419464489974,1.034747986833975,0.004714901298020085,-0.0009381704653114208,0.001715404696298288,0.06376397578457303,-0.22103309631347656,0.13327614963054657,0.21951499581336975,1.7316226959228516,0.2689705491065979,-0.5089430809020996,-0.9080772399902344,-0.4289413094520569,-1.9174085855484009,0.7656760215759277,1.1458725929260254,-1.293238639831543
0.4551758749999989,0.0034223749999999996,133.0,3.7676400780148325,1.1902090388368625,1.0353427704895515,0.004848286318027803,-0.00098033892414622,0.0017515161543904497,0.06380314147117452,-0.21860119700431824,0.1335778832435608,0.22192952036857605,1.737597942352295,0.2707832157611847,-0.5195109844207764,-0.9189257025718689,-0.43377047777175903,-1.9025245904922485,0.7400403022766113,1.1294962167739868,-1.2942501306533813
0.4551758749999989,0.0034223749999999996,133.0,3.781544775160452,1.202695560095885,1.0364856422705993,0.004995037746169985,-0.0010231614163182577,0.0017884974977063648,0.06382064939286178,-0.21702739596366882,0.1333327442407608,0.22216996550559998,1.7375260591506958,0.2768293023109436,-0.5266869068145752,-0.9195494651794434,-0.43388134241104126,-1.9035274982452393,0.7324070930480957,1.131134033203125,-1.2941064834594727
0.4551758749999989,0.0034223749999999996,133.0,3.7947064182664176,1.214290541000521,1.0369660102857166,0.005155256825422791,-0.0010452302892824744,0.0018255874817670703,0.06384424614524944,-0.2154662013053894,0.13348987698554993,0.22329100966453552,1.7386970520019531,0.2858562767505646,-0.5364067554473877,-0.9192768335342407,-0.436068058013916,-1.902115821838379,0.7221763134002686,1.1298340559005737,-1.2931056022644043
0.4551758749999989,0.0034223749999999996,133.0,3.8069835120932947,1.2253969439346317,1.0380532807654186,0.005318045445747025,-0.0010776748753806929,0.0018661866997854238,0.06385214597949905,-0.2149817943572998,0.13658055663108826,0.2279827892780304,1.7521781921386719,0.30827435851097107,-0.550051212310791,-0.9196594953536987,-0.44784921407699585,-1.893686056137085,0.6983952522277832,1.0996296405792236,-1.294609546661377
0.4551758749999989,0.0034223749999999996,133.0,3.8183114314586097,1.2360485957286216,1.0394057909703667,0.005479547689340478,-0.001105164542073586,0.0018993956448983826,0.0638511968910863,-0.21507582068443298,0.1415916234254837,0.23150762915611267,1.764318823814392,0.330066055059433,-0.5618007183074951,-0.9136249423027039,-0.4543815851211548,-1.8945084810256958,0.6856207847595215,1.0642335414886475,-1.300067663192749
0.4551758749999989,0.0034223749999999996,133.0,3.8287091178023838,1.2455709234279784,1.0403322787025127,0.005658142036150148,-0.0011408681325766703,0.0019500457157358919,0.06386573485412755,-0.21480444073677063,0.14506308734416962,0.23602983355522156,1.7769498825073242,0.3476890027523041,-0.573552131652832,-0.9153006076812744,-0.46420782804489136,-1.8862966299057007,0.6625893115997314,1.030645489692688,-1.3026585578918457
0.4551758749999989,0.0034223749999999996,133.0,3.837455975856187,1.2564639075272859,1.0429513997685984,0.005911045208566418,-0.0011957507364961683,0.0020408367830072843,0.0636926353019052,-0.21692624688148499,0.1488666534423828,0.23293402791023254,1.7750481367111206,0.370393306016922,-0.5708327293395996,-0.8915757536888123,-0.45635300874710083,-1.9167412519454956,0.6940920352935791,1.034162163734436,-1.3088394403457642
0.4551758749999989,0.0034223749999999996,133.0,3.8462096758768376,1.2644425605606764,1.0439399859679448,0.006186098508853077,-0.0012533689338890574,0.002126700804964462,0.06369066032158235,-0.2173842489719391,0.15215547382831573,0.2341924011707306,1.7800769805908203,0.39061546325683594,-0.5771279335021973,-0.8821207284927368,-0.45973384380340576,-1.9209394454956055,0.6926648616790771,1.0168644189834595,-1.3104584217071533
0.4551758749999989,0.0034223749999999996,133.0,3.8538191052156545,1.2715546346122486,1.0444624391476964,0.0066085773128799815,-0.0013287567896962396,0.002253350802084958,0.0637011317812433,-0.21706977486610413,0.1540483832359314,0.23603811860084534,1.7847740650177002,0.40294671058654785,-0.5841059684753418,-0.8811784386634827,-0.4635934829711914,-1.917325735092163,0.6818089485168457,1.0008304119110107,-1.3112165927886963
0.4551758749999989,0.0034223749999999996,133.0,3.8606521350740137,1.2780101889871267,1.0454364438754467,0.007311093570992095,-0.001477188356522144,0.0024733519801818722,0.06370039914350256,-0.21718940138816833,0.1569601595401764,0.2394869029521942,1.7946889400482178,0.4165148138999939,-0.5915982723236084,-0.885495662689209,-0.4707626700401306,-1.9070247411727905,0.6618881225585938,0.9691001176834106,-1.3137409687042236
0.4551758749999989,0.0034223749999999996,133.0,3.866606218937399,1.2835801974414807,1.0458682349657977,0.008905389408122797,-0.0017955512025098971,0.002982390620387944,0.06370880117229084,-0.21727943420410156,0.16002868115901947,0.24209830164909363,1.801891565322876,0.42976656556129456,-0.5993599891662598,-0.8913044929504395,-0.4741756319999695,-1.8955711126327515,0.6452734470367432,0.9368714094161987,-1.3173291683197021
0.4551758749999989,0.0034223749999999996,133.0,3.8717120378384418,1.2885289398792172,1.0467516880644334,0.01655953749617721,-0.0034452156599087728,0.00536570234561821,0.0636820030957183,-0.2169249951839447,0.1579098403453827,0.24602749943733215,1.8065118789672852,0.437335729598999,-0.6109576225280762,-0.9413478374481201,-0.4711381196975708,-1.851344108581543,0.6034600734710693,0.9092271327972412,-1.3245314359664917
0.4551758749999989,0.0034223749999999996,133.0,3.8903679222043506,-1.215836479579451,0.9678413136439078,-0.014052282123188277,-0.001294583073004746,-0.006711137835685991,0.06796514744911236,-0.028790771961212158,0.16876153647899628,-0.14757591485977173,0.9306319355964661,0.36431750655174255,-1.0959579944610596,0.4077468514442444,0.14827010035514832,-0.41028380393981934,0.5725579261779785,0.461422324180603,-1.0801904201507568
0.4551758749999989,0.0034223749999999996,133.0,3.8857560761905434,-1.210725394894846,0.9682579348551048,-0.007581322337511462,-0.0006635079662988036,-0.0036447541672604443,0.06792262816128136,-0.030070573091506958,0.1717604696750641,-0.14727374911308289,0.9321799874305725,0.3534434139728546,-1.0923569202423096,0.41858145594596863,0.14435523748397827,-0.41122671961784363,0.600867509841919,0.42685189843177795,-1.077319860458374
0.4551758749999989,0.0034223749999999996,133.0,3.87991144429243,-1.204867470610941,0.9681978600652043,-0.006231401368501314,-0.0005367567976453057,-0.0029943798739167807,0.06789849187093087,-0.03172492980957031,0.17302893102169037,-0.14820754528045654,0.932864248752594,0.3531029522418976,-1.0859694480895996,0.429037481546402,0.14245247840881348,-0.4054187834262848,0.6064202785491943,0.4032459259033203,-1.0759309530258179
0.4551758749999989,0.0034223749999999996,133.0,3.873536020082848,-1.1987761960247583,0.9680879406581234,-0.005634882274560505,-0.0004959597963728123,-0.0027086744960278268,0.06788836473368405,-0.03339537978172302,0.17346611618995667,-0.15008121728897095,0.9321635365486145,0.3575286865234375,-1.077927827835083,0.44546374678611755,0.14153623580932617,-0.397112637758255,0.6097216606140137,0.38103699684143066,-1.0742418766021729
0.4551758749999989,0.0034223749999999996,133.0,3.866145731506307,-1.1917940022575504,0.9678350169996781,-0.005288651372825218,-0.00048745221451140493,-0.0025418215777533297,0.06787238569151982,-0.03518834710121155,0.1735600382089615,-0.15249162912368774,0.9303561449050903,0.36122703552246094,-1.069056510925293,0.4663945734500885,0.14130163192749023,-0.3850586712360382,0.6123867034912109,0.3559574782848358,-1.0721436738967896
0.4551758749999989,0.0034223749999999996,133.0,3.857221036312464,-1.1856196096628284,0.9651645288411801,-0.0050442676964470405,-0.0005228512087561531,-0.0024199922142394935,0.06792911409634661,-0.0356755256652832,0.17257554829120636,-0.15486669540405273,0.9259607195854187,0.3621358573436737,-1.0630595684051514,0.48809531331062317,0.14221441745758057,-0.3674844801425934,0.6119110584259033,0.334266722202301,-1.0686719417572021
0.4551758749999989,0.0034223749999999996,133.0,3.848040909264778,-1.1771642868998176,0.9649434477312906,-0.0048440448782794505,-0.0005203265576378159,-0.0023252370577193622,0.06791564869837648,-0.038136810064315796,0.17199093103408813,-0.15866515040397644,0.9216939806938171,0.36966246366500854,-1.050459384918213,0.5214477777481079,0.14287251234054565,-0.3489733338356018,0.6155822277069092,0.3002272844314575,-1.0650509595870972
0.4551758749999989,0.0034223749999999996,133.0,3.83832727511207,-1.16786455123468,0.9646841578682145,-0.00469356623893473,-0.0005210109440673899,-0.002251296817260004,0.06790553078333851,-0.03963440656661987,0.17198485136032104,-0.1610131561756134,0.919236958026886,0.3697551190853119,-1.0424697399139404,0.5404273271560669,0.14311718940734863,-0.3352080285549164,0.6162393093109131,0.27633994817733765,-1.0627702474594116
0.4551758749999989,0.0034223749999999996,133.0,3.8274556184310167,-1.1575700166499576,0.9644489847594069,-0.0045600071919242174,-0.0005221664704277571,-0.0021846612286079226,0.06788842960171412,-0.042248159646987915,0.1717863380908966,-0.1644590198993683,0.9150233864784241,0.3728809356689453,-1.0300817489624023,0.5712466239929199,0.14360377192497253,-0.31475910544395447,0.6188130378723145,0.23996078968048096,-1.0589754581451416
0.4551758749999989,0.0034223749999999996,133.0,3.815869368725811,-1.1466891273889024,0.9643331288514635,-0.004424407095827214,-0.0005245835137881359,-0.0021200704606716566,0.06787686276923124,-0.04405057430267334,0.1706048995256424,-0.16834881901741028,0.9085292816162109,0.37667155265808105,-1.0189208984375,0.6046678423881531,0.1456027328968048,-0.2931317389011383,0.6204338073730469,0.20969009399414062,-1.0544816255569458
0.4551758749999989,0.0034223749999999996,133.0,3.8038071113387395,-1.1350363476556158,0.9642083179088281,-0.004297918923277266,-0.0005272513494631794,-0.002058998773219423,0.06787371573379683,-0.04542538523674011,0.17055080831050873,-0.17067039012908936,0.904471218585968,0.3718969523906708,-1.010793685913086,0.6237885355949402,0.1466073989868164,-0.2762919068336487,0.6199116706848145,0.1828930526971817,-1.0513298511505127
0.4551758749999989,0.0034223749999999996,133.0,3.7908176881154443,-1.122291497961276,0.9639542243709088,-0.004171753190292302,-0.0005174982194651709,-0.001994369200864639,0.06786839708269822,-0.046051025390625,0.16983865201473236,-0.1730019748210907,0.8998775482177734,0.3702600598335266,-1.0048191547393799,0.6433110237121582,0.14754271507263184,-0.25911059975624084,0.6177389621734619,0.16484935581684113,-1.0476255416870117
0.4551758749999989,0.0034223749999999996,133.0,3.777263752615251,-1.108730088721251,0.9639324610938792,-0.004060610700546083,-0.000498500485252234,-0.0019424035057206105,0.06787739214937281,-0.045707881450653076,0.16999942064285278,-0.17381364107131958,0.8964778780937195,0.3622656762599945,-1.001863956451416,0.6483310461044312,0.14844349026679993,-0.24862955510616302,0.6126804351806641,0.15260574221611023,-1.0450133085250854
0.4551758749999989,0.0034223749999999996,133.0,3.7629735366469608,-1.0944410573451724,0.9638607392715642,-0.003918817501020675,-0.0004773840273698236,-0.0018766715666870724,0.0678923236952772,-0.04333481192588806,0.16840383410453796,-0.17496216297149658,0.888174831867218,0.35327014327049255,-1.0028681755065918,0.6552797555923462,0.15278205275535583,-0.23657402396202087,0.6048650741577148,0.14898252487182617,-1.041053056716919
0.4551758749999989,0.0034223749999999996,133.0,3.7474995007270024,-1.079160545600821,0.9638359316560394,-0.0037397441446491413,-0.0004581665663795097,-0.0017967009205991,0.06789374396915321,-0.043571919202804565,0.16859307885169983,-0.1760704517364502,0.8839576840400696,0.3467775881290436,-0.9980075359344482,0.6648104786872864,0.15350833535194397,-0.22322672605514526,0.6005141735076904,0.12803994119167328,-1.0374594926834106
0.4551758749999989,0.0034223749999999996,133.0,3.731181824489445,-1.062941330887141,0.9638758013932928,-0.0035740304978483595,-0.0004342321022895556,-0.001719925504010266,0.0678950129745066,-0.04337400197982788,0.1692325472831726,-0.17618328332901,0.881152331829071,0.3416570723056793,-0.9956278800964355,0.6668176651000977,0.1532018780708313,-0.21402990818023682,0.5946450233459473,0.1128845289349556,-1.0342421531677246
0.4551758749999989,0.0034223749999999996,133.0,3.714009350527534,-1.046131407801378,0.963983507463885,-0.003383587801172462,-0.0004140144603241998,-0.0016346466847742727,0.06789786858201528,-0.04310289025306702,0.16874681413173676,-0.1775626242160797,0.8742643594741821,0.33278968930244446,-0.9915623664855957,0.6793760061264038,0.15557721257209778,-0.1979357749223709,0.5895397663116455,0.08970878273248672,-1.0296721458435059
0.4551758749999989,0.0034223749999999996,133.0,3.696250874612549,-1.0283962933952302,0.9640605719737855,-0.003202136294638287,-0.0003868509350464643,-0.0015549857627053627,0.06791317637797861,-0.04037758708000183,0.16749221086502075,-0.17779549956321716,0.866302490234375,0.32117849588394165,-0.994774341583252,0.6806740760803223,0.15939617156982422,-0.18737052381038666,0.5797269344329834,0.0832284688949585,-1.0255472660064697
0.4551758749999989,0.0034223749999999996,133.0,3.677238892279271,-1.0096104685257077,0.964091738348325,-0.003016705281973958,-0.0003662887205044862,-0.0014688246367300347,0.0679048580178762,-0.040790289640426636,0.16831274330615997,-0.17833998799324036,0.8626387715339661,0.31494006514549255,-0.9894857406616211,0.6876716017723083,0.15881723165512085,-0.17295189201831818,0.5734269618988037,0.057114943861961365,-1.0211793184280396
0.4551758749999989,0.0034223749999999996,133.0,3.6575507572030594,-0.9902741000920879,0.964108184130467,-0.0028493866374747533,-0.0003511846292122295,-0.001392763222289175,0.0679043101486854,-0.04028436541557312,0.16765226423740387,-0.17981848120689392,0.854026198387146,0.3043675422668457,-0.9846494197845459,0.7025731801986694,0.1613852083683014,-0.1520482897758484,0.5658910274505615,0.030012739822268486,-1.015071988105774
0.4551758749999989,0.0034223749999999996,133.0,3.6369637376934274,-0.9698428680109507,0.9642042987557681,-0.002630949412568091,-0.00031851505139586153,-0.001293434235951596,0.0679078008930011,-0.038905173540115356,0.16720563173294067,-0.18022698163986206,0.8464736342430115,0.2937990427017212,-0.983278751373291,0.7088640928268433,0.16340336203575134,-0.13632264733314514,0.5563931465148926,0.011421682313084602,-1.0094804763793945
0.4551758749999989,0.0034223749999999996,133.0,3.615493614067933,-0.9494718216978087,0.9644651350628359,-0.0024141489014127882,-0.00030371358998713147,-0.0011916970916955104,0.06790339076430603,-0.03979644179344177,0.1655755490064621,-0.18327555060386658,0.8329954743385315,0.2913476824760437,-0.9731926918029785,0.7422955632209778,0.16700530052185059,-0.10431895405054092,0.5513157844543457,-0.027431972324848175,-0.9995779991149902
0.4551758749999989,0.0034223749999999996,133.0,3.593311723182106,-0.9275633410030096,0.9644557391559533,-0.0022087768117424952,-0.0002778113053854468,-0.0010960720764555095,0.06790410784083245,-0.038346707820892334,0.16389141976833344,-0.1845816969871521,0.8217377066612244,0.28270894289016724,-0.9708387851715088,0.7576327323913574,0.17067456245422363,-0.08293232321739197,0.541182279586792,-0.04795410484075546,-0.9919934272766113
0.4551758749999989,0.0034223749999999996,133.0,3.569902034157911,-0.9045148212344406,0.9643930897132581,-0.0020056300847128795,-0.0002502052902688716,-0.0009997270071830972,0.0678914057781492,-0.03788456320762634,0.16311608254909515,-0.1857743263244629,0.8119189143180847,0.2705041170120239,-0.96543288230896,0.7726330757141113,0.17313465476036072,-0.05972253531217575,0.5319130420684814,-0.07669420540332794,-0.9845631718635559
0.4551758749999989,0.0034223749999999996,133.0,3.545764169064324,-0.8804117355764657,0.9641836975046185,-0.001842607964399241,-0.00022945084650397742,-0.0009229533210273267,0.06787480294464819,-0.037217527627944946,0.16547919809818268,-0.18439322710037231,0.812869131565094,0.2573713958263397,-0.9624311923980713,0.7600564360618591,0.17015308141708374,-0.05537284538149834,0.5199775695800781,-0.09581175446510315,-0.9823391437530518
0.4551758749999989,0.0034223749999999996,133.0,3.5208149980202497,-0.855684276224653,0.9642238287053444,-0.001642296438008688,-0.00019981436529159028,-0.0008301017819156709,0.06786914620104256,-0.03635376691818237,0.1662365347146988,-0.1842246651649475,0.8067892789840698,0.24340862035751343,-0.9585535526275635,0.7608336210250854,0.17037037014961243,-0.039292607456445694,0.5082120895385742,-0.12112642079591751,-0.9763422012329102
0.4551758749999989,0.0034223749999999996,133.0,3.4948742547361533,-0.8303948680803194,0.964407583010416,-0.0014572396631704558,-0.0001789324913961234,-0.000743359955438658,0.06785122438660143,-0.03592517971992493,0.16540566086769104,-0.18596801161766052,0.7923856377601624,0.22999706864356995,-0.9501068592071533,0.7806922197341919,0.1737682819366455,-0.0065597184002399445,0.496227502822876,-0.16021689772605896,-0.9652461409568787
0.4551758749999989,0.0034223749999999996,133.0,3.4683932329173737,-0.8047842896272642,0.9645192585626383,-0.0012748996431451365,-0.00016043799089900346,-0.0006546029896447403,0.06783915997784754,-0.03565722703933716,0.1626913845539093,-0.18905402719974518,0.7697024345397949,0.22034107148647308,-0.9395115375518799,0.8169967532157898,0.17970943450927734,0.04225635528564453,0.4833700656890869,-0.20641888678073883,-0.9484754800796509
0.4551758749999989,0.0034223749999999996,133.0,3.440951244007151,-0.7779493690505419,0.9645643734805206,-0.0011240354960379046,-0.0001415274002755702,-0.0005816148333495282,0.06782093555496747,-0.034826040267944336,0.1609952598810196,-0.19138874113559723,0.7461246252059937,0.20154784619808197,-0.9272136688232422,0.8447113633155823,0.1849452555179596,0.09352777153253555,0.46617770195007324,-0.25666844844818115,-0.9300181269645691
0.4551758749999989,0.0034223749999999996,133.0,3.4128492219060127,-0.7503483569370666,0.9645944547332017,-0.000989713979445655,-0.00012338492152363492,-0.0005162363542524284,0.0678078553381537,-0.03444868326187134,0.15837903320789337,-0.19467955827713013,0.7104662656784058,0.17768937349319458,-0.901235818862915,0.882686972618103,0.1930171549320221,0.1481209248304367,0.4499504566192627,-0.30150023102760315,-0.9024415612220764
0.4551758749999989,0.0034223749999999996,133.0,3.3836243128267074,-0.72191314082828,0.9646338264302211,-0.0008165720687437828,-0.00010173065751193324,-0.0004281384787949075,0.06778031968185089,-0.034617215394973755,0.15369592607021332,-0.1979297548532486,0.6558635234832764,0.15260596573352814,-0.8575394153594971,0.9314571619033813,0.20665830373764038,0.20181412994861603,0.4390983581542969,-0.3213874399662018,-0.861716628074646
0.4551758749999989,0.0034223749999999996,133.0,3.3537303381078023,-0.6928834560059601,0.9647186773192766,-0.0006850342644154026,-8.714242790427703e-5,-0.0003611265212304032,0.06775271297676787,-0.035692840814590454,0.14848776161670685,-0.19912634789943695,0.5959233045578003,0.12281036376953125,-0.8056175708770752,0.9731578826904297,0.22052109241485596,0.2641025185585022,0.4286341667175293,-0.3243301212787628,-0.8159076571464539
0.4551758749999989,0.0034223749999999996,133.0,3.322768261958278,-0.6625866905681423,0.964783121767103,-0.0005138668569398195,-6.514222440037996e-5,-0.0002731889393281411,0.0677161221375927,-0.037702709436416626,0.14215882122516632,-0.1964188665151596,0.5194451808929443,0.08463277667760849,-0.7270350456237793,0.9999521970748901,0.2398035228252411,0.3125945031642914,0.43097877502441406,-0.26771074533462524,-0.7592856287956238
0.4551758749999989,0.0034223749999999996,133.0,3.291039359655007,-0.631051862268532,0.964592852804081,-0.0003225959976933846,-3.958918343422185e-5,-0.00017300687834868091,0.06768263258849977,-0.03967440128326416,0.13568951189517975,-0.18778547644615173,0.4284217357635498,0.04077453911304474,-0.617072343826294,0.991147518157959,0.26609647274017334,0.3290883004665375,0.45714592933654785,-0.13254670798778534,-0.6954278349876404
0.4551758749999989,0.0034223749999999996,133.0,3.258739542662081,-0.5990153264981808,0.9642569453209834,-0.00015072670236117815,-1.877974467167165e-5,-8.130030680940244e-5,0.06765096527206374,-0.10031738877296448,0.16707178950309753,-0.15449774265289307,0.4171701669692993,0.06277716159820557,-0.5530145168304443,0.5677878260612488,0.41514700651168823,0.1471370905637741,0.9291198253631592,-0.061686672270298004,-0.8360458016395569
0.4551758749999989,0.0034223749999999996,133.0,3.225667763061154,-0.5667999793753609,0.964182668581852,1.670963081748311e-5,2.164563992692379e-6,9.057910390527187e-6,0.06762481655056077,-0.10752144455909729,0.15460491180419922,-0.14808017015457153,0.32468676567077637,0.06915660947561264,-0.3915228843688965,0.5716217756271362,0.44069904088974,0.21711909770965576,1.0034210681915283,0.06227341294288635,-0.7695668935775757
0.4551758749999989,0.0034223749999999996,133.0,3.191739973120617,-0.5332177292230726,0.9638071707250493,0.00018462941635506808,2.4508767695403056e-5,0.00010020568565281632,0.06759959549605365,-0.11448687314987183,0.1478371024131775,-0.1451174020767212,0.25332677364349365,0.08327840268611908,-0.19843482971191406,0.5365257263183594,0.4577455222606659,0.2434067279100418,1.0619573593139648,0.12709695100784302,-0.7156956195831299
0.4551758749999989,0.0034223749999999996,133.0,3.1568450838598996,-0.4983075700773739,0.9630961361359676,0.0003666720544602354,4.961477450865382e-5,0.00019907384245278356,0.06757317339011665,-0.11691510677337646,0.14537639915943146,-0.14905208349227905,0.21897265315055847,0.10538511723279953,-0.06731796264648438,0.49629664421081543,0.4495353698730469,0.2811487317085266,1.0738203525543213,0.10763607174158096,-0.67331463098526
0.4551758749999989,0.0034223749999999996,133.0,3.1211629184014615,-0.46296762032266264,0.9627045877775712,0.0005098016840503513,7.095358531457567e-5,0.000277192576121596,0.06755109056893495,-0.11475297808647156,0.14225077629089355,-0.1537783443927765,0.2026168406009674,0.12018083035945892,-0.033655643463134766,0.49310967326164246,0.44080376625061035,0.3447587788105011,1.0561349391937256,0.07883399724960327,-0.6481014490127563
0.4551758749999989,0.0034223749999999996,133.0,3.0846595679876443,-0.4268036056640742,0.9623213134351015,0.0006712065707129715,9.607810721892331e-5,0.00036550015144522,0.06752896057257675,-0.1137714684009552,0.140089213848114,-0.15740734338760376,0.19043894112110138,0.13086353242397308,-0.0054836273193359375,0.4947102665901184,0.4351441264152527,0.392856627702713,1.0449559688568115,0.05652264505624771,-0.6301902532577515
0.4551758749999989,0.0034223749999999996,133.0,3.0473864086864,-0.38983570172877907,0.9619465494303306,0.0008431261011574342,0.00012414095723434175,0.0004596592488961882,0.06750803586422319,-0.11339747905731201,0.13850685954093933,-0.16007298231124878,0.18092714250087738,0.1374484896659851,0.01791834831237793,0.500609278678894,0.4317416250705719,0.43166691064834595,1.037445306777954,0.039247140288352966,-0.6172270178794861
0.4551758749999989,0.0034223749999999996,133.0,3.0093891481069384,-0.3521046236627899,0.961533281295655,0.0010383627080899807,0.00015751931027771523,0.0005666322945594779,0.06748948298691362,-0.11296305060386658,0.13707926869392395,-0.1621396541595459,0.17338958382606506,0.1392155885696411,0.03676319122314453,0.5093581676483154,0.42954546213150024,0.4650317132472992,1.0303030014038086,0.026432545855641365,-0.6074469685554504
0.4551758749999989,0.0034223749999999996,133.0,2.970603342719395,-0.3135566765226317,0.9611312536934251,0.0012237494519813346,0.00019091497001874034,0.0006680662468817483,0.06747275899395616,-0.11256033182144165,0.13578452169895172,-0.16411077976226807,0.16655293107032776,0.13893094658851624,0.05383896827697754,0.5196107029914856,0.42785707116127014,0.4959535002708435,1.0234813690185547,0.01578976772725582,-0.5988783836364746
0.4551758749999989,0.0034223749999999996,133.0,2.930818413096547,-0.2746559103151702,0.9609046745579892,0.0013436622056865045,0.0002203238241331884,0.0007333945448756544,0.06745486039717837,-0.1132403016090393,0.13268132507801056,-0.1649371087551117,0.15146644413471222,0.1462867259979248,0.08267569541931152,0.5356454253196716,0.4377049207687378,0.544284462928772,1.0180943012237549,0.007547697052359581,-0.5935739874839783
0.4551758749999989,0.0034223749999999996,133.0,2.890183360065516,-0.23438633729573716,0.9605155752968837,0.0014970548334446907,0.00025276606134436175,0.0008185503959237964,0.06743342340322789,-0.11421361565589905,0.13220913708209991,-0.16675984859466553,0.1454363465309143,0.1473747044801712,0.09842872619628906,0.5505871176719666,0.4375070333480835,0.5679793357849121,1.0172042846679688,0.002162797376513481,-0.5873572826385498
0.4551758749999989,0.0034223749999999996,133.0,2.8484474588720903,-0.19250416465398193,0.9596559529593115,0.001646302585026481,0.00028428788119368224,0.0009031360504768516,0.06739836449409338,-0.11573058366775513,0.13476620614528656,-0.17050883173942566,0.1529853641986847,0.14252012968063354,0.0967245101928711,0.5654481649398804,0.4239136278629303,0.5779369473457336,1.0201401710510254,-0.008476663380861282,-0.5813941955566406
0.4551758749999989,0.0034223749999999996,133.0,2.8072522397201407,-0.14956294251128852,0.9619817897290973,0.0017868442996345547,0.0002992350067939208,0.0009874172971528572,0.06732514492169686,-0.1147809624671936,0.13265864551067352,-0.17261961102485657,0.13699665665626526,0.13844498991966248,0.11644506454467773,0.5700527429580688,0.42720648646354675,0.5886347889900208,1.0174434185028076,-0.0018292851746082306,-0.5686235427856445
0.4551758749999989,0.0034223749999999996,133.0,2.7636084846133495,-0.10684424840895998,0.9615238305666087,0.0018821172984841519,0.000339479646426256,0.0010439734823104803,0.06727908962338794,-0.11694321036338806,0.12525354325771332,-0.17255666851997375,0.10549551248550415,0.16162608563899994,0.15455174446105957,0.6021425127983093,0.4599882662296295,0.6663973331451416,1.0113325119018555,0.009559640660881996,-0.5697460770606995
0.4551758749999989,0.0034223749999999996,133.0,2.7166858072875555,-0.06220216702258374,0.9618611872927262,0.0018522932712554578,0.0003477154430239752,0.0010533301423588275,0.06716043888692504,-0.15056699514389038,0.15178845822811127,-0.17205703258514404,0.1492239087820053,0.19389674067497253,0.17563223838806152,0.6518545150756836,0.44677525758743286,0.5544079542160034,1.1983270645141602,-0.040436163544654846,-0.6011919975280762
0.4551758749999989,0.0034223749999999996,133.0,2.661855244246234,-0.0029235342203048557,0.9591126287013716,0.0017382546040566845,-6.926582482452374e-6,0.001091496487588134,0.06666531244484615,-0.2414816915988922,0.28893882036209106,-0.15493568778038025,0.43702393770217896,0.017620451748371124,0.30103373527526855,-0.12159392237663269,0.5976251363754272,-1.4219664335250854,2.116736888885498,-0.3331718444824219,-1.0377027988433838
0.4551758749999989,0.0034223749999999996,133.0,2.599158528160248,0.04082460603638366,0.9605368638394748,0.00010454850091033711,-6.399322523381824e-6,6.834485670880087e-5,0.06553597247880237,-0.3823426067829132,0.17695817351341248,-0.13389357924461365,0.8848278522491455,-0.5648288130760193,0.7821550369262695,0.6343618035316467,0.15131381154060364,-1.5391325950622559,2.304989814758301,-0.1791774481534958,-1.0356225967407227
0.4551758749999989,0.0034223749999999996,133.0,2.6378710986220697,0.07118582992000129,0.9646993635475163,-0.0017636847581246336,-8.293335853764094e-5,-0.001124454643270662,0.06501509871901658,-0.39151009917259216,0.1853753924369812,-0.08113384246826172,1.1762830018997192,-0.5808966159820557,0.7752000093460083,0.4371923506259918,0.10571271181106567,-1.6660082340240479,2.249018669128418,0.046091705560684204,-1.282241940498352
0.4551758749999989,0.0034223749999999996,133.0,2.667707393960094,0.12359294414346071,0.9786872543116225,-0.002067840872686897,0.000241508193419381,-0.0012169695336671036,0.06386694018251701,-0.4625956118106842,0.22098711133003235,0.025956392288208008,1.594403624534607,-1.0713125467300415,0.8079620599746704,-0.210296630859375,0.3038003444671631,-1.9704461097717285,2.228879928588867,0.40197280049324036,-1.8993325233459473
0.4551758749999989,0.0034223749999999996,133.0,2.702272569230081,0.17370001860755646,0.9874208574397054,-0.00211422422652732,0.00038469410692275894,-0.0011627975434581929,0.06322538472615,-0.4920984208583832,0.2429170459508896,0.05786439776420593,1.6730648279190063,-1.3713459968566895,0.829930305480957,-0.36275359988212585,0.4265955686569214,-2.0664665699005127,2.1752047538757324,0.3795384168624878,-2.1014788150787354
0.4551758749999989,0.0034223749999999996,133.0,2.743556356052955,0.2191474135406244,0.9904252572485593,-0.0020147089554041872,0.00037420286488444755,-0.0010720979658446186,0.06308528432023335,-0.4923020303249359,0.24590985476970673,0.07147607207298279,1.7363271713256836,-1.353845238685608,0.8281577825546265,-0.32804396748542786,0.38654816150665283,-2.0766091346740723,2.1110267639160156,0.437958300113678,-2.1247951984405518
0.4551758749999989,0.0034223749999999996,133.0,2.7849134642892217,0.2624795454017551,0.9923191148497249,-0.0018550473860803598,0.0003474160465352211,-0.0009639879714932023,0.0630227171019176,-0.4919643700122833,0.24756789207458496,0.08509156107902527,1.7863471508026123,-1.3711096048355103,0.8221135139465332,-0.33447176218032837,0.3675287365913391,-2.063544988632202,2.042445659637451,0.4941308796405792,-2.1557509899139404
0.4551758749999989,0.0034223749999999996,133.0,2.8258035305877516,0.3043931315512637,0.9934769152924058,-0.001652106510877881,0.0003052983259265199,-0.0008426283371641218,0.06301599739727523,-0.49816229939460754,0.2504662573337555,0.08730396628379822,1.7841600179672241,-1.4283089637756348,0.8546930551528931,-0.29839539527893066,0.3913000524044037,-2.075200319290161,2.028453826904297,0.5194712281227112,-2.177712917327881
0.4551758749999989,0.0034223749999999996,133.0,2.86572573005581,0.345401579460901,0.9937835884360049,-0.0015592720549168898,0.00027857054736676526,-0.0007872883067394318,0.06301306363425135,-0.49899962544441223,0.251985639333725,0.09507158398628235,1.8110313415527344,-1.4407769441604614,0.8634798526763916,-0.27020153403282166,0.37928974628448486,-2.0738260746002197,1.9847211837768555,0.5674611926078796,-2.192681074142456
0.4551758749999989,0.0034223749999999996,133.0,2.9051299710044103,0.385630693042927,0.9949784013357659,-0.0013404180260325402,0.00023453943959897926,-0.0006636745236688344,0.06297666913068863,-0.5014067888259888,0.25324031710624695,0.10223206877708435,1.8355329036712646,-1.4640463590621948,0.875072717666626,-0.24572838842868805,0.3717917799949646,-2.0745599269866943,1.9451069831848145,0.6104718446731567,-2.2098124027252197
0.4551758749999989,0.0034223749999999996,133.0,2.943822905300845,0.42493089953481455,0.9964132219962052,-0.001172366362497088,0.00020058534176456912,-0.0005679623151395005,0.06295083376434522,-0.5004192590713501,0.2537250816822052,0.11412635445594788,1.8847293853759766,-1.4541237354278564,0.8670274019241333,-0.23218999803066254,0.33753442764282227,-2.069638729095459,1.8859891891479492,0.6696889996528625,-2.2246429920196533
0.4551758749999989,0.0034223749999999996,133.0,2.9813642090782166,0.46341068842862343,0.9973675230773673,-0.0009568462547469625,0.00016025519189615225,-0.00045579252263039713,0.06293308723782501,-0.5020502805709839,0.25451576709747314,0.12119951844215393,1.9077600240707397,-1.474778175354004,0.8723781108856201,-0.20790570974349976,0.3274335265159607,-2.0719921588897705,1.8444294929504395,0.719410240650177,-2.2376980781555176
0.4551758749999989,0.0034223749999999996,133.0,3.0181022061472436,0.5010014534328496,0.998267554602282,-0.0007641945935300932,0.00012513457571600666,-0.0003582704746629219,0.06291813972054396,-0.5032705068588257,0.2550766170024872,0.12795814871788025,1.9297289848327637,-1.4909290075302124,0.874900221824646,-0.18433959782123566,0.31533581018447876,-2.0732767581939697,1.8043279647827148,0.7694669365882874,-2.247671604156494
0.4551758749999989,0.0034223749999999996,133.0,3.0540157896179343,0.5377227835010154,0.9991167836775706,-0.0005791101754666753,9.263845253615056e-5,-0.00026747783228168954,0.0629036880898947,-0.5041307210922241,0.2554084062576294,0.13420972228050232,1.9502735137939453,-1.5020465850830078,0.8750157356262207,-0.1615472435951233,0.30135971307754517,-2.0739188194274902,1.7667112350463867,0.8187539577484131,-2.2543227672576904
0.4551758749999989,0.0034223749999999996,133.0,3.089118966017627,0.5735593930919524,0.9998680356019223,-0.00039919948502977555,6.230140753652925e-5,-0.00018191775034231747,0.06289180645783278,-0.5042024850845337,0.25525203347206116,0.14006677269935608,1.9690269231796265,-1.506950855255127,0.8704817295074463,-0.1398407369852066,0.28445887565612793,-2.074138879776001,1.729097843170166,0.8715364336967468,-2.256235361099243
0.4551758749999989,0.0034223749999999996,133.0,3.1233733001648556,0.6085385950665697,1.0005854723997727,-0.00022450245290840532,3.419155606852145e-5,-0.00010107809272644428,0.06287833804882532,-0.5030949115753174,0.2542884945869446,0.14564034342765808,1.9857734441757202,-1.5038129091262817,0.8590877056121826,-0.1204477846622467,0.26313960552215576,-2.0757017135620117,1.6894645690917969,0.9320436120033264,-2.2517056465148926
0.4551758749999989,0.0034223749999999996,133.0,3.15600395161167,0.6428343763582749,1.0005162243064734,-6.70002768733117e-5,9.958403139069302e-6,-3.0080107023382432e-5,0.0628747194746283,-0.503779411315918,0.2536402940750122,0.14676621556282043,1.9743281602859497,-1.5275450944900513,0.8651825189590454,-0.08797939121723175,0.263324499130249,-2.0977883338928223,1.662332534790039,0.9969637393951416,-2.240760087966919
0.4551758749999989,0.0034223749999999996,133.0,3.187887129791469,0.6762955554927731,1.0010529650090272,0.00014498452777248654,-2.1364488955509417e-5,6.453627522739528e-5,0.06284875128792163,-0.48903241753578186,0.24287909269332886,0.15235838294029236,1.9676620960235596,-1.4834437370300293,0.8196853399276733,-0.11377349495887756,0.22446110844612122,-2.0558218955993652,1.5720062255859375,1.1056498289108276,-2.1947543621063232
0.4551758749999989,0.0034223749999999996,133.0,3.2209330736779034,0.7064793130566255,1.0000181787699396,0.000342382262914685,-4.8947329199678e-5,0.00014904709318968971,0.06301741608269393,-0.4550635516643524,0.22261396050453186,0.16501185297966003,1.9677019119262695,-1.363925814628601,0.6890015602111816,-0.19943520426750183,0.14113938808441162,-1.9341413974761963,1.401418924331665,1.2652287483215332,-2.1102263927459717
0.4551758749999989,0.0034223749999999996,133.0,3.2516351613436574,0.7379564801949623,1.0006421726942591,0.0005423848953989486,-7.68206926186393e-5,0.00023327613801834258,0.06301888393147702,-0.4187857210636139,0.19921889901161194,0.17167344689369202,1.9314069747924805,-1.22826087474823,0.5754684209823608,-0.27556174993515015,0.06484085321426392,-1.8085510730743408,1.2362425327301025,1.408401608467102,-1.9963068962097168
0.4551758749999989,0.0034223749999999996,133.0,3.2827244644868148,0.7682472140218387,1.0022158986421312,0.0007814381558478643,-0.00010828521600288043,0.00032859907004233375,0.0630079860359843,-0.3841443955898285,0.180027037858963,0.18147531151771545,1.9144915342330933,-1.0618536472320557,0.4463534355163574,-0.3470860421657562,-0.027419626712799072,-1.6876552104949951,1.0762431621551514,1.5071933269500732,-1.8856699466705322
0.4551758749999989,0.0034223749999999996,133.0,3.313351912531887,0.7974293732800619,1.0035079415814858,0.0009518583397926081,-0.00013037261215201844,0.0003944753919721814,0.06303068229892347,-0.3172767460346222,0.14927726984024048,0.20062914490699768,1.8058162927627563,-0.018294088542461395,-0.13004326820373535,-0.6829752326011658,-0.34212470054626465,-2.2079017162323,1.2771670818328857,1.2009611129760742,-1.455397367477417
0.4551758749999989,0.0034223749999999996,133.0,3.3432779139586564,0.825755245639983,1.0053962826960585,0.0011690880027676917,-0.00016517283280299567,0.00047805946904667034,0.0630430249907169,-0.2905975878238678,0.14108224213123322,0.2073509395122528,1.7857974767684937,0.05055602267384529,-0.22896957397460938,-0.7496655583381653,-0.3803725242614746,-2.093930721282959,1.1188900470733643,1.1911431550979614,-1.396291971206665
0.4551758749999989,0.0034223749999999996,133.0,3.3720473748404025,0.8531428752817652,1.0061426651883403,0.001333463822222906,-0.00019306433547476126,0.0005428858733267857,0.06310394642217393,-0.2694943845272064,0.1337088644504547,0.20987418293952942,1.752782940864563,0.0942537933588028,-0.30097413063049316,-0.7929058074951172,-0.39929771423339844,-2.0066144466400146,1.0052881240844727,1.1851547956466675,-1.3438940048217773
0.4551758749999989,0.0034223749999999996,133.0,3.400406756409322,0.8796235773392502,1.0073467569560384,0.0015177856062951313,-0.0002247499594417339,0.0006125308183958055,0.06315302684853792,-0.251516729593277,0.12828193604946136,0.21054485440254211,1.7174866199493408,0.14284870028495789,-0.3619701862335205,-0.8149585723876953,-0.41172415018081665,-1.933706283569336,0.9171807765960693,1.1658939123153687,-1.2958815097808838
0.4551758749999989,0.0034223749999999996,133.0,3.428320380503311,0.9051130068172113,1.0082196000536057,0.0017375951893730751,-0.00025883657573710044,0.0006965534683559981,0.06322039391298198,-0.2422901690006256,0.12765689194202423,0.2120736539363861,1.7071797847747803,0.18218840658664703,-0.39821743965148926,-0.8252627849578857,-0.4206033945083618,-1.9100841283798218,0.8701903820037842,1.1458213329315186,-1.2766237258911133
0.4551758749999989,0.0034223749999999996,133.0,3.4549771750889393,0.9299829720663341,1.009268991223076,0.0019628532201370645,-0.0002965709684690669,0.0007770627519504159,0.06326327645512761,-0.2392125427722931,0.12925739586353302,0.2139723002910614,1.7140538692474365,0.20093926787376404,-0.41303277015686035,-0.8368961811065674,-0.42595744132995605,-1.9143435955047607,0.8496263027191162,1.1337858438491821,-1.2781431674957275
0.4551758749999989,0.0034223749999999996,133.0,3.4806563494967104,0.9538684605423371,1.0100049926924417,0.0022089028661848777,-0.0003436698951544619,0.0008706476803527567,0.06332284646197393,-0.23642697930335999,0.12779301404953003,0.21239736676216125,1.7081241607666016,0.20178870856761932,-0.4192991256713867,-0.8459243178367615,-0.4220634698867798,-1.920944333076477,0.8455710411071777,1.1520065069198608,-1.2762830257415771
0.4551758749999989,0.0034223749999999996,133.0,3.505431865200057,0.9770284091555556,1.0106522546729384,0.002388883219947584,-0.00038063344470042873,0.0009392517341727199,0.0633825640464533,-0.2344304919242859,0.1285088211297989,0.2133602797985077,1.711175560951233,0.2150588482618332,-0.4309706687927246,-0.8502455949783325,-0.42468035221099854,-1.9243664741516113,0.8353934288024902,1.1517486572265625,-1.2767736911773682
0.4551758749999989,0.0034223749999999996,133.0,3.5291692237975507,0.9994253958381014,1.0112368649668557,0.0026213645868519327,-0.0004218678886185983,0.0010233661692645851,0.06343398546034341,-0.23283728957176208,0.12929046154022217,0.21438094973564148,1.7144721746444702,0.2260061353445053,-0.4414849281311035,-0.8549403548240662,-0.42681336402893066,-1.9259966611862183,0.8264875411987305,1.1509058475494385,-1.2779765129089355
0.4551758749999989,0.0034223749999999996,133.0,3.552439831142271,1.020890815102146,1.0120565392352279,0.0028544900952844334,-0.0004708525942228817,0.001110060450957762,0.06348401891705054,-0.23133701086044312,0.13018418848514557,0.21514496207237244,1.7174928188323975,0.23100252449512482,-0.4500429630279541,-0.860947847366333,-0.42694491147994995,-1.9259353876113892,0.8183896541595459,1.1479963064193726,-1.2808891534805298
0.4551758749999989,0.0034223749999999996,133.0,3.5746160377170315,1.0416567337562121,1.0126749494584326,0.003102707577386847,-0.0005176465874629113,0.0011980756229387924,0.06352670760839697,-0.23003911972045898,0.1318097859621048,0.21569356322288513,1.7205615043640137,0.23967359960079193,-0.4587290287017822,-0.8629527688026428,-0.42651593685150146,-1.9290063381195068,0.8134884834289551,1.1424291133880615,-1.2844293117523193
0.4551758749999989,0.0034223749999999996,133.0,3.5964866266484155,1.061325900049975,1.0141111815218486,0.003353579808251754,-0.0005795856445503728,0.0012816527617301485,0.06355058866980245,-0.22872555255889893,0.13107389211654663,0.2157629430294037,1.7203933000564575,0.23685169219970703,-0.4633777141571045,-0.8736353516578674,-0.42533212900161743,-1.9259836673736572,0.8069324493408203,1.1492191553115845,-1.2854762077331543
0.4551758749999989,0.0034223749999999996,133.0,3.616994902516859,1.080564313261522,1.0153458645668418,0.0035493752215572196,-0.0006224796973795229,0.001341778496832815,0.06357791887766813,-0.22779706120491028,0.1336134821176529,0.219355970621109,1.7324696779251099,0.25072795152664185,-0.4759063720703125,-0.8817336559295654,-0.4329984784126282,-1.9197981357574463,0.7874481678009033,1.1269501447677612,-1.289743185043335
0.4551758749999989,0.0034223749999999996,133.0,3.636810207630487,1.098724831866122,1.016326839103994,0.0037703929532807686,-0.0006709012718074839,0.0014121675383488737,0.06360390201298635,-0.22677937150001526,0.13316212594509125,0.21819165349006653,1.7289737462997437,0.25031420588493347,-0.4789872169494629,-0.8843393325805664,-0.42877811193466187,-1.9243519306182861,0.7907514572143555,1.1386929750442505,-1.2905945777893066
0.4551758749999989,0.0034223749999999996,133.0,3.6553538544269557,1.1160840734573656,1.0167271885870448,0.003952336372065075,-0.0007267468899895751,0.0014819498475150345,0.06366011144575967,-0.22544658184051514,0.13290539383888245,0.21801474690437317,1.7277973890304565,0.24887853860855103,-0.48383402824401855,-0.8908743262290955,-0.4265254735946655,-1.9242914915084839,0.7874410152435303,1.144209861755371,-1.2917333841323853
0.4551758749999989,0.0034223749999999996,133.0,3.6732993554726296,1.1328501652543361,1.0175144482184586,0.004179892924770689,-0.0007654367719583541,0.0015484941729929096,0.06368628610815726,-0.22451528906822205,0.13526096940040588,0.22070077061653137,1.7365437746047974,0.2616063356399536,-0.49501967430114746,-0.8949177265167236,-0.43164682388305664,-1.9214493036270142,0.7733871936798096,1.1265151500701904,-1.295274257659912
0.4551758749999989,0.0034223749999999996,133.0,3.6903934219679546,1.1484850400111117,1.0182534715874803,0.00437039587771965,-0.000822279462379717,0.0016152240608691996,0.06372325451790374,-0.2231462299823761,0.13594496250152588,0.22259756922721863,1.742025375366211,0.26744914054870605,-0.5035686492919922,-0.9028477668762207,-0.43566399812698364,-1.9152158498764038,0.7580194473266602,1.1170518398284912,-1.2966785430908203
0.4551758749999989,0.0034223749999999996,133.0,3.7065806633326783,1.1632102151965065,1.0185369245104283,0.004561879751622747,-0.0008687662238012467,0.0016785337932676214,0.06376433339480361,-0.2214420735836029,0.13411185145378113,0.22059455513954163,1.7341059446334839,0.26457223296165466,-0.5063455104827881,-0.9047872424125671,-0.4300554394721985,-1.9188779592514038,0.7617287635803223,1.1376184225082397,-1.2945475578308105
0.4551758749999989,0.0034223749999999996,133.0,3.722068207900573,1.1772050222674157,1.0191642474405138,0.004711791513798192,-0.0009080828048765243,0.0017234599462551212,0.06379900057939332,-0.21970579028129578,0.1328696459531784,0.2192247211933136,1.7286136150360107,0.2649778127670288,-0.5105905532836914,-0.9054551720619202,-0.4264199137687683,-1.9203245639801025,0.7614591121673584,1.1508338451385498,-1.292823314666748
0.4551758749999989,0.0034223749999999996,133.0,3.7365444777038026,1.1903763004932173,1.0197417844003862,0.004845055982426019,-0.0009495745779471218,0.0017601310870102205,0.063838198140815,-0.21730229258537292,0.13317161798477173,0.22163155674934387,1.734605073928833,0.2667385935783386,-0.5211398601531982,-0.916213870048523,-0.43118321895599365,-1.9055761098861694,0.7360262870788574,1.1343967914581299,-1.2939181327819824
0.4551758749999989,0.0034223749999999996,133.0,3.7504499030917424,1.2028569267122298,1.0208698501174576,0.004991609954146093,-0.000991574353577367,0.0017976862479076624,0.06385617608116942,-0.21555235981941223,0.1324663758277893,0.22197458148002625,1.7345472574234009,0.2704213559627533,-0.528127908706665,-0.9190460443496704,-0.43140584230422974,-1.9052530527114868,0.7260651588439941,1.1369794607162476,-1.293664574623108
0.4551758749999989,0.0034223749999999996,133.0,3.7636224302585983,1.2144448153882998,1.0213544101156935,0.005151881967631499,-0.0010126168689261578,0.0018347502715688566,0.06387948913165062,-0.21420449018478394,0.1330866515636444,0.2230229675769806,1.7357585430145264,0.2816028296947479,-0.5378808975219727,-0.9165809750556946,-0.433398962020874,-1.9052623510360718,0.7182636260986328,1.1344925165176392,-1.29290771484375
0.4551758749999989,0.0034223749999999996,133.0,3.775932761105889,1.2255133275122772,1.022411253427611,0.00531431494568466,-0.0010439195583901205,0.0018758769274429233,0.06388856796167122,-0.21368560194969177,0.13583381474018097,0.22665414214134216,1.7461175918579102,0.3022177815437317,-0.5501871109008789,-0.9147458076477051,-0.442290723323822,-1.900467038154602,0.700477123260498,1.1107701063156128,-1.294243574142456
0.4551758749999989,0.0034223749999999996,133.0,3.787269700578525,1.2361331356357652,1.0237254981703057,0.005475497180600824,-0.001070329378842725,0.0019097993281575532,0.06388813044558865,-0.213593989610672,0.1409805566072464,0.23190441727638245,1.762686014175415,0.3237681984901428,-0.5640473365783691,-0.914222002029419,-0.4528185725212097,-1.8944791555404663,0.6764004230499268,1.065886378288269,-1.3000261783599854
0.4551758749999989,0.0034223749999999996,133.0,3.7976821401530154,1.2456278351065286,1.0246118131388773,0.005653743921959897,-0.0011046557794731314,0.0019612736474903937,0.06390327719902915,-0.21349844336509705,0.14455793797969818,0.2357942759990692,1.7736774682998657,0.34289538860321045,-0.5750865936279297,-0.912854790687561,-0.46135300397872925,-1.8891229629516602,0.6584911346435547,1.0354387760162354,-1.3023124933242798
0.4551758749999989,0.0034223749999999996,133.0,3.806433189781951,1.256503492444276,1.0272353403770003,0.005906870674008252,-0.001157980829520673,0.002052042008071961,0.06372897330895243,-0.21562200784683228,0.14836199581623077,0.2327059805393219,1.7716745138168335,0.36552107334136963,-0.5721502304077148,-0.8892592191696167,-0.45343321561813354,-1.9195659160614014,0.6900036334991455,1.038844347000122,-1.3084580898284912
0.4551758749999989,0.0034223749999999996,133.0,3.8152111663826034,1.26445755939468,1.0282236906625528,0.0061818650331856104,-0.0012138867800273194,0.0021381421130519315,0.06372695536835056,-0.2160733938217163,0.15164458751678467,0.23399320244789124,1.7766571044921875,0.38562023639678955,-0.5783796310424805,-0.8800250887870789,-0.4567924737930298,-1.9236488342285156,0.6884455680847168,1.0213532447814941,-1.310051441192627
0.4551758749999989,0.0034223749999999996,133.0,3.8228310601760205,1.2715599651624614,1.028750959319164,0.006604253497279455,-0.0012864874768542566,0.0022649740200901846,0.06373748682428555,-0.2157648801803589,0.15354587137699127,0.23585942387580872,1.781355381011963,0.3978756368160248,-0.585319995880127,-0.8792070150375366,-0.4606172442436218,-1.920022964477539,0.6775391101837158,1.0051155090332031,-1.310842514038086
0.4551758749999989,0.0034223749999999996,133.0,3.829681068789951,1.2779883504379896,1.0296954581974642,0.007306147746059019,-0.0014305462995488592,0.002486948315085606,0.06373667770885615,-0.21597948670387268,0.15636895596981049,0.238398939371109,1.7890759706497192,0.4118864834308624,-0.5918107032775879,-0.8803237676620483,-0.46574532985687256,-1.9137675762176514,0.6637473106384277,0.9786714315414429,-1.3132768869400024
0.4551758749999989,0.0034223749999999996,133.0,3.835650783038658,1.2835344174160108,1.0301013384463689,0.008899370991408653,-0.0017383265460571566,0.002999005730519411,0.06374543815563678,-0.2159515917301178,0.1594846397638321,0.2419385015964508,1.7981969118118286,0.42443138360977173,-0.6006577014923096,-0.889671266078949,-0.47105348110198975,-1.8981424570083618,0.6409003734588623,0.9412732720375061,-1.3168243169784546
0.4551758749999989,0.0034223749999999996,133.0,3.840772408367923,1.288513017686985,1.0309617256423693,0.016550117428314946,-0.0033363892728708214,0.005396796711317125,0.06371821859816738,-0.21563327312469482,0.15744167566299438,0.24586966633796692,1.8024828433990479,0.43206295371055603,-0.6123886108398438,-0.9403485059738159,-0.46776914596557617,-1.8541873693466187,0.5992200374603271,0.9135750532150269,-1.323929786682129
0.4551758749999989,0.0034223749999999996,133.0,3.8592671249561956,-1.216410518502804,0.9539835195709203,-0.014034835877022441,-0.0012673273275421622,-0.00672825138163124,0.067988119041488,-0.027741223573684692,0.167681023478508,-0.14856243133544922,0.9240842461585999,0.35887521505355835,-1.0939738750457764,0.4188755452632904,0.15126055479049683,-0.3993912637233734,0.567559003829956,0.44654396176338196,-1.076626181602478
0.4551758749999989,0.0034223749999999996,133.0,3.8546511341828267,-1.2112764171535113,0.9544117642027538,-0.007572626869752617,-0.0006466297118729166,-0.003653007354463942,0.06794498202095693,-0.029005378484725952,0.17070166766643524,-0.14826112985610962,0.9256231188774109,0.34750115871429443,-1.090256929397583,0.42963454127311707,0.1473235785961151,-0.4004579484462738,0.5957479476928711,0.41171738505363464,-1.0737223625183105
0.4551758749999989,0.0034223749999999996,133.0,3.848957089639751,-1.2056004826149709,0.954315879677548,-0.00622270872535696,-0.000535477787207717,-0.0030013786498617637,0.06792240038642408,-0.030554473400115967,0.171992689371109,-0.14907237887382507,0.926296055316925,0.34654098749160767,-1.0843284130096436,0.4389934241771698,0.14543837308883667,-0.3949122428894043,0.6010215282440186,0.38889914751052856,-1.072338581085205
0.4551758749999989,0.0034223749999999996,133.0,3.8424448801030504,-1.19934697555374,0.9542591923363914,-0.005628399466730836,-0.0004826225408658382,-0.0027149000630879517,0.067910951678936,-0.032306820154190063,0.17243491113185883,-0.15102550387382507,0.9254956841468811,0.35129493474960327,-1.0759873390197754,0.45600181818008423,0.14453062415122986,-0.3863171637058258,0.604466438293457,0.3659386932849884,-1.0705574750900269
0.4551758749999989,0.0034223749999999996,133.0,3.835060825443985,-1.1923713847464115,0.9540156297536297,-0.0052826003693418905,-0.0004746632391770914,-0.0025476764773530295,0.06789515026671639,-0.034092336893081665,0.17254377901554108,-0.1534031629562378,0.9236158132553101,0.3548940420150757,-1.0672414302825928,0.4766122102737427,0.1443089246749878,-0.37421369552612305,0.6070561408996582,0.34089764952659607,-1.068398356437683
0.4551758749999989,0.0034223749999999996,133.0,3.826140125077463,-1.1861972979573692,0.9513574287974268,-0.005038541887378347,-0.0005100682873696886,-0.0024256455874332515,0.06795255324306672,-0.034586191177368164,0.1715763509273529,-0.15573757886886597,0.9192123413085938,0.35576093196868896,-1.061368465423584,0.49798235297203064,0.14519479870796204,-0.356656551361084,0.6065366268157959,0.3192605972290039,-1.0648905038833618
0.4551758749999989,0.0034223749999999996,133.0,3.817128226494107,-1.1779154494767905,0.9511212248279519,-0.004837441848478012,-0.0005168488291044137,-0.0023304541664679506,0.06794086745997259,-0.03696349263191223,0.17104165256023407,-0.15937408804893494,0.9149540066719055,0.36282578110694885,-1.0493223667144775,0.5299298763275146,0.1458459198474884,-0.3384506106376648,0.6099462509155273,0.2860735058784485,-1.061267614364624
0.4551758749999989,0.0034223749999999996,133.0,3.8072636808471416,-1.1684490408688397,0.9509119225786573,-0.004688346872652094,-0.0005077786911590821,-0.0022566720313716426,0.0679293386488545,-0.038540154695510864,0.17103147506713867,-0.1617940068244934,0.9123591780662537,0.3631693124771118,-1.0410552024841309,0.5495012998580933,0.14610600471496582,-0.3243273198604584,0.6107172966003418,0.26148027181625366,-1.0588645935058594
0.4551758749999989,0.0034223749999999996,133.0,3.796403144956726,-1.158158103434011,0.950695124023202,-0.0045550278059364145,-0.0005085964162558096,-0.002189898503108769,0.06791240183430615,-0.04114803671836853,0.17086093127727509,-0.16518613696098328,0.9080715775489807,0.36619022488594055,-1.0288119316101074,0.5798203945159912,0.14659595489501953,-0.30385467410087585,0.6131947040557861,0.22524192929267883,-1.054997205734253
0.4551758749999989,0.0034223749999999996,133.0,3.784981723517777,-1.1474332409830714,0.9505532005079226,-0.004418706961843575,-0.0005194972972195536,-0.0021245722184118298,0.06790240384899775,-0.043282389640808105,0.1702326536178589,-0.16866272687911987,0.903039813041687,0.3696606159210205,-1.0176880359649658,0.6100119948387146,0.14755412936210632,-0.2835378646850586,0.6148674488067627,0.19420751929283142,-1.050891637802124
0.4551758749999989,0.0034223749999999996,133.0,3.772767603127665,-1.1356071273375898,0.950469023243017,-0.004293487923676026,-0.0005135176580264365,-0.00206386704786963,0.06789757018525457,-0.04431578516960144,0.1696590930223465,-0.17130276560783386,0.8974286317825317,0.36501604318618774,-1.0097403526306152,0.6316415667533875,0.14954593777656555,-0.26530617475509644,0.6140813827514648,0.1684059351682663,-1.0472056865692139
0.4551758749999989,0.0034223749999999996,133.0,3.759785323920758,-1.1228874132738016,0.95023869263967,-0.004167285950607649,-0.0005039878836563261,-0.0019994033526877825,0.06789267385320095,-0.04494118690490723,0.16896754503250122,-0.1735857129096985,0.8928603529930115,0.36327141523361206,-1.003859043121338,0.6507792472839355,0.15044331550598145,-0.2483038455247879,0.6118409633636475,0.15058477222919464,-1.0434879064559937
0.4551758749999989,0.0034223749999999996,133.0,3.74624456430288,-1.109343426772375,0.9502295729854952,-0.004056018419051643,-0.0004851422886792531,-0.0019477779249901836,0.06790182648287948,-0.04459875822067261,0.1691461205482483,-0.17436084151268005,0.8895493745803833,0.35521963238716125,-1.000917673110962,0.6555168032646179,0.15125364065170288,-0.23809432983398438,0.6067192554473877,0.1386108696460724,-1.0408742427825928
0.4551758749999989,0.0034223749999999996,133.0,3.731937749713355,-1.095030319618411,0.9501395504030088,-0.003914408480226648,-0.0004647112184476066,-0.0018819711596295913,0.06791593483521328,-0.04223668575286865,0.16753605008125305,-0.17547348141670227,0.8813052773475647,0.346168577671051,-1.0019619464874268,0.662428617477417,0.1554884910583496,-0.2261558622121811,0.5988457202911377,0.1351795792579651,-1.036871075630188
0.4551758749999989,0.0034223749999999996,133.0,3.7164608426419456,-1.0797475694723673,0.9501170126800474,-0.0037358679303110256,-0.0004452912451702446,-0.0018014885821730049,0.06791654141086859,-0.04248160123825073,0.16774268448352814,-0.17654186487197876,0.8771688342094421,0.33966636657714844,-0.9971249103546143,0.6716448068618774,0.1561349630355835,-0.2130570113658905,0.5944805145263672,0.11457537859678268,-1.0332791805267334
0.4551758749999989,0.0034223749999999996,133.0,3.7001397586586906,-1.0635281911336536,0.9501496746542085,-0.0035702811559744072,-0.0004219314405364135,-0.001724671614763986,0.06791738816048573,-0.0422881543636322,0.1683913767337799,-0.17661860585212708,0.8744583129882812,0.33453649282455444,-0.9947731494903564,0.6733997464179993,0.15574759244918823,-0.20410948991775513,0.5886292457580566,0.09977013617753983,-1.0300763845443726
0.4551758749999989,0.0034223749999999996,133.0,3.682960695225704,-1.0467156067505765,0.9502606341524785,-0.0033800539488002533,-0.0004020486867301233,-0.0016394137190916393,0.06791933377496975,-0.042030155658721924,0.1679210513830185,-0.17794707417488098,0.8676332235336304,0.3256559371948242,-0.9907333850860596,0.6856564283370972,0.15803641080856323,-0.18824458122253418,0.5835318565368652,0.07694689184427261,-1.0254831314086914
0.4551758749999989,0.0034223749999999996,133.0,3.665183226465351,-1.0289633035052326,0.950325044126089,-0.0031988342553531187,-0.00037552943516888984,-0.0015596565324761606,0.06793334611569767,-0.03933143615722656,0.16665828227996826,-0.17814376950263977,0.8597443699836731,0.3140532970428467,-0.9939186573028564,0.6869737505912781,0.16174063086509705,-0.17785203456878662,0.573767900466919,0.0707092136144638,-1.021317481994629
0.4551758749999989,0.0034223749999999996,133.0,3.6461674690013894,-1.01017390344018,0.9503496431624039,-0.0030135929862414386,-0.00035554614531235025,-0.0014733559127682113,0.06792452852783759,-0.03975173830986023,0.16749748587608337,-0.17864742875099182,0.8561786413192749,0.30783313512802124,-0.9886448383331299,0.6936379671096802,0.16107872128486633,-0.16368943452835083,0.5675008296966553,0.044992804527282715,-1.016965627670288
0.4551758749999989,0.0034223749999999996,133.0,3.626470868159174,-0.9908297977888604,0.9503626937952012,-0.0028464781155230746,-0.00034085213539586926,-0.001397221083807248,0.06792312923061315,-0.03926330804824829,0.1668548434972763,-0.1800675094127655,0.8476715087890625,0.29727035760879517,-0.9838352203369141,0.7081636190414429,0.16354143619537354,-0.143060564994812,0.5599803924560547,0.01832343451678753,-1.0108582973480225
0.4551758749999989,0.0034223749999999996,133.0,3.605870051313373,-0.970387308269652,0.9504516158546251,-0.0026282619462450344,-0.00030881102359591996,-0.0012977469092870732,0.06792547291262575,-0.03790801763534546,0.16641880571842194,-0.1804286539554596,0.8402301669120789,0.2867283225059509,-0.9824507236480713,0.7142247557640076,0.16545596718788147,-0.12757238745689392,0.5505218505859375,7.808580994606018e-5,-1.0052751302719116
0.4551758749999989,0.0034223749999999996,133.0,3.5844007906652346,-0.950046253861813,0.9507085702425327,-0.00241159198476697,-0.00029505584080820904,-0.0011958960474066532,0.06792074133437054,-0.038778066635131836,0.1635339856147766,-0.18438637256622314,0.8229993581771851,0.28853416442871094,-0.971796989440918,0.7574914693832397,0.1706889569759369,-0.08962852507829666,0.545874834060669,-0.03995848447084427,-0.9933214783668518
0.4551758749999989,0.0034223749999999996,133.0,3.5622059858195327,-0.9280895832357244,0.9507083288720208,-0.002206567169771046,-0.0002692217951653555,-0.0010999528400899318,0.06792047351659511,-0.037395358085632324,0.16315746307373047,-0.18462899327278137,0.8156711459159851,0.27552178502082825,-0.9700644016265869,0.762027382850647,0.17257505655288696,-0.07457983493804932,0.535304069519043,-0.058531589806079865,-0.9878118634223938
0.4551758749999989,0.0034223749999999996,133.0,3.538779541918194,-0.9050183298888271,0.9506512743498601,-0.0020036627532864044,-0.0002419570104313526,-0.0010034661677442566,0.06790629178675678,-0.03696054220199585,0.16239693760871887,-0.1857961118221283,0.805786669254303,0.26333481073379517,-0.9644794464111328,0.776992678642273,0.17499446868896484,-0.05109165236353874,0.5259361267089844,-0.08744575828313828,-0.9802745580673218
0.4551758749999989,0.0034223749999999996,133.0,3.514624702658801,-0.8809216545991964,0.9504182436402091,-0.0018406782378093112,-0.000222332784570883,-0.0009266024296799124,0.06788891656045744,-0.036294400691986084,0.1646910458803177,-0.1847059428691864,0.805202066898346,0.2500162422657013,-0.9607985019683838,0.7669260501861572,0.17234396934509277,-0.042376648634672165,0.5133273601531982,-0.11108794808387756,-0.9768420457839966
0.4551758749999989,0.0034223749999999996,133.0,3.489653024847164,-0.8561880813267017,0.950457376516585,-0.0016405532061037457,-0.00019324022670550085,-0.0008336582355972828,0.06788098588703448,-0.03542214632034302,0.1653018742799759,-0.18496477603912354,0.7964323163032532,0.23548384010791779,-0.9558401107788086,0.7714078426361084,0.17315375804901123,-0.019481787458062172,0.5004711151123047,-0.14311672747135162,-0.9687385559082031
0.4551758749999989,0.0034223749999999996,133.0,3.463709740058554,-0.8308945340580144,0.9506509482217329,-0.0014557276290494841,-0.00017276389770124373,-0.000746656537700214,0.06786163895725457,-0.03491750359535217,0.16423773765563965,-0.1871337592601776,0.77839595079422,0.22079898416996002,-0.9461226463317871,0.7950133085250854,0.17736217379570007,0.021351370960474014,0.48697519302368164,-0.18918757140636444,-0.9548092484474182
0.4551758749999989,0.0034223749999999996,133.0,3.4372073055696113,-0.805262162902453,0.9507713735952642,-0.001273642041701479,-0.00015472899639131925,-0.0006576480771120853,0.0678473871338189,-0.03453579545021057,0.16126222908496857,-0.19042745232582092,0.7521084547042847,0.20929712057113647,-0.9343838691711426,0.8332871794700623,0.18412676453590393,0.07697390019893646,0.4725496768951416,-0.2394562065601349,-0.9352490305900574
0.4551758749999989,0.0034223749999999996,133.0,3.4097505188569825,-0.7784052546603109,0.9508270993301728,-0.0011230452908288404,-0.00013606525267802398,-0.0005843662576935058,0.06782651160595281,-0.03446391224861145,0.15822571516036987,-0.19438356161117554,0.71122145652771,0.1858445256948471,-0.9014880657196045,0.8773894906044006,0.194542795419693,0.12455082684755325,0.46089839935302734,-0.2772103250026703,-0.9048912525177002
0.4551758749999989,0.0034223749999999996,133.0,3.3816431627378116,-0.7507719898519967,0.9508704855394922,-0.0009889755676907937,-0.00011814801331544588,-0.0005186198068008373,0.06781134361566021,-0.034217268228530884,0.1539458930492401,-0.19764217734336853,0.6597063541412354,0.1575394570827484,-0.8615546226501465,0.9218947887420654,0.20773017406463623,0.1786191612482071,0.4485931396484375,-0.3026198148727417,-0.8667528629302979
0.4551758749999989,0.0034223749999999996,133.0,3.3524129402434064,-0.7222974259894528,0.9509121233552704,-0.0008161092285877709,-9.710886280803551e-5,-0.00043000476936290845,0.06778176027788603,-0.034955233335494995,0.1485564410686493,-0.19891132414340973,0.5980207324028015,0.12764626741409302,-0.8103969097137451,0.9637959599494934,0.22215521335601807,0.23646330833435059,0.43854689598083496,-0.3019005060195923,-0.8197876811027527
0.4551758749999989,0.0034223749999999996,133.0,3.322530109977919,-0.6932295248663367,0.9509703097128728,-0.0006847649682410394,-8.316187529342225e-5,-0.00036253710524447293,0.06775343837238397,-0.03684636950492859,0.1423509120941162,-0.1969355046749115,0.5269385576248169,0.0922585129737854,-0.739980936050415,0.9936562180519104,0.23943987488746643,0.29245439171791077,0.43507814407348633,-0.2627469301223755,-0.7664453983306885
0.4551758749999989,0.0034223749999999996,133.0,3.2915702740404953,-0.6628880662333183,0.9509907085044962,-0.000513754518481707,-6.212614423933633e-5,-0.0002741089343221449,0.06771591220798027,-0.0391925573348999,0.13645042479038239,-0.1904846727848053,0.44945016503334045,0.05171312391757965,-0.6470813751220703,0.9971966743469238,0.2602795362472534,0.33023497462272644,0.44629621505737305,-0.17045696079730988,-0.7104324698448181
0.4551758749999989,0.0034223749999999996,133.0,3.2602116861202033,-0.631576571673551,0.9505796130614115,-0.0003226171324016099,-3.888174033660335e-5,-0.0001729181591241457,0.06769169330270686,-0.09669750928878784,0.1697801947593689,-0.1574864387512207,0.4483231008052826,0.06406959146261215,-0.6060583591461182,0.5617222785949707,0.41090628504753113,0.116831474006176,0.8910379409790039,-0.08980387449264526,-0.8627911806106567
0.4551758749999989,0.0034223749999999996,133.0,3.2279497854615933,-0.59946837662915,0.9501951254917107,-0.00015077295094031418,-1.842453516482106e-5,-8.115496378535647e-5,0.06766401086980169,-0.10457539558410645,0.16002808511257172,-0.15076595544815063,0.3582342267036438,0.06326858699321747,-0.44567012786865234,0.5589939951896667,0.42681580781936646,0.17232337594032288,0.9736189842224121,0.035789795219898224,-0.789121150970459
0.4551758749999989,0.0034223749999999996,133.0,3.194906183330843,-0.5671954841090643,0.9500900818403724,1.6716410527776863e-5,2.1251414503458067e-6,9.034535827074678e-6,0.06764175320652825,-0.11147332191467285,0.15022225677967072,-0.1458568572998047,0.2776511013507843,0.07443848997354507,-0.26404380798339844,0.5384215116500854,0.4510016441345215,0.21201229095458984,1.037113904953003,0.13268859684467316,-0.7331622838973999
0.4551758749999989,0.0034223749999999996,133.0,3.1609970008996067,-0.5335794219156162,0.9497035299994712,0.00018469546487949825,2.412604603172279e-5,9.989840750162305e-5,0.06762066110099259,-0.11585018038749695,0.1456909030675888,-0.1463976502418518,0.2261924147605896,0.09456227719783783,-0.09421634674072266,0.4960434138774872,0.45681267976760864,0.23625750839710236,1.066849946975708,0.14568433165550232,-0.6878095269203186
0.4551758749999989,0.0034223749999999996,133.0,3.1260912688858618,-0.4986461303922206,0.9490180152040666,0.00036677990934994703,4.887483806599296e-5,0.0001984660775719507,0.06759571563516548,-0.11295464634895325,0.14382976293563843,-0.15299978852272034,0.21645304560661316,0.10997147858142853,-0.06761503219604492,0.4875362813472748,0.4371621906757355,0.3070064187049866,1.0425541400909424,0.10312216728925705,-0.6582791805267334
0.4551758749999989,0.0034223749999999996,133.0,3.0903888896032314,-0.4632876020947112,0.9486472879464471,0.0005099418532721186,6.987426691641931e-5,0.00027639271432783146,0.0675734418721223,-0.11193755269050598,0.14167585968971252,-0.15669474005699158,0.2042752504348755,0.12097431719303131,-0.03903627395629883,0.4889095723628998,0.43084239959716797,0.3563954830169678,1.030836820602417,0.08055923134088516,-0.6397109627723694
0.4551758749999989,0.0034223749999999996,133.0,3.0538728271790965,-0.42711108818679794,0.9482774952664739,0.0006713814494554352,9.46025976445743e-5,0.0003644915764142521,0.06755125662280595,-0.11186599731445312,0.14029820263385773,-0.15933692455291748,0.19521354138851166,0.12803566455841064,-0.01538395881652832,0.4951183497905731,0.42729049921035767,0.3937777578830719,1.0245988368988037,0.06418687105178833,-0.6270658373832703
0.4551758749999989,0.0034223749999999996,133.0,3.016591548791909,-0.3901353153841163,0.9479096374263972,0.0008433366482881292,0.0001222270658559998,0.0004584376374110879,0.06753033718711145,-0.1121293306350708,0.13927805423736572,-0.16128239035606384,0.18782567977905273,0.131866455078125,0.00484776496887207,0.504600465297699,0.4253084659576416,0.4253426492214203,1.0205295085906982,0.05154125392436981,-0.6176760196685791
0.4551758749999989,0.0034223749999999996,133.0,2.978587042099346,-0.35239844394135955,0.947501050645522,0.001038610207292785,0.0001551007148801261,0.000565183475694561,0.06751179548994675,-0.11216315627098083,0.13816654682159424,-0.16314512491226196,0.18109148740768433,0.13271792232990265,0.0227510929107666,0.5153341889381409,0.42377912998199463,0.4549441337585449,1.0157735347747803,0.04182622581720352,-0.6093868017196655
0.4551758749999989,0.0034223749999999996,133.0,2.9397948006407826,-0.3138459709383569,0.9471042648580955,0.001224029386740852,0.00018799885032640048,0.0006664177758918604,0.0674950903639215,-0.11209550499916077,0.1370515078306198,-0.1651131808757782,0.1744975745677948,0.1322338581085205,0.03972220420837402,0.5267218947410583,0.4224259555339813,0.48387017846107483,1.0106823444366455,0.03327149152755737,-0.6014096736907959
0.4551758749999989,0.0034223749999999996,133.0,2.9000065147795757,-0.27494087638083187,0.9468777355980792,0.0013439513738089013,0.00021702231606724107,0.0007316801715636009,0.06747728644504439,-0.11298355460166931,0.13400398194789886,-0.16598090529441833,0.15946993231773376,0.13947129249572754,0.06870818138122559,0.5435473322868347,0.43243199586868286,0.5312819480895996,1.0065515041351318,0.02701663039624691,-0.596332848072052
0.4551758749999989,0.0034223749999999996,133.0,2.8593711599461615,-0.23466976224663164,0.9464933367637873,0.0014973789336567588,0.00024898354086068603,0.0008166835915498543,0.06745599372724038,-0.1141062080860138,0.13359884917736053,-0.16780853271484375,0.15352310240268707,0.14050434529781342,0.08457541465759277,0.5588510632514954,0.432411253452301,0.5541943311691284,1.006714105606079,0.022449297830462456,-0.5903810262680054
0.4551758749999989,0.0034223749999999996,133.0,2.8176380856384786,-0.19278918151301608,0.9456467558794865,0.0016466892931111467,0.00027995730421566595,0.0009010708584359569,0.0674212561522493,-0.11573195457458496,0.13623866438865662,-0.17153143882751465,0.16107973456382751,0.13569144904613495,0.08307886123657227,0.5734908580780029,0.4189731180667877,0.5636069774627686,1.0104501247406006,0.01093246228992939,-0.5845782160758972
0.4551758749999989,0.0034223749999999996,133.0,2.7764336882873857,-0.14984341481694485,0.9479779955137437,0.0017872681671348661,0.00029455191190386464,0.0009851919457354726,0.06734752137373097,-0.11500781774520874,0.13416403532028198,-0.17351317405700684,0.1451123207807541,0.1318158656358719,0.10329556465148926,0.5786886811256409,0.42277294397354126,0.5737301707267761,1.0093867778778076,0.018949339166283607,-0.5723471641540527
0.4551758749999989,0.0034223749999999996,133.0,2.732797079134884,-0.10710882924829569,0.9475183120284673,0.0018826080589721171,0.0003340736141103535,0.0010417662343518215,0.06730177391245341,-0.11726689338684082,0.1265600025653839,-0.17346352338790894,0.11306098103523254,0.15517228841781616,0.1424708366394043,0.6113303303718567,0.45600011944770813,0.6522483229637146,1.0045890808105469,0.03256716579198837,-0.5733758211135864
0.4551758749999989,0.0034223749999999996,133.0,2.686014853540515,-0.06256817959962854,0.9478353372284798,0.0018529756664593027,0.0003422797850442165,0.0010501722369373266,0.06718879567998302,-0.15043747425079346,0.152981236577034,-0.17335516214370728,0.15790048241615295,0.1878332942724228,0.16255640983581543,0.658225417137146,0.4420033097267151,0.5386433601379395,1.1878576278686523,-0.019525643438100815,-0.6051281690597534
0.4551758749999989,0.0034223749999999996,133.0,2.6316037679706104,-0.0038171113661514275,0.9450230623296265,0.0017391394135707436,1.1619654780847278e-6,0.0010839276484281733,0.06671857070791834,-0.23900863528251648,0.28935471177101135,-0.15608584880828857,0.4450865387916565,0.016568545252084732,0.28005456924438477,-0.119630828499794,0.5955001711845398,-1.4354143142700195,2.0860018730163574,-0.3101885914802551,-1.043660283088684
0.4551758749999989,0.0034223749999999996,133.0,2.569405026126849,0.040995668475097044,0.9466167925025366,0.00010443542401962429,-6.970271912561664e-6,6.79435125525174e-5,0.0656102488182022,-0.37867048382759094,0.17675437033176422,-0.13449594378471375,0.8831497430801392,-0.5530087947845459,0.7691327333450317,0.6362115144729614,0.14666542410850525,-1.537078619003296,2.2908401489257812,-0.16749094426631927,-1.0292580127716064
0.4551758749999989,0.0034223749999999996,133.0,2.608274189393004,0.07061520912030719,0.9504714095115575,-0.0017605346627885521,-8.844997586944183e-5,-0.0011191104198996647,0.0650975061876765,-0.3868781626224518,0.18477876484394073,-0.08264976739883423,1.168891191482544,-0.5707327723503113,0.7594863176345825,0.4390827417373657,0.10243606567382812,-1.663209319114685,2.2337002754211426,0.06116844713687897,-1.2715237140655518
0.4551758749999989,0.0034223749999999996,133.0,2.638369951452953,0.12286630341829613,0.9640974183064128,-0.002061585514930284,0.00023082434928398685,-0.001214733504242468,0.06396703725766051,-0.4569988548755646,0.219887837767601,0.023267656564712524,1.579904556274414,-1.0573405027389526,0.7934587001800537,-0.19995859265327454,0.2979922890663147,-1.970224380493164,2.2156200408935547,0.4181395173072815,-1.8789536952972412
0.4551758749999989,0.0034223749999999996,133.0,2.6729741479660944,0.17291983730792984,0.9728505524040189,-0.0021078973928628617,0.0003747140674490064,-0.0011607295484395257,0.06332932474417328,-0.4865513741970062,0.24188394844532013,0.054903239011764526,1.6574804782867432,-1.3558546304702759,0.8170084953308105,-0.35231053829193115,0.42022231221199036,-2.0689697265625,2.164656639099121,0.3963293731212616,-2.0794408321380615
0.4551758749999989,0.0034223749999999996,133.0,2.714258719740351,0.21836756637571003,0.9758347914259347,-0.0020084988207917267,0.0003654365859653742,-0.0010702362138286653,0.06319027182605634,-0.48658207058906555,0.24496982991695404,0.0685284435749054,1.720430850982666,-1.3390263319015503,0.8147348165512085,-0.3190407454967499,0.380685031414032,-2.0800321102142334,2.0999484062194824,0.4556598663330078,-2.102961540222168
0.4551758749999989,0.0034223749999999996,133.0,2.755623344171751,0.26169308566395694,0.9776929182357103,-0.0018490957965681704,0.00033964598481379656,-0.0009625816020841024,0.06312873557941398,-0.4860908091068268,0.2467077225446701,0.08199378848075867,1.7698488235473633,-1.356278419494629,0.8083484172821045,-0.3262183368206024,0.3620142340660095,-2.06787109375,2.031553268432617,0.5120453834533691,-2.1336722373962402
0.4551758749999989,0.0034223749999999996,133.0,2.796529827540913,0.3035934045438763,0.9788184006304362,-0.0016466363283193673,0.00029859550145788804,-0.0008415716130768652,0.06312290731388352,-0.4920344650745392,0.24959218502044678,0.08406272530555725,1.7670542001724243,-1.4124531745910645,0.8399578332901001,-0.29083067178726196,0.3855731785297394,-2.0799503326416016,2.017615795135498,0.5376092195510864,-2.15480637550354
0.4551758749999989,0.0034223749999999996,133.0,2.836477622788712,0.3445891679307749,0.9791162934563034,-0.001554008062314883,0.0002724984647249878,-0.0007863751033060413,0.0631201150940826,-0.49274125695228577,0.2511696219444275,0.09168723225593567,1.79344642162323,-1.4246922731399536,0.8484208583831787,-0.26370200514793396,0.37395399808883667,-2.078941583633423,1.9742465019226074,0.5848183631896973,-2.169689893722534
0.4551758749999989,0.0034223749999999996,133.0,2.8759064146831235,0.38480713139867656,0.9802983091801539,-0.0013358167183215436,0.00022958003684257742,-0.0006629364037197226,0.06308424354349774,-0.49507519602775574,0.2524907886981964,0.09859225153923035,1.8172723054885864,-1.4474047422409058,0.8601278066635132,-0.23994332551956177,0.3669491410255432,-2.0799977779388428,1.9356794357299805,0.6263628602027893,-2.1866421699523926
0.4551758749999989,0.0034223749999999996,133.0,2.9145966175608695,0.42410205181005073,0.9816727674255732,-0.0011681666254039148,0.0001963984226889537,-0.0005675779902298902,0.06305935682520444,-0.49410828948020935,0.25310218334198,0.11031463742256165,1.865946888923645,-1.4383922815322876,0.8526337146759033,-0.22715303301811218,0.333828330039978,-2.075662612915039,1.877181053161621,0.6841630935668945,-2.2021024227142334
0.4551758749999989,0.0034223749999999996,133.0,2.9521460617410837,0.46257323953985946,0.9825791934076575,-0.0009533013047338853,0.0001569312279766327,-0.0004556536265219296,0.06304245237954549,-0.4957728683948517,0.253997266292572,0.11724057793617249,1.8886213302612305,-1.4594368934631348,0.8585344552993774,-0.20357654988765717,0.32461631298065186,-2.0783729553222656,1.8363699913024902,0.7321775555610657,-2.2156996726989746
0.4551758749999989,0.0034223749999999996,133.0,2.9889010070692503,0.5001578445217877,0.9834686748024066,-0.0007613330795771751,0.00012263391996224012,-0.00035819923251416034,0.06302741721692702,-0.497105211019516,0.25468143820762634,0.1238873302936554,1.910507321357727,-1.4759920835494995,0.8619728088378906,-0.1807735413312912,0.31343257427215576,-2.0799002647399902,1.7971539497375488,0.7799965143203735,-2.2265093326568604
0.4551758749999989,0.0034223749999999996,133.0,3.024824187529421,0.5368736077689652,0.9842908072456001,-0.0005769036474988187,9.082680180937526e-5,-0.0002674826011186457,0.06301319436612567,-0.49814561009407043,0.25517162680625916,0.1299913227558136,1.9309606552124023,-1.4876325130462646,0.8634421825408936,-0.15846581757068634,0.30059418082237244,-2.080474615097046,1.7607660293579102,0.8262336850166321,-2.2342121601104736
0.4551758749999989,0.0034223749999999996,133.0,3.059934107412228,0.5727063800124349,0.9850159939084941,-0.00039765603358646193,6.110587270319113e-5,-0.00018195961960144687,0.06300137187475666,-0.49881383776664734,0.2554638683795929,0.13563033938407898,1.9499424695968628,-1.4939332008361816,0.8622819185256958,-0.1374201476573944,0.2859995365142822,-2.0794999599456787,1.7269134521484375,0.8715364336967468,-2.238663911819458
0.4551758749999989,0.0034223749999999996,133.0,3.094188825467595,0.6076860914506951,0.9857074138923797,-0.00022362397337981346,3.354536566375219e-5,-0.000101126398752838,0.06298761275710035,-0.4987686574459076,0.2552744746208191,0.1409454047679901,1.9674599170684814,-1.4935210943222046,0.8562750816345215,-0.11883559823036194,0.2683471739292145,-2.0785231590270996,1.6934924125671387,0.9199560880661011,-2.2385666370391846
0.4551758749999989,0.0034223749999999996,133.0,3.1268258028311204,0.6419847194661195,0.9856410263430838,-6.673872881960978e-5,9.773604209965224e-6,-3.0099982806401465e-5,0.06298228001343267,-0.5010507106781006,0.2557699680328369,0.14184746146202087,1.9577797651290894,-1.521660566329956,0.869495153427124,-0.08739988505840302,0.2737318277359009,-2.09614896774292,1.6749563217163086,0.9674586653709412,-2.234569787979126
0.4551758749999989,0.0034223749999999996,133.0,3.1586426290577823,0.6754881474667797,0.9861141600764833,0.0001444086624754377,-2.095122340603445e-5,6.463479346020161e-5,0.06295419813933173,-0.5013769865036011,0.25498679280281067,0.14547798037528992,1.9592922925949097,-1.5349280834197998,0.8666894435882568,-0.07692350447177887,0.26631805300712585,-2.1105239391326904,1.6449246406555176,1.0253005027770996,-2.22880220413208
0.4551758749999989,0.0034223749999999996,133.0,3.1915204864565347,0.7057778385859297,0.985014976409136,0.00034104646621169757,-4.794751562101158e-5,0.00014945626047127323,0.06311639023561723,-0.4788496196269989,0.24163223803043365,0.15704253315925598,1.9744950532913208,-1.4634597301483154,0.7684993743896484,-0.1337362825870514,0.20304152369499207,-2.0391714572906494,1.517754316329956,1.1639856100082397,-2.180027961730957
0.4551758749999989,0.0034223749999999996,133.0,3.221988035828637,0.7374134093939093,0.9856019835790465,0.000540366871231878,-7.520493723891704e-5,0.0002342472673403644,0.06310703767146786,-0.4471816122531891,0.2204010933637619,0.16458579897880554,1.950927495956421,-1.3539388179779053,0.672002911567688,-0.19956611096858978,0.13383328914642334,-1.9323631525039673,1.3629889488220215,1.3130942583084106,-2.0861129760742188
0.4551758749999989,0.0034223749999999996,133.0,3.25285559775206,0.7678384439564441,0.9871162943368916,0.0007786731071390027,-0.00010590371402568866,0.0003303843937039741,0.06308689515339269,-0.4144914448261261,0.20103925466537476,0.17503932118415833,1.9487489461898804,-1.1996288299560547,0.5515422821044922,-0.26387131214141846,0.03836587071418762,-1.8284772634506226,1.2078983783721924,1.4388076066970825,-1.9871666431427002
0.4551758749999989,0.0034223749999999996,133.0,3.283147223683619,0.7971956068824751,0.9883145760771849,0.0009497965060501389,-0.00012572164594940486,0.0003952760073489034,0.06309629507750396,-0.37998905777931213,0.18145020306110382,0.18331626057624817,1.9240078926086426,-1.0422945022583008,0.4231071472167969,-0.3305104374885559,-0.04707759618759155,-1.7109798192977905,1.051194190979004,1.5401147603988647,-1.8756775856018066
0.4551758749999989,0.0034223749999999996,133.0,3.312747030686768,0.8256673919242854,0.9901086799833239,0.0011680321399783538,-0.00015731520032575058,0.00047763872693947114,0.0630956250900142,-0.3133256137371063,0.15221421420574188,0.2046743929386139,1.825066089630127,-0.004407105036079884,-0.15482425689697266,-0.6959298849105835,-0.3508949279785156,-2.207658052444458,1.241614818572998,1.19851553440094,-1.4657840728759766
0.4551758749999989,0.0034223749999999996,133.0,3.3413536041598393,0.8531262651351276,0.9908134666816539,0.0013323627990509302,-0.00018400445601618283,0.0005432116955469943,0.06314886686565042,-0.28641095757484436,0.1414380818605423,0.2078811228275299,1.7861682176589966,0.050815481692552567,-0.24665522575378418,-0.756962239742279,-0.3787083625793457,-2.0960662364959717,1.098555564880371,1.2072043418884277,-1.3984370231628418
0.4551758749999989,0.0034223749999999996,133.0,3.3696005141077285,0.8796452819183175,0.9919838499073371,0.001516614218237775,-0.00021445336245250462,0.0006136278917611758,0.06319202532672456,-0.2660386264324188,0.13509601354599,0.211141437292099,1.7575103044509888,0.10415676236152649,-0.3184802532196045,-0.7959915995597839,-0.40101367235183716,-2.010897159576416,0.986285924911499,1.1892203092575073,-1.346984624862671
0.4551758749999989,0.0034223749999999996,133.0,3.3974150287053635,0.9051714071597428,0.9928640120442389,0.0017364948229562957,-0.000247276833277906,0.0006980395103618507,0.06325407457366274,-0.2479078471660614,0.12997907400131226,0.2115980088710785,1.7214161157608032,0.1595858633518219,-0.38033342361450195,-0.8134739398956299,-0.4140331745147705,-1.9402060508728027,0.9000530242919922,1.1650878190994263,-1.297613263130188
0.4551758749999989,0.0034223749999999996,133.0,3.4240411230833323,0.930039463475629,0.9938563774540599,0.001961496485629897,-0.0002832716061141513,0.0007791910834268572,0.06329716227927601,-0.23915866017341614,0.12954851984977722,0.214595228433609,1.7158386707305908,0.18753886222839355,-0.41434144973754883,-0.8338566422462463,-0.42359262704849243,-1.9071052074432373,0.8453023433685303,1.134651780128479,-1.2822670936584473
0.4551758749999989,0.0034223749999999996,133.0,3.449692256489862,0.9539519026802769,0.9946016309667515,0.0022074848873810393,-0.0003287711184906272,0.0008731600873272789,0.06335562016532324,-0.23574653267860413,0.12787020206451416,0.21264567971229553,1.7082558870315552,0.19313384592533112,-0.4214181900024414,-0.8434407114982605,-0.42014479637145996,-1.9179025888442993,0.8407440185546875,1.154643177986145,-1.2783470153808594
0.4551758749999989,0.0034223749999999996,133.0,3.474446677134609,0.9771206252875533,0.9952348813201699,0.0023873657065062244,-0.0003646620918368184,0.000942153662988039,0.06341482298380857,-0.23335230350494385,0.12842842936515808,0.21337172389030457,1.710135817527771,0.20930300652980804,-0.43350648880004883,-0.8481727242469788,-0.4229268431663513,-1.9241063594818115,0.8302843570709229,1.1556857824325562,-1.2775280475616455
0.4551758749999989,0.0034223749999999996,133.0,3.4981860570635277,0.9995122538303141,0.9957825117953188,0.0026195611772459465,-0.00040411746259883853,0.0010267275261396265,0.06346776098737361,-0.23146682977676392,0.12905168533325195,0.21421238780021667,1.712476134300232,0.22212174534797668,-0.4443204402923584,-0.8528721332550049,-0.42507678270339966,-1.927664041519165,0.8212075233459473,1.1561347246170044,-1.27777898311615
0.4551758749999989,0.0034223749999999996,133.0,3.5214455743180175,1.0209847942639316,0.9966024266692428,0.002852603322537124,-0.0004517390783792732,0.0011138227851932522,0.06351717745187883,-0.2298295795917511,0.12986735999584198,0.21488526463508606,1.7149913311004639,0.22813640534877777,-0.4529273509979248,-0.8589220643043518,-0.4251832962036133,-1.9287523031234741,0.8130893707275391,1.153787612915039,-1.2802224159240723
0.4551758749999989,0.0034223749999999996,133.0,3.543583909334139,1.041780788203985,0.9971950983200882,0.0031005925988796678,-0.0004966468872951025,0.0012025766443830416,0.06355985179439386,-0.22853681445121765,0.13148286938667297,0.2154121696949005,1.7178854942321777,0.23680825531482697,-0.46144938468933105,-0.8608691692352295,-0.4246372580528259,-1.9320868253707886,0.8084228038787842,1.1482568979263306,-1.2837083339691162
0.4551758749999989,0.0034223749999999996,133.0,3.5654716605096017,1.061440442469875,0.9986165316631488,0.003351324885790016,-0.0005570025618991791,0.0012865220184630692,0.06358461016393083,-0.22723296284675598,0.13072548806667328,0.21549919247627258,1.7176975011825562,0.23382307589054108,-0.4660301208496094,-0.8715556263923645,-0.42341136932373047,-1.928980827331543,0.8018209934234619,1.1549400091171265,-1.2847776412963867
0.4551758749999989,0.0034223749999999996,133.0,3.5859565512319276,1.0806763749147703,0.9998063410077785,0.0035467773236529184,-0.0005988126826112351,0.0013475767868685678,0.06361209076397172,-0.22631102800369263,0.13323120772838593,0.21906927227973938,1.7296044826507568,0.24745704233646393,-0.47846364974975586,-0.8795448541641235,-0.43092435598373413,-1.9227806329727173,0.7825043201446533,1.132792353630066,-1.289029598236084
0.4551758749999989,0.0034223749999999996,133.0,3.605765207819528,1.098854306976447,1.0008131484624097,0.003767933307822625,-0.0006459789994473152,0.001417960715835582,0.06363731850373669,-0.22533074021339417,0.1327989548444748,0.2179214060306549,1.7261625528335571,0.24697096645832062,-0.48134398460388184,-0.8821832537651062,-0.4266688823699951,-1.9273202419281006,0.7858784198760986,1.1441819667816162,-1.2899678945541382
0.4551758749999989,0.0034223749999999996,133.0,3.6242037630271406,1.116279075791496,1.0011469596479632,0.003953582985650728,-0.0006938775460395961,0.0014824357631407323,0.06369085808526914,-0.22389712929725647,0.133688822388649,0.21960130333900452,1.7308470010757446,0.2481493353843689,-0.4895944595336914,-0.8920878767967224,-0.4283031225204468,-1.9216607809066772,0.7726871967315674,1.1351205110549927,-1.292964220046997
0.4551758749999989,0.0034223749999999996,133.0,3.642246922388249,1.1329555617054217,1.0019451463820406,0.00417692700148092,-0.0007382893607108393,0.001555368372065794,0.06372079205546989,-0.2230718433856964,0.1348394900560379,0.22042229771614075,1.7335177659988403,0.25791361927986145,-0.4972248077392578,-0.8927828669548035,-0.4293980002403259,-1.9242041110992432,0.7686247825622559,1.1320499181747437,-1.2945728302001953
0.4551758749999989,0.0034223749999999996,133.0,3.6593265974281497,1.1486122818959767,1.002674638752169,0.004367272114490317,-0.0007939178627063002,0.0016227805570869832,0.06375793418054321,-0.22172892093658447,0.13552738726139069,0.22230800986289978,1.7389674186706543,0.26365047693252563,-0.5056746006011963,-0.9005687832832336,-0.43331289291381836,-1.9180048704147339,0.7534325122833252,1.1224628686904907,-1.2960460186004639
0.4551758749999989,0.0034223749999999996,133.0,3.675497970657844,1.1633541384458228,1.0029547691970122,0.004558734254676147,-0.0008390877191204938,0.0016865405263982057,0.06379865860629634,-0.22005072236061096,0.13370712101459503,0.22030290961265564,1.7310463190078735,0.2607569694519043,-0.5083127021789551,-0.9024403691291809,-0.42763739824295044,-1.9217443466186523,0.75730299949646,1.142878770828247,-1.2939796447753906
0.4551758749999989,0.0034223749999999996,133.0,3.690984529956717,1.1773603872592704,1.003589182698253,0.0047086555495369905,-0.0008775182803754936,0.0017314409451872129,0.06383374062769502,-0.21834337711334229,0.13247773051261902,0.21894028782844543,1.7255871295928955,0.2611122131347656,-0.5124256610870361,-0.903022050857544,-0.423956036567688,-1.9232373237609863,0.757148265838623,1.1558973789215088,-1.2923355102539062
0.4551758749999989,0.0034223749999999996,133.0,3.705442798813265,1.1905373177011402,1.0041520602625593,0.004841770240517431,-0.0009183231420117691,0.0017687589841755265,0.06387295726863196,-0.21584102511405945,0.13225901126861572,0.22051343321800232,1.7290332317352295,0.2598787248134613,-0.5214757919311523,-0.9133914709091187,-0.4264566898345947,-1.9100971221923828,0.7351405620574951,1.1447020769119263,-1.2931879758834839
0.4551758749999989,0.0034223749999999996,133.0,3.7193320947556914,1.2030295997496179,1.005273133935379,0.0049883498954610495,-0.0009595788664464874,0.001806811560440767,0.06389023697053584,-0.21425238251686096,0.13209140300750732,0.22167852520942688,1.7315715551376343,0.26642388105392456,-0.529827356338501,-0.9163901209831238,-0.42877882719039917,-1.9085144996643066,0.7221529483795166,1.1418808698654175,-1.2933895587921143
0.4551758749999989,0.0034223749999999996,133.0,3.732532619372033,1.2145955486467888,1.0057548067689897,0.005148496616680952,-0.0009794686533930968,0.0018437933198090773,0.06391445654284975,-0.21291238069534302,0.13269953429698944,0.2227555811405182,1.7327896356582642,0.2774377763271332,-0.5395205020904541,-0.9139834642410278,-0.43076062202453613,-1.9084272384643555,0.7142941951751709,1.1392699480056763,-1.292649507522583
0.4551758749999989,0.0034223749999999996,133.0,3.744861255926242,1.2256361848479853,1.0067852203923044,0.00531071042872931,-0.0010097005336690424,0.0018852593368436786,0.06392424822107025,-0.21229287981987,0.13496816158294678,0.22534140944480896,1.7399626970291138,0.29558905959129333,-0.5503735542297363,-0.9106220006942749,-0.4367924928665161,-1.9067074060440063,0.7017755508422852,1.1221811771392822,-1.2937195301055908
0.4551758749999989,0.0034223749999999996,133.0,3.756225318243625,1.2362118903512191,1.0080627244938563,0.005471512826722627,-0.0010350824885492053,0.001919851392889951,0.06392461968930827,-0.21227648854255676,0.14052629470825195,0.23166856169700623,1.759523630142212,0.31920313835144043,-0.5657074451446533,-0.9118392467498779,-0.45008164644241333,-1.8973939418792725,0.6722643375396729,1.0706809759140015,-1.2996735572814941
0.4551758749999989,0.0034223749999999996,133.0,3.7665988001176776,1.2457011242817562,1.0088212038662796,0.005654201162682874,-0.0010579898710247652,0.0019653732739559207,0.06393768682957826,-0.212141215801239,0.14404219388961792,0.23549363017082214,1.7700804471969604,0.3382083475589752,-0.576784610748291,-0.9100913405418396,-0.45837289094924927,-1.8922970294952393,0.6547305583953857,1.040940284729004,-1.3017759323120117
0.4551758749999989,0.0034223749999999996,133.0,3.775406580129541,1.2565389364775013,1.0115396399480878,0.0059026939838153596,-0.0011195856465563644,0.002063030461633365,0.06376509168094431,-0.21429488062858582,0.14787404239177704,0.23248448967933655,1.7682865858078003,0.36066919565200806,-0.5735905170440674,-0.8870558142662048,-0.4505537152290344,-1.9223963022232056,0.6858508586883545,1.0436339378356934,-1.3080213069915771
0.4551758749999989,0.0034223749999999996,133.0,3.78420531775607,1.2644664874007707,1.0125238657710285,0.006177617685305961,-0.0011738935422931124,0.0021495184208994104,0.06376271727853224,-0.21474212408065796,0.15114086866378784,0.2337953746318817,1.7731959819793701,0.3806074857711792,-0.5797510147094727,-0.8779729604721069,-0.4538785219192505,-1.9263595342636108,0.6842079162597656,1.0260405540466309,-1.3095754384994507
0.4551758749999989,0.0034223749999999996,133.0,3.791845316545312,1.2715526758545868,1.0130563375864432,0.0065998164683234274,-0.0012436253060360252,0.0022764237773401645,0.0637739070998119,-0.214437335729599,0.15304429829120636,0.23568788170814514,1.7778961658477783,0.3927529454231262,-0.5866649150848389,-0.8772931694984436,-0.4576833248138428,-1.922690510749817,0.6732110977172852,1.0096163749694824,-1.310388207435608
0.4551758749999989,0.0034223749999999996,133.0,3.7987108827203393,1.2779486212494666,1.0139460517331504,0.007300786285294353,-0.0013828550931161497,0.0025009899024432502,0.06377357223524813,-0.21479693055152893,0.1567326784133911,0.23908910155296326,1.7881511449813843,0.4084230065345764,-0.5943019390106201,-0.8794521689414978,-0.46460866928100586,-1.9138370752334595,0.6554689407348633,0.9740949869155884,-1.3134973049163818
0.4551758749999989,0.0034223749999999996,133.0,3.8046968309591467,1.2834756923732757,1.0143437026398177,0.008893160517785987,-0.0016798694479997066,0.0030154248141735936,0.06378245525175257,-0.21459650993347168,0.15894150733947754,0.2417861521244049,1.7944458723068237,0.4190617501735687,-0.6020989418029785,-0.8881375789642334,-0.4679752588272095,-1.9007041454315186,0.6364591121673584,0.945919394493103,-1.3162208795547485
0.4551758749999989,0.0034223749999999996,133.0,3.809826265412391,1.288488443945362,1.0151891577063648,0.016540445033373954,-0.0032260411792298933,0.005427666160504882,0.06375427353831721,-0.214322030544281,0.15698224306106567,0.2457185685634613,1.7984169721603394,0.42673665285110474,-0.6139326095581055,-0.939441978931427,-0.4644334316253662,-1.8570688962936401,0.5949535369873047,0.9181332588195801,-1.3232587575912476
0.4551758749999989,0.0034223749999999996,133.0,3.828156922570632,-1.21696290050412,0.9401212622088493,-0.014017747818069755,-0.0012391148721861884,-0.006745542776810142,0.06801023932139333,-0.026720374822616577,0.16662989556789398,-0.14947476983070374,0.9176893830299377,0.35349056124687195,-1.092118263244629,0.42947885394096375,0.15409669280052185,-0.3889085352420807,0.5626065731048584,0.4322085678577423,-1.0730605125427246
0.4551758749999989,0.0034223749999999996,133.0,3.823544814532387,-1.2118184202738036,0.9405728416014095,-0.007564042041999436,-0.000628597468756511,-0.0036614347433771323,0.06796680922143676,-0.027973651885986328,0.1696777194738388,-0.14917433261871338,0.9192232489585876,0.34160760045051575,-1.0882816314697266,0.44014155864715576,0.15014132857322693,-0.3901360034942627,0.5906994342803955,0.3971291482448578,-1.0701305866241455
0.4551758749999989,0.0034223749999999996,133.0,3.8178509511319376,-1.2061617575106975,0.9404705583352563,-0.006215524904030429,-0.0005214200212078385,-0.003008459134510423,0.06794422283627467,-0.029497772455215454,0.17097172141075134,-0.14997214078903198,0.9198325276374817,0.34048837423324585,-1.0824148654937744,0.4493056833744049,0.14827394485473633,-0.38457921147346497,0.5958852767944336,0.3743838965892792,-1.068701982498169
0.4551758749999989,0.0034223749999999996,133.0,3.8113500776967393,-1.1999127971192307,0.9404269927172182,-0.0056220626655274775,-0.00046871399298442385,-0.0027210695052665543,0.06793300587980473,-0.031244933605194092,0.17143262922763824,-0.1518961787223816,0.9189797639846802,0.34511369466781616,-1.0741784572601318,0.46601244807243347,0.14737802743911743,-0.37595805525779724,0.5992734432220459,0.3514308035373688,-1.0668790340423584
0.4551758749999989,0.0034223749999999996,133.0,3.8039737826942144,-1.1929574167447752,0.9402094166559881,-0.005276509648915567,-0.00046141041178947366,-0.0025538111289110377,0.06791743747829375,-0.033028483390808105,0.1715649664402008,-0.15423831343650818,0.9170474410057068,0.34860244393348694,-1.0655481815338135,0.48625221848487854,0.14716970920562744,-0.3638928532600403,0.6018102169036865,0.3264589309692383,-1.06467866897583
0.4551758749999989,0.0034223749999999996,133.0,3.795052813061617,-1.1867677080869632,0.9375513441111417,-0.005032833726548934,-0.0004970171796649254,-0.0024314681867827806,0.0679753906054181,-0.03352618217468262,0.17060787975788116,-0.15653833746910095,0.9126267433166504,0.3494393527507782,-1.0597858428955078,0.5073646903038025,0.14802619814872742,-0.346280038356781,0.6012430191040039,0.30483880639076233,-1.061123251914978
0.4551758749999989,0.0034223749999999996,133.0,3.786050945863269,-1.1784883982040453,0.9373319457101937,-0.0048320219454625925,-0.000503655619107944,-0.0023361100790035617,0.06796393033646754,-0.035900235176086426,0.17009691894054413,-0.1601238250732422,0.9082732796669006,0.35637393593788147,-1.0479180812835693,0.5388557314872742,0.1487005650997162,-0.3279879093170166,0.60457444190979,0.27170950174331665,-1.0574253797531128
0.4551758749999989,0.0034223749999999996,133.0,3.7761951230090123,-1.1690279623560793,0.9371401501411536,-0.004683131999028813,-0.0004943434922475196,-0.0022621805404873054,0.0679526237971711,-0.037475377321243286,0.1701095998287201,-0.16250553727149963,0.9056621193885803,0.3566432595252991,-1.0397417545318604,0.5580698251724243,0.14894071221351624,-0.3139219582080841,0.6052811145782471,0.24722984433174133,-1.054985761642456
0.4551758749999989,0.0034223749999999996,133.0,3.765353388519861,-1.1587584823926025,0.936953819347382,-0.004549983907040294,-0.0004947141531915898,-0.0021953342428930782,0.06793612091087338,-0.04008066654205322,0.16997486352920532,-0.16584107279777527,0.9013184905052185,0.35955044627189636,-1.027632236480713,0.5878390073776245,0.14943534135818481,-0.2935028374195099,0.6076865196228027,0.2111729234457016,-1.0510650873184204
0.4551758749999989,0.0034223749999999996,133.0,3.753933343805686,-1.1480196380970442,0.9368163280127945,-0.004413939341736614,-0.0005056392742226709,-0.0021298665952128345,0.06792602305839135,-0.04220789670944214,0.1693626195192337,-0.169269859790802,0.8962212800979614,0.36291494965553284,-1.016648292541504,0.6176459789276123,0.15038836002349854,-0.2730959355831146,0.609259843826294,0.18023809790611267,-1.0468876361846924
0.4551758749999989,0.0034223749999999996,133.0,3.7417228931857114,-1.1361850260727466,0.9367391302467885,-0.0042889599903383644,-0.0004995829311648338,-0.0020690360603671056,0.06792096626749863,-0.04324182868003845,0.16880661249160767,-0.17186444997787476,0.8906164765357971,0.35822317004203796,-1.0087673664093018,0.6389329433441162,0.15232494473457336,-0.2549299895763397,0.6083810329437256,0.15462848544120789,-1.0431524515151978
0.4551758749999989,0.0034223749999999996,133.0,3.7287602691779003,-1.1235121015781968,0.936547168579342,-0.004162765798916285,-0.0004899260318774442,-0.002004673155511381,0.06791666443190404,-0.043868452310562134,0.16814693808555603,-0.17409184575080872,0.8860968947410583,0.35635483264923096,-1.0029773712158203,0.6576071381568909,0.15317955613136292,-0.23820295929908752,0.6060917377471924,0.13707099854946136,-1.039440393447876
0.4551758749999989,0.0034223749999999996,133.0,3.715210873972801,-1.1099367776060813,0.9365113297245428,-0.00405172942467533,-0.0004715018367841351,-0.0019528151767252873,0.06792519975274293,-0.04351937770843506,0.16831672191619873,-0.17484843730926514,0.8828360438346863,0.3482776880264282,-1.0000522136688232,0.6622714400291443,0.15390285849571228,-0.22802568972110748,0.6008760929107666,0.12526123225688934,-1.036791443824768
0.4551758749999989,0.0034223749999999996,133.0,3.7008947896948636,-1.0956117491303923,0.9364213320287693,-0.003910354467464691,-0.00045117969449409023,-0.001886940297516855,0.06793854493587463,-0.0411759614944458,0.16670645773410797,-0.17591869831085205,0.8746873736381531,0.33917248249053955,-1.001128911972046,0.6690532565116882,0.15802663564682007,-0.21631178259849548,0.5929765701293945,0.12206510454416275,-1.0327730178833008
0.4551758749999989,0.0034223749999999996,133.0,3.685418420339633,-1.0803277376921048,0.9363933740512362,-0.0037320102552431188,-0.00043236282183957674,-0.0018063228369617499,0.0679387242503516,-0.041422367095947266,0.16692501306533813,-0.1769491732120514,0.8706192970275879,0.3326593339443207,-0.9963245391845703,0.6779925227165222,0.15859708189964294,-0.20341163873672485,0.5885863304138184,0.10177763551473618,-1.0291743278503418
0.4551758749999989,0.0034223749999999996,133.0,3.669089724592189,-1.064109516126543,0.9364196776743605,-0.0035665397404947524,-0.00040950632605723033,-0.0017295822533296224,0.06793883808586934,-0.04123103618621826,0.16757936775684357,-0.1769970953464508,0.8679758310317993,0.3275110721588135,-0.9939877986907959,0.6795625686645508,0.1581406593322754,-0.19465802609920502,0.5827484130859375,0.08726787567138672,-1.025970697402954
0.4551758749999989,0.0034223749999999996,133.0,3.6519066549084775,-1.047289162830907,0.9365315343692122,-0.0033765824555937085,-0.0003900298908868034,-0.0016441619095559307,0.06794002948646231,-0.04098954796791077,0.1671261340379715,-0.1782751977443695,0.8612379431724548,0.31863853335380554,-0.9899685382843018,0.6915155649185181,0.16033589839935303,-0.17903463542461395,0.5776708126068115,0.06480608135461807,-1.0213708877563477
0.4551758749999989,0.0034223749999999996,133.0,3.634112554174617,-1.0295204531733861,0.9365846551078949,-0.0031955800567897963,-0.00036407752423313003,-0.0015642999648986672,0.0679529520621743,-0.038317978382110596,0.16585859656333923,-0.17843368649482727,0.8534322381019592,0.3070451319217682,-0.9931285381317139,0.692819356918335,0.16393005847930908,-0.1688169240951538,0.5679543018341064,0.058797433972358704,-1.0171788930892944
0.4551758749999989,0.0034223749999999996,133.0,3.615092074966947,-1.0107296036868212,0.9365965202560257,-0.003010500761786897,-0.00034489167635661324,-0.001477873486093551,0.06794358087791569,-0.03874361515045166,0.16671130061149597,-0.17890197038650513,0.849948525428772,0.30085256695747375,-0.9878590106964111,0.6992133259773254,0.16319698095321655,-0.15483860671520233,0.5617008209228516,0.03341791033744812,-1.0128378868103027
0.4551758749999989,0.0034223749999999996,133.0,3.5953862970475257,-0.9913790309325928,0.9366104350391142,-0.0028435579089051604,-0.0003305616860077654,-0.0014017216481885834,0.06794138666392245,-0.03827449679374695,0.16608650982379913,-0.18027111887931824,0.8415234088897705,0.29030847549438477,-0.9830381870269775,0.7134252190589905,0.16557228565216064,-0.134402796626091,0.5541751384735107,0.007070982828736305,-1.0067259073257446
0.4551758749999989,0.0034223749999999996,133.0,3.5747712529577997,-0.9709243018171257,0.936694721795356,-0.002625562369057212,-0.0002990976598973643,-0.001302102387689557,0.067942616308412,-0.03694775700569153,0.16566626727581024,-0.18058207631111145,0.834214448928833,0.2798101007938385,-0.9816243648529053,0.7192189693450928,0.16739243268966675,-0.11915966868400574,0.5447430610656738,-0.010853815823793411,-1.0011813640594482
0.4551758749999989,0.0034223749999999996,133.0,3.5532999901532496,-0.9505779776479291,0.9369715768836572,-0.002409170013763756,-0.00028560998314030136,-0.0012000782196247232,0.06793728526353626,-0.03783494234085083,0.16281548142433167,-0.18444311618804932,0.8169727325439453,0.2814119756221771,-0.9710235595703125,0.761856198310852,0.17259830236434937,-0.08126772195100784,0.5400369167327881,-0.050569258630275726,-0.9891877174377441
0.4551758749999989,0.0034223749999999996,133.0,3.531090864534463,-0.9286096079721147,0.9369639778688085,-0.0022043296127020016,-0.00026053404769253214,-0.0011039583011719437,0.06793606337220921,-0.03647318482398987,0.16243240237236023,-0.18470513820648193,0.8093999624252319,0.26837649941444397,-0.9690625667572021,0.7667871117591858,0.17449405789375305,-0.06541956216096878,0.5292878150939941,-0.06993617862462997,-0.9834425449371338
0.4551758749999989,0.0034223749999999996,133.0,3.5076460374102214,-0.9055180391122859,0.9369091045547989,-0.0020016750693280555,-0.0002336970494784108,-0.001007326464599237,0.0679200929494594,-0.03603878617286682,0.16160878539085388,-0.18611359596252441,0.7977879047393799,0.2557831406593323,-0.9627945423126221,0.7841039896011353,0.17727750539779663,-0.037199072539806366,0.5190842151641846,-0.10361223667860031,-0.9745349287986755
0.4551758749999989,0.0034223749999999996,133.0,3.483474898272137,-0.881426149389564,0.9366567265171237,-0.0018387554023355547,-0.00021502672561476242,-0.000930385156894282,0.06790174599065467,-0.035331666469573975,0.16372708976268768,-0.18549665808677673,0.7943708300590515,0.24178379774093628,-0.9580123424530029,0.7780774831771851,0.17529088258743286,-0.021228838711977005,0.5052528381347656,-0.1344437599182129,-0.9689242839813232
0.4551758749999989,0.0034223749999999996,133.0,3.458480758264628,-0.8566819640506076,0.9367004246263082,-0.0016388661079715244,-0.00018633988193020358,-0.0008372982605001259,0.06789124831130937,-0.03437572717666626,0.16405163705348969,-0.18630653619766235,0.7815755605697632,0.225982204079628,-0.9515681266784668,0.7872686982154846,0.1770433485507965,0.010831780731678009,0.4907393455505371,-0.174800843000412,-0.9577269554138184
0.4551758749999989,0.0034223749999999996,133.0,3.432531489649606,-0.8313800014268061,0.9369018964857238,-0.0014542850211428065,-0.00016625970710546582,-0.0007500329943988214,0.06787010104373385,-0.03371071815490723,0.1626160740852356,-0.18889924883842468,0.7587473392486572,0.209244042634964,-0.9402906894683838,0.8145384192466736,0.1823519468307495,0.061054401099681854,0.4752187728881836,-0.2277180552482605,-0.9400956034660339
0.4551758749999989,0.0034223749999999996,133.0,3.4060132228257824,-0.8057248831276168,0.937038505055983,-0.0012724941063286636,-0.0001486011204552312,-0.0006606940049234106,0.0678536391040471,-0.03444838523864746,0.15906406939029694,-0.19377818703651428,0.713050127029419,0.19207268953323364,-0.9017157554626465,0.8682147264480591,0.19506213068962097,0.10787729173898697,0.4691731929779053,-0.2664341926574707,-0.9072902202606201
0.4551758749999989,0.0034223749999999996,133.0,3.378547756464217,-0.7788303853932498,0.937108739540249,-0.0011222111473898264,-0.00013018486593158616,-0.0005869738455520555,0.06783052921154853,-0.03418055176734924,0.153609499335289,-0.19736932218074799,0.658279538154602,0.16426387429237366,-0.8613934516906738,0.9178934693336487,0.20998334884643555,0.15832076966762543,0.45882487297058105,-0.28103703260421753,-0.8677408695220947
0.4551758749999989,0.0034223749999999996,133.0,3.3504448118208088,-0.7511631671535896,0.9371554942272944,-0.0009883936232950809,-0.00011256210768902252,-0.0005208070576511949,0.06781357549788358,-0.03429991006851196,0.14770793914794922,-0.19836977124214172,0.5932572484016418,0.12888166308403015,-0.8103632926940918,0.9585109949111938,0.22678092122077942,0.20750725269317627,0.4514632225036621,-0.26832225918769836,-0.8198850154876709
0.4551758749999989,0.0034223749999999996,133.0,3.321211192596141,-0.7226393897662151,0.9371756978010187,-0.0008158121742362194,-9.230278432391836e-5,-0.0004316048784964053,0.06778208601884021,-0.03678092360496521,0.14206179976463318,-0.19610700011253357,0.5208054780960083,0.09237735718488693,-0.7354586124420166,0.9867360591888428,0.2440435290336609,0.2591041028499603,0.45058250427246094,-0.22657187283039093,-0.7651580572128296
0.4551758749999989,0.0034223749999999996,133.0,3.2913313679111496,-0.6935359409067379,0.9371956894297078,-0.0006846180389640452,-7.907112700221044e-5,-0.0003637603261528337,0.06775277567082513,-0.03818795084953308,0.13643552362918854,-0.19101005792617798,0.4544791281223297,0.056564245373010635,-0.6611456871032715,0.9925197958946228,0.2601907253265381,0.31415313482284546,0.44777345657348633,-0.1702268421649933,-0.715384840965271
0.4551758749999989,0.0034223749999999996,133.0,3.2607453965890256,-0.6634288750464011,0.9369966473395824,-0.0005137533780094337,-6.103753005405458e-5,-0.00027402695381331313,0.06772480929295409,-0.09556099772453308,0.1702985018491745,-0.15962061285972595,0.46648287773132324,0.06779302656650543,-0.6306982040405273,0.5627949237823486,0.41260838508605957,0.09774036705493927,0.8688197135925293,-0.09954023361206055,-0.8826358318328857
0.4551758749999989,0.0034223749999999996,133.0,3.22942382826545,-0.6320465603486672,0.9365364000274763,-0.00032269818698940996,-3.8137145683523057e-5,-0.00017264202856099483,0.06770423668213765,-0.10168075561523438,0.16173005104064941,-0.1533971130847931,0.38423246145248413,0.06108712777495384,-0.49867844581604004,0.5633180737495422,0.4229145050048828,0.15364572405815125,0.9395833015441895,0.01510031707584858,-0.8110930323600769
0.4551758749999989,0.0034223749999999996,133.0,3.197186576059599,-0.5998855130921892,0.9361191427771866,-0.00015082851064736406,-1.8080740251652422e-5,-8.095385604462064e-5,0.06768021640439184,-0.10833650827407837,0.15482494235038757,-0.14789891242980957,0.30836254358291626,0.06548719853162766,-0.32662487030029297,0.5329130291938782,0.43698742985725403,0.17669659852981567,1.0091967582702637,0.11575470119714737,-0.7497463822364807
0.4551758749999989,0.0034223749999999996,133.0,3.1641615870478583,-0.5675713371624911,0.9359935337258437,1.6722329328302578e-5,2.090716853172358e-6,9.007317543658828e-6,0.0676617958896123,-0.11279952526092529,0.14744286239147186,-0.14625868201255798,0.24673858284950256,0.08296966552734375,-0.16109633445739746,0.5011349320411682,0.45179301500320435,0.20905043184757233,1.0457429885864258,0.16173306107521057,-0.7032220363616943
0.4551758749999989,0.0034223749999999996,133.0,3.130249567123425,-0.533930675448252,0.9356186029597007,0.00018474995910391123,2.3768018989797216e-5,9.959099592305618e-5,0.0676427737696316,-0.11154717206954956,0.14377537369728088,-0.15030241012573242,0.22195670008659363,0.09995400160551071,-0.09258842468261719,0.4859786331653595,0.4439264237880707,0.2684977650642395,1.0342748165130615,0.1371021568775177,-0.6705253720283508
0.4551758749999989,0.0034223749999999996,133.0,3.0953202710648187,-0.4989793668375106,0.9349624461213984,0.00036687946893329055,4.812074591761363e-5,0.00019789094885695304,0.06761759408527274,-0.10997563600540161,0.14299067854881287,-0.15579959750175476,0.2169037163257599,0.11118060350418091,-0.07158565521240234,0.4823734760284424,0.42730867862701416,0.32199007272720337,1.017099380493164,0.10176340490579605,-0.6487776637077332
0.4551758749999989,0.0034223749999999996,133.0,3.059604725997345,-0.4636076580424219,0.9346062047663183,0.0005100729565614326,6.878037607112125e-5,0.0002756268063323379,0.06759526969779868,-0.10995090007781982,0.14165891706943512,-0.158567875623703,0.20786836743354797,0.11886002868413925,-0.04735541343688965,0.48813366889953613,0.42323845624923706,0.3598354756832123,1.0108122825622559,0.08527574688196182,-0.6356468200683594
0.4551758749999989,0.0034223749999999996,133.0,3.0230815735120316,-0.4274231429034702,0.9342438624948823,0.0006715483237103924,9.310911924346988e-5,0.0003635155029614228,0.06757313169731291,-0.11063539981842041,0.14091522991657257,-0.16044661402702332,0.20106065273284912,0.1231229230761528,-0.02705979347229004,0.4981372654438019,0.421410471200943,0.38886740803718567,1.0087156295776367,0.07400945574045181,-0.6270135641098022
0.4551758749999989,0.0034223749999999996,133.0,2.985795636311877,-0.39044208894152005,0.9338801857244897,0.0008435403621505623,0.00012029027528854875,0.0004572463974857112,0.06755229516569648,-0.11131563782691956,0.14022202789783478,-0.1621418595314026,0.19460132718086243,0.12585879862308502,-0.008056879043579102,0.5094466805458069,0.42009925842285156,0.41644683480262756,1.0068883895874023,0.06419412046670914,-0.6192405223846436
0.4551758749999989,0.0034223749999999996,133.0,2.9477859210547894,-0.3527005422391487,0.9334763129357254,0.001038852242230598,0.0001526527102238613,0.0005637620542882911,0.06753383131419696,-0.1116073727607727,0.13927751779556274,-0.1640114188194275,0.1881328821182251,0.12651120126247406,0.009656190872192383,0.5210057497024536,0.4187743663787842,0.4442329704761505,1.0035202503204346,0.056108810007572174,-0.6114311814308167
0.4551758749999989,0.0034223749999999996,133.0,2.9089886215759186,-0.31414421929233105,0.9330848590244432,0.001224305319157546,0.0001850462616016353,0.0006647931325965659,0.06751719328965541,-0.1117444634437561,0.1382804811000824,-0.16599130630493164,0.18170583248138428,0.12588128447532654,0.02655768394470215,0.5330355167388916,0.4175855219364166,0.471937894821167,0.9995641708374023,0.04880179464817047,-0.6037924885749817
0.4551758749999989,0.0034223749999999996,133.0,2.869198034713758,-0.2752348350662418,0.9328586366665482,0.001344239219868416,0.00021367809480338768,0.000729982690708859,0.06749953615779554,-0.11279362440109253,0.13526302576065063,-0.16689637303352356,0.16669689118862152,0.133046954870224,0.05570793151855469,0.550451934337616,0.4277293384075165,0.5187280178070068,0.996478796005249,0.0441032275557518,-0.5988801121711731
0.4551758749999989,0.0034223749999999996,133.0,2.8285631736367933,-0.2349624188674063,0.9324789423388584,0.001497703680346296,0.0002451528814521085,0.0008148272665278343,0.06747842677038784,-0.11403918266296387,0.13490721583366394,-0.16872572898864746,0.16080226004123688,0.13406012952327728,0.07171273231506348,0.5659893155097961,0.4278775453567505,0.5410212874412537,0.9975616931915283,0.040133215487003326,-0.593153178691864
0.4551758749999989,0.0034223749999999996,133.0,2.786833068395503,-0.19308358869472175,0.9316452295168011,0.001647077032971654,0.000275577325623191,0.0008990138623191255,0.06744401102399751,-0.11574962735176086,0.13761262595653534,-0.1724262535572052,0.16836494207382202,0.12929092347621918,0.07043981552124023,0.5803468227386475,0.41457706689834595,0.5499809384346008,1.0019519329071045,0.027777696028351784,-0.5874906182289124
0.4551758749999989,0.0034223749999999996,133.0,2.7456216653328647,-0.15013372563558477,0.9339816902609318,0.0017876872761919123,0.00028982560223308036,0.0009829724666986228,0.06736984155839283,-0.11523967981338501,0.13556674122810364,-0.17429223656654358,0.15240643918514252,0.12561267614364624,0.09110164642333984,0.5861311554908752,0.41886889934539795,0.559533417224884,1.0024042129516602,0.037160441279411316,-0.5757714509963989
0.4551758749999989,0.0034223749999999996,133.0,2.701990930158459,-0.10736853315895012,0.9335133081556969,0.001883142718804037,0.000328604738196782,0.001039518550803903,0.06732410973235836,-0.11758068203926086,0.12776422500610352,-0.17425820231437683,0.11985716223716736,0.14917154610157013,0.13117408752441406,0.6194218397140503,0.4525337815284729,0.6388822197914124,0.998706579208374,0.05295436084270477,-0.5767500400543213
0.4551758749999989,0.0034223749999999996,133.0,2.655347574969326,-0.06294228581493135,0.9338194105368254,0.0018536390711763192,0.0003368382837354896,0.0010470398878862528,0.0672169989172563,-0.15013840794563293,0.15398409962654114,-0.1745356023311615,0.1654551923274994,0.18196143209934235,0.1504218578338623,0.6631993055343628,0.437692254781723,0.5247064828872681,1.177581548690796,-0.0012736767530441284,-0.6083897948265076
0.4551758749999989,0.0034223749999999996,133.0,2.601312431443247,-0.004695212291693811,0.9309786340285657,0.0017398558690525222,7.694632538456908e-6,0.001076735327565622,0.06677026290243593,-0.2366296947002411,0.28953588008880615,-0.15718728303909302,0.4517650604248047,0.01578340493142605,0.26073503494262695,-0.11762933433055878,0.5931669473648071,-1.4456417560577393,2.058051109313965,-0.2893761694431305,-1.048017978668213
0.4551758749999989,0.0034223749999999996,133.0,2.539744437614368,0.04043932749760523,0.9325006484478456,0.00010431801630431844,-6.722911226751861e-6,6.753879016660157e-5,0.06569769698353975,-0.37455102801322937,0.1761414259672165,-0.13521692156791687,0.8796943426132202,-0.5440335869789124,0.7533117532730103,0.635668158531189,0.14293047785758972,-1.5322856903076172,2.2752180099487305,-0.15301631391048431,-1.0220211744308472
0.4551758749999989,0.0034223749999999996,133.0,2.5786471635700843,0.07004231659214581,0.936236659669195,-0.0017573194121547682,-9.37282106784339e-5,-0.0011140400457300315,0.06517865853709501,-0.38256195187568665,0.1843070238828659,-0.08400410413742065,1.1619949340820312,-0.5616995096206665,0.7446993589401245,0.4405767619609833,0.09965863823890686,-1.6607575416564941,2.2193026542663574,0.07384085655212402,-1.261803388595581
0.4551758749999989,0.0034223749999999996,133.0,2.609048601877209,0.1221431328340962,0.949511878012955,-0.002055466898860958,0.00021963913768277636,-0.0012123801415009924,0.06406688411663528,-0.45160409808158875,0.21882641315460205,0.020630329847335815,1.5659475326538086,-1.043373465538025,0.779504656791687,-0.18997298181056976,0.2924085259437561,-1.9694722890853882,2.2031636238098145,0.43265506625175476,-1.8593454360961914
0.4551758749999989,0.0034223749999999996,133.0,2.6436698864842576,0.17213929117317836,0.9583050244364373,-0.002101800212461558,0.00036471293415073235,-0.0011584756984528376,0.06343194980865702,-0.48124757409095764,0.24090272188186646,0.05197218060493469,1.6424200534820557,-1.3402867317199707,0.8048205375671387,-0.34220170974731445,0.41415560245513916,-2.0708389282226562,2.1551952362060547,0.4109509289264679,-2.0582361221313477
0.4551758749999989,0.0034223749999999996,133.0,2.684933401651929,0.2175951861934756,0.9612527944291568,-0.002002430390716651,0.00035671643192472345,-0.001068405336329061,0.06329342890214908,-0.48112377524375916,0.24407236278057098,0.06542560458183289,1.704450011253357,-1.323372483253479,0.8022483587265015,-0.3097688555717468,0.3751567602157593,-2.0825095176696777,2.090909481048584,0.4704435467720032,-2.081380605697632
0.4551758749999989,0.0034223749999999996,133.0,2.7263050092540366,0.2609096364534024,0.9630714009356023,-0.0018432448658134422,0.0003318934345677039,-0.0009611974828806058,0.06323343472537665,-0.48048093914985657,0.2458939105272293,0.07889488339424133,1.7537648677825928,-1.3413677215576172,0.7953783273696899,-0.31800898909568787,0.35685914754867554,-2.071486473083496,2.021918296813965,0.5276257991790771,-2.1123690605163574
0.4551758749999989,0.0034223749999999996,133.0,2.7672404980865344,0.30279531031901397,0.9641860698497856,-0.0016413382997510124,0.00029195121416054486,-0.0008403651327993478,0.06322846469410089,-0.4861803948879242,0.2487642467021942,0.08085706830024719,1.7505234479904175,-1.3964425325393677,0.8260320425033569,-0.28342685103416443,0.3801169991493225,-2.083906650543213,2.007991313934326,0.5533940196037292,-2.132749080657959
0.4551758749999989,0.0034223749999999996,133.0,2.8072071613381624,0.34377994031892195,0.9644733480848227,-0.0015489011808418121,0.0002664966694716952,-0.000785360531057413,0.06322554338031662,-0.4867481291294098,0.25039300322532654,0.08833494782447815,1.7764067649841309,-1.408396601676941,0.8341391086578369,-0.2572553753852844,0.3688412308692932,-2.083261251449585,1.9649577140808105,0.5999396443367004,-2.1474690437316895
0.4551758749999989,0.0034223749999999996,133.0,2.846637690610681,0.38398890132458574,0.9655958829340449,-0.0013312126913569105,0.00022451295067067365,-0.0006623725889161577,0.06319087165197626,-0.48895129561424255,0.251757949590683,0.09493055939674377,1.7992429733276367,-1.4305390119552612,0.8457711935043335,-0.23380227386951447,0.3623368740081787,-2.084634304046631,1.9272990226745605,0.6404256224632263,-2.1639373302459717
0.4551758749999989,0.0034223749999999996,133.0,2.8853397923968145,0.423276234807486,0.9669416986133493,-0.0011640480013064437,0.00019219212571171696,-0.0005671944532995761,0.06316649028987918,-0.4879849851131439,0.2524894177913666,0.10651257634162903,1.8475173711776733,-1.4222157001495361,0.8386926651000977,-0.22194217145442963,0.3301684856414795,-2.0808467864990234,1.869333267211914,0.6969301700592041,-2.1799612045288086
0.4551758749999989,0.0034223749999999996,133.0,2.9229082571649534,0.4617398898190164,0.9678382277414688,-0.0009498957488685753,0.00015368854923087337,-0.00045539187216097444,0.06314963645660807,-0.4896746575832367,0.25348785519599915,0.11332592368125916,1.869981050491333,-1.4434603452682495,0.8450467586517334,-0.199276402592659,0.32166868448257446,-2.08396577835083,1.8292245864868164,0.743370771408081,-2.1940627098083496
0.4551758749999989,0.0034223749999999996,133.0,2.959669369094085,0.49931700573640775,0.9686820613979031,-0.0007585283347576441,0.0001201136697702538,-0.00035812032512404056,0.06313535053203417,-0.4910503327846527,0.2542717456817627,0.11983504891395569,1.8915289640426636,-1.460494875907898,0.8491127490997314,-0.17704731225967407,0.3113700747489929,-2.085801362991333,1.7906789779663086,0.7895588278770447,-2.2054286003112793
0.4551758749999989,0.0034223749999999996,133.0,2.995602334112027,0.5360271706972247,0.969479978763916,-0.0005747399133945424,8.900530823450214e-5,-0.00026747992476376106,0.06312135427947678,-0.4921853244304657,0.2548704445362091,0.12581494450569153,1.911802887916565,-1.4725879430770874,0.8514868021011353,-0.15523354709148407,0.2994301915168762,-2.0865590572357178,1.7550253868103027,0.8337764739990234,-2.2138593196868896
0.4551758749999989,0.0034223749999999996,133.0,3.0307205408620934,0.571854973553797,0.9701804188551276,-0.0003961419421890467,5.9902973140754824e-5,-0.00018199302644943623,0.0631097043274705,-0.49302050471305847,0.2553090751171112,0.13130155205726624,1.9306814670562744,-1.4793436527252197,0.8516736030578613,-0.13448670506477356,0.28589943051338196,-2.085462808609009,1.722273349761963,0.876183032989502,-2.2192771434783936
0.4551758749999989,0.0034223749999999996,133.0,3.064980430661889,0.6068317665660475,0.9708477646165459,-0.00022276179762675705,3.2894954537709285e-5,-0.00010116457520095931,0.06309594638894782,-0.4935981333255768,0.25558316707611084,0.13636860251426697,1.9484206438064575,-1.4802865982055664,0.8492399454116821,-0.11634893715381622,0.2705940306186676,-2.083037853240967,1.692777156829834,0.9167750477790833,-2.221750259399414
0.4551758749999989,0.0034223749999999996,133.0,3.0976238004426926,0.641126250892855,0.9707536351145392,-6.647737062668969e-5,9.581258946010164e-6,-3.0120502871666623e-5,0.0630903806110065,-0.4971505105495453,0.25699812173843384,0.1369096338748932,1.939589262008667,-1.511142373085022,0.8688091039657593,-0.08544106781482697,0.28022778034210205,-2.096956968307495,1.6819710731506348,0.9493088722229004,-2.222836494445801
0.4551758749999989,0.0034223749999999996,133.0,3.1294451119892983,0.6746336002336366,0.97122318281547,0.0001438437618692034,-2.0548623066115632e-5,6.469109393827369e-5,0.06306108976844181,-0.49906858801841736,0.25734004378318787,0.14032527804374695,1.9429229497909546,-1.5287357568740845,0.8731651306152344,-0.07568119466304779,0.2778356075286865,-2.1070306301116943,1.6601715087890625,0.9902025461196899,-2.2238969802856445
0.4551758749999989,0.0034223749999999996,133.0,3.1622396403112583,0.7049735194701251,0.970071673101325,0.0003397171028393602,-4.6989214529626824e-5,0.00014969779001004077,0.06322023139051924,-0.4905768930912018,0.2533149719238281,0.15015146136283875,1.966178059577942,-1.5122976303100586,0.8149635791778564,-0.09839770197868347,0.2439824640750885,-2.089186429977417,1.5887138843536377,1.0849635601043701,-2.2131755352020264
0.4551758749999989,0.0034223749999999996,133.0,3.1925463127946756,0.7367193437689008,0.9706114929225753,0.0005382946187531793,-7.365008170472757e-5,0.00023491329599419257,0.06320381956007218,-0.4767703115940094,0.24311931431293488,0.1558198630809784,1.95921790599823,-1.4776371717453003,0.7719223499298096,-0.11698956787586212,0.20837759971618652,-2.0604023933410645,1.4999043941497803,1.197595477104187,-2.170280694961548
0.4551758749999989,0.0034223749999999996,133.0,3.223196154538327,0.7672846519800747,0.9720742619730427,0.0007758045318046373,-0.00010363791210731392,0.00033175432825796467,0.06317460126454211,-0.4421798884868622,0.22157758474349976,0.1678771674633026,1.9680382013320923,-1.3216224908828735,0.6490283012390137,-0.18621817231178284,0.10483717918395996,-1.948624849319458,1.3319098949432373,1.348922610282898,-2.0741801261901855
0.4551758749999989,0.0034223749999999996,133.0,3.253264751260783,0.7967762923476219,0.973204949464471,0.0009464480313891022,-0.00012284171579693103,0.00039744761022058754,0.06317501382735473,-0.4097542464733124,0.20204025506973267,0.17676576972007751,1.95718514919281,-1.1780861616134644,0.5293958187103271,-0.24523986876010895,0.017064183950424194,-1.8470731973648071,1.1801223754882812,1.475477695465088,-1.9744033813476562
0.4551758749999989,0.0034223749999999996,133.0,3.2825318851354988,0.8254163030999121,0.9748835086485672,0.0011654302230329266,-0.00015150865119836404,0.00047873279359269367,0.06316230458900476,-0.3784673511981964,0.1845322847366333,0.18693223595619202,1.9418014287948608,-1.0353621244430542,0.4047837257385254,-0.3317227363586426,-0.06079661846160889,-1.7331911325454712,1.0322246551513672,1.556800365447998,-1.8797879219055176
0.4551758749999989,0.0034223749999999996,133.0,3.310810616562194,0.8530320745382824,0.9755102276678975,0.001331102476048484,-0.00017490557859786062,0.0005428214860795933,0.06320184565930424,-0.3090788424015045,0.15267109870910645,0.20516404509544373,1.8246054649353027,-0.0055223144590854645,-0.1730024814605713,-0.7027447819709778,-0.34832650423049927,-2.2089667320251465,1.220914363861084,1.2181692123413086,-1.4680039882659912
0.4551758749999989,0.0034223749999999996,133.0,3.33889783683997,0.8796168999487197,0.9766464317479137,0.0015153311163188482,-0.0002040244022604585,0.0006139708449397458,0.0632375605461646,-0.28243163228034973,0.14240820705890656,0.20696839690208435,1.7820179462432861,0.0618390329182148,-0.26226353645324707,-0.7506952285766602,-0.37523525953292847,-2.1049983501434326,1.0883917808532715,1.2220699787139893,-1.3979605436325073
0.4551758749999989,0.0034223749999999996,133.0,3.3664838032940394,0.9052253046902377,0.9774339278030959,0.0017369498288098315,-0.00023218854514193036,0.0006962384499351332,0.06329035679307535,-0.26222673058509827,0.1367741972208023,0.21212062239646912,1.7605376243591309,0.12005478888750076,-0.33769702911376953,-0.793500542640686,-0.4029671549797058,-2.01489520072937,0.9681193828582764,1.1908491849899292,-1.3481605052947998
0.4551758749999989,0.0034223749999999996,133.0,3.3931404860934524,0.9300772567533118,0.9784766617769901,0.001960107102742014,-0.00026993210553415614,0.0007809517070576322,0.06333238836876673,-0.24690869450569153,0.13255077600479126,0.21335890889167786,1.7345601320266724,0.1619674265384674,-0.38875579833984375,-0.8177101016044617,-0.41510671377182007,-1.9543184041976929,0.8897202014923096,1.1641873121261597,-1.3097686767578125
0.4551758749999989,0.0034223749999999996,133.0,3.4187225727442634,0.9540314236310876,0.9792112703044231,0.002206070201617649,-0.0003137828945808719,0.0008755652768540506,0.06338783943643414,-0.23575440049171448,0.12823055684566498,0.2132491171360016,1.710160493850708,0.17958581447601318,-0.422576904296875,-0.8401575684547424,-0.4176676273345947,-1.9103604555130005,0.8366854190826416,1.1549557447433472,-1.2827006578445435
0.4551758749999989,0.0034223749999999996,133.0,3.4434590262025844,0.9772047811845651,0.9798210128120707,0.0023858023448533774,-0.00034841639205665634,0.0009450326882237325,0.06344697911027061,-0.23275557160377502,0.12856027483940125,0.21363821625709534,1.7103781700134277,0.1999860554933548,-0.4354593753814697,-0.8456152677536011,-0.42085200548171997,-1.920352578163147,0.8256666660308838,1.1578115224838257,-1.2798552513122559
0.4551758749999989,0.0034223749999999996,133.0,3.467188702455541,0.9995989230812936,0.9803442603267253,0.0026177844804984693,-0.00038620869145953424,0.0010300225999688988,0.0635005631557948,-0.23043891787528992,0.12898166477680206,0.21421757340431213,1.7113901376724243,0.21572794020175934,-0.44676947593688965,-0.8505164980888367,-0.4231494665145874,-1.9267776012420654,0.8163387775421143,1.1599695682525635,-1.2786592245101929
0.4551758749999989,0.0034223749999999996,133.0,3.4904457384844028,1.0210722063424778,0.981154615337249,0.002850689422433318,-0.00043227298828590335,0.0011175469581788961,0.0635500556056975,-0.22849693894386292,0.12964902818202972,0.21472391486167908,1.7129968404769897,0.2238829880952835,-0.45569491386413574,-0.8568294644355774,-0.4233620762825012,-1.9300000667572021,0.8079626560211182,1.1588032245635986,-1.2801096439361572
0.4551758749999989,0.0034223749999999996,133.0,3.512543639528469,1.0418890875778815,0.9817247994975337,0.0030985263823068705,-0.0004754801928719954,0.0012068528338391655,0.06359233187795821,-0.2270580530166626,0.13118478655815125,0.21514484286308289,1.7152994871139526,0.23368553817272186,-0.4642467498779297,-0.8588833212852478,-0.42277538776397705,-1.9346836805343628,0.8034024238586426,1.1540040969848633,-1.283057689666748
0.4551758749999989,0.0034223749999999996,133.0,3.5344354106219478,1.0615559581744176,0.9831429471825848,0.0033491316716869877,-0.0005343541098475121,0.0012913214873407468,0.06361722409187581,-0.2257307469844818,0.13040488958358765,0.21522864699363708,1.715015172958374,0.23087912797927856,-0.4687991142272949,-0.8695841431617737,-0.4215134382247925,-1.9318915605545044,0.7967531681060791,1.1606791019439697,-1.28406822681427
0.4551758749999989,0.0034223749999999996,133.0,3.5549216732752957,1.0807692992471278,0.9842717271687017,0.003544093443850597,-0.0005748989810236598,0.0013534003741722661,0.06364594781453926,-0.22479835152626038,0.13285529613494873,0.21879038214683533,1.7267239093780518,0.24422161281108856,-0.48119544982910156,-0.8775537014007568,-0.4289129376411438,-1.9256004095077515,0.7774832248687744,1.1387531757354736,-1.288238525390625
0.4551758749999989,0.0034223749999999996,133.0,3.5747180444965103,1.0989716370651188,0.9853047439013394,0.003765368597453223,-0.0006206929350849752,0.0014237018999436156,0.06367088945232223,-0.22385364770889282,0.13244518637657166,0.21765676140785217,1.723334550857544,0.24369072914123535,-0.4838862419128418,-0.8801863193511963,-0.4246189594268799,-1.9301884174346924,0.7809433937072754,1.1498041152954102,-1.2892662286758423
0.4551758749999989,0.0034223749999999996,133.0,3.5931273948410944,1.1164064654667147,0.9856039111512712,0.003950787944449245,-0.0006675995838542587,0.0014890900007073537,0.06372403094445513,-0.22242969274520874,0.13331018388271332,0.21930751204490662,1.7278810739517212,0.24473021924495697,-0.4920525550842285,-0.8899440765380859,-0.4261351227760315,-1.9245471954345703,0.7679588794708252,1.1408389806747437,-1.2922425270080566
0.4551758749999989,0.0034223749999999996,133.0,3.611177738914486,1.1330601431166758,0.9863871888067024,0.00417396047887666,-0.0007107152990286691,0.0015622611959252432,0.06375458335094297,-0.22160175442695618,0.13442981243133545,0.22012946009635925,1.730440378189087,0.25428807735443115,-0.49958181381225586,-0.8906653523445129,-0.42715924978256226,-1.9269472360610962,0.7638909816741943,1.1377652883529663,-1.293811321258545
0.4551758749999989,0.0034223749999999996,133.0,3.628249327506755,1.1487357392666413,0.9871062471166593,0.004364131915192613,-0.0007650611162608116,0.0016303727834343358,0.06379202303605017,-0.220278799533844,0.13512453436851501,0.22201630473136902,1.735878825187683,0.2599574625492096,-0.5079584121704102,-0.8984098434448242,-0.4309985637664795,-1.9207807779312134,0.7487936019897461,1.1279947757720947,-1.2953479290008545
0.4551758749999989,0.0034223749999999996,133.0,3.644418337620711,1.1634860077292797,0.9873856723699872,0.004555552916572543,-0.0008089296898533941,0.0016944017422557088,0.06383286979157063,-0.218618243932724,0.13331261277198792,0.2200181782245636,1.7279680967330933,0.2570473551750183,-0.5104775428771973,-0.9002593755722046,-0.42527955770492554,-1.924551248550415,0.7527320384979248,1.14823579788208,-1.293334722518921
0.4551758749999989,0.0034223749999999996,133.0,3.6598790858289756,1.1775214101279041,0.9880266019061064,0.004705583645693162,-0.0008465373416325676,0.0017394836456102452,0.06386726287262037,-0.21695560216903687,0.13210587203502655,0.21864911913871765,1.7225282192230225,0.25734594464302063,-0.5144035816192627,-0.9006603360176086,-0.42150062322616577,-1.9262036085128784,0.752852201461792,1.161090612411499,-1.2918074131011963
0.4551758749999989,0.0034223749999999996,133.0,3.674336313523388,1.1906916744751583,0.9885737927839982,0.004838459166604795,-0.0008866083346746354,0.0017772835712922658,0.06390740797596976,-0.21447640657424927,0.1318817436695099,0.2202254831790924,1.726009726524353,0.25603431463241577,-0.5234396457672119,-0.91097092628479,-0.4239693880081177,-1.9131425619125366,0.7309460639953613,1.14981210231781,-1.2927262783050537
0.4551758749999989,0.0034223749999999996,133.0,3.68822533112222,1.2031852961223284,0.9896866700588768,0.004984948689759833,-0.0009271406655760911,0.0018158412009955098,0.06392457675108039,-0.2129136621952057,0.13172569870948792,0.22140035033226013,1.7285895347595215,0.26251503825187683,-0.5317206382751465,-0.9139565825462341,-0.4262310862541199,-1.9116991758346558,0.7180659770965576,1.1468461751937866,-1.2930285930633545
0.4551758749999989,0.0034223749999999996,133.0,3.701438885666436,1.2147402248211512,0.9901663293126639,0.005145048041947863,-0.000945835183941253,0.0018527259256467426,0.06394930919402125,-0.2115880846977234,0.13232868909835815,0.2224942147731781,1.7297989130020142,0.2733744978904724,-0.5413186550140381,-0.9115483164787292,-0.42816853523254395,-1.9115891456604004,0.7102384567260742,1.1441274881362915,-1.2923240661621094
0.4551758749999989,0.0034223749999999996,133.0,3.7137787646909852,1.2257629431503694,0.9911917620236761,0.00530733401420866,-0.0009751742854895606,0.0018942174030033424,0.06395867978599608,-0.21097412705421448,0.13458651304244995,0.2250872552394867,1.7369143962860107,0.29135051369667053,-0.5520992279052734,-0.9081763625144958,-0.43411898612976074,-1.909806489944458,0.6977391242980957,1.126936674118042,-1.2934181690216064
0.4551758749999989,0.0034223749999999996,133.0,3.725175499691977,1.2362881098348384,0.9924146741636622,0.005467505267462962,-0.000999385424372172,0.001929883570209883,0.06396052582911785,-0.21092960238456726,0.14008742570877075,0.23142752051353455,1.7563124895095825,0.31469598412513733,-0.5675079822540283,-0.9095184803009033,-0.447357714176178,-1.900301456451416,0.6680898666381836,1.0755834579467773,-1.2992587089538574
0.4551758749999989,0.0034223749999999996,133.0,3.7355545947436153,1.24575290572773,0.9931332358613122,0.005649815518816705,-0.0010208893514793286,0.00197628150588166,0.06397394734516097,-0.210783451795578,0.1435706615447998,0.23525568842887878,1.7667288780212402,0.33350852131843567,-0.5785748958587646,-0.9078215956687927,-0.4555598497390747,-1.8951456546783447,0.6505651473999023,1.0459553003311157,-1.3013114929199219
0.4551758749999989,0.0034223749999999996,133.0,3.7443730901171017,1.2565744931638985,0.995880890881416,0.00589880863365295,-0.0010809007327444522,0.0020732357985174706,0.0638002083563794,-0.21295663714408875,0.14741401374340057,0.2322728931903839,1.7649240493774414,0.3558473289012909,-0.5751230716705322,-0.884953498840332,-0.44771987199783325,-1.9252299070358276,0.6816623210906982,1.0484216213226318,-1.3075647354125977
0.4551758749999989,0.0034223749999999996,133.0,3.753194619688443,1.2644714131339279,0.9968360042485523,0.0061733355377777506,-0.0011333329458921325,0.0021608031609188063,0.06379807947527368,-0.21340066194534302,0.15041743218898773,0.23251667618751526,1.7669203281402588,0.37508365511894226,-0.5799000263214111,-0.8730505704879761,-0.4483916163444519,-1.9333162307739258,0.6865425109863281,1.0374014377593994,-1.3089300394058228
0.4551758749999989,0.0034223749999999996,133.0,3.760843855221796,1.2715486596083783,0.997372949756511,0.006595463325170773,-0.0012002294800714576,0.0022878182277711297,0.06380930367530735,-0.21309122443199158,0.15255998075008392,0.2355126440525055,1.7743884325027466,0.3876767158508301,-0.588118314743042,-0.8754550814628601,-0.4547664523124695,-1.9254032373428345,0.6689155101776123,1.014275074005127,-1.3098680973052979
0.4551758749999989,0.0034223749999999996,133.0,3.76774200554901,1.2779013195137225,0.9982086586152986,0.00729539192030231,-0.0013342390135349447,0.0025146314870280427,0.063810563416494,-0.21341651678085327,0.15619631111621857,0.23892256617546082,1.7844305038452148,0.40314412117004395,-0.5958602428436279,-0.8777434229850769,-0.46162283420562744,-1.9163910150527954,0.6510472297668457,0.9789878129959106,-1.312834620475769
0.4551758749999989,0.0034223749999999996,133.0,3.773732011137903,1.283416662468315,0.9986024015941508,0.008886870135171757,-0.001620900253196526,0.003031913180131631,0.0638187383098133,-0.2132258415222168,0.15840959548950195,0.24163028597831726,1.7906379699707031,0.41367006301879883,-0.6036391258239746,-0.8866311311721802,-0.4649132490158081,-1.903279185295105,0.6320614814758301,0.9507502317428589,-1.3155438899993896
0.4551758749999989,0.0034223749999999996,133.0,3.7788893180971,1.288438463012233,0.999404443116792,0.016529731525558446,-0.0031131949676920113,0.005459493149170223,0.06379109771547727,-0.212935209274292,0.15728849172592163,0.24694731831550598,1.7978187799453735,0.4208478629589081,-0.6172785758972168,-0.9424476623535156,-0.4635620713233948,-1.8542097806930542,0.5822677612304688,0.9110711812973022,-1.3234944343566895
0.4551758749999989,0.0034223749999999996,133.0,3.7970416442136896,-1.21750129158329,0.9262609422365442,-0.014001011523152515,-0.0012098913844295182,-0.006762696660884778,0.06803181413499311,-0.0257301926612854,0.16561029851436615,-0.1503167450428009,0.9114477038383484,0.3481563627719879,-1.0903737545013428,0.43957898020744324,0.15678423643112183,-0.3788394629955292,0.557722806930542,0.41838884353637695,-1.0694987773895264
0.4551758749999989,0.0034223749999999996,133.0,3.792429544742998,-1.2123436701998584,0.9267356730033178,-0.007555632849725364,-0.000610079601941605,-0.0036698504397744574,0.06798797298321718,-0.026973575353622437,0.16868442296981812,-0.15002009272575378,0.912973940372467,0.3357882499694824,-1.0864176750183105,0.45016348361968994,0.1528131365776062,-0.3802230656147003,0.585723876953125,0.38306450843811035,-1.0665438175201416
0.4551758749999989,0.0034223749999999996,133.0,3.7867433528756447,-1.2067328707154168,0.9266397590016369,-0.006208315747331391,-0.000506988658839769,-0.0030157524974025463,0.06796565860615034,-0.02847316861152649,0.16998843848705292,-0.15079662203788757,0.913537323474884,0.3344775140285492,-1.080629587173462,0.45903992652893066,0.15097033977508545,-0.37476736307144165,0.5908372402191162,0.3604750633239746,-1.0650931596755981
0.4551758749999989,0.0034223749999999996,133.0,3.780253085463721,-1.2004869771267839,0.9266110011814849,-0.005615581544714591,-0.00045487837022612973,-0.002727599126686277,0.0679546824389248,-0.03021639585494995,0.1704690307378769,-0.15269291400909424,0.9126377105712891,0.3389829397201538,-1.072488784790039,0.47545284032821655,0.15008220076560974,-0.3661213517189026,0.5941729545593262,0.3375276029109955,-1.0632297992706299
0.4551758749999989,0.0034223749999999996,133.0,3.7728800603100243,-1.1935211810257063,0.9263905710019184,-0.005270534292467327,-0.00044808614169279963,-0.0025598890785121266,0.06793909111666374,-0.03199046850204468,0.17061066627502441,-0.1550077497959137,0.9106360077857971,0.3423841595649719,-1.0639681816101074,0.49543851613998413,0.14987999200820923,-0.3539411127567291,0.596630334854126,0.31256797909736633,-1.0609655380249023
0.4551758749999989,0.0034223749999999996,133.0,3.7639647303736443,-1.1873478041964323,0.9237601665656027,-0.005027114070503891,-0.00048365119225927684,-0.002437465966881616,0.06799777578704964,-0.03250017762184143,0.16967789828777313,-0.15726855397224426,0.9062195420265198,0.34317517280578613,-1.058304786682129,0.5162076354026794,0.15071532130241394,-0.33642682433128357,0.5960516929626465,0.2910211682319641,-1.0573910474777222
0.4551758749999989,0.0034223749999999996,133.0,3.754969228767961,-1.179057375537268,0.9235462091751527,-0.0048266303609343164,-0.000490247509002302,-0.002341867925585631,0.06798644029149323,-0.03486797213554382,0.16918399930000305,-0.1608085036277771,0.9017661213874817,0.34998956322669983,-1.046602487564087,0.547308623790741,0.151408851146698,-0.3179876506328583,0.5992999076843262,0.25792646408081055,-1.0536110401153564
0.4551758749999989,0.0034223749999999996,133.0,3.745125067276376,-1.1696170785218754,0.9233800951634217,-0.00467788420874617,-0.0004807571251048617,-0.0022678851978414306,0.06797538012821862,-0.036442339420318604,0.16922393441200256,-0.1631498634815216,0.8991430401802063,0.3501776456832886,-1.038512945175171,0.5661384463310242,0.15163302421569824,-0.30402737855911255,0.5999529361724854,0.23358237743377686,-1.0511425733566284
0.4551758749999989,0.0034223749999999996,133.0,3.734298915439025,-1.1593482269733855,0.9231931202729731,-0.004544935550274858,-0.000481118558502616,-0.002200874367401463,0.06795909565313217,-0.039032042026519775,0.1691088229417801,-0.16643306612968445,0.8947362303733826,0.35298091173171997,-1.0265588760375977,0.5954315662384033,0.15212243795394897,-0.2835412621498108,0.6022472381591797,0.19770273566246033,-1.0471524000167847
0.4551758749999989,0.0034223749999999996,133.0,3.7228871851306855,-1.1486160338812135,0.9230881045681889,-0.004409080812807521,-0.0004916165214064399,-0.0021353919834160894,0.06794932692703456,-0.04116415977478027,0.16853052377700806,-0.16980743408203125,0.8896142244338989,0.3562382161617279,-1.0156934261322021,0.6247526407241821,0.15306591987609863,-0.2631995677947998,0.6037657260894775,0.16691415011882782,-1.0429389476776123
0.4551758749999989,0.0034223749999999996,133.0,3.710682109428631,-1.1367868531779124,0.9230273248417601,-0.004284286221579895,-0.0004853961265001527,-0.0020745435392075804,0.06794411120489198,-0.042200177907943726,0.16799767315387726,-0.1723545789718628,0.8840317130088806,0.35149577260017395,-1.0078766345977783,0.645655632019043,0.15495046973228455,-0.24518060684204102,0.6028158664703369,0.14154139161109924,-1.0391732454299927
0.4551758749999989,0.0034223749999999996,133.0,3.6977198625973005,-1.1241054640902997,0.9228329177488328,-0.004158352047670039,-0.00047600527007282006,-0.002009884992799329,0.06793969044216853,-0.04282185435295105,0.16734562814235687,-0.17454177141189575,0.8795403838157654,0.34954634308815,-1.0021822452545166,0.6640489101409912,0.1557527780532837,-0.22849953174591064,0.6004471778869629,0.12415412813425064,-1.035437822341919
0.4551758749999989,0.0034223749999999996,133.0,3.6841697816816805,-1.1105226601311757,0.9227927483510834,-0.004047451930068687,-0.0004576710818876308,-0.001958028985010181,0.0679477232545128,-0.04247197508811951,0.16752003133296967,-0.1752750277519226,0.8763500452041626,0.34143567085266113,-0.9992587566375732,0.6685665845870972,0.156391441822052,-0.21847032010555267,0.5951664447784424,0.11254798620939255,-1.0327757596969604
0.4551758749999989,0.0034223749999999996,133.0,3.669845241531227,-1.0961862580199304,0.9226957846707105,-0.003906288169861799,-0.0004377197844638388,-0.0018920172867828674,0.06796045717601748,-0.04014357924461365,0.16590669751167297,-0.17630332708358765,0.8682969808578491,0.3322790563106537,-1.000380039215088,0.6752171516418457,0.16040727496147156,-0.2069704234600067,0.5872409343719482,0.10960645228624344,-1.0287458896636963
0.4551758749999989,0.0034223749999999996,133.0,3.6543691192072143,-1.0809034682744343,0.922667218141662,-0.0037281104211528042,-0.0004192591423381182,-0.0018113896981545436,0.06796016753752064,-0.04039153456687927,0.16613878309726715,-0.177297443151474,0.8642939925193787,0.32574644684791565,-0.9956009387969971,0.6838884949684143,0.1609053611755371,-0.19425983726978302,0.5828323364257812,0.08960824459791183,-1.025140643119812
0.4551758749999989,0.0034223749999999996,133.0,3.6380367931615907,-1.0646826185598444,0.9226857954605234,-0.003562831029698549,-0.00039696691822176507,-0.0017344989636622161,0.0679597343900904,-0.040206074714660645,0.16680067777633667,-0.17731711268424988,0.8617367744445801,0.32060036063194275,-0.9932701587677002,0.6852772831916809,0.16037747263908386,-0.18569795787334442,0.5770144462585449,0.0753818228840828,-1.0219520330429077
0.4551758749999989,0.0034223749999999996,133.0,3.620842615232587,-1.0478426017780427,0.9227858936937248,-0.003373215113292958,-0.0003782051456780163,-0.001648826629073411,0.0679596442817748,-0.03997752070426941,0.16635413467884064,-0.1785549819469452,0.8550543785095215,0.31174635887145996,-0.9892559051513672,0.6970381736755371,0.16249209642410278,-0.1701805591583252,0.5719244480133057,0.05317804962396622,-1.0173276662826538
0.4551758749999989,0.0034223749999999996,133.0,3.6030361134703246,-1.0300693371636809,0.9228376256212606,-0.003192305803078827,-0.0003526372377847623,-0.0015690134890847117,0.06797201827251222,-0.0373360812664032,0.165087029337883,-0.17867732048034668,0.8473201990127563,0.30016201734542847,-0.9923577308654785,0.6983333230018616,0.16599321365356445,-0.16011527180671692,0.5622410774230957,0.047331348061561584,-1.0131144523620605
0.4551758749999989,0.0034223749999999996,133.0,3.584011237474124,-1.0112788112553734,0.9228409913451282,-0.0030073692507816413,-0.0003341955161423172,-0.0014824888248451548,0.06796219274745541,-0.03776809573173523,0.16595308482646942,-0.17911678552627563,0.8438945412635803,0.29399192333221436,-0.9870603084564209,0.7045108675956726,0.16520658135414124,-0.14623776078224182,0.5559782981872559,0.022176457569003105,-1.0087791681289673
0.4551758749999989,0.0034223749999999996,133.0,3.564297547212071,-0.9919216543847885,0.9228530088733746,-0.0028406030015755944,-0.0003203137340823736,-0.0014062795687101413,0.06795923269951287,-0.03731733560562134,0.16534122824668884,-0.18044403195381165,0.8355076909065247,0.2834738790988922,-0.9821805953979492,0.7185089588165283,0.16751828789710999,-0.1258513629436493,0.5484030246734619,-0.003997568041086197,-1.002640962600708
0.4551758749999989,0.0034223749999999996,133.0,3.543829749538238,-0.9716221336227822,0.9228684916213408,-0.002622339059394074,-0.0002952624994150577,-0.0013057577298851775,0.06796154154814325,-0.03593224287033081,0.16493500769138336,-0.18070271611213684,0.8281171917915344,0.27277496457099915,-0.9809091091156006,0.723967432975769,0.16929370164871216,-0.11009620130062103,0.5386450290679932,-0.022212481126189232,-0.9969696402549744
0.4551758749999989,0.0034223749999999996,133.0,3.5221938446077976,-0.9511031138753668,0.9232336060583534,-0.0024067153319304044,-0.0002761491863627822,-0.0012043277574025158,0.06795333477206934,-0.03690943121910095,0.16208422183990479,-0.18459507822990417,0.8103271126747131,0.2742006182670593,-0.969907283782959,0.7672192454338074,0.17463141679763794,-0.07092185318470001,0.5338377952575684,-0.06327909976243973,-0.9845548272132874
0.4551758749999989,0.0034223749999999996,133.0,3.4999662572301755,-0.9291255550869716,0.923220836370021,-0.0022020694937004448,-0.0002517348788754681,-0.0011081274541946344,0.06795056421551171,-0.035539060831069946,0.1616136133670807,-0.18513211607933044,0.8009170889854431,0.26069945096969604,-0.967226505279541,0.7748228311538696,0.17693418264389038,-0.050046149641275406,0.5221967697143555,-0.0878131240606308,-0.9773728251457214
0.4551758749999989,0.0034223749999999996,133.0,3.47650642811009,-0.9060139653259658,0.9231669359836743,-0.001999665797546686,-0.00022536303181345022,-0.0010112844173739593,0.06793306547650037,-0.03505435585975647,0.1606351137161255,-0.1868874728679657,0.7865272760391235,0.2471936196088791,-0.9599869251251221,0.7953992486000061,0.18036460876464844,-0.014987396076321602,0.510674238204956,-0.12793071568012238,-0.9663247466087341
0.4551758749999989,0.0034223749999999996,133.0,3.4523109827115426,-0.8819222738809855,0.9229090475790913,-0.0018368838231893226,-0.00020728426569694103,-0.0009343420636891002,0.0679127062464072,-0.034250408411026,0.16246117651462555,-0.18683388829231262,0.7792361378669739,0.2319759726524353,-0.9537737369537354,0.7940261960029602,0.17932549118995667,0.00984254851937294,0.49520206451416016,-0.16689811646938324,-0.9577771425247192
0.4551758749999989,0.0034223749999999996,133.0,3.4273037264886326,-0.8571671087080952,0.9229507554142455,-0.001637238457798773,-0.00017909873247615353,-0.0008409949487631352,0.06790005454343777,-0.0331120491027832,0.16232435405254364,-0.18825750052928925,0.760852575302124,0.21392492949962616,-0.9454169273376465,0.8083796501159668,0.1824076771736145,0.053291287273168564,0.4783210754394531,-0.21639660000801086,-0.9423089623451233
0.4551758749999989,0.0034223749999999996,133.0,3.4013395621562763,-0.83184048653961,0.9231677917703986,-0.0014529866214413498,-0.00015932073760170382,-0.0007533600947768215,0.06787657635617095,-0.03303846716880798,0.15873102843761444,-0.19318294525146484,0.7112748622894287,0.19202305376529694,-0.9036016464233398,0.8596749305725098,0.19731983542442322,0.08860117197036743,0.4743523597717285,-0.24474835395812988,-0.9079058766365051
0.4551758749999989,0.0034223749999999996,133.0,3.3748192466664397,-0.806160346104495,0.9233225601441203,-0.001271527504453493,-0.00014201921133570882,-0.0006635618257125156,0.06785832766884402,-0.034540921449661255,0.1544310748577118,-0.1970652937889099,0.6575692892074585,0.16851332783699036,-0.8579413890838623,0.9117680788040161,0.2106134593486786,0.14441311359405518,0.466655969619751,-0.27272894978523254,-0.8677295446395874
0.4551758749999989,0.0034223749999999996,133.0,3.3473457425087236,-0.7792170958614439,0.9233957104025327,-0.001121584746352459,-0.00012393171638286612,-0.0005893342587325503,0.06783280967980862,-0.03473982214927673,0.14799118041992188,-0.198085755109787,0.592108964920044,0.13452348113059998,-0.8084225654602051,0.9537872672080994,0.2282595932483673,0.19460496306419373,0.45990490913391113,-0.2587909698486328,-0.8203093409538269
0.4551758749999989,0.0034223749999999996,133.0,3.319250787621952,-0.7514999697423773,0.9234224058383873,-0.0009880574049093594,-0.00010674092341826675,-0.0005226183582116989,0.06781426303682017,-0.03588998317718506,0.14137159287929535,-0.19523677229881287,0.516276478767395,0.09152866899967194,-0.7388653755187988,0.9793999791145325,0.24839523434638977,0.2336641401052475,0.46160221099853516,-0.19894292950630188,-0.7651568055152893
0.4551758749999989,0.0034223749999999996,133.0,3.2901873505705383,-0.723100947481025,0.9233197006200643,-0.0008156042898972059,-8.919407778632006e-5,-0.0004324661266045642,0.06778522098425442,-0.06156718730926514,0.17271481454372406,-0.19541512429714203,0.5542863011360168,0.12885458767414093,-0.7437469959259033,0.9107373952865601,0.3612569570541382,0.09456408768892288,0.666968822479248,-0.17287953197956085,-0.9170066714286804
0.4551758749999989,0.0034223749999999996,133.0,3.260501656215798,-0.6940886126750635,0.9232183029740915,-0.0006845850710657074,-7.76727862730047e-5,-0.0003637162272754602,0.06776104607388239,-0.0937337577342987,0.1711706519126892,-0.1605062484741211,0.4758980870246887,0.07063381373882294,-0.6486656665802002,0.5491946935653687,0.41269969940185547,0.06904205679893494,0.8543779850006104,-0.093229740858078,-0.8921602964401245
0.4551758749999989,0.0034223749999999996,133.0,3.2299595118221935,-0.6639110799099855,0.9229708555143231,-0.0005138616905274924,-5.9845261157253186e-5,-0.000273645414520568,0.06773675668116091,-0.10053932666778564,0.16142530739307404,-0.15396761894226074,0.3937924802303314,0.0646745041012764,-0.5198309421539307,0.5634632706642151,0.4276961088180542,0.13660286366939545,0.9239037036895752,0.016177313402295113,-0.8254202008247375
0.4551758749999989,0.0034223749999999996,133.0,3.1986631085546455,-0.6324766468777069,0.9224691693781446,-0.00032280851912910846,-3.741793656327111e-5,-0.00017223037451904885,0.06771988259700595,-0.10579580068588257,0.15547998249530792,-0.14840316772460938,0.324023574590683,0.06215980276465416,-0.37155842781066895,0.5352048873901367,0.43713998794555664,0.1575201004743576,0.985832691192627,0.11487206071615219,-0.7654649615287781
0.4551758749999989,0.0034223749999999996,133.0,3.1664392163315873,-0.6002795568024825,0.9220356036816078,-0.0001508810228525813,-1.7776068777902014e-5,-8.071641299603389e-5,0.06769933634648634,-0.10952365398406982,0.15130312740802765,-0.14755770564079285,0.27442967891693115,0.07095474004745483,-0.22915315628051758,0.5008798837661743,0.4388904273509979,0.18037576973438263,1.0205514430999756,0.1553514152765274,-0.717898428440094
0.4551758749999989,0.0034223749999999996,133.0,3.1334184077775626,-0.5679357254225735,0.921910195355879,1.6727128702006806e-5,2.059640461166323e-6,8.979473680419422e-6,0.06768348855045553,-0.1102956235408783,0.14539803564548492,-0.14899200201034546,0.23474688827991486,0.08977415412664413,-0.12487125396728516,0.4804380536079407,0.4428856372833252,0.22833523154258728,1.0255968570709229,0.1597002148628235,-0.6822742819786072
0.4551758749999989,0.0034223749999999996,133.0,3.0994827303811,-0.534274569347654,0.9215571184890771,0.00018479935451791066,2.3402984258259467e-5,9.93020719284069e-5,0.06766418395548222,-0.10822886228561401,0.1425786018371582,-0.15316236019134521,0.2209203839302063,0.10212084650993347,-0.0945425033569336,0.47918495535850525,0.4335125684738159,0.2890222668647766,1.0074329376220703,0.131944939494133,-0.6589586734771729
0.4551758749999989,0.0034223749999999996,133.0,3.064538096050049,-0.4993113457643596,0.9209231414232566,0.0003669711180073409,4.735844763284913e-5,0.0001973429976198624,0.06763893128535206,-0.1078370213508606,0.14273454248905182,-0.15762615203857422,0.2194150686264038,0.10962210595607758,-0.07846879959106445,0.48047202825546265,0.41976529359817505,0.3283047676086426,0.996915340423584,0.10367568582296371,-0.6436814069747925
0.4551758749999989,0.0034223749999999996,133.0,3.0288156260508536,-0.46393134905656463,0.9205752701631317,0.0005101960785090923,6.767776811341624e-5,0.00027488836423536175,0.06761667182721681,-0.10864302515983582,0.14210480451583862,-0.15956881642341614,0.21287018060684204,0.11434081941843033,-0.05795574188232422,0.490184485912323,0.41766875982284546,0.35670432448387146,0.9952497482299805,0.09265946596860886,-0.6350516676902771
0.4551758749999989,0.0034223749999999996,133.0,2.992289192905274,-0.4277417352779023,0.9202173420193211,0.000671707132297545,9.16051403740908e-5,0.0003625663325966061,0.06759466240996148,-0.10975664854049683,0.1417011171579361,-0.1611948013305664,0.20698010921478271,0.11756230890750885,-0.03889727592468262,0.5019115209579468,0.41658174991607666,0.38148313760757446,0.9955289363861084,0.08418628573417664,-0.6280945539474487
0.4551758749999989,0.0034223749999999996,133.0,2.9550004938920047,-0.39075660420438996,0.9198576682358255,0.0008437359832131726,0.00011834087298984901,0.0004560816762246382,0.067573966115305,-0.11068281531333923,0.14118006825447083,-0.16289284825325012,0.20082241296768188,0.12009558081626892,-0.020148515701293945,0.5139369964599609,0.4154829978942871,0.4070916175842285,0.9950721263885498,0.07589952647686005,-0.6208446621894836
0.4551758749999989,0.0034223749999999996,133.0,2.9169869656641874,-0.3530111474323148,0.919458594400776,0.0010390860862941685,0.0001501889422389127,0.0005623664804441647,0.06755562601868505,-0.11117184162139893,0.1403621882200241,-0.16477322578430176,0.19456246495246887,0.12059435993432999,-0.002576589584350586,0.5260799527168274,0.41431301832199097,0.43351635336875916,0.9928102493286133,0.0689951702952385,-0.6134052276611328
0.4551758749999989,0.0034223749999999996,133.0,2.878185686657205,-0.31445144797568825,0.9190725845598334,0.0012245735959846157,0.00018207372837194557,0.0006631922320503365,0.0675390926047125,-0.11146488785743713,0.13945098221302032,-0.16676583886146545,0.18825414776802063,0.11985810846090317,0.014299392700195312,0.5385491847991943,0.41325926780700684,0.46032893657684326,0.9897754192352295,0.06257696449756622,-0.6060260534286499
0.4551758749999989,0.0034223749999999996,133.0,2.838393662485409,-0.27553766359525034,0.9188469325564295,0.0013445216574650076,0.00021030804734612396,0.0007283023074023851,0.06752162486178621,-0.11264282464981079,0.13644683361053467,-0.16770288348197937,0.173241525888443,0.12697984278202057,0.043614864349365234,0.556421160697937,0.42352497577667236,0.5067070722579956,0.987574577331543,0.05914381146430969,-0.6012385487556458
0.4551758749999989,0.0034223749999999996,133.0,2.7977599501750157,-0.2352640754515482,0.9184719500789621,0.0014980241719310828,0.00024129264698210742,0.0008129830324794702,0.06750073075189582,-0.11398917436599731,0.13612622022628784,-0.16953206062316895,0.1673811674118042,0.1279865950345993,0.05976748466491699,0.5721074342727661,0.42383527755737305,0.5285054445266724,0.9894537925720215,0.0556485652923584,-0.5957109332084656
0.4551758749999989,0.0034223749999999996,133.0,2.7560346173688104,-0.19338803134122023,0.9176506326756013,0.0016474618000763203,0.00027116555722412434,0.0008969585169049298,0.06746669743224819,-0.11590033769607544,0.1389588862657547,-0.17318692803382874,0.17506927251815796,0.12347297370433807,0.05873584747314453,0.5864739418029785,0.41075217723846436,0.5366664528846741,0.9949872493743896,0.042765334248542786,-0.590393602848053
0.4551758749999989,0.0034223749999999996,133.0,2.714815304411405,-0.15043307392615077,0.9199915999545774,0.001788111599602891,0.0002850499608649826,0.0009807435569190908,0.06739209279610292,-0.11546292901039124,0.13686664402484894,-0.17497649788856506,0.15899722278118134,0.11978346854448318,0.07977151870727539,0.5925304889678955,0.4154224097728729,0.546047031879425,0.9962444305419922,0.05327434837818146,-0.5789440274238586
0.4551758749999989,0.0034223749999999996,133.0,2.6711997964371883,-0.10766166499863805,0.919522988055231,0.001883631205492528,0.00032316249456417764,0.0010372166021068757,0.06734719124447586,-0.11917617917060852,0.13275305926799774,-0.17615193128585815,0.13916967809200287,0.13769999146461487,0.11622476577758789,0.627011775970459,0.43736571073532104,0.6162069439888,1.0015547275543213,0.05462697148323059,-0.5810152888298035
0.4551758749999989,0.0034223749999999996,133.0,2.624696176568548,-0.06334132841409636,0.9198164099424124,0.0018542570843527403,0.00033147996142201695,0.0010438707972251463,0.0672456619771541,-0.14981982111930847,0.15490873157978058,-0.17559266090393066,0.17235270142555237,0.17633642256259918,0.13909578323364258,0.6672182083129883,0.4337664842605591,0.5116161108016968,1.1680419445037842,0.014875447377562523,-0.6113741397857666
0.4551758749999989,0.0034223749999999996,133.0,2.571045371291895,-0.005623171578205668,0.9169165561526437,0.00174059426884146,1.6105984403590485e-5,0.0010694092511253062,0.06682200864395495,-0.234255850315094,0.289615273475647,-0.15811112523078918,0.4573630094528198,0.01441021915525198,0.24219751358032227,-0.11633642017841339,0.5912198424339294,-1.4538089036941528,2.0319056510925293,-0.2706240117549896,-1.0516659021377563
0.4551758749999989,0.0034223749999999996,133.0,2.509979294617242,0.04058366007724594,0.9185757832569275,0.00010420289997601178,-7.281031992025986e-6,6.712824729887341e-5,0.06577370164088929,-0.3710666596889496,0.17575852572917938,-0.13589048385620117,0.8773031234741211,-0.5323128700256348,0.7409601211547852,0.6378206014633179,0.13824963569641113,-1.5279662609100342,2.262387752532959,-0.14331673085689545,-1.0149095058441162
0.4551758749999989,0.0034223749999999996,133.0,2.5490476785662795,0.069462370784651,0.9219830932283495,-0.0017540721851714567,-0.00010012483200547848,-0.0011086345314148113,0.0652622276411479,-0.3783699572086334,0.18380722403526306,-0.08531743288040161,1.1552529335021973,-0.5529758930206299,0.730310320854187,0.44205036759376526,0.09697610139846802,-1.6577966213226318,2.2053728103637695,0.08568564057350159,-1.2523339986801147
0.4551758749999989,0.0034223749999999996,133.0,2.579660111929119,0.12142555426358126,0.9349377139049264,-0.0020494454286376883,0.00020915113782592502,-0.0012101541804725511,0.06416376501070689,-0.4464944899082184,0.21781843900680542,0.0179593563079834,1.5521419048309326,-1.0296826362609863,0.766547441482544,-0.1800040602684021,0.2873104214668274,-1.9685757160186768,2.192106246948242,0.44525712728500366,-1.8403782844543457
0.4551758749999989,0.0034223749999999996,133.0,2.6143170889775407,0.17137569526097057,0.9437433780387772,-0.0020957204124733434,0.0003548633831103836,-0.0011565270763369982,0.06353223732530339,-0.47617706656455994,0.23996564745903015,0.04900440573692322,1.6275585889816284,-1.3247605562210083,0.7933787107467651,-0.3319523334503174,0.40849071741104126,-2.0723180770874023,2.1468677520751953,0.4236813187599182,-2.0376391410827637
0.4551758749999989,0.0034223749999999996,133.0,2.655585243885166,0.21682571495174072,0.9466841417079844,-0.0019964767249524536,0.0003481166492910575,-0.0010664898039283407,0.06339564086285213,-0.47590479254722595,0.24321869015693665,0.062328726053237915,1.6888978481292725,-1.3076505661010742,0.7905042171478271,-0.3006049394607544,0.3699337840080261,-2.08439040184021,2.08294677734375,0.4831383526325226,-2.0605363845825195
0.4551758749999989,0.0034223749999999996,133.0,2.6969607362622856,0.2601320231769135,0.9484626114549913,-0.0018375189775291895,0.00032421412610428887,-0.0009597885322232943,0.06333666189957086,-0.4751225411891937,0.24510960280895233,0.0756591260433197,1.737657904624939,-1.325738787651062,0.7833074331283569,-0.3095252811908722,0.35198119282722473,-2.0741701126098633,2.0141496658325195,0.5405229330062866,-2.091322422027588
0.4551758749999989,0.0034223749999999996,133.0,2.7379094429989257,0.3020051208891797,0.9495467987362088,-0.0016360813321740413,0.0002853159592334831,-0.000839307646066237,0.06333245417134614,-0.4769168794155121,0.24761301279067993,0.08357104659080505,1.7621270418167114,-1.352540373802185,0.7948263883590698,-0.29679855704307556,0.35065099596977234,-2.074589490890503,1.973742961883545,0.5798202753067017,-2.1145622730255127
0.4551758749999989,0.0034223749999999996,133.0,2.7778918740227736,0.3429770253134726,0.9498077975208703,-0.0015437857745016284,0.0002603903018457703,-0.0007845574040082306,0.06332991054665318,-0.4809911549091339,0.24964416027069092,0.08496037125587463,1.759619116783142,-1.3921109437942505,0.8205945491790771,-0.25047799944877625,0.36407434940338135,-2.086911916732788,1.9567384719848633,0.6131734848022461,-2.1258513927459717
0.4551758749999989,0.0034223749999999996,133.0,2.8173525396761234,0.38317503458474805,0.9509393320784731,-0.0013268061406410733,0.00021958305741373786,-0.0006616113141887724,0.06329546700549145,-0.4831027090549469,0.2510845959186554,0.091451495885849,1.7822058200836182,-1.4138292074203491,0.8320589065551758,-0.228093683719635,0.3578547239303589,-2.088768720626831,1.9195013046264648,0.6528415083885193,-2.1423544883728027
0.4551758749999989,0.0034223749999999996,133.0,2.8560517458320676,0.42245592215414157,0.9522266365469823,-0.0011600204178946222,0.00018800989526941003,-0.0005667896643123356,0.06327207181701691,-0.482076495885849,0.2518943250179291,0.10273024439811707,1.8295066356658936,-1.4057632684707642,0.8253374099731445,-0.21654725074768066,0.32660073041915894,-2.0852935314178467,1.8624305725097656,0.7079910039901733,-2.158329725265503
0.4551758749999989,0.0034223749999999996,133.0,2.893633300806958,0.46091120406187375,0.9530959269643553,-0.0009465304329329312,0.00015040931893475234,-0.0004551711017724376,0.06325567755059561,-0.4837435185909271,0.25297921895980835,0.10941186547279358,1.851615071296692,-1.4271199703216553,0.8319549560546875,-0.19465382397174835,0.31874626874923706,-2.08882474899292,1.8228893280029297,0.7531998753547668,-2.172727584838867
0.4551758749999989,0.0034223749999999996,133.0,2.930406151308765,0.49848087528243135,0.9539127068264763,-0.0007557833449760655,0.00011759923976604619,-0.00035802771221765596,0.06324177021586479,-0.4851416051387787,0.25385746359825134,0.11580285429954529,1.8728715181350708,-1.4445186853408813,0.8365141153335571,-0.17311134934425354,0.30920541286468506,-2.0910143852233887,1.7849359512329102,0.797965407371521,-2.1845643520355225
0.4551758749999989,0.0034223749999999996,133.0,2.966350057504646,0.5351840040862794,0.9546825811513571,-0.0005726206308525424,8.716900321643326e-5,-0.00026746745351430263,0.06322815129695639,-0.48633167147636414,0.25455164909362793,0.12166699767112732,1.8928972482681274,-1.4570832252502441,0.8395744562149048,-0.15183016657829285,0.2980841100215912,-2.0920181274414062,1.7498807907104492,0.8405835032463074,-2.193573474884033
0.4551758749999989,0.0034223749999999996,133.0,3.0014768520064075,0.5710065757354996,0.9553607829251156,-0.00039465800700907685,5.8693253468884243e-5,-0.0001820193460932816,0.06321668053255687,-0.4872526228427887,0.25508779287338257,0.1270277202129364,1.9115914106369019,-1.464245080947876,0.8406691551208496,-0.13141615688800812,0.2853914499282837,-2.091052532196045,1.717761516571045,0.8811026215553284,-2.1996514797210693
0.4551758749999989,0.0034223749999999996,133.0,3.0357443316415256,0.6059785120650211,0.9560029330320855,-0.00022191622963983239,3.223723405780843e-5,-0.00010119685313664724,0.06320312803297054,-0.4880349338054657,0.25553226470947266,0.131926029920578,1.9292305707931519,-1.4656914472579956,0.8398033380508423,-0.1134551614522934,0.27123045921325684,-2.0882914066314697,1.6895995140075684,0.9184024333953857,-2.2031736373901367
0.4551758749999989,0.0034223749999999996,133.0,3.0684050964183567,0.6402645613772322,0.9559033798586851,-6.622313712456578e-5,9.391585354738007e-6,-3.0133656925439442e-5,0.06319721324532313,-0.4923374354839325,0.2574933171272278,0.13218364119529724,1.9208425283432007,-1.4974638223648071,0.8634582757949829,-0.08303648233413696,0.28336548805236816,-2.09997296333313,1.6837196350097656,0.9411289691925049,-2.2071962356567383
0.4551758749999989,0.0034223749999999996,133.0,3.1002351295337354,0.6737692406491544,0.9563543489148222,0.00014328881364069831,-2.014467347698897e-5,6.473271986993753e-5,0.06316772483412132,-0.4954288899898529,0.25866636633872986,0.13525047898292542,1.9249904155731201,-1.5174778699874878,0.8737657070159912,-0.07342055439949036,0.28480851650238037,-2.106768846511841,1.6688032150268555,0.9685423374176025,-2.2128961086273193
0.4551758749999989,0.0034223749999999996,133.0,3.1329998707048,0.7041231168945495,0.9551588211340473,0.0003384016753730573,-4.603942692552647e-5,0.00014985702103703367,0.06332594718053496,-0.48843440413475037,0.25571727752685547,0.14484164118766785,1.9498525857925415,-1.5063366889953613,0.8224837779998779,-0.09607735276222229,0.2558791935443878,-2.0850889682769775,1.6044814586639404,1.048189640045166,-2.208702564239502
0.4551758749999989,0.0034223749999999996,133.0,3.1632579767689104,0.735908665384106,0.9556815727503579,0.0005362230425114513,-7.217072183480193e-5,0.00023529158814595253,0.06330632607942042,-0.4886262118816376,0.2547677755355835,0.14880159497261047,1.9502835273742676,-1.526618242263794,0.8208099603652954,-0.08090957999229431,0.24993735551834106,-2.1075804233551025,1.570547342300415,1.1151185035705566,-2.203402519226074
0.4551758749999989,0.0034223749999999996,133.0,3.1937348062917152,0.7665840666993753,0.9570693623180524,0.000772835042165157,-0.00010145323403920018,0.0003327224989954033,0.06327120465085384,-0.47086694836616516,0.24345733225345612,0.15908923745155334,1.9763625860214233,-1.4411252737045288,0.7497771978378296,-0.10195392370223999,0.176285058259964,-2.0733048915863037,1.4648947715759277,1.2405023574829102,-2.1552395820617676
0.4551758749999989,0.0034223749999999996,133.0,3.2235861942359403,0.7962140112994521,0.9581406951023246,0.0009429482174610421,-0.00012009441838168977,0.00039915291028765374,0.06326281714076683,-0.4369032084941864,0.22214949131011963,0.16955015063285828,1.976016640663147,-1.2975754737854004,0.6281689405441284,-0.16625000536441803,0.08173763751983643,-1.9635149240493774,1.301548957824707,1.3887871503829956,-2.0591161251068115
0.4551758749999989,0.0034223749999999996,133.0,3.2526683166186254,0.824965768694287,0.9597623631598069,0.0011612958293149179,-0.00014797028224006921,0.0004813535219020285,0.06324260323677247,-0.4072592556476593,0.20454376935958862,0.18046978116035461,1.973732590675354,-1.1666971445083618,0.509376049041748,-0.2484542280435562,0.0017058253288269043,-1.8614765405654907,1.1575465202331543,1.4936383962631226,-1.975553274154663
0.4551758749999989,0.0034223749999999996,133.0,3.280578248589964,0.8527787600360585,0.960277085955506,0.00132813150765904,-0.00016819140906660632,0.000544123789980663,0.06326823794862615,-0.3720310628414154,0.1833258420228958,0.18544986844062805,1.9248615503311157,-1.0325047969818115,0.38827991485595703,-0.3288649618625641,-0.0605623722076416,-1.738539218902588,1.005708932876587,1.5921046733856201,-1.8632566928863525
0.4551758749999989,0.0034223749999999996,133.0,3.3083476253640636,0.8795107357833527,0.9613475722855723,0.0015138996523342096,-0.00019364346152203634,0.0006134653472945178,0.06329057691857048,-0.3045436441898346,0.1534399390220642,0.20418038964271545,1.8189663887023926,0.006215889938175678,-0.18974590301513672,-0.6957875490188599,-0.34517693519592285,-2.2146518230438232,1.2075343132019043,1.236600399017334,-1.465701699256897
0.4551758749999989,0.0034223749999999996,133.0,3.3357738242240558,0.9051760781610786,0.9620908059967623,0.0017354075712298811,-0.0002201339072319019,0.0006966751950761739,0.06333582610569992,-0.27879568934440613,0.14449556171894073,0.21015700697898865,1.7933454513549805,0.07542385905981064,-0.28491902351379395,-0.7563065886497498,-0.38224852085113525,-2.1005687713623047,1.0588347911834717,1.2185767889022827,-1.4022395610809326
0.4551758749999989,0.0034223749999999996,133.0,3.3623047432461326,0.9300819120474599,0.9631167408277967,0.001958551783689422,-0.0002564429870243587,0.0007822334567996709,0.06337161034603665,-0.26081255078315735,0.13936130702495575,0.2138853371143341,1.7722313404083252,0.12226361781358719,-0.34780097007751465,-0.7979543805122375,-0.4037405252456665,-2.0238821506500244,0.9551451206207275,1.1885240077972412,-1.3591399192810059
0.4551758749999989,0.0034223749999999996,133.0,3.387793589992915,0.9540867602561269,0.9638485626554061,0.002204567757372185,-0.0002986679188273756,0.0008775869782003704,0.06342200097700273,-0.24324318766593933,0.13126841187477112,0.21207377314567566,1.7277718782424927,0.15375685691833496,-0.3980898857116699,-0.8246164321899414,-0.40878957509994507,-1.954598069190979,0.8792736530303955,1.1831332445144653,-1.3094688653945923
0.4551758749999989,0.0034223749999999996,133.0,3.412477601538428,0.9772738348759226,0.9644261443909613,0.0023842083610055246,-0.00033217521861096726,0.0009477872202628133,0.06347881334328234,-0.23289987444877625,0.12901856005191803,0.21429488062858582,1.712592601776123,0.18560850620269775,-0.43638014793395996,-0.8424363136291504,-0.41826683282852173,-1.9117661714553833,0.8217780590057373,1.1571369171142578,-1.2846171855926514
0.4551758749999989,0.0034223749999999996,133.0,3.4361776643375004,0.9996833132601843,0.964926468285618,0.0026160691230359633,-0.0003681973260217809,0.0010332907216473483,0.06353175556873045,-0.2299763262271881,0.12919694185256958,0.21452763676643372,1.7118726968765259,0.20554804801940918,-0.4484834671020508,-0.8479405641555786,-0.4209262728691101,-1.9220643043518066,0.8120031356811523,1.1613253355026245,-1.2813661098480225
0.4551758749999989,0.0034223749999999996,133.0,3.4594342947333523,1.0211564871320273,0.9657171892099546,0.0028487654583166174,-0.0004125978321308668,0.001121257805628063,0.06358213050379147,-0.22755971550941467,0.12963636219501495,0.21477118134498596,1.7121012210845947,0.21681398153305054,-0.45799732208251953,-0.8545519113540649,-0.42136573791503906,-1.9283106327056885,0.8032307624816895,1.1620378494262695,-1.2812421321868896
0.4551758749999989,0.0034223749999999996,133.0,3.4815197554810404,1.0419711675252976,0.9662657939386982,0.0030963919254822893,-0.00045410757390374715,0.0012110301457269091,0.06362476552122465,-0.22580459713935852,0.1310061514377594,0.21501627564430237,1.7133963108062744,0.228726327419281,-0.46686339378356934,-0.8568660616874695,-0.4208652973175049,-1.9351695775985718,0.7984766960144043,1.1586158275604248,-1.2831183671951294
0.4551758749999989,0.0034223749999999996,133.0,3.50338868965004,1.0616640660532226,0.9676703112529453,0.0033468339957096966,-0.0005113842495217519,0.0012962047662472853,0.06364959350341265,-0.2242865264415741,0.1301443874835968,0.21499726176261902,1.7125532627105713,0.22747424244880676,-0.47161126136779785,-0.8677679300308228,-0.4196288585662842,-1.9340407848358154,0.791715145111084,1.1660196781158447,-1.2835607528686523
0.4551758749999989,0.0034223749999999996,133.0,3.523879796032787,1.0808596499466376,0.9687581950269168,0.0035414555779187925,-0.0005507303126132228,0.0013591136394788157,0.06367884303112224,-0.2232917845249176,0.13251444697380066,0.21851858496665955,1.723915934562683,0.24089734256267548,-0.48403120040893555,-0.875637948513031,-0.4269247055053711,-1.928074836730957,0.7724552154541016,1.1445690393447876,-1.287493109703064
0.4551758749999989,0.0034223749999999996,133.0,3.5436714086901953,1.0990773158885965,0.969812695928024,0.003762803424517768,-0.0005950979963939455,0.0014292907273469704,0.06370401901303878,-0.22235208749771118,0.13210748136043549,0.2173955738544464,1.7205116748809814,0.24048317968845367,-0.4865882396697998,-0.8783488273620605,-0.4226183295249939,-1.932918906211853,0.7759337425231934,1.1554570198059082,-1.288517713546753
0.4551758749999989,0.0034223749999999996,133.0,3.5620547992358667,1.116519395503032,0.9700730761146898,0.0039479318532405,-0.000640951614122764,0.0014956592879560866,0.06375705005619785,-0.2209300994873047,0.13294333219528198,0.21901854872703552,1.7249051332473755,0.24139370024204254,-0.4946925640106201,-0.8879694938659668,-0.42402344942092896,-1.927296757698059,0.763117790222168,1.1466091871261597,-1.2914552688598633
0.4551758749999989,0.0034223749999999996,133.0,3.580096755263231,1.1331571765104411,0.9708488717432189,0.004171040744202497,-0.0006828656078920444,0.0015690504244145597,0.06378742749097456,-0.22011062502861023,0.13403922319412231,0.21983936429023743,1.7273622751235962,0.2507280111312866,-0.5020813941955566,-0.8886890411376953,-0.42495542764663696,-1.9296274185180664,0.7591214179992676,1.1435296535491943,-1.2930126190185547
0.4551758749999989,0.0034223749999999996,133.0,3.597160051990495,1.1488582972478378,0.9715599145938734,0.004361098051038023,-0.0007358934748539876,0.0016378708578579657,0.06382479596672058,-0.21881145238876343,0.13474376499652863,0.22172507643699646,1.7327896356582642,0.2563360333442688,-0.5103738307952881,-0.896354615688324,-0.42871636152267456,-1.9235198497772217,0.7441487312316895,1.1335700750350952,-1.294617772102356
0.4551758749999989,0.0034223749999999996,133.0,3.6133142424751856,1.1636266834921138,0.9718280801397469,0.004552491958515632,-0.0007782293848982417,0.0017022583797973844,0.06386572397284174,-0.2171640396118164,0.1329422891139984,0.21972140669822693,1.724853754043579,0.253456711769104,-0.5127823352813721,-0.8981338739395142,-0.4229242205619812,-1.9273970127105713,0.7482099533081055,1.1536873579025269,-1.2926523685455322
0.4551758749999989,0.0034223749999999996,133.0,3.628784309227329,1.1776552546411667,0.9724620580215245,0.004702294930712586,-0.0008150138658899164,0.0017475903861468702,0.0639012642602134,-0.21549853682518005,0.13281655311584473,0.21985819935798645,1.724254846572876,0.25641921162605286,-0.5194647312164307,-0.9005374312400818,-0.42229580879211426,-1.9249294996261597,0.7409045696258545,1.154053807258606,-1.2927207946777344
0.4551758749999989,0.0034223749999999996,133.0,3.643119567654088,1.1908991417373902,0.9729791820789887,0.004840081744167242,-0.0008465310781316761,0.0017783129956784403,0.06393669923787283,-0.21310782432556152,0.13155056536197662,0.2198631465435028,1.7227861881256104,0.2523893713951111,-0.5254056453704834,-0.9082081317901611,-0.42130130529403687,-1.9167542457580566,0.7273213863372803,1.1552761793136597,-1.292252779006958
0.4551758749999989,0.0034223749999999996,133.0,3.6571063901347687,1.2033381224655242,0.9741121565980927,0.004981554777243598,-0.0008941347152735573,0.0018247416426899897,0.06395852474824539,-0.211542546749115,0.1313726007938385,0.22111234068870544,1.7255489826202393,0.2586629390716553,-0.5337650775909424,-0.9115584492683411,-0.4236825108528137,-1.9148794412612915,0.7139570713043213,1.1519412994384766,-1.2926115989685059
0.4551758749999989,0.0034223749999999996,133.0,3.670335987938954,1.2148841106894028,0.974598029166421,0.005141707966639178,-0.0009117368813330355,0.001861421952159156,0.06398330297914322,-0.2102350890636444,0.13197937607765198,0.22223195433616638,1.7267858982086182,0.269402414560318,-0.5432593822479248,-0.9092094302177429,-0.425595760345459,-1.9147539138793945,0.706129789352417,1.1490219831466675,-1.2919566631317139
0.4551758749999989,0.0034223749999999996,133.0,3.6826954997237595,1.2258764384414447,0.9755946415345168,0.005303651844329852,-0.0009401162581008947,0.0019036018086210377,0.06399323017815527,-0.20973080396652222,0.13426245748996735,0.22412839531898499,1.7319633960723877,0.2878069281578064,-0.5532033443450928,-0.9030699133872986,-0.4297453761100769,-1.9165788888931274,0.6987698078155518,1.1355913877487183,-1.292963981628418
0.4551758749999989,0.0034223749999999996,133.0,3.6941125851198784,1.2363589101348322,0.9767707533958162,0.005463396278906661,-0.0009631471754711916,0.0019401106528570404,0.06399589058153099,-0.20955076813697815,0.13966156542301178,0.23118427395820618,1.7530425786972046,0.31027451157569885,-0.569451093673706,-0.907361626625061,-0.44465237855911255,-1.9032328128814697,0.6638820171356201,1.0806256532669067,-1.2987678050994873
0.4551758749999989,0.0034223749999999996,133.0,3.7045081330422893,1.245798328312693,0.9774592040073292,0.005645374834407556,-0.0009832606501549068,0.001987061176138288,0.0640099375665848,-0.20939311385154724,0.14311689138412476,0.23502209782600403,1.763340711593628,0.32889506220817566,-0.5805130004882812,-0.9057221412658691,-0.4527837038040161,-1.8979768753051758,0.6463143825531006,1.051025629043579,-1.3007737398147583
0.4551758749999989,0.0034223749999999996,133.0,3.713333430953832,1.2566089037865908,0.9802437060490717,0.0058949572513453796,-0.0010417361804784349,0.0020830876343200136,0.06383496128724571,-0.21159088611602783,0.14697743952274323,0.23206272721290588,1.7615355253219604,0.35110580921173096,-0.5767872333526611,-0.8829822540283203,-0.4449135661125183,-1.9280650615692139,0.6774134635925293,1.0532418489456177,-1.307055115699768
0.4551758749999989,0.0034223749999999996,133.0,3.722182252375173,1.2644723654076588,0.9811819063452423,0.006169186956793903,-0.0010923182451277674,0.0021713257952253578,0.06383320337419156,-0.212018221616745,0.14995090663433075,0.23232725262641907,1.7633980512619019,0.3701688051223755,-0.5815033912658691,-0.8712331652641296,-0.4455547332763672,-1.935996413230896,0.6821849346160889,1.042232871055603,-1.3083162307739258
0.4551758749999989,0.0034223749999999996,133.0,3.7298327178628963,1.2715440645421134,0.9817002287387083,0.006591031992181498,-0.0011562291118177507,0.0022992878236422266,0.06384416724534175,-0.21171841025352478,0.15208709239959717,0.23533013463020325,1.7708097696304321,0.38261157274246216,-0.5896918773651123,-0.8736528754234314,-0.45185065269470215,-1.9281154870986938,0.6646163463592529,1.019100308418274,-1.309277057647705
0.4551758749999989,0.0034223749999999996,133.0,3.7367568574654966,1.2778584565883302,0.9824901247297249,0.007290074166211264,-0.0012852196495270062,0.0025281909613468017,0.06384640406804662,-0.21201729774475098,0.1556806117296219,0.2387501299381256,1.7806650400161743,0.39788830280303955,-0.5975117683410645,-0.8760918974876404,-0.4586403965950012,-1.9189757108688354,0.6466481685638428,0.9839872121810913,-1.3121232986450195
0.4551758749999989,0.0034223749999999996,133.0,3.7427593123262968,1.2833563641569792,0.9828751189072142,0.008880614794753825,-0.0015609862060616873,0.003048318382008792,0.06385428917015831,-0.21183061599731445,0.15789100527763367,0.24146565794944763,1.7867491245269775,0.40828609466552734,-0.6052894592285156,-0.8851595520973206,-0.4618479013442993,-1.9058533906936646,0.627671480178833,0.9557321667671204,-1.314790964126587
0.4551758749999989,0.0034223749999999996,133.0,3.747935053811746,1.2883901615752131,0.9836514782605779,0.01651970022650649,-0.0029997738703707844,0.005489792113397814,0.06382649249092606,-0.21175739169120789,0.15715092420578003,0.24646452069282532,1.7930831909179688,0.4173515737056732,-0.6188125610351562,-0.9393656849861145,-0.45983392000198364,-1.859143853187561,0.5811207294464111,0.9161468744277954,-1.3225703239440918
0.4551758749999989,0.0034223749999999996,133.0,3.7659232816383157,-1.2180374342142877,0.912400989649232,-0.013984317478421599,-0.0011802827435615964,-0.006780187309135569,0.06805288422441032,-0.024764150381088257,0.1646200269460678,-0.15108966827392578,0.9053507447242737,0.3428538143634796,-1.0887513160705566,0.4491836428642273,0.15933361649513245,-0.369176983833313,0.552903413772583,0.40510550141334534,-1.0659430027008057
0.4551758749999989,0.0034223749999999996,133.0,3.7613116800038666,-1.2128816171940022,0.9129145649023017,-0.0075471402537051575,-0.00059113765356863,-0.0036786731612068785,0.06800864102224369,-0.026006072759628296,0.16773177683353424,-0.15078747272491455,0.9069040417671204,0.3300095498561859,-1.0846943855285645,0.4595647156238556,0.15534600615501404,-0.370868980884552,0.5808475017547607,0.36963897943496704,-1.0629971027374268
0.4551758749999989,0.0034223749999999996,133.0,3.75563062530473,-1.207281363683441,0.9127949930206118,-0.006201249784227477,-0.0004924247154513291,-0.0030229906626731955,0.0679864394416759,-0.02747359871864319,0.16903162002563477,-0.15155068039894104,0.9074043035507202,0.32854628562927246,-1.0789783000946045,0.4682767987251282,0.15351340174674988,-0.36533716320991516,0.5858538150787354,0.347137451171875,-1.0614941120147705
0.4551758749999989,0.0034223749999999996,133.0,3.7491482497345046,-1.201041618719196,0.9127811423412071,-0.005609198312065887,-0.00044099791974495104,-0.0027341906797618254,0.06797554705227192,-0.029213815927505493,0.1695321798324585,-0.1534193456172943,0.90646892786026,0.33293724060058594,-1.0709362030029297,0.4843815565109253,0.15263670682907104,-0.35671085119247437,0.5891506671905518,0.32424238324165344,-1.0596044063568115
0.4551758749999989,0.0034223749999999996,133.0,3.7417829841353494,-1.1940801284018503,0.9125673669093434,-0.0052645583648380885,-0.00043480329446623616,-0.002566067964833041,0.06796026291828497,-0.030979454517364502,0.16968831419944763,-0.15570300817489624,0.9044114947319031,0.3362395763397217,-1.0625252723693848,0.5040623545646667,0.1524403691291809,-0.3444789946079254,0.5915372371673584,0.29933691024780273,-1.0572903156280518
0.4551758749999989,0.0034223749999999996,133.0,3.732868793888007,-1.1879071294630257,0.9099511712559047,-0.005021433703708655,-0.00047041583478040443,-0.0024435294529686273,0.06801947606328733,-0.031497418880462646,0.16877348721027374,-0.15792733430862427,0.8999966979026794,0.3369923233985901,-1.05696439743042,0.5245285034179688,0.1532493531703949,-0.32700636982917786,0.5909378528594971,0.2778531610965729,-1.053689956665039
0.4551758749999989,0.0034223749999999996,133.0,3.7238883255905417,-1.1796381728859555,0.909769166976291,-0.004821157903795845,-0.00047674330442103895,-0.002347871379277604,0.06800853836311686,-0.033866703510284424,0.1683129370212555,-0.1614130437374115,0.895482063293457,0.343672513961792,-1.0454211235046387,0.5551183223724365,0.15396350622177124,-0.3086059093475342,0.5941407680511475,0.2448803186416626,-1.049866795539856
0.4551758749999989,0.0034223749999999996,133.0,3.714048708167857,-1.1701913157229655,0.9096060072417136,-0.004672646188309852,-0.0004672842158531573,-0.0022736767493051046,0.06799749902962231,-0.03543534874916077,0.1683674454689026,-0.16372254490852356,0.8928400874137878,0.34380489587783813,-1.0374112129211426,0.5736646056175232,0.15416470170021057,-0.2946302592754364,0.5947201251983643,0.22062993049621582,-1.0473556518554688
0.4551758749999989,0.0034223749999999996,133.0,3.7033774867228466,-1.16005485095366,0.9093754304231062,-0.0045390282826489195,-0.0004768717859749142,-0.002205894854445778,0.06798262528947828,-0.037937700748443604,0.16828981041908264,-0.1668710708618164,0.8885029554367065,0.34629613161087036,-1.025907039642334,0.6017599701881409,0.15459638833999634,-0.2743993401527405,0.5967402458190918,0.185586616396904,-1.0433769226074219
0.4551758749999989,0.0034223749999999996,133.0,3.691825317126439,-1.149181799171117,0.9093405960633384,-0.0044043626516717125,-0.0004777214840764957,-0.0021408799698376655,0.0679714775957413,-0.04014739394187927,0.16771934926509857,-0.17028871178627014,0.883206844329834,0.3496621251106262,-1.0148229598999023,0.6314671635627747,0.15558797121047974,-0.253708153963089,0.5983724594116211,0.15418431162834167,-1.0390350818634033
0.4551758749999989,0.0034223749999999996,133.0,3.6796173640512513,-1.1373325918804353,0.9092772207751957,-0.0042798493424134705,-0.00047162627324795166,-0.002079827887414015,0.06796580997954674,-0.04118102788925171,0.1671949177980423,-0.172801673412323,0.8776132464408875,0.34487980604171753,-1.007056474685669,0.6521413326263428,0.157419353723526,-0.23565912246704102,0.5973246097564697,0.12893185019493103,-1.0352061986923218
0.4551758749999989,0.0034223749999999996,133.0,3.666678344682198,-1.124701049959871,0.9091233900899599,-0.004153930405200717,-0.00046178962535981574,-0.0020152880210224052,0.06796203477040434,-0.041807353496551514,0.16658134758472443,-0.17492863535881042,0.8732189536094666,0.3428293764591217,-1.0014560222625732,0.6699973344802856,0.15816810727119446,-0.21935047209262848,0.5949370861053467,0.11189048737287521,-1.0315120220184326
0.4551758749999989,0.0034223749999999996,133.0,3.6531251031540997,-1.1111032910754746,0.9090666492015729,-0.004043173826713309,-0.00044389505559490165,-0.0019632870555906508,0.06796970858910693,-0.04145306348800659,0.166752889752388,-0.1756426990032196,0.8700910210609436,0.33469653129577637,-0.9985439777374268,0.674415111541748,0.15872538089752197,-0.20940259099006653,0.5895850658416748,0.10046745091676712,-1.0288331508636475
0.4551758749999989,0.0034223749999999996,133.0,3.6388777232355984,-1.0967961481904351,0.9088879821892987,-0.003901705895478084,-0.00043019886792809145,-0.0018968946666178877,0.06798174522213112,-0.039078474044799805,0.16512249410152435,-0.17659175395965576,0.8621886968612671,0.32540056109428406,-0.9999144077301025,0.6806698441505432,0.16258984804153442,-0.19803303480148315,0.5814683437347412,0.09804955124855042,-1.024804949760437
0.4551758749999989,0.0034223749999999996,133.0,3.6233131456820042,-1.081472016031381,0.9089379228855087,-0.0037242300126860747,-0.00040611514748165837,-0.0018165132760394399,0.06798091601637357,-0.03939259052276611,0.16538336873054504,-0.1775932013988495,0.8581913709640503,0.31895220279693604,-0.9949257373809814,0.6893890500068665,0.1630711853504181,-0.18555192649364471,0.5772082805633545,0.07799527794122696,-1.0211870670318604
0.4551758749999989,0.0034223749999999996,133.0,3.607063614056836,-1.0652912786994888,0.9088643536837699,-0.0035586382250176966,-0.00039007092741410543,-0.0017392009274034901,0.06798005318799571,-0.03914898633956909,0.16603301465511322,-0.17755141854286194,0.8557648062705994,0.3137151002883911,-0.9928066730499268,0.6903650164604187,0.16243788599967957,-0.1770450472831726,0.5712172985076904,0.06428701430559158,-1.0180261135101318
0.4551758749999989,0.0034223749999999996,133.0,3.589773750084353,-1.0483980232986054,0.9090460675844079,-0.0033697566446788617,-0.0003661297734472953,-0.0016537249086499954,0.06797890423591411,-0.03899967670440674,0.16561424732208252,-0.17879313230514526,0.8490533232688904,0.3049701452255249,-0.9885282516479492,0.7022512555122375,0.16453954577445984,-0.16164647042751312,0.5662691593170166,0.04192270338535309,-1.0133588314056396
0.4551758749999989,0.0034223749999999996,133.0,3.5719550302722154,-1.0306137644435531,0.9090856494925522,-0.003189001944009159,-0.0003412436870832668,-0.0015738009319693168,0.06799057402136495,-0.03638467192649841,0.1643388718366623,-0.1788884699344635,0.8413466215133667,0.2934005856513977,-0.9915504455566406,0.7036411762237549,0.16796815395355225,-0.15155526995658875,0.5565669536590576,0.03608423471450806,-1.009100079536438
0.4551758749999989,0.0034223749999999996,133.0,3.5529242106355263,-1.0118234423972006,0.9090803250110252,-0.003004182456086308,-0.00032359295006281,-0.0014872132772369687,0.06798031498322624,-0.03682124614715576,0.16520872712135315,-0.1793329119682312,0.8378075361251831,0.2872296869754791,-0.9861347675323486,0.7099250555038452,0.16718381643295288,-0.13726210594177246,0.5501928329467773,0.01057281531393528,-1.0046530961990356
0.4551758749999989,0.0034223749999999996,133.0,3.53319994545859,-0.9924586230710476,0.9090982192712271,-0.0028376048565013673,-0.00030995463381593814,-0.0014109996555415714,0.0679764108298271,-0.03638482093811035,0.16459031403064728,-0.18071675300598145,0.8289248943328857,0.27661871910095215,-0.9810037612915039,0.7245839238166809,0.16957518458366394,-0.11536063998937607,0.5422961711883545,-0.01721525751054287,-0.9980963468551636
0.4551758749999989,0.0034223749999999996,133.0,3.512715814655779,-0.972149775044607,0.9091073793153124,-0.0026195683269660775,-0.00028550917762334044,-0.0013103996506421776,0.06797731670419645,-0.03499650955200195,0.1641104519367218,-0.18119078874588013,0.8201984167098999,0.26562151312828064,-0.9791691303253174,0.7321805357933044,0.1716427206993103,-0.09583957493305206,0.5318763256072998,-0.0394575409591198,-0.9913769960403442
0.4551758749999989,0.0034223749999999996,133.0,3.4910782082493768,-0.9516235785149992,0.9094975879220233,-0.002404250984145765,-0.0002665154586056435,-0.0012087472691276933,0.0679682432333105,-0.03594997525215149,0.16123004257678986,-0.18514031171798706,0.8011099696159363,0.26626768708229065,-0.9678599834442139,0.7762796878814697,0.1772950291633606,-0.05348743125796318,0.5263457298278809,-0.08334832638502121,-0.9779704213142395
0.4551758749999989,0.0034223749999999996,133.0,3.4688343721944124,-0.9296356415850398,0.9094799826638692,-0.0021998058565851778,-0.00024276899094769687,-0.0011124104300107307,0.06796409140265641,-0.03452149033546448,0.1605752408504486,-0.1860666275024414,0.7887929677963257,0.2517835199832916,-0.9641640186309814,0.7875164747238159,0.18028861284255981,-0.025437932461500168,0.513331413269043,-0.11481493711471558,-0.9685622453689575
0.4551758749999989,0.0034223749999999996,133.0,3.4453547565060285,-0.9064774599460664,0.9094422169757586,-0.001997822772030573,-0.00021619600638641433,-0.0010153039705001307,0.06794401583187132,-0.0341455340385437,0.1606854796409607,-0.1874992847442627,0.775133490562439,0.23707187175750732,-0.9555668830871582,0.8025135397911072,0.18237972259521484,0.010848878882825375,0.49983763694763184,-0.1606641560792923,-0.9568371772766113
0.4551758749999989,0.0034223749999999996,133.0,3.42114405463481,-0.8824086822275942,0.9091668919102993,-0.0018350856702348912,-0.00019914889881969048,-0.0009383305623855512,0.06792236518411982,-0.03293883800506592,0.16071972250938416,-0.18873222172260284,0.7583165168762207,0.21950732171535492,-0.9477255344390869,0.8149121999740601,0.18483835458755493,0.05280034989118576,0.4823899269104004,-0.2089499980211258,-0.9423084259033203
0.4551758749999989,0.0034223749999999996,133.0,3.396121394556849,-0.8576286936554964,0.9092178961564837,-0.001635790150047491,-0.00017134334853941363,-0.0008445646021956,0.06790720975704019,-0.032294005155563354,0.15828564763069153,-0.19274701178073883,0.7120934724807739,0.19624663889408112,-0.9084348678588867,0.8550464510917664,0.1978241503238678,0.08324030786752701,0.476609468460083,-0.2364923059940338,-0.9092763066291809
0.4551758749999989,0.0034223749999999996,133.0,3.3701462207100943,-0.8322660020731394,0.9094550719316793,-0.0014519399750219804,-0.00015179085138309587,-0.0007564197413767075,0.06788136955329012,-0.03293880820274353,0.15356342494487762,-0.19640864431858063,0.6500736474990845,0.16741876304149628,-0.8570513725280762,0.905784010887146,0.21517795324325562,0.12283828109502792,0.4740302562713623,-0.24673980474472046,-0.8649699091911316
0.4551758749999989,0.0034223749999999996,133.0,3.343623685713092,-0.8065482940236669,0.9096117484226814,-0.0012708298540791071,-0.00013496526773821706,-0.0006661126495139674,0.0678610698089799,-0.03453543782234192,0.1474454402923584,-0.19746549427509308,0.5870223045349121,0.13737566769123077,-0.806725025177002,0.9501838684082031,0.2314518690109253,0.17882558703422546,0.46827125549316406,-0.23957380652427673,-0.818559467792511
0.4551758749999989,0.0034223749999999996,133.0,3.3161538470417344,-0.7795594991079684,0.9096679310939491,-0.0011212028199722717,-0.00011735963400077455,-0.0005913300822526865,0.06783370921792897,-0.036104053258895874,0.14157699048519135,-0.19465617835521698,0.5136723518371582,0.09476766735315323,-0.7373230457305908,0.9731812477111816,0.2501622140407562,0.22493761777877808,0.46795082092285156,-0.19316551089286804,-0.7643918395042419
0.4551758749999989,0.0034223749999999996,133.0,3.288237371394951,-0.7519594293747364,0.9095646074816205,-0.0009878340473231436,-0.00010304417701403548,-0.0005235274135901877,0.06781783846794129,-0.0874948501586914,0.18369437754154205,-0.16309526562690735,0.5575101375579834,0.07342251390218735,-0.7379307746887207,0.4871208667755127,0.4082833528518677,-0.07621277868747711,0.7968990802764893,-0.13417717814445496,-0.9692956209182739
0.4551758749999989,0.0034223749999999996,133.0,3.2593644911866657,-0.7236618357147538,0.9093464331193452,-0.0008155520735308995,-8.76182181351651e-5,-0.0004323921637686553,0.06779365151070124,-0.09396499395370483,0.172281414270401,-0.15930727124214172,0.47528761625289917,0.07024102658033371,-0.6425917148590088,0.5290738940238953,0.4148940145969391,0.02493872679769993,0.8601677417755127,-0.05898648500442505,-0.8938971757888794
0.4551758749999989,0.0034223749999999996,133.0,3.229718768257913,-0.6945794977230604,0.9091972491097035,-0.0006847157916990209,-7.617561297246388e-5,-0.00036320270917367944,0.067772904611939,-0.10058501362800598,0.1618104875087738,-0.15301790833473206,0.3947084844112396,0.0641016960144043,-0.51851487159729,0.5481802225112915,0.4312862157821655,0.09889330714941025,0.9250965118408203,0.044635482132434845,-0.830032229423523
0.4551758749999989,0.0034223749999999996,133.0,3.1991996933367592,-0.6643497146167665,0.9089081149786851,-0.0005140289614799005,-5.872030716894666e-5,-0.0002730149851348598,0.06775189788203582,-0.10495376586914062,0.15465225279331207,-0.14854297041893005,0.3301161825656891,0.0618102103471756,-0.3902733325958252,0.5407975316047668,0.4428326487541199,0.14902593195438385,0.9706535339355469,0.11953800171613693,-0.7772485613822937
0.4551758749999989,0.0034223749999999996,133.0,3.167914874425872,-0.6328807268687516,0.9083905591775585,-0.0003229195584715687,-3.676945450338547e-5,-0.0001717373070272606,0.06773817612858105,-0.10653769969940186,0.1513269543647766,-0.1474381685256958,0.2868376672267914,0.065192811191082,-0.2778434753417969,0.5056324005126953,0.4395192265510559,0.16928164660930634,0.9973294734954834,0.15871039032936096,-0.7308103442192078
0.4551758749999989,0.0034223749999999996,133.0,3.1356984045628,-0.6006598259979296,0.9079589393363472,-0.00015092375157398644,-1.7506176224418147e-5,-8.046464589530071e-5,0.06772063125309655,-0.10881438851356506,0.1489446461200714,-0.14892011880874634,0.254718542098999,0.07749805599451065,-0.16202425956726074,0.4722800850868225,0.4342789053916931,0.18723270297050476,1.014336109161377,0.16711069643497467,-0.6936421990394592
0.4551758749999989,0.0034223749999999996,133.0,3.1026542062728946,-0.5682908592934509,0.9078495784523697,1.673160823232012e-5,2.027690546158106e-6,8.953285609274045e-6,0.06770444851203596,-0.10673937201499939,0.1438860446214676,-0.1518324613571167,0.2322801947593689,0.09241405874490738,-0.12526893615722656,0.47281304001808167,0.4322603940963745,0.25330665707588196,0.9980106353759766,0.15182656049728394,-0.6690517663955688
0.4551758749999989,0.0034223749999999996,133.0,3.0687022754053404,-0.5346149752570148,0.907512478344976,0.00018484514675815372,2.303193782849362e-5,9.902716337638815e-5,0.06768502096877833,-0.10575288534164429,0.14195887744426727,-0.1551518440246582,0.22199277579784393,0.10175349563360214,-0.09922599792480469,0.47538647055625916,0.42534685134887695,0.3004992604255676,0.9858191013336182,0.13024477660655975,-0.6517845392227173
0.4551758749999989,0.0034223749999999996,133.0,3.03374946089351,-0.49964525664975484,0.9068940480288109,0.0003670581637142789,4.658734052997789e-5,0.0001968137419246734,0.06765982633794575,-0.10639217495918274,0.14295990765094757,-0.15863385796546936,0.22340886294841766,0.1057659313082695,-0.08764767646789551,0.48133936524391174,0.41424283385276794,0.3276960849761963,0.9812164306640625,0.1085786446928978,-0.6421157121658325
0.4551758749999989,0.0034223749999999996,133.0,2.9980243177146155,-0.46426029550180603,0.9065509163614724,0.0005103150298863533,6.656442746348072e-5,0.00027416816449842094,0.06763771864867235,-0.10770180821418762,0.14273783564567566,-0.16022470593452454,0.2180289328098297,0.10915862023830414,-0.06878662109375,0.4930858910083771,0.41315171122550964,0.35082000494003296,0.9823811054229736,0.10080324858427048,-0.6356769800186157
0.4551758749999989,0.0034223749999999996,133.0,2.9614967108137646,-0.4280670459427489,0.9061967532508699,0.0006718620213388909,9.008801132589654e-5,0.0003616348034338204,0.067615894904936,-0.10906556248664856,0.1425134837627411,-0.16184547543525696,0.2124418020248413,0.1122037023305893,-0.0500035285949707,0.5054683685302734,0.412320077419281,0.37346556782722473,0.9840903282165527,0.09381017833948135,-0.6292866468429565
0.4551758749999989,0.0034223749999999996,133.0,2.924206602437416,-0.39107867000911634,0.9058411284538916,0.000843928169669725,0.00011637543533231441,0.0004549334196927614,0.06759538155768467,-0.11017477512359619,0.1421220749616623,-0.1635538637638092,0.20653057098388672,0.11457572877407074,-0.031464576721191406,0.5179885029792786,0.41137146949768066,0.39760252833366394,0.9846887588500977,0.08663780242204666,-0.6224400997161865
0.4551758749999989,0.0034223749999999996,133.0,2.886190286795808,-0.35332983930259865,0.9054469730083788,0.0010393172927537252,0.00014770458592444226,0.000560985599605164,0.06757720011723861,-0.11080867052078247,0.14139613509178162,-0.16544878482818604,0.2004346251487732,0.114954374730587,-0.013995885848999023,0.5305188298225403,0.41031283140182495,0.4230485260486603,0.9832799434661865,0.08057122677564621,-0.6152815222740173
0.4551758749999989,0.0034223749999999996,133.0,2.8473858166799273,-0.31476707253316627,0.9050664971971205,0.0012248405044006198,0.00017907564075931638,0.0006616031066338887,0.0675608015724318,-0.11122620105743408,0.14054915308952332,-0.16745227575302124,0.1942114233970642,0.11413966864347458,0.0028879642486572266,0.5432911515235901,0.4093812108039856,0.44918182492256165,0.9810233116149902,0.07481733709573746,-0.6081133484840393
0.4551758749999989,0.0034223749999999996,133.0,2.8075930760971923,-0.2758487571646494,0.904841588633253,0.0013448049238928951,0.00020690751276934474,0.0007266276730845104,0.06754356059960083,-0.11251586675643921,0.137550950050354,-0.1684153974056244,0.17917823791503906,0.12123961001634598,0.03237175941467285,0.561538815498352,0.4197733998298645,0.49523502588272095,0.9796271324157715,0.07246877998113632,-0.6034373641014099
0.4551758749999989,0.0034223749999999996,133.0,2.766961032624457,-0.23557406612650786,0.9044712961791377,0.001498347159111046,0.00023739809360455086,0.0008111391172688921,0.06752290877039381,-0.11394354701042175,0.13725481927394867,-0.170244038105011,0.1733463853597641,0.12224457412958145,0.048668861389160156,0.5773139595985413,0.42023026943206787,0.5166390538215637,0.9821755886077881,0.06936571002006531,-0.5980868339538574
0.4551758749999989,0.0034223749999999996,133.0,2.7252412577147025,-0.19370128957012572,0.9036621036024721,0.0016478496968388892,0.00026671872283026455,0.0008948976644226899,0.06748928385363026,-0.11603748798370361,0.14020274579524994,-0.17386111617088318,0.18116141855716705,0.11797785013914108,0.04785752296447754,0.5916798114776611,0.4073426425457001,0.5240583419799805,0.9887111186981201,0.05606190115213394,-0.5930947065353394
0.4551758749999989,0.0034223749999999996,133.0,2.6840151417092692,-0.15074122831361456,0.9060075653809148,0.0017885344510767177,0.0002802470044699723,0.0009785102867117823,0.06741427637836672,-0.11565983295440674,0.13806378841400146,-0.1755824089050293,0.16498950123786926,0.11426550149917603,0.0692136287689209,0.5979976654052734,0.4123570919036865,0.5333002805709839,0.9906527996063232,0.0676523745059967,-0.5818942189216614
0.4551758749999989,0.0034223749999999996,133.0,2.64041522781026,-0.10796297862552348,0.9055387951857587,0.0018841215847382373,0.0003176870930513102,0.0010348989426443717,0.0673702291145066,-0.119244784116745,0.13375720381736755,-0.1768183410167694,0.14473290741443634,0.13205812871456146,0.10619926452636719,0.6323345899581909,0.4343593716621399,0.6046828627586365,0.9955551624298096,0.06968332082033157,-0.583592414855957
0.4551758749999989,0.0034223749999999996,133.0,2.5940400577499894,-0.06373938344935487,0.9058203821152483,0.0018548927852977768,0.00032606090618470256,0.0010407329622423036,0.06727377067232913,-0.1493731439113617,0.15561643242835999,-0.17655929923057556,0.17838984727859497,0.17063403129577637,0.1284804344177246,0.6707467436790466,0.4303625822067261,0.5004236102104187,1.1584601402282715,0.02999168075621128,-0.6140139102935791
0.4551758749999989,0.0034223749999999996,133.0,2.540747587576089,-0.00653074941219622,0.9028741478570728,0.0017412174202091663,2.3759803065522058e-5,0.00106237437526853,0.06687222202731764,-0.23199734091758728,0.2896251976490021,-0.1589551866054535,0.46214407682418823,0.01307422760874033,0.22504401206970215,-0.11535057425498962,0.5894452929496765,-1.4607044458389282,2.007720470428467,-0.25344690680503845,-1.0546655654907227
0.4551758749999989,0.0034223749999999996,133.0,2.480268350494016,0.04006501191263458,0.9044530350439168,0.00010408483123646803,-7.07691917587962e-6,6.673939774685151e-5,0.06585886112937789,-0.3672950565814972,0.1751338243484497,-0.1366315484046936,0.8734119534492493,-0.5239091515541077,0.7265152931213379,0.6378921270370483,0.13487669825553894,-1.522436261177063,2.2483434677124023,-0.13131195306777954,-1.0075992345809937
0.4551758749999989,0.0034223749999999996,133.0,2.5194019017274862,0.06889038255445386,0.9077451297362514,-0.0017509812509667552,-0.00010567941267606357,-0.0011035030168082,0.06534201882917251,-0.3742818534374237,0.18316355347633362,-0.08674576878547668,1.1480004787445068,-0.5435729622840881,0.7163782119750977,0.44408562779426575,0.09400957822799683,-1.6533609628677368,2.192549705505371,0.09613064676523209,-1.2420654296875
0.4551758749999989,0.0034223749999999996,133.0,2.5503199254579405,0.12070345962171515,0.9203517259566294,-0.0020434413593930782,0.00019756881050880638,-0.001207725056609885,0.06426294277315642,-0.441493958234787,0.21682170033454895,0.01537233591079712,1.5388686656951904,-1.0161070823669434,0.7537496089935303,-0.17045985162258148,0.28231164813041687,-1.967092514038086,2.181273937225342,0.4569476544857025,-1.822047472000122
0.4551758749999989,0.0034223749999999996,133.0,2.5849476239011597,0.17060825932393447,0.9291942756661241,-0.002089731060870333,0.0003450948800153441,-0.0011544351405314414,0.06363228751197311,-0.4712968170642853,0.239053413271904,0.045896947383880615,1.6125236749649048,-1.3085108995437622,0.7825907468795776,-0.3215528130531311,0.4030710458755493,-2.072916269302368,2.1401448249816895,0.43418535590171814,-2.0171127319335938
0.4551758749999989,0.0034223749999999996,133.0,2.626213594285803,0.2160577966306623,0.9321196768901416,-0.001990620909986874,0.0003395474224939259,-0.001064566793810338,0.06349679279519514,-0.4708664119243622,0.2423715442419052,0.05908814072608948,1.6732699871063232,-1.291427731513977,0.7794528007507324,-0.29105713963508606,0.3649638891220093,-2.0854265689849854,2.0763416290283203,0.49370071291923523,-2.039872884750366
0.4551758749999989,0.0034223749999999996,133.0,2.6676034877058523,0.2593537047599063,0.9338765052948108,-0.0018319776619935414,0.0003165816123331069,-0.000958184082779218,0.06343885794066732,-0.46999093890190125,0.24436122179031372,0.07244881987571716,1.7220335006713867,-1.3100606203079224,0.7719271183013916,-0.3011772632598877,0.3473441004753113,-2.0762269496917725,2.007294178009033,0.5515052676200867,-2.07100248336792
0.4551758749999989,0.0034223749999999996,133.0,2.7085608052449963,0.30121788981628805,0.9349330586357297,-0.0016309889690690486,0.0002787751327922302,-0.0008381105042860443,0.06343499843118106,-0.47162505984306335,0.24688510596752167,0.08023259043693542,1.7460041046142578,-1.336559534072876,0.7829078435897827,-0.2890757620334625,0.34611332416534424,-2.077139377593994,1.967055320739746,0.590846836566925,-2.093843698501587
0.4551758749999989,0.0034223749999999996,133.0,2.748564575808799,0.3421773181950566,0.9351869225835275,-0.0015388932145864195,0.0002544503671727855,-0.0007835020987497062,0.06343252624657852,-0.47550222277641296,0.24893665313720703,0.08164295554161072,1.7434697151184082,-1.3757730722427368,0.8078795671463013,-0.24383418262004852,0.35949862003326416,-2.0899243354797363,1.9495224952697754,0.624409019947052,-2.1050617694854736
0.4551758749999989,0.0034223749999999996,133.0,2.7880329585868835,0.38236565581671556,0.936278600663192,-0.001322441865004216,0.00021461769104574844,-0.0006609187011100304,0.06339897460691864,-0.4774806797504425,0.2504337430000305,0.08798041939735413,1.7655240297317505,-1.3971326351165771,0.8190449476242065,-0.22213266789913177,0.3536188006401062,-2.0922558307647705,1.9126029014587402,0.6635850667953491,-2.121375799179077
0.4551758749999989,0.0034223749999999996,133.0,2.826735488750852,0.42163914458690216,0.937524015490952,-0.0011560741749299247,0.00018383350143493028,-0.0005663666132503728,0.06337631560998648,-0.47638264298439026,0.2513151168823242,0.09897497296333313,1.8119257688522339,-1.389170527458191,0.8125898838043213,-0.21097278594970703,0.3231493830680847,-2.089040756225586,1.8563766479492188,0.717461347579956,-2.1372475624084473
0.4551758749999989,0.0034223749999999996,133.0,2.8643301386242506,0.46008552551714504,0.9383662006066772,-0.000943231973174887,0.00014712591809337415,-0.00045493574894669167,0.06336040684088697,-0.47799965739250183,0.2524774372577667,0.10552403330802917,1.8336483240127563,-1.4105346202850342,0.8193467855453491,-0.18981553614139557,0.3158568739891052,-2.092973470687866,1.817319393157959,0.7616302371025085,-2.151824951171875
0.4551758749999989,0.0034223749999999996,133.0,2.901114728514696,0.4976472222292823,0.9391560592676245,-0.0007530912203211025,0.00011507560332833265,-0.0003579245330437518,0.06334690766242375,-0.4793885052204132,0.2534394860267639,0.11179450154304504,1.8545726537704468,-1.4281703233718872,0.8242489099502563,-0.1689489185810089,0.3069799244403839,-2.095526695251465,1.7798752784729004,0.8052008152008057,-2.16399884223938
0.4551758749999989,0.0034223749999999996,133.0,2.9370689781994272,0.5343438388230537,0.9399019477994628,-0.0005705436385169485,8.533305939714822e-5,-0.0002674429196568824,0.06333361217556166,-0.4806084930896759,0.2542217969894409,0.11754879355430603,1.874315619468689,-1.441159725189209,0.8278535604476929,-0.14822877943515778,0.2966005802154541,-2.096836566925049,1.74534273147583,0.8464809656143188,-2.173471689224243
0.4551758749999989,0.0034223749999999996,133.0,2.9722053083918407,0.5701600597708407,0.9405542190467928,-0.000393202573668255,5.74711036003045e-5,-0.00018203755571087236,0.06332245041154234,-0.48158344626426697,0.25484469532966614,0.12279680371284485,1.8927640914916992,-1.4487941265106201,0.8296561241149902,-0.1282091587781906,0.284682959318161,-2.0960774421691895,1.713737964630127,0.8855159282684326,-2.1800854206085205
0.4551758749999989,0.0034223749999999996,133.0,3.0064800402597496,0.6051275906932857,0.9411775283825315,-0.00022108718843816475,3.157922027079886e-5,-0.00010122263525609144,0.06330903700951339,-0.48244908452033997,0.25537845492362976,0.12757143378257751,1.9102212190628052,-1.45063054561615,0.8297021389007568,-0.11043360829353333,0.27130597829818726,-2.0934338569641113,1.686126708984375,0.9210719466209412,-2.184217691421509
0.4551758749999989,0.0034223749999999996,133.0,3.0391615217967596,0.6394026768986967,0.941071799734633,-6.597370678657577e-5,9.20094834051129e-6,-3.0143798727427045e-5,0.06330302881019587,-0.48700210452079773,0.25753024220466614,0.12763741612434387,1.9018803834915161,-1.4822086095809937,0.8550527095794678,-0.0802365094423294,0.28446435928344727,-2.104200839996338,1.6821784973144531,0.9393634796142578,-2.1893057823181152
0.4551758749999989,0.0034223749999999996,133.0,3.071006540588819,0.6729001631967643,0.9415062600268862,0.0001427441333997111,-1.973917861329837e-5,6.476370493901352e-5,0.06327372642850077,-0.49082645773887634,0.2592284381389618,0.1304304301738739,1.906461238861084,-1.5033173561096191,0.8693547248840332,-0.07083699107170105,0.2883336842060089,-2.1090216636657715,1.6717853546142578,0.9577298164367676,-2.197859287261963
0.4551758749999989,0.0034223749999999996,133.0,3.1037494293904615,0.7032619846780935,0.9402689543915791,0.00033710869146152137,-4.5087867855489035e-5,0.00014998013914630304,0.06343147112582405,-0.4849216639995575,0.25707894563674927,0.13973280787467957,1.932145118713379,-1.495579481124878,0.8237299919128418,-0.09331916272640228,0.2631545960903168,-2.0846874713897705,1.6131095886230469,1.025670051574707,-2.1982390880584717
0.4551758749999989,0.0034223749999999996,133.0,3.1340036492516297,0.7350515734846167,0.9407534595166553,0.0005341421598835642,-7.066122741778635e-5,0.0002355833044863736,0.0634115814332565,-0.486735075712204,0.2572743594646454,0.14339324831962585,1.9342635869979858,-1.5206987857818604,0.8295124769210815,-0.07792729139328003,0.2624325752258301,-2.1025614738464355,1.587350845336914,1.0755361318588257,-2.1998322010040283
0.4551758749999989,0.0034223749999999996,133.0,3.16441546285018,0.7657703184774054,0.9420953073972417,0.0007698200284932463,-9.932110205130163e-5,0.0003333529837602699,0.06337423095980144,-0.48238810896873474,0.2547241449356079,0.152075856924057,1.9677735567092896,-1.4886515140533447,0.7992379665374756,-0.06485068798065186,0.21651935577392578,-2.1190974712371826,1.5335001945495605,1.1609827280044556,-2.1873691082000732
0.4551758749999989,0.0034223749999999996,133.0,3.1941081125310733,0.7955088787370158,0.9431397645719822,0.0009393767093623019,-0.00011753746380306454,0.0004003088451744238,0.06335850328485247,-0.46500489115715027,0.24350585043430328,0.16073951125144958,1.9842249155044556,-1.413938045501709,0.730599045753479,-0.08084727823734283,0.1511034369468689,-2.084588050842285,1.4317409992218018,1.2836763858795166,-2.137930154800415
0.4551758749999989,0.0034223749999999996,133.0,3.2230027775882717,0.8243761626988337,0.9446858489299521,0.001156984177717037,-0.00014461639845427332,0.0004834077560992658,0.06333167945682261,-0.43332788348197937,0.2238718420267105,0.17324206233024597,1.9916276931762695,-1.2812477350234985,0.6065101623535156,-0.17080174386501312,0.0642004907131195,-1.9712814092636108,1.2751655578613281,1.4103893041610718,-2.0570898056030273
0.4551758749999989,0.0034223749999999996,133.0,3.2506709604430224,0.8523425202418703,0.9451434053152795,0.001323448685333101,-0.00016403341420442624,0.0005472624868682933,0.06334704848699894,-0.4001632630825043,0.20289981365203857,0.17880907654762268,1.954197645187378,-1.1630054712295532,0.4933973550796509,-0.24526648223400116,0.0014662742614746094,-1.862117886543274,1.1272063255310059,1.5307427644729614,-1.9559071063995361
0.4551758749999989,0.0034223749999999996,133.0,3.278109812913516,0.8792473602666586,0.9461273643200241,0.001510570745947502,-0.0001860532413944155,0.000614859047468925,0.06335646629491709,-0.3677338659763336,0.18381285667419434,0.18629595637321472,1.924419641494751,-1.0232816934585571,0.36940479278564453,-0.3253539502620697,-0.0695924162864685,-1.7462712526321411,0.9827449321746826,1.6138341426849365,-1.8538599014282227
0.4551758749999989,0.0034223749999999996,133.0,3.305223284325142,0.9050481475058493,0.9467796812609917,0.0017336905411921778,-0.00020812554023945655,0.0006961122824176406,0.06338900822015361,-0.3044355809688568,0.15746133029460907,0.20713099837303162,1.8359649181365967,0.013216819614171982,-0.20183062553405762,-0.6922675967216492,-0.347973108291626,-2.2322375774383545,1.1970903873443604,1.243084192276001,-1.4799997806549072
0.4551758749999989,0.0034223749999999996,133.0,3.3316127140234757,0.930010335975603,0.9477705924300505,0.001956712169387165,-0.00024283427531987802,0.0007826918362916375,0.06341830946819839,-0.27987441420555115,0.1485213339328766,0.21161553263664246,1.808778166770935,0.07347463816404343,-0.2875206470489502,-0.7549669146537781,-0.37969154119491577,-2.125584363937378,1.0602314472198486,1.223238468170166,-1.4203855991363525
0.4551758749999989,0.0034223749999999996,133.0,3.3569341472437584,0.9541129184347769,0.9484919278741953,0.0022028784066363237,-0.0002831954628649425,0.0008790630743254339,0.06346046892879448,-0.25717106461524963,0.1375100463628769,0.21023544669151306,1.7567248344421387,0.1151653528213501,-0.3539283275604248,-0.7961483001708984,-0.3920246958732605,-2.033802032470703,0.9577345848083496,1.2220606803894043,-1.3556822538375854
0.4551758749999989,0.0034223749999999996,133.0,3.381531302326979,0.9773312605568801,0.9490333837927983,0.0023824610868923377,-0.00031552372420129963,0.0009501955315872106,0.06351334295046794,-0.24299153685569763,0.13322237133979797,0.21270355582237244,1.7352694272994995,0.15525102615356445,-0.4038527011871338,-0.8225034475326538,-0.4067346453666687,-1.9738852977752686,0.8800787925720215,1.1958144903182983,-1.3192110061645508
0.4551758749999989,0.0034223749999999996,133.0,3.405187015984555,0.9997569141822803,0.9494991699283409,0.002614119643578952,-0.00035014157742742504,0.0010363752166180462,0.06356492329573595,-0.23256254196166992,0.1305798441171646,0.21466097235679626,1.7191153764724731,0.18707694113254547,-0.4414033889770508,-0.8409144878387451,-0.4162457585334778,-1.930889368057251,0.8233480453491211,1.1712416410446167,-1.2933540344238281
0.4551758749999989,0.0034223749999999996,133.0,3.428306634726999,1.021273021151888,0.9502394918941771,0.002849673949052636,-0.00038780316893043966,0.0011202744487073895,0.06361026636465857,-0.22732853889465332,0.12996400892734528,0.21507588028907776,1.7127901315689087,0.20517832040786743,-0.45922160148620605,-0.8513252139091492,-0.41872960329055786,-1.9225444793701172,0.7998645305633545,1.1628047227859497,-1.2845618724822998
0.4551758749999989,0.0034223749999999996,133.0,3.4504939181326746,1.0420401531861738,0.9508060723769062,0.0030941218218548797,-0.00043245102305895295,0.001215206822437069,0.06365746483771821,-0.22505104541778564,0.13107293844223022,0.21513453125953674,1.7128262519836426,0.2201995551586151,-0.46888065338134766,-0.8544484972953796,-0.41869235038757324,-1.9319686889648438,0.7940757274627686,1.1610260009765625,-1.284740924835205
0.4551758749999989,0.0034223749999999996,133.0,3.472357260032995,1.0617534728425684,0.952219628973487,0.0033445513936980202,-0.0004881295837166262,0.0013007931937923072,0.0636818403651971,-0.22314885258674622,0.13003626465797424,0.21492138504981995,1.7109442949295044,0.22171810269355774,-0.4741027355194092,-0.8656196594238281,-0.41761988401412964,-1.9336316585540771,0.7869534492492676,1.1699506044387817,-1.284006118774414
0.4551758749999989,0.0034223749999999996,133.0,3.4928051859297806,1.0809592920084379,0.9532493811610218,0.0035388581832850705,-0.0005261841282624323,0.001364929392562613,0.06371028512305565,-0.22205841541290283,0.13176387548446655,0.21645143628120422,1.7159969806671143,0.232644721865654,-0.48325347900390625,-0.8694959282875061,-0.41966748237609863,-1.9357857704162598,0.7786362171173096,1.1604169607162476,-1.2870043516159058
0.4551758749999989,0.0034223749999999996,133.0,3.5126046712538788,1.0991826798543622,0.9543184834226955,0.003760204688265903,-0.0005690767694194533,0.001435012062075439,0.06373624312422786,-0.22088709473609924,0.1318165808916092,0.21714434027671814,1.7177939414978027,0.23694930970668793,-0.4893455505371094,-0.8765261173248291,-0.42058682441711426,-1.935088038444519,0.7710247039794922,1.1608811616897583,-1.2879033088684082
0.4551758749999989,0.0034223749999999996,133.0,3.5309632254725147,1.1166321056897277,0.954559873517855,0.003945117067885989,-0.0006139424728314424,0.0015021918015927977,0.0637890207875868,-0.21942844986915588,0.13260598480701447,0.2187202274799347,1.721943736076355,0.23801574110984802,-0.49742889404296875,-0.8859976530075073,-0.42190021276474,-1.929797887802124,0.7583231925964355,1.1523128747940063,-1.2906920909881592
0.4551758749999989,0.0034223749999999996,133.0,3.549009606846926,1.1332673062816385,0.9553335747867402,0.00416816923176786,-0.0006544855124997682,0.0015757247264110792,0.06381956504525463,-0.21860066056251526,0.133680060505867,0.21954134106636047,1.72428560256958,0.24730181694030762,-0.50472092628479,-0.8867387771606445,-0.4227733016014099,-1.9322324991226196,0.7543458938598633,1.1492459774017334,-1.2921953201293945
0.4551758749999989,0.0034223749999999996,133.0,3.566065862470474,1.148975022915782,0.956020324738241,0.004357975796295342,-0.000706211458296789,0.0016453031948595977,0.06385756782971874,-0.21731099486351013,0.13437451422214508,0.22142568230628967,1.7296475172042847,0.25281035900115967,-0.5129568576812744,-0.8943861126899719,-0.4264563322067261,-1.92617928981781,0.739464282989502,1.139243245124817,-1.2938127517700195
0.4551758749999989,0.0034223749999999996,133.0,3.582216239066483,1.1637567503758215,0.9562911957961386,0.004549360411336399,-0.0007472319549341265,0.0017099389736683207,0.06389843919382546,-0.2154948115348816,0.1320168823003769,0.21906211972236633,1.720432162284851,0.24652867019176483,-0.514240026473999,-0.8977504372596741,-0.41966909170150757,-1.928964614868164,0.7434475421905518,1.1620746850967407,-1.2915713787078857
0.4551758749999989,0.0034223749999999996,133.0,3.5976869614407105,1.1777782262619632,0.9569077250326601,0.004698981577462411,-0.0007831805272068706,0.001755601313222665,0.06393468253825856,-0.21402764320373535,0.13244543969631195,0.2195654809474945,1.7210726737976074,0.2527860403060913,-0.5218551158905029,-0.8984624147415161,-0.4199274182319641,-1.9276697635650635,0.7363932132720947,1.1595057249069214,-1.2919840812683105
0.4551758749999989,0.0034223749999999996,133.0,3.6120027124587244,1.19103746988768,0.9574263876805216,0.004836705643117956,-0.0008141145523985832,0.0017866452541112036,0.063969991097955,-0.2116791307926178,0.13119903206825256,0.21957054734230042,1.7196824550628662,0.2487349808216095,-0.5276885032653809,-0.9060280919075012,-0.4188728332519531,-1.9197092056274414,0.7230215072631836,1.160548210144043,-1.2916526794433594
0.4551758749999989,0.0034223749999999996,133.0,3.625994743707921,1.2034773884827965,0.9585505051818632,0.0049781115123649555,-0.0008607693136489105,0.001833479164238539,0.0639922016503855,-0.21014022827148438,0.13102754950523376,0.22083184123039246,1.7224786281585693,0.2548668384552002,-0.5359673500061035,-0.909308910369873,-0.4211849570274353,-1.9179739952087402,0.7097492218017578,1.1571115255355835,-1.292114496231079
0.4551758749999989,0.0034223749999999996,133.0,3.639226933605995,1.2150193430958616,0.9590295092215491,0.005138212315362901,-0.0008772406618510941,0.0018703414789531996,0.06401684560477755,-0.20884409546852112,0.13163316249847412,0.22195705771446228,1.7236785888671875,0.26548659801483154,-0.5453643798828125,-0.9069203734397888,-0.4230217933654785,-1.9178688526153564,0.7019972801208496,1.1540985107421875,-1.2914988994598389
0.4551758749999989,0.0034223749999999996,133.0,3.6516066616628704,1.225988038211587,0.960004160085871,0.0052998837188155375,-0.0009044611338556095,0.001913062906152827,0.064027400731032,-0.2083352506160736,0.1338946521282196,0.22386714816093445,1.728756070137024,0.283723384141922,-0.5552418231964111,-0.9008546471595764,-0.42711377143859863,-1.9196048974990845,0.6946139335632324,1.1406517028808594,-1.2924635410308838
0.4551758749999989,0.0034223749999999996,133.0,3.663049157412326,1.236420058572184,0.9611391137105814,0.0054592552118438225,-0.0009264214054115181,0.0019501380434335642,0.06403096468661235,-0.20817160606384277,0.13996553421020508,0.2320869266986847,1.7531057596206665,0.30661502480506897,-0.5731625556945801,-0.9077602028846741,-0.4442855715751648,-1.9021592140197754,0.6535255908966064,1.0763121843338013,-1.2991974353790283
0.4551758749999989,0.0034223749999999996,133.0,3.6734517489883247,1.2458413771234687,0.9618083422945882,0.005641016821621657,-0.0009452728497301233,0.001997692872978044,0.06404482256206044,-0.20798355340957642,0.14268606901168823,0.23478814959526062,1.759926676750183,0.32433974742889404,-0.5825579166412354,-0.9037396311759949,-0.45002657175064087,-1.9007946252822876,0.642052412033081,1.0561301708221436,-1.3001916408538818
0.4551758749999989,0.0034223749999999996,133.0,3.6822805054389316,1.2566404098035577,0.9646061481200296,0.005890964552843101,-0.0010018538615925573,0.0020932511840706,0.06386921453090189,-0.21019354462623596,0.14655160903930664,0.2318454086780548,1.7580612897872925,0.34643682837486267,-0.5785937309265137,-0.8811209797859192,-0.44211345911026,-1.930911660194397,0.6731595993041992,1.0582374334335327,-1.3064556121826172
0.4551758749999989,0.0034223749999999996,133.0,3.691160542549257,1.2644727322316789,0.9655367835695849,0.006165001675034605,-0.001050611394628118,0.0021818107265448167,0.06386786065442628,-0.21060919761657715,0.1495014727115631,0.23213419318199158,1.759818196296692,0.3653227984905243,-0.5832386016845703,-0.869538426399231,-0.44273531436920166,-1.938689947128296,0.6778185367584229,1.0471850633621216,-1.307629108428955
0.4551758749999989,0.0034223749999999996,133.0,3.6988191826080477,1.2715300437355108,0.9660400600074857,0.006586493534749327,-0.0011116636479509892,0.0023106151154135956,0.06387885482204372,-0.21031537652015686,0.15162764489650726,0.23514780402183533,1.767170786857605,0.3776063024997711,-0.591407299041748,-0.872005045413971,-0.44896256923675537,-1.9307972192764282,0.6602621078491211,1.0240306854248047,-1.308599591255188
0.4551758749999989,0.0034223749999999996,133.0,3.705760902939077,1.2778175099397944,0.9667958735438318,0.007284848632779291,-0.0012356702568939377,0.0025413816832984115,0.06388145912840823,-0.21059724688529968,0.15519286692142487,0.23857614398002625,1.7768718004226685,0.39271724224090576,-0.5992681980133057,-0.8745825290679932,-0.4556811451911926,-1.921576738357544,0.6422290802001953,0.9890091419219971,-1.3113625049591064
0.4551758749999989,0.0034223749999999996,133.0,3.7117842670240915,1.2832867622439867,0.9671476804743366,0.008874000249429139,-0.0015001319633264317,0.0030648963218675193,0.06388999967845267,-0.210394024848938,0.15738371014595032,0.24130204319953918,1.7827775478363037,0.40296831727027893,-0.6071071624755859,-0.8838838338851929,-0.458804726600647,-1.9084073305130005,0.6231918334960938,0.960856556892395,-1.313934326171875
0.4551758749999989,0.0034223749999999996,133.0,3.716980642551994,1.2883321482516574,0.9679088473057181,0.016509334209525776,-0.002884450866130658,0.00551965411991235,0.06386193878116479,-0.2103971242904663,0.15652698278427124,0.2452230155467987,1.7861768007278442,0.41243085265159607,-0.6197364330291748,-0.9354414343833923,-0.4543561339378357,-1.8662041425704956,0.5836784839630127,0.9275786280632019,-1.321272611618042
0.4551758749999989,0.0034223749999999996,133.0,3.7347940881412987,-1.2185525444624394,0.8985305967800699,-0.013967772649558377,-0.0011504355246601356,-0.006798165353620187,0.06807306330224631,-0.023822784423828125,0.163659006357193,-0.15178775787353516,0.8994343280792236,0.33762407302856445,-1.087273359298706,0.4582294523715973,0.16173183917999268,-0.35995206236839294,0.5481429100036621,0.392438679933548,-1.0624170303344727
0.4551758749999989,0.0034223749999999996,133.0,3.730187830010391,-1.213419612176664,0.8990723217607522,-0.0075384795623927685,-0.0005731208381114067,-0.0036878882754785938,0.06802875486583257,-0.024894744157791138,0.16708146035671234,-0.15101248025894165,0.9017248153686523,0.32128509879112244,-1.0844600200653076,0.4640399217605591,0.1575135886669159,-0.3633146584033966,0.5754787921905518,0.35892394185066223,-1.0599467754364014
0.4551758749999989,0.0034223749999999996,133.0,3.724512844405264,-1.2078256230290023,0.8989468674354038,-0.006194146515166407,-0.00047778899056451755,-0.003030483746941791,0.06800666723335273,-0.026500225067138672,0.16810445487499237,-0.1522361934185028,0.9014456272125244,0.3226853311061859,-1.0774610042572021,0.4769892692565918,0.15591678023338318,-0.3563605546951294,0.580955982208252,0.3344234824180603,-1.057929515838623
0.4551758749999989,0.0034223749999999996,133.0,3.71803723751085,-1.2015909391194137,0.8989464481350975,-0.0056027970939073295,-0.0004270425688762025,-0.0027410225927940253,0.06799574538578945,-0.02823549509048462,0.16862288117408752,-0.15408027172088623,0.9004684090614319,0.32696184515953064,-1.069502592086792,0.49282488226890564,0.1550506353378296,-0.34771957993507385,0.5842070579528809,0.31155356764793396,-1.056007742881775
0.4551758749999989,0.0034223749999999996,133.0,3.7106782053191876,-1.1946333932694906,0.8987416349795506,-0.005258577566265975,-0.0004213137005125991,-0.0025725460658498405,0.06798057247903652,-0.029994606971740723,0.16879484057426453,-0.15633437037467957,0.8983632326126099,0.3301657438278198,-1.0611965656280518,0.5122098326683044,0.15486028790473938,-0.3354596793651581,0.5865366458892822,0.2867024838924408,-1.0536503791809082
0.4551758749999989,0.0034223749999999996,133.0,3.7017690247466626,-1.1884621737816023,0.8961424043123908,-0.005015793842511746,-0.00045690531298793794,-0.00244972235750772,0.06804051828968945,-0.030522942543029785,0.1679011732339859,-0.15852096676826477,0.8939619064331055,0.3308824300765991,-1.055729866027832,0.5323581695556641,0.1556396782398224,-0.31805071234703064,0.585923433303833,0.2652880549430847,-1.050032138824463
0.4551758749999989,0.0034223749999999996,133.0,3.692797761574949,-1.1801954822013487,0.8959765539570197,-0.004815787948918656,-0.00046314695922963946,-0.0023538989047367617,0.06802978387237184,-0.03288930654525757,0.16746406257152557,-0.16195988655090332,0.8893737196922302,0.33744174242019653,-1.0443317890167236,0.5625287890434265,0.15636879205703735,-0.29958993196487427,0.5890634059906006,0.23239433765411377,-1.0461493730545044
0.4551758749999989,0.0034223749999999996,133.0,3.6829639407163666,-1.170752155891682,0.8958261178601579,-0.004667482724433631,-0.0004535546148988733,-0.0022796155767609103,0.06801864093415372,-0.034455299377441406,0.16753892600536346,-0.16423580050468445,0.8867291212081909,0.3375137746334076,-1.0364034175872803,0.580751359462738,0.15654903650283813,-0.2856655418872833,0.5895869731903076,0.2082664966583252,-1.0436134338378906
0.4551758749999989,0.0034223749999999996,133.0,3.67230528736712,-1.1606231747301963,0.8956095195203433,-0.004534039200482938,-0.00046310260785629255,-0.002211701417102089,0.06800417647581204,-0.03694954514503479,0.16748666763305664,-0.1673370599746704,0.8823491334915161,0.33991143107414246,-1.0250155925750732,0.6083996295928955,0.15697455406188965,-0.26543471217155457,0.5915317535400391,0.1733848750591278,-1.0395851135253906
0.4551758749999989,0.0034223749999999996,133.0,3.660763033595695,-1.1497481338720625,0.8955918160922685,-0.00439964190396777,-0.0004636698859677162,-0.0021464968455954217,0.06799304825931562,-0.039158910512924194,0.16694310307502747,-0.1707039773464203,0.8770350217819214,0.3431823253631592,-1.0140483379364014,0.6376659274101257,0.15794894099235535,-0.24475811421871185,0.5931024551391602,0.1421271413564682,-1.0352060794830322
0.4551758749999989,0.0034223749999999996,133.0,3.648574934201333,-1.1379322646020658,0.8955653630978716,-0.004275137140681959,-0.00045719998802228165,-0.0020856513759677886,0.0679877158643186,-0.04019877314567566,0.1664566546678543,-0.173162579536438,0.8715007901191711,0.33834031224250793,-1.0063390731811523,0.6578547358512878,0.15972590446472168,-0.2269899845123291,0.5920159816741943,0.11716190725564957,-1.0313806533813477
0.4551758749999989,0.0034223749999999996,133.0,3.6356271169714574,-1.125273485577174,0.8954041648748111,-0.004149362693727668,-0.0004478159708531396,-0.0020210719698538823,0.0679835893084045,-0.04095268249511719,0.16553795337677002,-0.17566022276878357,0.8659673929214478,0.33682915568351746,-0.999976396560669,0.679435670375824,0.16098511219024658,-0.20820553600788116,0.5900330543518066,0.09750927239656448,-1.0270752906799316
0.4551758749999989,0.0034223749999999996,133.0,3.622074115130959,-1.1116760389751195,0.8953391755201763,-0.0040389314119789795,-0.00042992157874302214,-0.0019686398713497353,0.06799092615504253,-0.040462344884872437,0.16601423919200897,-0.17596089839935303,0.8640256524085999,0.3280588984489441,-0.997873067855835,0.6799147725105286,0.16092148423194885,-0.2007170170545578,0.584113359451294,0.08886875212192535,-1.0249462127685547
0.4551758749999989,0.0034223749999999996,133.0,3.6078833489134206,-1.0974758852397655,0.8951763346211037,-0.0038973148643687452,-0.0004188776327705059,-0.0019019089022568835,0.06800394852254282,-0.03808364272117615,0.16441211104393005,-0.17683053016662598,0.8563089370727539,0.31864920258522034,-0.9993658065795898,0.685590386390686,0.1646890938282013,-0.18995758891105652,0.5759620666503906,0.08705082535743713,-1.02100670337677
0.4551758749999989,0.0034223749999999996,133.0,3.5922519292200508,-1.0820332207802341,0.8952070955156222,-0.003720349126391895,-0.0003929299048288871,-0.001821682464708748,0.06800114829277164,-0.03842568397521973,0.16465280950069427,-0.17785385251045227,0.8522469401359558,0.31227239966392517,-0.9942317008972168,0.6946618556976318,0.1651269793510437,-0.1770818829536438,0.5716612339019775,0.06670435518026352,-1.0172820091247559
0.4551758749999989,0.0034223749999999996,133.0,3.5760680335450616,-1.0659768629533,0.8951443795723675,-0.0035545538710855746,-0.00037966335474579727,-0.0017440827580386161,0.06800159103932507,-0.03816330432891846,0.16533596813678741,-0.17775240540504456,0.8499537706375122,0.30694884061813354,-0.9921791553497314,0.6950808167457581,0.16445046663284302,-0.1690499633550644,0.5656266212463379,0.05350503325462341,-1.0142110586166382
0.4551758749999989,0.0034223749999999996,133.0,3.558701373563792,-1.0489514946035647,0.8953045152144028,-0.0033662421458539402,-0.0003540721157524449,-0.0016587351305187119,0.06799774881228764,-0.03805235028266907,0.164893239736557,-0.17901161313056946,0.8431339263916016,0.29829832911491394,-0.987708568572998,0.7073900103569031,0.16652244329452515,-0.1531032770872116,0.5606074333190918,0.03070979006588459,-1.0094059705734253
0.4551758749999989,0.0034223749999999996,133.0,3.5408707253667946,-1.0311581763222222,0.8953341531980171,-0.0031856622376757737,-0.0003297937900586083,-0.0015787105717607157,0.06800855827778933,-0.035466670989990234,0.1636079102754593,-0.17913594841957092,0.8351860642433167,0.2867235839366913,-0.990553617477417,0.7093120813369751,0.1699594259262085,-0.14209842681884766,0.5507347583770752,0.02381194569170475,-1.0049136877059937
0.4551758749999989,0.0034223749999999996,133.0,3.521827313155614,-1.0123601563771398,0.8953261509470312,-0.003001007926319141,-0.0003126644626349428,-0.0014921179554725935,0.06799741498568405,-0.035896092653274536,0.16444085538387299,-0.17972317337989807,0.8307862281799316,0.28037598729133606,-0.9847474098205566,0.7169573307037354,0.1693752408027649,-0.12526097893714905,0.5438849925994873,-0.004440385848283768,-0.9998023509979248
0.4551758749999989,0.0034223749999999996,133.0,3.5020927290705406,-0.9929890442825556,0.8953450604627069,-0.0028346125720302563,-0.000299406853814805,-0.0014158873937959704,0.0679924828888926,-0.035436928272247314,0.16374513506889343,-0.18132492899894714,0.8203749656677246,0.26934152841567993,-0.9790456295013428,0.7337697148323059,0.1721174120903015,-0.0991777554154396,0.5351741313934326,-0.03660331293940544,-0.9920629858970642
0.4551758749999989,0.0034223749999999996,133.0,3.481592042790273,-0.9726716805891915,0.8953511702016063,-0.0026167955423838725,-0.0002754753608201069,-0.001315246972516824,0.06799188587819811,-0.034002602100372314,0.16310931742191315,-0.18213164806365967,0.809402346611023,0.25764167308807373,-0.9763741493225098,0.7445254325866699,0.17472824454307556,-0.07394358515739441,0.523665189743042,-0.06470970809459686,-0.9836318492889404
0.4551758749999989,0.0034223749999999996,133.0,3.4599522034133923,-0.9521373121658729,0.8957683271910833,-0.0024018074215245116,-0.00025653383009426723,-0.0012133486216778554,0.06798177352511485,-0.03489169478416443,0.16015030443668365,-0.18615520000457764,0.7883059978485107,0.25700196623802185,-0.9646322727203369,0.7896719574928284,0.1808871030807495,-0.027115624397993088,0.5170354843139648,-0.1121385395526886,-0.968712568283081
0.4551758749999989,0.0034223749999999996,133.0,3.4376917470123174,-0.9301368240712753,0.8957481029634277,-0.0021975991515538777,-0.0002333360998715781,-0.001116857300698035,0.06797595299201245,-0.03334540128707886,0.159203439950943,-0.1875125765800476,0.7720979452133179,0.24090540409088135,-0.9596593379974365,0.8048138618469238,0.1848369836807251,0.009494843892753124,0.502190351486206,-0.15112562477588654,-0.9563585519790649
0.4551758749999989,0.0034223749999999996,133.0,3.414198838249678,-0.9069633329223731,0.8957154554725163,-0.0019959123460193406,-0.0002072024606420675,-0.0010194466198496495,0.06795410075722559,-0.03275373578071594,0.15841065347194672,-0.19002187252044678,0.7482011318206787,0.22332772612571716,-0.9429106712341309,0.8287988305091858,0.19046106934547424,0.0503716915845871,0.488980770111084,-0.19887632131576538,-0.9380073547363281
0.4551758749999989,0.0034223749999999996,133.0,3.389966344797895,-0.8828662578644251,0.8954469691532388,-0.0018335165920488519,-0.00019035344363361545,-0.0009421842390698443,0.06793003201937177,-0.032010793685913086,0.15615594387054443,-0.1934647411108017,0.7047170400619507,0.20035311579704285,-0.9059798717498779,0.8643878698348999,0.20244571566581726,0.07933583855628967,0.48178577423095703,-0.22430483996868134,-0.9066902995109558
0.4551758749999989,0.0034223749999999996,133.0,3.3649344333905704,-0.8580494454744885,0.8955085293432893,-0.0016346493869686838,-0.00016285043225896408,-0.0008478265232540848,0.06791241849246415,-0.03220093250274658,0.15237662196159363,-0.19631004333496094,0.6432312726974487,0.16916315257549286,-0.8544621467590332,0.9058500528335571,0.2185455560684204,0.11346470564603806,0.47818541526794434,-0.23160475492477417,-0.8616341352462769
0.4551758749999989,0.0034223749999999996,133.0,3.3391168371071944,-0.8328162673779694,0.8956631330465302,-0.0014509720794541787,-0.0001471377142303723,-0.0007585519599073679,0.06788746336137054,-0.03438854217529297,0.1478041708469391,-0.19663988053798676,0.5747509002685547,0.13315577805042267,-0.7922308444976807,0.9428544044494629,0.23533013463020325,0.1585085541009903,0.4778451919555664,-0.2189549207687378,-0.8103203773498535
0.4551758749999989,0.0034223749999999996,133.0,3.3124390627758364,-0.8068890030103477,0.8958842268547628,-0.001270429571816608,-0.00012754549280173146,-0.0006682168374882283,0.06786235500116612,-0.035890281200408936,0.14101539552211761,-0.19348236918449402,0.5070129036903381,0.09486381709575653,-0.7348027229309082,0.96762615442276,0.25389522314071655,0.20948252081871033,0.47623205184936523,-0.1727987825870514,-0.7616013288497925
0.4551758749999989,0.0034223749999999996,133.0,3.285151998036277,-0.7800203545636103,0.8958104354575206,-0.0011209575732309635,-0.00011322913710071192,-0.0005922546717011877,0.06783798014032866,-0.08918729424476624,0.18328535556793213,-0.1618347465991974,0.5526155829429626,0.07887493818998337,-0.7234206199645996,0.47937947511672974,0.4122079312801361,-0.09625126421451569,0.8073446750640869,-0.11146584898233414,-0.9684664011001587
0.4551758749999989,0.0034223749999999996,133.0,3.2574226725068725,-0.7525256712604834,0.8955868790376978,-0.0009877621918557432,-0.00010133121887408572,-0.0005233672665468037,0.06782671485476813,-0.0935908854007721,0.17296314239501953,-0.1580369472503662,0.474041223526001,0.06760212033987045,-0.6411890983581543,0.511992871761322,0.4187987744808197,-0.017015988007187843,0.8639519214630127,-0.022332673892378807,-0.8966768980026245
0.4551758749999989,0.0034223749999999996,133.0,3.2285843179203333,-0.7241614045934742,0.8953262068401399,-0.0008156938568847483,-8.59749655402476e-5,-0.00043175794830631044,0.067805525700442,-0.10040703415870667,0.1631280779838562,-0.15184623003005981,0.3949431777000427,0.061121292412281036,-0.5137650966644287,0.5260412693023682,0.4316180646419525,0.05500829964876175,0.9280238151550293,0.07496631890535355,-0.8307053446769714
0.4551758749999989,0.0034223749999999996,133.0,3.198964700846937,-0.6950262437641841,0.895137370138016,-0.0006849249616908416,-7.476565954996744e-5,-0.00036235201659252133,0.06778809839135243,-0.104707270860672,0.15502969920635223,-0.14729833602905273,0.3303198218345642,0.05903252586722374,-0.38711071014404297,0.5236604809761047,0.4454874098300934,0.11229991912841797,0.9706289768218994,0.1459847241640091,-0.7801824808120728
0.4551758749999989,0.0034223749999999996,133.0,3.168464831532141,-0.6647610414858783,0.8948237022983025,-0.0005141937401318789,-5.775077065801041e-5,-0.0002722144922865203,0.06777071574674715,-0.1069861352443695,0.1502407044172287,-0.1460009217262268,0.2861623764038086,0.06272748112678528,-0.27376890182495117,0.5053226947784424,0.44891056418418884,0.15191374719142914,0.9935331344604492,0.17690685391426086,-0.7395873665809631
0.4551758749999989,0.0034223749999999996,133.0,3.137176357742343,-0.6332691671929473,0.8943131349716116,-0.0003230087044730896,-3.621156581502462e-5,-0.00017120231093446437,0.06775907572292565,-0.10729515552520752,0.1486489474773407,-0.14742445945739746,0.2597227692604065,0.07103849947452545,-0.1815643310546875,0.4684217572212219,0.43835824728012085,0.1655615121126175,1.00364351272583,0.1835029423236847,-0.7026876211166382
0.4551758749999989,0.0034223749999999996,133.0,3.104936294867909,-0.6010296404282781,0.8939036742999487,-0.00015096338998231573,-1.7227830313371084e-5,-8.022752012539638e-5,0.06774116738261604,-0.10511460900306702,0.1471506655216217,-0.15165668725967407,0.2509100139141083,0.08003585040569305,-0.16144967079162598,0.4645847976207733,0.4237540066242218,0.21574385464191437,0.9866597652435303,0.15770967304706573,-0.6791670918464661
0.4551758749999989,0.0034223749999999996,133.0,3.0718754099353216,-0.568641206704968,0.8938056119834153,1.6735756392596e-5,1.995226042911081e-6,8.928456747766658e-6,0.06772481088000375,-0.1040295660495758,0.14297863841056824,-0.1538619101047516,0.23213665187358856,0.0927136093378067,-0.1283719539642334,0.46790581941604614,0.42380714416503906,0.26870197057724,0.9755678176879883,0.14740273356437683,-0.6603607535362244
0.4551758749999989,0.0034223749999999996,133.0,3.0379134037230386,-0.534955317062693,0.8934793631966047,0.00018488776975615767,2.2657270080740348e-5,9.876328111343578e-5,0.06770538565516002,-0.1040087640285492,0.14183765649795532,-0.1563546061515808,0.2246636152267456,0.09911599010229111,-0.1063232421875,0.4744042456150055,0.4192904531955719,0.3043414354324341,0.9689147472381592,0.13202132284641266,-0.6483476758003235
0.4551758749999989,0.0034223749999999996,133.0,3.002958075449264,-0.49998354032941505,0.8928714862744369,0.0003671414338599965,4.581125092316287e-5,0.00019629928654684163,0.06768035765657676,-0.10538774728775024,0.14344844222068787,-0.15921452641487122,0.22789767384529114,0.10091079771518707,-0.0975496768951416,0.4835168421268463,0.40997007489204407,0.3232842683792114,0.9685468673706055,0.11500508338212967,-0.6423095464706421
0.4551758749999989,0.0034223749999999996,133.0,2.9672326362816857,-0.4645953139733981,0.8925320614013197,0.0005104296643545209,6.54453982944244e-5,0.00027346331306057816,0.06765845930729146,-0.10695359110832214,0.14341025054454803,-0.16079139709472656,0.22280894219875336,0.1041477844119072,-0.07896828651428223,0.49587637186050415,0.409183531999588,0.3441387712955475,0.9712083339691162,0.10869551450014114,-0.6364752650260925
0.4551758749999989,0.0034223749999999996,133.0,2.9307052463236047,-0.42839931223973066,0.892181693106384,0.0006720124197627757,8.856437509049378e-5,0.00036071904894636965,0.06763686281219793,-0.10850051045417786,0.1433204859495163,-0.16241782903671265,0.21747437119483948,0.10704775154590607,-0.060422420501708984,0.5087043046951294,0.40852704644203186,0.3651980459690094,0.9739906787872314,0.10278379172086716,-0.6305190920829773
0.4551758749999989,0.0034223749999999996,133.0,2.893414719258916,-0.39140828803861183,0.8918302401995627,0.0008441156812828991,0.00011440209665026985,0.0004538008167146441,0.0676165646497758,-0.10974186658859253,0.14302435517311096,-0.16414213180541992,0.21176816523075104,0.10928706079721451,-0.0420536994934082,0.5215427279472351,0.4076785147190094,0.38825786113739014,0.9753854274749756,0.0964106023311615,-0.623982310295105
0.4551758749999989,0.0034223749999999996,133.0,2.8553963946272516,-0.3536564486662549,0.8914411016704893,0.0010395438228649571,0.00014521029070382137,0.0005596196768722007,0.06759856792946763,-0.11049026250839233,0.14236794412136078,-0.16605088114738464,0.2058003544807434,0.10957217961549759,-0.02464914321899414,0.5343357920646667,0.40671709179878235,0.4129457473754883,0.9746911525726318,0.090974822640419,-0.6170530319213867
0.4551758749999989,0.0034223749999999996,133.0,2.816589426558606,-0.31509083721299797,0.8910662281233861,0.0012251033317980517,0.00017606481268868645,0.0006600268319065322,0.06758232969594806,-0.1110108494758606,0.14157062768936157,-0.16806235909461975,0.19963812828063965,0.10869787633419037,-0.007735490798950195,0.5473206043243408,0.4059039354324341,0.438534677028656,0.9731106758117676,0.08574922382831573,-0.6100674867630005
0.4551758749999989,0.0034223749999999996,133.0,2.7767966062160006,-0.2761678120086538,0.8908422275165437,0.0013450860479089577,0.00020348973083615088,0.0007249599997920181,0.06756534652830702,-0.11239629983901978,0.138572558760643,-0.16904744505882263,0.1845814287662506,0.1157882958650589,0.021907806396484375,0.5658812522888184,0.4164164066314697,0.4843408763408661,0.972426176071167,0.08434932678937912,-0.6054936051368713
0.4551758749999989,0.0034223749999999996,133.0,2.7361666864773917,-0.2358920304174348,0.8904766348772722,0.0014986689134534863,0.00023348373396197227,0.0008092978636277269,0.06754495980421212,-0.11389076709747314,0.13829420506954193,-0.17087581753730774,0.1787765622138977,0.11679182946681976,0.03833580017089844,0.5817071199417114,0.4170044958591461,0.5054172277450562,0.9755454063415527,0.08158654719591141,-0.600303053855896
0.4551758749999989,0.0034223749999999996,133.0,2.6944536707579325,-0.19402321452013957,0.8896792584912708,0.0016482367146633302,0.0002622514892934729,0.000892832247600825,0.06751178351541269,-0.11615392565727234,0.14134907722473145,-0.1744621992111206,0.18671992421150208,0.11276497691869736,0.03771829605102539,0.5960748195648193,0.40429753065109253,0.5121272206306458,0.9829626083374023,0.06796768307685852,-0.5956224203109741
0.4551758749999989,0.0034223749999999996,133.0,2.6532214048786766,-0.15105773382501494,0.8920285438478931,0.0017889651185767892,0.00027540404134477595,0.0009762550317519214,0.06743641596940429,-0.11582711338996887,0.13916456699371338,-0.17612165212631226,0.1704644113779068,0.10902063548564911,0.05934548377990723,0.6026598215103149,0.40962615609169006,0.521245002746582,0.9854996204376221,0.08059772104024887,-0.5846564769744873
0.4551758749999989,0.0034223749999999996,133.0,2.6096359289446887,-0.10827132728743614,0.891560023539808,0.0018846207249004854,0.000312166442491069,0.0010325587690376528,0.06739319955286441,-0.1192646324634552,0.13467338681221008,-0.17741572856903076,0.14984185993671417,0.12664437294006348,0.09678530693054199,0.6368358731269836,0.4316389858722687,0.5938681960105896,0.9898521900177002,0.08320481330156326,-0.585996150970459
0.4551758749999989,0.0034223749999999996,133.0,2.5633937398083604,-0.06415895320050304,0.8918388352948768,0.0018554536201976799,0.0003206984086687543,0.001037633807264779,0.06730223766848209,-0.14889347553253174,0.15625806152820587,-0.17742875218391418,0.1839282214641571,0.16507519781589508,0.1185307502746582,0.6734892725944519,0.4272378981113434,0.48999741673469543,1.1493310928344727,0.04358236491680145,-0.6164296269416809
0.4551758749999989,0.0034223749999999996,133.0,2.510468718577693,-0.007473427633692102,0.8888202479180477,0.0017417909506449803,3.235612392854789e-5,0.0010553715757461357,0.0669219330387128,-0.22965621948242188,0.2893688976764679,-0.15978381037712097,0.4659588932991028,0.01186994556337595,0.20812320709228516,-0.11416885256767273,0.5873915553092957,-1.464645266532898,1.9847126007080078,-0.23697619140148163,-1.0564125776290894
0.4551758749999989,0.0034223749999999996,133.0,2.4505402125083546,0.04019087788868508,0.8904863594621502,0.00010396365403510554,-7.565947310292081e-6,6.632006782811502e-5,0.06593835655272477,-0.3713001310825348,0.17512013018131256,-0.13322269916534424,0.8776842951774597,-0.5712804794311523,0.7288999557495117,0.588674783706665,0.15847060084342957,-1.5720319747924805,2.2692184448242188,-0.0782242938876152,-1.0353145599365234
0.4551758749999989,0.0034223749999999996,133.0,2.489749205362687,0.06831949992155616,0.8935019560477145,-0.0017478673603727565,-0.00011148806514345149,-0.001098305412340887,0.06542243585789408,-0.37033364176750183,0.18250241875648499,-0.08816161751747131,1.1407299041748047,-0.5345610976219177,0.7029252052307129,0.4462113082408905,0.09120035171508789,-1.6485633850097656,2.1802783012390137,0.10573311895132065,-1.231937289237976
0.4551758749999989,0.0034223749999999996,133.0,2.5209448511817616,0.11999692764068093,0.9058160242626634,-0.0020378521679673485,0.00018681937099867526,-0.0012051059921487032,0.06435748296792727,-0.43685194849967957,0.21602395176887512,0.01300877332687378,1.5266364812850952,-1.0038056373596191,0.7417693138122559,-0.16209276020526886,0.2778947353363037,-1.9660708904266357,2.1711931228637695,0.466309517621994,-1.8053410053253174
0.4551758749999989,0.0034223749999999996,133.0,2.5555569865561685,0.16984433871152602,0.9146526116666321,-0.002083851719286806,0.0003354051232887763,-0.0011523167493162573,0.06373114151511171,-0.46660879254341125,0.23817189037799835,0.04281136393547058,1.5978212356567383,-1.292441487312317,0.7723525762557983,-0.31129366159439087,0.3979234993457794,-2.073122501373291,2.1341724395751953,0.44330447912216187,-1.9971959590911865
0.4551758749999989,0.0034223749999999996,133.0,2.5968294497208935,0.2152941713694726,0.9175860235561998,-0.0019849865158888505,0.00033116690053639327,-0.0010623926282767703,0.06359662736726779,-0.4660387933254242,0.24155719578266144,0.05587837100028992,1.6581101417541504,-1.275194525718689,0.7690736055374146,-0.2816707193851471,0.36018747091293335,-2.085981845855713,2.070552349090576,0.5025938749313354,-2.019871711730957
0.4551758749999989,0.0034223749999999996,133.0,2.638211022207447,0.2585836855515217,0.9192858571056209,-0.0018264694705683083,0.0003090048294026407,-0.0009567273737760724,0.06353961565198957,-0.46506622433662415,0.24363914132118225,0.0692225992679596,1.7066835165023804,-1.2944023609161377,0.76121985912323,-0.29266318678855896,0.342988520860672,-2.077803373336792,2.0013251304626465,0.5608428120613098,-2.0512404441833496
0.4551758749999989,0.0034223749999999996,133.0,2.6791719919736305,0.30043463414072025,0.9202945214761803,-0.0016258648301187828,0.0002721304924106575,-0.000837138903111476,0.06353671254538341,-0.4665288031101227,0.2461753636598587,0.07686576247215271,1.730068325996399,-1.3206555843353271,0.7716095447540283,-0.281055212020874,0.3419015109539032,-2.079141139984131,1.9612016677856445,0.6003218293190002,-2.0736427307128906
0.4551758749999989,0.0034223749999999996,133.0,2.719196687162854,0.3413821287799071,0.9205417275144392,-0.0015339776975289072,0.0002483942597184428,-0.0007826570184469183,0.06353428989216936,-0.4702206552028656,0.24824866652488708,0.07830670475959778,1.7275389432907104,-1.3595620393753052,0.7958433628082275,-0.23685352504253387,0.35524386167526245,-2.092378854751587,1.9431328773498535,0.6341067552566528,-2.084817886352539
0.4551758749999989,0.0034223749999999996,133.0,2.7586793065683763,0.38156001337037704,0.9216098555225176,-0.0013181132090038837,0.00020959409684878343,-0.0006603044773029686,0.0635014609610927,-0.4720742404460907,0.24980196356773376,0.08451560139656067,1.749167799949646,-1.3805222511291504,0.806714653968811,-0.21589840948581696,0.3496297001838684,-2.095149517059326,1.9065146446228027,0.6728101372718811,-2.10097336769104
0.4551758749999989,0.0034223749999999996,133.0,2.797385763529183,0.4208255678180627,0.9228156080702917,-0.001152165010976957,0.00017960254568617708,-0.0005660003359906337,0.06347956950499917,-0.4708893597126007,0.25074589252471924,0.09523090720176697,1.794671893119812,-1.3725816011428833,0.8004359006881714,-0.20509423315525055,0.31986674666404724,-2.092146635055542,1.8510661125183105,0.7255412936210632,-2.1166627407073975
0.4551758749999989,0.0034223749999999996,133.0,2.8349990404948677,0.4592629556185844,0.923647096489434,-0.000940000706705151,0.0001438307169697424,-0.0004546833248556777,0.06346385753978272,-0.4724494516849518,0.2519829571247101,0.10166671872138977,1.8160890340805054,-1.3938395977020264,0.8072669506072998,-0.18474872410297394,0.31303340196609497,-2.0964772701263428,1.812448501586914,0.7687592506408691,-2.1313962936401367
0.4551758749999989,0.0034223749999999996,133.0,2.8717895646422935,0.4968165388034919,0.9243958825893598,-0.0007504280731943985,0.00011250798379104723,-0.0003578485052704968,0.0634511107091866,-0.47379282116889954,0.2530159056186676,0.1077982485294342,1.8365631103515625,-1.4116272926330566,0.8123770952224731,-0.16442884504795074,0.30477023124694824,-2.0993831157684326,1.7754316329956055,0.8113649487495422,-2.1437394618988037
0.4551758749999989,0.0034223749999999996,133.0,2.9077592659156086,0.5335068777240527,0.9251357845409264,-0.0005685089436686547,8.349176370425751e-5,-0.00026740532648694866,0.06343776527000233,-0.47503188252449036,0.2538844048976898,0.11346051096916199,1.8560889959335327,-1.424912929534912,0.8164288997650146,-0.14438118040561676,0.29502439498901367,-2.1010332107543945,1.7413930892944336,0.8514208197593689,-2.1536316871643066
0.4551758749999989,0.0034223749999999996,133.0,2.9429048678363245,0.5693168511890683,0.925765285058351,-0.0003917769360358062,5.6249398406200686e-5,-0.00018204559551651512,0.06342688159972096,-0.47603896260261536,0.25458815693855286,0.11860314011573792,1.8742585182189941,-1.4329994916915894,0.8188003301620483,-0.12480469048023224,0.2838188409805298,-2.10054087638855,1.71024751663208,0.8892202377319336,-2.16068434715271
0.4551758749999989,0.0034223749999999996,133.0,2.9771878221108303,0.604278879547199,0.9263674479301464,-0.00022027428057752314,3.091698394795494e-5,-0.00010124328450067983,0.06341370783297705,-0.47696080803871155,0.25520139932632446,0.12326809763908386,1.8914813995361328,-1.4352965354919434,0.8195807933807373,-0.10728961229324341,0.27117154002189636,-2.098080635070801,1.683088779449463,0.9233888983726501,-2.1653177738189697
0.4551758749999989,0.0034223749999999996,133.0,3.009890490807673,0.6385427152246806,0.9262572175411546,-6.572927232044752e-5,9.00922223278959e-6,-3.015184646570014e-5,0.06340765969833989,-0.48154762387275696,0.25739410519599915,0.12322285771369934,1.883070945739746,-1.4664673805236816,0.8454641103744507,-0.07730919122695923,0.2847221791744232,-2.1086883544921875,1.6796340942382812,0.9399349689483643,-2.1707286834716797
0.4551758749999989,0.0034223749999999996,133.0,3.041757848076004,0.6720308980740828,0.9266919811657148,0.00014221451443464326,-1.933799793401187e-5,6.478040874911306e-5,0.06337835531102459,-0.48564717173576355,0.25929099321365356,0.12585076689720154,1.8877958059310913,-1.4876580238342285,0.8615380525588989,-0.06801404058933258,0.2896130084991455,-2.1128334999084473,1.6709966659545898,0.9542439579963684,-2.180447578430176
0.4551758749999989,0.0034223749999999996,133.0,3.0744855345641726,0.702395800764999,0.9254137617751699,0.0003358486153174951,-4.41468985136533e-5,0.00015006339857441496,0.06353600152572586,-0.48050448298454285,0.2577093243598938,0.13485363125801086,1.913759469985962,-1.482043743133545,0.8203287124633789,-0.09026099741458893,0.26719677448272705,-2.086723566055298,1.6166326999664307,1.0134506225585938,-2.1838722229003906
0.4551758749999989,0.0034223749999999996,133.0,3.1047453331287156,0.7341828239452605,0.9258653662584317,0.0005321111190676576,-6.917930346249619e-5,0.0002357911953828949,0.06351630270204221,-0.4835459887981415,0.2587907016277313,0.13819846510887146,1.9169334173202515,-1.5100812911987305,0.8322513103485107,-0.07485958933830261,0.2704680562019348,-2.1011171340942383,1.5975568294525146,1.049505352973938,-2.1905035972595215
0.4551758749999989,0.0034223749999999996,133.0,3.135141525623456,0.7649118887641303,0.9271697148611251,0.0007668567494060873,-9.72625596995774e-5,0.0003337622904575856,0.06347868089733737,-0.4806258976459503,0.2572433054447174,0.14665815234184265,1.9520846605300903,-1.4832051992416382,0.8084814548492432,-0.06157033517956734,0.22918948531150818,-2.1137382984161377,1.5502889156341553,1.1205910444259644,-2.184311628341675
0.4551758749999989,0.0034223749999999996,133.0,3.1647676559778737,0.7946924576923323,0.9281579074628354,0.0009357229438157368,-0.00011502767181727447,0.00040109402614988115,0.06346095108458633,-0.4762556850910187,0.25446513295173645,0.15359964966773987,1.9755144119262695,-1.4598848819732666,0.7810025215148926,-0.042314715683460236,0.19030794501304626,-2.1287426948547363,1.4989597797393799,1.2057477235794067,-2.168891191482544
0.4551758749999989,0.0034223749999999996,133.0,3.1935290622774977,0.8236479210389966,0.92965895197104,0.0011525564627360358,-0.00014146924243270759,0.0004848416854228021,0.0634288257003381,-0.4601299464702606,0.2442568838596344,0.1644708812236786,1.9994332790374756,-1.3915703296661377,0.7071040868759155,-0.08734609186649323,0.13068771362304688,-2.0860135555267334,1.4008228778839111,1.3104430437088013,-2.1325619220733643
0.4551758749999989,0.0034223749999999996,133.0,3.220978001559293,0.8517566321580633,0.9300680341402855,0.0013185761923070866,-0.00016018620827181634,0.0005496751593611036,0.06343479915087225,-0.4256986081600189,0.22177809476852417,0.17141762375831604,1.9702492952346802,-1.2769396305084229,0.591544508934021,-0.1670108139514923,0.06339994072914124,-1.967394471168518,1.241483449935913,1.4487520456314087,-2.0349929332733154
0.4551758749999989,0.0034223749999999996,133.0,3.248199494707342,0.8787975056558623,0.9309966083784817,0.0015052678776646326,-0.00018137483137108568,0.000618393534625056,0.06343520146435842,-0.39596882462501526,0.20345692336559296,0.1793457567691803,1.9530434608459473,-1.1541715860366821,0.47719264030456543,-0.23916293680667877,-0.0073508620262146,-1.8691643476486206,1.1046600341796875,1.5531995296478271,-1.9460041522979736
0.4551758749999989,0.0034223749999999996,133.0,3.2751084275332167,0.9047194759363858,0.9315998547402212,0.0017279596046914604,-0.0002024555509531482,0.000700900453845348,0.06345861089448494,-0.36857160925865173,0.18774263560771942,0.18580397963523865,1.9306933879852295,-1.0321505069732666,0.3700244426727295,-0.29362034797668457,-0.07261943817138672,-1.7885775566101074,0.9822022914886475,1.6392916440963745,-1.8575470447540283
0.4551758749999989,0.0034223749999999996,133.0,3.3010786683031994,0.929855023358039,0.9324438568919382,0.0019546373877030398,-0.00022913757623131242,0.000782101117314501,0.06347304724214568,-0.30497434735298157,0.1615140438079834,0.20857009291648865,1.8496242761611938,0.011169557459652424,-0.20629572868347168,-0.6904662251472473,-0.34505897760391235,-2.2503528594970703,1.1948683261871338,1.2456670999526978,-1.4966931343078613
0.4551758749999989,0.0034223749999999996,133.0,3.326217263539002,0.9540553970827691,0.9331330076972254,0.0022007813226411484,-0.0002674928105481635,0.0008797355470256651,0.06350698844020959,-0.27802541851997375,0.14854197204113007,0.21005645394325256,1.8027280569076538,0.05985060706734657,-0.2918727397918701,-0.7580016255378723,-0.3692348599433899,-2.1339058876037598,1.0597479343414307,1.2456178665161133,-1.4250221252441406
0.4551758749999989,0.0034223749999999996,133.0,3.350670701529742,0.9773470243003087,0.9336674815670591,0.0023805429343966393,-0.0002987200847605481,0.0009517855149205943,0.06355247450470441,-0.2573300898075104,0.13985781371593475,0.21087929606437683,1.7644546031951904,0.11458711326122284,-0.35894060134887695,-0.7919741868972778,-0.38887453079223633,-2.052220344543457,0.9598567485809326,1.2341372966766357,-1.3667510747909546
0.4551758749999989,0.0034223749999999996,133.0,3.3742368134350564,0.9998074789842004,0.9340993278365545,0.0026121339926607045,-0.0003316972870904946,0.0010389234676733143,0.06359992958416172,-0.24300870299339294,0.13511903584003448,0.21314671635627747,1.7421225309371948,0.15479198098182678,-0.4084606170654297,-0.8195082545280457,-0.40380173921585083,-1.9919713735580444,0.8826017379760742,1.2092962265014648,-1.3291878700256348
0.4551758749999989,0.0034223749999999996,133.0,3.3973038023904167,1.0213374067997563,0.9348181927645174,0.0028476266321639824,-0.00036775730874891963,0.0011236149380163326,0.0636425500977822,-0.23202598094940186,0.13212788105010986,0.21466568112373352,1.7242904901504517,0.18293336033821106,-0.445084810256958,-0.8404780626296997,-0.41203171014785767,-1.9466378688812256,0.8245749473571777,1.1825478076934814,-1.30291748046875
0.4551758749999989,0.0034223749999999996,133.0,3.419464090648741,1.0421071382205593,0.9353727526591575,0.0030919466557943094,-0.0004106831127194737,0.0012191009935087428,0.06368912707234191,-0.22502917051315308,0.1314898133277893,0.21558085083961487,1.7141566276550293,0.2068171501159668,-0.46987080574035645,-0.851142168045044,-0.4160473942756653,-1.9240121841430664,0.7905285358428955,1.1604359149932861,-1.2886908054351807
0.4551758749999989,0.0034223749999999996,133.0,3.4413261833176976,1.0618349964597675,0.9367872276162245,0.003342270092934059,-0.0004647008476956091,0.0013052106332890516,0.06371351873156302,-0.2225695550441742,0.13021264970302582,0.2151106297969818,1.7108489274978638,0.2121935784816742,-0.4758760929107666,-0.8629814386367798,-0.4153324365615845,-1.9293330907821655,0.7827887535095215,1.1713756322860718,-1.286206841468811
0.4551758749999989,0.0034223749999999996,133.0,3.4617520332726293,1.0810414456980406,0.9377843423083316,0.003536354072345994,-0.0005013146666543058,0.0013700135711533746,0.0637422224156793,-0.22115671634674072,0.13177146017551422,0.2164718210697174,1.7148897647857666,0.22521862387657166,-0.48538947105407715,-0.8671897649765015,-0.41745883226394653,-1.9336884021759033,0.7742588520050049,1.1632417440414429,-1.2881364822387695
0.4551758749999989,0.0034223749999999996,133.0,3.4815474188168385,1.099266133364715,0.9388472929622724,0.003757558624394013,-0.0005428606399537701,0.001440503588497887,0.0637683515406332,-0.2196570634841919,0.13165220618247986,0.21700575947761536,1.7157384157180786,0.23164992034435272,-0.49186205863952637,-0.8744896054267883,-0.41847318410873413,-1.9352426528930664,0.7663314342498779,1.165147304534912,-1.2880151271820068
0.4551758749999989,0.0034223749999999996,133.0,3.4998816279150184,1.1167333983321324,0.9390743222004221,0.003942372512477737,-0.0005866077313728842,0.0015082359360670003,0.06382084491990693,-0.218126118183136,0.13180287182331085,0.21699628233909607,1.7149066925048828,0.2293553203344345,-0.49703216552734375,-0.8816742300987244,-0.41550588607788086,-1.9355576038360596,0.7619233131408691,1.1663273572921753,-1.2901978492736816
0.4551758749999989,0.0034223749999999996,133.0,3.5179035516687964,1.1333792118319617,0.9398220887610954,0.0041652620997950866,-0.0006255970092572346,0.0015824788220035254,0.0638509672451663,-0.21713289618492126,0.13336525857448578,0.21924713253974915,1.72130286693573,0.24351593852043152,-0.5073816776275635,-0.884704053401947,-0.4205448627471924,-1.9342997074127197,0.7497169971466064,1.1547651290893555,-1.2915146350860596
0.4551758749999989,0.0034223749999999996,133.0,3.5349598288132382,1.1490829720398017,0.9404865418501724,0.004354789642651096,-0.0006761209517670375,0.0016528156255779833,0.06388966838135113,-0.2157967984676361,0.1340189129114151,0.22111108899116516,1.7264639139175415,0.24922481179237366,-0.515648603439331,-0.8924033641815186,-0.4241746664047241,-1.9286020994186401,0.7348127365112305,1.1449648141860962,-1.2929883003234863
0.4551758749999989,0.0034223749999999996,133.0,3.5511111248916714,1.1638771041490579,0.9407646286267495,0.00454612703374724,-0.0007158039073094547,0.0017175708837718624,0.06393100694045724,-0.21398821473121643,0.13167056441307068,0.21876052021980286,1.7172706127166748,0.24307692050933838,-0.5168547630310059,-0.8958043456077576,-0.417380690574646,-1.9315989017486572,0.7388286590576172,1.167630672454834,-1.2907752990722656
0.4551758749999989,0.0034223749999999996,133.0,3.566583648288721,1.1778955977094971,0.9413710189758284,0.0046956796967250365,-0.0007508595883299864,0.001763464373213382,0.06396754746377908,-0.2125316560268402,0.13209107518196106,0.21927019953727722,1.7178689241409302,0.2492167055606842,-0.5243797302246094,-0.8964800238609314,-0.41757673025131226,-1.930332064628601,0.7318418025970459,1.1649895906448364,-1.2912073135375977
0.4551758749999989,0.0034223749999999996,133.0,3.5808855019137447,1.1911667963406989,0.9418855124873895,0.004833274120520907,-0.000781148884402792,0.001794846362435167,0.06400313558711246,-0.21021875739097595,0.13085927069187164,0.21927502751350403,1.7165350914001465,0.24515751004219055,-0.5301251411437988,-0.9039534330368042,-0.4164698123931885,-1.9225846529006958,0.7186620235443115,1.165881633758545,-1.2909839153289795
0.4551758749999989,0.0034223749999999996,133.0,3.5948639095237924,1.203622990386766,0.943009781042916,0.00497481036967902,-0.0008269836386303481,0.0018420373207016913,0.06402460072707564,-0.20872047543525696,0.13071270287036896,0.22054603695869446,1.719397783279419,0.25119927525520325,-0.5382730960845947,-0.907185971736908,-0.41869837045669556,-1.9211022853851318,0.7055695056915283,1.162270188331604,-1.2915958166122437
0.4551758749999989,0.0034223749999999996,133.0,3.6081219343792372,1.2151415048785572,0.943474003191375,0.005134647700222704,-0.000842281122514652,0.0018791023687790732,0.0640502262504147,-0.20742183923721313,0.13130074739456177,0.2216912806034088,1.72054922580719,0.26166918873786926,-0.5476260185241699,-0.9048491716384888,-0.42050182819366455,-1.9209216833114624,0.6977620124816895,1.1592028141021729,-1.2909653186798096
0.4551758749999989,0.0034223749999999996,133.0,3.6205105405667832,1.226091185730029,0.9444215490600324,0.005296065155836863,-0.0008684479996400602,0.0019224693744449733,0.06406098080351506,-0.20690947771072388,0.1335412859916687,0.22360917925834656,1.7255090475082397,0.27972307801246643,-0.5574190616607666,-0.8988218903541565,-0.4245094656944275,-1.9226113557815552,0.690401554107666,1.14578378200531,-1.2918957471847534
0.4551758749999989,0.0034223749999999996,133.0,3.6319793787993553,1.2364756424834311,0.9455195402050771,0.005455094723578601,-0.0008893050503182303,0.0019600966439659744,0.06406531687951705,-0.20673444867134094,0.13956326246261597,0.23183956742286682,1.7497270107269287,0.3022792637348175,-0.5753993988037109,-0.9058051109313965,-0.44161784648895264,-1.904984712600708,0.6492295265197754,1.0815187692642212,-1.2985612154006958
0.4551758749999989,0.0034223749999999996,133.0,3.642394423829043,1.2458763691670809,0.9461583561045499,0.005636490850293598,-0.0009066552311041135,0.002008363685370725,0.06407968401729015,-0.2065368890762329,0.1422601342201233,0.2345479428768158,1.756417989730835,0.319826602935791,-0.5847573280334473,-0.9018345475196838,-0.44727522134780884,-1.9035669565200806,0.6377508640289307,1.061390995979309,-1.2995109558105469
0.4551758749999989,0.0034223749999999996,133.0,3.651220496390508,1.2566687089534394,0.9489943531400873,0.0058870578079782175,-0.0009616360425089927,0.0021031783618629092,0.06390244481913485,-0.20864656567573547,0.14553116261959076,0.23046770691871643,1.751173496246338,0.33945462107658386,-0.5790290832519531,-0.8774145245552063,-0.43622714281082153,-1.938254475593567,0.6751091480255127,1.071985125541687,-1.3056018352508545
0.4551758749999989,0.0034223749999999996,133.0,3.6601288871158997,1.2644692268260391,0.949911312117223,0.006160815411033963,-0.001008477935506888,0.0021921476022205627,0.06390180493440173,-0.20917487144470215,0.14907146990299225,0.2319391667842865,1.756195306777954,0.3605321943759918,-0.5850894451141357,-0.867961049079895,-0.4399285316467285,-1.9413681030273438,0.6734194755554199,1.0521982908248901,-1.306886076927185
0.4551758749999989,0.0034223749999999996,133.0,3.667799345609239,1.271506950090309,0.9503893225243174,0.006581855597158729,-0.0010664129568577964,0.0023219016611029627,0.06391321721538869,-0.20887911319732666,0.15117865800857544,0.23496076464653015,1.7634544372558594,0.37264153361320496,-0.5932559967041016,-0.8704719543457031,-0.4460833668708801,-1.9334465265274048,0.6558682918548584,1.0290865898132324,-1.307835340499878
0.4551758749999989,0.0034223749999999996,133.0,3.674758650034517,1.2777662557045433,0.9511045180901226,0.0072793543822387554,-0.0011854040811505812,0.002554907473545836,0.06391624006801125,-0.2091425359249115,0.1547105461359024,0.2383950650691986,1.7729743719100952,0.38756516575813293,-0.6011652946472168,-0.8731784820556641,-0.4527190327644348,-1.9241420030593872,0.6377880573272705,0.9942123889923096,-1.3105007410049438
0.4551758749999989,0.0034223749999999996,133.0,3.6807969918406283,1.2832188537493805,0.9514409406465705,0.008867468756866817,-0.0014384248284396385,0.003081155005503772,0.06392490750136062,-0.2089376449584961,0.15689881145954132,0.24113157391548157,1.7787494659423828,0.3976915180683136,-0.6090195178985596,-0.8826946020126343,-0.45576226711273193,-1.9109795093536377,0.61873459815979,0.9660567045211792,-1.313020944595337
0.4551758749999989,0.0034223749999999996,133.0,3.686029782646504,1.2882607957522358,0.952173097322856,0.01649819211587086,-0.0027676944828955324,0.005550112982844715,0.06389739741805178,-0.20895415544509888,0.1560998260974884,0.24505427479743958,1.7817105054855347,0.4070877134799957,-0.6218299865722656,-0.9349495768547058,-0.45105499029159546,-1.8689942359924316,0.5792944431304932,0.932827889919281,-1.3201701641082764
0.4551758749999989,0.0034223749999999996,133.0,3.7036614702734507,-1.2190787648172854,0.8846755125028848,-0.01395108863880617,-0.001118741172365538,-0.006817255840881977,0.06809256137538981,-0.022911816835403442,0.16273517906665802,-0.15241622924804688,0.8936973214149475,0.33242806792259216,-1.0859105587005615,0.46671831607818604,0.1639980673789978,-0.35123828053474426,0.5434825420379639,0.3803729712963104,-1.0589396953582764
0.4551758749999989,0.0034223749999999996,133.0,3.6990558535873608,-1.2139356772994152,0.8852159362348894,-0.007530054947035003,-0.0005548230894670934,-0.003697169150052692,0.06804776748018539,-0.023960083723068237,0.16617023944854736,-0.1516551971435547,0.8959711194038391,0.3156532645225525,-1.0829787254333496,0.47254154086112976,0.15976452827453613,-0.35471025109291077,0.5707182884216309,0.34669673442840576,-1.0564355850219727
0.4551758749999989,0.0034223749999999996,133.0,3.6933869058658453,-1.2083622704573833,0.885100451383749,-0.006187118841439691,-0.0004625160277062455,-0.003038309944707711,0.06802585222434307,-0.025552988052368164,0.16720697283744812,-0.15285933017730713,0.8956499695777893,0.31689152121543884,-1.0760509967803955,0.48524147272109985,0.15818437933921814,-0.3477920591831207,0.5761480331420898,0.3222522735595703,-1.0543924570083618
0.4551758749999989,0.0034223749999999996,133.0,3.6869192959696844,-1.202126835994123,0.8851114355014621,-0.005596485860850438,-0.00041247397333917825,-0.0027480590912838283,0.06801501998139384,-0.027284890413284302,0.16774316132068634,-0.15467986464500427,0.8946365714073181,0.32105889916419983,-1.0681736469268799,0.5008230209350586,0.15732458233833313,-0.33912917971611023,0.5793571472167969,0.29939576983451843,-1.0524404048919678
0.4551758749999989,0.0034223749999999996,133.0,3.679566995429753,-1.1951821822771997,0.8849185020792912,-0.0052526164390647315,-0.0004073524921855015,-0.002579295458891721,0.06800005226583714,-0.029036372900009155,0.1679314523935318,-0.1569042205810547,0.892483115196228,0.32416194677352905,-1.0599660873413086,0.5199102163314819,0.15714314579963684,-0.32685714960098267,0.5816326141357422,0.27461156249046326,-1.0500423908233643
0.4551758749999989,0.0034223749999999996,133.0,3.6706621701338977,-1.1890091947872847,0.8823327121747452,-0.005010185375414803,-0.0004430363395758126,-0.00245615713850412,0.06806067534969074,-0.029573529958724976,0.16705693304538727,-0.15905502438545227,0.888095498085022,0.3248468339443207,-1.0545899868011475,0.5397627949714661,0.15789103507995605,-0.3094937205314636,0.5810036659240723,0.2532657980918884,-1.0464049577713013
0.4551758749999989,0.0034223749999999996,133.0,3.6617040000247862,-1.1807572355798182,0.882190209533429,-0.004810408732649913,-0.00044913054630731824,-0.002360200421856174,0.06805028209004547,-0.03193873167037964,0.16664865612983704,-0.1624448001384735,0.8834528923034668,0.3312781751155853,-1.043334722518921,0.5694717764854431,0.1586361825466156,-0.29104235768318176,0.5840957164764404,0.2204844206571579,-1.0424816608428955
0.4551758749999989,0.0034223749999999996,133.0,3.651874366865544,-1.1713073387190938,0.882043208312856,-0.0046623346373277095,-0.00043967878220380687,-0.0022856996599083025,0.0680390769326618,-0.03350016474723816,0.16673846542835236,-0.1646912693977356,0.8808016180992126,0.33130136132240295,-1.0354788303375244,0.5874230861663818,0.1587921679019928,-0.2771160900592804,0.5845582485198975,0.1964566707611084,-1.039914608001709
0.4551758749999989,0.0034223749999999996,133.0,3.641227228516545,-1.1611894634570195,0.881844656919343,-0.00452905185619629,-0.0004490900707499057,-0.002217721408223641,0.06802493914034143,-0.035989612340927124,0.16671372950077057,-0.1677473783493042,0.8763909339904785,0.33361321687698364,-1.0241947174072266,0.6146220564842224,0.15921425819396973,-0.2569117546081543,0.5864369869232178,0.16173656284809113,-1.0358500480651855
0.4551758749999989,0.0034223749999999996,133.0,3.6296990024873628,-1.1503205087005088,0.8818516313185076,-0.004394904709017807,-0.00044925867155728023,-0.002152287030387755,0.06801410349294666,-0.03820008039474487,0.1662006974220276,-0.17106667160987854,0.8710575103759766,0.33678531646728516,-1.0133216381072998,0.6434630155563354,0.16017618775367737,-0.23626163601875305,0.5879495143890381,0.13059595227241516,-1.0314382314682007
0.4551758749999989,0.0034223749999999996,133.0,3.617520693872453,-1.1385126822753986,0.8818411504937562,-0.00427054006381889,-0.0004427413465859004,-0.0020913843838165002,0.06800883346481126,-0.03924202919006348,0.1657363474369049,-0.1734858751296997,0.865544855594635,0.3319034278392792,-1.0056469440460205,0.6633304953575134,0.1619066298007965,-0.21858544647693634,0.5867886543273926,0.10579324513673782,-1.027587652206421
0.4551758749999989,0.0034223749999999996,133.0,3.6045679289805608,-1.1258343893650973,0.8816841472626593,-0.004145082317651067,-0.00043332298797216424,-0.002026497950672561,0.06800440239753668,-0.03999888896942139,0.1648234724998474,-0.17595785856246948,0.8599905967712402,0.3303188681602478,-0.9993081092834473,0.684783399105072,0.16313812136650085,-0.19967572391033173,0.5847170352935791,0.08610816299915314,-1.0232326984405518
0.4551758749999989,0.0034223749999999996,133.0,3.591016963260712,-1.1122412823580257,0.8816100872113161,-0.0040346880533234444,-0.00041593311570914496,-0.0019740581585921176,0.06801157345003428,-0.03950357437133789,0.16529834270477295,-0.17624890804290771,0.858099102973938,0.32153478264808655,-0.9971728324890137,0.6852260231971741,0.16301381587982178,-0.1922358125448227,0.578711986541748,0.07754553854465485,-1.021094560623169
0.4551758749999989,0.0034223749999999996,133.0,3.5768168523886406,-1.0980312712151663,0.8814391131000334,-0.0038932255873834545,-0.0004054082224609744,-0.0019072667064477047,0.06802416145613872,-0.03713914752006531,0.16368770599365234,-0.17709219455718994,0.8504250645637512,0.3120841681957245,-0.998645544052124,0.6909238696098328,0.16671326756477356,-0.18148678541183472,0.5704870223999023,0.075746089220047,-1.0171302556991577
0.4551758749999989,0.0034223749999999996,133.0,3.5611833405795115,-1.082588635671139,0.8814743295830323,-0.003716458826827457,-0.0003796709683382591,-0.0018270105828634329,0.06802053915968996,-0.03748789429664612,0.1639425903558731,-0.17809021472930908,0.846398651599884,0.3057018518447876,-0.9934713840484619,0.6998182535171509,0.16711214184761047,-0.1686483770608902,0.5661187171936035,0.05549054592847824,-1.0134015083312988
0.4551758749999989,0.0034223749999999996,133.0,3.544994703985806,-1.0665336414881537,0.8813990155065687,-0.0035507485566963026,-0.0003672453296481293,-0.0017493920014927835,0.06802069424322298,-0.037231773138046265,0.1646215319633484,-0.17799177765846252,0.844063937664032,0.3003740608692169,-0.9913139343261719,0.7003370523452759,0.16643577814102173,-0.16036362946033478,0.5599782466888428,0.042085565626621246,-1.0102895498275757
0.4551758749999989,0.0034223749999999996,133.0,3.5276222445845806,-1.0494956032009255,0.8815593384619128,-0.003362730456918833,-0.00034203208645241584,-0.0016637892205143042,0.06801596984907192,-0.03712505102157593,0.1641603410243988,-0.17934563755989075,0.8365858197212219,0.2915937304496765,-0.9865310192108154,0.7136791944503784,0.16863927245140076,-0.14236555993556976,0.5545380115509033,0.017062993720173836,-1.0049548149108887
0.4551758749999989,0.0034223749999999996,133.0,3.5097740984788746,-1.0316863798114686,0.8815818321231548,-0.0031823497495136227,-0.0003182283399457194,-0.001583712723490434,0.06802559807680747,-0.034546077251434326,0.16280528903007507,-0.1796787679195404,0.827396035194397,0.27975404262542725,-0.9888570308685303,0.7177987098693848,0.17234563827514648,-0.12764118611812592,0.5440142154693604,0.005964780226349831,-0.999485433101654
0.4551758749999989,0.0034223749999999996,133.0,3.4907242051150096,-1.0128899838773617,0.8815700205732505,-0.002997849625188337,-0.00030162205227140447,-0.0014971195040654347,0.06801359654509566,-0.034925878047943115,0.16353030502796173,-0.18054181337356567,0.8212189674377441,0.27286282181739807,-0.9823925495147705,0.7279834747314453,0.17221605777740479,-0.10604500025510788,0.5362379550933838,-0.027269117534160614,-0.9930447936058044
0.4551758749999989,0.0034223749999999996,133.0,3.4709781615148207,-0.9935123547789516,0.8815963513779701,-0.002831646344135897,-0.00028848593994734446,-0.0014209406691185172,0.06800741353865339,-0.034409791231155396,0.16269348561763763,-0.18244501948356628,0.8084945678710938,0.2610703110694885,-0.9759109020233154,0.7475584149360657,0.17552465200424194,-0.07423720508813858,0.5263607501983643,-0.06508820503950119,-0.9835506677627563
0.4551758749999989,0.0034223749999999996,133.0,3.4504607600333466,-0.973182843029593,0.881599231402965,-0.0026140937654095305,-0.0002650439991018729,-0.0013201723355154437,0.06800523100282348,-0.03288447856903076,0.16181254386901855,-0.1836511194705963,0.794400691986084,0.2481612116098404,-0.9721713066101074,0.7619179487228394,0.17892533540725708,-0.041888754814863205,0.5133681297302246,-0.09994872659444809,-0.9727785587310791
0.4551758749999989,0.0034223749999999996,133.0,3.4288182709355572,-0.9526402678303707,0.8820426067479792,-0.0023994408301916043,-0.00024615754178731444,-0.0012180257786642455,0.06799388942445629,-0.033652424812316895,0.15871141850948334,-0.1876876950263977,0.7706876993179321,0.24554282426834106,-0.9599225521087646,0.8076786994934082,0.18576514720916748,0.010029567405581474,0.505244255065918,-0.15052258968353271,-0.9559110999107361
0.4551758749999989,0.0034223749999999996,133.0,3.4065400919314035,-0.9306220672046683,0.8820291117751705,-0.0021955227236168874,-0.00022331649303223734,-0.0011213279225355801,0.06798618836113947,-0.0319177508354187,0.15639878809452057,-0.19059933722019196,0.7392266988754272,0.22583261132240295,-0.9406890869140625,0.8363237380981445,0.1954384744167328,0.04537707567214966,0.493422269821167,-0.18530501425266266,-0.9341868162155151
0.4551758749999989,0.0034223749999999996,133.0,3.383033242835994,-0.90742076194179,0.8820129449995946,-0.001994277183746779,-0.00019738560836756074,-0.0010234293695279152,0.06796201799320273,-0.03176569938659668,0.15376754105091095,-0.19424772262573242,0.6939974427223206,0.20258678495883942,-0.9025886058807373,0.8757204413414001,0.20823007822036743,0.07949614524841309,0.4868199825286865,-0.21440336108207703,-0.9019193053245544
0.4551758749999989,0.0034223749999999996,133.0,3.3587860345035176,-0.8832859321856639,0.88174589415405,-0.0018322836793488238,-0.00018080831243502235,-0.0009456927334092612,0.06793573431065528,-0.031748414039611816,0.15027345716953278,-0.19645310938358307,0.6367027163505554,0.1720217913389206,-0.854835033416748,0.9117171764373779,0.2229662537574768,0.11271774023771286,0.4810926914215088,-0.2215048372745514,-0.8596494793891907
0.4551758749999989,0.0034223749999999996,133.0,3.3337454740456742,-0.8584147580362492,0.8817993720272553,-0.0016339010045801914,-0.00015375060205564042,-0.0008506029063619972,0.06791545781968783,-0.032183825969696045,0.1450924277305603,-0.19572755694389343,0.567512035369873,0.13238516449928284,-0.8005857467651367,0.9418079853057861,0.24077636003494263,0.1488126516342163,0.4794032573699951,-0.19542360305786133,-0.8086830973625183
0.4551758749999989,0.0034223749999999996,133.0,3.307941709878662,-0.8331541803578076,0.8819320303928875,-0.0014505738077057139,-0.00013871946291219703,-0.0007607165786914032,0.06788918096594466,-0.03541296720504761,0.1402960568666458,-0.19132763147354126,0.4905165433883667,0.08720063418149948,-0.7202434539794922,0.9574028849601746,0.26060307025909424,0.1816193014383316,0.48912525177001953,-0.1332201063632965,-0.7520440816879272
0.4551758749999989,0.0034223749999999996,133.0,3.2814396502203267,-0.8073506705989727,0.8820286708009855,-0.0012701582872412104,-0.00012291106189642434,-0.000669201897486403,0.06786670629334657,-0.08825308084487915,0.1829296052455902,-0.16085833311080933,0.5509116649627686,0.08185902237892151,-0.7272365093231201,0.46740737557411194,0.41552871465682983,-0.11662841588258743,0.8059241771697998,-0.0906313881278038,-0.9701248407363892
0.4551758749999989,0.0034223749999999996,133.0,3.2543528322305644,-0.7805868351935065,0.8818291363823321,-0.0011208797593218456,-0.00011139179555014536,-0.0005919577074907287,0.06784781005158985,-0.09500780701637268,0.1727704107761383,-0.15632396936416626,0.4691336452960968,0.07090842723846436,-0.6265015602111816,0.5012502670288086,0.4227602481842041,-0.03630857542157173,0.872307300567627,6.989017128944397e-5,-0.8958393931388855
0.4551758749999989,0.0034223749999999996,133.0,3.226648144138488,-0.7530325397230421,0.88156660216911,-0.0009879132431132543,-9.951770025049952e-5,-0.0005225652761739932,0.06783889529826453,-0.09920954704284668,0.16412587463855743,-0.15098395943641663,0.3969622254371643,0.056884270161390305,-0.5200889110565186,0.5084749460220337,0.4324232041835785,0.015624561347067356,0.925295352935791,0.10209687799215317,-0.8335747122764587
0.4551758749999989,0.0034223749999999996,133.0,3.197833883153413,-0.724616721888645,0.8812690507195795,-0.0008159264667094259,-8.4424988438625e-5,-0.00043072554220027396,0.06782082426264234,-0.1041516363620758,0.15653660893440247,-0.14632686972618103,0.3324885368347168,0.054643645882606506,-0.3838376998901367,0.4999547302722931,0.4434444308280945,0.06778407096862793,0.9707939624786377,0.17138467729091644,-0.7803818583488464
0.4551758749999989,0.0034223749999999996,133.0,3.168233840703285,-0.6954449189961117,0.8810539585358413,-0.000685133755075339,-7.355955269871812e-5,-0.0003612737488453284,0.0678069344131451,-0.10644668340682983,0.15066024661064148,-0.1446172595024109,0.2868354916572571,0.05882278457283974,-0.2687861919403076,0.4861500859260559,0.45014405250549316,0.11529126018285751,0.9920494556427002,0.199673593044281,-0.7415466904640198
0.4551758749999989,0.0034223749999999996,133.0,3.137728997105842,-0.6651549023706304,0.8807433028042895,-0.0005143315937876251,-5.6880980648917896e-5,-0.00027137222912272056,0.06779134505321664,-0.10597971081733704,0.14729470014572144,-0.14569389820098877,0.25966715812683105,0.06937697529792786,-0.1910860538482666,0.4659833312034607,0.4453740417957306,0.15726950764656067,0.9929678440093994,0.19366437196731567,-0.7095925211906433
0.4551758749999989,0.0034223749999999996,133.0,3.1064144976285393,-0.6336451338429971,0.8802570192992228,-0.00032309195500834824,-3.5631504200368615e-5,-0.0001706987035893263,0.06777918149474155,-0.10328751802444458,0.1465185284614563,-0.15022066235542297,0.25447386503219604,0.07426910102367401,-0.1791517734527588,0.45950454473495483,0.4272124767303467,0.19915057718753815,0.9746713638305664,0.17111986875534058,-0.6861352920532227
0.4551758749999989,0.0034223749999999996,133.0,3.0741587876416463,-0.6013934409947649,0.8798640839145868,-0.00015100028869482934,-1.6943195759256014e-5,-8.000195651270239e-5,0.0677610913225168,-0.10226154327392578,0.14600205421447754,-0.15366294980049133,0.24967125058174133,0.08054087311029434,-0.1634531021118164,0.4592123031616211,0.415277898311615,0.23410329222679138,0.963975191116333,0.1515553742647171,-0.6693481206893921
0.4551758749999989,0.0034223749999999996,133.0,3.0410870993259933,-0.5689902707423821,0.8797728458609865,1.6739611930303094e-5,1.96231786412351e-6,8.9045991004692e-6,0.06774469248239834,-0.10211926698684692,0.14263521134853363,-0.15511003136634827,0.23388530313968658,0.09069427102804184,-0.1341238021850586,0.46592941880226135,0.41757628321647644,0.2754019498825073,0.9581401348114014,0.14696255326271057,-0.6558173894882202
0.4551758749999989,0.0034223749999999996,133.0,3.007120118933061,-0.5352982653435195,0.8794533763574345,0.00018492859992425605,2.2279104250711455e-5,9.850699957412175e-5,0.0677253731732035,-0.1028088927268982,0.1420675367116928,-0.15702024102210999,0.22821742296218872,0.09504852443933487,-0.11478066444396973,0.4753318130970001,0.41480302810668945,0.3029293417930603,0.9556100368499756,0.13631586730480194,-0.6473832130432129
0.4551758749999989,0.0034223749999999996,133.0,2.9721656481289216,-0.5003270321911175,0.8788538096593185,0.0003672221363442548,4.502953563249643e-5,0.000195794949083144,0.06770058207511617,-0.10458236932754517,0.1439880132675171,-0.15971150994300842,0.23207202553749084,0.09619670361280441,-0.10687112808227539,0.4856651723384857,0.40623241662979126,0.31791952252388,0.9575433731079102,0.12142164260149002,-0.6427276134490967
0.4551758749999989,0.0034223749999999996,133.0,2.936441297857004,-0.46493645126142014,0.8785180635318737,0.0005105418132765395,6.431955869478707e-5,0.0002727691502094928,0.06767893393299226,-0.10633701086044312,0.14408910274505615,-0.16128715872764587,0.2272273749113083,0.09930669516324997,-0.088531494140625,0.4984436631202698,0.4056636691093445,0.3370678722858429,0.9613301753997803,0.11619964987039566,-0.6373617053031921
0.4551758749999989,0.0034223749999999996,133.0,2.899915117148364,-0.4287383428522458,0.8781715571651328,0.0006721603802141631,8.703233578983737e-5,0.0003598138732883125,0.06765759544564509,-0.10801374912261963,0.14409798383712769,-0.16292721033096313,0.22210900485515594,0.10208731889724731,-0.07019424438476562,0.5115548968315125,0.4051198959350586,0.3569682836532593,0.964897632598877,0.11106836050748825,-0.6317390203475952
0.4551758749999989,0.0034223749999999996,133.0,2.8626248833185035,-0.39174508086140425,0.8778244071096949,0.0008443009391667113,0.00011241833336473791,0.0004526781811665674,0.06763753543096712,-0.10935375094413757,0.14387212693691254,-0.16466891765594482,0.21657118201255798,0.10421739518642426,-0.051959991455078125,0.524589478969574,0.40434780716896057,0.3792141377925873,0.9669227600097656,0.105289988219738,-0.6254507303237915
0.4551758749999989,0.0034223749999999996,133.0,2.82460517706632,-0.35399051060583486,0.8774403706626539,0.0010397686706460723,0.00014270260456119844,0.000558262083828525,0.06761974708047291,-0.1101967990398407,0.14327113330364227,-0.1665889322757721,0.2107057124376297,0.10442590713500977,-0.03459310531616211,0.5375602841377258,0.40348032116889954,0.4032829999923706,0.9668502807617188,0.10035904496908188,-0.6187204122543335
0.4551758749999989,0.0034223749999999996,133.0,2.7857962761976682,-0.3154222024375991,0.8770711429314527,0.0012253654863819566,0.00017303725616706013,0.0006584561162927722,0.06760369068975278,-0.11080655455589294,0.14251400530338287,-0.1686057150363922,0.20458897948265076,0.10350345820188522,-0.01763153076171875,0.5506977438926697,0.4027847349643707,0.4284076392650604,0.965874433517456,0.09557902812957764,-0.6119009852409363
0.4551758749999989,0.0034223749999999996,133.0,2.7460038950443435,-0.276494259149703,0.8768481799169277,0.0013453685632298263,0.00020005125083877805,0.0007232927329635396,0.06758699178835231,-0.1122729480266571,0.1395120471715927,-0.1696101725101471,0.18950963020324707,0.11058758944272995,0.012153863906860352,0.5695251226425171,0.413408488035202,0.4740309417247772,0.9658095836639404,0.0950191393494606,-0.6074196696281433
0.4551758749999989,0.0034223749999999996,133.0,2.705376469484688,-0.2362173892492893,0.8764872693454201,0.0014989931600624775,0.0002295458761299456,0.0008074524032767849,0.06756688920845362,-0.11382517218589783,0.139248326420784,-0.1714390218257904,0.1837308406829834,0.11159596592187881,0.02870035171508789,0.5853816270828247,0.4141174554824829,0.4948061406612396,0.9694266319274902,0.09256640821695328,-0.6023778319358826
0.4551758749999989,0.0034223749999999996,133.0,2.663670397565981,-0.19435270722361922,0.8757016116431263,0.0016486259694239273,0.000257761277346356,0.0008907604545251945,0.06753416534382779,-0.11611130833625793,0.14233888685703278,-0.1750246286392212,0.1917322874069214,0.10759927332401276,0.028215646743774414,0.599399209022522,0.4014478921890259,0.5012466907501221,0.9770402908325195,0.07835419476032257,-0.5977893471717834
0.4551758749999989,0.0034223749999999996,133.0,2.622432122871605,-0.15138137223537945,0.8780546806979913,0.0017893946595183127,0.0002705447978623105,0.0009739966176841443,0.06745843918192716,-0.11583375930786133,0.14011095464229584,-0.17662149667739868,0.17534399032592773,0.10384368896484375,0.05014371871948242,0.6062709093093872,0.4070769250392914,0.5103630423545837,0.9800593852996826,0.09200096130371094,-0.5869956016540527
0.4551758749999989,0.0034223749999999996,133.0,2.578860248035932,-0.1085852959860839,0.8775868197857905,0.0018851195145193832,0.0003066199842446312,0.0010302151716740347,0.06741603628361505,-0.11923724412918091,0.13550862669944763,-0.17795321345329285,0.15455126762390137,0.12142743915319443,0.08792662620544434,0.6406141519546509,0.4291675090789795,0.583716869354248,0.9843640327453613,0.09542734175920486,-0.5882447361946106
0.4551758749999989,0.0034223749999999996,133.0,2.5327298949915207,-0.06454568488359994,0.8778489751906117,0.0018561066401246269,0.0003151815313540743,0.0010345631686698355,0.0673293753411771,-0.14530348777770996,0.1520395576953888,-0.17690402269363403,0.17203430831432343,0.1605316400527954,0.11574745178222656,0.677104651927948,0.43723392486572266,0.4988152086734772,1.1270198822021484,0.07616223394870758,-0.6144067049026489
0.4551758749999989,0.0034223749999999996,133.0,2.480137533833964,-0.00834397753290321,0.8747827523003089,0.0017423160231055375,3.9149356373657344e-5,0.0010487167778441768,0.06696914753901653,-0.22441279888153076,0.2842760980129242,-0.16307476162910461,0.4685615003108978,0.02925088256597519,0.1824178695678711,-0.07638436555862427,0.5539522767066956,-1.3797765970230103,1.9434947967529297,-0.24540263414382935,-1.0256012678146362
0.4551758749999989,0.0034223749999999996,133.0,2.4208584610087875,0.040317162910055375,0.8764827105892771,0.00010382873563043041,-8.020505936504705e-6,6.591265641597206e-5,0.06601940829398256,-0.3678644597530365,0.1744849532842636,-0.13399332761764526,0.8741667866706848,-0.5592308640480042,0.716780424118042,0.5918469429016113,0.15340501070022583,-1.5653119087219238,2.2572813034057617,-0.070735864341259,-1.0266830921173096
0.4551758749999989,0.0034223749999999996,133.0,2.460086578179681,0.06773758769404842,0.8792547869198901,-0.0017448078198670875,-0.00011730275249706272,-0.0010932395831014278,0.06550096197688103,-0.3665810525417328,0.18190394341945648,-0.0894303023815155,1.134002685546875,-0.5262743830680847,0.690051794052124,0.4478674530982971,0.08862552046775818,-1.6440662145614624,2.1684112548828125,0.11413384228944778,-1.2225886583328247
0.4551758749999989,0.0034223749999999996,133.0,2.4915199920573103,0.1192931852918189,0.8912586888759638,-0.002032132643098885,0.00017612779343791494,-0.001202705445264605,0.06445179240138386,-0.43237224221229553,0.21522684395313263,0.010601818561553955,1.5143160820007324,-0.9919310808181763,0.7302749156951904,-0.15359486639499664,0.2738880515098572,-1.964776873588562,2.1618785858154297,0.4747394621372223,-1.7889604568481445
0.4551758749999989,0.0034223749999999996,133.0,2.5261474426533472,0.16908742230623927,0.9001273350573019,-0.0020781150021016,0.00032584153411085537,-0.0011501013968135403,0.06382877455954575,-0.4621070325374603,0.2373187094926834,0.0397551953792572,1.5834593772888184,-1.2765913009643555,0.7626746892929077,-0.3011709451675415,0.3930119276046753,-2.0730092525482178,2.1288719177246094,0.4511706829071045,-1.9778563976287842
0.4551758749999989,0.0034223749999999996,133.0,2.5674133665284002,0.21453434240287372,0.9030402322382428,-0.0019793638933934734,0.00032274619893039045,-0.0010603818140508612,0.06369545533187228,-0.4613902270793915,0.24076224863529205,0.05266290903091431,1.643146276473999,-1.2591842412948608,0.7592200040817261,-0.272182434797287,0.3557114005088806,-2.0861637592315674,2.0654683113098145,0.5102284550666809,-2.0003721714019775
0.4551758749999989,0.0034223749999999996,133.0,2.608807692843105,0.2578130357097641,0.9047190432473105,-0.0018211463350117358,0.0003014917599691162,-0.0009550475536855675,0.06363945926446328,-0.46378830075263977,0.24378181993961334,0.06100589036941528,1.6659398078918457,-1.3024622201919556,0.7696009874343872,-0.2702591121196747,0.3625273108482361,-2.090268611907959,2.0239834785461426,0.5536730289459229,-2.030146598815918
0.4551758749999989,0.0034223749999999996,133.0,2.6497754446464086,0.2996551208555326,0.9057024377112634,-0.0016209806247409915,0.0002656822008762806,-0.0008358624694141117,0.06363683564083489,-0.4616588056087494,0.2454998791217804,0.07355198264122009,1.7147024869918823,-1.304750680923462,0.7610325813293457,-0.27320054173469543,0.33783841133117676,-2.0806334018707275,1.9561200141906738,0.6081362366676331,-2.0541603565216064
0.4551758749999989,0.0034223749999999996,133.0,2.6898121333951144,0.34059084346777097,0.9059268244701273,-0.001529227230915181,0.00024245807175608518,-0.0007816472985763882,0.06363460545967665,-0.46516963839530945,0.24757197499275208,0.0748852789402008,1.7117353677749634,-1.3428421020507812,0.7846351861953735,-0.22962583601474762,0.35113245248794556,-2.0940470695495605,1.9381942749023438,0.6417337656021118,-2.064844846725464
0.4551758749999989,0.0034223749999999996,133.0,2.729314706436294,0.38075749849022605,0.9069864754927813,-0.0013139733305945081,0.00020471784765006433,-0.0006594684730385995,0.06360223918585874,-0.4669100344181061,0.2492009699344635,0.08111581206321716,1.7334212064743042,-1.3639659881591797,0.7951375246047974,-0.20974022150039673,0.3457815647125244,-2.0975136756896973,1.9011964797973633,0.6804482936859131,-2.08132266998291
0.4551758749999989,0.0034223749999999996,133.0,2.768022797964534,0.4200155338359293,0.908152086181382,-0.0011484183429653018,0.0001754882879014089,-0.0005654563307183899,0.06358100663299457,-0.46562984585762024,0.25020140409469604,0.09155502915382385,1.7780303955078125,-1.3559819459915161,0.7889748811721802,-0.19924543797969818,0.31666329503059387,-2.0946896076202393,1.8464946746826172,0.7321102619171143,-2.0967700481414795
0.4551758749999989,0.0034223749999999996,133.0,2.8056415226723654,0.45844411984883027,0.9089436288772018,-0.0009368360642083397,0.00014055325458267538,-0.00045440379203672113,0.0635660260400443,-0.4671013653278351,0.25149914622306824,0.09784743189811707,1.7989587783813477,-1.377134084701538,0.7957693338394165,-0.17947638034820557,0.31029486656188965,-2.0994014739990234,1.8082489967346191,0.7746249437332153,-2.1114819049835205
0.4551758749999989,0.0034223749999999996,133.0,2.842448468174197,0.4959896501933695,0.9096830067798808,-0.0007478726029601487,0.00011001303366294813,-0.0003576620066409318,0.06355333151552475,-0.4684061110019684,0.2526058554649353,0.10387173295021057,1.8191485404968262,-1.394906759262085,0.8010461330413818,-0.15987713634967804,0.3025185465812683,-2.1026599407196045,1.7716588973999023,0.8162482380867004,-2.1240291595458984
0.4551758749999989,0.0034223749999999996,133.0,2.8784230972205607,0.5326723520040525,0.9103836401510931,-0.0005665143114625757,8.164571545322376e-5,-0.0002673530979890961,0.06354071020234357,-0.4696107804775238,0.2535410523414612,0.10940644145011902,1.8382405042648315,-1.408443570137024,0.8053615093231201,-0.1402868628501892,0.29339009523391724,-2.104621410369873,1.737985610961914,0.8554032444953918,-2.1341114044189453
0.4551758749999989,0.0034223749999999996,133.0,2.913577772795835,0.5684759581424947,0.9109913467420732,-0.0003903794748183965,5.502337777184846e-5,-0.00018204289361160443,0.06353010940117006,-0.47062692046165466,0.2543187141418457,0.11444416642189026,1.856101155281067,-1.4169036149978638,0.8081825971603394,-0.1211613267660141,0.2828289568424225,-2.1044204235076904,1.7072453498840332,0.8921454548835754,-2.1415045261383057
0.4551758749999989,0.0034223749999999996,133.0,2.9478688793045658,0.6034324799585195,0.9115736774539294,-0.0002194776684257719,3.0252039884051124e-5,-0.00010125708346292137,0.06351718362665255,-0.4715850055217743,0.2550061345100403,0.1190091073513031,1.8730517625808716,-1.419682502746582,0.8095604181289673,-0.10396091639995575,0.2708629369735718,-2.1022114753723145,1.6804800033569336,0.9251822233200073,-2.1465537548065186
0.4551758749999989,0.0034223749999999996,133.0,2.9805927321014045,0.6376846603420127,0.9114565585453309,-6.548964806588258e-5,8.815539455031177e-6,-3.015795298786403e-5,0.0635111832246042,-0.47618767619132996,0.2572319805622101,0.11887070536613464,1.8645223379135132,-1.4505809545516968,0.8358209133148193,-0.0742710679769516,0.2847674787044525,-2.1127617359161377,1.6774482727050781,0.9403682947158813,-2.1521973609924316
0.4551758749999989,0.0034223749999999996,133.0,3.0124742388936774,0.6711629292023366,0.9118631510233862,0.00014168614292652662,-1.8920539007749155e-5,6.480613588251833e-5,0.06348271316922281,-0.4803284704685211,0.25917696952819824,0.12138298153877258,1.8691153526306152,-1.4717450141906738,0.8525145053863525,-0.06492055952548981,0.29013383388519287,-2.116910696029663,1.669142246246338,0.9533144235610962,-2.1622636318206787
0.4551758749999989,0.0034223749999999996,133.0,3.0451945334162835,0.7015286515228469,0.9105640967627785,0.0003346026130482009,-4.318851546324982e-5,0.0001501438992095313,0.06363998638826265,-0.47548386454582214,0.2578340768814087,0.1302073895931244,1.895070195198059,-1.467145562171936,0.8134785890579224,-0.0869370549917221,0.26906365156173706,-2.090409517288208,1.6163675785064697,1.0088070631027222,-2.1670334339141846
0.4551758749999989,0.0034223749999999996,133.0,3.075470426136163,0.7333085336955637,0.9109990362262411,0.0005301166672716439,-6.769459029651277e-5,0.00023595571110235038,0.06362046494422188,-0.4792945683002472,0.25947436690330505,0.13326188921928406,1.898737907409668,-1.4964230060577393,0.8296189308166504,-0.07158029079437256,0.27488720417022705,-2.102531671524048,1.6018967628479004,1.0353782176971436,-2.1767022609710693
0.4551758749999989,0.0034223749999999996,133.0,3.105859381289346,0.7640419651125184,0.9122683598410283,0.0007639414388654398,-9.520625053854386e-5,0.00033408593144471554,0.06358303039196865,-0.4775754511356354,0.25879016518592834,0.14140763878822327,1.93484628200531,-1.4732706546783447,0.8119598627090454,-0.058103982359170914,0.2376832365989685,-2.111821174621582,1.5607781410217285,1.0934549570083618,-2.175537347793579
0.4551758749999989,0.0034223749999999996,133.0,3.1354706952783173,0.7938327483532603,0.9132243041591739,0.0009321300648694924,-0.00011261422256159494,0.00040161724251092275,0.06356476027189646,-0.4745277464389801,0.25694823265075684,0.14810344576835632,1.9598469734191895,-1.4544681310653687,0.790581464767456,-0.03834960237145424,0.2030125856399536,-2.1231470108032227,1.5155808925628662,1.1651108264923096,-2.165893793106079
0.4551758749999989,0.0034223749999999996,133.0,3.1641762358042804,0.8228275052179901,0.9146886970676276,0.0011481353823003012,-0.00013851135409230435,0.00048575739972094506,0.0635304877016369,-0.4707619249820709,0.25468048453330994,0.15732362866401672,1.990832805633545,-1.4343620538711548,0.7566372156143188,-0.04946083575487137,0.16807740926742554,-2.127946376800537,1.465635061264038,1.2358182668685913,-2.1617963314056396
0.4551758749999989,0.0034223749999999996,133.0,3.1914737139422473,0.8510348819013792,0.9150439188834562,0.0013135773080661898,-0.00015659782576574392,0.0005513913804966391,0.06353035828896847,-0.45197561383247375,0.24165330827236176,0.16254648566246033,1.9766268730163574,-1.3869165182113647,0.6936205625534058,-0.08306054770946503,0.12921324372291565,-2.0775883197784424,1.3634169101715088,1.3500791788101196,-2.108309745788574
0.4551758749999989,0.0034223749999999996,133.0,3.2185081571317324,0.8781971887865596,0.9159217149467709,0.001499754891391488,-0.0001770075032934906,0.0006210975211021216,0.06352293019763078,-0.4216197431087494,0.2224038541316986,0.1716580092906952,1.9685717821121216,-1.2679704427719116,0.5781251192092896,-0.15869316458702087,0.054666727781295776,-1.973974585533142,1.2194099426269531,1.4710224866867065,-2.0246407985687256
0.4551758749999989,0.0034223749999999996,133.0,3.2452185959871236,0.9042382935953989,0.9164606339506269,0.001721836748411988,-0.00019711408007107753,0.000704846634300911,0.06353872368898869,-0.3968643248081207,0.20757688581943512,0.17842146754264832,1.957200288772583,-1.1622670888900757,0.48078036308288574,-0.20403343439102173,-0.01009070873260498,-1.9083062410354614,1.1039769649505615,1.5741000175476074,-1.9478282928466797
0.4551758749999989,0.0034223749999999996,133.0,3.270974378980543,0.9295041653864369,0.9172685985108262,0.0019481542809546685,-0.0002227896360764539,0.0007874224898352569,0.0635433667224391,-0.36782345175743103,0.19087211787700653,0.18674692511558533,1.9389630556106567,-1.0347625017166138,0.3626375198364258,-0.2916347086429596,-0.07583314180374146,-1.8062188625335693,0.9743492603302002,1.6445895433425903,-1.8627054691314697
0.4551758749999989,0.0034223749999999996,133.0,3.2956968789919343,0.9538851578434655,0.9178028195357417,0.0021983522897758936,-0.0002519295960337192,0.0008789646783015726,0.06356327798321312,-0.30253180861473083,0.1615079790353775,0.20705673098564148,1.8409212827682495,-0.004047182388603687,-0.21261143684387207,-0.6948649287223816,-0.3337624669075012,-2.2503366470336914,1.1899259090423584,1.2640106678009033,-1.4994720220565796
0.4551758749999989,0.0034223749999999996,133.0,3.3197445334247653,0.9772548339729754,0.9183616125173741,0.002379565661445184,-0.00027745121573249937,0.000952278417235575,0.06359061235973147,-0.2788867652416229,0.15149050951004028,0.2104978859424591,1.810446858406067,0.05643957108259201,-0.2945864200592041,-0.7506519556045532,-0.36414963006973267,-2.151698112487793,1.064842700958252,1.2556508779525757,-1.4380170106887817
0.4551758749999989,0.0034223749999999996,133.0,3.343410628105257,0.9997857459486073,0.918706290424714,0.002609712777319846,-0.0003130207997672633,0.0010406702627328767,0.06364177255851555,-0.25997045636177063,0.14404115080833435,0.21334591507911682,1.7832430601119995,0.10668209195137024,-0.35953807830810547,-0.7912349104881287,-0.38691484928131104,-2.072925329208374,0.963651180267334,1.2377715110778809,-1.387609601020813
0.4551758749999989,0.0034223749999999996,133.0,3.3663654636631177,1.0213689806432162,0.9194207177662651,0.0028453960570208343,-0.0003474869865237189,0.0011262151010666425,0.06367832634961088,-0.24229779839515686,0.1367882490158081,0.21336272358894348,1.7465041875839233,0.14894886314868927,-0.41351819038391113,-0.8186662793159485,-0.39902037382125854,-2.0013434886932373,0.8811538219451904,1.2165988683700562,-1.3384889364242554
0.4551758749999989,0.0034223749999999996,133.0,3.3884642512453143,1.0421499096056894,0.9199038476964886,0.0030893335430811717,-0.0003883766113463987,0.001223171113363708,0.06372329805986007,-0.23329177498817444,0.13611167669296265,0.21806171536445618,1.7442795038223267,0.17385569214820862,-0.4494197368621826,-0.8466283082962036,-0.41295385360717773,-1.956465244293213,0.8160092830657959,1.1739959716796875,-1.3219623565673828
0.4551758749999989,0.0034223749999999996,133.0,3.4101802207662693,1.0619422065300228,0.9212964291802627,0.003343113656422309,-0.00043514360668887056,0.0013042098159364638,0.06374223012209033,-0.22278064489364624,0.13073867559432983,0.2155163586139679,1.7123838663101196,0.19750386476516724,-0.4763669967651367,-0.858600914478302,-0.4122185707092285,-1.9205615520477295,0.7803475856781006,1.1704366207122803,-1.2908270359039307
0.4551758749999989,0.0034223749999999996,133.0,3.4306930388677133,1.0811212991516481,0.9223304788134601,0.003533809261849623,-0.0004762865777659922,0.0013750705181539923,0.06377337973169082,-0.22086477279663086,0.13207706809043884,0.2167348563671112,1.7153326272964478,0.21376003324985504,-0.48668408393859863,-0.8639735579490662,-0.4148494601249695,-1.9275426864624023,0.7706954479217529,1.163557767868042,-1.291182279586792
0.4551758749999989,0.0034223749999999996,133.0,3.450480141420461,1.0993585523132188,0.9233796750710137,0.003754828018685961,-0.0005161044351368697,0.0014461733348550907,0.06379979343511567,-0.21887165307998657,0.13172347843647003,0.21704038977622986,1.7148269414901733,0.2233961522579193,-0.4938201904296875,-0.8718147873878479,-0.4160979986190796,-1.9322799444198608,0.7622599601745605,1.1674474477767944,-1.289502739906311
0.4551758749999989,0.0034223749999999996,133.0,3.4687934800524194,1.1168322799212802,0.9235932591607784,0.003939567345201469,-0.0005588164420945418,0.0015142067450822534,0.06385241991219767,-0.21714046597480774,0.13176298141479492,0.21693000197410583,1.7133723497390747,0.22246725857257843,-0.4991888999938965,-0.8792473077774048,-0.41319018602371216,-1.934083342552185,0.7577567100524902,1.1695066690444946,-1.291018009185791
0.4551758749999989,0.0034223749999999996,133.0,3.486817591898993,1.133469120690333,0.924324712379457,0.004162282985973522,-0.0005963353876689453,0.0015889111753594142,0.06388267568518352,-0.21587136387825012,0.1331644058227539,0.21905037760734558,1.7189006805419922,0.23818662762641907,-0.5098476409912109,-0.882481575012207,-0.41825801134109497,-1.9345287084579468,0.7452678680419922,1.159224033355713,-1.291457176208496
0.4551758749999989,0.0034223749999999996,133.0,3.5038667959133734,1.1491804279467066,0.9249752774590612,0.004351636523527388,-0.0006456027950985726,0.0016598709340015956,0.06392173297540586,-0.21427157521247864,0.13309301435947418,0.21982303261756897,1.7204663753509521,0.24085795879364014,-0.5161426067352295,-0.8903623819351196,-0.41910767555236816,-1.9319617748260498,0.7344818115234375,1.1567572355270386,-1.2921760082244873
0.4551758749999989,0.0034223749999999996,133.0,3.519907259221984,1.164028526177911,0.925183972227784,0.004547166216231351,-0.0006760182085070777,0.0017182734804569862,0.06395985985386532,-0.21251407265663147,0.1313561201095581,0.21838077902793884,1.7139071226119995,0.23939569294452667,-0.5193984508514404,-0.893347978591919,-0.4148523807525635,-1.934266448020935,0.7348887920379639,1.1735385656356812,-1.290020227432251
0.4551758749999989,0.0034223749999999996,133.0,3.5354645702203644,1.178013683069094,0.9258413287280189,0.004692329697342559,-0.0007181397053731034,0.0017713428271094358,0.06399970840945059,-0.211034893989563,0.13176622986793518,0.2189708650112152,1.7146737575531006,0.24564066529273987,-0.5269787311553955,-0.8945993185043335,-0.41522490978240967,-1.932807207107544,0.7273449897766113,1.1704081296920776,-1.2904393672943115
0.4551758749999989,0.0034223749999999996,133.0,3.549758487941971,1.1912919358083347,0.9263657150137559,0.004829900840444662,-0.0007478347822349479,0.0018028066909373025,0.0640354784978455,-0.20874127745628357,0.13054348528385162,0.21897801756858826,1.7133787870407104,0.24168583750724792,-0.5326664447784424,-0.9020316004753113,-0.4140929579734802,-1.9253767728805542,0.7142863273620605,1.1711634397506714,-1.2902814149856567
0.4551758749999989,0.0034223749999999996,133.0,3.563530967594147,1.203733495549541,0.9275012074765882,0.004973979670194548,-0.0007843559706824037,0.0018513650250468053,0.06404822242857794,-0.2073342502117157,0.13040289282798767,0.2201266586780548,1.7160004377365112,0.2473294585943222,-0.5402703285217285,-0.9050034284591675,-0.41584455966949463,-1.9247934818267822,0.702214241027832,1.168119192123413,-1.2911341190338135
0.4551758749999989,0.0034223749999999996,133.0,3.5770086284982403,1.2152597215563608,0.9279304023932567,0.005131048684044842,-0.0008068449684478945,0.00188780535833019,0.06408302153486378,-0.20597463846206665,0.1309872418642044,0.22142329812049866,1.717382788658142,0.257936954498291,-0.5500097274780273,-0.9029075503349304,-0.4179965853691101,-1.9239232540130615,0.6935029029846191,1.1643239259719849,-1.2903788089752197
0.4551758749999989,0.0034223749999999996,133.0,3.5894115723899946,1.2261878524527632,0.9288516663636659,0.005292234164783902,-0.0008318004171083876,0.001931743863103235,0.06409410425833505,-0.20545795559883118,0.13320453464984894,0.22335323691368103,1.7222247123718262,0.2758031487464905,-0.5597271919250488,-0.8969429135322571,-0.42193400859832764,-1.9255651235580444,0.6861467361450195,1.1509473323822021,-1.2912633419036865
0.4551758749999989,0.0034223749999999996,133.0,3.6009005449928724,1.2365235138597015,0.9299077001434661,0.0054508678398716625,-0.000851665430759644,0.0019700929597716394,0.06409905120510231,-0.20538809895515442,0.13999012112617493,0.2323254644870758,1.7487000226974487,0.30021318793296814,-0.5789928436279297,-0.904167652130127,-0.44054198265075684,-1.9062682390213013,0.6418719291687012,1.0791925191879272,-1.2986394166946411
0.4551758749999989,0.0034223749999999996,133.0,3.611330889027034,1.245904622623326,0.930516110294046,0.00563186205404901,-0.0008674847370936069,0.0020190690417831118,0.06411408221180045,-0.20506450533866882,0.1418478786945343,0.23430803418159485,1.7528523206710815,0.31536760926246643,-0.5870811939239502,-0.9000855088233948,-0.44454145431518555,-1.90630304813385,0.6334269046783447,1.066730260848999,-1.2987555265426636
0.4551758749999989,0.0034223749999999996,133.0,3.620163129107408,1.2566866483463082,0.9333899332965746,0.005883026142457161,-0.0009208181432764545,0.0021128880992610714,0.06393577427030715,-0.20735356211662292,0.14573195576667786,0.2305128276348114,1.748710036277771,0.33722084760665894,-0.5815446376800537,-0.8746206760406494,-0.43422168493270874,-1.9412463903427124,0.6704905033111572,1.0730810165405273,-1.3052036762237549
0.4551758749999989,0.0034223749999999996,133.0,3.629095452996566,1.2644594875029245,0.9342942878678271,0.00615656352772219,-0.0009657293930156511,0.0022023830333977247,0.06393534351356035,-0.2077116072177887,0.14864932000637054,0.23174193501472473,1.7525001764297485,0.3557572662830353,-0.5870685577392578,-0.8664686679840088,-0.43713104724884033,-1.9440040588378906,0.668992280960083,1.0573405027389526,-1.306062936782837
0.4551758749999989,0.0034223749999999996,133.0,3.6367759688835637,1.271481176635755,0.9347571418590714,0.00657722345245762,-0.0010207477264648761,0.002333027025301046,0.06394674952197607,-0.20741912722587585,0.1507471352815628,0.23477426171302795,1.759691834449768,0.36771467328071594,-0.5952181816101074,-0.8690490126609802,-0.44321781396865845,-1.9360686540603638,0.6514418125152588,1.0341989994049072,-1.3070118427276611
0.4551758749999989,0.0034223749999999996,133.0,3.6437641515847576,1.2777025738202632,0.935419444899386,0.007273653222681124,-0.0011343334666424599,0.0025683691849559087,0.06395103312319848,-0.20765209197998047,0.15423281490802765,0.23821613192558289,1.7689909934997559,0.38242247700691223,-0.603215217590332,-0.8718971610069275,-0.4497767686843872,-1.9266366958618164,0.6332740783691406,0.9995489120483398,-1.3095344305038452
0.4551758749999989,0.0034223749999999996,133.0,3.64982140668035,1.2831309535750859,0.9357539357777741,0.008860630433270584,-0.0013761738668316124,0.0030970356295079715,0.06396009688537414,-0.20744925737380981,0.15642204880714417,0.2409723699092865,1.7746703624725342,0.3923942446708679,-0.6110756397247314,-0.8816693425178528,-0.4527561664581299,-1.9134514331817627,0.6141602993011475,0.9713179469108582,-1.3120183944702148
0.4551758749999989,0.0034223749999999996,133.0,3.6550699562829148,1.2881826045066274,0.936451941968909,0.01648694315375813,-0.002649270387334461,0.005580010615540489,0.06393240087735926,-0.20748406648635864,0.1556890904903412,0.24488088488578796,1.7771666049957275,0.4017370939254761,-0.6240403652191162,-0.9345414042472839,-0.44774872064590454,-1.871781587600708,0.5749075412750244,0.9381762146949768,-1.318995714187622
0.4551758749999989,0.0034223749999999996,133.0,3.672646910073637,-1.219753478983486,0.87078225527266,-0.013930836162097409,-0.001114113611459643,-0.006838443629707166,0.06811264192937472,-0.021932601928710938,0.1618431806564331,-0.15289726853370667,0.8881312608718872,0.32688120007514954,-1.0850245952606201,0.4740734398365021,0.16614672541618347,-0.34310826659202576,0.5386595726013184,0.3695022761821747,-1.055516004562378
0.4551758749999989,0.0034223749999999996,133.0,3.667923714686736,-1.2144612764044043,0.8713593277485628,-0.007521488101850192,-0.0005365399263670772,-0.0037067928154683972,0.06806646888385211,-0.023046165704727173,0.16528859734535217,-0.15223190188407898,0.8903810977935791,0.3100616931915283,-1.0816280841827393,0.48054105043411255,0.16189050674438477,-0.34654366970062256,0.5660455226898193,0.335059255361557,-1.0529637336730957
0.4551758749999989,0.0034223749999999996,133.0,3.6622584868147614,-1.2088924118973647,0.8712501126150453,-0.006180129632691003,-0.00044708076584568394,-0.0030462167453085935,0.0680445257261105,-0.024630486965179443,0.16633820533752441,-0.1534213423728943,0.8900200724601746,0.31116315722465515,-1.0747520923614502,0.4930466413497925,0.16031992435455322,-0.33961305022239685,0.5714273452758789,0.31061822175979614,-1.0508902072906494
0.4551758749999989,0.0034223749999999996,133.0,3.65579753003439,-1.2026616924461664,0.8712752012770284,-0.005590181458396541,-0.0003979379313425902,-0.0027551717138657155,0.06803383137777996,-0.02635940909385681,0.16689293086528778,-0.15521979331970215,0.8889742493629456,0.31523191928863525,-1.066946029663086,0.5083795785903931,0.15946900844573975,-0.3309488296508789,0.5746016502380371,0.28778114914894104,-1.0489121675491333
0.4551758749999989,0.0034223749999999996,133.0,3.6484509554782143,-1.1957208762806955,0.8710908764134752,-0.00524672354798466,-0.0003933294806285994,-0.0025860480462982344,0.0680189484350897,-0.02810552716255188,0.16709654033184052,-0.1574174463748932,0.8867800831794739,0.31824594736099243,-1.0588269233703613,0.5271968841552734,0.1592927873134613,-0.31864339113235474,0.5768215656280518,0.26304057240486145,-1.0464777946472168
0.4551758749999989,0.0034223749999999996,133.0,3.6397021652795405,-1.1897274164855256,0.86845754523858,-0.005003127875345732,-0.00044071587887989383,-0.0024628326791832156,0.06808235209784788,-0.028552860021591187,0.16624271869659424,-0.1594376266002655,0.8824765682220459,0.31854960322380066,-1.0539047718048096,0.5459722280502319,0.16000089049339294,-0.30159792304039,0.5759603977203369,0.24255648255348206,-1.0428845882415771
0.4551758749999989,0.0034223749999999996,133.0,3.630601485593472,-1.181297985975422,0.8683946542723806,-0.004805114139228376,-0.00043507784056547207,-0.002366491670087025,0.06807006681415852,-0.03101518750190735,0.1658533811569214,-0.1628907024860382,0.8776728510856628,0.3252119719982147,-1.0423734188079834,0.576165497303009,0.160783052444458,-0.28273025155067444,0.5792036056518555,0.2089320868253708,-1.0388340950012207
0.4551758749999989,0.0034223749999999996,133.0,3.6207789445353056,-1.1718479454296329,0.8682538545349607,-0.0046572370112360675,-0.0004257218277075941,-0.0022917839895828275,0.06805897023445023,-0.032572537660598755,0.1659601926803589,-0.16510701179504395,0.8750190734863281,0.32518553733825684,-1.03458571434021,0.5938359498977661,0.1609189212322235,-0.26881280541419983,0.5796029567718506,0.18499548733234406,-1.0362441539764404
0.4551758749999989,0.0034223749999999996,133.0,3.610148196636309,-1.1617554770530787,0.8680827610388541,-0.004524055310902855,-0.0004349136170349565,-0.0022238151678450877,0.06804532333447029,-0.035059213638305664,0.16596828401088715,-0.16811823844909668,0.8705807328224182,0.3274083435535431,-1.0233817100524902,0.6205741167068481,0.16134563088417053,-0.2486640363931656,0.5814142227172852,0.1504172533750534,-1.0321550369262695
0.4551758749999989,0.0034223749999999996,133.0,3.5986298989774625,-1.1508850397777683,0.8681058970628619,-0.0043900750073904695,-0.00043505864712594245,-0.0021582757198440974,0.06803465887173908,-0.03726765513420105,0.1654781848192215,-0.17139562964439392,0.8652116656303406,0.33047986030578613,-1.0125916004180908,0.6490602493286133,0.16230088472366333,-0.22794055938720703,0.5828442573547363,0.11932956427335739,-1.0276994705200195
0.4551758749999989,0.0034223749999999996,133.0,3.5864562289805653,-1.1390780821437072,0.868107778508521,-0.0042659775149489,-0.0004283377650559702,-0.0020971463729923304,0.06802924531580881,-0.03831246495246887,0.16503094136714935,-0.17378506064414978,0.8596944808959961,0.3255642354488373,-1.0049171447753906,0.6687013506889343,0.16399821639060974,-0.21025989949703217,0.5815892219543457,0.0945938229560852,-1.0238105058670044
0.4551758749999989,0.0034223749999999996,133.0,3.573504939238347,-1.1263917206858522,0.8679583962721353,-0.004140748986037342,-0.0004189309092915278,-0.0020320504643256618,0.06802471170221712,-0.039071887731552124,0.1641298085451126,-0.17622417211532593,0.8541393280029297,0.3239099085330963,-0.9986069202423096,0.6899465918540955,0.16520318388938904,-0.1912749856710434,0.5794191360473633,0.07490497827529907,-1.01942777633667
0.4551758749999989,0.0034223749999999996,133.0,3.5599545905865777,-1.1128020435318284,0.8678791418335364,-0.004030429954697336,-0.00040189243040679944,-0.0019796038166460302,0.06803155794473081,-0.03857421875,0.16460241377353668,-0.17651262879371643,0.8522663116455078,0.315117210149765,-0.9964022636413574,0.6904234886169434,0.16503867506980896,-0.18377870321273804,0.5733025074005127,0.06628450751304626,-1.017268180847168
0.4551758749999989,0.0034223749999999996,133.0,3.545750135657259,-1.0985931790136443,0.8677110436164622,-0.0038890523554338183,-0.00039154532388852356,-0.0019129316144868727,0.06804380586001868,-0.036231040954589844,0.1629890352487564,-0.17734172940254211,0.8445947766304016,0.30562177300453186,-0.997800350189209,0.6962007284164429,0.16869652271270752,-0.17290323972702026,0.5649669170379639,0.0643051490187645,-1.0132648944854736
0.4551758749999989,0.0034223749999999996,133.0,3.5301097567474136,-1.083140102269818,0.8677399088370575,-0.0037125769256186546,-0.0003664860746996196,-0.001832364889058955,0.06803931649650366,-0.0365772545337677,0.16323453187942505,-0.17836886644363403,0.840316891670227,0.2991669476032257,-0.9924726486206055,0.7054595947265625,0.1691400706768036,-0.15923359990119934,0.5603635311126709,0.043200358748435974,-1.0093293190002441
0.4551758749999989,0.0034223749999999996,133.0,3.5139152624947654,-1.0670821285404855,0.8676510904042718,-0.003546964022807799,-0.00035480704909823666,-0.0017547540226000974,0.06803905708340474,-0.03630262613296509,0.1638597697019577,-0.17845675349235535,0.8369523882865906,0.293600857257843,-0.9898808002471924,0.7077796459197998,0.16871997714042664,-0.14774638414382935,0.5535988807678223,0.026231853291392326,-1.0054397583007812
0.4551758749999989,0.0034223749999999996,133.0,3.496534677173953,-1.0500354173359694,0.8678187042484053,-0.0033592118202099334,-0.00032972192168634616,-0.001669057266119716,0.06803318917665817,-0.03616929054260254,0.1633271425962448,-0.1800445020198822,0.8279061317443848,0.2844032347202301,-0.9845232963562012,0.723399817943573,0.17130297422409058,-0.12531334161758423,0.5472846031188965,-0.0035949889570474625,-0.9989098310470581
0.4551758749999989,0.0034223749999999996,133.0,3.4786702602580513,-1.032213003402456,0.8678353068984318,-0.003179030453310187,-0.00030627711243349305,-0.0015889624905823488,0.06804152792544639,-0.03355446457862854,0.1618162989616394,-0.1807292401790619,0.8164963126182556,0.2718832194805145,-0.9860317707061768,0.730952799320221,0.17554518580436707,-0.10465975850820541,0.5356595516204834,-0.021085020154714584,-0.9917484521865845
0.4551758749999989,0.0034223749999999996,133.0,3.4596151807684983,-1.0134086713609405,0.8678209067734528,-0.0029947784717209154,-0.0002900560343019945,-0.0015021952340688698,0.06802866252407543,-0.03384608030319214,0.16236770153045654,-0.1819077432155609,0.8079463243484497,0.2640807330608368,-0.9787461757659912,0.7439392805099487,0.1760469675064087,-0.0773753821849823,0.5266697406768799,-0.059814587235450745,-0.9835574626922607
0.4551758749999989,0.0034223749999999996,133.0,3.4398584207867486,-0.9940232613910898,0.867851178756266,-0.002828774837655882,-0.0002770561184032709,-0.0014260568323509512,0.06802111619591485,-0.033205777406692505,0.16127870976924896,-0.18417534232139587,0.7918553948402405,0.25090292096138,-0.9712042808532715,0.766782820224762,0.1802140772342682,-0.03824030980467796,0.5151302814483643,-0.10416653007268906,-0.9715456366539001
0.4551758749999989,0.0034223749999999996,133.0,3.4193222107643764,-0.9736800784475388,0.8678586361004451,-0.0026115258802906077,-0.0002539892399512902,-0.0013251229453271457,0.0680171530883184,-0.03154653310775757,0.15937098860740662,-0.1869434118270874,0.7646379470825195,0.23543526232242584,-0.9542369842529297,0.7942793965339661,0.18866056203842163,-0.008760768920183182,0.5056769847869873,-0.13634203374385834,-0.9528347849845886
0.4551758749999989,0.0034223749999999996,133.0,3.3976742247629788,-0.9531223717191786,0.8683368748737231,-0.0023972933735559986,-0.00023492834981824127,-0.0012226750693366789,0.06800403329160896,-0.032153159379959106,0.15536700189113617,-0.19132493436336517,0.7314996719360352,0.2286660224199295,-0.934931755065918,0.8443019390106201,0.19898921251296997,0.04431559145450592,0.4978790283203125,-0.18227683007717133,-0.9301115870475769
0.4551758749999989,0.0034223749999999996,133.0,3.3753783518162566,-0.9310744687256934,0.8683376439139359,-0.002193793151013067,-0.00021233557711698627,-0.001125561337806187,0.06799413366840838,-0.030867785215377808,0.15157414972782135,-0.19451411068439484,0.6833398342132568,0.2032610923051834,-0.9009590148925781,0.8822669982910156,0.21365463733673096,0.0776955708861351,0.48990535736083984,-0.20176734030246735,-0.8968426585197449
0.4551758749999989,0.0034223749999999996,133.0,3.351864242940452,-0.9078376640464543,0.8683269963278113,-0.0019930233067492215,-0.00018676689800890573,-0.001027019148307003,0.06796778454619819,-0.03138619661331177,0.14785292744636536,-0.1965436488389969,0.6257784366607666,0.1724506914615631,-0.853024959564209,0.9192718863487244,0.22889924049377441,0.11506037414073944,0.4844229221343994,-0.21112433075904846,-0.8547917008399963
0.4551758749999989,0.0034223749999999996,133.0,3.3276095490112585,-0.8836600853695364,0.868046850889744,-0.001831457784981677,-0.00017054126655329356,-0.0009487146247219763,0.06793933725680382,-0.032120347023010254,0.14398814737796783,-0.19558458030223846,0.5613716840744019,0.1336146742105484,-0.7978208065032959,0.9427989721298218,0.24390020966529846,0.15259000658988953,0.48005199432373047,-0.19464223086833954,-0.8057183027267456
0.4551758749999989,0.0034223749999999996,133.0,3.30256809171381,-0.858738194267574,0.868066467585831,-0.0016335257956618028,-0.000144229546447457,-0.0008528392152414812,0.06791671955957865,-0.03369060158729553,0.1384338140487671,-0.1899600625038147,0.4808501899242401,0.0823168084025383,-0.7220816612243652,0.9525771141052246,0.26546528935432434,0.17451688647270203,0.48963069915771484,-0.11578947305679321,-0.7473494410514832
0.4551758749999989,0.0034223749999999996,133.0,3.2769500405585417,-0.8336136519490484,0.8680716443280014,-0.0014503008452355934,-0.00013354681554951292,-0.0007616590623516288,0.0678939875390083,-0.08790326118469238,0.18324388563632965,-0.1598709523677826,0.5462561845779419,0.08131576329469681,-0.7190613746643066,0.45370447635650635,0.4163413643836975,-0.1401395946741104,0.807891845703125,-0.06621512770652771,-0.9663643836975098
0.4551758749999989,0.0034223749999999996,133.0,3.250643573528791,-0.8079188209079837,0.8680498183752146,-0.0012700642806972116,-0.00012090996986379614,-0.0006688399824538692,0.06787660591654904,-0.09397736191749573,0.17251071333885193,-0.15498489141464233,0.4673846364021301,0.07207759469747543,-0.630634069442749,0.4873073697090149,0.4256354570388794,-0.05802794545888901,0.8702528476715088,0.02148115448653698,-0.8969822525978088
0.4551758749999989,0.0034223749999999996,133.0,3.2235857105149814,-0.7810960450214299,0.8678087268186097,-0.0011210419805885766,-0.00010941650320905732,-0.000591007303729516,0.06786035315355886,-0.09921342134475708,0.16416974365711212,-0.1492253541946411,0.3947155773639679,0.06014008820056915,-0.5142931938171387,0.4928869605064392,0.4352613687515259,-0.0032611109782010317,0.9265825748443604,0.11595233529806137,-0.8341906070709229
0.4551758749999989,0.0034223749999999996,133.0,3.1958936231569792,-0.7534956747352474,0.8675161875937611,-0.0009881789522936829,-9.773281809172887e-5,-0.0005213520309526351,0.06785363465980797,-0.10233300924301147,0.15775932371616364,-0.14578679203987122,0.3380337357521057,0.04941362142562866,-0.3990776538848877,0.4838416874408722,0.44138556718826294,0.030779747292399406,0.9630763530731201,0.19109147787094116,-0.7838626503944397
0.4551758749999989,0.0034223749999999996,133.0,3.1671046034179935,-0.7250436073897977,0.8671888998887016,-0.0008161590895509556,-8.311150883523913e-5,-0.000429432220160725,0.06783965893109777,-0.10564830899238586,0.1523328274488449,-0.143792062997818,0.29126253724098206,0.05364348366856575,-0.26726198196411133,0.4621010422706604,0.44605752825737,0.06993694603443146,0.9901831150054932,0.22093059122562408,-0.7419431209564209
0.4551758749999989,0.0034223749999999996,133.0,3.13749561429674,-0.695844776711605,0.8669768200171136,-0.0006853146835574007,-7.244296644759549e-5,-0.0003601632234996819,0.06782700278119871,-0.10363858938217163,0.14753076434135437,-0.145281583070755,0.2661460340023041,0.06468895822763443,-0.21471714973449707,0.4554813504219055,0.44249820709228516,0.13759922981262207,0.979135274887085,0.2029597908258438,-0.7131316065788269
0.4551758749999989,0.0034223749999999996,133.0,3.106968204672799,-0.6655348174149002,0.86668379478741,-0.0005144593463623907,-5.597504981926415e-5,-0.00027058331912846147,0.06781113380432376,-0.10174590349197388,0.1449563354253769,-0.14842316508293152,0.25363513827323914,0.07304307818412781,-0.1874406337738037,0.45608603954315186,0.4337213337421417,0.1945788562297821,0.9628963470458984,0.17868061363697052,-0.6917386651039124
0.4551758749999989,0.0034223749999999996,133.0,3.075636208306737,-0.6340139131798972,0.8662162232342401,-0.0003231691327097472,-3.503845455379804e-5,-0.00017022132299595116,0.06779864687212955,-0.10028353333473206,0.1451946645975113,-0.15215793251991272,0.25262877345085144,0.075009785592556,-0.1802670955657959,0.45348307490348816,0.41853147745132446,0.22008085250854492,0.9514527320861816,0.1630486100912094,-0.6754971146583557
0.4551758749999989,0.0034223749999999996,133.0,3.0433713296062033,-0.6017550650958582,0.8658354621437416,-0.00015103503553691897,-1.6654946808299883e-5,-7.978554454073674e-5,0.06778051923859582,-0.10022285580635071,0.14545798301696777,-0.15494397282600403,0.25051289796829224,0.07895996421575546,-0.16806459426879883,0.4565331041812897,0.4089672267436981,0.24325548112392426,0.9462623596191406,0.14930665493011475,-0.6638084650039673
0.4551758749999989,0.0034223749999999996,133.0,3.0102937056056485,-0.5693409795467008,0.8657472356883282,1.6743295717810528e-5,1.929157025107636e-6,8.88147906744367e-6,0.06776418083722148,-0.10076716542243958,0.14265701174736023,-0.15585607290267944,0.23657508194446564,0.08734292536973953,-0.14124226570129395,0.4658041000366211,0.4129101037979126,0.27657651901245117,0.9443645477294922,0.1492047756910324,-0.6538010835647583
0.4551758749999989,0.0034223749999999996,133.0,2.9763252170167465,-0.5356455099480658,0.8654319749970246,0.00018496795157362284,2.189895793995702e-5,9.825634970905158e-5,0.06774504021202507,-0.10191729664802551,0.14245256781578064,-0.15746226906776428,0.23188747465610504,0.09060124307870865,-0.12335085868835449,0.4769090414047241,0.41117575764656067,0.29909610748291016,0.944537878036499,0.14158408343791962,-0.6474043726921082
0.4551758749999989,0.0034223749999999996,133.0,2.941373235699809,-0.5006759757727642,0.8648405804221068,0.00036730044883561433,4.424494580578712e-5,0.00019529897965049107,0.06772053088252152,-0.10391607880592346,0.1445469856262207,-0.1601426601409912,0.23594383895397186,0.09162808209657669,-0.11564326286315918,0.4876757264137268,0.4029308557510376,0.3120160698890686,0.9478168487548828,0.1276640146970749,-0.6432816386222839
0.4551758749999989,0.0034223749999999996,133.0,2.9056509984525714,-0.46528371884027814,0.8645085635277213,0.0005106514501956585,6.319047470174958e-5,0.00027208415618938046,0.0676991622402726,-0.10580357909202576,0.14474999904632568,-0.16172745823860168,0.2313096821308136,0.09463226050138474,-0.09752345085144043,0.5007171034812927,0.4025052487850189,0.32991716265678406,0.9524164199829102,0.12323129922151566,-0.6382737159729004
0.4551758749999989,0.0034223749999999996,133.0,2.869126736366665,-0.4290839510024575,0.8641660450526577,0.0006723054943843173,8.54965936358266e-5,0.0003589183540192833,0.06767810298391347,-0.10757115483283997,0.1448298543691635,-0.1633853018283844,0.22637423872947693,0.09730777144432068,-0.07935953140258789,0.5139851570129395,0.4020342230796814,0.34897226095199585,0.9565649032592773,0.11866892129182816,-0.6329104900360107
0.4551758749999989,0.0034223749999999996,133.0,2.831837370205913,-0.3920887643966905,0.8638232958655313,0.0008444833897283398,0.00011043025482356774,0.0004515650030505592,0.06765830004677131,-0.1089932918548584,0.14466094970703125,-0.16514170169830322,0.22097612917423248,0.0993487760424614,-0.06122779846191406,0.5271448493003845,0.4013383984565735,0.3705332577228546,0.9591429233551025,0.1133764311671257,-0.6268407106399536
0.4551758749999989,0.0034223749999999996,133.0,2.7938168396323784,-0.35433166566643715,0.8634444428923126,0.0010399909052022872,0.0001401893932214771,0.0005569129701261125,0.06764073809808555,-0.10991939902305603,0.14410600066184998,-0.16706997156143188,0.21519072353839874,0.09949612617492676,-0.04387402534484863,0.540242612361908,0.4005703926086426,0.3940621316432953,0.9596352577209473,0.10887686163187027,-0.620292603969574
0.4551758749999989,0.0034223749999999996,133.0,2.7550065208330854,-0.31576077557828225,0.8630808873936456,0.0012256254730961009,0.00017000251923269714,0.000656891298345785,0.06762488337470518,-0.11060664057731628,0.14338256418704987,-0.16909044981002808,0.20911189913749695,0.09853499382734299,-0.026864290237426758,0.5534921288490295,0.3999883830547333,0.41878169775009155,0.9591999053955078,0.10447622090578079,-0.6136265397071838
0.4551758749999989,0.0034223749999999996,133.0,2.715215039069228,-0.2768277026697781,0.8628590884448955,0.0013456504519524747,0.00019660197444006195,0.0007216265752383436,0.06760849116600277,-0.11214160919189453,0.14037372171878815,-0.17011243104934692,0.19401368498802185,0.10561081767082214,0.00304412841796875,0.5725494027137756,0.4107142388820648,0.4642619490623474,0.9596776962280273,0.1046774759888649,-0.6092326045036316
0.4551758749999989,0.0034223749999999996,133.0,2.674590458754369,-0.23654973834048737,0.8625028636129606,0.0014993176572841564,0.000225595696257499,0.0008056041691011512,0.06758869057976916,-0.11374452710151672,0.14012335240840912,-0.17194253206253052,0.18826717138290405,0.10662231594324112,0.01969456672668457,0.5884262323379517,0.41153016686439514,0.484758198261261,0.9637315273284912,0.10251481086015701,-0.6043311953544617
0.4551758749999989,0.0034223749999999996,133.0,2.632891496683817,-0.19468937107408404,0.8617288524841067,0.001649014769909076,0.0002532599248591463,0.0008886844316603412,0.06755642201064248,-0.11604788899421692,0.14324815571308136,-0.17553019523620605,0.19633644819259644,0.10265309363603592,0.019318342208862305,0.6021093130111694,0.3988809585571289,0.49094271659851074,0.9714808464050293,0.08776188641786575,-0.5998274087905884
0.4551758749999989,0.0034223749999999996,133.0,2.591647687143798,-0.15171205649221128,0.8640852479948692,0.0017898288431657577,0.0002656604456984249,0.0009717220792885135,0.06748038110375824,-0.11580270528793335,0.14097481966018677,-0.17707043886184692,0.17983919382095337,0.09885820746421814,0.04149460792541504,0.6092483997344971,0.40477001667022705,0.5001119375228882,0.9748475551605225,0.10236012190580368,-0.5891885757446289
0.4551758749999989,0.0034223749999999996,133.0,2.5480899735614644,-0.10890600118120436,0.8636181709121168,0.0018856252885776535,0.00030104294363878637,0.0010278453360655958,0.06743881799520032,-0.11919716000556946,0.13630522787570953,-0.17843973636627197,0.15887558460235596,0.11669350415468216,0.07974100112915039,0.6436133980751038,0.4268164336681366,0.5741442441940308,0.979193925857544,0.10609253495931625,-0.5902233719825745
0.4551758749999989,0.0034223749999999996,133.0,2.502069487498845,-0.0649390107805308,0.8638650732100903,0.001856751389858788,0.000309675514695523,0.0010314869076800228,0.0673564024206931,-0.1445644199848175,0.15234868228435516,-0.17762792110443115,0.17622068524360657,0.15526917576789856,0.10708093643188477,0.6786556839942932,0.434626966714859,0.4914979934692383,1.1177754402160645,0.08763953298330307,-0.6159746646881104
0.4551758749999989,0.0034223749999999996,133.0,2.4498506807906377,-0.009308921023956997,0.8607370418235841,0.0017427423780045515,4.792463383812478e-5,0.0010419360189343506,0.06701749961902963,-0.22230777144432068,0.28404274582862854,-0.16376477479934692,0.4713330864906311,0.027748599648475647,0.16762137413024902,-0.076199010014534,0.5524131059646606,-1.3827465772628784,1.923326015472412,-0.23169022798538208,-1.0268129110336304
0.4551758749999989,0.0034223749999999996,133.0,2.391158200118843,0.03975214728136545,0.8623227736723044,0.00010370805820048736,-7.734656770693957e-6,6.553225689009333e-5,0.06610612544441247,-0.36424294114112854,0.17365413904190063,-0.13477244973182678,0.8691719770431519,-0.5511649250984192,0.7029283046722412,0.5924915075302124,0.14994025230407715,-1.557851791381836,2.244455337524414,-0.061164774000644684,-1.0181688070297241
0.4551758749999989,0.0034223749999999996,133.0,2.4304167098813125,0.06715770356786252,0.8649974112821216,-0.0017417018060797913,-0.00012343083941268506,-0.0010881371287016102,0.06558006381542725,-0.3627897799015045,0.1810963898897171,-0.09084567427635193,1.1265273094177246,-0.5175153613090515,0.6769824028015137,0.4500793516635895,0.08573636412620544,-1.6378517150878906,2.1569743156433105,0.12205683439970016,-1.212174415588379
0.4551758749999989,0.0034223749999999996,133.0,2.4620861910554837,0.11859085911418848,0.8767183556016235,-0.002026572167081316,0.00016559315508301778,-0.0012002743273249968,0.06454410723785951,-0.4281022846698761,0.21451272070407867,0.00848543643951416,1.5031766891479492,-0.981115996837616,0.7192834615707397,-0.14607417583465576,0.270124614238739,-1.9639220237731934,2.1523375511169434,0.482651025056839,-1.7740082740783691
0.4551758749999989,0.0034223749999999996,133.0,2.496713458163019,0.16833177152797246,0.8855980835096243,-0.0020724354060129083,0.0003162689271354342,-0.0011479573041766335,0.06392533392802252,-0.45777425169944763,0.23649658262729645,0.03686514496803284,1.5698105096817017,-1.261832594871521,0.7533938884735107,-0.29144421219825745,0.38843920826911926,-2.073005199432373,2.1234164237976074,0.45858821272850037,-1.9595746994018555
0.4551758749999989,0.0034223749999999996,133.0,2.537983305367086,0.21377242937809793,0.8884970496393183,-0.001973800586690833,0.0003142835984364401,-0.0010583442165953416,0.06379392081164019,-0.45689305663108826,0.23997807502746582,0.04947301745414734,1.6284760236740112,-1.2433745861053467,0.7497724294662476,-0.26276683807373047,0.35143589973449707,-2.085914134979248,2.060885429382324,0.5168108344078064,-1.9813683032989502
0.4551758749999989,0.0034223749999999996,133.0,2.579376148474531,0.25704471639643156,0.8901461686585653,-0.0018158420624436408,0.0002939925150049868,-0.0009534370522790496,0.06373866923770305,-0.4591451585292816,0.2430189698934555,0.05768841505050659,1.6508510112762451,-1.2860827445983887,0.7597416639328003,-0.26121747493743896,0.35824745893478394,-2.0904598236083984,2.0196146965026855,0.5601887106895447,-2.010721206665039
0.4551758749999989,0.0034223749999999996,133.0,2.6203491850324134,0.2988792628572308,0.8911040350672668,-0.0016161262629518873,0.00025921142254073723,-0.0008346728371641631,0.0637360337397653,-0.45693567395210266,0.2448098510503769,0.07011011242866516,1.6992217302322388,-1.2885470390319824,0.7510619163513184,-0.26482462882995605,0.3339694142341614,-2.081392288208008,1.9520759582519531,0.6143783926963806,-2.0347607135772705
0.4551758749999989,0.0034223749999999996,133.0,2.6604115081148714,0.3398022814147401,0.8913368233354607,-0.001524627567982746,0.00023661480522524966,-0.000780491380751432,0.06373362579771628,-0.4603249728679657,0.24691863358020782,0.07150283455848694,1.6963881254196167,-1.3262255191802979,0.7740825414657593,-0.22238996624946594,0.3471941351890564,-2.0952446460723877,1.9339137077331543,0.6479788422584534,-2.045504093170166
0.4551758749999989,0.0034223749999999996,133.0,2.699919225973874,0.3799589438611832,0.8923585065164634,-0.0013098685081958095,0.00019981064920032073,-0.0006586915644686247,0.06370207471918174,-0.4619182050228119,0.2485869824886322,0.07760372757911682,1.7176281213760376,-1.3471866846084595,0.784255862236023,-0.20300018787384033,0.34212565422058105,-2.0991294384002686,1.8969402313232422,0.6864843368530273,-2.061821222305298
0.4551758749999989,0.0034223749999999996,133.0,2.7386287076901854,0.4192090376937579,0.8934855968579982,-0.0011447067597260504,0.00017134364544750714,-0.0005649545985869441,0.06368152776125219,-0.4605604112148285,0.2496650516986847,0.08789673447608948,1.7616981267929077,-1.3395211696624756,0.7781094312667847,-0.1931101381778717,0.31363484263420105,-2.096714735031128,1.842536449432373,0.7375211119651794,-2.077362537384033
0.4551758749999989,0.0034223749999999996,133.0,2.77625889170915,0.45762803859956525,0.8942516344473802,-0.0009337328438565597,0.00013727723672095875,-0.0004541035970214187,0.0636670205123281,-0.46194419264793396,0.2510221302509308,0.09406563639640808,1.7822349071502686,-1.3604843616485596,0.7848364114761353,-0.17398467659950256,0.30764999985694885,-2.101778030395508,1.8046283721923828,0.779357373714447,-2.092069625854492
0.4551758749999989,0.0034223749999999996,133.0,2.813076140105939,0.4951653792268176,0.8949673874143467,-0.0007453414217538723,0.000107485772495388,-0.0003575005318827706,0.06365471212156336,-0.4631862938404083,0.2521926760673523,0.09996864199638367,1.802044153213501,-1.3782073259353638,0.7901934385299683,-0.15498344600200653,0.30033230781555176,-2.105379819869995,1.768406867980957,0.8201798796653748,-2.1046998500823975
0.4551758749999989,0.0034223749999999996,133.0,2.849060933538425,0.5318402922104718,0.895643434243596,-0.0005645599095889576,7.97895897550391e-5,-0.00026728453589338594,0.06364249301833494,-0.46435096859931946,0.2531934976577759,0.10538992285728455,1.8207725286483765,-1.391872525215149,0.7947002649307251,-0.1359247863292694,0.29173311591148376,-2.107651472091675,1.735086441040039,0.858485996723175,-2.1149494647979736
0.4551758749999989,0.0034223749999999996,133.0,2.88422418686991,0.5676377448032819,0.896232299859356,-0.0003890101411109723,5.379433142704029e-5,-0.0001820280042945672,0.06363213867602495,-0.4653584659099579,0.2540394961833954,0.11032262444496155,1.8383091688156128,-1.4006000757217407,0.7978779077529907,-0.1172557920217514,0.2817520499229431,-2.1077475547790527,1.7047195434570312,0.894285261631012,-2.122603178024292
0.4551758749999989,0.0034223749999999996,133.0,2.918528486396069,0.6025886451291447,0.8968102406163355,-0.00021870414846006088,2.959376302387066e-5,-0.00010125245088451105,0.06361908656097395,-0.4663461744785309,0.25479981303215027,0.11480411887168884,1.855049967765808,-1.403761863708496,0.7997596263885498,-0.10049444437026978,0.27037960290908813,-2.10581374168396,1.6783347129821777,0.9262700080871582,-2.128040313720703
0.4551758749999989,0.0034223749999999996,133.0,2.951268806444942,0.6368290028453113,0.8966745147084106,-6.525484094225094e-5,8.621878154170972e-6,-3.0161725540395658e-5,0.06361348853404664,-0.4709375202655792,0.25704964995384216,0.11457392573356628,1.8462969064712524,-1.4344903230667114,0.8262554407119751,-0.07107663154602051,0.28462332487106323,-2.1163876056671143,1.6756348609924316,0.9404451847076416,-2.1337997913360596
0.4551758749999989,0.0034223749999999996,133.0,2.983169044160131,0.6702974438001018,0.897069390440657,0.00014117309267391924,-1.850946650956488e-5,6.48191000156066e-5,0.06358546696380371,-0.4751226007938385,0.25904321670532227,0.11700513958930969,1.850801706314087,-1.4557397365570068,0.8434654474258423,-0.061861488968133926,0.2904168665409088,-2.120662212371826,1.6676573753356934,0.9522779583930969,-2.1442079544067383
0.4551758749999989,0.0034223749999999996,133.0,3.0158748425807222,0.7006622951366752,0.8957167495804693,0.00033337007826353914,-4.220857932017663e-5,0.00015022659727489317,0.06374332315171136,-0.47034773230552673,0.2577939033508301,0.12569156289100647,1.8764458894729614,-1.4520111083984375,0.8054951429367065,-0.08350387215614319,0.27018851041793823,-2.094376802444458,1.6151561737060547,1.006568431854248,-2.149519205093384
0.4551758749999989,0.0034223749999999996,133.0,3.0461741965347824,0.7324327468262991,0.8961515458433397,0.0005281579647113693,-6.620318180750273e-5,0.00023609281895040445,0.06372377631227683,-0.47438356280326843,0.25961336493492126,0.1286015808582306,1.880281925201416,-1.4813199043273926,0.8231778144836426,-0.06827342510223389,0.2769288420677185,-2.1058192253112793,1.602121353149414,1.0295219421386719,-2.160271167755127
0.4551758749999989,0.0034223749999999996,133.0,3.0765622737173888,0.7631657779139654,0.8973874414016003,0.0007610736145155547,-9.314293385252298e-5,0.00033435343001462706,0.06368689698060635,-0.47345486283302307,0.2595156133174896,0.1364375650882721,1.9167194366455078,-1.4603828191757202,0.8100426197052002,-0.0546395443379879,0.24265962839126587,-2.1128180027008057,1.5654118061065674,1.0782116651535034,-2.162370204925537
0.4551758749999989,0.0034223749999999996,133.0,3.106166262037371,0.7929615712375,0.89831483749875,0.0009285918268495462,-0.00011020571053053318,0.0004020412630692259,0.0636684913717679,-0.47155728936195374,0.258500337600708,0.14279821515083313,1.9426645040512085,-1.444838285446167,0.794562578201294,-0.03447851538658142,0.21177992224693298,-2.120882987976074,1.5261766910552979,1.1372660398483276,-2.1574552059173584
0.4551758749999989,0.0034223749999999996,133.0,3.1348589630596133,0.8219649675652474,0.8997389471833436,0.0011437254093311184,-0.00013557415429591398,0.00048645003914592503,0.06363426732470745,-0.4689701497554779,0.2570420205593109,0.15179798007011414,1.975100040435791,-1.4288736581802368,0.7660168409347534,-0.044831592589616776,0.18043085932731628,-2.12251877784729,1.4814250469207764,1.1964961290359497,-2.1583900451660156
0.4551758749999989,0.0034223749999999996,133.0,3.162127912253587,0.850197037834061,0.9000829294866727,0.001308563660874503,-0.00015329935215950847,0.000552401468012,0.0636316973016172,-0.46814361214637756,0.2556679844856262,0.1545219123363495,1.96918785572052,-1.4509119987487793,0.7626676559448242,-0.027941610664129257,0.17793196439743042,-2.1423022747039795,1.4487035274505615,1.261983871459961,-2.1502482891082764
0.4551758749999989,0.0034223749999999996,133.0,3.1890059104290973,0.8774593798687047,0.900898165964644,0.0014940812401599568,-0.00017299421547007794,0.0006230036507031339,0.06361870000162165,-0.44798848032951355,0.2422940731048584,0.16244450211524963,1.9741896390914917,-1.3773733377456665,0.6833585500717163,-0.0720432698726654,0.12052619457244873,-2.083986520767212,1.3417179584503174,1.3721745014190674,-2.0972349643707275
0.4551758749999989,0.0034223749999999996,133.0,3.215528375661708,0.9036195276655975,0.9013857847846257,0.0017155103412710066,-0.00019223634226501644,0.0007078791182908762,0.0636268898903631,-0.4225712716579437,0.2266377955675125,0.17031565308570862,1.9707999229431152,-1.2744871377944946,0.5847553014755249,-0.12091462314128876,0.05199137330055237,-2.010322332382202,1.218982219696045,1.4873243570327759,-2.024564504623413
0.4551758749999989,0.0034223749999999996,133.0,3.2410892412316024,0.9290060327464108,0.9021387377769677,0.001941274939264667,-0.00021680382871097002,0.0007917986085853387,0.06362359010915794,-0.39518484473228455,0.21017153561115265,0.1793031394481659,1.963674783706665,-1.1602585315704346,0.47141122817993164,-0.2040344625711441,-0.014766812324523926,-1.9201411008834839,1.0928149223327637,1.5792268514633179,-1.949666976928711
0.4551758749999989,0.0034223749999999996,133.0,3.2656169460091533,0.9535097407664833,0.9026278900876118,0.0021910199155641364,-0.00024460609826516675,0.0008848575907942677,0.06363475623237737,-0.364825040102005,0.19107289612293243,0.1851402223110199,1.925883412361145,-1.0517505407333374,0.35886359214782715,-0.29952481389045715,-0.06478822231292725,-1.8079406023025513,0.9603860378265381,1.6559829711914062,-1.8608171939849854
0.4551758749999989,0.0034223749999999996,133.0,3.2894728201721493,0.9770750942821994,0.9029792914870969,0.0023754343256013897,-0.0002650055828404571,0.0009513946525842548,0.06365795367267815,-0.3389692008495331,0.17634014785289764,0.1932201087474823,1.906813144683838,-0.9322918057441711,0.2476503849029541,-0.3790798485279083,-0.12423652410507202,-1.707603096961975,0.8421108722686768,1.6964608430862427,-1.7812016010284424
0.4551758749999989,0.0034223749999999996,133.0,3.312718644780227,0.9996916019633493,0.9033352083969634,0.0026070032966012953,-0.0002942323960912538,0.0010411754083252257,0.06369062815127806,-0.28271570801734924,0.15584707260131836,0.21056786179542542,1.821872591972351,0.04727668687701225,-0.28795289993286133,-0.7353798747062683,-0.35547298192977905,-2.1872262954711914,1.0866622924804688,1.2738333940505981,-1.4584295749664307
0.4551758749999989,0.0034223749999999996,133.0,3.3355633870299988,1.0213282792409901,0.9040384670103523,0.0028427276399237145,-0.0003269284743789185,0.0011276882676551205,0.06372157149217791,-0.26532164216041565,0.14905180037021637,0.21400675177574158,1.8022947311401367,0.08710475265979767,-0.34738683700561523,-0.782467246055603,-0.3772960305213928,-2.115211248397827,0.9890835285186768,1.2549039125442505,-1.4165678024291992
0.4551758749999989,0.0034223749999999996,133.0,3.3575741082884965,1.0421365812922565,0.9044714792835226,0.0030864465557145287,-0.0003658666917386576,0.0012261124767975258,0.06376265317036796,-0.2492695152759552,0.1435014307498932,0.21563997864723206,1.7765995264053345,0.13019275665283203,-0.399738073348999,-0.8128710389137268,-0.39303016662597656,-2.0509440898895264,0.9075796604156494,1.2291381359100342,-1.3748027086257935
0.4551758749999989,0.0034223749999999996,133.0,3.379184987852514,1.0619925541851776,0.9058699885986067,0.0033404899990229667,-0.00041111026003357373,0.0013080661594988767,0.06377617894375386,-0.23282554745674133,0.13540934026241302,0.21537336707115173,1.7394709587097168,0.16286984086036682,-0.44686126708984375,-0.8435752987861633,-0.4029662013053894,-1.9752856492996216,0.8291003704071045,1.2052103281021118,-1.3274497985839844
0.4551758749999989,0.0034223749999999996,133.0,3.3996627812720353,1.081180693075773,0.906884526641279,0.0035311299171321997,-0.00045094792268304465,0.0013796205643697471,0.06380604960702345,-0.2248944640159607,0.13402003049850464,0.2162230908870697,1.7248594760894775,0.19250379502773285,-0.47447872161865234,-0.8536039590835571,-0.40839439630508423,-1.9467231035232544,0.7920482158660889,1.1813430786132812,-1.307297706604004
0.4551758749999989,0.0034223749999999996,133.0,3.4194017494551177,1.0994456468311946,0.9079268225478382,0.0037521678523666922,-0.0004891947823326299,0.001451591435422036,0.06383018758971706,-0.2190219759941101,0.1326085478067398,0.21706268191337585,1.7151106595993042,0.21385741233825684,-0.4948577880859375,-0.8637889623641968,-0.4125867486000061,-1.9281986951828003,0.7632441520690918,1.1672844886779785,-1.2933132648468018
0.4551758749999989,0.0034223749999999996,133.0,3.437715142450268,1.1169201822884598,0.9081245157577499,0.003936716302432932,-0.0005307578843154984,0.001519945008637603,0.06388382630551147,-0.21668273210525513,0.1319863498210907,0.21706393361091614,1.7131911516189575,0.21213538944721222,-0.5006392002105713,-0.8759651184082031,-0.41054868698120117,-1.929029107093811,0.7543015480041504,1.1704460382461548,-1.2934848070144653
0.4551758749999989,0.0034223749999999996,133.0,3.4557207475583267,1.133558836370695,0.9088455921352979,0.004159324091297307,-0.0005668313811051756,0.0015951813346073464,0.06391352086669985,-0.21507945656776428,0.13322792947292328,0.2190423309803009,1.7177530527114868,0.2299555242061615,-0.5116949081420898,-0.8798562288284302,-0.4157809019088745,-1.9316147565841675,0.7414448261260986,1.1614466905593872,-1.2928123474121094
0.4551758749999989,0.0034223749999999996,133.0,3.47276481960622,1.1492723247332286,0.9094717030620906,0.00434839117980933,-0.0006147161477352114,0.0016668861249212223,0.06395344875178376,-0.21316084265708923,0.13298380374908447,0.21966788172721863,1.7183912992477417,0.23456422984600067,-0.5184111595153809,-0.8879843354225159,-0.4167042374610901,-1.9310963153839111,0.7303557395935059,1.1604169607162476,-1.2925517559051514
0.4551758749999989,0.0034223749999999996,133.0,3.4888097325366174,1.1641283383159136,0.9096885286461479,0.004543943833108585,-0.0006436834885860263,0.0017252434743659582,0.06399174237405693,-0.21120399236679077,0.13115732371807098,0.2181611955165863,1.7113310098648071,0.2344873994588852,-0.5219004154205322,-0.8912575244903564,-0.41251951456069946,-1.934888243675232,0.7304859161376953,1.1779195070266724,-1.2898380756378174
0.4551758749999989,0.0034223749999999996,133.0,3.5043490594174425,1.1781239560408814,0.910336977641232,0.004689089437752789,-0.0006850925300347372,0.0017787813888402821,0.06403113645457678,-0.20947811007499695,0.13094452023506165,0.2180328071117401,1.70967435836792,0.23804183304309845,-0.5281322002410889,-0.8931645154953003,-0.41110092401504517,-1.934618353843689,0.724837064743042,1.1796865463256836,-1.2896615266799927
0.4551758749999989,0.0034223749999999996,133.0,3.518631131981886,1.1914111931382974,0.9108496147468386,0.004826476054966199,-0.0007139157496729988,0.001810652833197907,0.0640675516744074,-0.20730754733085632,0.13027523458003998,0.21869584918022156,1.7103508710861206,0.23785538971424103,-0.5352234840393066,-0.9001078605651855,-0.41170376539230347,-1.9275585412979126,0.709991455078125,1.1761457920074463,-1.2897143363952637
0.4551758749999989,0.0034223749999999996,133.0,3.5325070645756975,1.2039137098727608,0.911890396337743,0.004972494593371115,-0.0007493721684189156,0.001851553807471851,0.06408595483568102,-0.2058393657207489,0.12986943125724792,0.21887198090553284,1.7098838090896606,0.24255122244358063,-0.5415749549865723,-0.9006472826004028,-0.41086119413375854,-1.9312400817871094,0.7037076950073242,1.179176688194275,-1.2901394367218018
0.4551758749999989,0.0034223749999999996,133.0,3.5458893626576002,1.215369789110776,0.9124007676305758,0.005127423968508618,-0.0007709415026553514,0.001896314347224541,0.06411539116700188,-0.20450973510742188,0.13069294393062592,0.221151202917099,1.7141859531402588,0.25429490208625793,-0.5524899959564209,-0.9011124968528748,-0.415510356426239,-1.926820158958435,0.6892373561859131,1.1694269180297852,-1.2897447347640991
0.4551758749999989,0.0034223749999999996,133.0,3.558308416207888,1.2262685271168863,0.9132651898398171,0.005287969802674212,-0.0007945606938906145,0.0019416986788322649,0.06412731136469518,-0.20396679639816284,0.132862851023674,0.22307851910591125,1.718800663948059,0.27195534110069275,-0.5621902942657471,-0.895161509513855,-0.4193441867828369,-1.9283971786499023,0.6818938255310059,1.156306266784668,-1.2905066013336182
0.4551758749999989,0.0034223749999999996,133.0,3.569825530174807,1.236559147654108,0.9142948599216006,0.005446388825978817,-0.0008132430794718923,0.0019802014994582382,0.06413311166908896,-0.20389649271965027,0.13960738480091095,0.23206976056098938,1.7451695203781128,0.29599401354789734,-0.5814840793609619,-0.9025114178657532,-0.4379068613052368,-1.9089187383651733,0.6375401020050049,1.0845543146133423,-1.2978209257125854
0.4551758749999989,0.0034223749999999996,133.0,3.580269588419434,1.2459215098386287,0.9148852334273452,0.005627104620862323,-0.0008277415010472348,0.0020297411511160874,0.06414821703844345,-0.2035646140575409,0.14145039021968842,0.2340642511844635,1.7492262125015259,0.3109862804412842,-0.5895256996154785,-0.8984813094139099,-0.4418249726295471,-1.9089337587356567,0.629058837890625,1.0720813274383545,-1.2979230880737305
0.4551758749999989,0.0034223749999999996,133.0,3.589103172382278,1.2566952442575776,0.917800040051497,0.005878910031172267,-0.0008795307151313657,0.0021224148853780417,0.06396880643070046,-0.2058785855770111,0.14534854888916016,0.2302965223789215,1.7450820207595825,0.3326856195926666,-0.5836961269378662,-0.8731495141983032,-0.43149346113204956,-1.9439427852630615,0.6661262512207031,1.078273892402649,-1.3043794631958008
0.4551758749999989,0.0034223749999999996,133.0,3.5980590967284143,1.2644425667313581,0.9186946749336198,0.006152268778182042,-0.000922467913670605,0.0022123452352018173,0.06396852371863622,-0.2062295377254486,0.14824333786964417,0.23154810070991516,1.7487672567367554,0.3510185480117798,-0.5891568660736084,-0.8651285171508789,-0.43435943126678467,-1.9465892314910889,0.664548397064209,1.0625303983688354,-1.3051764965057373
0.4551758749999989,0.0034223749999999996,133.0,3.6057551949612314,1.2714443987155422,0.9191307430706879,0.006572344535264722,-0.0009742545922393269,0.0023440580477868777,0.06398064041025031,-0.20592933893203735,0.15032389760017395,0.23458918929100037,1.755852222442627,0.36281582713127136,-0.5973222255706787,-0.8677724003791809,-0.44037187099456787,-1.9386283159255981,0.6469757556915283,1.039419412612915,-1.306093454360962
0.4551758749999989,0.0034223749999999996,133.0,3.612755155503074,1.2776421565830804,0.9197758082888386,0.00726824914296129,-0.0010830391823303206,0.0025808735211972846,0.06398472511149354,-0.20615893602371216,0.15379013121128082,0.23804113268852234,1.7650288343429565,0.3773261606693268,-0.6053118705749512,-0.870758593082428,-0.44685959815979004,-1.9291476011276245,0.6287863254547119,1.004807710647583,-1.3085625171661377
0.4551758749999989,0.0034223749999999996,133.0,3.6188256954113456,1.2830511606553474,0.9200805262955901,0.008853931165552631,-0.0013130763393027986,0.0031128513413841374,0.06399392564231533,-0.2059478759765625,0.1559688299894333,0.24080374836921692,1.770532250404358,0.38714712858200073,-0.6132092475891113,-0.880739152431488,-0.4497440457344055,-1.91596519947052,0.6096723079681396,0.9766643047332764,-1.3109650611877441
0.4551758749999989,0.0034223749999999996,133.0,3.624100153509473,1.2881025519593217,0.9207365084169314,0.01647530089042774,-0.0025293643444929126,0.005610641227543088,0.06396657729780932,-0.20599067211151123,0.15529297292232513,0.2447003424167633,1.7725272178649902,0.3964061737060547,-0.6263647079467773,-0.9342606067657471,-0.4444332718849182,-1.8745753765106201,0.5705647468566895,0.9436576962471008,-1.3177368640899658
0.4551758749999989,0.0034223749999999996,133.0,3.641515251466162,-1.2202846498562065,0.8569091639291091,-0.013914110518924654,-0.0010838370403062662,-0.0068579323911049745,0.06813131988395522,-0.02105855941772461,0.1609726846218109,-0.15339860320091248,0.8827294707298279,0.3217788338661194,-1.0839042663574219,0.48161187767982483,0.16816234588623047,-0.33516985177993774,0.5341198444366455,0.35853636264801025,-1.0521224737167358
0.4551758749999989,0.0034223749999999996,133.0,3.636786514093985,-1.2149709850375205,0.8574990461262733,-0.00751312258669936,-0.0005180458663291091,-0.0037162450745920304,0.06808458469473899,-0.02224162220954895,0.16506284475326538,-0.1520799696445465,0.8865717649459839,0.3010828197002411,-1.081620216369629,0.48230287432670593,0.16308251023292542,-0.34062325954437256,0.560981035232544,0.32471930980682373,-1.0502853393554688
0.4551758749999989,0.0034223749999999996,133.0,3.6311293037212122,-1.2094173163417945,0.8574007262730646,-0.006173237741876243,-0.00043147373549007654,-0.0030539837693890908,0.06806290374377465,-0.02373996376991272,0.16550010442733765,-0.15393507480621338,0.884552538394928,0.30553752183914185,-1.0735104084014893,0.5004866123199463,0.16234484314918518,-0.3317314088344574,0.5667729377746582,0.29934200644493103,-1.0474380254745483
0.4551758749999989,0.0034223749999999996,133.0,3.6246724976160922,-1.2031893875172166,0.8574316798356144,-0.005583934586568624,-0.00038345581313167435,-0.002762294449722889,0.06805208224957374,-0.025493204593658447,0.16663223505020142,-0.15509027242660522,0.8849285840988159,0.30620676279067993,-1.0669236183166504,0.5100857019424438,0.16079020500183105,-0.3249613046646118,0.5693974494934082,0.2776297330856323,-1.0461294651031494
0.4551758749999989,0.0034223749999999996,133.0,3.6173314289390563,-1.19625099546033,0.8572612562408494,-0.0052408697515900285,-0.0003791658250456042,-0.0025928334406454035,0.06803736197236547,-0.027206510305404663,0.16628600656986237,-0.15789541602134705,0.8812074065208435,0.31243595480918884,-1.0576956272125244,0.5342426896095276,0.16134801506996155,-0.31059736013412476,0.5720536708831787,0.2516856789588928,-1.0429494380950928
0.4551758749999989,0.0034223749999999996,133.0,3.608584311351846,-1.1902609005985658,0.8546392139438993,-0.004997538194123904,-0.0004269501854156524,-0.00246946046568374,0.06810148746752838,-0.027661532163619995,0.16544689238071442,-0.15989020466804504,0.8768979907035828,0.3127153813838959,-1.052825927734375,0.5528108477592468,0.16204503178596497,-0.2935248017311096,0.5711579322814941,0.2311711609363556,-1.039337158203125
0.4551758749999989,0.0034223749999999996,133.0,3.599494246868584,-1.1818370867338768,0.8545993867384462,-0.004799797584765618,-0.0004209842808498148,-0.0023729167739702335,0.06808933722149203,-0.030124932527542114,0.16508425772190094,-0.16330212354660034,0.8720248937606812,0.31925541162490845,-1.0413970947265625,0.5826236009597778,0.16284990310668945,-0.27457088232040405,0.5743310451507568,0.19754748046398163,-1.0352383852005005
0.4551758749999989,0.0034223749999999996,133.0,3.5896766574502283,-1.1723838036738425,0.8544637163156504,-0.004652121712761297,-0.0004117541049232381,-0.002298015546557593,0.0680782523993142,-0.031677454710006714,0.16520318388938904,-0.16549751162528992,0.8693394660949707,0.31917327642440796,-1.033644437789917,0.600109338760376,0.162977397441864,-0.2605561316013336,0.5746469497680664,0.17359612882137299,-1.0326074361801147
0.4551758749999989,0.0034223749999999996,133.0,3.5790657065229956,-1.162317516756233,0.8543224399568893,-0.004518972896103274,-0.0004209293385020288,-0.0022301103051450815,0.06806519902225243,-0.03416234254837036,0.16524289548397064,-0.1684708297252655,0.8648514747619629,0.32130253314971924,-1.0224847793579102,0.6264596581459045,0.1634165346622467,-0.24037787318229675,0.576369047164917,0.13905981183052063,-1.0284795761108398
0.4551758749999989,0.0034223749999999996,133.0,3.567555502043431,-1.1514538942583474,0.8543710763955779,-0.004385261227197952,-0.0004205062684255364,-0.0021644413912404784,0.06805444651989738,-0.036369889974594116,0.1647784262895584,-0.17170831561088562,0.8594285249710083,0.32426661252975464,-1.0117518901824951,0.6546061635017395,0.1643776297569275,-0.21958355605602264,0.5777115821838379,0.10798387974500656,-1.0239741802215576
0.4551758749999989,0.0034223749999999996,133.0,3.5553901853123593,-1.139650458655068,0.8543805955120853,-0.004261155900983524,-0.0004141344934689201,-0.002103466932393013,0.06804906694147791,-0.03741490840911865,0.16434791684150696,-0.17406529188156128,0.8539150953292847,0.31932055950164795,-1.004084587097168,0.6739854216575623,0.166044682264328,-0.20188164710998535,0.5763399600982666,0.08332562446594238,-1.020058035850525
0.4551758749999989,0.0034223749999999996,133.0,3.542435848171803,-1.126946114252596,0.8542321542280178,-0.004136400396478797,-0.00040447268389746916,-0.0020377931134736653,0.06804417107468134,-0.03817281126976013,0.1634482890367508,-0.17649433016777039,0.8482460379600525,0.31757599115371704,-0.9977600574493408,0.69524747133255,0.16725659370422363,-0.18246236443519592,0.5740058422088623,0.06324855983257294,-1.015567421913147
0.4551758749999989,0.0034223749999999996,133.0,3.528885559594927,-1.1133558709768634,0.8541443703277085,-0.004026158131638046,-0.0003878866582242261,-0.001985265538831093,0.06805084288061833,-0.037665605545043945,0.163899764418602,-0.17683935165405273,0.8460906744003296,0.3086960017681122,-0.995352029800415,0.6963179111480713,0.16713857650756836,-0.1739782691001892,0.5675950050354004,0.05354582518339157,-1.0131721496582031
0.4551758749999989,0.0034223749999999996,133.0,3.5146730959379533,-1.0991407962549777,0.8539741558731229,-0.0038849299745276856,-0.0003777886778060785,-0.001918633180340579,0.06806248894255496,-0.035321444272994995,0.1622418314218521,-0.17779317498207092,0.8376767635345459,0.29898858070373535,-0.9964404106140137,0.7034876942634583,0.17095062136650085,-0.16074512898921967,0.5587568283081055,0.048829227685928345,-1.0085774660110474
0.4551758749999989,0.0034223749999999996,133.0,3.499029592827749,-1.0836816600046524,0.8540036290842623,-0.003708711701994778,-0.00035306506922685565,-0.0018378721673206477,0.0680571790952001,-0.03564143180847168,0.16243737936019897,-0.17898747324943542,0.8323246836662292,0.2922087013721466,-0.9906861782073975,0.7143718004226685,0.17165854573249817,-0.14391137659549713,0.5534782409667969,0.024283701553940773,-1.003827452659607
0.4551758749999989,0.0034223749999999996,133.0,3.4828297290629036,-1.0676228459662955,0.8539025431851601,-0.0035432267582467497,-0.00034207493719230027,-0.0017602380804440543,0.06805641021607664,-0.035303592681884766,0.16293272376060486,-0.17940065264701843,0.8269979357719421,0.28603461384773254,-0.9874048233032227,0.7197303175926208,0.17175865173339844,-0.12696900963783264,0.5456352233886719,0.001369347795844078,-0.9984886646270752
0.4551758749999989,0.0034223749999999996,133.0,3.4654428814700817,-1.0505637549737739,0.8540817438338257,-0.0033558148906332554,-0.000316863338327192,-0.0016743574869973995,0.0680492774601393,-0.035104960203170776,0.16226619482040405,-0.18127667903900146,0.8157287836074829,0.27603834867477417,-0.9812917709350586,0.738044798374176,0.17491519451141357,-0.09896156936883926,0.5381293296813965,-0.03409804776310921,-0.9903020262718201
0.4551758749999989,0.0034223749999999996,133.0,3.4475584666528176,-1.032726418013834,0.8540949966711618,-0.0031758331295248716,-0.00029363855813902267,-0.0015943238205483785,0.06805601850930539,-0.032422006130218506,0.16053186357021332,-0.18232974410057068,0.8015795946121216,0.26248377561569214,-0.9818661212921143,0.749039888381958,0.17984813451766968,-0.07190601527690887,0.5251953601837158,-0.057972200214862823,-0.9810827374458313
0.4551758749999989,0.0034223749999999996,133.0,3.428494485879791,-1.013916964638783,0.8540794118264771,-0.002991813353715673,-0.0002777624931932202,-0.0015074769002305323,0.06804195568712243,-0.032542020082473755,0.1607770323753357,-0.18393009901046753,0.7892557382583618,0.2529890537261963,-0.973407506942749,0.7656977772712708,0.18136727809906006,-0.036480676382780075,0.5143229961395264,-0.10399309545755386,-0.9701242446899414
0.4551758749999989,0.0034223749999999996,133.0,3.4087275945582087,-0.9945145801971433,0.8541251046464602,-0.0028261549327862094,-0.00026471412182716325,-0.001431098720800613,0.0680330548304319,-0.0316711962223053,0.1582893282175064,-0.18812158703804016,0.7562920451164246,0.23690176010131836,-0.9479854106903076,0.8042497634887695,0.1923353374004364,-0.005405740812420845,0.5081777572631836,-0.13996313512325287,-0.9482470154762268
0.4551758749999989,0.0034223749999999996,133.0,3.3881736970189356,-0.9741465836713784,0.8541467833698644,-0.002609331875176273,-0.00024182434304855283,-0.001329807350522107,0.0680270939016819,-0.030161052942276,0.15495187044143677,-0.19172795116901398,0.7132502794265747,0.216544508934021,-0.9173552989959717,0.8424938917160034,0.20593032240867615,0.02228895202279091,0.5019009113311768,-0.16227315366268158,-0.9190114140510559
0.4551758749999989,0.0034223749999999996,133.0,3.3665229218698434,-0.9535680592590667,0.8546542926397711,-0.0023955362117001745,-0.00022273725564355977,-0.0012269594261183786,0.06801220390407148,-0.031035959720611572,0.1498633325099945,-0.19520613551139832,0.6687451601028442,0.2029763162136078,-0.889911413192749,0.8922054171562195,0.21979781985282898,0.07610144466161728,0.4947512149810791,-0.19371668994426727,-0.8885523080825806
0.4551758749999989,0.0034223749999999996,133.0,3.3442117343134563,-0.9314825119001945,0.8546569356800272,-0.0021925449206380994,-0.00020018388202198853,-0.0011293051402034176,0.0679998141900654,-0.03042048215866089,0.14553099870681763,-0.19620133936405182,0.6135855913162231,0.17081162333488464,-0.8519208431243896,0.9233567714691162,0.23468303680419922,0.11587999016046524,0.48621368408203125,-0.1979333758354187,-0.8485170006752014
0.4551758749999989,0.0034223749999999996,133.0,3.3206995706810094,-0.9082122859470771,0.8546392271522164,-0.0019921931528328264,-0.0001753884221782431,-0.0010301160805081845,0.06797133741998265,-0.03154745697975159,0.14154890179634094,-0.1949448436498642,0.5502519011497498,0.13208484649658203,-0.7973060607910156,0.9461315274238586,0.2500440776348114,0.1572217345237732,0.4814581871032715,-0.18428152799606323,-0.8008436560630798
0.4551758749999989,0.0034223749999999996,133.0,3.2964398542256674,-0.8839876017722644,0.8543159808350661,-0.0018310663868992643,-0.00015991195328932229,-0.0009511157348525848,0.06794086117473379,-0.033240824937820435,0.13730451464653015,-0.18941271305084229,0.47503939270973206,0.08216796070337296,-0.7211463451385498,0.9501073360443115,0.2683456838130951,0.18257437646389008,0.48678135871887207,-0.1195109635591507,-0.7444307208061218
0.4551758749999989,0.0034223749999999996,133.0,3.2717494703126793,-0.8593698519223931,0.854114994827514,-0.0016329758252007383,-0.00014241253485907293,-0.0008531557117031225,0.06792555518070874,-0.08809828758239746,0.18201617896556854,-0.1582760214805603,0.5351803302764893,0.08008668571710587,-0.7058730125427246,0.44565486907958984,0.4196912348270416,-0.1563752442598343,0.8147680759429932,-0.0320277065038681,-0.9587358236312866
0.4551758749999989,0.0034223749999999996,133.0,3.2461611630625367,-0.8341825397564017,0.8540894738098986,-0.0014502052300321305,-0.0001314211987637115,-0.0007611180174873527,0.06790444962242981,-0.09334880113601685,0.173171266913414,-0.15386244654655457,0.4645248353481293,0.06963896751403809,-0.6239163875579834,0.4702804684638977,0.42542970180511475,-0.08376015722751617,0.8697571754455566,0.043674834072589874,-0.8939739465713501
0.4551758749999989,0.0034223749999999996,133.0,3.219878673360268,-0.808429901064142,0.8540304660887916,-0.0012702430121774616,-0.0001187597719273209,-0.0006677406593786272,0.06788912870890569,-0.09736466407775879,0.1642693281173706,-0.148963063955307,0.3983534276485443,0.06049056351184845,-0.5299675464630127,0.4828140437602997,0.4344538450241089,-0.015499794855713844,0.9140818119049072,0.12055643647909164,-0.8369803428649902
0.4551758749999989,0.0034223749999999996,133.0,3.192836832493521,-0.781562197777005,0.85375755789029,-0.0011213321605493788,-0.00010747286116131542,-0.0005896044888067149,0.06787532328192375,-0.10205000638961792,0.1580445021390915,-0.1440008580684662,0.33768004179000854,0.0520411916077137,-0.3946413993835449,0.4666030704975128,0.4431132674217224,0.010530094616115093,0.9620528221130371,0.20068882405757904,-0.785237729549408
0.4551758749999989,0.0034223749999999996,133.0,3.165156371310012,-0.7539293348024025,0.8534436223144283,-0.0009884564900388589,-9.618672570345396e-5,-0.0005198389910310624,0.06787153728174412,-0.1039290726184845,0.15351685881614685,-0.14220291376113892,0.29459819197654724,0.048712994903326035,-0.27440381050109863,0.43941786885261536,0.44449692964553833,0.022442637011408806,0.9873597621917725,0.2477344274520874,-0.7437224984169006
0.4551758749999989,0.0034223749999999996,133.0,3.136362309359897,-0.725450622177004,0.85311774458442,-0.0008163712368063603,-8.184011328077541e-5,-0.00042812570550326785,0.06785913408396335,-0.10125502943992615,0.14905089139938354,-0.14545434713363647,0.2765651047229767,0.05902017280459404,-0.2434685230255127,0.44188594818115234,0.435127854347229,0.1086151972413063,0.9656846523284912,0.21107283234596252,-0.7161378860473633
0.4551758749999989,0.0034223749999999996,133.0,3.1067323044299378,-0.6962300991591117,0.8529195351792133,-0.0006854834034658848,-7.127267997632826e-5,-0.00035912238785505224,0.06784624186968585,-0.0994630753993988,0.14513751864433289,-0.1478501856327057,0.2599629759788513,0.0681341364979744,-0.21078968048095703,0.4458569586277008,0.4309978485107422,0.1754772812128067,0.9497051239013672,0.1868971586227417,-0.6952800750732422
0.4551758749999989,0.0034223749999999996,133.0,3.076189731760491,-0.6659064620895568,0.8526395152966505,-0.0005145772683210219,-5.5045378726974165e-5,-0.00026983761059742493,0.06783027941438753,-0.09864240884780884,0.14351192116737366,-0.15030276775360107,0.25137922167778015,0.07404805719852448,-0.18771910667419434,0.44946229457855225,0.4248449504375458,0.21742700040340424,0.9392919540405273,0.1690244972705841,-0.6804895401000977
0.4551758749999989,0.0034223749999999996,133.0,3.044847368242799,-0.6343798421722664,0.8521860049399924,-0.0003232415530331254,-3.443621285714197e-5,-0.00016976346673431604,0.06781762741277123,-0.09815713763237,0.14451998472213745,-0.15339627861976624,0.2530037760734558,0.07370002567768097,-0.18410158157348633,0.45027846097946167,0.4121423065662384,0.23097480833530426,0.9335286617279053,0.15941676497459412,-0.6694077253341675
0.4551758749999989,0.0034223749999999996,133.0,3.0125784133231566,-0.6021178117253737,0.8518136314875416,-0.00015106808764630113,-1.6363781316490444e-5,-7.957554183327467e-5,0.06779956576325973,-0.09878900647163391,0.14534206688404083,-0.15569013357162476,0.2525576651096344,0.07594693452119827,-0.17432832717895508,0.4558417499065399,0.4043266177177429,0.2461014837026596,0.9323627948760986,0.15006092190742493,-0.6611655354499817
0.4551758749999989,0.0034223749999999996,133.0,2.979498235068753,-0.5696954074356049,0.8517258633964149,1.6746778870096414e-5,1.895757179573767e-6,8.858827476483964e-6,0.06778336007366835,-0.0998227596282959,0.14293232560157776,-0.15625321865081787,0.23978540301322937,0.08314426243305206,-0.14912891387939453,0.4669119119644165,0.4094122052192688,0.27393245697021484,0.9333305358886719,0.15333546698093414,-0.653488039970398
0.4551758749999989,0.0034223749999999996,133.0,2.945529710883689,-0.5359974005397421,0.85141466556291,0.00018500625200092253,2.1516723014185962e-5,9.800993547083951e-5,0.06776444063133347,-0.10118255019187927,0.14287370443344116,-0.15783795714378357,0.23529507219791412,0.08627508580684662,-0.131425142288208,0.4784487783908844,0.4080052375793457,0.2945002317428589,0.9348087310791016,0.14689823985099792,-0.6476228833198547
0.4551758749999989,0.0034223749999999996,133.0,2.9105813887294385,-0.5010304390793352,0.8508314132267355,0.00036737732002180463,4.345700471155676e-5,0.000194809421676636,0.06774024269792217,-0.10334008932113647,0.14509926736354828,-0.16052260994911194,0.239526629447937,0.08720006793737411,-0.12390446662902832,0.4894693195819855,0.3999795913696289,0.30590277910232544,0.939044713973999,0.1336226463317871,-0.6438980102539062
0.4551758749999989,0.0034223749999999996,133.0,2.8748619617428055,-0.465636972795418,0.8505032087931051,0.0005107592983143487,6.205721119692314e-5,0.0002714060859295372,0.06771917363070343,-0.10531854629516602,0.1453751027584076,-0.1621226966381073,0.235073521733284,0.0901106521487236,-0.10597538948059082,0.502651572227478,0.39964544773101807,0.32290369272232056,0.9442257881164551,0.12975981831550598,-0.6391656398773193
0.4551758749999989,0.0034223749999999996,133.0,2.838340139982644,-0.42943587272802336,0.8501647959116299,0.0006724487339158161,8.39556807086133e-5,0.0003580299299355857,0.06769840900609546,-0.10715880990028381,0.1455114483833313,-0.16379714012145996,0.23029333353042603,0.09270179271697998,-0.08795499801635742,0.5160093307495117,0.399242103099823,0.3412630558013916,0.9488663673400879,0.12565664947032928,-0.6340280771255493
0.4551758749999989,0.0034223749999999996,133.0,2.801052133003572,-0.39243899670716154,0.849826539082081,0.0008446641018174509,0.00010843583892399914,0.0004504582063256026,0.06767888018795108,-0.1086532473564148,0.14539043605327606,-0.16556519269943237,0.22501149773597717,0.09466598927974701,-0.06989860534667969,0.5292503237724304,0.39862966537475586,0.36221984028816223,0.9519531726837158,0.12078728526830673,-0.6281597018241882
0.4551758749999989,0.0034223749999999996,133.0,2.763031245754491,-0.35467952779803485,0.8494529097686045,0.0010402118761102205,0.00013766817163325752,0.0005555684610472577,0.06766156261119927,-0.10965198278427124,0.14487451314926147,-0.16749972105026245,0.21929514408111572,0.0947607010602951,-0.052547454833984375,0.5424373745918274,0.3979587256908417,0.3852706551551819,0.9529521465301514,0.11666236072778702,-0.6217801570892334
0.4551758749999989,0.0034223749999999996,133.0,2.724219944236044,-0.3161061348868688,0.8490950517971636,0.0012258849124461009,0.00016695751766117493,0.0006553285002618657,0.0676459253858095,-0.11040687561035156,0.14417997002601624,-0.16952359676361084,0.21325024962425232,0.09376499056816101,-0.03548860549926758,0.5557676553726196,0.39748385548591614,0.4096221923828125,0.9530003070831299,0.11260051280260086,-0.6152569651603699
0.4551758749999989,0.0034223749999999996,133.0,2.6844297324084825,-0.2771677014417038,0.8488745267625047,0.0013459333332096184,0.0001931392064256688,0.0007199579959561312,0.0676298574403595,-0.11200004816055298,0.14116306602954865,-0.17056170105934143,0.19814130663871765,0.10083287954330444,-0.005475521087646484,0.5750263929367065,0.4082993268966675,0.4549988806247711,0.9539430141448975,0.1134871169924736,-0.6109455823898315
0.4551758749999989,0.0034223749999999996,133.0,2.643808272826164,-0.23688862266707128,0.8485229885880953,0.0014996441278649568,0.0002216299527482093,0.0008037497321783193,0.06761037276134288,-0.11364403367042542,0.1409234255552292,-0.17239409685134888,0.19243215024471283,0.10184089094400406,0.011250734329223633,0.5909085273742676,0.4092065095901489,0.4752461016178131,0.9583587646484375,0.111594058573246,-0.6061733961105347
0.4551758749999989,0.0034223749999999996,133.0,2.6021161503177557,-0.1950324717095281,0.8477606173010294,0.0016494047858678954,0.00024874360517636795,0.0008866024554462222,0.06757854610837491,-0.11595901846885681,0.14408151805400848,-0.17598682641983032,0.20057612657546997,0.09788937866687775,0.010959148406982422,0.6042745113372803,0.3965633511543274,0.48119011521339417,0.9661900997161865,0.09634844958782196,-0.6017476916313171
0.4551758749999989,0.0034223749999999996,133.0,2.560866368680714,-0.15204862102531452,0.8501202785808305,0.0017902615818924065,0.00026076787998884077,0.0009694461388800375,0.06750217098292632,-0.11559268832206726,0.14170604944229126,-0.17749425768852234,0.18396849930286407,0.09383657574653625,0.033288002014160156,0.6112160086631775,0.40250253677368164,0.4908730983734131,0.9691951274871826,0.11130135506391525,-0.5910449624061584
0.4551758749999989,0.0034223749999999996,133.0,2.517313649881962,-0.10921786442828237,0.8496531135786256,0.0018861305392657486,0.00029533502616945373,0.0010255563976099777,0.0674610580534654,-0.11896875500679016,0.13697142899036407,-0.1788957118988037,0.16284938156604767,0.11194770783185959,0.07196974754333496,0.645569384098053,0.4245007038116455,0.5656335353851318,0.9734976291656494,0.11524108797311783,-0.5918759107589722
0.4551758749999989,0.0034223749999999996,133.0,2.4714075192829186,-0.06533441430997079,0.8498876079125517,0.0018573860053093046,0.0003041623817999447,0.0010284398978078443,0.06738312146052888,-0.14380627870559692,0.15260198712348938,-0.1782797873020172,0.18005408346652985,0.1501455456018448,0.09889936447143555,0.6797151565551758,0.43224096298217773,0.48478397727012634,1.1088306903839111,0.0981621965765953,-0.6174072027206421
0.4551758749999989,0.0034223749999999996,133.0,2.41952370343123,-0.010222843133712686,0.8467176812755882,0.001743137141887224,5.527551155732875e-5,0.0010353781831647002,0.06706424070908298,-0.2203410565853119,0.28379130363464355,-0.16437625885009766,0.47362205386161804,0.026324555277824402,0.15396785736083984,-0.07628332078456879,0.5509765148162842,-1.3849601745605469,1.9046516418457031,-0.21956586837768555,-1.02764093875885
0.4551758749999989,0.0034223749999999996,133.0,2.3614624537193327,0.03988101868492363,0.848318428073478,0.0001035701111140264,-8.213308429978275e-6,6.512260496016721e-5,0.06618786411869758,-0.36102524399757385,0.17302459478378296,-0.1354668140411377,0.8657892346382141,-0.5398724675178528,0.6917136907577515,0.5955317616462708,0.1451495885848999,-1.5507067441940308,2.2331743240356445,-0.055165041238069534,-1.0099518299102783
0.4551758749999989,0.0034223749999999996,133.0,2.400748619758942,0.06657160248082461,0.8507299350049318,-0.0017385572126776734,-0.0001299268106806252,-0.001082983211846866,0.0656596610649896,-0.35910871624946594,0.1802934855222702,-0.09223330020904541,1.1190301179885864,-0.5090585350990295,0.6642674207687378,0.45225977897644043,0.08298316597938538,-1.6312487125396729,2.1459121704101562,0.12898732721805573,-1.201874852180481
0.4551758749999989,0.0034223749999999996,133.0,2.432616619484328,0.1178889033558934,0.8621527963804011,-0.002020898824834337,0.0001548756097856756,-0.0011980586238387382,0.06463621654421994,-0.4239943325519562,0.21383412182331085,0.006432622671127319,1.492226481437683,-0.9712417125701904,0.7086559534072876,-0.1387656182050705,0.26683270931243896,-1.963070034980774,2.1431002616882324,0.4899226129055023,-1.7597196102142334
0.4551758749999989,0.0034223749999999996,133.0,2.467265455517943,0.1675784281763263,0.8710807299523772,-0.0020668731822738075,0.00030680805402166094,-0.0011457082183891154,0.06402101916795719,-0.45364031195640564,0.23576806485652924,0.03431692719459534,1.557396411895752,-1.248465895652771,0.7444801330566406,-0.2828077971935272,0.38423383235931396,-2.073411226272583,2.1173272132873535,0.46579429507255554,-1.9428985118865967
0.4551758749999989,0.0034223749999999996,133.0,2.5085283697327054,0.21301897344977608,0.8739681518093391,-0.0019683844644474003,0.00030599894394455965,-0.0010562446770092633,0.06389073065139604,-0.45256927609443665,0.2392129898071289,0.046311795711517334,1.6140971183776855,-1.2278310060501099,0.740859866142273,-0.25338295102119446,0.34736281633377075,-2.085397720336914,2.056889533996582,0.5223491787910461,-1.962859869003296
0.4551758749999989,0.0034223749999999996,133.0,2.5499413217117746,0.25628035335641286,0.875616914459025,-0.0018108075812212484,0.00028668945967393836,-0.0009514934214124379,0.06383630270192989,-0.4546918570995331,0.24228018522262573,0.054439008235931396,1.6362749338150024,-1.2698845863342285,0.7504565715789795,-0.25241202116012573,0.35408729314804077,-2.090290069580078,2.0157885551452637,0.5655317306518555,-1.9919273853302002
0.4551758749999989,0.0034223749999999996,133.0,2.5908955430991036,0.29810511352552677,0.8764953205527777,-0.0016112870811777935,0.00025268450643248686,-0.0008335873559396198,0.06383445170160103,-0.45236727595329285,0.2441244125366211,0.06667336821556091,1.6839550733566284,-1.2725385427474976,0.7415639162063599,-0.25628331303596497,0.33031177520751953,-2.081725597381592,1.9485573768615723,0.6196044683456421,-2.0157887935638428
0.4551758749999989,0.0034223749999999996,133.0,2.6309751489833966,0.33901710584150324,0.8767238404438058,-0.0015199974609154763,0.00023066204983353728,-0.000779525118748981,0.06383199400731539,-0.45561179518699646,0.2462415099143982,0.06798872351646423,1.6808555126190186,-1.309410572052002,0.764090895652771,-0.21451030671596527,0.3434596061706543,-2.095729112625122,1.9305548667907715,0.6528640985488892,-2.026183843612671
0.4551758749999989,0.0034223749999999996,133.0,2.670494702310063,0.3791628560255158,0.8777224282456976,-0.0013057882591906412,0.0001948493288493273,-0.0006579825033373136,0.06380111542520608,-0.45709875226020813,0.24798017740249634,0.074103444814682,1.7020951509475708,-1.3306065797805786,0.7739356756210327,-0.19600437581539154,0.338672935962677,-2.1002843379974365,1.893218994140625,0.691460371017456,-2.042785406112671
0.4551758749999989,0.0034223749999999996,133.0,2.7092120451676656,0.4184050877478535,0.8788301658024912,-0.0011410658522194087,0.00016721051165420847,-0.0005644233604456034,0.0637809732108588,-0.4556773006916046,0.2491374909877777,0.0842725932598114,1.7457475662231445,-1.3231974840164185,0.7678248882293701,-0.18680080771446228,0.31073933839797974,-2.098256826400757,1.8391218185424805,0.7418303489685059,-2.058473825454712
0.4551758749999989,0.0034223749999999996,133.0,2.7468527613657203,0.456814776178462,0.8795724280139443,-0.0009306915253411813,0.00013400958870458295,-0.0004537738053554666,0.06376690037246426,-0.45697352290153503,0.250551700592041,0.09032341837882996,1.7659050226211548,-1.3439514636993408,0.7744647264480591,-0.16828937828540802,0.305103063583374,-2.1036670207977295,1.8015379905700684,0.7830537557601929,-2.0731515884399414
0.4551758749999989,0.0034223749999999996,133.0,2.7836798316503524,0.4943436741415143,0.8802648725348237,-0.0007428601925305208,0.00010496034492319143,-0.00035731618694084756,0.06375497455307066,-0.4581443965435028,0.2517813444137573,0.09610769152641296,1.785335898399353,-1.361574649810791,0.7798479795455933,-0.14985975623130798,0.29819974303245544,-2.107590436935425,1.7656474113464355,0.8231583833694458,-2.0858192443847656
0.4551758749999989,0.0034223749999999996,133.0,2.819673997785922,0.5310111086170849,0.880919390521914,-0.0005626442330313425,7.794064374497256e-5,-0.0002671971061905454,0.06374310583482101,-0.4592597782611847,0.25284379720687866,0.10141751170158386,1.803704857826233,-1.375284194946289,0.7844955921173096,-0.1313198059797287,0.2900713086128235,-2.11016845703125,1.7326593399047852,0.86069256067276,-2.0961833000183105
0.4551758749999989,0.0034223749999999996,133.0,2.854846355982348,0.5668013727238068,0.8814854216610657,-0.0003876675274249989,5.2557029589714385e-5,-0.00018200086778608532,0.06373308996232548,-0.4602360427379608,0.2537502348423004,0.10624143481254578,1.820886254310608,-1.3841840028762817,0.7879155874252319,-0.113090381026268,0.280612587928772,-2.110541343688965,1.7026090621948242,0.8956824541091919,-2.104008436203003
0.4551758749999989,0.0034223749999999996,133.0,2.889154039897407,0.6017457372278155,0.8820287965083881,-0.0002179305379876826,2.8910952593334518e-5,-0.00010126477920360547,0.06372071327545456,-0.46120598912239075,0.2545679807662964,0.11060789227485657,1.8372185230255127,-1.3877058029174805,0.7901523113250732,-0.09657379984855652,0.26983362436294556,-2.1088662147521973,1.6765060424804688,0.9268959164619446,-2.109637975692749
0.4551758749999989,0.0034223749999999996,133.0,2.9219199253315975,0.6359752756497414,0.8819077604924486,-6.502447919067774e-5,8.427372553205536e-6,-3.0163289232447785e-5,0.06371469714485306,-0.46580126881599426,0.2568478584289551,0.11032268404960632,1.8284040689468384,-1.41818368434906,0.8168418407440186,-0.0676601380109787,0.28431758284568787,-2.119525671005249,1.67417573928833,0.9400612711906433,-2.1155712604522705
0.4551758749999989,0.0034223749999999996,133.0,2.953839398027626,0.6694333274730357,0.8822902446817985,0.00014066954360015792,-1.8095670664379204e-5,6.482788581866535e-5,0.06368716555897388,-0.47001269459724426,0.2588847577571869,0.11268463730812073,1.8327888250350952,-1.4395701885223389,0.8344415426254272,-0.05865323916077614,0.2905014753341675,-2.1239829063415527,1.6664705276489258,0.9510205984115601,-2.1262521743774414
0.4551758749999989,0.0034223749999999996,133.0,2.9865337528442812,0.6997982054302314,0.8809027232582317,0.0003321717829007546,-4.1241745749603536e-5,0.00015028100939175,0.06384510141946238,-0.46531692147254944,0.257731556892395,0.1212630569934845,1.8581668138504028,-1.4367884397506714,0.7974768877029419,-0.08010376989841461,0.2710711359977722,-2.0980310440063477,1.6142783164978027,1.0042829513549805,-2.1321065425872803
0.4551758749999989,0.0034223749999999996,133.0,3.016856977235348,0.7315584535677594,0.8813357377752858,0.0005262523335645669,-6.472695529979495e-5,0.00023618386191337636,0.06382565354421472,-0.46938762068748474,0.2596012055873871,0.1241007149219513,1.8620399236679077,-1.4659702777862549,0.8156810998916626,-0.06507062911987305,0.2781994640827179,-2.1094300746917725,1.601506233215332,1.0259239673614502,-2.1432831287384033
0.4551758749999989,0.0034223749999999996,133.0,3.04724693173283,0.7622887191195064,0.8825386482401012,0.0007582784651893272,-9.110011114406202e-5,0.000334550528082745,0.06378950985358686,-0.46866968274116516,0.2596983313560486,0.13176801800727844,1.8983739614486694,-1.4460119009017944,0.804267406463623,-0.05137723684310913,0.24525782465934753,-2.11578106880188,1.5659315586090088,1.0712831020355225,-2.146613359451294
0.4551758749999989,0.0034223749999999996,133.0,3.076846368436298,0.7920846185685494,0.8834264911916195,0.0009251124378359342,-0.00010779010106582148,0.0004023962671612371,0.06377169950427777,-0.4675547778606415,0.2592647075653076,0.13778671622276306,1.924595832824707,-1.4324432611465454,0.7933204174041748,-0.030835364013910294,0.21722424030303955,-2.121471881866455,1.5311698913574219,1.1209166049957275,-2.1448187828063965
0.4551758749999989,0.0034223749999999996,133.0,3.105530864391047,0.8210911638813788,0.8848001197099652,0.0011393550757162543,-0.00013259188306528563,0.00048706326091466523,0.06373830006366728,-0.46599534153938293,0.2585289180278778,0.14646777510643005,1.9578596353530884,-1.419587254524231,0.7700650691986084,-0.04042346403002739,0.18918058276176453,-2.1202542781829834,1.491542100906372,1.169333577156067,-2.149885416030884
0.4551758749999989,0.0034223749999999996,133.0,3.1328001428239873,0.8493286923467991,0.8851401618551474,0.00130357336950442,-0.00015000597690143443,0.0005532134436116653,0.06373449920249946,-0.46656492352485657,0.2581275403499603,0.14891007542610168,1.9537643194198608,-1.445158839225769,0.7730436325073242,-0.022805700078606606,0.19064298272132874,-2.1361806392669678,1.465449333190918,1.2204618453979492,-2.147505044937134
0.4551758749999989,0.0034223749999999996,133.0,3.159660661143856,0.8766044106323949,0.885927682491058,0.0014883585001577045,-0.00016928851106346807,0.0006241431892374877,0.06372061203958669,-0.4642203152179718,0.25629860162734985,0.1541583240032196,1.9662840366363525,-1.4404466152191162,0.7545695304870605,-0.014910789206624031,0.16915956139564514,-2.14864444732666,1.4272351264953613,1.2837566137313843,-2.1386160850524902
0.4551758749999989,0.0034223749999999996,133.0,3.186037339811051,0.9028652222742246,0.8863723006417725,0.0017090547395103256,-0.00018786112840583801,0.0007098914299609151,0.06372283431604923,-0.4488580524921417,0.24649830162525177,0.16068682074546814,1.9742192029953003,-1.3811869621276855,0.6928746700286865,-0.03175780549645424,0.11751258373260498,-2.117628812789917,1.3411343097686768,1.3846341371536255,-2.094578981399536
0.4551758749999989,0.0034223749999999996,133.0,3.211426265124652,0.9283516152751186,0.8870517040153642,0.0019340553552243949,-0.00021124833948780113,0.0007951360469898016,0.06371363220627503,-0.424883097410202,0.23187881708145142,0.17048636078834534,1.9784743785858154,-1.2863373756408691,0.5906956195831299,-0.10751157999038696,0.055103152990341187,-2.040620803833008,1.2236602306365967,1.4868119955062866,-2.0355584621429443
0.4551758749999989,0.0034223749999999996,133.0,3.2357571180467586,0.9529862061366839,0.8875100719727022,0.002183284685211947,-0.0002377710841423634,0.0008896399646075959,0.06371576935118352,-0.39578011631965637,0.2128310650587082,0.176986426115036,1.9507675170898438,-1.1921592950820923,0.4820953607559204,-0.20099864900112152,0.004639863967895508,-1.9374877214431763,1.0923314094543457,1.5847243070602417,-1.9564578533172607
0.4551758749999989,0.0034223749999999996,133.0,3.25943504813608,0.9766610615950787,0.8877950305417526,0.002367314828152027,-0.00025701602237249795,0.0009577041125548723,0.06373183299626414,-0.3719462454319,0.19849474728107452,0.18542131781578064,1.943371057510376,-1.0878958702087402,0.37723422050476074,-0.27390873432159424,-0.055560946464538574,-1.8558913469314575,0.9810993671417236,1.6545480489730835,-1.8879575729370117
0.4551758749999989,0.0034223749999999996,133.0,3.2823512209034047,0.9994400803753657,0.8880487592445473,0.0026012254782176334,-0.00028035507433231443,0.001044669243318495,0.06375228905207267,-0.34335747361183167,0.1818062961101532,0.19196340441703796,1.9147168397903442,-0.9616840481758118,0.262953519821167,-0.351142942905426,-0.11528033018112183,-1.7514444589614868,0.8575191497802734,1.7080713510513306,-1.7985360622406006
0.4551758749999989,0.0034223749999999996,133.0,3.3049377112904015,1.0211810116611972,0.8886661117824732,0.0028395433392039192,-0.0003063355165758018,0.0011277919385054647,0.06377371656277205,-0.28741511702537537,0.16093644499778748,0.21114793419837952,1.837742805480957,0.027380339801311493,-0.27737855911254883,-0.7253067493438721,-0.3450131416320801,-2.218721866607666,1.1070125102996826,1.2816232442855835,-1.4849939346313477
0.4551758749999989,0.0034223749999999996,133.0,3.3268097529757905,1.0420555445978683,0.8890655692196757,0.0030832077282280388,-0.00034322855271628404,0.0012277072907853686,0.0638086038100543,-0.2676243484020233,0.152759850025177,0.212886780500412,1.8094357252120972,0.07920333743095398,-0.3418126106262207,-0.7674604654312134,-0.36744487285614014,-2.1444056034088135,1.008838176727295,1.2687904834747314,-1.433849573135376
0.4551758749999989,0.0034223749999999996,133.0,3.3482836999323102,1.061990823181733,0.8904541531222733,0.00333743264705542,-0.00038669886317859397,0.0013109926839854876,0.06381564765532342,-0.2507547438144684,0.14470642805099487,0.21458664536476135,1.7802231311798096,0.11301063001155853,-0.3944413661956787,-0.8112569451332092,-0.38349348306655884,-2.0699045658111572,0.9203979969024658,1.2503137588500977,-1.3881964683532715
0.4551758749999989,0.0034223749999999996,133.0,3.3687047027920136,1.0811994740780977,0.8914603717613676,0.003528160509385515,-0.00042537208420121087,0.0013833032050394984,0.06384243521920899,-0.23543202877044678,0.1387730836868286,0.21436670422554016,1.7468514442443848,0.15829303860664368,-0.44140005111694336,-0.8301548361778259,-0.39458590745925903,-2.0071728229522705,0.8524298667907715,1.2228871583938599,-1.3434921503067017
0.4551758749999989,0.0034223749999999996,133.0,3.3883882269496146,1.0994883051041777,0.8924878507925091,0.0037492086127702416,-0.0004621623241457519,0.0014562340683980184,0.06386366757681572,-0.2249239981174469,0.13536293804645538,0.21614310145378113,1.7283445596694946,0.1888267695903778,-0.4767463207244873,-0.8501805663108826,-0.4042280912399292,-1.959272861480713,0.7958521842956543,1.1930171251296997,-1.3151094913482666
0.4551758749999989,0.0034223749999999996,133.0,3.406647380986934,1.1169930206980048,0.8926725211121891,0.003933769782033176,-0.0005025516823071705,0.0015253789636954188,0.0639154619689496,-0.21994903683662415,0.13364370167255402,0.21649882197380066,1.7208034992218018,0.19306397438049316,-0.49047088623046875,-0.8668776154518127,-0.4045804738998413,-1.9454604387283325,0.7721819877624512,1.186684250831604,-1.3071876764297485
0.4551758749999989,0.0034223749999999996,133.0,3.424631402073688,1.1336356384481743,0.8933687171009784,0.004156218816836232,-0.000537056465470534,0.0016013804124723912,0.06394436009414574,-0.2149621546268463,0.1336366981267929,0.21927407383918762,1.718307614326477,0.21749822795391083,-0.5126147270202637,-0.876180112361908,-0.4128807783126831,-1.9242500066757202,0.7385637760162354,1.1607578992843628,-1.296252965927124
0.4551758749999989,0.0034223749999999996,133.0,3.441452559452558,1.149340119605713,0.8940228395525343,0.00434751560643995,-0.0005758233826682563,0.0016740745552672556,0.06397513370734913,-0.2126786708831787,0.13318920135498047,0.21959039568901062,1.7175480127334595,0.22464923560619354,-0.5194211006164551,-0.8847951889038086,-0.4136507511138916,-1.927273154258728,0.7278809547424316,1.1620279550552368,-1.2947790622711182
0.4551758749999989,0.0034223749999999996,133.0,3.4577002802202506,1.164225147525278,0.8942049068648864,0.0045406971781506026,-0.0006110517614922148,0.001732175503766372,0.06402270766796338,-0.2102929651737213,0.13118642568588257,0.2180761992931366,1.709794521331787,0.22710910439491272,-0.5238776206970215,-0.8886736631393433,-0.41000765562057495,-1.9327484369277954,0.7266974449157715,1.180422306060791,-1.290848731994629
0.4551758749999989,0.0034223749999999996,133.0,3.4732319668803613,1.1782253873961122,0.8948371704193586,0.004685716594043374,-0.0006514889545392411,0.0017862203706143001,0.0640624226919261,-0.2083604335784912,0.13086484372615814,0.21786609292030334,1.7075250148773193,0.23203562200069427,-0.5303430557250977,-0.8908758759498596,-0.40863269567489624,-1.9340200424194336,0.7208802700042725,1.1830965280532837,-1.290029764175415
0.4551758749999989,0.0034223749999999996,133.0,3.4874903980879406,1.1915267657049013,0.8953511821078484,0.004823082850966718,-0.0006797814662272973,0.0018183328208536322,0.06409860515433953,-0.20607855916023254,0.13014376163482666,0.2184724509716034,1.7078659534454346,0.2327728271484375,-0.5375370979309082,-0.8979541659355164,-0.4092307686805725,-1.9281584024429321,0.7060401439666748,1.1800403594970703,-1.2897602319717407
0.4551758749999989,0.0034223749999999996,133.0,3.5013674527256966,1.2040310670920316,0.8963813038222656,0.004969019445038087,-0.000714145762391738,0.0018595819863752524,0.06411741027380105,-0.20450180768966675,0.12968483567237854,0.2186194360256195,1.7070871591567993,0.23820704221725464,-0.543987512588501,-0.8987089395523071,-0.4083888530731201,-1.9328969717025757,0.6996545791625977,1.1835600137710571,-1.2898809909820557
0.4551758749999989,0.0034223749999999996,133.0,3.5147614011548476,1.2154780178533275,0.8968771304635973,0.005123801963427661,-0.0007344556915685721,0.0019047040439600644,0.06414706972056039,-0.20308491587638855,0.13045087456703186,0.22087827324867249,1.7110862731933594,0.25042852759361267,-0.554969072341919,-0.8993347883224487,-0.4130038022994995,-1.9291666746139526,0.6850922107696533,1.1742054224014282,-1.289223074913025
0.4551758749999989,0.0034223749999999996,133.0,3.5271986568874008,1.2263592517290516,0.8977404882559078,0.005284295413332146,-0.0007570552456858349,0.0019501516958744755,0.06415912445346494,-0.20251160860061646,0.1325918734073639,0.2228204905986786,1.715552806854248,0.2681335210800171,-0.5646204948425293,-0.8935370445251465,-0.41680705547332764,-1.9309887886047363,0.6776711940765381,1.1611802577972412,-1.2898694276809692
0.4551758749999989,0.0034223749999999996,133.0,3.5387374020991857,1.236593067478193,0.8987000541006855,0.005441914199326552,-0.0007744260233215363,0.0019902878603471653,0.06416606825059538,-0.20241528749465942,0.1392628699541092,0.2318052351474762,1.7416578531265259,0.29178571701049805,-0.5839905738830566,-0.9009701609611511,-0.4352707266807556,-1.9113140106201172,0.6332802772521973,1.0897440910339355,-1.2970201969146729
0.4551758749999989,0.0034223749999999996,133.0,3.5491930254234685,1.2459411514214294,0.899271047895082,0.005622455524205996,-0.0007873203847960366,0.0020400594734469816,0.06418150002171245,-0.20206096768379211,0.14108094573020935,0.2338041365146637,1.7455612421035767,0.3066980242729187,-0.592003345489502,-0.8969557881355286,-0.43910300731658936,-1.9114524126052856,0.6247849464416504,1.0773845911026,-1.2970571517944336
0.4551758749999989,0.0034223749999999996,133.0,3.558037169103984,1.2566988809814266,0.9022228538189948,0.005874738980860839,-0.0008376586847617578,0.0021319584595828403,0.06400109087722092,-0.20438620448112488,0.144985631108284,0.23007062077522278,1.7414073944091797,0.32824328541755676,-0.5859291553497314,-0.8718085885047913,-0.4287722706794739,-1.9465218782424927,0.6617710590362549,1.083451747894287,-1.3035004138946533
0.4551758749999989,0.0034223749999999996,133.0,3.567019058552758,1.2644190489411014,0.9031144399768495,0.00614793434820579,-0.0008787773958588406,0.002222085511640072,0.06400114662465357,-0.2047300934791565,0.1478613018989563,0.2313500940799713,1.7450047731399536,0.3463806211948395,-0.5913329124450684,-0.8639538884162903,-0.43160927295684814,-1.9490675926208496,0.6600863933563232,1.0676625967025757,-1.3042380809783936
0.4551758749999989,0.0034223749999999996,133.0,3.5747292692854287,1.2713986426078332,0.9035183370403582,0.006567410115401624,-0.000927248551190676,0.0023548818809688617,0.06401398876870189,-0.2045978307723999,0.1507038176059723,0.2349790632724762,1.753931999206543,0.3601079285144806,-0.6003224849700928,-0.866506814956665,-0.4389340281486511,-1.9397854804992676,0.6403195858001709,1.0375865697860718,-1.3056437969207764
0.4551758749999989,0.0034223749999999996,133.0,3.581745587434976,1.2775721176226984,0.9041369785875949,0.007262609693004942,-0.0010308639543589373,0.0025933959572161562,0.06401837611719559,-0.2046370804309845,0.15336236357688904,0.23786106705665588,1.7609871625900269,0.37231287360191345,-0.6075348854064941,-0.869787871837616,-0.44395560026168823,-1.9315587282180786,0.6242704391479492,1.0101056098937988,-1.3074982166290283
0.4551758749999989,0.0034223749999999996,133.0,3.587828140077745,1.2829611897331867,0.9044089963721639,0.008846844266982132,-0.0012489400545161499,0.003128850802875144,0.06402779976303787,-0.20441582798957825,0.15552672743797302,0.24062541127204895,1.7662891149520874,0.38196778297424316,-0.6154670715332031,-0.8799469470977783,-0.44672948122024536,-1.918385624885559,0.6051762104034424,0.9820929765701294,-1.309809684753418
0.4551758749999989,0.0034223749999999996,133.0,3.593115842190665,1.2880261286902441,0.9050441487231783,0.016463966698654322,-0.0024074960108630772,0.005640092171167643,0.06399989736793388,-0.2044864296913147,0.1549295037984848,0.2445080578327179,1.767841100692749,0.3911421000957489,-0.6287515163421631,-0.9340621829032898,-0.4411155581474304,-1.8773704767227173,0.5662965774536133,0.949113667011261,-1.316433310508728
0.4551758749999989,0.0034223749999999996,133.0,3.610373861542154,-1.220801006581871,0.8430470540514093,-0.013897407490136878,-0.0010521819696456274,-0.006878039993919918,0.06814936114218126,-0.020227283239364624,0.16012945771217346,-0.15388062596321106,0.8774413466453552,0.316809743642807,-1.0827291011810303,0.4890153110027313,0.17011010646820068,-0.32728928327560425,0.5296034812927246,0.34752506017684937,-1.0487736463546753
0.4551758749999989,0.0034223749999999996,133.0,3.605643254912689,-1.2154795350615832,0.8436296847297455,-0.007504665415669336,-0.0004998158556187418,-0.003726109307561282,0.0681020091286187,-0.021386325359344482,0.16422683000564575,-0.15259253978729248,0.88125079870224,0.29574763774871826,-1.0802736282348633,0.48983967304229736,0.16502556204795837,-0.33277052640914917,0.5563604831695557,0.3134898841381073,-1.0468993186950684
0.4551758749999989,0.0034223749999999996,133.0,3.5999918643588145,-1.2099331329544036,0.8435471176555326,-0.0061663582920706474,-0.0004157062470920119,-0.003062064745206653,0.06808036004597444,-0.022882312536239624,0.1646772176027298,-0.15443575382232666,0.8791522979736328,0.30003026127815247,-1.0722005367279053,0.507892370223999,0.16432195901870728,-0.32373982667922974,0.5620851516723633,0.2879299223423004,-1.0440045595169067
0.4551758749999989,0.0034223749999999996,133.0,3.5935407045795738,-1.203713798001199,0.8435872442154979,-0.005577664585965934,-0.00036888696757142556,-0.0027696634437677924,0.06806963987493644,-0.024628818035125732,0.16582250595092773,-0.15558400750160217,0.8794878721237183,0.30062857270240784,-1.0656216144561768,0.5173536539077759,0.1627844274044037,-0.3169042468070984,0.5646476745605469,0.26616209745407104,-1.0426722764968872
0.4551758749999989,0.0034223749999999996,133.0,3.5862045401148066,-1.1967756612881046,0.843429749981804,-0.005235025766441632,-0.00036486588174958483,-0.0025998292127303994,0.06805497762739222,-0.026341795921325684,0.16549129784107208,-0.1583629846572876,0.8756904602050781,0.30674412846565247,-1.0564696788787842,0.541285514831543,0.16336798667907715,-0.30238592624664307,0.5672237873077393,0.24010828137397766,-1.0394396781921387
0.4551758749999989,0.0034223749999999996,133.0,3.5774591240035662,-1.1907841041279956,0.8408137654574425,-0.004991966357000986,-0.0004131347015912943,-0.0024762739590415586,0.06811978474572104,-0.02680322527885437,0.16466210782527924,-0.16033893823623657,0.8713502287864685,0.30700281262397766,-1.051628828048706,0.5597235560417175,0.16406533122062683,-0.28517216444015503,0.566260814666748,0.21945472061634064,-1.0357959270477295
0.4551758749999989,0.0034223749999999996,133.0,3.568382060583662,-1.1823719730448712,0.8408003453997583,-0.004794470710202916,-0.00040682626238052263,-0.002379546055168115,0.06810783338920988,-0.029266417026519775,0.16432727873325348,-0.16371077299118042,0.8663948178291321,0.3134022653102875,-1.0402872562408447,0.589165985584259,0.16490158438682556,-0.2661067843437195,0.5693497657775879,0.18579444289207458,-1.031643271446228
0.4551758749999989,0.0034223749999999996,133.0,3.558572593311094,-1.1729256706056816,0.8406804246961157,-0.004646992804771494,-0.00039756386722365696,-0.00230443648007208,0.06809687651039005,-0.03081849217414856,0.1644621342420578,-0.1658898890018463,0.8636587858200073,0.3132580518722534,-1.0325305461883545,0.6064954400062561,0.16503337025642395,-0.2519722282886505,0.5695738792419434,0.1617564707994461,-1.0289649963378906
0.4551758749999989,0.0034223749999999996,133.0,3.5479723237812353,-1.1628659295819068,0.8405531546607081,-0.004514010155611995,-0.00040672596172647155,-0.0022364429692908216,0.06808404295420602,-0.03301483392715454,0.16410666704177856,-0.16903913021087646,0.8583464026451111,0.3159243166446686,-1.0219700336456299,0.6340784430503845,0.16598838567733765,-0.23097684979438782,0.5709118843078613,0.12928637862205505,-1.0245568752288818
0.4551758749999989,0.0034223749999999996,133.0,3.5364769946200627,-1.1520174678856412,0.8406280661130012,-0.0043804674640416956,-0.000405920747941258,-0.0021707264229039267,0.06807340546030488,-0.035497456789016724,0.16407832503318787,-0.17205438017845154,0.8534753918647766,0.31809449195861816,-1.0106792449951172,0.6605690121650696,0.16650044918060303,-0.2103290557861328,0.572329044342041,0.09563855826854706,-1.0201219320297241
0.4551758749999989,0.0034223749999999996,133.0,3.5243106594716784,-1.1401999635382383,0.8406410383118563,-0.004256611699158257,-0.00039954448129531653,-0.0021095484190983343,0.06806773914691557,-0.03653240203857422,0.16364049911499023,-0.17444786429405212,0.8475998640060425,0.3130393326282501,-1.0028905868530273,0.6803635954856873,0.16823247075080872,-0.19149447977542877,0.570648193359375,0.06979518383741379,-1.0159071683883667
0.4551758749999989,0.0034223749999999996,133.0,3.5113597409902537,-1.12749399548177,0.8405048749485641,-0.004132046621925293,-0.0003897639570647602,-0.0020437280622378016,0.06806280794731318,-0.03726315498352051,0.16270913183689117,-0.17698818445205688,0.8411046266555786,0.31099459528923035,-0.9963366985321045,0.7027844786643982,0.16964396834373474,-0.1696184277534485,0.5677802562713623,0.04703119397163391,-1.0107868909835815
0.4551758749999989,0.0034223749999999996,133.0,3.4978117869705976,-1.113903679687791,0.8404100972190953,-0.0040219453436672265,-0.00037350631234378214,-0.0019910571180827017,0.06806914405986597,-0.036726534366607666,0.16310471296310425,-0.17750361561775208,0.8379968404769897,0.30185753107070923,-0.9935238361358643,0.7054737210273743,0.16975539922714233,-0.15820372104644775,0.5607101917266846,0.034032441675662994,-1.0076651573181152
0.4551758749999989,0.0034223749999999996,133.0,3.4835878239185685,-1.0996796569943474,0.8402350041019175,-0.0038808774663151436,-0.0003637172000081683,-0.0019244809706648544,0.06807997876582436,-0.03434783220291138,0.1613408327102661,-0.17870262265205383,0.8280636668205261,0.29163041710853577,-0.9940891265869141,0.7151208519935608,0.17393392324447632,-0.1406804621219635,0.5509912967681885,0.024512486532330513,-1.001913070678711
0.4551758749999989,0.0034223749999999996,133.0,3.468090979938628,-1.0843849940941375,0.8401893490709799,-0.0037039909602922427,-0.0003481891809357596,-0.0018431038047235914,0.06807607779650153,-0.03488561511039734,0.16112583875656128,-0.18051984906196594,0.8200569152832031,0.28677958250045776,-0.9868571758270264,0.7327622771263123,0.1753166913986206,-0.11675495654344559,0.5454466342926025,-0.006645193323493004,-0.9951951503753662
0.4551758749999989,0.0034223749999999996,133.0,3.4517390743739975,-1.0681527246933706,0.8401579349512572,-0.0035396176216701556,-0.0003286450253590843,-0.0017658003493140164,0.06807255776922276,-0.034156590700149536,0.1617250144481659,-0.1809181272983551,0.8130473494529724,0.2769817113876343,-0.9836039543151855,0.7369503378868103,0.17591264843940735,-0.09593207389116287,0.5354743003845215,-0.03425097465515137,-0.9886417984962463
0.4551758749999989,0.0034223749999999996,133.0,3.4343445478024663,-1.0510787964519859,0.8403446721430032,-0.00335254917899236,-0.0003034350262480359,-0.00167970144705503,0.06806407329142165,-0.03382885456085205,0.16082686185836792,-0.1831241250038147,0.798669159412384,0.26563242077827454,-0.9765274524688721,0.7582600712776184,0.17989635467529297,-0.061128273606300354,0.5263493061065674,-0.07591178268194199,-0.9781637787818909
0.4551758749999989,0.0034223749999999996,133.0,3.416522204729787,-1.0332719853142247,0.8402623099251916,-0.0031723635418051694,-0.00028581970499030185,-0.0015995010948926624,0.06806943522325842,-0.03141552209854126,0.15924517810344696,-0.18483778834342957,0.7785882353782654,0.24936601519584656,-0.9695372581481934,0.7742788195610046,0.18636572360992432,-0.031840819865465164,0.5140957832336426,-0.10622822493314743,-0.9645528793334961
0.4551758749999989,0.0034223749999999996,133.0,3.397364456740013,-1.014401369783531,0.840360864264269,-0.002989146233631571,-0.00026446153529665,-0.0015125575549145565,0.06805373212231895,-0.03085651993751526,0.15717411041259766,-0.1885962188243866,0.7469977736473083,0.2374226450920105,-0.9441611766815186,0.8092483282089233,0.19613420963287354,-0.00419427827000618,0.508563756942749,-0.1390417516231537,-0.9428421854972839
0.4551758749999989,0.0034223749999999996,133.0,3.377591854427897,-0.9949690033555759,0.8404281027555398,-0.00282390959410778,-0.0002510955537138178,-0.0014358538223265143,0.06804328876945122,-0.03001248836517334,0.15383999049663544,-0.1925303190946579,0.7003686428070068,0.21475368738174438,-0.907576322555542,0.8501068949699402,0.2110447883605957,0.021514898166060448,0.504610538482666,-0.16009095311164856,-0.9113579988479614
0.4551758749999989,0.0034223749999999996,133.0,3.3570209305015224,-0.9745731838932898,0.8404580244884737,-0.00260761428708218,-0.0002285341294500366,-0.0013340106826981552,0.06803500321987592,-0.0291997492313385,0.14933618903160095,-0.19506140053272247,0.6484723091125488,0.18857337534427643,-0.8733525276184082,0.8887310028076172,0.22602421045303345,0.06063145399093628,0.4969313144683838,-0.17519249022006989,-0.8746778964996338
0.4551758749999989,0.0034223749999999996,133.0,3.3353665976744935,-0.953972421648,0.8409805061247522,-0.0023942398901692953,-0.00020964699987608798,-0.0012307994398125712,0.06801787304351567,-0.030491024255752563,0.1437453329563141,-0.1960161179304123,0.5977823734283447,0.16754084825515747,-0.8415262699127197,0.9286425113677979,0.24105682969093323,0.1180739626288414,0.4891064167022705,-0.18890827894210815,-0.839223325252533
0.4551758749999989,0.0034223749999999996,133.0,3.3130465456547316,-0.9318469857083507,0.8409675106201024,-0.0021917435668305156,-0.00018761811526312746,-0.0011325363562672771,0.06800280822910917,-0.030757486820220947,0.13866131007671356,-0.19337843358516693,0.5307974815368652,0.1252642720937729,-0.7890534400939941,0.9472957253456116,0.2587364614009857,0.15248048305511475,0.48579955101013184,-0.1563301831483841,-0.7902835607528687
0.4551758749999989,0.0034223749999999996,133.0,3.2896932361516216,-0.908716848232452,0.8408303819277533,-0.0019914047343867415,-0.0001685666626841225,-0.0010321606980426797,0.06797560417643846,-0.07903331518173218,0.1869574338197708,-0.16316872835159302,0.6119831204414368,0.09325078129768372,-0.8079929351806641,0.42344003915786743,0.4227723479270935,-0.2017928957939148,0.7309665679931641,-0.1048378050327301,-1.0383756160736084
0.4551758749999989,0.0034223749999999996,133.0,3.265619192624085,-0.8846121843591289,0.8403781445672349,-0.0018304808962662491,-0.00015767548206725097,-0.0009514943179197345,0.06794932577575652,-0.08559849858283997,0.17908445000648499,-0.15899407863616943,0.5334322452545166,0.0830434188246727,-0.7247254848480225,0.4527972340583801,0.4238860011100769,-0.13959665596485138,0.7988307476043701,-0.032030705362558365,-0.961112380027771
0.4551758749999989,0.0034223749999999996,133.0,3.24096419986006,-0.859927990709872,0.8401213657122465,-0.0016329298475910102,-0.00014020045958631724,-0.0008523273007419952,0.06793644157214442,-0.09297382831573486,0.17224760353565216,-0.15210005640983582,0.4556266665458679,0.06625252217054367,-0.6122355461120605,0.4580027163028717,0.4278465509414673,-0.10069166868925095,0.8724842071533203,0.07493121922016144,-0.8875491619110107
0.4551758749999989,0.0034223749999999996,133.0,3.215401867198067,-0.8346964088307697,0.8400667819102575,-0.0014504062314362783,-0.00012916364782617507,-0.0007597646479861254,0.06791743204516996,-0.09649419784545898,0.16523969173431396,-0.14790910482406616,0.3979856073856354,0.056856587529182434,-0.5250344276428223,0.4635868966579437,0.4328864812850952,-0.04394246265292168,0.9114415645599365,0.1390545666217804,-0.8350844383239746
0.4551758749999989,0.0034223749999999996,133.0,3.1891312003161176,-0.808897898878759,0.8399787365974734,-0.0012705684239867113,-0.0001166585687186374,-0.0006661298815015813,0.06790400443027052,-0.10012590885162354,0.15814971923828125,-0.1435317099094391,0.3417317271232605,0.05102205649018288,-0.4121425151824951,0.45643800497055054,0.44171732664108276,-0.002822635928168893,0.9495189189910889,0.2058762013912201,-0.7878426909446716
0.4551758749999989,0.0034223749999999996,133.0,3.162103786806939,-0.7819995749908455,0.8396838009046114,-0.0011216331565252328,-0.0001058070943333753,-0.0005878738369087559,0.06789336756042938,-0.10287865996360779,0.1539665162563324,-0.14158210158348083,0.29989176988601685,0.05066962167620659,-0.2877507209777832,0.43076467514038086,0.44319969415664673,0.014320400543510914,0.9766888618469238,0.24310168623924255,-0.7476738095283508
0.4551758749999989,0.0034223749999999996,133.0,3.134411088398551,-0.7543427924432734,0.8393746592847251,-0.0009887117809508875,-9.472862196101903e-5,-0.0005182723587273971,0.06789045523016549,-0.09909623861312866,0.15023042261600494,-0.14485228061676025,0.28444600105285645,0.052481621503829956,-0.2692749500274658,0.43069905042648315,0.43175721168518066,0.07443735003471375,0.9554131031036377,0.2269515097141266,-0.7206262946128845
0.4551758749999989,0.0034223749999999996,133.0,3.1055962651165676,-0.7258432340343767,0.8390644674251733,-0.0008165715432553723,-8.05032300270317e-5,-0.0004268963175681527,0.06787778819936517,-0.09731432795524597,0.1467142552137375,-0.14770987629890442,0.2707102596759796,0.061597563326358795,-0.2404170036315918,0.4336164891719818,0.4243643283843994,0.14497506618499756,0.9379887580871582,0.19531592726707458,-0.6993613839149475
0.4551758749999989,0.0034223749999999996,133.0,3.0759516559701905,-0.6966068276842441,0.8388764746273892,-0.0006856401940570479,-7.007131804321751e-5,-0.00035813723252026304,0.06786483687948237,-0.09646162390708923,0.14369229972362518,-0.14954030513763428,0.257707417011261,0.06885181367397308,-0.21105265617370605,0.43964746594429016,0.4224807620048523,0.1981232613325119,0.9269671440124512,0.17684021592140198,-0.6843935251235962
0.4551758749999989,0.0034223749999999996,133.0,3.0454002025182088,-0.6662744810812953,0.8386054485375121,-0.0005146876075875659,-5.4102137137152265e-5,-0.0002691236182493227,0.0678489190724823,-0.09651592373847961,0.1427958458662033,-0.15141934156417847,0.25164684653282166,0.07273691892623901,-0.19124674797058105,0.44612154364585876,0.4185793101787567,0.2289176732301712,0.9215338230133057,0.16477015614509583,-0.6744164824485779
0.4551758749999989,0.0034223749999999996,133.0,3.01405289164448,-0.6347463447829589,0.8381619933306301,-0.0003233107962252688,-3.382875347008002e-5,-0.0001693195229560435,0.0678362106516867,-0.09670040011405945,0.14432759582996368,-0.15406155586242676,0.25475630164146423,0.07079381495714188,-0.18990445137023926,0.44935768842697144,0.4076239764690399,0.23470933735370636,0.9197494983673096,0.15941058099269867,-0.6665935516357422
0.4551758749999989,0.0034223749999999996,133.0,2.981783208278523,-0.6024837638195476,0.8377957149808354,-0.00015110002782908212,-1.6071055248545806e-5,-7.937010791545701e-5,0.06781828550777833,-0.09781640768051147,0.14553715288639069,-0.1560576856136322,0.25531935691833496,0.07194489985704422,-0.181593656539917,0.4565770924091339,0.400981068611145,0.24437624216079712,0.921431303024292,0.15314851701259613,-0.6605517268180847
0.4551758749999989,0.0034223749999999996,133.0,2.948701860654621,-0.5700538492758388,0.8377082037124209,1.6750274154062937e-5,1.8622408872305386e-6,8.836620350508884e-6,0.06780225593825592,-0.09904703497886658,0.14325715601444244,-0.15658441185951233,0.24277493357658386,0.079047791659832,-0.15656805038452148,0.4680509865283966,0.4063819348812103,0.27034124732017517,0.923675537109375,0.15769062936306,-0.6534253358840942
0.4551758749999989,0.0034223749999999996,133.0,2.914734356926764,-0.5363539847245857,0.8374010278368317,0.00018504387926753145,2.1133460763952782e-5,9.776691589978002e-5,0.06778358756840581,-0.10055702924728394,0.14330589771270752,-0.1581616997718811,0.23845094442367554,0.08207137882709503,-0.1390395164489746,0.47986990213394165,0.40520578622817993,0.28947925567626953,0.9261081218719482,0.15212300419807434,-0.6479625105857849
0.4551758749999989,0.0034223749999999996,133.0,2.879790491839915,-0.5013902496887536,0.8368259527235913,0.0003674528019176049,4.266767559414055e-5,0.00019432515757294847,0.06775972277071447,-0.10281968116760254,0.1456277221441269,-0.16086173057556152,0.24283812940120697,0.08290670067071915,-0.13168644905090332,0.49099841713905334,0.39731428027153015,0.2998063862323761,0.930992603302002,0.13923324644565582,-0.6445293426513672
0.4551758749999989,0.0034223749999999996,133.0,2.8440743837615705,-0.4659959095395467,0.836501689264065,0.0005108654807909961,6.092247266733877e-5,0.0002707339589547095,0.06773896729765083,-0.10486495494842529,0.1459585279226303,-0.16247841715812683,0.2385411113500595,0.08573625981807709,-0.11392450332641602,0.5042476058006287,0.39704880118370056,0.31610941886901855,0.9366257190704346,0.13581496477127075,-0.6400241851806641
0.4551758749999989,0.0034223749999999996,133.0,2.8075554634453,-0.4297937403634643,0.8361674767292762,0.0006725902983348427,8.241332317681782e-5,0.00035714766008761856,0.0677185113684991,-0.1067693829536438,0.14614246785640717,-0.16416674852371216,0.23389191925525665,0.08825365453958511,-0.09601688385009766,0.5176565051078796,0.3967204689979553,0.33384838700294495,0.9417164325714111,0.13211849331855774,-0.6350939273834229
0.4551758749999989,0.0034223749999999996,133.0,2.770269259426946,-0.3927953706553817,0.8358337935470993,0.0008448429917005917,0.0001064399273390355,0.00044935677525909356,0.0676992707596226,-0.10832715034484863,0.1460624635219574,-0.16594424843788147,0.22870966792106628,0.09015250951051712,-0.0780189037322998,0.5309438109397888,0.3961920738220215,0.35426580905914307,0.945263147354126,0.12762026488780975,-0.6294118165969849
0.4551758749999989,0.0034223749999999996,133.0,2.7322484580574242,-0.3550336676283418,0.8354654324650599,0.001040431447974195,0.00013514501159579,0.0005542279391508425,0.06768221148433433,-0.10938990116119385,0.14558054506778717,-0.1678842306137085,0.22305527329444885,0.09020300209522247,-0.06066727638244629,0.5441895127296448,0.39561590552330017,0.376882940530777,0.9467220306396484,0.12382742017507553,-0.6231905221939087
0.4551758749999989,0.0034223749999999996,133.0,2.69343656578554,-0.31645783390695664,0.8351132900739114,0.001226143459903418,0.00016390974666378083,0.0006537673191942704,0.06766680564525115,-0.11020421981811523,0.14491157233715057,-0.169910728931427,0.2170436829328537,0.08917709439992905,-0.0435636043548584,0.5575793981552124,0.3952397406101227,0.4009033441543579,0.9471960067749023,0.12006893008947372,-0.616801381111145
0.4551758749999989,0.0034223749999999996,133.0,2.6536479693504,-0.2775138188260695,0.8348941307485951,0.0013462164871280206,0.00018967069658568997,0.0007182867186071888,0.0676510794892329,-0.111848384141922,0.14188671112060547,-0.1709643304347992,0.20193210244178772,0.09623374044895172,-0.013467788696289062,0.5770259499549866,0.40613678097724915,0.446187287569046,0.9485509395599365,0.12158747762441635,-0.6125717163085938
0.4551758749999989,0.0034223749999999996,133.0,2.613029867026389,-0.23723360352423767,0.8345472962648295,0.0014999713493363436,0.00021765744621773776,0.000801889473990141,0.06763192179316899,-0.11352565884590149,0.14165669679641724,-0.17279991507530212,0.1962689757347107,0.09723301976919174,0.003313779830932617,0.5929039716720581,0.4071198105812073,0.4662066698074341,0.95326828956604,0.11994395405054092,-0.6079223155975342
0.4551758749999989,0.0034223749999999996,133.0,2.571344686992793,-0.1953818579992698,0.8337965369749913,0.0016497947141273577,0.0002442222145887415,0.0008845136511965194,0.06760053851044752,-0.11584636569023132,0.14484617114067078,-0.17640000581741333,0.20449331402778625,0.09329107403755188,0.003083467483520508,0.6059621572494507,0.39446529746055603,0.47194531559944153,0.9611239433288574,0.10423769801855087,-0.6035627126693726
0.4551758749999989,0.0034223749999999996,133.0,2.5300886176870585,-0.1523910085391534,0.8361592711518094,0.0017906963119514382,0.0002558601675756503,0.0009671596502333166,0.06752384767858521,-0.11548823118209839,0.14243225753307343,-0.17786186933517456,0.1878872811794281,0.08912752568721771,0.02551412582397461,0.6130796670913696,0.4005754590034485,0.4815894663333893,0.96435546875,0.11993592232465744,-0.593035101890564
0.4551758749999989,0.0034223749999999996,133.0,2.4865505967358823,-0.10954959392703659,0.8356931909654798,0.0018866401259804134,0.00028971887251982056,0.001023160866002719,0.06748359606780205,-0.1187129020690918,0.13758942484855652,-0.1793096959590912,0.16657736897468567,0.1073269173502922,0.06457948684692383,0.6470112800598145,0.42233073711395264,0.557519793510437,0.9679858684539795,0.12356580048799515,-0.5934257507324219
0.4551758749999989,0.0034223749999999996,133.0,2.4407438976305333,-0.06572486408320417,0.83591242076915,0.001858011257112133,0.00029863619087288116,0.001025428471009771,0.06740949002641265,-0.14303061366081238,0.15279528498649597,-0.1788695752620697,0.18356630206108093,0.14518266916275024,0.0911262035369873,0.6803996562957764,0.43006300926208496,0.47871163487434387,1.1001026630401611,0.10788687318563461,-0.6187244057655334
0.4551758749999989,0.0034223749999999996,133.0,2.3891955806710823,-0.011141988316741328,0.8326850144960192,0.0017435003740864181,6.327009238232114e-5,0.0010288639903039982,0.06711010237148718,-0.21652188897132874,0.2800436317920685,-0.16646677255630493,0.4792647957801819,0.036804959177970886,0.13447141647338867,-0.04023910313844681,0.5220993161201477,-1.312602162361145,1.861192226409912,-0.22377020120620728,-1.0045702457427979
0.4551758749999989,0.0034223749999999996,133.0,2.331797362751795,0.03921457935060932,0.8341407595778875,0.00010342284782580644,-7.769997861925245e-6,6.477202740483915e-5,0.06627963376198755,-0.3574375808238983,0.17208708822727203,-0.13643327355384827,0.859987199306488,-0.5317980647087097,0.6782705783843994,0.596792459487915,0.14193189144134521,-1.5424717664718628,2.2204370498657227,-0.045459482818841934,-1.0008832216262817
0.4551758749999989,0.0034223749999999996,133.0,2.3710528888626285,0.06598875862076697,0.8364722384917648,-0.0017355096939154877,-0.00013607198046565122,-0.0010779223214853386,0.06573739527545833,-0.35564377903938293,0.1796109527349472,-0.09355360269546509,1.111907958984375,-0.5012539625167847,0.6525219678878784,0.454511433839798,0.08067962527275085,-1.625616431236267,2.1353201866149902,0.13501684367656708,-1.1924057006835938
0.4551758749999989,0.0034223749999999996,133.0,2.40312241822744,0.11719590798701322,0.8476362319563279,-0.0020155846373681365,0.000144762949010067,-0.0011956951114824605,0.06472437074868945,-0.4199894964694977,0.2130533754825592,0.004237115383148193,1.4809825420379639,-0.9604820013046265,0.6990044116973877,-0.13078196346759796,0.26334497332572937,-1.9617081880569458,2.135007381439209,0.49671027064323425,-1.7449414730072021
0.4551758749999989,0.0034223749999999996,133.0,2.437813907332308,0.1668266660233732,0.8565911398687273,-0.002061514686599014,0.0002975160017362382,-0.0011431857620130708,0.06411581826974372,-0.44963762164115906,0.235031858086586,0.03183618187904358,1.5454000234603882,-1.2356312274932861,0.7361611127853394,-0.27409854531288147,0.38014352321624756,-2.073596715927124,2.1113953590393066,0.47262299060821533,-1.9267563819885254
0.4551758749999989,0.0034223749999999996,133.0,2.4790561011150887,0.2122698386298921,0.8594516383826268,-0.00196308077207291,0.000297813246681051,-0.0010540729758129004,0.06398653014649167,-0.44844940304756165,0.23853695392608643,0.04351028800010681,1.6009743213653564,-1.2139434814453125,0.732243537902832,-0.24508096277713776,0.3436691462993622,-2.0854294300079346,2.052133560180664,0.5278599858283997,-1.9459922313690186
0.4551758749999989,0.0034223749999999996,133.0,2.5204787774750423,0.25552028449822506,0.861081818511719,-0.0018058009243967232,0.000279380759385017,-0.0009496416338441948,0.06393304071552733,-0.4503854811191559,0.24154901504516602,0.051203519105911255,1.621876835823059,-1.2540075778961182,0.7416110038757324,-0.24349810183048248,0.35015374422073364,-2.0898213386535645,2.0124287605285645,0.5700446963310242,-1.9735419750213623
0.4551758749999989,0.0034223749999999996,133.0,2.561436704942629,0.29733453803792237,0.8619319995037598,-0.0016066795887695992,0.0002463628427476919,-0.0008321854665020698,0.06393146033653009,-0.4479816257953644,0.24345888197422028,0.06330254673957825,1.6691772937774658,-1.2566932439804077,0.7326303720474243,-0.24791781604290009,0.3267502784729004,-2.081695079803467,1.945539951324463,0.6237276792526245,-1.9974029064178467
0.4551758749999989,0.0034223749999999996,133.0,2.601532386827195,0.3382346005921107,0.8621541330971962,-0.0015155785206332638,0.00022489114527126755,-0.0007782781937701989,0.06392895705525718,-0.4510871469974518,0.24558261036872864,0.06453600525856018,1.6658304929733276,-1.292718768119812,0.7546960115432739,-0.20673923194408417,0.3398151695728302,-2.0958218574523926,1.927703857421875,0.656608521938324,-2.007462739944458
0.4551758749999989,0.0034223749999999996,133.0,2.64106215492538,0.37836982486970366,0.8631312487659963,-0.0013018927258380355,0.0001900463860607301,-0.0006570353965526208,0.0638986287866909,-0.45247939229011536,0.2473931461572647,0.07066789269447327,1.6870874166488647,-1.3141634464263916,0.7642462253570557,-0.18908539414405823,0.33531394600868225,-2.1010453701019287,1.8900370597839355,0.6952801942825317,-2.0243706703186035
0.4551758749999989,0.0034223749999999996,133.0,2.6797734311368533,0.4176033361962104,0.8641838471595332,-0.0011374946662879434,0.0001630780322257573,-0.0005638603667780217,0.06387940263693202,-0.4509674608707428,0.24861550331115723,0.08068117499351501,1.7301374673843384,-1.3070495128631592,0.7580844163894653,-0.18030832707881927,0.30797404050827026,-2.099360466003418,1.8361830711364746,0.7451745867729187,-2.0400571823120117
0.4551758749999989,0.0034223749999999996,133.0,2.717423859884411,0.45600385208838023,0.8649034318642564,-0.0009277098973193606,0.00013073939534423106,-0.00045341541982573384,0.0638657365952444,-0.45217594504356384,0.25008484721183777,0.08661940693855286,1.749934196472168,-1.3275775909423828,0.764625072479248,-0.16238588094711304,0.3026580512523651,-2.105100154876709,1.7989025115966797,0.7858286499977112,-2.0546951293945312
0.4551758749999989,0.0034223749999999996,133.0,2.7542601804784543,0.4935244035172582,0.8655737043642537,-0.000740428870045948,0.00010243054117071477,-0.00035710608415226935,0.0638541747691606,-0.4532721936702728,0.25137072801589966,0.09228917956352234,1.7689989805221558,-1.3450648784637451,0.7700009346008301,-0.14450250566005707,0.2961300015449524,-2.1093382835388184,1.7633233070373535,0.8252891898155212,-2.0673751831054688
0.4551758749999989,0.0034223749999999996,133.0,2.790263459230564,0.5301840504917332,0.8662079592636993,-0.0005607654232687933,7.609010347990634e-5,-0.0002670925705069046,0.06384264229211478,-0.4543309509754181,0.25249040126800537,0.09748926758766174,1.7870140075683594,-1.3587473630905151,0.7747397422790527,-0.1264715939760208,0.28842437267303467,-2.1122076511383057,1.7306466102600098,0.8621096611022949,-2.0778117179870605
0.4551758749999989,0.0034223749999999996,133.0,2.8254437970861437,0.5659678031533377,0.8667552319413594,-0.0003863517002222435,5.1324563388566314e-5,-0.0001819593666299808,0.063832892376026,-0.45526888966560364,0.25345468521118164,0.10220614075660706,1.8038461208343506,-1.3677457571029663,0.7783546447753906,-0.10867166519165039,0.2794361114501953,-2.11285662651062,1.7009062767028809,0.896355926990509,-2.0857598781585693
0.4551758749999989,0.0034223749999999996,133.0,2.8597595546994956,0.6009057405618671,0.8672799013644475,-0.00021717971769188936,2.8239522435425418e-5,-0.00010125698529611559,0.06382080127693551,-0.45622071623802185,0.25432923436164856,0.10647067427635193,1.8198447227478027,-1.3715007305145264,0.7808903455734253,-0.09249670803546906,0.2691720426082611,-2.111443281173706,1.675093650817871,0.9267990589141846,-2.0915729999542236
0.4551758749999989,0.0034223749999999996,133.0,2.892546681554715,0.6351233707938876,0.867155447811323,-6.479856858635593e-5,8.23203735223988e-6,-3.016260413670012e-5,0.06381483543605763,-0.4607849419116974,0.25662896037101746,0.10611411929130554,1.810856819152832,-1.4016869068145752,0.8076467514038086,-0.06399653851985931,0.2838752269744873,-2.122185468673706,1.6730570793151855,0.9391676783561707,-2.0975518226623535
0.4551758749999989,0.0034223749999999996,133.0,2.9244851020144353,0.6685711640389331,0.8675266351671396,0.00014017572004852417,-1.7680144711038908e-5,6.483138094430922e-5,0.06378778621575522,-0.46500876545906067,0.2587050795555115,0.1084112823009491,1.8150969743728638,-1.4231972694396973,0.8255411386489868,-0.05523305758833885,0.2904111444950104,-2.1268606185913086,1.6655988693237305,0.9494091272354126,-2.1084420680999756
0.4551758749999989,0.0034223749999999996,133.0,2.9571690456177384,0.6989353285940378,0.8661040248049743,0.00033099523545088746,-4.026934283195935e-5,0.00015032459637165664,0.06394583994628558,-0.46037665009498596,0.25764167308807373,0.11689266562461853,1.8401827812194824,-1.4214104413986206,0.7894641160964966,-0.07656548917293549,0.27174127101898193,-2.1012818813323975,1.6136703491210938,1.0018500089645386,-2.114774227142334
0.4551758749999989,0.0034223749999999996,133.0,2.9875121163460157,0.7306853841438999,0.866523352242159,0.0005243669946330045,-6.322141570391572e-5,0.00023627901943197138,0.06392685739884586,-0.4644612967967987,0.25955331325531006,0.11966285109519958,1.8439754247665405,-1.4506235122680664,0.8080679178237915,-0.061736952513456345,0.2792576551437378,-2.11273455619812,1.6010982990264893,1.0225447416305542,-2.1262600421905518
0.4551758749999989,0.0034223749999999996,133.0,3.017901252437835,0.7614117722642557,0.8676802855257046,0.000755492436925283,-8.897915642158733e-5,0.00033477959779057903,0.06389190756448766,-0.4637592136859894,0.25972050428390503,0.1272166669368744,1.8800015449523926,-1.431469202041626,0.7973897457122803,-0.04800405353307724,0.24716684222221375,-2.119018316268921,1.5655412673950195,1.0667778253555298,-2.130141258239746
0.4551758749999989,0.0034223749999999996,133.0,3.0475086192310235,0.7912071807616997,0.8685706695737533,0.0009217194287362726,-0.00010540099930658238,0.00040266797695053756,0.06387365960408115,-0.46291080117225647,0.25950875878334045,0.13308200240135193,1.9063043594360352,-1.418656587600708,0.7883411645889282,-0.02753622829914093,0.22040438652038574,-2.1239824295043945,1.532236099243164,1.112601637840271,-2.1297011375427246
0.4551758749999989,0.0034223749999999996,133.0,3.076189602487515,0.8202132555728713,0.8698974810862783,0.001135085812059148,-0.00012966117410108987,0.0004875524904003407,0.06384134407022855,-0.46206679940223694,0.2592869997024536,0.14144840836524963,1.9398607015609741,-1.4077728986740112,0.7692043781280518,-0.0364840030670166,0.19484427571296692,-2.1207571029663086,1.4964864253997803,1.1529284715652466,-2.1375460624694824
0.4551758749999989,0.0034223749999999996,133.0,3.1034629031843517,0.8484489659313557,0.8702093834993303,0.0012986267068944113,-0.00014666806734760926,0.000553930077465119,0.0638376030413321,-0.4638066589832306,0.2597120404243469,0.1435038149356842,1.936814308166504,-1.4356297254562378,0.7781021595001221,-0.018064191564917564,0.1997637152671814,-2.133193016052246,1.4766273498535156,1.191035509109497,-2.1396586894989014
0.4551758749999989,0.0034223749999999996,133.0,3.1303159909846485,0.8757313236654443,0.8709810883235055,0.0014826920407792691,-0.00016562871742967697,0.0006250887853231975,0.06382313441272382,-0.4626980125904083,0.2587471604347229,0.1484721601009369,1.9509092569351196,-1.434316635131836,0.7653977870941162,-0.009212760254740715,0.1818513572216034,-2.142301559448242,1.4441237449645996,1.241816759109497,-2.135904550552368
0.4551758749999989,0.0034223749999999996,133.0,3.1566742345136305,0.9020064155374548,0.8714047229978465,0.0017025391861721993,-0.00018374807840280125,0.0007111945075513483,0.06382408967529933,-0.45936086773872375,0.2567060589790344,0.15294459462165833,1.9639722108840942,-1.4204953908920288,0.7465120553970337,0.00951438583433628,0.15438801050186157,-2.1562271118164062,1.4050371646881104,1.3072477579116821,-2.1216139793395996
0.4551758749999989,0.0034223749999999996,133.0,3.1819608089385745,0.927564513786524,0.8720320210412207,0.0019267240549137807,-0.00020628831098792047,0.0007973036914774495,0.06381108619625296,-0.4504114091396332,0.2512487471103668,0.16056028008460999,1.9794453382492065,-1.3873425722122192,0.6979519128799438,-0.01924501731991768,0.1194075345993042,-2.142855644226074,1.3440968990325928,1.3826332092285156,-2.1018576622009277
0.4551758749999989,0.0034223749999999996,133.0,3.2061153590860836,0.9523081066636323,0.8724450160340288,0.0021752268808513534,-0.00023158190109800005,0.0008932081401282825,0.06380591638769918,-0.4280264675617218,0.23675361275672913,0.16848018765449524,1.9736227989196777,-1.3142341375350952,0.6077337265014648,-0.08970677852630615,0.07017922401428223,-2.06890606880188,1.2318580150604248,1.4820032119750977,-2.04610013961792
0.4551758749999989,0.0034223749999999996,133.0,3.22961155212197,0.9760983940379065,0.8726870635871725,0.0023588693037617206,-0.00024988983734615535,0.0009626590040523173,0.06381436522807618,-0.40228471159935,0.22036044299602509,0.17654022574424744,1.9614651203155518,-1.2235987186431885,0.5020127296447754,-0.17681002616882324,0.0166701078414917,-1.9785457849502563,1.112555980682373,1.5733555555343628,-1.9795489311218262
0.4551758749999989,0.0034223749999999996,133.0,3.2523608857970814,0.998979506884135,0.8728520753419308,0.0025921050928556164,-0.00027155638509364133,0.0010514765836794663,0.06382873514272018,-0.37850406765937805,0.20583495497703552,0.18501147627830505,1.9564179182052612,-1.1219960451126099,0.3970518112182617,-0.25016939640045166,-0.04389899969100952,-1.8976833820343018,1.0016112327575684,1.6465461254119873,-1.913050651550293
0.4551758749999989,0.0034223749999999996,133.0,3.2747690308631587,1.020829994526832,0.8734331054170793,0.0028301445819157054,-0.00029615386681611163,0.0011362440266058941,0.06384202100585773,-0.35064634680747986,0.189295694231987,0.19105210900306702,1.9286917448043823,-1.005022406578064,0.2880558967590332,-0.32949867844581604,-0.09902435541152954,-1.7991561889648438,0.8832085132598877,1.705585241317749,-1.8292162418365479
0.4551758749999989,0.0034223749999999996,133.0,3.29622057931168,1.0418792224952746,0.8736901010108534,0.0030795651706670333,-0.00032072286471262096,0.001227419912366648,0.06386331696356191,-0.2926855981349945,0.1650705337524414,0.20786234736442566,1.8390610218048096,0.006613471079617739,-0.2568483352661133,-0.6976585984230042,-0.3254265785217285,-2.2677557468414307,1.149421215057373,1.312256097793579,-1.5064151287078857
0.4551758749999989,0.0034223749999999996,133.0,3.3175676972579717,1.061890347976036,0.875055304867069,0.0033338590837519327,-0.00036208237100503627,0.001312110812857141,0.06386399315111599,-0.27156975865364075,0.15555737912654877,0.21153482794761658,1.8150310516357422,0.05582338199019432,-0.3288412094116211,-0.7586545348167419,-0.35344427824020386,-2.174880266189575,1.0344691276550293,1.2917149066925049,-1.4537575244903564
0.4551758749999989,0.0034223749999999996,133.0,3.3378676134103578,1.0811479835720728,0.876035928848359,0.0035245917769716026,-0.00039935520156784813,0.0013859270803759057,0.06388570718336606,-0.25369659066200256,0.1485089361667633,0.21343711018562317,1.786972165107727,0.10700874775648117,-0.3876769542694092,-0.794202446937561,-0.3738296627998352,-2.0987799167633057,0.9444348812103271,1.2637790441513062,-1.4048823118209839
0.4551758749999989,0.0034223749999999996,133.0,3.357452042758844,1.0994906939735833,0.8770759585341644,0.003746007703511113,-0.0004348367717788743,0.0014596954074386735,0.06390113637516832,-0.23754659295082092,0.1413179486989975,0.21404138207435608,1.7537294626235962,0.15012383460998535,-0.4376258850097656,-0.8221122026443481,-0.38765066862106323,-2.0306718349456787,0.8676345348358154,1.239979863166809,-1.3575317859649658
0.4551758749999989,0.0034223749999999996,133.0,3.3756445700692446,1.117030920356185,0.8772489542318563,0.003930625758907671,-0.0004740740371961522,0.001529751162109322,0.06395018648172773,-0.22893241047859192,0.13785536587238312,0.2147822082042694,1.7391831874847412,0.16203683614730835,-0.46232080459594727,-0.8469535112380981,-0.3920655846595764,-1.9965565204620361,0.823922872543335,1.2238718271255493,-1.3384180068969727
0.4551758749999989,0.0034223749999999996,133.0,3.3935773076992564,1.1336864911302003,0.877914086095816,0.004152939404914844,-0.0005070635460966078,0.0016069254722170495,0.06397678721412328,-0.22151747345924377,0.1366141140460968,0.21790525317192078,1.7326147556304932,0.1920233815908432,-0.4918808937072754,-0.8613468408584595,-0.4036468267440796,-1.963798999786377,0.7768480777740479,1.193535327911377,-1.3200552463531494
0.4551758749999989,0.0034223749999999996,133.0,3.4104685232135146,1.1494606806322265,0.8784464847810145,0.004345840327185998,-0.0005446658839878609,0.0016733187917226306,0.06401293684919883,-0.21416330337524414,0.13427133858203888,0.21953704953193665,1.7215516567230225,0.20871421694755554,-0.5156307220458984,-0.8783451318740845,-0.4094499945640564,-1.9294451475143433,0.734368085861206,1.1684807538986206,-1.3030235767364502
0.4551758749999989,0.0034223749999999996,133.0,3.4265854836863783,1.1643187448698158,0.878737507242336,0.004537430246826607,-0.0005783952274633982,0.0017388136862823604,0.06405307129713812,-0.2100188434123993,0.13156624138355255,0.21819952130317688,1.7099119424819946,0.2159176468849182,-0.5249619483947754,-0.8851478695869446,-0.40715306997299194,-1.9264788627624512,0.7238321304321289,1.1800519227981567,-1.293816089630127
0.4551758749999989,0.0034223749999999996,133.0,3.4421060452720655,1.1783210760914475,0.8793592444314123,0.0046823930224758675,-0.0006177151711128803,0.001793262140756378,0.06409302093080976,-0.2075403332710266,0.13054674863815308,0.217502623796463,1.7055217027664185,0.22031834721565247,-0.531064510345459,-0.8893084526062012,-0.4050898551940918,-1.9293160438537598,0.7174625396728516,1.1868654489517212,-1.2915961742401123
0.4551758749999989,0.0034223749999999996,133.0,3.45634705690289,1.1916351144952397,0.8798521951275379,0.0048195216870402895,-0.0006450156991465363,0.001826041173996984,0.06412965060950422,-0.20526579022407532,0.1302495002746582,0.21838387846946716,1.706466794013977,0.2251587063074112,-0.5393128395080566,-0.8952604532241821,-0.4065893888473511,-1.9258447885513306,0.7027108669281006,1.1820122003555298,-1.2910341024398804
0.4551758749999989,0.0034223749999999996,133.0,3.4702246941345067,1.204142472154249,0.880887436161096,0.004965502919767312,-0.0006785182668463414,0.0018673786702591228,0.06414848626659207,-0.20348387956619263,0.1296895146369934,0.21846041083335876,1.7051252126693726,0.231930673122406,-0.5459918975830078,-0.8963229060173035,-0.40580517053604126,-1.932238221168518,0.6961088180541992,1.1864063739776611,-1.2905466556549072
0.4551758749999989,0.0034223749999999996,133.0,3.4836297834472534,1.2155798791163155,0.88137110747931,0.005120164136504975,-0.0006976088689896415,0.0019128779124949257,0.06417811941257767,-0.2019159197807312,0.1303737312555313,0.22068265080451965,1.7086753845214844,0.24505437910556793,-0.5571403503417969,-0.897295355796814,-0.4104408025741577,-1.929565668106079,0.6813216209411621,1.1776423454284668,-1.2894299030303955
0.4551758749999989,0.0034223749999999996,133.0,3.496072557196323,1.2264421973056827,0.8822240570161142,0.005280600831406073,-0.0007191860087089986,0.001958596066292384,0.06418991504106274,-0.2011946737766266,0.1324218362569809,0.22258266806602478,1.7126396894454956,0.2635418772697449,-0.5668900012969971,-0.8918082118034363,-0.4142225384712219,-1.9323891401290894,0.673729419708252,1.1652909517288208,-1.2896053791046143
0.4551758749999989,0.0034223749999999996,133.0,3.5076333463236145,1.236629963661288,0.883114140587708,0.005437455817282259,-0.0007351116728364458,0.0020003842913410247,0.0641978189055683,-0.20106932520866394,0.13902409374713898,0.23155620694160461,1.7384634017944336,0.28689277172088623,-0.5863296985626221,-0.8993231058120728,-0.4325893521308899,-1.9125860929489136,0.629310131072998,1.094153881072998,-1.2965728044509888
0.4551758749999989,0.0034223749999999996,133.0,3.518120859827991,1.2459513329426661,0.8836800365838505,0.0056177880169846865,-0.0007465188796768627,0.0020499237827494685,0.06421447717836344,-0.2006339728832245,0.14078307151794434,0.23355647921562195,1.7421021461486816,0.30205705761909485,-0.5944046974182129,-0.8954771757125854,-0.43640029430389404,-1.9131770133972168,0.6206238269805908,1.0821187496185303,-1.2963706254959106
0.4551758749999989,0.0034223749999999996,133.0,3.5269763097255553,1.2566891663410318,0.8866441828493089,0.005870278888603774,-0.0007950635311246665,0.0021414181916005613,0.06403393264374918,-0.2029031217098236,0.14465084671974182,0.22983935475349426,1.7377344369888306,0.32373976707458496,-0.5882174968719482,-0.8705800175666809,-0.42606425285339355,-1.9486682415008545,0.6574525833129883,1.088472604751587,-1.302608609199524
0.4551758749999989,0.0034223749999999996,133.0,3.5359717327521416,1.264391162767855,0.8875401136763826,0.006143485357749831,-0.0008343738872607584,0.0022317423765202877,0.06403345646242153,-0.20322859287261963,0.14750541746616364,0.23113784193992615,1.7412114143371582,0.3418005108833313,-0.593557596206665,-0.8628955483436584,-0.42886412143707275,-1.9513134956359863,0.6556875705718994,1.0727226734161377,-1.3032629489898682
0.4551758749999989,0.0034223749999999996,133.0,3.543689447134594,1.2713526028528,0.8879183485615796,0.006562483932616634,-0.0008796041711380813,0.0023655922705589204,0.0640464037741394,-0.20307990908622742,0.15032319724559784,0.23476681113243103,1.7499784231185913,0.35538142919540405,-0.6025562286376953,-0.8654959797859192,-0.4360916018486023,-1.9420918226242065,0.6359195709228516,1.0427638292312622,-1.3046070337295532
0.4551758749999989,0.0034223749999999996,133.0,3.5506759149985134,1.2775019835012382,0.8884231338074188,0.0072628808843127985,-0.0009640947203794444,0.002595719717960592,0.06404940142272507,-0.20307284593582153,0.15291479229927063,0.23759129643440247,1.756547212600708,0.3673825263977051,-0.6097948551177979,-0.8684241771697998,-0.4408929944038391,-1.9341678619384766,0.6202285289764404,1.0161234140396118,-1.3062031269073486
0.4551758749999989,0.0034223749999999996,133.0,3.556820942978981,1.282867563065166,0.8887448191463295,0.008839657824851745,-0.0011835571083672217,0.0031447623563377837,0.06406112358607174,-0.20287275314331055,0.15510165691375732,0.24042406678199768,1.7619585990905762,0.37684017419815063,-0.6177685260772705,-0.8792017102241516,-0.4436991810798645,-1.9206671714782715,0.600771427154541,0.9875621795654297,-1.3085826635360718
0.4551758749999989,0.0034223749999999996,133.0,3.562123737659059,1.2879442279475575,0.8893657504750994,0.0164523879029817,-0.0022840096002919264,0.005669484255822218,0.06403249437470424,-0.2029714584350586,0.15458866953849792,0.2442944347858429,1.763076663017273,0.38593345880508423,-0.6311867237091064,-0.9339355826377869,-0.4377826452255249,-1.880031943321228,0.5621068477630615,0.9545601606369019,-1.3150660991668701
0.4551758749999989,0.0034223749999999996,133.0,3.5792237338322224,-1.221294742458873,0.8291666181698446,-0.013881096229498421,-0.0010204135369166769,-0.006898113712610072,0.06816646947097453,-0.019425928592681885,0.15928444266319275,-0.15438726544380188,0.8721287846565247,0.3119881749153137,-1.0813825130462646,0.49671533703804016,0.17206206917762756,-0.3188544511795044,0.5249588489532471,0.3358379006385803,-1.045403003692627
0.4551758749999989,0.0034223749999999996,133.0,3.5744973797707362,-1.2159876556113636,0.8297622870376218,-0.0074962345750724845,-0.0004814872784009265,-0.0037360920684105367,0.06811892639531342,-0.0205690860748291,0.16340045630931854,-0.153123140335083,0.8759188055992126,0.290544331073761,-1.078737497329712,0.49760231375694275,0.16698214411735535,-0.3244563937187195,0.5516140460968018,0.301604688167572,-1.0435128211975098
0.4551758749999989,0.0034223749999999996,133.0,3.5688509618675908,-1.210445083890509,0.8296883038393039,-0.006159488575372454,-0.000399987650521872,-0.003070261735364955,0.0680972679745926,-0.02206021547317505,0.16386157274246216,-0.15495359897613525,0.8737327456474304,0.29465994238853455,-1.0707001686096191,0.5155327916145325,0.1663154661655426,-0.31524577736854553,0.5572466850280762,0.27584677934646606,-1.040566325187683
0.4551758749999989,0.0034223749999999996,133.0,3.5624073346026366,-1.2042337053416665,0.8297365906910789,-0.005571403402597942,-0.0003542824790265654,-0.002777149570179416,0.06808663567808339,-0.023799598217010498,0.16501769423484802,-0.15609747171401978,0.8740103840827942,0.29518410563468933,-1.064110279083252,0.5248971581459045,0.16480109095573425,-0.30827122926712036,0.5597240924835205,0.2539573609828949,-1.0391987562179565
0.4551758749999989,0.0034223749999999996,133.0,3.5550761257554826,-1.1972983644569204,0.8295933629692753,-0.005229162395844575,-0.00035059626342659944,-0.002606951970240072,0.06807209161911111,-0.02551230788230896,0.1647016555070877,-0.1588512361049652,0.8701263666152954,0.3011729121208191,-1.0550289154052734,0.5486083626747131,0.1654168665409088,-0.2935698628425598,0.5622076988220215,0.22776591777801514,-1.0359091758728027
0.4551758749999989,0.0034223749999999996,133.0,3.5463315987322486,-1.1913072333542691,0.8269867110640704,-0.004986370884310477,-0.0003992875792489952,-0.002483229136646976,0.06813757169524731,-0.02598056197166443,0.16387763619422913,-0.16083526611328125,0.8656467795372009,0.30139532685279846,-1.0501465797424316,0.5671612024307251,0.16615137457847595,-0.27585336565971375,0.5611062049865723,0.20650164783000946,-1.0321613550186157
0.4551758749999989,0.0034223749999999996,133.0,3.5372611005086743,-1.182888716942502,0.8269870495845568,-0.0047891868043547425,-0.00039284106265114464,-0.002386226387407973,0.06812556393415614,-0.028435200452804565,0.1635514497756958,-0.16421100497245789,0.8604027628898621,0.3076131045818329,-1.0388188362121582,0.5966735482215881,0.16706731915473938,-0.2559806704521179,0.5639863014221191,0.17203940451145172,-1.0277965068817139
0.4551758749999989,0.0034223749999999996,133.0,3.5274644463231914,-1.1734596967696782,0.8268923342248611,-0.004641925670560934,-0.0003829205844499587,-0.0023109456273862025,0.06811478810596125,-0.029983699321746826,0.16369850933551788,-0.166405588388443,0.8574464321136475,0.3073368966579437,-1.0309875011444092,0.6141290068626404,0.16725477576255798,-0.24120819568634033,0.5640137195587158,0.14727231860160828,-1.0249512195587158
0.4551758749999989,0.0034223749999999996,133.0,3.5168715983373637,-1.1634035873190167,0.8267794902210903,-0.004509079610343131,-0.0003922560066019996,-0.0022429292228496067,0.06810204354963569,-0.032155901193618774,0.16332992911338806,-0.1696319282054901,0.8514649271965027,0.3097507357597351,-1.0202929973602295,0.6424648761749268,0.1683807373046875,-0.21825118362903595,0.5649149417877197,0.11267028003931046,-1.020041823387146
0.4551758749999989,0.0034223749999999996,133.0,3.505389396305029,-1.1525610131916435,0.8268765571711215,-0.004375759052287187,-0.00039114380945786103,-0.0021770140066972453,0.06809157009425634,-0.034571051597595215,0.16275258362293243,-0.1731482446193695,0.8442264795303345,0.3120708465576172,-1.0085084438323975,0.6739391088485718,0.17003217339515686,-0.19331185519695282,0.5663740634918213,0.07581862062215805,-1.0144048929214478
0.4551758749999989,0.0034223749999999996,133.0,3.493225069840721,-1.1407409467367995,0.8269037099513133,-0.004252133651870419,-0.00038448461073666424,-0.002115782850111687,0.0680853954669578,-0.035572588443756104,0.16229398548603058,-0.17565196752548218,0.8374037742614746,0.30663830041885376,-1.0004944801330566,0.6948777437210083,0.17194437980651855,-0.1715450882911682,0.5639848709106445,0.04698953777551651,-1.0094177722930908
0.4551758749999989,0.0034223749999999996,133.0,3.4803638381751565,-1.1280808237274376,0.826681362933919,-0.004127058462149355,-0.0003817687079593581,-0.0020496937946978084,0.06808106296193481,-0.03620234131813049,0.16177725791931152,-0.17789766192436218,0.8312507271766663,0.3035446107387543,-0.9941573143005371,0.7144381403923035,0.17277076840400696,-0.14862476289272308,0.5597145557403564,0.02213178761303425,-1.0040220022201538
0.4551758749999989,0.0034223749999999996,133.0,3.466730341589228,-1.114456662591019,0.8266880478720594,-0.004017791182249694,-0.00035881710310547223,-0.0019969925170781905,0.06808634448717214,-0.03567376732826233,0.1620900183916092,-0.1787121295928955,0.8264455199241638,0.29390284419059753,-0.9904730319976807,0.7197504639625549,0.1733621060848236,-0.1328793466091156,0.55184006690979,0.004022516310214996,-0.9996750950813293
0.4551758749999989,0.0034223749999999996,133.0,3.452498840413202,-1.100210690378182,0.8264989933092071,-0.0038769206986741783,-0.00034900466229570876,-0.001930425001694666,0.0680964420972635,-0.03323477506637573,0.1601749062538147,-0.18016934394836426,0.8146408200263977,0.282886803150177,-0.9904482364654541,0.7319246530532837,0.1779954433441162,-0.11064238846302032,0.5410733222961426,-0.010398318991065025,-0.9925004839897156
0.4551758749999989,0.0034223749999999996,133.0,3.4370017254332867,-1.0849106438650067,0.8264545508935319,-0.003700293321060055,-0.0003337273045147442,-0.0018488594522015557,0.06809187452962481,-0.033655405044555664,0.15979763865470886,-0.182221919298172,0.8042645454406738,0.27684256434440613,-0.982579231262207,0.7517696619033813,0.1800287961959839,-0.08125219494104385,0.534170389175415,-0.04662536829710007,-0.9840552806854248
0.4551758749999989,0.0034223749999999996,133.0,3.420642129058555,-1.0686710673072888,0.8264173706041352,-0.003536137109675547,-0.00031445793950271697,-0.001771459886338374,0.06808739873370845,-0.032742202281951904,0.16005446016788483,-0.18311214447021484,0.793352484703064,0.2653392553329468,-0.9780752658843994,0.7602056860923767,0.1817060112953186,-0.05191182717680931,0.5222024917602539,-0.08245090395212173,-0.9746705889701843
0.4551758749999989,0.0034223749999999996,133.0,3.4032385081275405,-1.0515793716616408,0.8266225586412865,-0.0033494789435093934,-0.00028906990672519713,-0.0016850234356056285,0.06807752300751259,-0.03204694390296936,0.15785522758960724,-0.18707728385925293,0.7637512683868408,0.2512900233268738,-0.9553399085998535,0.7951014637947083,0.19212579727172852,-0.024251330643892288,0.5175259113311768,-0.11758264154195786,-0.9555892944335938
0.4551758749999989,0.0034223749999999996,133.0,3.385468653987229,-1.0338799588253968,0.8265681239555831,-0.003169318838571129,-0.00027371693405163635,-0.001604427884385352,0.06808323329824413,-0.02961108088493347,0.15474557876586914,-0.1901961863040924,0.7259479761123657,0.23082098364830017,-0.9312779903411865,0.8250024914741516,0.20504343509674072,-0.002599491970613599,0.5104918479919434,-0.13597168028354645,-0.9308980703353882
0.4551758749999989,0.0034223749999999996,133.0,3.3662270295149876,-1.0148496419971955,0.8266711070585285,-0.0029869514984410413,-0.0002499126091849496,-0.0015171734925477083,0.06806370108299888,-0.02943435311317444,0.1515824943780899,-0.19347713887691498,0.6823135018348694,0.21254369616508484,-0.8976986408233643,0.8624824285507202,0.21801510453224182,0.026652391999959946,0.5058043003082275,-0.15740685164928436,-0.9004309177398682
0.4551758749999989,0.0034223749999999996,133.0,3.3464430678465744,-0.9953891649311043,0.8267507273521997,-0.0028222067641792345,-0.00023644449063997186,-0.001440105410956177,0.06805092125211988,-0.029255986213684082,0.14782047271728516,-0.19523493945598602,0.6293809413909912,0.18256761133670807,-0.8588712215423584,0.8959946632385254,0.23296836018562317,0.05921095237135887,0.5005481243133545,-0.16567257046699524,-0.8626822829246521
0.4551758749999989,0.0034223749999999996,133.0,3.325866215374923,-0.9749568603754538,0.8267709493869686,-0.0026064460605842252,-0.0002143225368666682,-0.0013376260150518482,0.06804037641385509,-0.029118865728378296,0.14295074343681335,-0.19475850462913513,0.5712552070617676,0.14814254641532898,-0.8194260597229004,0.9228565096855164,0.24842432141304016,0.10023095458745956,0.49368858337402344,-0.15879184007644653,-0.8202797174453735
0.4551758749999989,0.0034223749999999996,133.0,3.3042096611028278,-0.9543300068600533,0.8272886370672722,-0.002393482059797685,-0.00019590735939117447,-0.0012340151905828104,0.06802084516316705,-0.030651569366455078,0.13690726459026337,-0.19213257730007172,0.5145447254180908,0.11905790120363235,-0.7787046432495117,0.946418285369873,0.2651645541191101,0.15735094249248505,0.4869093894958496,-0.14551804959774017,-0.7805681824684143
0.4551758749999989,0.0034223749999999996,133.0,3.2820479930167283,-0.9323398768905554,0.8271549607433075,-0.0021910132884363797,-0.000180053217672537,-0.0011345043712276104,0.0680070314160312,-0.07888829708099365,0.1830471307039261,-0.16247138381004333,0.5936981439590454,0.09478277713060379,-0.8032753467559814,0.4300061762332916,0.4300544261932373,-0.2014409899711609,0.7391510009765625,-0.06729914993047714,-1.0274666547775269
0.4551758749999989,0.0034223749999999996,133.0,3.2588866590013494,-0.909334697994654,0.8269020586057487,-0.001990776857606185,-0.00016611547560103755,-0.0010325441206919064,0.06798410136059588,-0.08544176816940308,0.17522048950195312,-0.1578868329524994,0.5190265774726868,0.08359263092279434,-0.7216722965240479,0.4586106240749359,0.432908833026886,-0.13846662640571594,0.8035821914672852,0.0016260948032140732,-0.9557874202728271
0.4551758749999989,0.0034223749999999996,133.0,3.234841652657513,-0.885166887326866,0.8263925590618144,-0.0018304758148009377,-0.00015499723634253374,-0.0009505042328075073,0.0679602000265355,-0.09247145056724548,0.1696469932794571,-0.15113461017608643,0.4475944936275482,0.06799113005399704,-0.6083126068115234,0.45900672674179077,0.43313708901405334,-0.09158948808908463,0.8690659999847412,0.08538888394832611,-0.8847948312759399
0.4551758749999989,0.0034223749999999996,133.0,3.2102037562489696,-0.8604358845508815,0.8260938644554282,-0.001633192931041845,-0.00013776565372699125,-0.0008506997038490496,0.06794933400310113,-0.09557563066482544,0.1646469533443451,-0.14633002877235413,0.3921665549278259,0.05260259658098221,-0.5153088569641113,0.4480535686016083,0.43372827768325806,-0.06253664940595627,0.9101431369781494,0.16404011845588684,-0.8301295638084412
0.4551758749999989,0.0034223749999999996,133.0,3.18465876289389,-0.8351691359367065,0.8260125060186836,-0.0014507587370340249,-0.0001269872999962204,-0.0007578562462303424,0.06793274215850109,-0.0990297794342041,0.15937824547290802,-0.14262881875038147,0.34407806396484375,0.04659963399171829,-0.4092884063720703,0.4360266923904419,0.43843382596969604,-0.033422261476516724,0.9450170993804932,0.22027315199375153,-0.7869293093681335
0.4551758749999989,0.0034223749999999996,133.0,3.1583992254721376,-0.8093382461789358,0.825903581264142,-0.0012709001951033527,-0.00011488994638660167,-0.0006641536676869707,0.06792200527717032,-0.10098737478256226,0.15411333739757538,-0.14088767766952515,0.3046092092990875,0.048440299928188324,-0.3066532611846924,0.42085790634155273,0.4415838420391083,-0.0010462093632668257,0.9650084972381592,0.24959775805473328,-0.7507210969924927
0.4551758749999989,0.0034223749999999996,133.0,3.1313580537927637,-0.7824177374443034,0.8256163393392262,-0.0011219134747504473,-0.000104178415226345,-0.0005861250332489723,0.06791194376550366,-0.0982944667339325,0.15082873404026031,-0.14394178986549377,0.2903672754764557,0.05367308855056763,-0.2833685874938965,0.4229649603366852,0.43113571405410767,0.0639481246471405,0.9463274478912354,0.22312933206558228,-0.7258918881416321
0.4551758749999989,0.0034223749999999996,133.0,3.1036430878964363,-0.7547422016879695,0.8253221527976055,-0.0009889541994037641,-9.318443358594606e-5,-0.0005167946526212465,0.06790858901054878,-0.09536322951316833,0.1479521244764328,-0.14684808254241943,0.2788822054862976,0.05435813590884209,-0.26700615882873535,0.4235902428627014,0.42154940962791443,0.10964608192443848,0.9292237758636475,0.2113167643547058,-0.704704999923706
0.4551758749999989,0.0034223749999999996,133.0,3.0748139371097154,-0.7262276095373754,0.8250240783191359,-0.0008167587122355489,-7.91251145189215e-5,-0.0004257291228281367,0.06789583940673084,-0.09450682997703552,0.14531484246253967,-0.1491842269897461,0.2685390114784241,0.061791837215423584,-0.24102568626403809,0.4283323884010315,0.4164732098579407,0.16646601259708405,0.9167344570159912,0.18563728034496307,-0.6891920566558838
0.4551758749999989,0.0034223749999999996,133.0,3.045160329376898,-0.696980046647451,0.8248427042649162,-0.0006857867191170135,-6.884957627911551e-5,-0.0003571933356575511,0.06788295846504226,-0.09443029761314392,0.14298555254936218,-0.15048199892044067,0.2579435408115387,0.06731431186199188,-0.21456503868103027,0.4366535246372223,0.4166123867034912,0.20932482182979584,0.9100174903869629,0.1724289357662201,-0.6786892414093018
0.4551758749999989,0.0034223749999999996,133.0,3.0146050807012723,-0.6666430282782058,0.8245769390628561,-0.0005147922081786297,-5.3149350938726676e-5,-0.0002684318766665245,0.06786718873047752,-0.09510722756385803,0.14259552955627441,-0.1519397497177124,0.2533663213253021,0.06968219578266144,-0.19700169563293457,0.4453389346599579,0.4143688976764679,0.23261511325836182,0.9081978797912598,0.16472667455673218,-0.671879768371582
0.4551758749999989,0.0034223749999999996,133.0,2.9832558648720977,-0.6351156799146038,0.8241417309452929,-0.00032337740546284854,-3.321709988186403e-5,-0.00016888561054707784,0.06785449292760844,-0.0957099199295044,0.14444175362586975,-0.15439531207084656,0.25714564323425293,0.06700383871793747,-0.1965799331665039,0.44981861114501953,0.4043906331062317,0.23385275900363922,0.9089572429656982,0.1618625670671463,-0.6657180786132812
0.4551758749999989,0.0034223749999999996,133.0,2.9509868649727844,-0.6028535146561848,0.823781313416276,-0.0001511310045497996,-1.5776891733303866e-5,-7.916835399217796e-5,0.06783674456280712,-0.09701955318450928,0.14579321444034576,-0.15635937452316284,0.25790315866470337,0.06803110241889954,-0.18844962120056152,0.4573794901371002,0.39810287952423096,0.24155257642269135,0.911888837814331,0.1565854698419571,-0.6602315306663513
0.4551758749999989,0.0034223749999999996,133.0,2.9179053418159615,-0.5704166333374173,0.8236939773747958,1.6753612771226254e-5,1.8285889679275098e-6,8.81468763280664e-6,0.06782092042138704,-0.09838932752609253,0.1436038315296173,-0.15686455368995667,0.245548814535141,0.07505331188440323,-0.163590669631958,0.4691276252269745,0.40372076630592346,0.26618629693984985,0.9150660037994385,0.16209736466407776,-0.6535190343856812
0.4551758749999989,0.0034223749999999996,133.0,2.883939599230987,-0.536715393489319,0.8233908508937023,0.00018508075115210014,2.074901691082392e-5,9.752663533189242e-5,0.06780252327717927,-0.10000023245811462,0.1437283307313919,-0.1584453284740448,0.24137096107006073,0.07798391580581665,-0.14622712135314941,0.48110201954841614,0.4026976525783539,0.2843153178691864,0.918165922164917,0.15714901685714722,-0.6483585834503174
0.4551758749999989,0.0034223749999999996,133.0,2.849000725459903,-0.5017553399275172,0.8228240444926614,0.0003675270478761951,4.1876457335903655e-5,0.00019384537288121465,0.0677790018675024,-0.1023339033126831,0.14612263441085815,-0.16116595268249512,0.24589142203330994,0.07873794436454773,-0.1390221118927002,0.4922458231449127,0.3948937654495239,0.2938539385795593,0.9235022068023682,0.14448557794094086,-0.6451465487480164
0.4551758749999989,0.0034223749999999996,133.0,2.81328835059241,-0.4663603882434495,0.8225038129865342,0.0005109703470105472,5.978550849525651e-5,0.000270066888373014,0.06775857200698372,-0.10443639755249023,0.1464993804693222,-0.16279751062393188,0.2417287826538086,0.08149723708629608,-0.12139701843261719,0.505524754524231,0.39469999074935913,0.3095436990261078,0.9295423030853271,0.14145715534687042,-0.6408497095108032
0.4551758749999989,0.0034223749999999996,133.0,2.77677272613362,-0.43015735575853264,0.8221738824962036,0.0006727301398066197,8.086831666873107e-5,0.00035627019743220286,0.0677384374474159,-0.10639700293540955,0.14672455191612244,-0.1644974946975708,0.23719412088394165,0.08395231515169144,-0.10358524322509766,0.5189536213874817,0.3944483697414398,0.3267230689525604,0.9350447654724121,0.13812574744224548,-0.636112630367279
0.4551758749999989,0.0034223749999999996,133.0,2.7394887053123202,-0.3931576566002322,0.8218448263046403,0.0008450202597850866,0.00010444098673557043,0.000448259257567261,0.06771949711749142,-0.10801103711128235,0.14667971432209015,-0.1662832498550415,0.23210076987743378,0.0857941135764122,-0.0856332778930664,0.5322669148445129,0.3940035402774811,0.34665122628211975,0.9390063285827637,0.13396358489990234,-0.63060462474823
0.4551758749999989,0.0034223749999999996,133.0,2.7014683543514915,-0.3553938227504348,0.8214817620125594,0.001040649494986689,0.00013261781898808272,0.0005528895902613258,0.06770271098820488,-0.1091298758983612,0.14622774720191956,-0.1682279407978058,0.2265033721923828,0.08580531179904938,-0.06827974319458008,0.5455508828163147,0.3935183882713318,0.3688742518424988,0.9408738613128662,0.13046909868717194,-0.6245328187942505
0.4551758749999989,0.0034223749999999996,133.0,2.6626562194341603,-0.31681559151558997,0.8211353448912018,0.0012264011733014103,0.0001608566000604552,0.0006522058199203064,0.0676875484123212,-0.10999703407287598,0.1455821990966797,-0.17025724053382874,0.2205260694026947,0.08474987745285034,-0.051142215728759766,0.5589852333068848,0.3932335674762726,0.39258384704589844,0.9417285919189453,0.12698805332183838,-0.6182703971862793
0.4551758749999989,0.0034223749999999996,133.0,2.6228695383579264,-0.277865784485862,0.8209176677532006,0.0013465000500319782,0.00018619403580131071,0.0007166114192838206,0.06767217543575872,-0.11168563365936279,0.14255040884017944,-0.17132553458213806,0.20542216300964355,0.09179561585187912,-0.02098369598388672,0.578603208065033,0.40420079231262207,0.4377845227718353,0.9434459209442139,0.12909136712551117,-0.6141217350959778
0.4551758749999989,0.0034223749999999996,133.0,2.5822549687231424,-0.2375843918589415,0.8205755570530409,0.0015002996209823728,0.00021367545788815654,0.0008000220508023622,0.06765335341981893,-0.11339020729064941,0.14232875406742096,-0.17316529154777527,0.1998109668493271,0.09277869760990143,-0.004171609878540039,0.5944721102714539,0.405244916677475,0.4576030373573303,0.9484081268310547,0.12767598032951355,-0.609586238861084
0.4551758749999989,0.0034223749999999996,133.0,2.5405770687668987,-0.1957374068611776,0.8198363529493692,0.0016501853105614552,0.00023969234796466217,0.0008824150294411484,0.0676224217274137,-0.11571207642555237,0.14554965496063232,-0.17677462100982666,0.20812544226646423,0.08883729577064514,-0.0043621063232421875,0.6072335243225098,0.3925666809082031,0.46313852071762085,0.9562537670135498,0.11154218763113022,-0.6052901148796082
0.4551758749999989,0.0034223749999999996,133.0,2.4993146901695877,-0.15273909985289355,0.8222019591955956,0.0017911316547945132,0.000250947956665457,0.0009648626877965388,0.06754540138902083,-0.11538806557655334,0.14312873780727386,-0.1781926453113556,0.19150331616401672,0.0848563015460968,0.018312692642211914,0.6144143342971802,0.39874765276908875,0.4727388620376587,0.9598069190979004,0.12757764756679535,-0.5948185920715332
0.4551758749999989,0.0034223749999999996,133.0,2.455793120457273,-0.10989550382863693,0.8217403380145692,0.001887141219516609,0.0002841509934046642,0.0010207351999498258,0.06750613971049005,-0.11843100190162659,0.13816127181053162,-0.1796836256980896,0.1700732260942459,0.10280926525592804,0.057559967041015625,0.6479960083961487,0.4203040599822998,0.5497816205024719,0.9626281261444092,0.1311844438314438,-0.5948845148086548
0.4551758749999989,0.0034223749999999996,133.0,2.4100915055971606,-0.06613234144197845,0.8219414501895944,0.0018586465692351573,0.0002932609023962701,0.001022309054336224,0.0674359641275646,-0.14413046836853027,0.15411649644374847,-0.17821723222732544,0.1846182644367218,0.14209915697574615,0.08302092552185059,0.680662214756012,0.4321101903915405,0.4422142505645752,1.1063330173492432,0.131455659866333,-0.6218724846839905
0.4551758749999989,0.0034223749999999996,133.0,2.3588506606039807,-0.012004067681693997,0.8186662186928051,0.0017437612891400393,6.90258671929744e-5,0.001022812148809843,0.06715411719695691,-0.21474474668502808,0.27974969148635864,-0.16703972220420837,0.4808782637119293,0.035928722470998764,0.12240028381347656,-0.040342479944229126,0.5207604765892029,-1.3134335279464722,1.8442120552062988,-0.21293967962265015,-1.0048285722732544
0.4551758749999989,0.0034223749999999996,133.0,2.3020927323059204,0.039345143917568035,0.8201103769701421,0.0001032802081790111,-8.227213953136293e-6,6.435800532999584e-5,0.06636369823955895,-0.3539449870586395,0.1709986925125122,-0.1378021538257599,0.8536043167114258,-0.5182816982269287,0.666703462600708,0.6022571921348572,0.136709064245224,-1.5320346355438232,2.2088451385498047,-0.037275224924087524,-0.9892365336418152
0.4551758749999989,0.0034223749999999996,133.0,2.3413512618553636,0.06540780045189898,0.8221975088598427,-0.001732447364971003,-0.00014244173550728736,-0.0010729969627098644,0.06581382100424875,-0.3539870083332062,0.1793825477361679,-0.09221747517585754,1.1088312864303589,-0.52345210313797,0.6405693292617798,0.4246814548969269,0.09045073390007019,-1.6320536136627197,2.1286392211914062,0.15652835369110107,-1.1990262269973755
0.4551758749999989,0.0034223749999999996,133.0,2.373642798748133,0.11649099876752185,0.8330350787186406,-0.002009782154846974,0.00013344792144023937,-0.0011937390404537567,0.06481620561804739,-0.4126380980014801,0.21139055490493774,0.004296243190765381,1.4863070249557495,-0.9174218773841858,0.6824543476104736,-0.12505918741226196,0.2378251850605011,-1.946451187133789,2.1122984886169434,0.5106842517852783,-1.7245643138885498
0.4551758749999989,0.0034223749999999996,133.0,2.4083266036725606,0.16607595150921833,0.8420626173793299,-0.0020559786786991576,0.0002880088774860816,-0.0011411205063892877,0.06421008640347334,-0.44573453068733215,0.2342900037765503,0.02933502197265625,1.5333327054977417,-1.223183512687683,0.7281055450439453,-0.26518020033836365,0.3763365149497986,-2.0735654830932617,2.105854034423828,0.47894778847694397,-1.910830020904541
0.4551758749999989,0.0034223749999999996,133.0,2.4495760092982177,0.21152194523878023,0.8449536002800536,-0.001957956054214838,0.00028970030665923316,-0.0010517301524577323,0.06408118961340227,-0.4444442093372345,0.23784738779067993,0.04076334834098816,1.588204264640808,-1.2005422115325928,0.7241470813751221,-0.23659949004650116,0.34009191393852234,-2.0852203369140625,2.047473907470703,0.5330390930175781,-1.9295952320098877
0.4551758749999989,0.0034223749999999996,133.0,2.490997954967978,0.25476142565443494,0.8465501629484181,-0.0018008700513540267,0.0002720896446589043,-0.0009477723449371774,0.06402894784506317,-0.4462296664714813,0.24084623157978058,0.0481296181678772,1.608109712600708,-1.239111304283142,0.7331297397613525,-0.23486502468585968,0.34648454189300537,-2.0894219875335693,2.0088376998901367,0.5742762088775635,-1.9560554027557373
0.4551758749999989,0.0034223749999999996,133.0,2.5319518742469356,0.2965671505483799,0.8473629453313577,-0.0016020955963843648,0.00024002283393231621,-0.0008308567663983545,0.06402769355239936,-0.4437306225299835,0.24279339611530304,0.059944748878479004,1.6545782089233398,-1.2411065101623535,0.7241029739379883,-0.23940269649028778,0.32336562871932983,-2.081332206726074,1.9429235458374023,0.6271056532859802,-1.9793756008148193
0.4551758749999989,0.0034223749999999996,133.0,2.57206329493722,0.3374554751928549,0.847579887291394,-0.0015111881010009835,0.00021909897697015173,-0.0007770925584476475,0.06402512917607554,-0.4467128813266754,0.24494875967502594,0.061215728521347046,1.6513547897338867,-1.2768501043319702,0.7457228899002075,-0.1990111768245697,0.33642685413360596,-2.0958831310272217,1.92466402053833,0.6599844694137573,-1.989551305770874
0.4551758749999989,0.0034223749999999996,133.0,2.6116029765145075,0.3775798355535165,0.8485353196980248,-0.0012980227137806477,0.0001852151500091879,-0.0006561405929869868,0.06399538304873639,-0.448008269071579,0.24680714309215546,0.06724360585212708,1.6722943782806396,-1.2979354858398438,0.755050539970398,-0.18192537128925323,0.332122802734375,-2.1014304161071777,1.8872714042663574,0.6982638239860535,-2.006338357925415
0.4551758749999989,0.0034223749999999996,133.0,2.650313796197603,0.41680501722597535,0.8495520503212581,-0.0011339950228170385,0.00015898309866077006,-0.0005632530663240923,0.0639767799315368,-0.4464249312877655,0.24809959530830383,0.0771266520023346,1.7148706912994385,-1.2910879850387573,0.7488789558410645,-0.17366965115070343,0.3053234815597534,-2.1000826358795166,1.8336896896362305,0.7476314902305603,-2.022099018096924
0.4551758749999989,0.0034223749999999996,133.0,2.687973571129616,0.4551958405086136,0.8502484833457842,-0.0009247855432406737,0.00012749201746505793,-0.00045302520512153425,0.06396352704294392,-0.4475460350513458,0.24962109327316284,0.0829552710056305,1.7343201637268066,-1.3113754987716675,0.75531005859375,-0.15629783272743225,0.3003028631210327,-2.1061275005340576,1.7966890335083008,0.7877550721168518,-2.0366880893707275
0.4551758749999989,0.0034223749999999996,133.0,2.7248185586232587,0.4927077518625042,0.8508968140269884,-0.000738043593719614,9.991465216942257e-5,-0.00035687180901598173,0.06395231732521477,-0.4485665261745453,0.25096046924591064,0.08851531147956848,1.753035545349121,-1.328700065612793,0.7606542110443115,-0.1389414221048355,0.29411715269088745,-2.110661506652832,1.7614054679870605,0.8266181945800781,-2.049360990524292
0.4551758749999989,0.0034223749999999996,133.0,2.760830386573062,0.5293595214275345,0.8515104482452909,-0.0005589235627182497,7.424264030726157e-5,-0.00026696722304761885,0.06394112913563577,-0.4495614469051361,0.2521337568759918,0.093607097864151,1.7706948518753052,-1.3423155546188354,0.7654393911361694,-0.12138871848583221,0.2867981195449829,-2.1138083934783936,1.7290129661560059,0.8628056645393372,-2.059831380844116
0.4551758749999989,0.0034223749999999996,133.0,2.7960187803798444,0.5651360895298478,0.852038196583085,-0.00038506058073334173,5.00906487578199e-5,-0.000181905357219872,0.06393167208490216,-0.45045050978660583,0.2531510591506958,0.09821727871894836,1.7871750593185425,-1.3513466119766235,0.7691903114318848,-0.10400570929050446,0.2782369554042816,-2.1147172451019287,1.6995530128479004,0.8963739275932312,-2.067858934402466
0.4551758749999989,0.0034223749999999996,133.0,2.830342221867655,0.6000676126942311,0.8525452443778663,-0.00021644321272239176,2.756690453742627e-5,-0.00010124161962258744,0.06391985290724947,-0.45137330889701843,0.25407907366752625,0.10237959027290344,1.8028346300125122,-1.3552557229995728,0.7719621658325195,-0.088168665766716,0.2684417963027954,-2.11356258392334,1.674015998840332,0.9261165261268616,-2.073805332183838
0.4551758749999989,0.0034223749999999996,133.0,2.863154429837248,0.634274024373669,0.8524335124225614,-6.457935796625914e-5,8.039373539601654e-6,-3.0155869055455798e-5,0.06391355532231748,-0.4559100568294525,0.2563992440700531,0.1019655168056488,1.7937471866607666,-1.3850507736206055,0.7987477779388428,-0.060168374329805374,0.2832975387573242,-2.1244025230407715,1.672292709350586,0.9376972913742065,-2.0798332691192627
0.4551758749999989,0.0034223749999999996,133.0,2.895111751347084,0.667711015255597,0.8527925637322625,0.00013969587886919515,-1.7269529838622788e-5,6.482244185495686e-5,0.06388702534040254,-0.4601294696331024,0.25851014256477356,0.10419586300849915,1.7978174686431885,-1.4066141843795776,0.8168495893478394,-0.05165884271264076,0.29014673829078674,-2.12929368019104,1.6650562286376953,0.9473156332969666,-2.0908684730529785
0.4551758749999989,0.0034223749999999996,133.0,2.9277807625149452,0.6980739357300683,0.8513210429225869,0.00032984126431753746,-3.9293008372891625e-5,0.00015035525093315115,0.0640455411657383,-0.4555346667766571,0.25752803683280945,0.11256900429725647,1.8225038051605225,-1.4058278799057007,0.7815467119216919,-0.07282435894012451,0.2722242474555969,-2.1041102409362793,1.6133370399475098,0.9991319179534912,-2.0975589752197266
0.4551758749999989,0.0034223749999999996,133.0,2.958139292583401,0.7298135832794109,0.8517118490653822,0.0005225018709187222,-6.168133820542842e-5,0.00023637726214743393,0.06402742479965322,-0.45960667729377747,0.25947263836860657,0.11527034640312195,1.8261057138442993,-1.435179591178894,0.8004202842712402,-0.05818421021103859,0.2801237404346466,-2.1156678199768066,1.6008927822113037,1.0191861391067505,-2.109238862991333
0.4551758749999989,0.0034223749999999996,133.0,2.988535259873792,0.760536543867097,0.8528540021916109,0.000752779138727304,-8.688480840526083e-5,0.0003349476730629058,0.06399284951478654,-0.45894262194633484,0.2597174644470215,0.12275233864784241,1.8619519472122192,-1.4168606996536255,0.790439248085022,-0.04467962682247162,0.24881857633590698,-2.1219987869262695,1.5654258728027344,1.0623645782470703,-2.1137328147888184
0.4551758749999989,0.0034223749999999996,133.0,3.018144588025508,0.7903298114443053,0.8537199979754384,0.0009183628676628897,-0.0001029608396363099,0.0004029382976649778,0.06397502312341335,-0.45811811089515686,0.2595759630203247,0.12852314114570618,1.8880488872528076,-1.4046233892440796,0.7821056842803955,-0.024271223694086075,0.22279033064842224,-2.126910924911499,1.5322222709655762,1.1070094108581543,-2.113826036453247
0.4551758749999989,0.0034223749999999996,133.0,3.04682770276772,0.8193340362751887,0.8550140384814442,0.0011308901619163422,-0.00012671572294908578,0.00048798532758371793,0.06394353935362282,-0.4575606882572174,0.2595779597759247,0.13671019673347473,1.9215977191925049,-1.3947868347167969,0.7649762630462646,-0.03288712352514267,0.1985192596912384,-2.1229805946350098,1.497959852218628,1.143781065940857,-2.1229593753814697
0.4551758749999989,0.0034223749999999996,133.0,3.074113245075212,0.8475645559182271,0.8553146152984499,0.0012937942102593746,-0.0001433904806992565,0.0005545007688523424,0.06393976710385987,-0.46008560061454773,0.2605612576007843,0.13841667771339417,1.9190665483474731,-1.4235947132110596,0.7782409191131592,-0.013918852433562279,0.20579388737678528,-2.1329894065856934,1.4826905727386475,1.1724271774291992,-2.127931833267212
0.4551758749999989,0.0034223749999999996,133.0,3.1009649349358352,0.874848812896055,0.8560545688593462,0.0014771110268383756,-0.00016190646601007216,0.000625907824622397,0.06392546229770354,-0.45998892188072205,0.26031529903411865,0.14304223656654358,1.9340910911560059,-1.4245948791503906,0.7707933187484741,-0.004159878008067608,0.19095632433891296,-2.139195680618286,1.4553282260894775,1.2122032642364502,-2.12817645072937
0.4551758749999989,0.0034223749999999996,133.0,3.1273129220794518,0.9011323897600763,0.8564672235977576,0.0016961329372882031,-0.00017964530419340832,0.0007122628021596467,0.06392539566220522,-0.45776036381721497,0.2590525448322296,0.14718815684318542,1.9484403133392334,-1.4134949445724487,0.7571860551834106,0.015575635246932507,0.1667037308216095,-2.1499884128570557,1.4215848445892334,1.2659902572631836,-2.1183712482452393
0.4551758749999989,0.0034223749999999996,133.0,3.152580674194211,0.9267004252530194,0.8570596561729722,0.0019194007687216342,-0.00020159968387672012,0.0007988134787311455,0.06391201842943423,-0.4553395211696625,0.25778332352638245,0.15352293848991394,1.9671366214752197,-1.4039074182510376,0.7329405546188354,0.0050650471821427345,0.1452237367630005,-2.155836343765259,1.387084722518921,1.316714882850647,-2.115537166595459
0.4551758749999989,0.0034223749999999996,133.0,3.1766806316661937,0.9514890623146695,0.8574447009398453,0.0021670220854942144,-0.00022614094259902433,0.000895408225303339,0.06390395587167096,-0.45346054434776306,0.2560833692550659,0.1580761969089508,1.9714716672897339,-1.4123233556747437,0.716973066329956,-0.00027608685195446014,0.1349109709262848,-2.1689834594726562,1.352480173110962,1.3731122016906738,-2.1096725463867188
0.4551758749999989,0.0034223749999999996,133.0,3.2000058897057673,0.9753870341876519,0.8576150094845629,0.002350087023811703,-0.0002431497875500379,0.0009663634257307844,0.06390606284660248,-0.4311620891094208,0.24166236817836761,0.16666296124458313,1.9684386253356934,-1.3422585725784302,0.6228277683258057,-0.07902805507183075,0.08704215288162231,-2.092024564743042,1.241851806640625,1.47182035446167,-2.0580384731292725
0.4551758749999989,0.0034223749999999996,133.0,3.2225673050392434,0.9983794859525187,0.8577205202717334,0.002582648166380342,-0.00026355180708585236,0.0010569045247329732,0.06391341604897219,-0.40798303484916687,0.22708450257778168,0.17355945706367493,1.9624570608139038,-1.2531627416610718,0.528581976890564,-0.13746769726276398,0.02983686327934265,-2.023808002471924,1.134509801864624,1.5671813488006592,-1.9941847324371338
0.4551758749999989,0.0034223749999999996,133.0,3.2448115953787005,1.020338335185895,0.8582547459884061,0.002820242400231856,-0.0002866705361660335,0.0011432410528422294,0.06391965633203713,-0.3808263838291168,0.21035130321979523,0.18033471703529358,1.9456002712249756,-1.1460072994232178,0.4204216003417969,-0.21680015325546265,-0.027784764766693115,-1.9328105449676514,1.0172398090362549,1.6497392654418945,-1.9188141822814941
0.4551758749999989,0.0034223749999999996,133.0,3.2660854229179965,1.041501707029855,0.8584805513918728,0.003069358038433792,-0.0003097604388546933,0.0012361894815714636,0.06393268928676353,-0.3557663857936859,0.19481998682022095,0.18628761172294617,1.9236583709716797,-1.0476202964782715,0.31948089599609375,-0.2927156686782837,-0.07747060060501099,-1.849119782447815,0.9092466831207275,1.7157950401306152,-1.8463802337646484
0.4551758749999989,0.0034223749999999996,133.0,3.287170769775586,1.0616240709644562,0.8597474707870485,0.0033264425588118377,-0.000343761059882449,0.0013169874056220114,0.06392509425667879,-0.32955893874168396,0.18018537759780884,0.1931663453578949,1.9026496410369873,-0.9232474565505981,0.21120190620422363,-0.37553784251213074,-0.13369083404541016,-1.7491393089294434,0.7984371185302734,1.7432721853256226,-1.7680320739746094
0.4551758749999989,0.0034223749999999996,133.0,3.307198351653777,1.081004807000623,0.8606514155435041,0.0035206625516047895,-0.00037356763757829425,0.001386397990265352,0.06393680667610473,-0.2780221998691559,0.1619722545146942,0.21009930968284607,1.826165795326233,0.04399022087454796,-0.3103179931640625,-0.7302360534667969,-0.33866775035858154,-2.2206525802612305,1.0756044387817383,1.304894208908081,-1.4800370931625366
0.4551758749999989,0.0034223749999999996,133.0,3.3266417843130363,1.0994239901896479,0.8616858601002694,0.0037423482874736685,-0.0004073155344541551,0.0014616075805677694,0.06394516867323964,-0.2564869225025177,0.15103179216384888,0.21116551756858826,1.7870843410491943,0.09745215624570847,-0.378446102142334,-0.775452733039856,-0.36125868558883667,-2.1306862831115723,0.9725897312164307,1.2906920909881592,-1.4179365634918213
0.4551758749999989,0.0034223749999999996,133.0,3.3447538436006177,1.1170035047355904,0.8618448724234218,0.003927019794848251,-0.00044528580483699367,0.0015328163144271605,0.06399055384580687,-0.2444562017917633,0.14612703025341034,0.2137475311756134,1.772438645362854,0.11519844830036163,-0.4169273376464844,-0.8169341087341309,-0.37325114011764526,-2.0741970539093018,0.9029960632324219,1.2641922235488892,-1.390932321548462
0.4551758749999989,0.0034223749999999996,133.0,3.3626162100734382,1.133683466731675,0.8624738216593676,0.004149226737953001,-0.0004766052654666188,0.001611255043222755,0.06401414793373641,-0.23262295126914978,0.14202281832695007,0.2159821093082428,1.7547078132629395,0.1559111624956131,-0.45795202255249023,-0.8361762762069702,-0.388288676738739,-2.025078058242798,0.8399608135223389,1.236222743988037,-1.3579061031341553
0.4551758749999989,0.0034223749999999996,133.0,3.37944375976759,1.149491091072875,0.8629937978972678,0.004342195501444593,-0.0005128428906495879,0.0016787083013856364,0.06404738308900276,-0.22341957688331604,0.13849154114723206,0.21759507060050964,1.7409063577651978,0.17712973058223724,-0.48673439025878906,-0.858111560344696,-0.3968368172645569,-1.9860156774520874,0.7888679504394531,1.2128236293792725,-1.3353607654571533
0.4551758749999989,0.0034223749999999996,133.0,3.395506036687624,1.1643809762361423,0.8632857985899781,0.004533927770713464,-0.0005455145559234082,0.0017448326364836125,0.06408504854638612,-0.2144606113433838,0.1338701844215393,0.21743223071098328,1.7196545600891113,0.1938529908657074,-0.5117361545562744,-0.8742029666900635,-0.39976024627685547,-1.948891043663025,0.7483906745910645,1.2011933326721191,-1.3111066818237305
0.4551758749999989,0.0034223749999999996,133.0,3.410992855767054,1.1784089574987142,0.8638876810782807,0.004678838631433939,-0.0005835373508282748,0.0018002045983263125,0.06412406144951757,-0.20989221334457397,0.13148467242717743,0.21701166033744812,1.711032748222351,0.2001771181821823,-0.523036003112793,-0.8841767311096191,-0.39965271949768066,-1.939100742340088,0.7294187545776367,1.202016830444336,-1.3026297092437744
0.4551758749999989,0.0034223749999999996,133.0,3.425222229493986,1.1917216344769417,0.8643659107740291,0.004815807966425253,-0.0006101652852823298,0.0018334989302241473,0.06416072986085844,-0.2051190435886383,0.13109877705574036,0.21959856152534485,1.710224986076355,0.21303194761276245,-0.5416994094848633,-0.8945985436439514,-0.4059562087059021,-1.9142661094665527,0.6938440799713135,1.1734156608581543,-1.2953393459320068
0.4551758749999989,0.0034223749999999996,133.0,3.4390790315495594,1.2042494378961435,0.8654066728839424,0.004961973526957216,-0.0006425212138780979,0.001874926256299075,0.0641789924982489,-0.20300936698913574,0.12999974191188812,0.21845701336860657,1.7045682668685913,0.22245030105113983,-0.547250509262085,-0.8930284380912781,-0.40296268463134766,-1.9279627799987793,0.6933972835540771,1.1868205070495605,-1.292842984199524
0.4551758749999989,0.0034223749999999996,133.0,3.4525054286818975,1.2156669247278211,0.865875191764102,0.005116358908646396,-0.0006603782010289704,0.0019208721378213799,0.06420926308472594,-0.201287180185318,0.13059991598129272,0.22064778208732605,1.7076771259307861,0.23640574514865875,-0.5586323738098145,-0.894381046295166,-0.407681405544281,-1.9261804819107056,0.6783254146575928,1.1785972118377686,-1.291210412979126
0.4551758749999989,0.0034223749999999996,133.0,3.4649592132712956,1.226505582334318,0.8667069752539767,0.005276611816328047,-0.0006807610010051658,0.001966990233489266,0.0642212906990747,-0.2005147933959961,0.1334741711616516,0.22355154156684875,1.7145111560821533,0.25763848423957825,-0.5703229904174805,-0.8901857137680054,-0.41366469860076904,-1.9271563291549683,0.6657886505126953,1.157261848449707,-1.2919964790344238
0.4551758749999989,0.0034223749999999996,133.0,3.476542801789014,1.2366455646721375,0.867536084034234,0.005432727169195527,-0.0006953525982868366,0.0020103061977967862,0.06423008359597977,-0.20021769404411316,0.13906165957450867,0.23145106434822083,1.7365397214889526,0.27902379631996155,-0.5880656242370605,-0.8969752192497253,-0.4298037886619568,-1.9102853536605835,0.6259980201721191,1.0962319374084473,-1.297467589378357
0.4551758749999989,0.0034223749999999996,133.0,3.4870386200097245,1.2459563893310628,0.8680916082889809,0.0056130089223134436,-0.000705085065649103,0.002059829656300579,0.06424683268981765,-0.19960874319076538,0.1407238245010376,0.23341110348701477,1.739650845527649,0.29511529207229614,-0.5963156223297119,-0.8935047388076782,-0.43361908197402954,-1.9120547771453857,0.6170814037322998,1.0849369764328003,-1.2967445850372314
0.4551758749999989,0.0034223749999999996,133.0,3.4959028416574647,1.2566788747674906,0.8710849814483227,0.005865868061977615,-0.0007520394136288824,0.0021505972205813134,0.0640658183225376,-0.2016543745994568,0.14446793496608734,0.22964957356452942,1.7346315383911133,0.31798988580703735,-0.590207576751709,-0.8690901398658752,-0.42331743240356445,-1.9491215944290161,0.6535606384277344,1.0922811031341553,-1.3023103475570679
0.4551758749999989,0.0034223749999999996,133.0,3.504928740401327,1.2643524463869313,0.8719678744939339,0.006138819844731608,-0.0007892868581643392,0.002241231629661232,0.06406596627146109,-0.20186975598335266,0.14724615216255188,0.23094406723976135,1.7377402782440186,0.3363867700099945,-0.5956354141235352,-0.8616724014282227,-0.42609846591949463,-1.9522584676742554,0.6515474319458008,1.0769877433776855,-1.3026201725006104
0.4551758749999989,0.0034223749999999996,133.0,3.5126511124748014,1.2712991293653662,0.8723294766916595,0.0065574181078680085,-0.0008314170762582567,0.0023760149041780476,0.0640786685000932,-0.20165547728538513,0.15001648664474487,0.23455968499183655,1.7462313175201416,0.35019972920417786,-0.6046903133392334,-0.864449679851532,-0.4332566261291504,-1.9434958696365356,0.6317145824432373,1.0473679304122925,-1.30376136302948
0.4551758749999989,0.0034223749999999996,133.0,3.5196503044864067,1.2774279093236278,0.8728150167571899,0.00725721402965289,-0.0009104536443359074,0.00260748803866511,0.06408167073675804,-0.2015913724899292,0.15256626904010773,0.23738142848014832,1.7525451183319092,0.3623245358467102,-0.6119954586029053,-0.8675829172134399,-0.43799227476119995,-1.935904622077942,0.6159303188323975,1.0210237503051758,-1.305171012878418
0.4551758749999989,0.0034223749999999996,133.0,3.5258122842958364,1.2827715705785456,0.8731002164417657,0.008832433044595862,-0.0011176987037449918,0.0031601774459118154,0.06409376571307208,-0.20136645436286926,0.15472768247127533,0.24020788073539734,1.7576934099197388,0.37163740396499634,-0.6200282573699951,-0.8784956336021423,-0.440673828125,-1.9224579334259033,0.5964818000793457,0.9926851987838745,-1.3074134588241577
0.4551758749999989,0.0034223749999999996,133.0,3.5311286236711488,1.2878601313094795,0.8736933067809488,0.0164405554169016,-0.002158422290257684,0.00569817007850779,0.06406480839952715,-0.20147141814231873,0.1542869657278061,0.24405613541603088,1.7582917213439941,0.3807263672351837,-0.633622407913208,-0.9338387846946716,-0.43444108963012695,-1.882334589958191,0.5580382347106934,0.9598233103752136,-1.313685655593872
0.4551758749999989,0.0034223749999999996,133.0,3.548069937372091,-1.2217835624707092,0.8152803099420982,-0.013864705191003131,-0.0009886075432812167,-0.006918708475950899,0.06818301387996373,-0.018663763999938965,0.15843303501605988,-0.15497618913650513,0.8666161894798279,0.3073265850543976,-1.0796945095062256,0.5051713585853577,0.17410951852798462,-0.30913302302360535,0.5200269222259521,0.3224039673805237,-1.0419249534606934
0.4551758749999989,0.0034223749999999996,133.0,3.543344889863012,-1.2164788861154874,0.8158828083765335,-0.007487891758817212,-0.0004628714756042185,-0.0037463102917836585,0.06813493707622471,-0.0197904109954834,0.16255678236484528,-0.15377023816108704,0.8702656030654907,0.28550949692726135,-1.076758861541748,0.5064713358879089,0.16906055808067322,-0.3143715262413025,0.5464837551116943,0.28741395473480225,-1.039924144744873
0.4551758749999989,0.0034223749999999996,133.0,3.537701791174142,-1.210944762056576,0.8158217720823787,-0.006152650146814205,-0.0003841432931545855,-0.0030787011385377257,0.06811329876507133,-0.021273285150527954,0.16301701962947845,-0.15564289689064026,0.8677636981010437,0.28940626978874207,-1.0686619281768799,0.5247958898544312,0.16848570108413696,-0.3042101562023163,0.5519068241119385,0.26046690344810486,-1.0367507934570312
0.4551758749999989,0.0034223749999999996,133.0,3.5314130048521553,-1.2049342005865227,0.8158080883683355,-0.005563362652536007,-0.0003534114207907092,-0.0027856789849860465,0.06810534346182341,-0.022891640663146973,0.1641589254140854,-0.1567513644695282,0.8677599430084229,0.2893930971622467,-1.0623321533203125,0.5338984131813049,0.16706600785255432,-0.2964024841785431,0.5539112091064453,0.23811954259872437,-1.035194754600525
0.4551758749999989,0.0034223749999999996,133.0,3.5239443471002163,-1.1978151556801058,0.815757678598394,-0.005223347571589321,-0.0003359270825726362,-0.002614197370621105,0.06808850249873812,-0.02470073103904724,0.16384869813919067,-0.1596587896347046,0.8633396029472351,0.295536071062088,-1.0527751445770264,0.558940052986145,0.16781413555145264,-0.28000408411026,0.5563163757324219,0.20934806764125824,-1.0314972400665283
0.4551758749999989,0.0034223749999999996,133.0,3.5152023395506307,-1.191828387911707,0.8131618073314293,-0.004980817680735503,-0.00038497670726535623,-0.002490340977677081,0.06815462348463101,-0.025158405303955078,0.16299070417881012,-0.1617867648601532,0.8581030964851379,0.29557186365127563,-1.0476202964782715,0.578843891620636,0.1687486171722412,-0.2598375380039215,0.5547537803649902,0.18510866165161133,-1.0271867513656616
0.4551758749999989,0.0034223749999999996,133.0,3.5061424331730673,-1.1834168131332974,0.8131908869449321,-0.0047839278215058316,-0.00037796658347109493,-0.0023931528018201775,0.06814255957773571,-0.027589410543441772,0.1626596301794052,-0.1652023196220398,0.8522228598594666,0.3014225959777832,-1.036245346069336,0.6087719202041626,0.16985416412353516,-0.23835308849811554,0.5572378635406494,0.148941308259964,-1.0223703384399414
0.4551758749999989,0.0034223749999999996,133.0,3.496352664549346,-1.1739906736484358,0.8131076952550353,-0.004636878930763661,-0.0003681713099529281,-0.002317627668983702,0.06813179120086076,-0.02910637855529785,0.16277766227722168,-0.16749688982963562,0.848497211933136,0.3008391261100769,-1.028200387954712,0.6271883845329285,0.1702418327331543,-0.2213955521583557,0.5567665100097656,0.1217876449227333,-1.01895272731781
0.4551758749999989,0.0034223749999999996,133.0,3.4857631619904312,-1.1639278988681192,0.8130033903004777,-0.004504267841657185,-0.0003773305261428596,-0.0022494957364169493,0.06811897331132204,-0.03121975064277649,0.16235092282295227,-0.17084908485412598,0.8413172364234924,0.3027416169643402,-1.017293930053711,0.6567766070365906,0.171695739030838,-0.195347398519516,0.5569610595703125,0.08404762297868729,-1.0131664276123047
0.4551758749999989,0.0034223749999999996,133.0,3.4742957010514384,-1.1530944517895405,0.813126754090985,-0.004370975560001014,-0.00037611339806508466,-0.002183692279697955,0.06810875285406358,-0.03357475996017456,0.16174544394016266,-0.1744004786014557,0.8330796957015991,0.3044569194316864,-1.0054166316986084,0.6887067556381226,0.17363357543945312,-0.1681545525789261,0.557781457901001,0.045199863612651825,-1.006811261177063
0.4551758749999989,0.0034223749999999996,133.0,3.462136228516004,-1.1412710299632947,0.8131664685922688,-0.004247754585248481,-0.00036889809892436755,-0.0021220195265568573,0.06810229942594831,-0.034506380558013916,0.16120770573616028,-0.17704060673713684,0.8248619437217712,0.29845502972602844,-0.997051477432251,0.7109577059745789,0.1759040653705597,-0.14308111369609833,0.554570198059082,0.01322224922478199,-1.0007824897766113
0.4551758749999989,0.0034223749999999996,133.0,3.449349596402868,-1.1287387338295318,0.8129658006552604,-0.0041223804318118,-0.00036911672274425367,-0.0020557271001521585,0.06809964216871471,-0.03501981496810913,0.16060331463813782,-0.17937317490577698,0.8174137473106384,0.29457560181617737,-0.9905273914337158,0.7312575578689575,0.17711928486824036,-0.11767478287220001,0.5494918823242188,-0.013772835955023766,-0.9944759607315063
0.4551758749999989,0.0034223749999999996,133.0,3.435790584421314,-1.1151591675144035,0.8128830902784608,-0.004012664866253125,-0.0003531064821456727,-0.002002824161746998,0.0681047624760992,-0.03431105613708496,0.16070231795310974,-0.1804877519607544,0.8102330565452576,0.28384581208229065,-0.9862430095672607,0.7392796874046326,0.17831844091415405,-0.09600340574979782,0.5400516986846924,-0.03749151527881622,-0.9883570671081543
0.4551758749999989,0.0034223749999999996,133.0,3.4214049169974126,-1.1007318837191145,0.8127638551323505,-0.0038730754210939346,-0.00033357749243594477,-0.0019364758102803246,0.06811171998838184,-0.032247841358184814,0.1591932624578476,-0.18212535977363586,0.7966141104698181,0.27075934410095215,-0.9840340614318848,0.753197968006134,0.18278419971466064,-0.06706168502569199,0.5279953479766846,-0.062117815017700195,-0.9791463017463684
0.4551758749999989,0.0034223749999999996,133.0,3.4059034721375157,-1.085415536562286,0.8127289060795156,-0.0036967843672065467,-0.0003182223434593686,-0.0018546560096170644,0.06810631076491977,-0.03190317749977112,0.15728384256362915,-0.18558424711227417,0.7749135494232178,0.26335975527763367,-0.9676151275634766,0.783771276473999,0.1900639533996582,-0.04003124684095383,0.5229494571685791,-0.09313631057739258,-0.9647765159606934
0.4551758749999989,0.0034223749999999996,133.0,3.3895337709415774,-1.0691650684215679,0.8127010190903092,-0.003532997274767535,-0.00029912591602519425,-0.0017768977192686396,0.0681007141984188,-0.03063070774078369,0.15568804740905762,-0.18870262801647186,0.7432407140731812,0.24795731902122498,-0.9417436122894287,0.8103705644607544,0.20035874843597412,-0.02262280508875847,0.5177862644195557,-0.1169162467122078,-0.9435036182403564
0.4551758749999989,0.0034223749999999996,133.0,3.372276656352741,-1.0522277662935362,0.8128429937559418,-0.0033459256187351304,-0.0002818395452497025,-0.001689718373255283,0.06809206207252302,-0.030063539743423462,0.15267986059188843,-0.1922544538974762,0.704765796661377,0.22905924916267395,-0.91426682472229,0.8463559746742249,0.2128911018371582,0.00849069468677044,0.5125081539154053,-0.1451733261346817,-0.9177095890045166
0.4551758749999989,0.0034223749999999996,133.0,3.354333457080815,-1.034297907523413,0.8128710051277124,-0.003167210122640453,-0.00025786866976366534,-0.0016089443415869165,0.06809299041059674,-0.028269797563552856,0.1485559493303299,-0.19435656070709229,0.6547958254814148,0.2015712559223175,-0.8820018768310547,0.8771357536315918,0.22840392589569092,0.03159738704562187,0.5066275596618652,-0.14923425018787384,-0.8835163712501526
0.4551758749999989,0.0034223749999999996,133.0,3.3350806276722835,-1.015257087788603,0.8129974220282601,-0.002985333064760545,-0.00023410127747094988,-0.0015213310739329831,0.06807076808731657,-0.028663843870162964,0.14534497261047363,-0.19516721367835999,0.6084756851196289,0.17627695202827454,-0.8490025997161865,0.9040037989616394,0.2403269112110138,0.06940450519323349,0.4997076988220215,-0.16088944673538208,-0.8492750525474548
0.4551758749999989,0.0034223749999999996,133.0,3.3152928458935156,-0.9957666913099561,0.8130654634729872,-0.002821122252802266,-0.00022098337087276843,-0.0014436627368280457,0.06805586723215158,-0.0292852520942688,0.14096930623054504,-0.19348637759685516,0.5453141927719116,0.13578739762306213,-0.7988777160644531,0.9250191450119019,0.2574177086353302,0.09851272404193878,0.4978775978088379,-0.1374828815460205,-0.8035298585891724
0.4551758749999989,0.0034223749999999996,133.0,3.2947161021482407,-0.9752962410083601,0.8130523621998108,-0.0026059128060344086,-0.00019966090952578986,-0.001340386068528864,0.06804325010220702,-0.030142098665237427,0.13583628833293915,-0.1883193552494049,0.47777998447418213,0.08968429267406464,-0.7414860725402832,0.9325811862945557,0.27599993348121643,0.12541359663009644,0.49992799758911133,-0.08394414931535721,-0.7549756765365601
0.4551758749999989,0.0034223749999999996,133.0,3.273383523710546,-0.954985267674713,0.813388456027267,-0.002392315314480051,-0.00019346548716512972,-0.0012353124313542179,0.0680286187236619,-0.08008438348770142,0.1793399304151535,-0.16138964891433716,0.5736757516860962,0.09714876115322113,-0.7881152629852295,0.43823206424713135,0.4360044002532959,-0.19220227003097534,0.7520382404327393,-0.04012266546487808,-1.0134607553482056
0.4551758749999989,0.0034223749999999996,133.0,3.251247981980743,-0.9329365703463234,0.8132164686494077,-0.0021905880288562714,-0.00017714894661925525,-0.0011344061578740065,0.06801571249498488,-0.08497264981269836,0.17157235741615295,-0.15597566962242126,0.5013055205345154,0.08107922226190567,-0.7155539989471436,0.45917224884033203,0.44066542387008667,-0.14039459824562073,0.8098220825195312,0.04488091170787811,-0.9458791017532349
0.4551758749999989,0.0034223749999999996,133.0,3.2281124326393402,-0.9098806036880377,0.8129177466064407,-0.0019908341501341945,-0.00016311689195320023,-0.0010313938741336054,0.06799463712150249,-0.09012511372566223,0.16546104848384857,-0.14980891346931458,0.4367218017578125,0.06548143178224564,-0.6216871738433838,0.4641943573951721,0.4433962106704712,-0.0896478071808815,0.861710786819458,0.11823726445436478,-0.8841620683670044
0.4551758749999989,0.0034223749999999996,133.0,3.2040985065355,-0.8856660054909052,0.81235517563827,-0.0018307997181748541,-0.00015238154407739955,-0.0009484449133628063,0.06797422178424435,-0.09573528170585632,0.16195715963840485,-0.1439305543899536,0.379794716835022,0.051928021013736725,-0.4948155879974365,0.44184765219688416,0.4415663480758667,-0.06498128920793533,0.9133317470550537,0.18766453862190247,-0.8256278038024902
0.4551758749999989,0.0034223749999999996,133.0,3.1794635350296305,-0.8609081764963319,0.8120352856104762,-0.001633583760762512,-0.00013552406818007802,-0.0008484545411744561,0.06796503772026222,-0.09759998321533203,0.15908145904541016,-0.1414390206336975,0.34189581871032715,0.04227028042078018,-0.40265345573425293,0.41848379373550415,0.43714243173599243,-0.05326175317168236,0.9398980140686035,0.23754337430000305,-0.7834449410438538
0.4551758749999989,0.0034223749999999996,133.0,3.1539253247316155,-0.8356148001453017,0.8119394908406262,-0.0014511192078324716,-0.00012512042420745215,-0.0007555993002305038,0.06795065161308196,-0.09843230247497559,0.15543204545974731,-0.14119377732276917,0.31404703855514526,0.044216807931661606,-0.33123111724853516,0.4087600111961365,0.43447673320770264,-0.017127763479948044,0.9490272998809814,0.2475944459438324,-0.7529773712158203
0.4551758749999989,0.0034223749999999996,133.0,3.127649916930948,-0.8097593166294412,0.8118375351815237,-0.0012712171412131992,-0.00011309760805706884,-0.0006621978941857198,0.0679400448083609,-0.09655088186264038,0.15102149546146393,-0.14306634664535522,0.29534512758255005,0.050927720963954926,-0.3025369644165039,0.41362884640693665,0.4298267960548401,0.047611359506845474,0.935744047164917,0.22942611575126648,-0.729512095451355
0.4551758749999989,0.0034223749999999996,133.0,3.10059096491948,-0.7828224165013529,0.8115634666910517,-0.0011221829779878459,-0.00010245535853525432,-0.0005844689518054956,0.06792974263532621,-0.09478792548179626,0.1486773043870926,-0.14569106698036194,0.2851985991001129,0.05492167919874191,-0.28169846534729004,0.4167260229587555,0.4216078221797943,0.0971485897898674,0.9216792583465576,0.20850761234760284,-0.7110543251037598
0.4551758749999989,0.0034223749999999996,133.0,3.0728593676616094,-0.7551331144662472,0.8112813136908498,-0.0009891842926904914,-9.158856140598484e-5,-0.0005153865397709015,0.0679261113393238,-0.09264945983886719,0.1465267539024353,-0.1481967568397522,0.27653810381889343,0.054342806339263916,-0.2675819396972656,0.41880613565444946,0.4139363765716553,0.1312357634305954,0.9088482856750488,0.20133762061595917,-0.6946433186531067
0.4551758749999989,0.0034223749999999996,133.0,3.0440216290212048,-0.7266084136186495,0.8109917822903855,-0.0008169364321396862,-7.772352057141787e-5,-0.0004246062642792957,0.06791341611463793,-0.09263220429420471,0.14465273916721344,-0.14995944499969482,0.2687780261039734,0.05991977080702782,-0.24465274810791016,0.4259394705295563,0.41115036606788635,0.1767149716615677,0.9010069370269775,0.18158511817455292,-0.6840405464172363
0.4551758749999989,0.0034223749999999996,133.0,3.0143635408641916,-0.6973533876218448,0.8108138505580701,-0.0006859271549029173,-6.761653478119431e-5,-0.00035627697365530204,0.06790069645933565,-0.09312522411346436,0.14280752837657928,-0.150877445936203,0.25960981845855713,0.0641111508011818,-0.22019648551940918,0.43613260984420776,0.4128081798553467,0.21250993013381958,0.8975074291229248,0.17250260710716248,-0.6765082478523254
0.4551758749999989,0.0034223749999999996,133.0,2.983807229403551,-0.6670136985207765,0.8105518876172912,-0.000514893841945435,-5.2191068153837156e-5,-0.00026775518702893303,0.06788513172168378,-0.09411078691482544,0.14264141023159027,-0.15224400162696838,0.25543442368507385,0.06608571112155914,-0.2031412124633789,0.4455864727497101,0.4112420678138733,0.23246535658836365,0.8975749015808105,0.16676661372184753,-0.670789361000061
0.4551758749999989,0.0034223749999999996,133.0,2.9524575471525103,-0.635488126038295,0.8101246587509039,-0.00032344241259251133,-3.2603156874683185e-5,-0.00016845886605621618,0.06787248937292266,-0.09490621089935303,0.14462792873382568,-0.15466216206550598,0.25938671827316284,0.06328316032886505,-0.20289111137390137,0.4504036009311676,0.4016411304473877,0.2317386120557785,0.8996026515960693,0.16479326784610748,-0.6651832461357117
0.4551758749999989,0.0034223749999999996,133.0,2.9201901620336512,-0.60322708504221,0.809769980872934,-0.0001511615088497553,-1.548205971747323e-5,-7.896932767604379e-5,0.06785494497026362,-0.0963415801525116,0.14607824385166168,-0.15661197900772095,0.2603083848953247,0.06420547515153885,-0.1949326992034912,0.45814892649650574,0.3955826759338379,0.23808373510837555,0.903367280960083,0.1601637750864029,-0.6600937843322754
0.4551758749999989,0.0034223749999999996,133.0,2.887109147320521,-0.5707836024719724,0.8096827777305781,1.6756918284441126e-5,1.79488327561344e-6,8.792998223851468e-6,0.067839349311602,-0.09780532121658325,0.14394937455654144,-0.15710681676864624,0.24811895191669464,0.07115937769412994,-0.17023110389709473,0.47006627917289734,0.40134739875793457,0.2617896497249603,0.9072170257568359,0.16641098260879517,-0.6536973714828491
0.4551758749999989,0.0034223749999999996,133.0,2.8531456678964573,-0.537081308916389,0.8093837551091623,0.00018511712605748308,2.0364139701972935e-5,9.728841287912722e-5,0.06782123680444568,-0.09948709607124329,0.14412884414196014,-0.15869590640068054,0.2440665364265442,0.07400493323802948,-0.1530134677886963,0.4821168780326843,0.4004318118095398,0.2791721522808075,0.9108052253723145,0.16192865371704102,-0.6487725973129272
0.4551758749999989,0.0034223749999999996,133.0,2.8182121763869086,-0.5021253166824658,0.8088253304304753,0.0003676003457707981,4.1084958451452395e-5,0.00019336912640003298,0.06779806964271586,-0.10187375545501709,0.14658169448375702,-0.16143837571144104,0.24870437383651733,0.0746866837143898,-0.14593267440795898,0.4932224452495575,0.3926963806152344,0.28807374835014343,0.9164941310882568,0.14941757917404175,-0.6457465291023254
0.4551758749999989,0.0034223749999999996,133.0,2.7825039049711178,-0.46672997395063004,0.8085092263448062,0.0005110740843169701,5.8648636101062765e-5,0.00026940360128226815,0.06777797487393983,-0.10402697324752808,0.14699828624725342,-0.16308239102363586,0.2446574866771698,0.07738624513149261,-0.12842726707458496,0.5065040588378906,0.39257946610450745,0.30320537090301514,0.9229090213775635,0.14674659073352814,-0.641643762588501
0.4551758749999989,0.0034223749999999996,133.0,2.745991945998686,-0.43052626628614576,0.8081836517431157,0.000672869023980513,7.932404336234867e-5,0.00035539640175065364,0.06775817177196089,-0.10603785514831543,0.14725902676582336,-0.16479268670082092,0.24022433161735535,0.07978505641222,-0.11069679260253906,0.5199356079101562,0.39240536093711853,0.3198794424533844,0.9287862777709961,0.1437443345785141,-0.6370871067047119
0.4551758749999989,0.0034223749999999996,133.0,2.7087104637240427,-0.3935253848305135,0.8078592776193152,0.0008451966027759753,0.00010244327972999517,0.0004471645699170873,0.06773954348712673,-0.10770076513290405,0.14724569022655487,-0.1665858030319214,0.23521339893341064,0.08157764375209808,-0.0927891731262207,0.5332538485527039,0.3920409381389618,0.33935973048210144,0.933121919631958,0.1398870199918747,-0.6317435503005981
0.4551758749999989,0.0034223749999999996,133.0,2.6706909163796406,-0.3557594975464554,0.8075015537709345,0.0010408670247864214,0.00013009216667348721,0.0005515524465340631,0.06772303888454038,-0.10886994004249573,0.14682072401046753,-0.16853517293930054,0.22967080771923065,0.08155051618814468,-0.07543730735778809,0.546562910079956,0.3916392922401428,0.36121779680252075,0.9353537559509277,0.13666868209838867,-0.625811755657196
0.4551758749999989,0.0034223749999999996,133.0,2.6318788359274934,-0.31717891818909577,0.8071608891519578,0.0012266587121291953,0.00015780482298150426,0.0006506433273568839,0.06770813104178722,-0.10978376865386963,0.14619708061218262,-0.17056763172149658,0.22373199462890625,0.08046576380729675,-0.058275461196899414,0.5600316524505615,0.3914363384246826,0.3846339285373688,0.9365448951721191,0.13344110548496246,-0.6196709871292114
0.4551758749999989,0.0034223749999999996,133.0,2.5920943709926028,-0.2782231377109171,0.8069447507063501,0.001346784650115136,0.00018271647691000428,0.0007149315144251051,0.0676931238820289,-0.11151275038719177,0.14315937459468842,-0.1716502606868744,0.20864322781562805,0.087501659989357,-0.028075695037841797,0.5798125863075256,0.40246760845184326,0.42975953221321106,0.9385838508605957,0.13608592748641968,-0.6156039834022522
0.4551758749999989,0.0034223749999999996,133.0,2.5514835134557647,-0.23794054455510888,0.8066073969380794,0.0015006290415345471,0.0002096919406761067,0.0007981471602840433,0.0676746457665002,-0.11324217915534973,0.1429482251405716,-0.17349472641944885,0.2030932456254959,0.08847086876630783,-0.011245250701904297,0.595674991607666,0.40356186032295227,0.44936853647232056,0.943763017654419,0.13488730788230896,-0.6111804246902466
0.4551758749999989,0.0034223749999999996,133.0,2.5098133459234644,-0.19609872561556757,0.8058796926374407,0.0016505764813497267,0.0002351630350013524,0.000880306081547347,0.06764417938646401,-0.1155642569065094,0.14620095491409302,-0.17711424827575684,0.21150237321853638,0.08452523499727249,-0.011421442031860352,0.6081534624099731,0.39085307717323303,0.45469212532043457,0.9515821933746338,0.11835499852895737,-0.606945276260376
0.4551758749999989,0.0034223749999999996,133.0,2.4685443878505593,-0.15309270240049838,0.8082481407626358,0.0017915679689971408,0.0002460270321134928,0.0009625528872429037,0.06756685387611615,-0.1152714192867279,0.1437738835811615,-0.17849162220954895,0.19487422704696655,0.08072922378778458,0.01148080825805664,0.6154026389122009,0.39708977937698364,0.46426042914390564,0.9554193019866943,0.1347091794013977,-0.5965248942375183
0.4551758749999989,0.0034223749999999996,133.0,2.4250342364474915,-0.1102356047737762,0.8077885194941402,0.0018876494273612494,0.0002785119577872279,0.0010183302357788192,0.06752834661006996,-0.11827778816223145,0.1387290060520172,-0.18001195788383484,0.1733689308166504,0.0986180454492569,0.05086636543273926,0.6491760015487671,0.4186686873435974,0.541934072971344,0.9580843448638916,0.13888157904148102,-0.5965402126312256
0.4551758749999989,0.0034223749999999996,133.0,2.3794418689512336,-0.06654529145511304,0.8079749271919335,0.0018592853061873006,0.0002878721605518777,0.0010191695654569624,0.06746233620286152,-0.14354994893074036,0.15435324609279633,-0.1786772906780243,0.18792827427387238,0.13782794773578644,0.07597494125366211,0.6810281276702881,0.4303973615169525,0.43559613823890686,1.099090337753296,0.14015096426010132,-0.623458206653595
0.4551758749999989,0.0034223749999999996,133.0,2.328507823677103,-0.01291699445044578,0.8046562807233121,0.001743998958592644,7.60954303174738e-5,0.0010165871888198747,0.06719867337166444,-0.21275785565376282,0.27913445234298706,-0.1678362488746643,0.4811412990093231,0.03589165210723877,0.11012625694274902,-0.03935689479112625,0.5190399289131165,-1.3112462759017944,1.8270525932312012,-0.20136545598506927,-1.0033507347106934
0.4551758749999989,0.0034223749999999996,133.0,2.2724049239517154,0.03946169022779165,0.8060789667655615,0.00010313974828945516,-8.691607539309748e-6,6.394182046313899e-5,0.0664470758823639,-0.35426077246665955,0.17060519754886627,-0.13859838247299194,0.8399648070335388,-0.5362946391105652,0.6634749174118042,0.5921471118927002,0.1499689221382141,-1.5452079772949219,2.2155256271362305,-0.0224925447255373,-0.9887509346008301
0.4551758749999989,0.0034223749999999996,133.0,2.311624148100711,0.06483437548578443,0.8079226988560794,-0.0017293985124111197,-0.00014848645206061111,-0.0010682779030104846,0.06588855615622875,-0.35010817646980286,0.17794367671012878,-0.09452137351036072,1.097987413406372,-0.5109917521476746,0.6287075281143188,0.4312478303909302,0.08685111999511719,-1.6217570304870605,2.1190109252929688,0.1648249328136444,-1.184539556503296
0.4551758749999989,0.0034223749999999996,133.0,2.34411458531094,0.11579748383752235,0.818466178864253,-0.002004226672473183,0.00012282399115281118,-0.0011917284442120445,0.06490464242415481,-0.40875372290611267,0.21055945754051208,0.0020057260990142822,1.4747722148895264,-0.9067783951759338,0.6731938123703003,-0.1167992651462555,0.23476645350456238,-1.9439772367477417,2.104912281036377,0.5159040093421936,-1.7099307775497437
0.4551758749999989,0.0034223749999999996,133.0,2.378830238189642,0.16532954469119526,0.8275602102307992,-0.002050656183062272,0.0002787008299991234,-0.0011388147728268487,0.0643030671222915,-0.43837323784828186,0.23365168273448944,0.03400549292564392,1.552176833152771,-1.1934432983398438,0.7045772075653076,-0.28839123249053955,0.3519204258918762,-2.0563137531280518,2.069371223449707,0.49740102887153625,-1.9049851894378662
0.4551758749999989,0.0034223749999999996,133.0,2.4200714707741513,0.21077674415137615,0.8304509336569474,-0.0019528299864533542,0.0002816252279698701,-0.0010494654877268206,0.06417535114493016,-0.44056573510169983,0.2371853142976761,0.03813457489013672,1.575892448425293,-1.1878572702407837,0.7164506912231445,-0.22827069461345673,0.336767315864563,-2.08508038520813,2.042707920074463,0.5379571914672852,-1.9139115810394287
0.4551758749999989,0.0034223749999999996,133.0,2.461491775552808,0.2540058729185958,0.8320113790759159,-0.0017959541132879764,0.0002647780532188423,-0.0009460035806601108,0.06412406681174834,-0.44222745299339294,0.2401973009109497,0.04522675275802612,1.5949290990829468,-1.2250422239303589,0.7249114513397217,-0.22672691941261292,0.3431117534637451,-2.0891506671905518,2.00510311126709,0.5781852602958679,-1.9394559860229492
0.4551758749999989,0.0034223749999999996,133.0,2.5024420144541755,0.29580103753389975,0.8327833211398178,-0.0015975178874946523,0.00023362901051385707,-0.0008296276721198464,0.0641232596152689,-0.43960854411125183,0.2421485036611557,0.05672633647918701,1.6404905319213867,-1.2264262437820435,0.7158892154693604,-0.23100252449512482,0.3202460706233978,-2.0810158252716064,1.9400320053100586,0.6303115487098694,-1.9621284008026123
0.4551758749999989,0.0034223749999999996,133.0,2.5425756189967337,0.3366786553843135,0.8330144492399035,-0.0015068773704747078,0.00021333871853668074,-0.0007758644997888196,0.06412039960628511,-0.44247838854789734,0.24431955814361572,0.057924747467041016,1.6371395587921143,-1.2612134218215942,0.7371929883956909,-0.1912069320678711,0.33317703008651733,-2.095628261566162,1.9219903945922852,0.6626075506210327,-1.9720401763916016
0.4551758749999989,0.0034223749999999996,133.0,2.5821246371709723,0.37679206554050787,0.833948804437009,-0.0012942237913805177,0.0001804073269780543,-0.0006552071353037287,0.06409122510695463,-0.4436831772327423,0.24622465670108795,0.06385043263435364,1.6577829122543335,-1.2819342613220215,0.7463231086730957,-0.17464788258075714,0.32905882596969604,-2.1014766693115234,1.8848729133605957,0.7004859447479248,-1.988718032836914
0.4551758749999989,0.0034223749999999996,133.0,2.620834539717517,0.41600865859431774,0.8349300465063207,-0.001130558356393791,0.00015490190109529654,-0.0005626133627344648,0.06407323375108726,-0.44203099608421326,0.24758392572402954,0.07360431551933289,1.699901819229126,-1.2753244638442993,0.7401471138000488,-0.16686871647834778,0.30277684330940247,-2.100437641143799,1.8315587043762207,0.7493283152580261,-2.0045459270477295
0.4551758749999989,0.0034223749999999996,133.0,2.6585028756786047,0.4543899488891662,0.8356046243055739,-0.0009219157825581087,0.00012425438217492866,-0.0004526043233576512,0.06406036484330041,-0.44306984543800354,0.24915683269500732,0.0793292224407196,1.7190253734588623,-1.295371651649475,0.746472954750061,-0.150029256939888,0.29803407192230225,-2.106779098510742,1.7948403358459473,0.7889476418495178,-2.0190868377685547
0.4551758749999989,0.0034223749999999996,133.0,2.695356044372979,0.4918930126088081,0.8362312235830998,-0.0007357023333590194,9.74022272746938e-5,-0.0003566137441594392,0.06404950060247633,-0.4440139830112457,0.2505474388599396,0.08478298783302307,1.7374049425125122,-1.3125104904174805,0.7517732381820679,-0.13317321240901947,0.29216423630714417,-2.111588954925537,1.759831428527832,0.8272534608840942,-2.031742572784424
0.4551758749999989,0.0034223749999999996,133.0,2.7313760251689687,0.5285366633938807,0.8368233223295856,-0.0005571165935077621,7.238917187661372e-5,-0.00026682239472620794,0.06403866589030091,-0.44494011998176575,0.2517707049846649,0.08976814150810242,1.7547129392623901,-1.3260250091552734,0.7565693855285645,-0.11606869101524353,0.28520017862319946,-2.114995002746582,1.7276997566223145,0.8628578782081604,-2.0422184467315674
0.4551758749999989,0.0034223749999999996,133.0,2.7665718272604742,0.5643062101794573,0.8373341325057123,-0.00038379393881573566,4.885639242319156e-5,-0.00018183755293897059,0.06402946128747457,-0.4457787573337555,0.25283896923065186,0.09427425265312195,1.7708561420440674,-1.3350353240966797,0.7604308128356934,-0.09909442067146301,0.2770301103591919,-2.1161577701568604,1.6985197067260742,0.89579176902771,-2.050302267074585
0.4551758749999989,0.0034223749999999996,133.0,2.8009024171504464,0.599231418136573,0.8378246971372867,-0.0002157209459258287,2.6893855529278133e-5,-0.00010121781802316042,0.06401789679062447,-0.44666430354118347,0.2538173198699951,0.09833499789237976,1.7861756086349487,-1.3390339612960815,0.7633894681930542,-0.08358761668205261,0.26766371726989746,-2.1152522563934326,1.673245906829834,0.9248875379562378,-2.056339740753174
0.4551758749999989,0.0034223749999999996,133.0,2.833729800710894,0.6334262605035733,0.8376945248420326,-6.436013327359423e-5,7.839699460986334e-6,-3.0153483779009455e-5,0.06401202150068543,-0.4511334002017975,0.25614413619041443,0.09783270955085754,1.7768025398254395,-1.3684331178665161,0.7900927066802979,-0.055877935141325,0.2826831340789795,-2.126157522201538,1.671729564666748,0.9359118938446045,-2.0622448921203613
0.4551758749999989,0.0034223749999999996,133.0,2.865705897613345,0.6668525571367913,0.8380421574345058,0.00013921646839878883,-1.684353346844814e-5,6.482261440386854e-5,0.06398599667400336,-0.4553363025188446,0.25828662514686584,0.09999403357505798,1.7806916236877441,-1.3899734020233154,0.8083398342132568,-0.04763245955109596,0.28980404138565063,-2.1312711238861084,1.6647024154663086,0.9449666142463684,-2.0733718872070312
0.4551758749999989,0.0034223749999999996,133.0,2.8983738515039095,0.6972146677221639,0.8365677410966356,0.0003287191430263703,-3.832858138923464e-5,0.00015035682434518462,0.06414387425906669,-0.4508083164691925,0.2573964595794678,0.10830137133598328,1.8052177429199219,-1.3900237083435059,0.7738044261932373,-0.06893837451934814,0.27251797914505005,-2.106516122817993,1.6133015155792236,0.9959996938705444,-2.0805463790893555
0.4551758749999989,0.0034223749999999996,133.0,2.928747972077755,0.7289436760489499,0.8369321767077684,0.0005206871786695956,-6.0163347538330206e-5,0.0002364310465408061,0.06412656695878298,-0.4548591077327728,0.25937166810035706,0.11094042658805847,1.8086214065551758,-1.4195061922073364,0.7928715944290161,-0.0545365996658802,0.280765175819397,-2.118217706680298,1.600975513458252,1.0155341625213623,-2.0923759937286377
0.4551758749999989,0.0034223749999999996,133.0,2.9591462664797477,0.7596631438273445,0.8380457745753656,0.0007501175281127128,-8.478418877459546e-5,0.00033508324412998404,0.06409275605116428,-0.4542090594768524,0.2596862316131592,0.11834850907325745,1.8441762924194336,-1.402116298675537,0.7834702730178833,-0.041238024830818176,0.25024375319480896,-2.124652147293091,1.5655372142791748,1.0579302310943604,-2.0973711013793945
0.4551758749999989,0.0034223749999999996,133.0,2.988754803560392,0.7894530200290121,0.8388723618420781,0.0009150415408013792,-0.00010046080255708588,0.000403211367675515,0.06407578257357481,-0.45338359475135803,0.25960561633110046,0.12402448058128357,1.8699506521224976,-1.3905611038208008,0.7757281064987183,-0.0208900086581707,0.22494634985923767,-2.129561185836792,1.5323660373687744,1.101710557937622,-2.0978798866271973
0.4551758749999989,0.0034223749999999996,133.0,3.017443737305546,0.8184551118952507,0.8401477946347945,0.001126764548789525,-0.0001237507426147389,0.0004883805910543779,0.06404477773725133,-0.45288321375846863,0.2596797049045563,0.13214227557182312,1.9034229516983032,-1.3814733028411865,0.7593541145324707,-0.029451068490743637,0.2013179361820221,-2.125753402709961,1.4981880187988281,1.137595772743225,-2.107585906982422
0.4551758749999989,0.0034223749999999996,133.0,3.0447452181244223,0.8466776871693065,0.8404307268746809,0.0012890238184462641,-0.00014004490150095806,0.0005550362061912033,0.06404137829922786,-0.4556381404399872,0.26084935665130615,0.13366416096687317,1.9009490013122559,-1.4102420806884766,0.7742695808410645,-0.010272268205881119,0.20948860049247742,-2.1348719596862793,1.4844691753387451,1.16258704662323,-2.113507032394409
0.4551758749999989,0.0034223749999999996,133.0,3.07160007043343,0.8739611951998828,0.8411595269046288,0.0014716363221500082,-0.0001582590618927693,0.0006265800566207764,0.06402710149605462,-0.45626863837242126,0.26111868023872375,0.13795337080955505,1.9163787364959717,-1.412416934967041,0.77097487449646,0.0001080930233001709,0.1969204545021057,-2.1389966011047363,1.461221694946289,1.193886399269104,-2.1164214611053467
0.4551758749999989,0.0034223749999999996,133.0,3.0979429733440913,0.9002476589225461,0.8415525588782673,0.0016897972280392626,-0.00017560046187641617,0.0007131723776152313,0.06402680117144367,-0.4549524486064911,0.26051145792007446,0.14175543189048767,1.9315441846847534,-1.403294563293457,0.7622249126434326,0.020772570744156837,0.17548435926437378,-2.1471009254455566,1.4321401119232178,1.2374533414840698,-2.110243082046509
0.4551758749999989,0.0034223749999999996,133.0,3.1232026287097527,0.9258204892894168,0.8421171402644232,0.0019121723513619944,-0.0001969951892888919,0.0008000600799192803,0.06401327085402835,-0.45369210839271545,0.2600249648094177,0.14763662219047546,1.9511849880218506,-1.3961509466171265,0.7437068223953247,0.011929245665669441,0.15724915266036987,-2.1494641304016113,1.403578519821167,1.2760038375854492,-2.1115894317626953
0.4551758749999989,0.0034223749999999996,133.0,3.1472948025564365,0.9506161875477399,0.842479047222381,0.0021588211298871444,-0.0002208896295904489,0.0008970924696117641,0.06400455724128251,-0.45332571864128113,0.25934845209121704,0.1517362892627716,1.9572217464447021,-1.4079903364181519,0.7346388101577759,0.008544989861547947,0.15091806650161743,-2.1584084033966064,1.3763492107391357,1.317368984222412,-2.111391305923462
0.4551758749999989,0.0034223749999999996,133.0,3.1705868139880984,0.9745389762667697,0.8426275685723066,0.0023412331977062852,-0.00023727477711193816,0.0009686218490024563,0.06400448934493805,-0.45118656754493713,0.25766173005104065,0.15689536929130554,1.962260127067566,-1.4167886972427368,0.7138779163360596,-0.006851743906736374,0.1421654224395752,-2.165957450866699,1.3423118591308594,1.3704688549041748,-2.107729434967041
0.4551758749999989,0.0034223749999999996,133.0,3.192994005752664,0.9976321152333661,0.84265511581709,0.0025729468899804834,-0.0002563519473229059,0.0010607581649874963,0.06400648973255206,-0.4374915063381195,0.24886861443519592,0.16285082697868347,1.9655410051345825,-1.370286226272583,0.6548690795898438,-0.0346110537648201,0.10179713368415833,-2.1385908126831055,1.2672865390777588,1.4573113918304443,-2.0703647136688232
0.4551758749999989,0.0034223749999999996,133.0,3.2150644110004474,1.019698022819846,0.8431526136419599,0.0028099880096274015,-0.0002781573579912552,0.0011486685006430895,0.06400564099771947,-0.4078225791454315,0.23022350668907166,0.1710444986820221,1.9565706253051758,-1.260299563407898,0.536454439163208,-0.1242046058177948,0.03719690442085266,-2.035019874572754,1.1366665363311768,1.5602915287017822,-1.9958126544952393
0.4551758749999989,0.0034223749999999996,133.0,3.2361633308489686,1.0409739498695185,0.8433260383294573,0.0030585429946068297,-0.0002996081610848662,0.0012434837735060549,0.06401161413992501,-0.3819343149662018,0.21377995610237122,0.17605218291282654,1.9331220388412476,-1.169089674949646,0.4386928081512451,-0.1929871141910553,-0.012037217617034912,-1.9553818702697754,1.026123285293579,1.6496131420135498,-1.9224464893341064
0.4551758749999989,0.0034223749999999996,133.0,3.2570745496634492,1.061201607393528,0.8445521397424398,0.003315274887772654,-0.00033215667927921996,0.0013260930081398937,0.06399698767875163,-0.35815998911857605,0.20014597475528717,0.18400070071220398,1.925391435623169,-1.059429407119751,0.33510470390319824,-0.26981648802757263,-0.06964623928070068,-1.8759409189224243,0.9223556518554688,1.7057503461837769,-1.856173038482666
0.4551758749999989,0.0034223749999999996,133.0,3.2768369128273087,1.0807074465872106,0.8453644336726496,0.003512787844216328,-0.0003545245941764461,0.0013909498352767165,0.06399955063196376,-0.3357524573802948,0.18658886849880219,0.1899915635585785,1.905300259590149,-0.9613710641860962,0.24087810516357422,-0.3397156894207001,-0.1162596344947815,-1.795480728149414,0.8254194259643555,1.7475640773773193,-1.7886452674865723
0.4551758749999989,0.0034223749999999996,133.0,3.296030466778583,1.0992392387841643,0.8463169741209018,0.0037380367387352337,-0.0003800464439316297,0.0014612776440218005,0.06399889137287326,-0.283853143453598,0.16823090612888336,0.2107950747013092,1.843727469444275,0.03051649034023285,-0.2972705364227295,-0.7130173444747925,-0.329841673374176,-2.2488574981689453,1.0998432636260986,1.3029289245605469,-1.5065960884094238
0.4551758749999989,0.0034223749999999996,133.0,3.3140096710037144,1.116887075413316,0.8464525387751698,0.003922775465207149,-0.00041641559401626766,0.001534239094710719,0.06403856781256553,-0.26588955521583557,0.15836210548877716,0.21205434203147888,1.812420129776001,0.05602966994047165,-0.3526773452758789,-0.7682181596755981,-0.34470605850219727,-2.1742215156555176,1.011681079864502,1.298563003540039,-1.460054636001587
0.4551758749999989,0.0034223749999999996,133.0,3.331781416389011,1.1336113742095377,0.847066783941863,0.00414506830557058,-0.0004460513486866746,0.001613797895543226,0.06405773090916897,-0.2522602379322052,0.15251782536506653,0.2141270935535431,1.7940396070480347,0.10073647648096085,-0.3991405963897705,-0.793985903263092,-0.36371976137161255,-2.126377582550049,0.9422807693481445,1.2865031957626343,-1.4224097728729248
0.4551758749999989,0.0034223749999999996,133.0,3.3485114711632713,1.1494689305263976,0.8475804147820561,0.004338233653773293,-0.0004809306372876139,0.0016823854881583538,0.0640866738490175,-0.23698440194129944,0.14471833407878876,0.21388831734657288,1.7623295783996582,0.13107655942440033,-0.442141056060791,-0.8246906399726868,-0.3737644553184509,-2.0643529891967773,0.8723704814910889,1.2690632343292236,-1.3804233074188232
0.4551758749999989,0.0034223749999999996,133.0,3.364510442610555,1.164393147929413,0.8478477104149361,0.004529924722550774,-0.0005122407874186164,0.0017497618444257763,0.0641214709080369,-0.2268383800983429,0.14029473066329956,0.21648022532463074,1.7481223344802856,0.15367135405540466,-0.47627758979797363,-0.8519226312637329,-0.38546425104141235,-2.0150868892669678,0.8121681213378906,1.2453206777572632,-1.3542410135269165
0.4551758749999989,0.0034223749999999996,133.0,3.379844462783364,1.1784784569070113,0.8483668580477067,0.004679114030333457,-0.0005409952037744868,0.0017988102821605212,0.06415574425619636,-0.21829921007156372,0.13639391958713531,0.21779271960258484,1.7350586652755737,0.16699501872062683,-0.5016188621520996,-0.872981071472168,-0.39201539754867554,-1.974531888961792,0.7638776302337646,1.2241554260253906,-1.33443021774292
0.4551758749999989,0.0034223749999999996,133.0,3.3941439567604728,1.1917746208885747,0.8488988305989517,0.004811821999579934,-0.0005749669022118574,0.0018401826259994538,0.0641938564208254,-0.21105432510375977,0.13396619260311127,0.21830931305885315,1.7228552103042603,0.18765057623386383,-0.5237772464752197,-0.8809735774993896,-0.39677536487579346,-1.9480808973312378,0.7283058166503906,1.2042303085327148,-1.3173770904541016
0.4551758749999989,0.0034223749999999996,133.0,3.4079734926687197,1.2043173383331667,0.8499350993313389,0.004958085616456621,-0.0006063815974903893,0.0018820925606129523,0.06421094225399065,-0.20535415410995483,0.131863534450531,0.21916332840919495,1.7133716344833374,0.20389433205127716,-0.5423591136932373,-0.8882384300231934,-0.39989203214645386,-1.9302821159362793,0.6988375186920166,1.1896474361419678,-1.3047068119049072
0.4551758749999989,0.0034223749999999996,133.0,3.421400243416764,1.2157325019290415,0.8503836843628186,0.0051123024208399575,-0.0006229666448248599,0.0019286882933213022,0.06424077592569415,-0.20153048634529114,0.13168935477733612,0.22189292311668396,1.7121219635009766,0.2221682220697403,-0.5604135990142822,-0.8927464485168457,-0.4066656231880188,-1.9126473665237427,0.6704709529876709,1.1684131622314453,-1.2965668439865112
0.4551758749999989,0.0034223749999999996,133.0,3.433852696363061,1.2265557852589604,0.8511968072041436,0.005272431068661549,-0.0006421259560641781,0.0019751793318973803,0.06425273089020749,-0.20049887895584106,0.13401947915554047,0.22369274497032166,1.7149590253829956,0.2452344298362732,-0.5709831714630127,-0.8862470984458923,-0.41061049699783325,-1.9196929931640625,0.6636638641357422,1.155559778213501,-1.295479416847229
0.4551758749999989,0.0034223749999999996,133.0,3.4454581160352964,1.236656294262017,0.8519804018591736,0.005428029523510106,-0.0006554433753270545,0.00201969043532231,0.06426178109133071,-0.20021942257881165,0.13956566154956818,0.23158660531044006,1.7368056774139404,0.26635003089904785,-0.588681697845459,-0.8931775689125061,-0.4267265200614929,-1.902643084526062,0.6238958835601807,1.0946308374404907,-1.3007932901382446
0.4551758749999989,0.0034223749999999996,133.0,3.4559614973687163,1.2459515313224028,0.8525149647704001,0.005608050791536125,-0.000663477260037472,0.002069541416756668,0.0642789889999067,-0.19939810037612915,0.14111575484275818,0.2334901988506317,1.7392940521240234,0.2835489511489868,-0.5972039699554443,-0.8902065753936768,-0.43061012029647827,-1.905646800994873,0.6146683692932129,1.0841370820999146,-1.2993898391723633
0.4551758749999989,0.0034223749999999996,133.0,3.464831164922695,1.2566585117250175,0.855531061232103,0.005861276807637974,-0.0007086071250053583,0.0021597081803671875,0.06409740964266124,-0.2010723054409027,0.1446642279624939,0.2296375334262848,1.7332273721694946,0.3084276616573334,-0.5914032459259033,-0.8666279315948486,-0.4204235076904297,-1.945115327835083,0.6505939960479736,1.0929325819015503,-1.3038136959075928
0.4551758749999989,0.0034223749999999996,133.0,3.473878982536536,1.2643069400642972,0.8564170010640815,0.006134119451778606,-0.0007439441539785982,0.0022505026786086837,0.06409763282979641,-0.20107001066207886,0.14731581509113312,0.23088595271110535,1.7356919050216675,0.32789698243141174,-0.5970208644866943,-0.8597572445869446,-0.4232555031776428,-1.9494775533676147,0.6482312679290771,1.078476071357727,-1.3034398555755615
0.4551758749999989,0.0034223749999999996,133.0,3.4816129189757064,1.2712291955615451,0.856762260749323,0.006552321820470835,-0.000782871885225576,0.002386132498147553,0.06411020195188788,-0.20091181993484497,0.1505899280309677,0.23470571637153625,1.744688630104065,0.3443119525909424,-0.6065070629119873,-0.8616911172866821,-0.43109822273254395,-1.941465973854065,0.6280648708343506,1.0453699827194214,-1.304394006729126
0.4551758749999989,0.0034223749999999996,133.0,3.4886234600421417,1.2773408407123112,0.8572194517895511,0.0072512774757069595,-0.0008563136438922229,0.002619058541792394,0.06411394333171679,-0.20054388046264648,0.15246863663196564,0.2372594177722931,1.749596118927002,0.35482585430145264,-0.6136667728424072,-0.8661608099937439,-0.43505656719207764,-1.934566855430603,0.6122984886169434,1.0237915515899658,-1.305197834968567
0.4551758749999989,0.0034223749999999996,133.0,3.49480178134411,1.2826638574193205,0.8574660007778045,0.008824900833320085,-0.0010509360208513813,0.003175459057568876,0.06412629700501489,-0.20025083422660828,0.15458090603351593,0.2400713860988617,1.7543717622756958,0.3642987310886383,-0.621819257736206,-0.8773137927055359,-0.4376335144042969,-1.9214842319488525,0.5927844047546387,0.9959120750427246,-1.307174801826477
0.4551758749999989,0.0034223749999999996,133.0,3.5001374845195934,1.2877613476352665,0.8580416507333045,0.016428186842215486,-0.0020318377209110903,0.005726049567884221,0.06409707001721134,-0.20034760236740112,0.15419602394104004,0.24390080571174622,1.7544264793395996,0.3735049068927765,-0.6356120109558105,-0.9332688450813293,-0.4311178922653198,-1.8819506168365479,0.5544884204864502,0.9633630514144897,-1.313180685043335
0.4551758749999989,0.0034223749999999996,133.0,3.51691244248131,-1.2222742645911704,0.8013991443902843,-0.013848070934076894,-0.0009558034164088811,-0.006940499308488551,0.06819877384446583,-0.018323421478271484,0.15834644436836243,-0.15557342767715454,0.8609427213668823,0.3000700771808624,-1.0769195556640625,0.5143350958824158,0.1755751073360443,-0.2921028733253479,0.5137443542480469,0.29484501481056213,-1.0376231670379639
0.4551758749999989,0.0034223749999999996,133.0,3.5123276528116905,-1.2171643204880502,0.8019457602219269,-0.0074770620740689615,-0.00046167403294562585,-0.003758443616353051,0.06815241745471586,-0.018909811973571777,0.16154968738555908,-0.15503087639808655,0.8621562123298645,0.2799476981163025,-1.0735735893249512,0.5209650993347168,0.17180770635604858,-0.29514509439468384,0.5396203994750977,0.26178696751594543,-1.034535527229309
0.4551758749999989,0.0034223749999999996,133.0,3.5065478646707398,-1.211433821246036,0.801963542899902,-0.006145945680686119,-0.00036713894636436,-0.0030872577104535,0.06812853885273637,-0.020474404096603394,0.16198740899562836,-0.15711432695388794,0.8588735461235046,0.28388822078704834,-1.064892292022705,0.5411738157272339,0.17142480611801147,-0.28258219361305237,0.5448415279388428,0.2313915491104126,-1.0307666063308716
0.4551758749999989,0.0034223749999999996,133.0,3.500268490115819,-1.205438606233503,0.8019569404754932,-0.005557244918542169,-0.0003379179760361028,-0.0027934949644542652,0.06812075690264464,-0.02205580472946167,0.16308611631393433,-0.1583682894706726,0.8580757975578308,0.283607542514801,-1.0582678318023682,0.5515374541282654,0.17022472620010376,-0.27244243025779724,0.546363115310669,0.2063184380531311,-1.0286340713500977
0.4551758749999989,0.0034223749999999996,133.0,3.4928083946168917,-1.1983238204992264,0.8019265419682254,-0.005217655817637848,-0.0003205206138392302,-0.0026215533463168697,0.06810394062097472,-0.023827463388442993,0.16274289786815643,-0.1613515019416809,0.8528035283088684,0.28924864530563354,-1.0486326217651367,0.5773814916610718,0.17122295498847961,-0.2539234459400177,0.5482721328735352,0.17526869475841522,-1.0243275165557861
0.4551758749999989,0.0034223749999999996,133.0,3.484067630688966,-1.1923377862768776,0.7993398656275416,-0.004975391292541392,-0.00036983450461386955,-0.0024975850977512863,0.06817066752320393,-0.024251312017440796,0.16181783378124237,-0.16365036368370056,0.8464322090148926,0.28890255093574524,-1.0431766510009766,0.5988569259643555,0.17248019576072693,-0.23062849044799805,0.5460536479949951,0.14742976427078247,-1.019200325012207
0.4551758749999989,0.0034223749999999996,133.0,3.4750181531698403,-1.1839313382122283,0.7993940851043787,-0.004778778368638878,-0.0003624412710399709,-0.002400163153025342,0.06815864444152848,-0.026623517274856567,0.16145242750644684,-0.16710549592971802,0.8394880294799805,0.29408198595046997,-1.0317800045013428,0.6292692422866821,0.1739138960838318,-0.20683719217777252,0.5479059219360352,0.10914774984121323,-1.013641119003296
0.4551758749999989,0.0034223749999999996,133.0,3.465236807882319,-1.1745122821078897,0.7993260599278087,-0.004631840890764011,-0.00035272896990920337,-0.002324575511995562,0.06814793058871602,-0.028078079223632812,0.16151131689548492,-0.16951075196266174,0.8345959186553955,0.29291531443595886,-1.023496389389038,0.6487144231796265,0.17462891340255737,-0.18707934021949768,0.5467197895050049,0.07923618704080582,-1.0093785524368286
0.4551758749999989,0.0034223749999999996,133.0,3.454653011112208,-1.1644469384119818,0.7992343149094367,-0.004499529482843647,-0.0003615555516079567,-0.002256209642223482,0.0681350622169873,-0.030101090669631958,0.16101013123989105,-0.17289999127388,0.826111376285553,0.2940349280834198,-1.0125114917755127,0.6787765622138977,0.17647480964660645,-0.15855209529399872,0.546154260635376,0.03961329162120819,-1.0026748180389404
0.4551758749999989,0.0034223749999999996,133.0,3.4431975733111706,-1.1536195298544898,0.7993801657825251,-0.004366454423500569,-0.00035998098557843156,-0.002190252341480463,0.068124846018282,-0.03236067295074463,0.16035281121730804,-0.1764352023601532,0.8165648579597473,0.2948049306869507,-1.000598430633545,0.7107304930686951,0.1788020133972168,-0.12892653048038483,0.5461392402648926,-0.0007407013326883316,-0.9953939914703369
0.4551758749999989,0.0034223749999999996,133.0,3.4310404787827,-1.141790901503608,0.7994346738534315,-0.004243507464879942,-0.00035250738741027135,-0.0021283860107887296,0.06811794167026741,-0.03318661451339722,0.15969394147396088,-0.17917180061340332,0.8066173195838928,0.2878982424736023,-0.9918491840362549,0.7338851690292358,0.18153533339500427,-0.10055701434612274,0.5419251918792725,-0.03516405075788498,-0.9880940914154053
0.4551758749999989,0.0034223749999999996,133.0,3.4182568780547284,-1.129259502234946,0.7992414982957885,-0.0041183013218276734,-0.00035282412072199914,-0.0020619896968719054,0.06811526735957951,-0.033481717109680176,0.15868158638477325,-0.18202444911003113,0.7944984436035156,0.2827461361885071,-0.981348991394043,0.7580832242965698,0.18471673130989075,-0.0752893015742302,0.537297248840332,-0.06214127689599991,-0.9791237115859985
0.4551758749999989,0.0034223749999999996,133.0,3.40469382290036,-1.1156812984418265,0.7991667629373846,-0.004008769334830888,-0.00033666411346741756,-0.002009083475993123,0.06811947465414453,-0.03269967436790466,0.15757940709590912,-0.18465393781661987,0.7771294116973877,0.27268314361572266,-0.9675118923187256,0.7789311408996582,0.19025367498397827,-0.05382544547319412,0.5304977893829346,-0.08553087711334229,-0.9672791361808777
0.4551758749999989,0.0034223749999999996,133.0,3.3903002539452642,-1.1012304016697074,0.7990513625888721,-0.003869588418665288,-0.00031692968965897015,-0.0019423128572065606,0.06812543776041989,-0.030043423175811768,0.15509864687919617,-0.18748053908348083,0.749836266040802,0.25412023067474365,-0.9520854949951172,0.8010300993919373,0.20015093684196472,-0.0324166938662529,0.5212464332580566,-0.10317996889352798,-0.9499650001525879
0.4551758749999989,0.0034223749999999996,133.0,3.3747929592800148,-1.085894946209488,0.7990331269523328,-0.0036936988983283067,-0.00030143629279475527,-0.0018601496445712687,0.0681189792829071,-0.0297166109085083,0.15234524011611938,-0.1909654587507248,0.7189614772796631,0.2424066811800003,-0.9297986030578613,0.8346765637397766,0.21031495928764343,-0.003967023454606533,0.516326904296875,-0.12885619699954987,-0.929369330406189
0.4551758749999989,0.0034223749999999996,133.0,3.358414607197655,-1.0696206971576285,0.7990170001586876,-0.0035304314100992975,-0.0002822911145456677,-0.0017817921263231348,0.06811207816129819,-0.028782635927200317,0.14963528513908386,-0.1935831755399704,0.6746991276741028,0.2203739583492279,-0.8953192234039307,0.8637209534645081,0.22385507822036743,0.013556038029491901,0.5121879577636719,-0.14009836316108704,-0.8988398313522339
0.4551758749999989,0.0034223749999999996,133.0,3.341147221638207,-1.0526553325329702,0.7991698218101269,-0.0033438932731783867,-0.00026494654373544914,-0.001694200659183348,0.06810129995716033,-0.028696537017822266,0.1463654339313507,-0.19517678022384644,0.6319114565849304,0.1955002099275589,-0.8668098449707031,0.8921366930007935,0.23609095811843872,0.05041172355413437,0.5051939487457275,-0.15790899097919464,-0.8684252500534058
0.4551758749999989,0.0034223749999999996,133.0,3.3231891709146533,-1.0346792914956848,0.7991871809550141,-0.0031657497082994163,-0.00024084840721861212,-0.0016129256372854625,0.06809958021717709,-0.027296870946884155,0.1414659321308136,-0.19433438777923584,0.5781995058059692,0.16168762743473053,-0.8356215953826904,0.9129770994186401,0.2516263425350189,0.07468550652265549,0.4999687671661377,-0.13855010271072388,-0.8305363655090332
0.4551758749999989,0.0034223749999999996,133.0,3.3039338223384593,-1.0156171129184206,0.7993074098867093,-0.00298441937975241,-0.00021747652367456931,-0.0015246761260418662,0.06807495073806079,-0.02886354923248291,0.13799802958965302,-0.19152620434761047,0.5170530080795288,0.12235518544912338,-0.781440258026123,0.9261883497238159,0.26724758744239807,0.10509080439805984,0.49867892265319824,-0.11590896546840668,-0.7852935194969177
0.4551758749999989,0.0034223749999999996,133.0,3.2843031744460207,-0.9962799636131996,0.7992546660695254,-0.0028199892144039856,-0.00021222863405080257,-0.0014459859364206605,0.06806172024880089,-0.07586929202079773,0.1876344531774521,-0.16140076518058777,0.6194682717323303,0.0974445566534996,-0.8124473094940186,0.3882574439048767,0.43133771419525146,-0.26910698413848877,0.7158541679382324,-0.05779850482940674,-1.0545706748962402
0.4551758749999989,0.0034223749999999996,133.0,3.263904082355553,-0.9759356801465876,0.7991277957514361,-0.0026048946359140844,-0.00019729425384644033,-0.0013409981712400384,0.06805233022969251,-0.08087825775146484,0.1789754182100296,-0.15813907980918884,0.5478397011756897,0.08662504702806473,-0.7532696723937988,0.42105913162231445,0.43618646264076233,-0.21604374051094055,0.7736465930938721,0.014543740078806877,-0.9879056215286255
0.4551758749999989,0.0034223749999999996,133.0,3.242593148524036,-0.9555657048800336,0.7994444085867836,-0.002392004321541551,-0.00019014691139568584,-0.001234856371305598,0.06803769523607081,-0.08553236722946167,0.1681876927614212,-0.15379387140274048,0.48235005140304565,0.07960958033800125,-0.6989316940307617,0.46042120456695557,0.44689586758613586,-0.130797877907753,0.8186182975769043,0.07436607778072357,-0.9331799745559692
0.4551758749999989,0.0034223749999999996,133.0,3.220478785692496,-0.9334700875056561,0.7992237143428795,-0.002190759797796194,-0.00017387056764820382,-0.0011329011102866058,0.06802630951840193,-0.08919528126716614,0.16221031546592712,-0.14727026224136353,0.4209149479866028,0.06022112816572189,-0.6134617328643799,0.45899200439453125,0.45091933012008667,-0.0958031490445137,0.8650264739990234,0.16053223609924316,-0.8758980631828308
0.4551758749999989,0.0034223749999999996,133.0,3.1973676525618657,-0.9103753496952789,0.7988761186724961,-0.0019912441829495436,-0.0001602644424433579,-0.0010291080121908084,0.06800809653604135,-0.09398815035820007,0.15796636044979095,-0.1410793960094452,0.3664413392543793,0.04555021971464157,-0.4953458309173584,0.44112250208854675,0.4534341096878052,-0.07428835332393646,0.9120750427246094,0.23092523217201233,-0.8241239786148071
0.4551758749999989,0.0034223749999999996,133.0,3.173368693265682,-0.8861335528203281,0.7982842441104119,-0.0018312302397400153,-0.00015010156372688205,-0.0009457562247939076,0.0679909520522061,-0.09697544574737549,0.1565929502248764,-0.13917863368988037,0.33212214708328247,0.04168877378106117,-0.38310885429382324,0.4088785946369171,0.4431599974632263,-0.05421562120318413,0.9379677772521973,0.25074324011802673,-0.7796702980995178
0.4551758749999989,0.0034223749999999996,133.0,3.1487239518892767,-0.861351425546381,0.7979614202044072,-0.0016339839754828983,-0.00013357952714529195,-0.0008459010486476532,0.06798271612074576,-0.0954359769821167,0.15517938137054443,-0.14124727249145508,0.31847843527793884,0.040915679186582565,-0.35092854499816895,0.39868611097335815,0.4295441210269928,-0.021387901157140732,0.9316654205322266,0.2460709512233734,-0.7523672580718994
0.4551758749999989,0.0034223749999999996,133.0,3.1231702870448386,-0.8360416134086908,0.797878622826109,-0.0014514702803395878,-0.00012313921348753917,-0.0007534143682105918,0.06796814129688371,-0.09423035383224487,0.15242493152618408,-0.14316707849502563,0.3051122725009918,0.045906394720077515,-0.32762980461120605,0.4025081396102905,0.4232819378376007,0.02951424941420555,0.9214637279510498,0.22813919186592102,-0.7326691746711731
0.4551758749999989,0.0034223749999999996,133.0,3.096879990054496,-0.8101674060075513,0.797785238191566,-0.0012715201281119557,-0.00011119720477863521,-0.0006603449795489235,0.06795736216602097,-0.09321513772010803,0.14894936978816986,-0.1446596384048462,0.2904491424560547,0.05176291987299919,-0.3011195659637451,0.4079225957393646,0.42071348428726196,0.0794016495347023,0.9123437404632568,0.21509456634521484,-0.7153679132461548
0.4551758749999989,0.0034223749999999996,133.0,3.069809082221587,-0.7832192655255086,0.7975213344951967,-0.0011224376986219977,-0.00010067236329113692,-0.0005828890056005568,0.06794698452976505,-0.09222939610481262,0.14732027053833008,-0.14688628911972046,0.2829439342021942,0.05458072945475578,-0.28244543075561523,0.4124739468097687,0.41448038816452026,0.11760418862104416,0.9024627208709717,0.1992044895887375,-0.7015729546546936
0.4551758749999989,0.0034223749999999996,133.0,3.042065835432429,-0.7555204341234253,0.7972483083907952,-0.0009894019445206843,-8.995997127653837e-5,-0.000514031896873617,0.06794320016577116,-0.09082433581352234,0.145822674036026,-0.14890310168266296,0.27651873230934143,0.05246632918715477,-0.27089738845825195,0.4165652096271515,0.4088071584701538,0.141782745718956,0.8937151432037354,0.1969408243894577,-0.68942791223526
0.4551758749999989,0.0034223749999999996,133.0,3.013224256588705,-0.7269896211910489,0.7969640262507481,-0.0008171058602996622,-7.630679429597052e-5,-0.00042351579742459826,0.06793065645773105,-0.09142595529556274,0.144492045044899,-0.15026119351387024,0.2703212797641754,0.05663754791021347,-0.2500789165496826,0.4256253242492676,0.40771448612213135,0.17944090068340302,0.889333963394165,0.1817222386598587,-0.6821072697639465
0.4551758749999989,0.0034223749999999996,133.0,2.9835640463294864,-0.6977288669156073,0.79678833320061,-0.0006860621627548422,-6.637481664271154e-5,-0.0003553813540663773,0.06791815000525521,-0.09214717149734497,0.14281098544597626,-0.15113845467567444,0.2613986134529114,0.0606699101626873,-0.2258305549621582,0.43623316287994385,0.4098331332206726,0.2127792239189148,0.8872294425964355,0.17408546805381775,-0.6752899289131165
0.4551758749999989,0.0034223749999999996,133.0,2.9530079382463224,-0.6673873193686911,0.7965299860747591,-0.0005149918239272033,-5.1227861415739815e-5,-0.000267090880240741,0.0679028280036837,-0.093303382396698,0.14276455342769623,-0.15248268842697144,0.25737887620925903,0.06254164129495621,-0.20896291732788086,0.44599711894989014,0.4086029827594757,0.2309798151254654,0.8883917331695557,0.16935300827026367,-0.6700683832168579
0.4551758749999989,0.0034223749999999996,133.0,2.921658725986966,-0.6358642518766083,0.7961105608246362,-0.00032350552491182947,-3.198693225277735e-5,-0.0001680384433519525,0.06789026741400704,-0.09421998262405396,0.14484703540802002,-0.1548827886581421,0.26147788763046265,0.05963524430990219,-0.2088758945465088,0.4509846568107605,0.399238646030426,0.22893616557121277,0.8912396430969238,0.16791658103466034,-0.6648484468460083
0.4551758749999989,0.0034223749999999996,133.0,2.889393592911591,-0.6036048044970737,0.7957615958750944,-0.00015119125939881182,-1.518643432451077e-5,-7.877278672612925e-5,0.06787294349938894,-0.0957384705543518,0.14636781811714172,-0.15682882070541382,0.2625398337841034,0.060464005917310715,-0.20107722282409668,0.45881032943725586,0.39333486557006836,0.23430964350700378,0.8955824375152588,0.16372667253017426,-0.6600558757781982
0.4551758749999989,0.0034223749999999996,133.0,2.8563135604076466,-0.5711549167092248,0.7956745644918521,1.6760211041967053e-5,1.7611073682373503e-6,8.771558197504459e-6,0.06785758777572508,-0.09726780652999878,0.14427976310253143,-0.15731897950172424,0.250494122505188,0.06735782325267792,-0.1765120029449463,0.47082558274269104,0.39920172095298767,0.2573454976081848,0.8999300003051758,0.17056095600128174,-0.6539093852043152
0.4551758749999989,0.0034223749999999996,133.0,2.8223526988821357,-0.5374518068133771,0.7953797398712441,0.00018515288668461113,1.9978563681103927e-5,9.705223199014336e-5,0.06783977016885472,-0.09900107979774475,0.1445005089044571,-0.15891873836517334,0.2465517669916153,0.0701260045170784,-0.1594240665435791,0.48289915919303894,0.3983723521232605,0.27414795756340027,0.9039020538330078,0.16645203530788422,-0.6491822600364685
0.4551758749999989,0.0034223749999999996,133.0,2.787424939782013,-0.502500191300514,0.7948297672912688,0.0003676726824784951,4.029242288325232e-5,0.0001928962449194802,0.0678169630868094,-0.10143464803695679,0.1470058113336563,-0.16168087720870972,0.25129005312919617,0.07074148207902908,-0.15244817733764648,0.4939424395561218,0.390708327293396,0.2824668884277344,0.9099166393280029,0.1540701687335968,-0.646328330039978
0.4551758749999989,0.0034223749999999996,133.0,2.751721105850641,-0.46710464279432384,0.7945178644702385,0.0005111765058255078,5.751066257666225e-5,0.0002687438670046216,0.06779721253598635,-0.10363280773162842,0.14745692908763885,-0.1633361577987671,0.24734754860401154,0.07338966429233551,-0.13504791259765625,0.5072105526924133,0.3906676769256592,0.2970932126045227,0.9166715145111084,0.15172648429870605,-0.6424076557159424
0.4551758749999989,0.0034223749999999996,133.0,2.715213127834243,-0.4309004087605725,0.7941967018542833,0.0006730063440751402,7.777857179330383e-5,0.00035452573186449957,0.0677777505724795,-0.10568782687187195,0.14774899184703827,-0.1650557518005371,0.24300655722618103,0.07574193924665451,-0.11738944053649902,0.5206280946731567,0.3905705213546753,0.31330347061157227,0.9228866100311279,0.14903008937835693,-0.6380215883255005
0.4551758749999989,0.0034223749999999996,133.0,2.6779344868266035,-0.3938984441464801,0.7938770564098345,0.0008453714555702071,0.00010044434114250781,0.0004460719509292077,0.06775944414977597,-0.10739478468894958,0.1477639526128769,-0.16685593128204346,0.23807184398174286,0.07748819142580032,-0.09952402114868164,0.5339393019676208,0.39028263092041016,0.33236801624298096,0.9275546073913574,0.14545470476150513,-0.6328318119049072
0.4551758749999989,0.0034223749999999996,133.0,2.639916031335711,-0.3561305848454486,0.7935246846325539,0.0010410830624943655,0.00012756478807896408,0.0005502158766461671,0.06774323255752016,-0.10860833525657654,0.14736409485340118,-0.16880977153778076,0.23258519172668457,0.07742553949356079,-0.0821831226348877,0.5472635626792908,0.3899574875831604,0.3538808524608612,0.9301121234893799,0.1424904763698578,-0.6270334124565125
0.4551758749999989,0.0034223749999999996,133.0,2.601104301031447,-0.3175476922477691,0.7931897843473468,0.0012269151853875422,0.00015475039554218635,0.0006490791155623605,0.06772858733405313,-0.10956421494483948,0.14676165580749512,-0.1708458662033081,0.22668960690498352,0.0763128474354744,-0.06500887870788574,0.5607590675354004,0.38982853293418884,0.37701719999313354,0.9316046237945557,0.13949556648731232,-0.6210110187530518
0.4551758749999989,0.0034223749999999996,133.0,2.5613222813180485,-0.2785857375955252,0.7929753195331493,0.0013470693280708042,0.00017923378260838166,0.0007132465091316435,0.06771395336305604,-0.1113290786743164,0.1437193900346756,-0.17194214463233948,0.2116246521472931,0.08333539217710495,-0.03478217124938965,0.5806927680969238,0.40091580152511597,0.4220671057701111,0.9339315891265869,0.14264509081840515,-0.6170262694358826
0.4551758749999989,0.0034223749999999996,133.0,2.520715299478691,-0.2383019303710291,0.792642739423903,0.001500959060573692,0.0002057020973925811,0.0007962644077201855,0.0676958255993999,-0.1130814254283905,0.1435188204050064,-0.17379215359687805,0.20613880455493927,0.08429095894098282,-0.017952442169189453,0.5965534448623657,0.40205204486846924,0.4414798319339752,0.9392971992492676,0.14165295660495758,-0.6127098202705383
0.4551758749999989,0.0034223749999999996,133.0,2.4790528883390985,-0.19646542619801674,0.7919265444118075,0.0016509676439688161,0.000230628344554505,0.0008781880922879513,0.06766582027282882,-0.1154058575630188,0.1468067467212677,-0.1774226725101471,0.21464912593364716,0.08034243434667587,-0.018131494522094727,0.6087696552276611,0.3893073797225952,0.44655871391296387,0.9470920562744141,0.12474948912858963,-0.6085375547409058
0.4551758749999989,0.0034223749999999996,133.0,2.4377779162493405,-0.15345155364755,0.7942975183343244,0.0017920057910723976,0.00024110644962411975,0.0009602297944621838,0.06758818241380288,-0.1151404082775116,0.14437298476696014,-0.17876166105270386,0.19802486896514893,0.07673144340515137,0.00497746467590332,0.6160873174667358,0.39558643102645874,0.4561105966567993,0.951178789138794,0.1414024382829666,-0.5981645584106445
0.4551758749999989,0.0034223749999999996,133.0,2.3942785981137913,-0.11058010319590245,0.793840158390834,0.0018881595228035148,0.000272865864564915,0.0010159116703109053,0.06755040721805913,-0.11810770630836487,0.13925480842590332,-0.18030932545661926,0.1764575093984604,0.09454058110713959,0.044469356536865234,0.6500534415245056,0.4171833097934723,0.5344042181968689,0.9536592960357666,0.14609546959400177,-0.5981366634368896
0.4551758749999989,0.0034223749999999996,133.0,2.3487925311498423,-0.06696042402782827,0.7940127563091061,0.0018599156868033865,0.00028248754883504,0.0010160441999749708,0.06748846757326393,-0.14294275641441345,0.1545359045267105,-0.17908883094787598,0.1909680962562561,0.13360999524593353,0.06922173500061035,0.6811876893043518,0.42886117100715637,0.4295493960380554,1.0918807983398438,0.14833606779575348,-0.6249492764472961
0.4551758749999989,0.0034223749999999996,133.0,2.2981626358738523,-0.01382439835793484,0.7906402787595532,0.001744226909623939,8.321475386047591e-5,0.001010401460335168,0.06724241661895833,-0.21035009622573853,0.2778922915458679,-0.16894012689590454,0.47963371872901917,0.03700508549809456,0.09679841995239258,-0.036311984062194824,0.5163791179656982,-1.3030993938446045,1.8089523315429688,-0.18801958858966827,-0.9991562962532043
0.4551758749999989,0.0034223749999999996,133.0,2.24268507752507,0.03885104470986313,0.7919150188041089,0.00010301699883651464,-8.340306038049698e-6,6.3575785490984e-5,0.06653486436217983,-0.3497230112552643,0.1683531105518341,-0.14105767011642456,0.8266780972480774,-0.5212377309799194,0.6476690769195557,0.5988153219223022,0.14423829317092896,-1.5262001752853394,2.2016854286193848,-0.008299779146909714,-0.9696657657623291
0.4551758749999989,0.0034223749999999996,133.0,2.2819108862493986,0.06424701396070796,0.7936568119626591,-0.001726406068242859,-0.00015516243225839008,-0.0010631032762946982,0.0659654833097839,-0.3458535969257355,0.17600081861019135,-0.09759122133255005,1.0842771530151367,-0.49495822191238403,0.6166027784347534,0.4409881830215454,0.08239796757698059,-1.6078165769577026,2.109682559967041,0.17524099349975586,-1.1663323640823364
0.4551758749999989,0.0034223749999999996,133.0,2.3145768597438776,0.11511359080921282,0.8039178384941764,-0.001998859158878105,0.00011237636368571613,-0.0011895764077350433,0.06499144184981312,-0.40465477108955383,0.20929881930351257,-0.0009418129920959473,1.4612871408462524,-0.892924964427948,0.6644456386566162,-0.10558600723743439,0.2308117151260376,-1.9392322301864624,2.0989327430725098,0.5215808153152466,-1.6924501657485962
0.4551758749999989,0.0034223749999999996,133.0,2.349313343412855,0.16459062543328729,0.8130720280823059,-0.0020454374727513435,0.0002696797060861479,-0.0011363733511096392,0.0643952418618098,-0.433476060628891,0.23194676637649536,0.02971440553665161,1.5419538021087646,-1.1496655941009521,0.7040911912918091,-0.2522708773612976,0.3325231075286865,-2.056467294692993,2.0694360733032227,0.5010088086128235,-1.8752849102020264
0.4551758749999989,0.0034223749999999996,133.0,2.390550722228746,0.21003210811473821,0.8159502512391835,-0.0019477695529408322,0.0002735691360781108,-0.0010471919476444252,0.06426878138614475,-0.4368295967578888,0.23657365143299103,0.03568369150161743,1.5641865730285645,-1.1759850978851318,0.708964467048645,-0.22059346735477448,0.3337036669254303,-2.085096597671509,2.037799835205078,0.5425763726234436,-1.8990979194641113
0.4551758749999989,0.0034223749999999996,133.0,2.4319784516112737,0.25325311723504507,0.8175007055610626,-0.001791212863152481,0.00025762856988220624,-0.0009440045879591647,0.06421821721559326,-0.438336580991745,0.23953929543495178,0.04237872362136841,1.582109808921814,-1.2113792896270752,0.7172154188156128,-0.21842610836029053,0.33981987833976746,-2.0886828899383545,2.001455307006836,0.5817586183547974,-1.92329740524292
0.4551758749999989,0.0034223749999999996,133.0,2.4729301439374454,0.2950382086985054,0.8182485125116477,-0.001593166495362491,0.00022744533082378593,-0.000828068758876714,0.06421759775811056,-0.4356343448162079,0.24151886999607086,0.05357784032821655,1.626828670501709,-1.2119594812393188,0.7081221342086792,-0.22279919683933258,0.3171844482421875,-2.0804555416107178,1.9374771118164062,0.6327576637268066,-1.9453632831573486
0.4551758749999989,0.0034223749999999996,133.0,2.513070066237144,0.3359037119216961,0.8184558311675662,-0.0015026419734769628,0.00020759717563428447,-0.0007745957860081308,0.06421484630603298,-0.4383711516857147,0.24369202554225922,0.054664552211761475,1.6231544017791748,-1.245841383934021,0.7290513515472412,-0.1833256334066391,0.330056369304657,-2.095090627670288,1.9196200370788574,0.6646121144294739,-1.9548897743225098
0.4551758749999989,0.0034223749999999996,133.0,2.552627813323774,0.3760062188419931,0.8193697744667258,-0.0012904927920591052,0.00017561051913762824,-0.0006542358746977261,0.06418622674950795,-0.43948861956596375,0.24564148485660553,0.06048554182052612,1.6435106992721558,-1.2661598920822144,0.738012433052063,-0.16724254190921783,0.32611122727394104,-2.101203203201294,1.8827834129333496,0.7020511627197266,-1.9714560508728027
0.4551758749999989,0.0034223749999999996,133.0,2.5913308375501782,0.4152139681883515,0.8203019973621501,-0.001127141776456563,0.00015077778611928186,-0.000562015046881102,0.06416905745586045,-0.43776074051856995,0.24706152081489563,0.07009902596473694,1.685115098953247,-1.2597897052764893,0.7318111658096313,-0.15982404351234436,0.3003529906272888,-2.1004478931427,1.8297224044799805,0.7504379749298096,-1.9872994422912598
0.4551758749999989,0.0034223749999999996,133.0,2.629012931783452,0.4535864640901962,0.8209727384259053,-0.0009191003047142022,0.0001210318655976251,-0.0004521494041534438,0.06415627323325367,-0.43873581290245056,0.2486903965473175,0.07574060559272766,1.7040294408798218,-1.2795662879943848,0.7380847930908203,-0.14358724653720856,0.29584065079689026,-2.107081413269043,1.7933034896850586,0.7894843220710754,-2.001861572265625
0.4551758749999989,0.0034223749999999996,133.0,2.665873747226203,0.4910806038835374,0.8215782402989513,-0.0007334056628940439,9.489909082387171e-5,-0.000356327793490811,0.06414574102126032,-0.4396059215068817,0.25013086199760437,0.08109161257743835,1.7220895290374756,-1.296507716178894,0.7433376312255859,-0.12720662355422974,0.29026511311531067,-2.112156867980957,1.7585639953613281,0.8272589445114136,-2.014493703842163
0.4551758749999989,0.0034223749999999996,133.0,2.701901195259862,0.5277162139146153,0.822150976673192,-0.0005553434287602149,7.054731816517299e-5,-0.00026665697839805587,0.0641352206912996,-0.4404654800891876,0.2514025568962097,0.08597448468208313,1.739067792892456,-1.3098888397216797,0.748139500617981,-0.11054226756095886,0.28362858295440674,-2.115807056427002,1.7266921997070312,0.8623079061508179,-2.024970054626465
0.4551758749999989,0.0034223749999999996,133.0,2.737108976427605,0.5634791147750337,0.8226593959910152,-0.00038256554161044087,4.7642298684574946e-5,-0.0001817311867388871,0.06412592664557096,-0.4412618577480316,0.252523809671402,0.09039333462715149,1.7549622058868408,-1.318817138671875,0.7520983219146729,-0.09404586255550385,0.27579277753829956,-2.117227792739868,1.697801113128662,0.8945869207382202,-2.033139705657959
0.4551758749999989,0.0034223749999999996,133.0,2.771442095582721,0.5983966105031576,0.8231153832895224,-0.00021501200525536658,2.621739732052609e-5,-0.000101186461871067,0.06411502577805529,-0.4420856535434723,0.25354185700416565,0.09433743357658386,1.769848346710205,-1.3228832483291626,0.7551509141921997,-0.07875816524028778,0.2668438255786896,-2.1165268421173096,1.6727228164672852,0.923187792301178,-2.0391671657562256
0.4551758749999989,0.0034223749999999996,133.0,2.804288750842108,0.6325804874174791,0.8229866076080119,-6.414715657455061e-5,7.64363502114347e-6,-3.0145105513540535e-5,0.06410913115709775,-0.4465007483959198,0.2558805048465729,0.09376451373100281,1.760298490524292,-1.3517985343933105,0.7817753553390503,-0.051449310034513474,0.2819681465625763,-2.1275267601013184,1.6714653968811035,0.9335967302322388,-2.0449957847595215
0.4551758749999989,0.0034223749999999996,133.0,2.836283027080008,0.6659966655621999,0.8233252420220253,0.00013875115523659113,-1.6425995240747527e-5,6.480857284692921e-5,0.06408357381390772,-0.45068010687828064,0.2580528259277344,0.09585681557655334,1.7639994621276855,-1.3732523918151855,0.8001182079315186,-0.043464262038469315,0.28933000564575195,-2.132863998413086,1.664644718170166,0.9421436190605164,-2.0561769008636475
0.4551758749999989,0.0034223749999999996,133.0,2.868936814923483,0.6963560123455635,0.8218000547508998,0.00032759825440551723,-3.732967275247917e-5,0.00015037673260539418,0.06424198045412256,-0.4461595118045807,0.2572333514690399,0.10405030846595764,1.7880885601043701,-1.3741378784179688,0.7661960124969482,-0.06464098393917084,0.2727087140083313,-2.108473300933838,1.6134305000305176,0.9926851987838745,-2.063586950302124
0.4551758749999989,0.0034223749999999996,133.0,2.899334338390532,0.728075095106871,0.8221675458179514,0.0005189064968070612,-5.8639319399627425e-5,0.0002364633737900045,0.06422473871296563,-0.45020541548728943,0.2592463195323944,0.10665252804756165,1.7914401292800903,-1.4036327600479126,0.7854427099227905,-0.05066590756177902,0.28122562170028687,-2.1203556060791016,1.601290225982666,1.0116068124771118,-2.0756359100341797
0.4551758749999989,0.0034223749999999996,133.0,2.9297349874427048,0.7587906582722784,0.8232525426312858,0.0007475036706524174,-8.267108821806951e-5,0.0003351912129467306,0.06419169655672816,-0.44955936074256897,0.2596279978752136,0.11398908495903015,1.8266836404800415,-1.3871532678604126,0.7765474319458008,-0.03761478140950203,0.2514570951461792,-2.1269195079803467,1.5658745765686035,1.0533246994018555,-2.081078290939331
0.4551758749999989,0.0034223749999999996,133.0,2.9593453847031013,0.7885779610960867,0.8240560124880287,0.0009118058953095532,-9.799396383387187e-5,0.00040340982301406854,0.06417514658646652,-0.44874170422554016,0.25961166620254517,0.11959698796272278,1.8521945476531982,-1.3763282299041748,0.7693426609039307,-0.017483454197645187,0.22685140371322632,-2.1319169998168945,1.5327637195587158,1.0963398218154907,-2.082022190093994
0.4551758749999989,0.0034223749999999996,133.0,2.988040097061287,0.8175777069307008,0.825310465986154,0.0011227414690862649,-0.00012080790864535573,0.0004886903242414322,0.06414466429335518,-0.4482872188091278,0.25975462794303894,0.1276552975177765,1.8855425119400024,-1.3680663108825684,0.753631591796875,-0.026062481105327606,0.2038470208644867,-2.1282951831817627,1.4986484050750732,1.1315624713897705,-2.0922369956970215
0.4551758749999989,0.0034223749999999996,133.0,3.0153536022420577,0.8457921837727481,0.8255722910300667,0.0012843528976206032,-0.00013672879890652318,0.0005554969892948284,0.06414177922695793,-0.45103713870048523,0.2609567940235138,0.12909308075904846,1.882958173751831,-1.3966401815414429,0.7689542770385742,-0.006875086575746536,0.21232497692108154,-2.1373376846313477,1.4850711822509766,1.155654788017273,-2.098353862762451
0.4551758749999989,0.0034223749999999996,133.0,3.042214844520472,0.8730722413728391,0.8262824748811635,0.0014662515371992267,-0.00015458748759871022,0.0006271879446159321,0.06412791275996789,-0.4518038332462311,0.2613546550273895,0.1332438886165619,1.8983533382415771,-1.3990894556045532,0.7668896913528442,0.003714757040143013,0.20053336024284363,-2.1410396099090576,1.4626092910766602,1.1846585273742676,-2.1020114421844482
0.4551758749999989,0.0034223749999999996,133.0,3.068557234805651,0.8993587086143205,0.8266599799941172,0.001683565952946458,-0.00017155346200368904,0.0007139618550128123,0.0641276188011683,-0.4511273205280304,0.2612106204032898,0.136703222990036,1.9137697219848633,-1.390963077545166,0.7619547843933105,0.025053247809410095,0.1812146008014679,-2.1471402645111084,1.4372496604919434,1.220382809638977,-2.098195791244507
0.4551758749999989,0.0034223749999999996,133.0,3.0938175023436347,0.9249326168104264,0.8272099064724764,0.0019050968963240525,-0.00019247512967175915,0.0008010646787603475,0.06411392694590563,-0.4507441818714142,0.2613244354724884,0.14220669865608215,1.9340574741363525,-1.3853570222854614,0.7481204271316528,0.017364654690027237,0.16549670696258545,-2.146912097930908,1.4132897853851318,1.249289631843567,-2.102701425552368
0.4551758749999989,0.0034223749999999996,133.0,3.117907506762564,0.9497293467453747,0.8275420789088148,0.0021507362450480963,-0.00021570930391115605,0.0008984973779186246,0.06410530327206808,-0.45144763588905334,0.2613754868507385,0.14579817652702332,1.940820336341858,-1.39884352684021,0.7446321249008179,0.015928659588098526,0.16215401887893677,-2.152536630630493,1.3918852806091309,1.2790130376815796,-2.1062068939208984
0.4551758749999989,0.0034223749999999996,133.0,3.141191045900558,0.9736589496298585,0.8276650973961862,0.0023324209665412437,-0.00023150317893906304,0.0009704671205867433,0.06410448669867773,-0.4507612884044647,0.26067039370536804,0.1505052149295807,1.9474008083343506,-1.4108158349990845,0.7304813861846924,0.0024280711077153683,0.1572083830833435,-2.1560137271881104,1.364881992340088,1.3176872730255127,-2.107879400253296
0.4551758749999989,0.0034223749999999996,133.0,3.1635652701147685,0.9967753472181198,0.8276729849541063,0.002563282015251621,-0.0002499031871023634,0.0010632322446230448,0.06410448082718301,-0.44937863945961,0.25936293601989746,0.15231093764305115,1.9405726194381714,-1.4236390590667725,0.7261443138122559,0.014120507054030895,0.15287697315216064,-2.1763672828674316,1.3386459350585938,1.3718053102493286,-2.0969648361206055
0.4551758749999989,0.0034223749999999996,133.0,3.1855161151082605,1.0189167443629827,0.8281149343108967,0.002799491712942751,-0.0002705175442491881,0.0011524881641451297,0.06409945076566155,-0.435689240694046,0.25095418095588684,0.1601909101009369,1.9570128917694092,-1.3683879375457764,0.6591125726699829,-0.024899084120988846,0.1060764491558075,-2.143113374710083,1.263967752456665,1.4517498016357422,-2.066195249557495
0.4551758749999989,0.0034223749999999996,133.0,3.206451129232805,1.040298439838496,0.8282458254649591,0.00304740802518645,-0.00029056040737225115,0.0012489909421497757,0.06409869335453346,-0.4120260179042816,0.23575735092163086,0.165778249502182,1.9416661262512207,-1.2930152416229248,0.5692143440246582,-0.08838687837123871,0.059687674045562744,-2.071441650390625,1.1573784351348877,1.5511691570281982,-2.0038716793060303
0.4551758749999989,0.0034223749999999996,133.0,3.227191555027633,1.0606319704349303,0.829420179651196,0.0033035839643989584,-0.00032160760525840813,0.0013334438755491843,0.0640777704893589,-0.38775166869163513,0.22125926613807678,0.17470142245292664,1.9429384469985962,-1.18895423412323,0.4620485305786133,-0.16780273616313934,-0.002228856086730957,-1.9937776327133179,1.049208164215088,1.6304209232330322,-1.9423315525054932
0.4551758749999989,0.0034223749999999996,133.0,3.246805946695117,1.0802326067880752,0.8301939566001657,0.003500853454674797,-0.000342654250106673,0.0013999411642597861,0.06407408312495914,-0.36473754048347473,0.20690776407718658,0.17972096800804138,1.9224228858947754,-1.0978364944458008,0.3711433410644531,-0.23033753037452698,-0.04874908924102783,-1.9222477674484253,0.9517538547515869,1.6999213695526123,-1.874636173248291
0.4551758749999989,0.0034223749999999996,133.0,3.265858234691094,1.0988458438623043,0.8311183195782403,0.0037258897049776574,-0.0003669312049808645,0.0014718045431043793,0.06406757750368466,-0.34796473383903503,0.19765177369117737,0.18846318125724792,1.9303542375564575,-1.0074827671051025,0.28415584564208984,-0.28801077604293823,-0.10309547185897827,-1.8676588535308838,0.8709516525268555,1.7367405891418457,-1.8274483680725098
0.4551758749999989,0.0034223749999999996,133.0,3.283559479225072,1.1166352172937426,0.8311384484408301,0.0039142241504611834,-0.00039451857815841183,0.0015402884147576572,0.06409783982607746,-0.32417622208595276,0.1822306513786316,0.19251307845115662,1.8926039934158325,-0.9300382733345032,0.19429326057434082,-0.38353344798088074,-0.1294611692428589,-1.771601915359497,0.7730755805969238,1.7696990966796875,-1.7625179290771484
0.4551758749999989,0.0034223749999999996,133.0,3.301122701906745,1.1334352785352277,0.8316743535006178,0.004140236742229917,-0.0004155920321632659,0.0016141897992262189,0.06410993229761212,-0.2767968475818634,0.1668165624141693,0.21183070540428162,1.8362089395523071,0.035295017063617706,-0.32374095916748047,-0.7325031161308289,-0.33004093170166016,-2.2381064891815186,1.0663225650787354,1.3185319900512695,-1.4989378452301025
0.4551758749999989,0.0034223749999999996,133.0,3.317733590534324,1.1493634040320422,0.8321871998993966,0.004333713998971166,-0.0004488674154971813,0.0016841368989866825,0.06413296594928036,-0.25780144333839417,0.15631365776062012,0.21178343892097473,1.8006690740585327,0.07158040255308151,-0.3793008327484131,-0.7760862708091736,-0.34558427333831787,-2.1641042232513428,0.979604959487915,1.311979055404663,-1.4475533962249756
0.4551758749999989,0.0034223749999999996,133.0,3.3336402996969943,1.1643331323474495,0.8324241794367464,0.004525380918573357,-0.0004784549390123161,0.0017530443885657315,0.06416397566176305,-0.24411264061927795,0.14967960119247437,0.21476593613624573,1.7820489406585693,0.10048511624336243,-0.4257845878601074,-0.8148099780082703,-0.36244451999664307,-2.0984926223754883,0.9016518592834473,1.2901920080184937,-1.411691665649414
0.4551758749999989,0.0034223749999999996,133.0,3.3489055681848225,1.1784587382671974,0.8329297070001807,0.004674605917648899,-0.0005060303009712174,0.0018032682526525957,0.06419537461028231,-0.2322041392326355,0.14361847937107086,0.21540072560310364,1.7605748176574707,0.12266033887863159,-0.46032118797302246,-0.8415584564208984,-0.37154704332351685,-2.047496795654297,0.8422486782073975,1.2730445861816406,-1.3808916807174683
0.4551758749999989,0.0034223749999999996,133.0,3.3631317640621674,1.191789641447452,0.8334471061374124,0.00480742966132443,-0.0005395225053208793,0.0018457987866544185,0.06423037170009277,-0.2229662537574768,0.14023195207118988,0.2171417772769928,1.7487274408340454,0.14658458530902863,-0.4902167320251465,-0.8585610389709473,-0.3814435601234436,-2.008054256439209,0.7903785705566406,1.2470422983169556,-1.358927607536316
0.4551758749999989,0.0034223749999999996,133.0,3.3769253716152456,1.2043488407803198,0.834461881929784,0.004953664928772681,-0.0005697418135318883,0.0018887599989720332,0.06424578937642075,-0.2145829200744629,0.13667896389961243,0.21892139315605164,1.7372643947601318,0.16700896620750427,-0.5173370838165283,-0.8734902739524841,-0.38982445001602173,-1.9724187850952148,0.7415826320648193,1.2222554683685303,-1.3388752937316895
0.4551758749999989,0.0034223749999999996,133.0,3.390333224373023,1.215770282304393,0.8349093085051992,0.005107974065758402,-0.0005853761232436171,0.0019358623123276655,0.0642737072400243,-0.20750242471694946,0.13467732071876526,0.22087344527244568,1.725235939025879,0.19469310343265533,-0.5436916351318359,-0.8786362409591675,-0.39768362045288086,-1.9406487941741943,0.7028467655181885,1.1962136030197144,-1.318842887878418
0.4551758749999989,0.0034223749999999996,133.0,3.40277798956906,1.2265794701165738,0.8357044548785751,0.005268026487386367,-0.0006033784054948659,0.0019827304500437673,0.06428518599627003,-0.20425662398338318,0.13604673743247986,0.22314545512199402,1.7237125635147095,0.22266480326652527,-0.5608565807342529,-0.8756285905838013,-0.4042324423789978,-1.9323631525039673,0.6824245452880859,1.1716532707214355,-1.3107008934020996
0.4551758749999989,0.0034223749999999996,133.0,3.414401694549264,1.2366378124102166,0.8364397230058821,0.005423018274398753,-0.0006153348853677171,0.0020285824173693003,0.06429461808783977,-0.2029866874217987,0.1411811113357544,0.23136702179908752,1.7435798645019531,0.24560071527957916,-0.5819933414459229,-0.8846588730812073,-0.42161405086517334,-1.9063940048217773,0.6357948780059814,1.1038720607757568,-1.3127083778381348
0.4551758749999989,0.0034223749999999996,133.0,3.424896422446384,1.2459284474686956,0.8369443806563237,0.00560286884723266,-0.0006214058782950515,0.002079182499663139,0.06431108237632277,-0.2001132071018219,0.14197510480880737,0.2337910234928131,1.7411798238754272,0.26687437295913696,-0.5968055725097656,-0.8849624395370483,-0.4271518588066101,-1.8937485218048096,0.6137030124664307,1.079857349395752,-1.304675817489624
0.4551758749999989,0.0034223749999999996,133.0,3.4337636440649137,1.256625806709082,0.8399855376294655,0.005856482351996409,-0.0006647903607953832,0.002168744842269822,0.06412876737150598,-0.20139369368553162,0.1456436961889267,0.23081406950950623,1.736960768699646,0.2921558618545532,-0.5927431583404541,-0.8656024932861328,-0.4190558195114136,-1.9303945302963257,0.6426751613616943,1.082327961921692,-1.3087984323501587
0.4551758749999989,0.0034223749999999996,133.0,3.442829771159472,1.2642523347414214,0.8408794982244732,0.006129287720349927,-0.0006983606662988807,0.002259501582982946,0.06412895000685366,-0.20114776492118835,0.14785277843475342,0.23102238774299622,1.7357805967330933,0.3145410120487213,-0.5972428321838379,-0.8561870455741882,-0.42014116048812866,-1.9412941932678223,0.646284818649292,1.07619047164917,-1.3066158294677734
0.4551758749999989,0.0034223749999999996,133.0,3.4505761714557988,1.271147258508737,0.8411926663920383,0.00654683650472992,-0.0007339665417531871,0.0023962917225156723,0.0641419610303874,-0.20086601376533508,0.15104520320892334,0.2348107397556305,1.7443233728408813,0.33149227499961853,-0.6068906784057617,-0.8585644960403442,-0.4280104637145996,-1.933876395225525,0.6259253025054932,1.0436275005340576,-1.3070943355560303
0.4551758749999989,0.0034223749999999996,133.0,3.457599138233363,1.2772416127490858,0.841624452790632,0.007245006424790452,-0.000801547061738743,0.0026306819650229706,0.06414612983008133,-0.2003885805606842,0.15285545587539673,0.23733660578727722,1.7488322257995605,0.3424869775772095,-0.6141953468322754,-0.8633469343185425,-0.4319612979888916,-1.927590250968933,0.6100070476531982,1.0225861072540283,-1.30751371383667
0.4551758749999989,0.0034223749999999996,133.0,3.463790819212138,1.2825509908237185,0.8418587131486635,0.00881737937507766,-0.000983929835954896,0.0031898991822831187,0.06415821867699315,-0.20002323389053345,0.15492604672908783,0.24013689160346985,1.7532687187194824,0.3523339033126831,-0.6224572658538818,-0.8748621344566345,-0.43449437618255615,-1.9150357246398926,0.5903823375701904,0.9951251745223999,-1.3091984987258911
0.4551758749999989,0.0034223749999999996,133.0,3.4691351838815025,1.287660830560737,0.8424091944783172,0.016415884830454613,-0.0019040605536476672,0.005752829669579316,0.06412842338112056,-0.20010215044021606,0.15457035601139069,0.2439495027065277,1.752728819847107,0.3618610203266144,-0.6364912986755371,-0.9314656257629395,-0.4277281165122986,-1.8761661052703857,0.5522022247314453,0.9632918834686279,-1.3148565292358398
0.4551758749999989,0.0034223749999999996,133.0,3.4857533907430787,-1.2227536885686296,0.7875224433514887,-0.013832154791097024,-0.0009198772545430332,-0.006961941559816789,0.06821363682705019,-0.017867326736450195,0.1577039361000061,-0.15750160813331604,0.8505976796150208,0.2947514057159424,-1.0712535381317139,0.5344744324684143,0.17838439345359802,-0.2613382935523987,0.5053331851959229,0.25055548548698425,-1.0300006866455078
0.4551758749999989,0.0034223749999999996,133.0,3.481167140305033,-1.2176431667418988,0.7880744756129014,-0.007468875430645243,-0.00044100158649997874,-0.003769243848426484,0.06816690940981839,-0.018065661191940308,0.16021881997585297,-0.15749946236610413,0.849565863609314,0.2743077278137207,-1.0675323009490967,0.545933723449707,0.17571577429771423,-0.26115575432777405,0.5305864810943604,0.21686208248138428,-1.0258058309555054
0.4551758749999989,0.0034223749999999996,133.0,3.4753933295648305,-1.2119205604635264,0.7881156791351479,-0.006139321465985454,-0.00034888908681970557,-0.0030960208476546926,0.06814300226533557,-0.019581079483032227,0.16060899198055267,-0.15964940190315247,0.8453878164291382,0.2775658667087555,-1.058804988861084,0.5668638944625854,0.17561647295951843,-0.24667300283908844,0.5353007316589355,0.18442870676517487,-1.0214202404022217
0.4551758749999989,0.0034223749999999996,133.0,3.4691227889768643,-1.2059342011428242,0.788112068419956,-0.005551249184328261,-0.00032121536105712015,-0.002801453286008174,0.06813528669655183,-0.02109771966934204,0.16162967681884766,-0.1610516905784607,0.8435187339782715,0.2768118977546692,-1.0518662929534912,0.5784924030303955,0.174732506275177,-0.23393495380878448,0.5361955165863037,0.1566302478313446,-1.0185282230377197
0.4551758749999989,0.0034223749999999996,133.0,3.461668019948364,-1.1988214515802023,0.7881017068780325,-0.005212025946569537,-0.00030405581722688573,-0.0026291462630008314,0.06811845214275028,-0.022805392742156982,0.1612379401922226,-0.16406407952308655,0.8371556997299194,0.2816775441169739,-1.042285442352295,0.6047430634498596,0.1760726273059845,-0.21326249837875366,0.5374789237976074,0.1236601248383522,-1.013467788696289
0.4551758749999989,0.0034223749999999996,133.0,3.452929388220122,-1.192838758297001,0.785528987087276,-0.0049700876811849615,-0.0003534992511383991,-0.0025050257003674564,0.06818564392066478,-0.023168832063674927,0.1602129340171814,-0.16651961207389832,0.8292861580848694,0.2806404232978821,-1.0365383625030518,0.6276175379753113,0.17778009176254272,-0.18658804893493652,0.5344154834747314,0.09231774508953094,-1.0072839260101318
0.4551758749999989,0.0034223749999999996,133.0,3.4438882126634747,-1.1844350240569494,0.7856055777806905,-0.004773767718181187,-0.0003457310604277538,-0.0024073709552253587,0.06817350805837684,-0.025443226099014282,0.15978553891181946,-0.1699608862400055,0.8209307193756104,0.28476011753082275,-1.0252151489257812,0.658089280128479,0.1796691119670868,-0.16032293438911438,0.5354351997375488,0.05236528068780899,-1.0007622241973877
0.4551758749999989,0.0034223749999999996,133.0,3.4341120508497767,-1.175015278927258,0.7855507154311131,-0.004627049108993615,-0.00033588580938867204,-0.002331577721485523,0.06816268955492719,-0.026798635721206665,0.15974847972393036,-0.17245104908943176,0.8144575357437134,0.2826623320579529,-1.0166947841644287,0.6783605217933655,0.1808338463306427,-0.13736450672149658,0.5333080291748047,0.019803771749138832,-0.9953624606132507
0.4551758749999989,0.0034223749999999996,133.0,3.423534489323071,-1.1649538272989859,0.7854768628880348,-0.004494945809512806,-0.0003444775560881766,-0.0022631677669063687,0.06814967699372791,-0.0289326012134552,0.15951211750507355,-0.17572006583213806,0.8043691515922546,0.2817855775356293,-1.0047640800476074,0.7077030539512634,0.18290886282920837,-0.10520265251398087,0.5315957069396973,-0.025074489414691925,-0.987247884273529
0.4551758749999989,0.0034223749999999996,133.0,3.412087733720838,-1.1541313223672904,0.7856518157114711,-0.0043621176134052845,-0.0003424775417942573,-0.0021970406092189235,0.06813931159520775,-0.030610710382461548,0.157904714345932,-0.18008363246917725,0.7874987721443176,0.28175345063209534,-0.9869503974914551,0.745361864566803,0.18879443407058716,-0.08006681501865387,0.5333757400512695,-0.058102309703826904,-0.9763123393058777
0.4551758749999989,0.0034223749999999996,133.0,3.399928254555748,-1.142288230246728,0.7857213600484431,-0.00423956677755007,-0.0003348096665854055,-0.002134790640705975,0.06813169218110568,-0.03110736608505249,0.15637840330600739,-0.18382662534713745,0.7676079273223877,0.27294057607650757,-0.9683370590209961,0.7758595943450928,0.19591408967971802,-0.057581402361392975,0.5319125652313232,-0.08652724325656891,-0.9635761976242065
0.4551758749999989,0.0034223749999999996,133.0,3.3871466934162515,-1.129755698607151,0.7855511819549762,-0.0041146419677344885,-0.00033490508812201205,-0.0020681972500100625,0.06812869215903644,-0.031177043914794922,0.1542455554008484,-0.18762308359146118,0.7433716058731079,0.26475441455841064,-0.9462316036224365,0.8081461191177368,0.20422828197479248,-0.040147945284843445,0.5307116508483887,-0.10359900444746017,-0.94776451587677
0.4551758749999989,0.0034223749999999996,133.0,3.3735829131813957,-1.1161702718282265,0.7854814301097395,-0.00400540054703921,-0.00031863016150443995,-0.002014959949229703,0.0681322560600132,-0.03003808856010437,0.15259814262390137,-0.19026362895965576,0.7169913649559021,0.24803708493709564,-0.9266111850738525,0.8297892212867737,0.21236935257911682,-0.01767522282898426,0.5229642391204834,-0.12376290559768677,-0.9295578598976135
0.4551758749999989,0.0034223749999999996,133.0,3.359184637475811,-1.1016907313170523,0.7853773380691673,-0.0038667438045631,-0.00029849228026747446,-0.0019475675809281412,0.06813711215798113,-0.027934283018112183,0.1488226056098938,-0.19281889498233795,0.6788415908813477,0.2266075164079666,-0.9037554264068604,0.8570930361747742,0.2252330482006073,0.0024024294689297676,0.5160157680511475,-0.12833192944526672,-0.9044538140296936
0.4551758749999989,0.0034223749999999996,133.0,3.3436738149150895,-1.0863334468697035,0.7853637053014881,-0.0036913130501758274,-0.00028306767380345863,-0.0018649635270999434,0.06812930728765104,-0.02737101912498474,0.14548765122890472,-0.19434529542922974,0.6427825689315796,0.20637431740760803,-0.8825149536132812,0.8829634785652161,0.23624098300933838,0.03194250166416168,0.5095033645629883,-0.13915152847766876,-0.8795300722122192
0.4551758749999989,0.0034223749999999996,133.0,3.3272825811031916,-1.0700335756469606,0.7853502075748218,-0.0035285718629352552,-0.0002638638168134244,-0.0017862178332212347,0.06812009669984359,-0.02758878469467163,0.14297209680080414,-0.19481657445430756,0.596742570400238,0.17999154329299927,-0.8466966152191162,0.9030707478523254,0.24761104583740234,0.06167000159621239,0.5027365684509277,-0.14659366011619568,-0.8449926972389221
0.4551758749999989,0.0034223749999999996,133.0,3.3100100550096956,-1.0530402429472931,0.7854961545269398,-0.003342583361788415,-0.0002468004897389043,-0.0016980915581963157,0.06810714307887565,-0.0280589759349823,0.13922734558582306,-0.19348889589309692,0.5461670160293579,0.14678913354873657,-0.8094511032104492,0.9202441573143005,0.26134616136550903,0.0956980511546135,0.49765753746032715,-0.13883019983768463,-0.808360755443573
0.4551758749999989,0.0034223749999999996,133.0,3.2920437085453425,-1.0350163193398165,0.7854793273865287,-0.003165067721372526,-0.00022306625637650497,-0.0016160497276052484,0.0681029092006407,-0.027440130710601807,0.13480424880981445,-0.18852563202381134,0.48639145493507385,0.1017274558544159,-0.7658674716949463,0.9218429327011108,0.27750164270401,0.10751725733280182,0.4989128112792969,-0.08430058509111404,-0.7650840282440186
0.4551758749999989,0.0034223749999999996,133.0,3.2731078326345378,-1.0162915693439534,0.7854037210441868,-0.0029827122469385644,-0.0002154039527228707,-0.0015263999387983842,0.06808374278569751,-0.07645520567893982,0.18285492062568665,-0.16052687168121338,0.5924545526504517,0.09897922724485397,-0.8001704216003418,0.4003942906856537,0.43618714809417725,-0.24823905527591705,0.728764533996582,-0.02979130484163761,-1.0324435234069824
0.4551758749999989,0.0034223749999999996,133.0,3.25349860750975,-0.9969032898035687,0.7853289487126959,-0.0028190968110971245,-0.00020938303021266359,-0.001446231791616421,0.06807103567936176,-0.08113133907318115,0.17524465918540955,-0.15704035758972168,0.5279455184936523,0.0866445004940033,-0.7411954402923584,0.42828983068466187,0.4400784969329834,-0.19160467386245728,0.7795364856719971,0.029530024155974388,-0.971889317035675
0.4551758749999989,0.0034223749999999996,133.0,3.2331168355511872,-0.9765066722835701,0.7851654581072373,-0.0026047075576134185,-0.00019398755308049718,-0.0013399991944596128,0.06806209373186918,-0.08443784713745117,0.16888968646526337,-0.15155717730522156,0.4674413204193115,0.0682767853140831,-0.6756305694580078,0.43574321269989014,0.44186803698539734,-0.1492130160331726,0.8238883018493652,0.1079166904091835,-0.9132489562034607
0.4551758749999989,0.0034223749999999996,133.0,3.2118290912399075,-0.9560856650027677,0.7854424784269891,-0.002392294165884115,-0.0001865484438888789,-0.0012329545552950537,0.06804858807520747,-0.08901092410087585,0.15923351049423218,-0.14475232362747192,0.4047548770904541,0.057187676429748535,-0.5953576564788818,0.45402491092681885,0.45648473501205444,-0.08827880024909973,0.8686389923095703,0.1850733608007431,-0.865290641784668
0.4551758749999989,0.0034223749999999996,133.0,3.1897351592773293,-0.9339549536155553,0.7851723974202168,-0.0021912727294552525,-0.00017087410382493433,-0.0011302187990488105,0.06803982468617704,-0.0924902856349945,0.1551385521888733,-0.13847094774246216,0.3536086678504944,0.03927474468946457,-0.485213041305542,0.4306097626686096,0.45936936140060425,-0.0841364786028862,0.9117558002471924,0.2659781575202942,-0.817202627658844
0.4551758749999989,0.0034223749999999996,133.0,3.1666396744830956,-0.9108397521959072,0.7847984807876051,-0.001991513330236672,-0.00015825664254110668,-0.0010265379288785042,0.0680244377558348,-0.09446129202842712,0.15280860662460327,-0.13642150163650513,0.32129427790641785,0.035210493952035904,-0.3875565528869629,0.40641477704048157,0.45287030935287476,-0.0604378804564476,0.9316377639770508,0.2834531366825104,-0.778470516204834
0.4551758749999989,0.0034223749999999996,133.0,3.1426245476973818,-0.8865755752818367,0.7842128057707739,-0.0018316633682850768,-0.00014785648510741087,-0.0009429672941222466,0.06800827707772142,-0.0932055413722992,0.1526782512664795,-0.14008134603500366,0.31412091851234436,0.04193362593650818,-0.35454249382019043,0.39514973759651184,0.4322676956653595,-0.005992471240460873,0.9171493053436279,0.2401019036769867,-0.7506209015846252
0.4551758749999989,0.0034223749999999996,133.0,3.117961037252034,-0.8617793158740449,0.783904547527183,-0.0016343765689264746,-0.00013139353795547795,-0.0008434878126838003,0.06799957057377841,-0.09146583080291748,0.15232351422309875,-0.14300411939620972,0.31021636724472046,0.04200411215424538,-0.34770870208740234,0.39298439025878906,0.41886231303215027,0.02260885387659073,0.9055345058441162,0.2270909547805786,-0.7332544922828674
0.4551758749999989,0.0034223749999999996,133.0,3.0923960077475687,-0.8364556844458273,0.7838300005020352,-0.0014518112924410958,-0.0001210393489602027,-0.0007513341079547897,0.0679849120937492,-0.09107038378715515,0.15040647983551025,-0.1445995271205902,0.3003383278846741,0.04625275358557701,-0.32647204399108887,0.39751332998275757,0.4146312475204468,0.06000905483961105,0.8994200229644775,0.2143278419971466,-0.719115674495697
0.4551758749999989,0.0034223749999999996,133.0,3.066096280427126,-0.8105678537625184,0.7837424233450296,-0.0012718112420532911,-0.00010923276589192518,-0.0006585682181919934,0.06797412070895391,-0.09080362319946289,0.14765900373458862,-0.14571607112884521,0.2883657217025757,0.051147088408470154,-0.3020443916320801,0.4041197597980499,0.4139978289604187,0.09870775789022446,0.8942098617553711,0.20617224276065826,-0.7064746618270874
0.4551758749999989,0.0034223749999999996,133.0,3.039018091394925,-0.7836125060273577,0.7834859311972074,-0.0011226828161437145,-9.8854740811428e-5,-0.0005813613161407456,0.06796378350426903,-0.09054839611053467,0.1466854065656662,-0.1474829912185669,0.28298598527908325,0.05248013883829117,-0.28583788871765137,0.41064104437828064,0.4098118245601654,0.12701936066150665,0.8883602619171143,0.19551309943199158,-0.696884036064148
0.4551758749999989,0.0034223749999999996,133.0,3.011267335652261,-0.7559076624188282,0.7832192089786607,-0.0009896129400147494,-8.831411596845585e-5,-0.0005127111946754768,0.06795993291408212,-0.08966702222824097,0.1456417739391327,-0.1491508185863495,0.27788856625556946,0.049233030527830124,-0.2760167121887207,0.41627582907676697,0.40558043122291565,0.1445370763540268,0.8825783729553223,0.19691164791584015,-0.6875307559967041
0.4551758749999989,0.0034223749999999996,133.0,2.9824242323954007,-0.7273724767686843,0.7829391045424714,-0.0008172715111041872,-7.488115271566558e-5,-0.00042244598427792606,0.06794759236768232,-0.09047630429267883,0.14446499943733215,-0.1504780650138855,0.27186059951782227,0.05331236124038696,-0.2552821636199951,0.4256478250026703,0.4049122631549835,0.17995288968086243,0.8794748783111572,0.18291965126991272,-0.6808111667633057
0.4551758749999989,0.0034223749999999996,133.0,2.952763016978189,-0.6981066923939866,0.782765521967143,-0.000686194694320634,-6.512768281123102e-5,-0.00035449941463082743,0.06793533022671684,-0.09134763479232788,0.1428903192281723,-0.15133878588676453,0.2630866765975952,0.05727006122469902,-0.2311849594116211,0.43649306893348694,0.40732184052467346,0.21172885596752167,0.8783059120178223,0.17622922360897064,-0.674439549446106
0.4551758749999989,0.0034223749999999996,133.0,2.9222079793296434,-0.6677638421704659,0.7825107244616449,-0.000515088835626635,-5.026166010061862e-5,-0.00026643454337711123,0.06792026924880691,-0.09261223673820496,0.14292392134666443,-0.15267768502235413,0.2591954469680786,0.059057049453258514,-0.21449899673461914,0.4464276134967804,0.4063040018081665,0.22876425087451935,0.8801760673522949,0.1721729040145874,-0.6695623993873596
0.4551758749999989,0.0034223749999999996,133.0,2.890859826183489,-0.636243756953089,0.7820990596840162,-0.00032356810009478943,-3.1369444297831426e-5,-0.00016762208487188887,0.0679078057318831,-0.09360536932945251,0.14507317543029785,-0.1550706923007965,0.263418972492218,0.0560578852891922,-0.21455788612365723,0.4514816105365753,0.3970927596092224,0.2258106768131256,0.8835694789886475,0.17106112837791443,-0.6646215319633484
0.4551758749999989,0.0034223749999999996,133.0,2.8585973423190545,-0.6039862675152567,0.7817558077648991,-0.00015122065354583676,-1.4890444650895253e-5,-7.857779263590677e-5,0.06789071398367962,-0.09517908096313477,0.14664559066295624,-0.1570187211036682,0.264604777097702,0.05680348724126816,-0.20689964294433594,0.4593147933483124,0.39129579067230225,0.23046831786632538,0.8883235454559326,0.16717283427715302,-0.6600611209869385
0.4551758749999989,0.0034223749999999996,133.0,2.825518620855278,-0.5715301142170668,0.7816689548724223,1.676332704064927e-5,1.7272863947945721e-6,8.750182999537201e-6,0.0678756123807288,-0.0967574417591095,0.14458613097667694,-0.15750646591186523,0.2526865601539612,0.06364275515079498,-0.18246006965637207,0.4713876247406006,0.3972461223602295,0.25298336148262024,0.8930761814117432,0.17450757324695587,-0.6541285514831543
0.4551758749999989,0.0034223749999999996,133.0,2.7915607210525413,-0.5378263885280784,0.781378384553708,0.00018518841351924318,1.9592833900541347e-5,9.681730059026822e-5,0.06785809675889323,-0.09853705763816833,0.1448429971933365,-0.15911534428596497,0.24883994460105896,0.06634177267551422,-0.16548490524291992,0.4834633469581604,0.39650392532348633,0.269253134727478,0.8974037170410156,0.17074324190616608,-0.649586021900177
0.4551758749999989,0.0034223749999999996,133.0,2.7566390045277895,-0.5028794351940074,0.7808369642312641,0.00036774453019306315,3.950017872658284e-5,0.00019242532144712809,0.06783565907811984,-0.1010124683380127,0.14739543199539185,-0.16189569234848022,0.253665566444397,0.06690005958080292,-0.158599853515625,0.4944278299808502,0.3889128565788269,0.27703726291656494,0.9037160873413086,0.15847976505756378,-0.6468920707702637
0.4551758749999989,0.0034223749999999996,133.0,2.7209399024376033,-0.46748384555844674,0.7805293226477694,0.0005112786436171127,5.637349869946583e-5,0.0002680860288177867,0.06781626046905709,-0.10325071215629578,0.147877037525177,-0.16356134414672852,0.2498169243335724,0.06950315088033676,-0.14129233360290527,0.5076684355735779,0.3889484405517578,0.2911970317363739,0.9107780456542969,0.15644025802612305,-0.6431424617767334
0.4551758749999989,0.0034223749999999996,133.0,2.6844361964701804,-0.4312792300899286,0.7802126411699726,0.0006731433518781225,7.623464594388229e-5,0.0003536563096061503,0.06779714769566024,-0.10534459352493286,0.14819732308387756,-0.16528961062431335,0.24556206166744232,0.07181143760681152,-0.12370419502258301,0.5210607647895813,0.3889245390892029,0.3069765865802765,0.9172959327697754,0.15402893722057343,-0.6389167904853821
0.4551758749999989,0.0034223749999999996,133.0,2.6471606854766025,-0.39427629639847395,0.7798977711184584,0.0008455461678533787,9.844766572333276e-5,0.0004449794656926534,0.06777917058503037,-0.10709071159362793,0.14823821187019348,-0.16709673404693604,0.2407028079032898,0.07351479679346085,-0.10588407516479492,0.5343578457832336,0.3887082636356354,0.3256528973579407,0.9222662448883057,0.15071511268615723,-0.6338757276535034
0.4551758749999989,0.0034223749999999996,133.0,2.609143606506493,-0.3565065365022733,0.7795507903742604,0.001041299531492177,0.00012504026704917364,0.0005488774866157618,0.06776325860013248,-0.10834440588951111,0.14786213636398315,-0.16905513405799866,0.23527194559574127,0.07341920584440231,-0.08855628967285156,0.5476895570755005,0.3884533941745758,0.3468410074710846,0.9251139163970947,0.14798438549041748,-0.6282047033309937
0.4551758749999989,0.0034223749999999996,133.0,2.570332474809262,-0.31792136722938297,0.7792216881830771,0.0012271726758527638,0.00015169901189386354,0.0006475109654903475,0.06774888422148537,-0.1093381941318512,0.14728045463562012,-0.17109492421150208,0.22942455112934113,0.07227563112974167,-0.0713808536529541,0.5612061023712158,0.388388454914093,0.36970531940460205,0.9268715381622314,0.14521117508411407,-0.6222953796386719
0.4551758749999989,0.0034223749999999996,133.0,2.530553146532615,-0.27895308760387477,0.7790089319844804,0.0013473556330316039,0.0001757521964051376,0.0007115542335938596,0.06773463317033825,-0.11113524436950684,0.14423491060733795,-0.17220482230186462,0.214390367269516,0.07928670197725296,-0.04114341735839844,0.5812866687774658,0.39952561259269714,0.41468021273612976,0.9294531345367432,0.1488298624753952,-0.6183933615684509
0.4551758749999989,0.0034223749999999996,133.0,2.489950204602245,-0.23866807306784188,0.7786811723498367,0.0015012911910041022,0.00020171313286418633,0.0007943718289405346,0.06771686150056186,-0.11290779709815979,0.14404605329036713,-0.1740609109401703,0.20897525548934937,0.08022494614124298,-0.02433180809020996,0.5971453189849854,0.40069687366485596,0.43388670682907104,0.9349820613861084,0.1480361521244049,-0.6141833066940308
0.4551758749999989,0.0034223749999999996,133.0,2.4482953253649717,-0.19683689074999192,0.7779765383376073,0.0016513600335998813,0.0002260967433461421,0.0008760610432998982,0.06768730797090763,-0.11523577570915222,0.14737087488174438,-0.17770323157310486,0.2175912708044052,0.07627291232347488,-0.02452564239501953,0.6091139316558838,0.38791176676750183,0.4387107193470001,0.9427504539489746,0.13078488409519196,-0.6100738644599915
0.4551758749999989,0.0034223749999999996,133.0,2.407014749583136,-0.15381525629910361,0.7803500523367077,0.0017924447753708303,0.00023617778927339234,0.0009578935438538431,0.06760940473298425,-0.11497557163238525,0.14490792155265808,-0.17900535464286804,0.20100171864032745,0.07255474478006363,-0.001384735107421875,0.6166082620620728,0.39430689811706543,0.4481929838657379,0.9469740390777588,0.14805974066257477,-0.5998541116714478
0.4551758749999989,0.0034223749999999996,133.0,2.363527601049965,-0.11092984766561316,0.7798948970091574,0.0018886736038303121,0.0002672010843900727,0.0010134675812291326,0.06757239585558192,-0.1179235577583313,0.13974349200725555,-0.18057826161384583,0.1793624460697174,0.09056581556797028,0.038335323333740234,0.6506758332252502,0.41583308577537537,0.5271584987640381,0.9493372440338135,0.15287911891937256,-0.5996837615966797
0.4551758749999989,0.0034223749999999996,133.0,2.318143859170004,-0.0673787624731807,0.7800549325433709,0.00186053475030431,0.00027711558311849693,0.0010129299109978645,0.06751440801770968,-0.14217397570610046,0.1545054018497467,-0.1794954538345337,0.1932697743177414,0.12933047115802765,0.06287264823913574,0.681445837020874,0.42761045694351196,0.4252108037471771,1.083862066268921,0.1566687822341919,-0.6259844899177551
0.4551758749999989,0.0034223749999999996,133.0,2.2678018773521864,-0.014752818813587105,0.7766485924397705,0.001744421992635034,9.067671865115133e-5,0.0010042173138805942,0.06728577390644462,-0.20718896389007568,0.2757452726364136,-0.17050346732139587,0.4754188060760498,0.039312392473220825,0.08151888847351074,-0.030011676251888275,0.5125330686569214,-1.2857743501663208,1.788599967956543,-0.17093713581562042,-0.9910638332366943
0.4551758749999989,0.0034223749999999996,133.0,2.2129650956494347,0.03898386172828636,0.7778997307014169,0.00010288249112722157,-8.837796323160197e-6,6.314838225560828e-5,0.06661795430250894,-0.3397994339466095,0.16752411425113678,-0.14986523985862732,0.7878205180168152,-0.4658888578414917,0.6191686391830444,0.6745253801345825,0.12715443968772888,-1.4574401378631592,2.154358386993408,-0.0536809004843235,-0.9138140678405762
0.4551758749999989,0.0034223749999999996,133.0,2.2521643307706056,0.06368200419671462,0.7794007297199741,-0.001723556648911998,-0.0001612771432764415,-0.001058088007306134,0.06603961316028258,-0.3410981595516205,0.1732972264289856,-0.10164457559585571,1.0661739110946655,-0.4742625951766968,0.6031966209411621,0.4542807936668396,0.07643955945968628,-1.5875368118286133,2.1011147499084473,0.186425119638443,-1.1422094106674194
0.4551758749999989,0.0034223749999999996,133.0,2.2850053957503462,0.11443979148468347,0.7893369966896325,-0.0019933681115611437,0.0001018047857021288,-0.0011878109433824046,0.06507675678645945,-0.40026435256004333,0.2075531780719757,-0.004585474729537964,1.4454041719436646,-0.8758531808853149,0.6558407545089722,-0.09141385555267334,0.22610121965408325,-1.9320721626281738,2.094139575958252,0.5283191204071045,-1.6718164682388306
0.4551758749999989,0.0034223749999999996,133.0,2.3197729796502857,0.16385429587239542,0.7985713538241201,-0.0020401837561005573,0.0002606040596304004,-0.0011341211499737794,0.06448665620868532,-0.4298495948314667,0.23121018707752228,0.027276456356048584,1.5304430723190308,-1.13773775100708,0.6969765424728394,-0.24379737675189972,0.32924503087997437,-2.0554933547973633,2.0646257400512695,0.5051554441452026,-1.8604528903961182
0.4551758749999989,0.0034223749999999996,133.0,2.3610155563212536,0.2092915514590445,0.8014620091177936,-0.0019428157293267677,0.00026561721398644385,-0.0010448288274350706,0.06436135248066265,-0.43318894505500793,0.23593273758888245,0.03312450647354126,1.5522443056106567,-1.163648009300232,0.7017710208892822,-0.21271786093711853,0.33064091205596924,-2.08455753326416,2.033888816833496,0.5461263656616211,-1.8840482234954834
0.4551758749999989,0.0034223749999999996,133.0,2.4024492623905624,0.2525023936433599,0.8029973475157285,-0.0017865524837990534,0.00025053177961004727,-0.0009419579001375508,0.06431158618427589,-0.4345838129520416,0.23892992734909058,0.039701491594314575,1.5698778629302979,-1.1984654664993286,0.7097368240356445,-0.21070925891399384,0.3367576599121094,-2.08833909034729,1.9976534843444824,0.5850638151168823,-1.9079606533050537
0.4551758749999989,0.0034223749999999996,133.0,2.4433945151779035,0.29427747483472344,0.8037062164508555,-0.0015888240380218315,0.00022123520522450134,-0.000826592440252475,0.06431129021517218,-0.4317598044872284,0.24088388681411743,0.05044129490852356,1.6132748126983643,-1.1977565288543701,0.7006489038467407,-0.21445930004119873,0.3142635226249695,-2.079655170440674,1.9351859092712402,0.6347330212593079,-1.9288506507873535
0.4551758749999989,0.0034223749999999996,133.0,2.4835477875669008,0.3351317538446234,0.8039098122993825,-0.0014984910903181536,0.0002019184777690212,-0.0007732620007750656,0.0643084177388607,-0.43438735604286194,0.24306675791740417,0.05143865942955017,1.6094037294387817,-1.230728030204773,0.7212893962860107,-0.17539039254188538,0.3270450234413147,-2.094311475753784,1.9175329208374023,0.6660439968109131,-1.9380850791931152
0.4551758749999989,0.0034223749999999996,133.0,2.5231135432791865,0.375223380732822,0.8048040834683218,-0.0012868363213729096,0.00017086618000976159,-0.0006532073285762723,0.06428033275022005,-0.43542084097862244,0.24505798518657684,0.05715194344520569,1.629485011100769,-1.2506030797958374,0.7301089763641357,-0.1597343385219574,0.3232603073120117,-2.1006553173065186,1.8809814453125,0.7030115723609924,-1.9545376300811768
0.4551758749999989,0.0034223749999999996,133.0,2.5618207244025304,0.414422286269734,0.8057167090976538,-0.0011238743406793556,0.0001467894638768491,-0.0005612172836410503,0.0642635006083719,-0.43364325165748596,0.2465464025735855,0.06665882468223572,1.6707628965377808,-1.2444179058074951,0.7239469289779663,-0.15283986926078796,0.2979544699192047,-2.100172996520996,1.8282065391540527,0.7508199214935303,-1.9705123901367188
0.4551758749999989,0.0034223749999999996,133.0,2.5995044988968705,0.4527844276162943,0.8063493769592092,-0.0009163356426499938,0.00011780938527500456,-0.00045166383248401845,0.06425134673610014,-0.4345289170742035,0.24821841716766357,0.07218542695045471,1.6892938613891602,-1.2639598846435547,0.7300949096679688,-0.13697358965873718,0.2937173843383789,-2.1070547103881836,1.7920303344726562,0.7894608378410339,-1.9849684238433838
0.4551758749999989,0.0034223749999999996,133.0,2.6363723389201925,0.4902698021871232,0.806934771184567,-0.0007311516185049479,9.239456087389795e-5,-0.0003560150198877268,0.0642411225945142,-0.4353281557559967,0.2497071921825409,0.07743731141090393,1.7070509195327759,-1.2806953191757202,0.7353062629699707,-0.12104304134845734,0.2884182035923004,-2.1123788356781006,1.7575554847717285,0.826724112033844,-1.997575283050537
0.4551758749999989,0.0034223749999999996,133.0,2.67240653125292,0.5268977149824349,0.8074909560591359,-0.0005536035113239061,6.871023762057045e-5,-0.00026646956462179845,0.06423086932075635,-0.43612512946128845,0.2510269284248352,0.08222231268882751,1.723724603652954,-1.2939292192459106,0.740113377571106,-0.10480143129825592,0.2820866107940674,-2.116274356842041,1.7259416580200195,0.861229658126831,-2.0080535411834717
0.4551758749999989,0.0034223749999999996,133.0,2.707616266435563,0.5626523968020821,0.8079644578914906,-0.0003813324149557247,4.6388621959299076e-5,-0.00018165645700366046,0.06422221882113859,-0.4368461072444916,0.252187043428421,0.08652547001838684,1.739200234413147,-1.302793025970459,0.7440751791000366,-0.0885777473449707,0.27460700273513794,-2.117894172668457,1.6972546577453613,0.8930568099021912,-2.016164541244507
0.4551758749999989,0.0034223749999999996,133.0,2.7419606052142056,0.5975639943283623,0.8084220408974406,-0.0002143165954790583,2.5544806926673407e-5,-0.00010114584881375272,0.06421118321294572,-0.4376409947872162,0.2532562017440796,0.09038743376731873,1.7538515329360962,-1.3068325519561768,0.7472834587097168,-0.07369661331176758,0.26599985361099243,-2.1174397468566895,1.6724576950073242,0.921013355255127,-2.02229905128479
0.4551758749999989,0.0034223749999999996,133.0,2.7748264981062936,0.6317366917030822,0.8082928476495334,-6.39383232414e-5,7.447625305265884e-6,-3.0133912291147842e-5,0.06420530492779994,-0.44199493527412415,0.2556028664112091,0.08974435925483704,1.7441174983978271,-1.335229754447937,0.7737876176834106,-0.04677021503448486,0.28120025992393494,-2.128523588180542,1.6714282035827637,0.9308777451515198,-2.0280182361602783
0.4551758749999989,0.0034223749999999996,133.0,2.8068391499174954,0.6651420411700479,0.8086210441275763,0.00013829447904795578,-1.6007206470390756e-5,6.478950864971721e-5,0.06418024584716452,-0.44613996148109436,0.2578013837337494,0.09176751971244812,1.7476301193237305,-1.3565373420715332,0.7921645641326904,-0.03905516117811203,0.2887657582759857,-2.134066581726074,1.6647982597351074,0.9389663934707642,-2.0392134189605713
0.4551758749999989,0.0034223749999999996,133.0,2.8394825999838167,0.6954998661921438,0.8070639310802,0.0003265089559512525,-3.634826148272041e-5,0.00015036619245223525,0.06433871642726226,-0.44163623452186584,0.25705599784851074,0.09986093640327454,1.7713664770126343,-1.3581544160842896,0.7588396072387695,-0.06019942834973335,0.27275028824806213,-2.1100592613220215,1.6138181686401367,0.988964319229126,-2.0468862056732178
0.4551758749999989,0.0034223749999999996,133.0,2.869899391070012,0.7272082622013517,0.807418724110212,0.0005171590503500191,-5.711281986081922e-5,0.00023647384200257922,0.06432195185663053,-0.4456525146961212,0.2590985894203186,0.1024084985256195,1.7745678424835205,-1.387616753578186,0.7781854867935181,-0.04656248539686203,0.28152647614479065,-2.122105836868286,1.601820468902588,1.007401466369629,-2.059042453765869
0.4551758749999989,0.0034223749999999996,133.0,2.9003059996738525,0.7579197002411822,0.8084871617742706,0.0007449568683407869,-8.057964482883292e-5,0.00033523972149655036,0.0642893498028137,-0.44501033425331116,0.25954926013946533,0.10968300700187683,1.809554934501648,-1.3719537258148193,0.769742488861084,-0.033858299255371094,0.252458393573761,-2.1288089752197266,1.5664596557617188,1.0484219789505005,-2.0649361610412598
0.4551758749999989,0.0034223749999999996,133.0,2.9299145700047755,0.7877039002325233,0.8092556498888693,0.0009086269751659483,-9.551521522614891e-5,0.00040357489823887013,0.06427356253044235,-0.44418027997016907,0.25959116220474243,0.11521515250205994,1.8347197771072388,-1.3618742227554321,0.7629882097244263,-0.013912839815020561,0.22853413224220276,-2.133913993835449,1.5333688259124756,1.0908393859863281,-2.0662200450897217
0.4551758749999989,0.0034223749999999996,133.0,2.958611931369905,0.8167007935807166,0.8104787519430301,0.0011187606326533862,-0.00011781148880915713,0.0004889977735590759,0.06424395185113484,-0.4437519609928131,0.2597964107990265,0.12321546673774719,1.8678529262542725,-1.3545334339141846,0.7478413581848145,-0.02252078428864479,0.2061581015586853,-2.1305291652679443,1.4992687702178955,1.1256365776062012,-2.076857805252075
0.4551758749999989,0.0034223749999999996,133.0,2.9859426875301605,0.8449087180267656,0.8107436369306302,0.0012797968145272965,-0.00013344526326037638,0.0005558597562977035,0.0642408499846961,-0.4465191662311554,0.26103803515434265,0.1246088445186615,1.8652647733688354,-1.3829927444458008,0.7635338306427002,-0.0035474728792905807,0.21489179134368896,-2.1396234035491943,1.4858927726745605,1.148938536643982,-2.0832269191741943
0.4551758749999989,0.0034223749999999996,133.0,3.0128099993105524,0.8721849176254592,0.8114261268685314,0.0014609767824196958,-0.00015087577035941354,0.0006277291349603081,0.06422756444531744,-0.4473010003566742,0.2614915072917938,0.1287151277065277,1.8805979490280151,-1.3857887983322144,0.7619316577911377,0.006904598791152239,0.20357367396354675,-2.143378734588623,1.4633891582489014,1.1772056818008423,-2.0872998237609863
0.4551758749999989,0.0034223749999999996,133.0,3.0391504647513212,0.8984682807085409,0.8117824863335008,0.0016774144070626738,-0.00016750287522650464,0.0007146892735539474,0.06422785065766282,-0.446668416261673,0.2614232897758484,0.13205501437187195,1.8958442211151123,-1.3779159784317017,0.7578222751617432,0.028411289677023888,0.18491297960281372,-2.149200201034546,1.4383115768432617,1.211417317390442,-2.083975315093994
0.4551758749999989,0.0034223749999999996,133.0,3.0644142625306663,0.9240405557651419,0.8123069818555863,0.0018980735812030578,-0.00018781525267479532,0.0008020446936648131,0.06421444574924427,-0.44676342606544495,0.2618715465068817,0.13722720742225647,1.9161643981933594,-1.3728744983673096,0.7469842433929443,0.02162780612707138,0.1707644760608673,-2.1473920345306396,1.4172413349151611,1.23436439037323,-2.090080738067627
0.4551758749999989,0.0034223749999999996,133.0,3.0885081439730024,0.9488346957990831,0.8126180082359611,0.0021427276302079944,-0.00021046586482479238,0.0008997790208062298,0.06420606040336298,-0.4482678472995758,0.2624734342098236,0.14039888978004456,1.9233769178390503,-1.3872108459472656,0.7479625940322876,0.021478861570358276,0.16968220472335815,-2.1505584716796875,1.4003736972808838,1.2549090385437012,-2.0962886810302734
0.4551758749999989,0.0034223749999999996,133.0,3.1117929882354773,0.9727663674425355,0.8127318878941499,0.002323732484985412,-0.00022581968672393297,0.000972026363033002,0.06420454805581748,-0.4487549364566803,0.2625579237937927,0.14460918307304382,1.9309028387069702,-1.4009571075439453,0.7398546934127808,0.009926144033670425,0.16785743832588196,-2.150563955307007,1.3795216083526611,1.2811545133590698,-2.102015256881714
0.4551758749999989,0.0034223749999999996,133.0,3.1341605203719145,0.9958887606376008,0.8127268676118853,0.0025537191077788022,-0.0002436727930795619,0.0010651985229901374,0.06420358669116175,-0.44872596859931946,0.2621683180332184,0.14586815237998962,1.9252996444702148,-1.4160945415496826,0.7419909238815308,0.02382933720946312,0.1671416461467743,-2.166792869567871,1.3602731227874756,1.3209930658340454,-2.095923662185669
0.4551758749999989,0.0034223749999999996,133.0,3.156075662112591,1.018052647618904,0.8131356289057322,0.0027889918575727066,-0.0002635675167294556,0.0011551561092165642,0.06419736366906698,-0.4455852806568146,0.2604321539402008,0.1500348150730133,1.9377909898757935,-1.4024412631988525,0.7236717939376831,0.03264452517032623,0.14311754703521729,-2.179565668106079,1.3276610374450684,1.3747953176498413,-2.0844500064849854
0.4551758749999989,0.0034223749999999996,133.0,3.176933435837335,1.039485667196054,0.8132437572854757,0.003036089524132144,-0.0002827430552693033,0.0012526771401890474,0.06419303205197387,-0.4389660656452179,0.2558627426624298,0.15290221571922302,1.9307239055633545,-1.3969149589538574,0.6991360187530518,0.024348296225070953,0.1289425790309906,-2.180603504180908,1.282559871673584,1.4420660734176636,-2.063272714614868
0.4551758749999989,0.0034223749999999996,133.0,3.197532720314417,1.059909053970584,0.8143647971980426,0.0032915379724174332,-0.0003123174665758753,0.001338749729958095,0.06416716781939275,-0.41924193501472473,0.24392814934253693,0.16348180174827576,1.9492530822753906,-1.3147526979446411,0.6005889177322388,-0.05556062236428261,0.0716853141784668,-2.1181609630584717,1.1877543926239014,1.526323914527893,-2.0237741470336914
0.4551758749999989,0.0034223749999999996,133.0,3.216971858325026,1.0796185689766569,0.8150870745634547,0.003488449925170941,-0.00033195379555894696,0.001407105164915974,0.0641568284515421,-0.39468035101890564,0.22833670675754547,0.16958317160606384,1.9354946613311768,-1.2249850034713745,0.5031111240386963,-0.12416575849056244,0.02018675208091736,-2.0395820140838623,1.0805847644805908,1.6144235134124756,-1.9578163623809814
0.4551758749999989,0.0034223749999999996,133.0,3.2359091837848415,1.0983012046373966,0.8159618547448033,0.0037129389645843957,-0.00035484474240523494,0.001480589681856451,0.06414612974122715,-0.3771369159221649,0.21827857196331024,0.1773923933506012,1.9434027671813965,-1.1387264728546143,0.418454647064209,-0.17497512698173523,-0.0347214937210083,-1.9920700788497925,0.9993419647216797,1.675439715385437,-1.910191297531128
0.4551758749999989,0.0034223749999999996,133.0,3.2534425668314957,1.1162029934397806,0.81594122457815,0.00390114025140483,-0.0003805092169214021,0.0015511988650311948,0.06416930630288055,-0.356632262468338,0.2045104205608368,0.18330934643745422,1.9213253259658813,-1.0814025402069092,0.33152246475219727,-0.27305376529693604,-0.060063183307647705,-1.9119800329208374,0.9087831974029541,1.7260167598724365,-1.8620648384094238
0.4551758749999989,0.0034223749999999996,133.0,3.270881184191896,1.1330766539204524,0.816430209311463,0.004126812698560994,-0.0004001311045176262,0.0016268968181671105,0.06417640688270641,-0.33629927039146423,0.1927095502614975,0.18983975052833557,1.9131830930709839,-0.9840723872184753,0.2408759593963623,-0.3276677131652832,-0.11208516359329224,-1.842086672782898,0.8197991847991943,1.7644257545471191,-1.8011443614959717
0.4551758749999989,0.0034223749999999996,133.0,3.2872426781784503,1.1491202759977972,0.8168801088509335,0.004324480557877806,-0.00042464870757514227,0.0016910417001453982,0.06419026039637969,-0.316036194562912,0.18027815222740173,0.1937820017337799,1.8867065906524658,-0.9055883288383484,0.16212105751037598,-0.3938247859477997,-0.143335223197937,-1.767319679260254,0.7358229160308838,1.7909613847732544,-1.7427312135696411
0.4551758749999989,0.0034223749999999996,133.0,3.3029231244913175,1.1641863046708976,0.8170264220151048,0.004520229013493167,-0.0004449204059261955,0.0017541188466981418,0.06421385139230062,-0.26637306809425354,0.16250289976596832,0.2125888168811798,1.8211376667022705,0.03317776694893837,-0.3582162857055664,-0.7624452710151672,-0.33033013343811035,-2.192949056625366,1.0125882625579834,1.3204689025878906,-1.4834758043289185
0.4551758749999989,0.0034223749999999996,133.0,3.3180809425583333,1.1783749480722654,0.8175165974348152,0.0046696355758121385,-0.0004711413367239467,0.0018058008765791307,0.06424063713331833,-0.24980118870735168,0.15337339043617249,0.21242186427116394,1.7891864776611328,0.06823081523180008,-0.4066331386566162,-0.7960634827613831,-0.3438293933868408,-2.128500461578369,0.9381518363952637,1.3133647441864014,-1.4377760887145996
0.4551758749999989,0.0034223749999999996,133.0,3.3322389553712743,1.1917374115816803,0.8180249594316035,0.004802552509172923,-0.0005038444551744808,0.00184944752356938,0.06427273454363318,-0.238305002450943,0.147859588265419,0.21386680006980896,1.7727882862091064,0.09390655159950256,-0.4427223205566406,-0.8218948841094971,-0.35583508014678955,-2.0823068618774414,0.8777213096618652,1.2975215911865234,-1.4091285467147827
0.4551758749999989,0.0034223749999999996,133.0,3.3459818189177053,1.2043201436980258,0.8190193907445402,0.004948756446606405,-0.0005328897165427803,0.0018936051239912199,0.06428591344736227,-0.2301032841205597,0.1448184847831726,0.2162679135799408,1.7658296823501587,0.11779027432203293,-0.4716470241546631,-0.8382992148399353,-0.3669102191925049,-2.0543415546417236,0.8288178443908691,1.2787953615188599,-1.3908820152282715
0.4551758749999989,0.0034223749999999996,133.0,3.3593576177938558,1.2157545150421452,0.8194577332619396,0.005103110234097562,-0.0005473870093491295,0.0019414845107169126,0.06431150859888872,-0.22216805815696716,0.14220528304576874,0.2190057933330536,1.756111741065979,0.14661017060279846,-0.5019197463989258,-0.8497671484947205,-0.3785310983657837,-2.0198800563812256,0.7820093631744385,1.2558917999267578,-1.3693368434906006
0.4551758749999989,0.0034223749999999996,133.0,3.3717840777929515,1.2265559131603454,0.8202320169206938,0.00526307902849786,-0.0005642674797779179,0.0019890724110383637,0.06432163591536315,-0.2164314091205597,0.14243821799755096,0.22205129265785217,1.7522518634796143,0.18142278492450714,-0.5273823738098145,-0.8520904779434204,-0.39021044969558716,-1.9956505298614502,0.7450969219207764,1.2210906744003296,-1.3536021709442139
0.4551758749999989,0.0034223749999999996,133.0,3.383409708433529,1.2365814305432556,0.8209155582202006,0.005417504493956562,-0.0005748428488581744,0.0020364240346692863,0.0643307431393487,-0.2134976089000702,0.14612554013729095,0.2293975055217743,1.7672617435455322,0.20922701060771942,-0.5520834922790527,-0.8617191910743713,-0.4085707664489746,-1.9657961130142212,0.6954283714294434,1.1574740409851074,-1.3497869968414307
0.4551758749999989,0.0034223749999999996,133.0,3.3938841141880616,1.24587290685421,0.8213963970429603,0.0055973131271727355,-0.0005791513219442646,0.0020878261847385093,0.06434539162249261,-0.20777690410614014,0.1456037163734436,0.23248609900474548,1.7591805458068848,0.23607182502746582,-0.5757911205291748,-0.8676037192344666,-0.4176914095878601,-1.932026743888855,0.655404806137085,1.118539571762085,-1.3323564529418945
0.4551758749999989,0.0034223749999999996,133.0,3.402727045661293,1.2565634109782602,0.8244489084766541,0.005851234501376368,-0.0006210149523802858,0.00217744723550879,0.06416128644689124,-0.204717755317688,0.14750291407108307,0.23054519295692444,1.7447524070739746,0.2695775032043457,-0.5845074653625488,-0.8553245663642883,-0.413610577583313,-1.9342867136001587,0.6566596031188965,1.0918198823928833,-1.3220555782318115
0.4551758749999989,0.0034223749999999996,133.0,3.4118040523289714,1.2641722992272344,0.8253397221264771,0.0061240266189511285,-0.000652373616706941,0.002268336176203475,0.06416115071780013,-0.20215687155723572,0.14883264899253845,0.23132583498954773,1.7379553318023682,0.29612135887145996,-0.5961019992828369,-0.8503110408782959,-0.41652560234069824,-1.9277172088623047,0.6459503173828125,1.070549726486206,-1.3123271465301514
0.4551758749999989,0.0034223749999999996,133.0,3.4195531832280244,1.2710485064018886,0.8256364801590559,0.006541122892259684,-0.0006849224769205573,0.0024060853346995863,0.06417376179032554,-0.20178210735321045,0.1519644856452942,0.23507878184318542,1.746119737625122,0.31357356905937195,-0.6058387756347656,-0.8531329035758972,-0.4244764447212219,-1.9208133220672607,0.6254775524139404,1.0383440256118774,-1.3123505115509033
0.4551758749999989,0.0034223749999999996,133.0,3.4265907852284028,1.2771197676600066,0.8260367684452722,0.0072383399682505005,-0.0007466503947740251,0.0026421147697867943,0.06417855208504056,-0.20142370462417603,0.15453580021858215,0.23892131447792053,1.754388451576233,0.32365068793296814,-0.6148812770843506,-0.861656665802002,-0.43088585138320923,-1.9084844589233398,0.6020174026489258,1.005595088005066,-1.3139679431915283
0.4551758749999989,0.0034223749999999996,133.0,3.43279877230755,1.2824165596878045,0.8262585974824652,0.00880935635282142,-0.0009164559673925896,0.0032039283308174763,0.06419072988582694,-0.20075532793998718,0.1557331681251526,0.24037078022956848,1.7543424367904663,0.33534765243530273,-0.6217005252838135,-0.8702774047851562,-0.4310154318809509,-1.90300714969635,0.5896008014678955,0.9907805919647217,-1.313684344291687
0.4551758749999989,0.0034223749999999996,133.0,3.4381354578962053,1.287549520302614,0.8268004045688997,0.016403319065926066,-0.0017760284591999578,0.005778691446078043,0.06415910741491718,-0.20082634687423706,0.15540637075901031,0.24418780207633972,1.7532705068588257,0.3454393148422241,-0.6359996795654297,-0.927701473236084,-0.4240632653236389,-1.8648605346679688,0.5514733791351318,0.9598471522331238,-1.3189926147460938
0.4551758749999989,0.0034223749999999996,133.0,3.4545910820073535,-1.223224075686131,0.7736563417063116,-0.01381657988992971,-0.000880295018237871,-0.006984004963285481,0.06822740497307614,-0.0169374942779541,0.15597642958164215,-0.16098374128341675,0.8331871032714844,0.2890286147594452,-1.0630879402160645,0.5673025846481323,0.18377399444580078,-0.2145819365978241,0.4942491054534912,0.18965068459510803,-1.0179150104522705
0.4551758749999989,0.0034223749999999996,133.0,3.4500028351245957,-1.218118423546458,0.7742232268472775,-0.007460842230338291,-0.00041795318762018484,-0.003780448251095266,0.06818030478446782,-0.017071008682250977,0.15842305123806,-0.16108614206314087,0.8313736915588379,0.2673788070678711,-1.0589184761047363,0.5801159739494324,0.18120378255844116,-0.21225033700466156,0.5187013149261475,0.15380001068115234,-1.0130348205566406
0.4551758749999989,0.0034223749999999996,133.0,3.444232069334859,-1.2123924559299903,0.7742806347811537,-0.0061328672112616845,-0.0003287147280095174,-0.0031050839968728965,0.06815619085514016,-0.0185086727142334,0.15874430537223816,-0.1632346212863922,0.8261674046516418,0.26963701844215393,-1.050302505493164,0.6012426614761353,0.18146157264709473,-0.19614428281784058,0.5228066444396973,0.120195172727108,-1.0079727172851562
0.4551758749999989,0.0034223749999999996,133.0,3.4379684530666483,-1.206414882281742,0.7742830825525127,-0.005545385375684088,-0.0003026149601983943,-0.002809776348800353,0.06814846114060279,-0.019929200410842896,0.15965469181537628,-0.16477900743484497,0.8228459358215332,0.26813584566116333,-1.0430302619934082,0.6140294671058655,0.18101051449775696,-0.1804238259792328,0.5228841304779053,0.08963391929864883,-1.0040576457977295
0.4551758749999989,0.0034223749999999996,133.0,3.43052811578149,-1.1993101706172626,0.7742952303280211,-0.005206638675665143,-0.0002853992744472965,-0.0026368875555851765,0.06813159550874133,-0.02154412865638733,0.15920040011405945,-0.16773495078086853,0.8152292370796204,0.271846741437912,-1.0336639881134033,0.6399869918823242,0.18276891112327576,-0.157950296998024,0.5234289169311523,0.05575140565633774,-0.998154878616333
0.4551758749999989,0.0034223749999999996,133.0,3.42178259900146,-1.1933226294993748,0.7717361567172494,-0.004964938302173154,-0.0003354554905491104,-0.0025127720736070266,0.06819919979712613,-0.021694689989089966,0.15778851509094238,-0.17076468467712402,0.8026006817817688,0.26991117000579834,-1.0237774848937988,0.6670428514480591,0.18646708130836487,-0.13216586410999298,0.5212359428405762,0.024601293727755547,-0.9892441630363464
0.4551758749999989,0.0034223749999999996,133.0,3.412751735111317,-1.184928691062014,0.7718466624919937,-0.004768915992461183,-0.00032738446245747055,-0.0024148361351375544,0.06818696291720426,-0.02364322543144226,0.15678876638412476,-0.17491111159324646,0.7869731783866882,0.27264082431793213,-1.0054588317871094,0.7025095224380493,0.1916193962097168,-0.11133155971765518,0.5246801376342773,-0.010096671059727669,-0.9787980318069458
0.4551758749999989,0.0034223749999999996,133.0,3.4029758623506643,-1.1754991387572211,0.7717999019912497,-0.004622570295398441,-0.0003172821412663801,-0.0023386285720795887,0.06817574873887475,-0.0247194766998291,0.15614640712738037,-0.1780828833580017,0.7733951807022095,0.2689463198184967,-0.990598201751709,0.7277493476867676,0.19581371545791626,-0.09144772589206696,0.5242128372192383,-0.03937313333153725,-0.9693996906280518
0.4551758749999989,0.0034223749999999996,133.0,3.3924018704352763,-1.165437974295089,0.7717543843982013,-0.004490797686957557,-0.0003254320895829021,-0.0022700329025390387,0.06816234575761723,-0.026525229215621948,0.15486213564872742,-0.18237918615341187,0.7506121397018433,0.26525622606277466,-0.966188907623291,0.7650774717330933,0.20346388220787048,-0.0695037916302681,0.5267734527587891,-0.07311208546161652,-0.9543192982673645
0.4551758749999989,0.0034223749999999996,133.0,3.3809613567061083,-1.154612928215869,0.7719559715116541,-0.004358297549338655,-0.0003230510852716487,-0.0022036357566252696,0.06815155245948035,-0.0281982421875,0.1529991179704666,-0.18610879778862,0.7309635877609253,0.26190847158432007,-0.9494500160217285,0.7995871305465698,0.20992055535316467,-0.03901147097349167,0.5261836051940918,-0.1052493080496788,-0.9411669969558716
0.4551758749999989,0.0034223749999999996,133.0,3.3688012569031236,-1.1427546713923824,0.7720485996003384,-0.004236207803607488,-0.0003148756990881108,-0.002140944364263408,0.06814306269743912,-0.028791844844818115,0.15080925822257996,-0.18952079117298126,0.7028694152832031,0.24883627891540527,-0.9254071712493896,0.8309500217437744,0.21961194276809692,-0.017475824803113937,0.5252344608306885,-0.1254468709230423,-0.9228599667549133
0.4551758749999989,0.0034223749999999996,133.0,3.356023729144956,-1.1302141722055234,0.7718908867409564,-0.004111669961464316,-0.0003150745980325867,-0.002073883928496609,0.06813970805318181,-0.029042482376098633,0.14838895201683044,-0.19224022328853607,0.675757884979248,0.23638153076171875,-0.904170036315918,0.8590657711029053,0.2277308702468872,0.006012261845171452,0.5213804244995117,-0.13858452439308167,-0.9039573073387146
0.4551758749999989,0.0034223749999999996,133.0,3.3424569665843973,-1.1166198339181557,0.7718306969010079,-0.004002813734921283,-0.0002986102169826723,-0.0020202996735086344,0.06814197615366208,-0.028120070695877075,0.146169051527977,-0.19385091960430145,0.6423711776733398,0.2138875275850296,-0.8808383941650391,0.8781470060348511,0.2369626760482788,0.03128813952207565,0.5127048492431641,-0.14995253086090088,-0.879865825176239
0.4551758749999989,0.0034223749999999996,133.0,3.328051069221138,-1.1021202330083502,0.7717303756563453,-0.003864617810651922,-0.0002785098770106749,-0.0019524123548792795,0.06814532033678239,-0.026316672563552856,0.14162279665470123,-0.194179505109787,0.6000514626502991,0.18681883811950684,-0.8583002090454102,0.8985573649406433,0.250181645154953,0.050464894622564316,0.5061335563659668,-0.13452976942062378,-0.8509758114814758
0.4551758749999989,0.0034223749999999996,133.0,3.312537819695977,-1.0867193790161649,0.7716966188198292,-0.003689824777427417,-0.00026322576155260224,-0.001869098780928939,0.0681356355299032,-0.026595085859298706,0.13795886933803558,-0.19304786622524261,0.552440345287323,0.15591342747211456,-0.8234941959381104,0.915285050868988,0.26389533281326294,0.07521165162324905,0.5024912357330322,-0.12160488218069077,-0.8172837495803833
0.4551758749999989,0.0034223749999999996,133.0,3.2961430088271464,-1.0703961679329632,0.7716681245030446,-0.0035276017605453507,-0.0002442502676449696,-0.0017898504646838528,0.06812423865354596,-0.027285844087600708,0.13533160090446472,-0.19018672406673431,0.5021735429763794,0.12085971981287003,-0.7798891067504883,0.9199384450912476,0.2752637267112732,0.10376828163862228,0.4971137046813965,-0.10480261594057083,-0.7785552144050598
0.4551758749999989,0.0034223749999999996,133.0,3.279027870994831,-1.05355435517708,0.771702350770274,-0.003341213329086986,-0.00023624713452142672,-0.0017008350150687851,0.06811309038749981,-0.07441288232803345,0.1839955598115921,-0.16152703762054443,0.6190907955169678,0.10808108001947403,-0.8228647708892822,0.39115452766418457,0.43979784846305847,-0.269877552986145,0.7034475803375244,-0.047322750091552734,-1.0626987218856812
0.4551758749999989,0.0034223749999999996,133.0,3.261229590313228,-1.0356589642486902,0.7715674170553627,-0.0031636866481175815,-0.0002204182266220791,-0.0016170713280940097,0.06811179025762724,-0.07710197567939758,0.17711026966571808,-0.15813446044921875,0.556401789188385,0.09325161576271057,-0.780794620513916,0.41030681133270264,0.4449971914291382,-0.24058295786380768,0.7500360012054443,0.03259383141994476,-1.005301594734192
0.4551758749999989,0.0034223749999999996,133.0,3.242315584722913,-1.016890510151451,0.7714630827773227,-0.0029820991812742267,-0.00021216578274665734,-0.0015259607362354372,0.06809338229081639,-0.08143138885498047,0.17133459448814392,-0.15397897362709045,0.4997963607311249,0.08132137358188629,-0.720388650894165,0.42587462067604065,0.4443322420120239,-0.1800769865512848,0.7927803993225098,0.07350838929414749,-0.948022186756134
0.4551758749999989,0.0034223749999999996,133.0,3.2227209715661425,-0.997458102135145,0.7713557020188992,-0.0028190713803868503,-0.0002056864932700235,-0.0014447125560756555,0.06808128429434616,-0.08478444814682007,0.16528169810771942,-0.14895251393318176,0.44579848647117615,0.06527000665664673,-0.6527698040008545,0.43434280157089233,0.44740036129951477,-0.13389024138450623,0.8315231800079346,0.13481645286083221,-0.8971506953239441
0.4551758749999989,0.0034223749999999996,133.0,3.202352400172619,-0.9770200562965345,0.771148988191688,-0.0026050708858726987,-0.00019051611402457643,-0.0013375911182008668,0.0680737276084603,-0.08724379539489746,0.16069677472114563,-0.14343425631523132,0.39757412672042847,0.04639808461070061,-0.5755548477172852,0.4238955080509186,0.447601854801178,-0.11191453784704208,0.867250919342041,0.20792099833488464,-0.8492116332054138
0.4551758749999989,0.0034223749999999996,133.0,3.1810815622006525,-0.9565607695037049,0.7713872843789179,-0.002392884667311993,-0.00018325734901510467,-0.0012299682313393022,0.06806202707020442,-0.09032517671585083,0.15257665514945984,-0.13741439580917358,0.345709890127182,0.039476726204156876,-0.4852573871612549,0.42593079805374146,0.46042054891586304,-0.06448035687208176,0.8994510173797607,0.26321446895599365,-0.8102446794509888
0.4551758749999989,0.0034223749999999996,133.0,3.1589917220623778,-0.9344071435230283,0.7710938817687387,-0.0021918570825055837,-0.00016820541133352073,-0.0011270094815687165,0.06805539281521208,-0.091398686170578,0.1502053588628769,-0.1350840926170349,0.31525737047195435,0.031534310430288315,-0.3971998691558838,0.399425208568573,0.45466288924217224,-0.057525694370269775,0.9185385704040527,0.2961709797382355,-0.7741148471832275
0.4551758749999989,0.0034223749999999996,133.0,3.135892261003865,-0.9112763593495883,0.7707227795785163,-0.0019919937164152865,-0.00015589612274018912,-0.001023531496353338,0.06804127320557099,-0.09038800001144409,0.148888498544693,-0.13730505108833313,0.30377620458602905,0.0363684743642807,-0.3590681552886963,0.391192764043808,0.4408996105194092,-0.01030425913631916,0.9087226390838623,0.2673831284046173,-0.7488126158714294
0.4551758749999989,0.0034223749999999996,133.0,3.11185600040155,-0.8870026078593795,0.7701570821660993,-0.0018320891291517467,-0.00014542831184970154,-0.0009403236485095265,0.06802475044648136,-0.08922955393791199,0.14985530078411102,-0.14171984791755676,0.30608633160591125,0.042999912053346634,-0.35068655014038086,0.388903945684433,0.42149415612220764,0.037658609449863434,0.8908786773681641,0.2202354222536087,-0.731643795967102
0.4551758749999989,0.0034223749999999996,133.0,3.0871802856756196,-0.8621959385386679,0.7698587135348489,-0.001634756313657385,-0.0001290766538280688,-0.0008411851342274171,0.06801578713127142,-0.08850941061973572,0.15043050050735474,-0.14425382018089294,0.3058755397796631,0.04190119355916977,-0.3468475341796875,0.3885151743888855,0.41071927547454834,0.051003020256757736,0.8848161697387695,0.21387577056884766,-0.720649778842926
0.4551758749999989,0.0034223749999999996,133.0,3.061609074984952,-0.8368631517071233,0.7697899817388372,-0.001452137257262329,-0.00011886577946295258,-0.0007493366122500356,0.06800119278331704,-0.08882796764373779,0.1491897851228714,-0.14550620317459106,0.2984057664871216,0.045239776372909546,-0.3276710510253906,0.3943215608596802,0.40841445326805115,0.07789037376642227,0.8825323581695557,0.20607756078243256,-0.7108780741691589
0.4551758749999989,0.0034223749999999996,133.0,3.0353045421831317,-0.8109657307149903,0.7697055899790283,-0.0012720879953719187,-0.00010723177511706327,-0.0006568513593490845,0.06799050119886674,-0.08923643827438354,0.14707237482070923,-0.1462048888206482,0.2884739637374878,0.04890883341431618,-0.30548524856567383,0.4025880992412567,0.40968412160873413,0.10731922835111618,0.8809471130371094,0.20281828939914703,-0.7022109031677246
0.4551758749999989,0.0034223749999999996,133.0,3.0082228138320457,-0.7840063501084785,0.7694541914476765,-0.0011229173005441041,-9.701869442452773e-5,-0.000579873517458197,0.06798028249058223,-0.08942785859107971,0.1464851200580597,-0.14770671725273132,0.2841314971446991,0.04936377704143524,-0.29059839248657227,0.4103240668773651,0.4067347049713135,0.12991614639759064,0.8776321411132812,0.19538496434688568,-0.6949127912521362
0.4551758749999989,0.0034223749999999996,133.0,2.9804663128286233,-0.7562967950577065,0.7691929674586668,-0.000989816005176205,-8.665739299162447e-5,-0.0005114186059417016,0.06797641131158985,-0.08872964978218079,0.1455739140510559,-0.14932730793952942,0.2792203724384308,0.04601769894361496,-0.28086376190185547,0.4162127375602722,0.4028981924057007,0.1453826129436493,0.8730251789093018,0.19776439666748047,-0.6861467361450195
0.4551758749999989,0.0034223749999999996,133.0,2.9516227677306244,-0.7277579389489615,0.7689168833484776,-0.0008174314004851683,-7.344913557580444e-5,-0.0004213953094577468,0.0679643033634734,-0.08968690037727356,0.14450861513614655,-0.15064150094985962,0.2733224034309387,0.05002284422516823,-0.26023197174072266,0.42579352855682373,0.40252792835235596,0.17922435700893402,0.8708322048187256,0.18464714288711548,-0.6798602938652039
0.4551758749999989,0.0034223749999999996,133.0,2.9219613173175705,-0.6984875626443383,0.7687453578027242,-0.000686323236958624,-6.387638388360743e-5,-0.00035363081269723033,0.06795230108124732,-0.0906563401222229,0.14300526678562164,-0.15149948000907898,0.26466667652130127,0.05391858518123627,-0.2362830638885498,0.43677663803100586,0.4051274061203003,0.20996485650539398,0.8702824115753174,0.17862041294574738,-0.6738007068634033
0.4551758749999989,0.0034223749999999996,133.0,2.8914078699707493,-0.6681437676181993,0.768494106959732,-0.0005151830362186317,-4.929307675726267e-5,-0.00026578699699347194,0.06793751792301057,-0.09198611974716187,0.14309072494506836,-0.15284359455108643,0.2608836889266968,0.05563007667660713,-0.21976923942565918,0.4467891752719879,0.4042392373085022,0.2262461632490158,0.8725950717926025,0.17501547932624817,-0.6691640019416809
0.4551758749999989,0.0034223749999999996,133.0,2.8600611452606906,-0.6366270166848154,0.768090156450988,-0.00032362907827675295,-3.07508972236265e-5,-0.00016721067990369082,0.06792516398516082,-0.09303021430969238,0.14528952538967133,-0.15523499250411987,0.26521697640419006,0.052547991275787354,-0.219956636428833,0.4518382251262665,0.3951340317726135,0.2226131409406662,0.8763811588287354,0.17410746216773987,-0.6644393801689148
0.4551758749999989,0.0034223749999999996,133.0,2.8278016205691565,-0.6043717389005577,0.7677526694776098,-0.0001512493845507415,-1.4594136703516e-5,-7.838485192803726e-5,0.06790831165528281,-0.09464713931083679,0.14690369367599487,-0.15718623995780945,0.266510546207428,0.05321589112281799,-0.21242380142211914,0.45964449644088745,0.3894292116165161,0.22666753828525543,0.881476879119873,0.17046785354614258,-0.6600797772407532
0.4551758749999989,0.0034223749999999996,133.0,2.7947245399964844,-0.57190942073532,0.7676660541308428,1.6766547716701815e-5,1.693454528900057e-6,8.729074714889197e-6,0.06789347008583058,-0.09626981616020203,0.14486850798130035,-0.15767058730125427,0.2547056972980499,0.060008030384778976,-0.18809199333190918,0.47175654768943787,0.3954673111438751,0.24870610237121582,0.886610746383667,0.17827460169792175,-0.6543510556221008
0.4551758749999989,0.0034223749999999996,133.0,2.7607699002510797,-0.538205246269551,0.7673798072664454,0.00018522333845356177,1.9206907846842375e-5,9.658397228771839e-5,0.06787626492932025,-0.09809142351150513,0.14515727758407593,-0.15928739309310913,0.2509433627128601,0.06264492124319077,-0.17121648788452148,0.48382121324539185,0.394813597202301,0.2644858658313751,0.8912668228149414,0.17483431100845337,-0.6499829292297363
0.4551758749999989,0.0034223749999999996,133.0,2.7258545071951694,-0.5032632156342937,0.7668469918308087,0.0003678152496875085,3.8707890499443255e-5,0.00019195696656940672,0.06785420054207943,-0.10060375928878784,0.147752583026886,-0.16208511590957642,0.25584784150123596,0.06315114349126816,-0.16441106796264648,0.49469372630119324,0.3872928023338318,0.27177560329437256,0.8978469371795654,0.1626749485731125,-0.6474376916885376
0.4551758749999989,0.0034223749999999996,133.0,2.690160407232187,-0.46786771871193494,0.7665436716617358,0.0005113793038416788,5.5236639010750196e-5,0.000267430809896103,0.0678351607316305,-0.10287743806838989,0.1482616811990738,-0.16376039385795593,0.2520867586135864,0.06571494042873383,-0.14719247817993164,0.5078975558280945,0.3874020278453827,0.2855035364627838,0.905188798904419,0.1609210968017578,-0.6438503861427307
0.4551758749999989,0.0034223749999999996,133.0,2.653661234012256,-0.4316628315294756,0.7662315184436606,0.0006732788177917772,7.469146542019779e-5,0.0003527891994633079,0.06781640423150119,-0.1050063967704773,0.14860771596431732,-0.16549712419509888,0.24791333079338074,0.0679837092757225,-0.12967181205749512,0.5212585926055908,0.38744819164276123,0.30088189244270325,0.9119765758514404,0.15877589583396912,-0.6397775411605835
0.4551758749999989,0.0034223749999999996,133.0,2.616389098228056,-0.39465900933648945,0.7659214601971971,0.0008457192939079378,9.645206698464941e-5,0.00044388832845672056,0.0677987642516835,-0.10678774118423462,0.1486726850271225,-0.16731083393096924,0.24312645196914673,0.06964641064405441,-0.11189818382263184,0.5345357656478882,0.3872990608215332,0.31919223070144653,0.9172153472900391,0.1557098925113678,-0.6348766684532166
0.4551758749999989,0.0034223749999999996,133.0,2.5783736406680573,-0.3568874164676214,0.7655799002685415,0.001041514115585838,0.00012251682453241533,0.0005475390634746352,0.06778316104961427,-0.10807749629020691,0.1483195424079895,-0.16927438974380493,0.2377559244632721,0.06951697170734406,-0.09459495544433594,0.5478705167770386,0.3871071934700012,0.34006693959236145,0.920323371887207,0.15320123732089996,-0.6293298602104187
0.4551758749999989,0.0034223749999999996,133.0,2.5395633424717023,-0.31830000682964077,0.7652566074927948,0.0012274284784376502,0.00014864831282836378,0.0006459407293485454,0.06776906341092219,-0.10910573601722717,0.14775840938091278,-0.1713182032108307,0.2319597601890564,0.06834524869918823,-0.07743000984191895,0.5614026784896851,0.38709962368011475,0.3626664876937866,0.9223175048828125,0.15062926709651947,-0.6235300302505493
0.4551758749999989,0.0034223749999999996,133.0,2.4997869174748484,-0.27932522182770264,0.7650456877091873,0.0013476412838552756,0.00017226907943704715,0.0007098569398703281,0.06775519882794886,-0.1109321117401123,0.14471082389354706,-0.1724415123462677,0.21696427464485168,0.07534120976924896,-0.04719853401184082,0.5816259384155273,0.3982807397842407,0.4075641334056854,0.9251301288604736,0.154692143201828,-0.6197129487991333
0.4551758749999989,0.0034223749999999996,133.0,2.459188164365761,-0.23903899939366327,0.7647227835333363,0.001501622820686494,0.00019772205886861124,0.000792471780896723,0.06773778735326551,-0.11272367835044861,0.1445348709821701,-0.17430371046066284,0.21162448823451996,0.07626040279865265,-0.030416488647460938,0.5974798202514648,0.3994791507720947,0.42655834555625916,0.9308054447174072,0.15408512949943542,-0.6156061291694641
0.4551758749999989,0.0034223749999999996,133.0,2.417540900360498,-0.1972133650022793,0.76402974305729,0.001651751096764459,0.00022156446974403883,0.0008739250673077817,0.06770868447218506,-0.11505544185638428,0.1478981077671051,-0.17795860767364502,0.22034943103790283,0.07230771332979202,-0.03063654899597168,0.6092163920402527,0.386650413274765,0.43111565709114075,0.93853759765625,0.13649962842464447,-0.6115595698356628
0.4551758749999989,0.0034223749999999996,133.0,2.3762547138489434,-0.15418344493356545,0.7664053839523511,0.0017928859437522564,0.00023125162346104323,0.0009555440162940285,0.06763048289087323,-0.11479908227920532,0.14540672302246094,-0.17922508716583252,0.20380249619483948,0.0684799998998642,-0.007481098175048828,0.6168895959854126,0.39315110445022583,0.4405304789543152,0.9428722858428955,0.154370978474617,-0.6014899611473083
0.4551758749999989,0.0034223749999999996,133.0,2.3327800047961893,-0.11128379801522358,0.7659525859268398,0.0018891890006886313,0.0002615349533866599,0.0010110075674334316,0.06759424171585994,-0.1177217960357666,0.1401960253715515,-0.18082022666931152,0.18209883570671082,0.086671382188797,0.032436370849609375,0.6510608792304993,0.41460883617401123,0.5201929211616516,0.9450812339782715,0.1592850387096405,-0.6011871099472046
0.4551758749999989,0.0034223749999999996,133.0,2.2874955692624006,-0.0677987351034849,0.7661009905948022,0.0018611409477783615,0.0002717540610392485,0.0010098396822200322,0.06754008751380336,-0.14133182168006897,0.1543624848127365,-0.17988109588623047,0.19507300853729248,0.12515123188495636,0.056880950927734375,0.6817147731781006,0.42657172679901123,0.42187467217445374,1.075483798980713,0.16478869318962097,-0.6267305612564087
0.4551758749999989,0.0034223749999999996,133.0,2.237426823658114,-0.015648737911267703,0.7626572662633564,0.0017446412486483965,9.747528845255405e-5,0.0009981759453732751,0.06732749213462565,-0.20366665720939636,0.2731039226055145,-0.17226624488830566,0.4696694016456604,0.04224596917629242,0.0654592514038086,-0.022152595221996307,0.5081477165222168,-1.2634648084640503,1.7670669555664062,-0.15229766070842743,-0.9808948040008545
0.4551758749999989,0.0034223749999999996,133.0,2.1832061070138966,0.03908741569569706,0.7639109283844246,0.00010276282237302046,-9.356514612386919e-6,6.270876560454777e-5,0.0666983187624014,-0.3302136957645416,0.16623631119728088,-0.15371665358543396,0.7740657329559326,-0.43266555666923523,0.5894173383712769,0.7048589587211609,0.10928812623023987,-1.399233102798462,2.1056666374206543,-0.06712395697832108,-0.882299542427063
0.4551758749999989,0.0034223749999999996,133.0,2.2223931562135335,0.06312674123969908,0.7651704695833266,-0.0017208744579668576,-0.00016717156352499728,-0.0010528813678360265,0.06611319381330472,-0.3312334716320038,0.1715790182352066,-0.11326813697814941,1.021838903427124,-0.41836512088775635,0.5817402601242065,0.5329360961914062,0.0589805543422699,-1.5287145376205444,2.0699400901794434,0.14036649465560913,-1.0804979801177979
0.4551758749999989,0.0034223749999999996,133.0,2.255424076108718,0.11376589761104601,0.7747971395266595,-0.001988113641647385,9.149098210396267e-5,-0.0011856562675771148,0.06516155933975244,-0.39299318194389343,0.2053074687719345,-0.004109323024749756,1.447953462600708,-0.848126232624054,0.6383507251739502,-0.09862539172172546,0.20680686831474304,-1.907705545425415,2.0668301582336426,0.5450444221496582,-1.654881477355957
0.4551758749999989,0.0034223749999999996,133.0,2.290229770438932,0.16311743091570363,0.7840923396753013,-0.0020351012204425385,0.00025166759392646,-0.0011316211765206802,0.06457743979229869,-0.4261188805103302,0.23025503754615784,0.02446645498275757,1.5178996324539185,-1.1241062879562378,0.6903271675109863,-0.23368607461452484,0.32556089758872986,-2.053025960922241,2.060633659362793,0.5088765621185303,-1.8441812992095947
0.4551758749999989,0.0034223749999999996,133.0,2.3314650536712427,0.20855191316383703,0.7869757403903064,-0.0019379266863177918,0.0002576817961563439,-0.0010424524486260596,0.06445321923096635,-0.42960450053215027,0.2352650910615921,0.0305497944355011,1.5403532981872559,-1.1512565612792969,0.6948466300964355,-0.20465584099292755,0.32761430740356445,-2.0836527347564697,2.0301856994628906,0.5491394996643066,-1.8690855503082275
0.4551758749999989,0.0034223749999999996,133.0,2.372905458345984,0.2517509229913251,0.7884986177869382,-0.001781953940655022,0.00024349532507189037,-0.0009398385104095783,0.06440459886060308,-0.43090495467185974,0.23830048739910126,0.037010639905929565,1.5576986074447632,-1.1856489181518555,0.7025244235992432,-0.20288540422916412,0.333772212266922,-2.087660312652588,1.9941458702087402,0.5878192782402039,-1.8927524089813232
0.4551758749999989,0.0034223749999999996,133.0,2.413843780387901,0.29351874399431066,0.7891723206754572,-0.0015845567433738772,0.00021506490080655167,-0.000825067574872167,0.06440420526517669,-0.4280048906803131,0.24028368294239044,0.047455161809921265,1.600264549255371,-1.184151291847229,0.6933599710464478,-0.20658071339130402,0.3115047812461853,-2.078885555267334,1.9327116012573242,0.6364415287971497,-1.913043737411499
0.4551758749999989,0.0034223749999999996,133.0,2.4540095834405995,0.33436205291077137,0.7893731568527605,-0.0014944150003571419,0.00019628057877961105,-0.0007718771377910723,0.06440119454176738,-0.4305100739002228,0.24243886768817902,0.04824340343475342,1.595853328704834,-1.2158485651016235,0.7138540744781494,-0.16739238798618317,0.3241259753704071,-2.093291759490967,1.9156723022460938,0.6669912934303284,-1.9215741157531738
0.4551758749999989,0.0034223749999999996,133.0,2.4935829259283655,0.3744426696216059,0.7902479044977925,-0.0012832455451003042,0.00016615063416762567,-0.0006521358454006608,0.06437363323781914,-0.4314645826816559,0.24447056651115417,0.05384904146194458,1.6156762838363647,-1.2352707386016846,0.7225562334060669,-0.1521267145872116,0.3204927444458008,-2.0998451709747314,1.879411220550537,0.7034716010093689,-1.9379196166992188
0.4551758749999989,0.0034223749999999996,133.0,2.532287772596486,0.41363243867521376,0.7911265471173098,-0.001120622612758829,0.00014277223774508867,-0.0005604598708620135,0.06435736159120659,-0.4296279847621918,0.2460201531648636,0.06323179602622986,1.6565532684326172,-1.229248046875,0.7164205312728882,-0.1456214040517807,0.2956485152244568,-2.099597930908203,1.8269157409667969,0.7507454752922058,-1.9539611339569092
0.4551758749999989,0.0034223749999999996,133.0,2.569978398280364,0.4519848806295935,0.7917389709642325,-0.0009136208355104767,0.000114613916084771,-0.00045114503277582856,0.06434554187341601,-0.43044355511665344,0.2477402687072754,0.06866469979286194,1.6748156547546387,-1.2485384941101074,0.7224942445755005,-0.1302049309015274,0.29164570569992065,-2.106727123260498,1.7910027503967285,0.7889130115509033,-1.9683854579925537
0.4551758749999989,0.0034223749999999996,133.0,2.60685280044018,0.48946132046268015,0.7923047691474351,-0.000728938196915953,8.990912745130283e-5,-0.0003556752306172969,0.0643356158543782,-0.4311763346195221,0.24927666783332825,0.07382127642631531,1.6922903060913086,-1.2650671005249023,0.7276679277420044,-0.11470508575439453,0.2866097092628479,-2.112290859222412,1.7567873001098633,0.8256787657737732,-1.9809744358062744
0.4551758749999989,0.0034223749999999996,133.0,2.6428933815183733,0.5260811543579712,0.7928429783700124,-0.0005518951595201169,6.687861024391748e-5,-0.0002662618529236423,0.06432564502954326,-0.4319102466106415,0.25064221024513245,0.07851085066795349,1.7086665630340576,-1.2781379222869873,0.7324663400650024,-0.09886305034160614,0.2805648446083069,-2.1164112091064453,1.7254223823547363,0.859681248664856,-1.9914426803588867
0.4551758749999989,0.0034223749999999996,133.0,2.6781092826900044,0.5618284146845869,0.7932996482172063,-0.00038013556441866776,4.516096053173874e-5,-0.0001815439604038238,0.06431723857238153,-0.4325730502605438,0.2518458366394043,0.0827169120311737,1.7238311767578125,-1.2868937253952026,0.7364679574966431,-0.08299426734447479,0.27339619398117065,-2.1182429790496826,1.6969738006591797,0.8909929990768433,-1.999556303024292
0.4551758749999989,0.0034223749999999996,133.0,2.712459952077121,0.5967330378117027,0.7937415319913902,-0.00021363363543468067,2.4872752267396957e-5,-0.00010109722809954407,0.06430645847199343,-0.43331918120384216,0.25295695662498474,0.08648338913917542,1.7381641864776611,-1.2908997535705566,0.7397568225860596,-0.06841312348842621,0.2651255428791046,-2.117997407913208,1.6723999977111816,0.9184282422065735,-2.005711793899536
0.4551758749999989,0.0034223749999999996,133.0,2.7453447023655815,0.6308944214217641,0.7936118068410023,-6.373324067867731e-5,7.251527314171482e-6,-3.0120410471210034e-5,0.06430059764123827,-0.43760886788368225,0.2553107440471649,0.08577224612236023,1.72825288772583,-1.3187496662139893,0.7661119699478149,-0.041856709867715836,0.2803802490234375,-2.129157543182373,1.6715879440307617,0.9277894496917725,-2.011303663253784
0.4551758749999989,0.0034223749999999996,133.0,2.777375122065523,0.6642893024563364,0.7939309929012189,0.0001378462821100175,-1.558851972069919e-5,6.476475351320984e-5,0.0642760091212356,-0.44171640276908875,0.25753381848335266,0.08772739768028259,1.731574296951294,-1.3398693799972534,0.7844969034194946,-0.034408729523420334,0.28812694549560547,-2.1349072456359863,1.6651453971862793,0.9354606866836548,-2.0224902629852295
0.4551758749999989,0.0034223749999999996,133.0,2.8100079887513982,0.6946448236726244,0.7923413224242715,0.00032543945497350734,-3.536479073301689e-5,0.00015034245353794072,0.06443455868534727,-0.43722012639045715,0.25685811042785645,0.09571877121925354,1.7549535036087036,-1.3421512842178345,0.7517073154449463,-0.05552737042307854,0.2726813554763794,-2.111265182495117,1.6143972873687744,0.984955906867981,-2.0303828716278076
0.4551758749999989,0.0034223749999999996,133.0,2.8404475666826645,0.726342750586475,0.7926966299156671,0.0005154585827417576,-5.5603451618885534e-5,0.000236439169036119,0.06441794009165477,-0.44121161103248596,0.2589329183101654,0.09822306036949158,1.7580738067626953,-1.371497631072998,0.7711235284805298,-0.042314644902944565,0.28166764974594116,-2.123490810394287,1.602569341659546,1.0028852224349976,-2.042668104171753
0.4551758749999989,0.0034223749999999996,133.0,2.8708525327634873,0.7570494423018664,0.7937242271586938,0.0007424362365818475,-7.845084416299193e-5,0.0003352881585470806,0.06438644242868515,-0.4405415952205658,0.2594415843486786,0.10540798306465149,1.792648434638977,-1.356623649597168,0.7630524635314941,-0.029803410172462463,0.2533043622970581,-2.130307912826538,1.5672063827514648,1.043363332748413,-2.0488619804382324
0.4551758749999989,0.0034223749999999996,133.0,2.9004625532553834,0.7868306980115352,0.7944705381526741,0.0009055045401724265,-9.302432735094976e-5,0.0004037034054830624,0.0643710624061447,-0.4397025406360626,0.2595445513725281,0.11087468266487122,1.8175272941589355,-1.347203016281128,0.7567096948623657,-0.010141482576727867,0.2300136387348175,-2.135542869567871,1.5341742038726807,1.085160493850708,-2.0504980087280273
0.4551758749999989,0.0034223749999999996,133.0,2.9291602734379456,0.8158235472179616,0.795649065962979,0.0011148208566292795,-0.00011474167546636468,0.0004893040159293053,0.06434268536037846,-0.43927642703056335,0.25980523228645325,0.11880877614021301,1.8503527641296387,-1.3408076763153076,0.7420274019241333,-0.018750935792922974,0.20826300978660583,-2.1323938369750977,1.500030517578125,1.119703769683838,-2.061462640762329
0.4551758749999989,0.0034223749999999996,133.0,2.956507975409476,0.8440250406417334,0.7959196077819111,0.0012752887198918866,-0.0001300935744292266,0.0005562164377113885,0.06433936353223213,-0.442056804895401,0.26108482480049133,0.12017390131950378,1.8477559089660645,-1.3692452907562256,0.7580181360244751,-8.500739932060242e-5,0.2172366976737976,-2.1416215896606445,1.4868371486663818,1.1423976421356201,-2.0680599212646484
0.4551758749999989,0.0034223749999999996,133.0,2.9833817222409387,0.8712973467958626,0.7965842568028509,0.0014557758480798803,-0.00014715774307126224,0.0006282221654494473,0.06432649504084043,-0.44286152720451355,0.26159659028053284,0.12425890564918518,1.8630475997924805,-1.3724981546401978,0.7568372488021851,0.010095974430441856,0.20637917518615723,-2.145535707473755,1.4643170833587646,1.1700763702392578,-2.0725553035736084
0.4551758749999989,0.0034223749999999996,133.0,3.0097229801807033,0.8975792218779297,0.7969259485086886,0.0016713887600109652,-0.00016340164565755376,0.0007153458165704202,0.06432687906333028,-0.4422387182712555,0.2615790367126465,0.12752023339271545,1.8781187534332275,-1.3649379014968872,0.7532923221588135,0.03161934018135071,0.18824705481529236,-2.151282548904419,1.4393041133880615,1.203385829925537,-2.069589138031006
0.4551758749999989,0.0034223749999999996,133.0,3.0349898686041397,0.9231488486415457,0.7974375301729005,0.0018912076333916978,-0.00018328854601743305,0.0008028634330003847,0.06431375845572004,-0.442373126745224,0.2620759904384613,0.1326027810573578,1.8983665704727173,-1.3601359128952026,0.7431102991104126,0.025121234357357025,0.17453652620315552,-2.149418592453003,1.4183249473571777,1.2253997325897217,-2.0760655403137207
0.4551758749999989,0.0034223749999999996,133.0,3.0590935719343233,0.947938188344842,0.7977350423544625,0.002134917208820556,-0.00020541097925426416,0.0009008119658221683,0.06430564752635023,-0.4441908895969391,0.26290225982666016,0.13547715544700623,1.9054946899414062,-1.37432861328125,0.7462735176086426,0.02580498345196247,0.1744924783706665,-2.1514151096343994,1.4036240577697754,1.2415802478790283,-2.083223819732666
0.4551758749999989,0.0034223749999999996,133.0,3.0823823605367284,0.971866356214571,0.7978185054523177,0.002315151095767295,-0.00022017223916265052,0.0009733987560431832,0.06430446350050534,-0.44551584124565125,0.26355403661727905,0.13919958472251892,1.9133415222167969,-1.388816237449646,0.7429642677307129,0.015867123380303383,0.1750086545944214,-2.1487390995025635,1.387683391571045,1.258185625076294,-2.091603994369507
0.4551758749999989,0.0034223749999999996,133.0,3.104754807798873,0.9949901471963183,0.7978183067665972,0.002544342399898823,-0.00023760548698728546,0.0010667876105835816,0.06430243953496358,-0.4466395676136017,0.2639499008655548,0.1400149166584015,1.9088449478149414,-1.405299425125122,0.7508200407028198,0.03114670142531395,0.17727527022361755,-2.1615521907806396,1.3743882179260254,1.2854654788970947,-2.089585065841675
0.4551758749999989,0.0034223749999999996,133.0,3.1266583770142793,1.0171607022866311,0.7982056229559538,0.0027786771632706633,-0.00025702350944009254,0.0011571837585297136,0.06429587739575633,-0.4445568025112152,0.26292645931243896,0.14369156956672668,1.9222041368484497,-1.3935751914978027,0.7378180027008057,0.041910186409950256,0.15615439414978027,-2.1710753440856934,1.3472931385040283,1.3279980421066284,-2.0818731784820557
0.4551758749999989,0.0034223749999999996,133.0,3.1475015279595655,1.038601522930177,0.7982797825031485,0.0030247433758641955,-0.0002753664804423204,0.0012553654801710744,0.06429108262321641,-0.4437301456928253,0.2621309757232666,0.1452920138835907,1.9168601036071777,-1.4078043699264526,0.7366445064544678,0.05097246170043945,0.15426242351531982,-2.187504768371582,1.3249812126159668,1.3717732429504395,-2.0748507976531982
0.4551758749999989,0.0034223749999999996,133.0,3.1680414360046147,1.0590647448657482,0.7993703357850072,0.0032793293882478485,-0.0003039517532949266,0.0013423273546698622,0.06426307065692557,-0.4371683895587921,0.2581523656845093,0.15181532502174377,1.9292569160461426,-1.3866829872131348,0.6970939636230469,0.019075123593211174,0.13016587495803833,-2.1828486919403076,1.280599594116211,1.431219458580017,-2.062974691390991
0.4551758749999989,0.0034223749999999996,133.0,3.1873701955298976,1.0788464496969228,0.800062400375543,0.0034757089939766814,-0.0003226932852904691,0.0014119949966265538,0.06424827171839333,-0.4263436496257782,0.25114357471466064,0.15763142704963684,1.9368325471878052,-1.347024917602539,0.6457713842391968,-0.008673671633005142,0.09492811560630798,-2.1632087230682373,1.2201828956604004,1.5011439323425293,-2.035073757171631
0.4551758749999989,0.0034223749999999996,133.0,3.2061695884259493,1.0976102176721068,0.8008753733866188,0.0036995143647017533,-0.0003441867961075452,0.0014872512604113424,0.06423324865006354,-0.40721550583839417,0.23987123370170593,0.16651633381843567,1.9523741006851196,-1.2594362497329712,0.5538251399993896,-0.06567493081092834,0.034440308809280396,-2.108182191848755,1.130753755569458,1.5787608623504639,-1.9894607067108154
0.4551758749999989,0.0034223749999999996,133.0,3.223544138354184,1.1156172964940836,0.8008027935336953,0.003887432339896632,-0.00036768932823587434,0.0015600084173382693,0.06424985970080269,-0.3848036229610443,0.22499358654022217,0.17250880599021912,1.9288846254348755,-1.2036672830581665,0.4611318111419678,-0.16524973511695862,0.008031785488128662,-2.023705005645752,1.0319392681121826,1.6498472690582275,-1.938889503479004
0.4551758749999989,0.0034223749999999996,133.0,3.240873508554724,1.1325599077534387,0.8012579910870616,0.004112657709228326,-0.00038608819526658576,0.0016372924734706924,0.06425244373818839,-0.367488831281662,0.21464219689369202,0.18018725514411926,1.9360257387161255,-1.1228550672531128,0.37620997428894043,-0.219065859913826,-0.04389601945877075,-1.968830943107605,0.9513225555419922,1.7020821571350098,-1.8934557437896729
0.4551758749999989,0.0034223749999999996,133.0,3.257063723618761,1.1487117659679524,0.8016685628892387,0.00431026902561071,-0.00040883988427560845,0.0017035836730645206,0.0642593229299719,-0.34485188126564026,0.20050840079784393,0.18520870804786682,1.9130163192749023,-1.0418760776519775,0.28649473190307617,-0.2951301336288452,-0.08068525791168213,-1.884269118309021,0.8561813831329346,1.7477658987045288,-1.8328979015350342
0.4551758749999989,0.0034223749999999996,133.0,3.272629393025865,1.1638539359457154,0.8017731553159224,0.004505827723725505,-0.0004273896832390306,0.0017685185489945841,0.06427803886166819,-0.32640019059181213,0.18852543830871582,0.19130221009254456,1.898471713066101,-0.9741716980934143,0.2046184539794922,-0.3634728193283081,-0.11438989639282227,-1.8083704710006714,0.7715952396392822,1.7795605659484863,-1.7839336395263672
0.4551758749999989,0.0034223749999999996,133.0,3.2875375055719314,1.1781552504187998,0.8021938181700169,0.004659758219987451,-0.0004445469293027762,0.0018137481929951442,0.06429647780783726,-0.3094572126865387,0.1780853569507599,0.19513455033302307,1.8791652917861938,-0.9055652022361755,0.1357254981994629,-0.41785192489624023,-0.14242219924926758,-1.745516300201416,0.7010457515716553,1.8010752201080322,-1.736000657081604
0.4551758749999989,0.0034223749999999996,133.0,3.301491016517224,1.1915964802710646,0.8026281311818897,0.0047970885117114915,-0.00046842161700446847,0.0018507979714457064,0.06432204247290492,-0.26141664385795593,0.16158664226531982,0.21131113171577454,1.811361312866211,0.026599660515785217,-0.37302160263061523,-0.7639017701148987,-0.32131636142730713,-2.1839089393615723,0.9957363605499268,1.3339461088180542,-1.4828548431396484
0.4551758749999989,0.0034223749999999996,133.0,3.3151709591110055,1.2042138411768175,0.8036039520276799,0.004943301887530725,-0.0004960487551837554,0.001896202138672436,0.06433247907446403,-0.2492290437221527,0.1555018424987793,0.21299555897712708,1.7967607975006104,0.05881856754422188,-0.41304969787597656,-0.7877982258796692,-0.3364860415458679,-2.1440818309783936,0.9327805042266846,1.3251714706420898,-1.452844500541687
0.4551758749999989,0.0034223749999999996,133.0,3.3285112548479887,1.2156617938322785,0.8040311401981729,0.005097652967975957,-0.0005092933979083757,0.0019447784759575668,0.06435596791433602,-0.2401115596294403,0.15199008584022522,0.21511957049369812,1.7843716144561768,0.09248337894678116,-0.4465775489807129,-0.8010618090629578,-0.34921538829803467,-2.113386631011963,0.8859245777130127,1.314637541770935,-1.4275609254837036
0.4551758749999989,0.0034223749999999996,133.0,3.340920536079865,1.2264540257357133,0.804783925409195,0.005257463834740449,-0.0005249630684955157,0.0019932316270307986,0.06436461738096275,-0.2360338270664215,0.1536509394645691,0.22055551409721375,1.7948089838027954,0.12438560277223587,-0.4721183776855469,-0.810792088508606,-0.3666078448295593,-2.0933737754821777,0.8440258502960205,1.2786927223205566,-1.4202874898910522
0.4551758749999989,0.0034223749999999996,133.0,3.3525410058894494,1.2364584119538888,0.8054220711013425,0.0054113534666433045,-0.0005339977872463687,0.002041961267650413,0.06437327799929413,-0.23261281847953796,0.15609948337078094,0.22598716616630554,1.8056484460830688,0.15683777630329132,-0.4955589771270752,-0.8164290189743042,-0.38349056243896484,-2.0768280029296875,0.8048298358917236,1.238546371459961,-1.413931965827942
0.4551758749999989,0.0034223749999999996,133.0,3.362990507490451,1.2457508492081282,0.8058721466837058,0.005590979190851024,-0.0005364278476183313,0.002094355769085795,0.06438618947317852,-0.22709906101226807,0.1557682752609253,0.22996929287910461,1.8036075830459595,0.18368834257125854,-0.5209176540374756,-0.827494204044342,-0.39639419317245483,-2.0451605319976807,0.7611706256866455,1.2031136751174927,-1.3987008333206177
0.4551758749999989,0.0034223749999999996,133.0,3.371781282126132,1.2564530356547667,0.8089400846152767,0.0058454034429375286,-0.0005768554859869045,0.002184342580539609,0.06419843178756726,-0.22010579705238342,0.15491211414337158,0.22741040587425232,1.7787230014801025,0.22748146951198578,-0.5380854606628418,-0.8189390897750854,-0.3959757685661316,-2.029749870300293,0.746319055557251,1.1716842651367188,-1.3742249011993408
0.4551758749999989,0.0034223749999999996,133.0,3.3808561098805407,1.2640542500247658,0.8098274609409362,0.0061180554427178405,-0.0006064364440163941,0.0022757045750664115,0.06419748852106608,-0.21539035439491272,0.15500570833683014,0.22943976521492004,1.7716621160507202,0.25558939576148987,-0.5572867393493652,-0.8220505118370056,-0.4040532112121582,-2.0062596797943115,0.7164602279663086,1.1380385160446167,-1.3589146137237549
0.4551758749999989,0.0034223749999999996,133.0,3.388584246185792,1.270917758244429,0.8100951547612153,0.006534822853631502,-0.0006355732240963355,0.0024147959195825945,0.06420833626884548,-0.21064087748527527,0.15600427985191345,0.23334482312202454,1.7673074007034302,0.2824039161205292,-0.5802085399627686,-0.8311627507209778,-0.41501426696777344,-1.9676883220672607,0.6742322444915771,1.0848039388656616,-1.3432590961456299
0.4551758749999989,0.0034223749999999996,133.0,3.3956275058334646,1.2769688924758602,0.8104667924237342,0.007231078199181506,-0.0006917371194027104,0.0026526201417068247,0.06421298273454473,-0.20925450325012207,0.15809841454029083,0.23745986819267273,1.7735340595245361,0.29419800639152527,-0.5927550792694092,-0.8424374461174011,-0.42258501052856445,-1.947536587715149,0.6442811489105225,1.0463873147964478,-1.3416216373443604
0.4551758749999989,0.0034223749999999996,133.0,3.4018274686817596,1.282264983799913,0.8106666467998342,0.008800793246035459,-0.0008486599594270326,0.0032173714518152333,0.06422408480362178,-0.20616859197616577,0.15837401151657104,0.23962268233299255,1.7673791646957397,0.30937460064888,-0.6074361801147461,-0.8565227389335632,-0.42458927631378174,-1.921162724494934,0.6159512996673584,1.01419198513031,-1.3332295417785645
0.4551758749999989,0.0034223749999999996,133.0,3.4071749926376698,1.287408480928593,0.8111908148168643,0.016389114174101015,-0.0016472663803524955,0.005803494741191252,0.06419165301688272,-0.20502308011054993,0.15760096907615662,0.24388065934181213,1.762853741645813,0.32122719287872314,-0.626227855682373,-0.9181041717529297,-0.4183766841888428,-1.872108817100525,0.5695993900299072,0.9749957323074341,-1.334273099899292
0.4551758749999989,0.0034223749999999996,133.0,3.4234231586661132,-1.223680613832638,0.7598146426046146,-0.013801599239786534,-0.0008351379049718912,-0.007006674188031275,0.06823975680157167,-0.015685826539993286,0.1534053534269333,-0.16602012515068054,0.8057492971420288,0.2819434702396393,-1.0475349426269531,0.6115347743034363,0.1927405297756195,-0.160129114985466,0.4827864170074463,0.11801334470510483,-0.9994214177131653
0.4551758749999989,0.0034223749999999996,133.0,3.418829966467212,-1.2185699250405482,0.7603959163451554,-0.007453272980087182,-0.0003917856264061306,-0.0037916909591402827,0.06819220615048188,-0.015588641166687012,0.15550310909748077,-0.16668805480003357,0.7998202443122864,0.25875183939933777,-1.0385844707489014,0.6293008923530579,0.19182485342025757,-0.16047850251197815,0.5085806846618652,0.08389067649841309,-0.9921290874481201
0.4551758749999989,0.0034223749999999996,133.0,3.413064811611179,-1.212853118437115,0.7604783816286352,-0.006126755879115795,-0.0003060469431716116,-0.0031141668320523496,0.06816800433561669,-0.016713052988052368,0.15522265434265137,-0.1695851981639862,0.7874399423599243,0.2600611448287964,-1.0221107006072998,0.6561499238014221,0.1953992247581482,-0.1539311558008194,0.5167357921600342,0.05907350033521652,-0.983306884765625
0.4551758749999989,0.0034223749999999996,133.0,3.406804018556902,-1.2068763387157917,0.7604929265861202,-0.005540083451300742,-0.000281049714372223,-0.002817810990451474,0.06815996485817813,-0.017848730087280273,0.15551768243312836,-0.17199352383613586,0.7766060829162598,0.25751084089279175,-1.0072813034057617,0.6752773523330688,0.19815370440483093,-0.14396612346172333,0.5198307037353516,0.03345448523759842,-0.9751752614974976
0.4551758749999989,0.0034223749999999996,133.0,3.3993606544763426,-1.1997635394817394,0.7605277441167603,-0.00520176807917237,-0.00026437881087283774,-0.002644526617704732,0.06814252831841293,-0.019260883331298828,0.15447580814361572,-0.17537352442741394,0.7620070576667786,0.25929224491119385,-0.991980791091919,0.7048534154891968,0.2028997838497162,-0.12712375819683075,0.5227029323577881,0.006333669647574425,-0.9653553366661072
0.4551758749999989,0.0034223749999999996,133.0,3.3906178213814653,-1.1937732983340452,0.7579895605551961,-0.00496052885252026,-0.00031466768664300556,-0.002520008338470834,0.06821065004188678,-0.019335001707077026,0.1522069126367569,-0.17894798517227173,0.738949716091156,0.2547166347503662,-0.9729592800140381,0.7378526926040649,0.2105768620967865,-0.10962007939815521,0.5240359306335449,-0.01432375330477953,-0.9500992298126221
0.4551758749999989,0.0034223749999999996,133.0,3.3815917283964922,-1.1853790761728622,0.7581269374517047,-0.004764866334784411,-0.0003063499915454515,-0.002421795232182484,0.06819783225746719,-0.02136102318763733,0.15105360746383667,-0.1822715699672699,0.7212748527526855,0.25369757413864136,-0.9572138786315918,0.768754243850708,0.21598118543624878,-0.08200341463088989,0.5245144367218018,-0.04957885295152664,-0.937831699848175
0.4551758749999989,0.0034223749999999996,133.0,3.3719682316723336,-1.1761319000204435,0.758013061057347,-0.004617275655538965,-0.0003080785516889392,-0.002345882993424806,0.068188848198795,-0.02241581678390503,0.14986489713191986,-0.1850951611995697,0.7007524967193604,0.24579627811908722,-0.938507080078125,0.7939916253089905,0.2224002480506897,-0.06325554847717285,0.5242898464202881,-0.07179831713438034,-0.9237645268440247
0.4551758749999989,0.0034223749999999996,133.0,3.36125405882151,-1.1658805033643846,0.7580733233135482,-0.004487356104248455,-0.00030430763383954387,-0.002276473748141893,0.06817234768545356,-0.024476677179336548,0.14839361608028412,-0.18815407156944275,0.6753455400466919,0.2374662607908249,-0.9157931804656982,0.8252690434455872,0.2300519049167633,-0.03358147665858269,0.5236341953277588,-0.1033635064959526,-0.9060349464416504
0.4551758749999989,0.0034223749999999996,133.0,3.3498195978671883,-1.1550467909210391,0.758296067294405,-0.004355428466186373,-0.00030125910401209116,-0.002209450887307189,0.06816076075123381,-0.025976091623306274,0.14565551280975342,-0.19062159955501556,0.6501502394676208,0.228894904255867,-0.8983678817749023,0.8557523488998413,0.23849985003471375,-0.0021568567026406527,0.521902322769165,-0.12307241559028625,-0.889374315738678
0.4551758749999989,0.0034223749999999996,133.0,3.3376609904509973,-1.143177818072971,0.758400499640371,-0.004233745921908744,-0.0002929684972140493,-0.0021463999048380814,0.06815117934716658,-0.027100414037704468,0.14401060342788696,-0.19230470061302185,0.6221392154693604,0.2110164910554886,-0.8756773471832275,0.8778194785118103,0.24616611003875732,0.02999092824757099,0.5166308879852295,-0.1443280577659607,-0.8690486550331116
0.4551758749999989,0.0034223749999999996,133.0,3.3248851750822275,-1.1306285877553366,0.7582454308411921,-0.004109537201992866,-0.00029330531587093927,-0.0020790908385801454,0.06814702847305898,-0.027426093816757202,0.1416047066450119,-0.19334541261196136,0.5951457023620605,0.19404520094394684,-0.8569927215576172,0.8973245024681091,0.2528963088989258,0.0620621033012867,0.5087032318115234,-0.15437184274196625,-0.8488297462463379
0.4551758749999989,0.0034223749999999996,133.0,3.3113166876889113,-1.1170167794293178,0.7581782248352403,-0.004001146906359244,-0.0002769296460920249,-0.0020249826591561115,0.06814777709261462,-0.02699342370033264,0.138640895485878,-0.1925802230834961,0.5515747666358948,0.16264581680297852,-0.8235909938812256,0.9088879227638245,0.26444095373153687,0.08211284130811691,0.5023901462554932,-0.14072690904140472,-0.8169592618942261
0.4551758749999989,0.0034223749999999996,133.0,3.2969120460846786,-1.102492449490922,0.7580582411498571,-0.003863535611929797,-0.00025727252540621226,-0.001956240889055769,0.06814964443097742,-0.02599036693572998,0.13390478491783142,-0.18943728506565094,0.5034013986587524,0.1263909935951233,-0.7920200824737549,0.9163624048233032,0.2789461016654968,0.09169410914182663,0.5006780624389648,-0.09437288343906403,-0.7835549116134644
0.4551758749999989,0.0034223749999999996,133.0,3.2815540739379103,-1.0872341884053836,0.7579062946131411,-0.0036882632814762882,-0.0002518817301555978,-0.0018721224018304256,0.0681416383601481,-0.07182192802429199,0.18299028277397156,-0.16120842099189758,0.6273176670074463,0.11209764331579208,-0.8405683040618896,0.3832702338695526,0.4464312493801117,-0.2916366457939148,0.6878814697265625,-0.027173327282071114,-1.077652931213379
0.4551758749999989,0.0034223749999999996,133.0,3.265328835109903,-1.071056616760209,0.7577711169268517,-0.0035257698179208393,-0.0002415810870618831,-0.001791486754479163,0.06813330456622603,-0.07620003819465637,0.1774292290210724,-0.15880057215690613,0.5711382627487183,0.10448212921619415,-0.7918057441711426,0.4039764404296875,0.4467233419418335,-0.24770312011241913,0.7337849140167236,0.011380376294255257,-1.0217533111572266
0.4551758749999989,0.0034223749999999996,133.0,3.248233856228618,-1.0541716442742914,0.757782639984681,-0.003340209400652954,-0.00023286466773679104,-0.001700969492331462,0.06812254988199422,-0.07969412207603455,0.17173002660274506,-0.1554296314716339,0.5203945636749268,0.09160224348306656,-0.745694637298584,0.42351624369621277,0.4496641159057617,-0.19952274858951569,0.7722451686859131,0.05457322299480438,-0.9739511609077454
0.4551758749999989,0.0034223749999999996,133.0,3.230442210405746,-1.0362242969024755,0.7576071804004638,-0.003163402522162218,-0.00021658362391817698,-0.0016159813208701408,0.06812119598528053,-0.08137619495391846,0.16644464433193207,-0.1501135528087616,0.4687412977218628,0.07030154764652252,-0.69775390625,0.42457064986228943,0.45242926478385925,-0.17838934063911438,0.80832839012146,0.13936521112918854,-0.9251191020011902
0.4551758749999989,0.0034223749999999996,133.0,3.2115460843883925,-1.0174266990625536,0.7574688945269836,-0.0029823065163474016,-0.0002083562236784438,-0.0015237514101566067,0.06810411916450115,-0.08470961451530457,0.16195520758628845,-0.14508715271949768,0.42081108689308167,0.05684838443994522,-0.6243205070495605,0.42187821865081787,0.4511985778808594,-0.13202552497386932,0.8423774242401123,0.1814553290605545,-0.8759804964065552
0.4551758749999989,0.0034223749999999996,133.0,3.1919662820893495,-0.9979604253303651,0.7573222070421796,-0.002819581866022736,-0.00020213024150232835,-0.0014416505947902468,0.06809380581031359,-0.0875612199306488,0.1574399173259735,-0.1398468017578125,0.37617039680480957,0.041683513671159744,-0.5385615825653076,0.4122123122215271,0.4536691904067993,-0.10882090777158737,0.8760952949523926,0.2391868531703949,-0.8339012265205383
0.4551758749999989,0.0034223749999999996,133.0,3.171600251690362,-0.9774984249090959,0.7570900522632106,-0.002605686900269762,-0.00018746676172249472,-0.0013341496647222917,0.06808783958763141,-0.08812826871871948,0.1546495109796524,-0.1372198760509491,0.34609296917915344,0.030404340475797653,-0.47110891342163086,0.3940075933933258,0.4478498697280884,-0.09241067618131638,0.8930885791778564,0.2754676640033722,-0.7980338931083679
0.4551758749999989,0.0034223749999999996,133.0,3.1503390068320747,-0.9570055648957497,0.7572981885088299,-0.002393501779709808,-0.00018062799673276513,-0.0012263318597146432,0.0680782639275498,-0.08996975421905518,0.14797431230545044,-0.1330583393573761,0.3064131736755371,0.030974283814430237,-0.379575252532959,0.3860124945640564,0.45659518241882324,-0.05389734357595444,0.9130129814147949,0.3004600405693054,-0.7671354413032532
0.4551758749999989,0.0034223749999999996,133.0,3.1282311948156147,-0.9348356323302301,0.757014407672848,-0.0021924153406526338,-0.0001656166204124171,-0.0011237397577242153,0.06807150600193335,-0.08741438388824463,0.14649111032485962,-0.13584622740745544,0.29925602674484253,0.03252903372049332,-0.36916494369506836,0.3836718201637268,0.4423881769180298,-0.009678765200078487,0.8959057331085205,0.27838096022605896,-0.7456691861152649
0.4551758749999989,0.0034223749999999996,133.0,3.105115303223175,-0.9116925321409853,0.7566580765624114,-0.001992473278094258,-0.00015328642931272554,-0.001020690593525053,0.06805715728268653,-0.08630937337875366,0.1460450142621994,-0.1389157474040985,0.29606419801712036,0.03797953575849533,-0.3544435501098633,0.38384106755256653,0.4293942451477051,0.03448314219713211,0.8816707134246826,0.24453631043434143,-0.7294206619262695
0.4551758749999989,0.0034223749999999996,133.0,3.0810685629690453,-0.8874125247534389,0.7561075260803362,-0.0018324988273031905,-0.00014279418601801714,-0.0009378197178486931,0.06804056338504287,-0.08633631467819214,0.1480293869972229,-0.14284610748291016,0.3020602762699127,0.042814455926418304,-0.3495643138885498,0.3842497169971466,0.41348791122436523,0.06513165682554245,0.8704588413238525,0.20685818791389465,-0.7194932699203491
0.4551758749999989,0.0034223749999999996,133.0,3.0563842465181428,-0.8625995280370883,0.7558150404027171,-0.0016351389708575176,-0.00012676027805100357,-0.0008389460517127703,0.06803133163733714,-0.08645603060722351,0.14932839572429657,-0.14499184489250183,0.3042687773704529,0.04053153842687607,-0.3483693599700928,0.3858751356601715,0.4050551652908325,0.06700882315635681,0.8691411018371582,0.20642156898975372,-0.7132976651191711
0.4551758749999989,0.0034223749999999996,133.0,3.0308149948401195,-0.8372681498801638,0.7557546137310216,-0.0014524534407980925,-0.00011665476695368781,-0.0007473954797410676,0.06801708430995211,-0.0873887836933136,0.14866231381893158,-0.1458858847618103,0.2985670864582062,0.04277709126472473,-0.3312063217163086,0.39317500591278076,0.40450406074523926,0.08549544215202332,0.8701894283294678,0.20319776237010956,-0.7070746421813965
0.4551758749999989,0.0034223749999999996,133.0,3.0045088042160724,-0.8113638332032934,0.7556716711122387,-0.0012723580589293474,-0.00010521228159702854,-0.0006551714706528901,0.06800655928055895,-0.08814942836761475,0.14685137569904327,-0.14639690518379211,0.2894311547279358,0.04590992629528046,-0.309906005859375,0.4022386968135834,0.40673258900642395,0.11037708818912506,0.8706057071685791,0.20249693095684052,-0.7001771330833435
0.4551758749999989,0.0034223749999999996,133.0,2.9774249912968367,-0.7844014753963144,0.7554248454123021,-0.001123147386158724,-9.517174451577987e-5,-0.0005784113582324276,0.06799649678195306,-0.08850914239883423,0.14639027416706085,-0.14786553382873535,0.2852562367916107,0.04626377299427986,-0.29511356353759766,0.41020625829696655,0.4041627049446106,0.13101941347122192,0.868351936340332,0.1960715502500534,-0.6934318542480469
0.4551758749999989,0.0034223749999999996,133.0,2.949663667370938,-0.756687851138572,0.7551688999561956,-0.0009900160863025181,-8.499407812469815e-5,-0.0005101443893629146,0.0679926312132185,-0.08794048428535461,0.1455734819173813,-0.14945462346076965,0.28048792481422424,0.04283642768859863,-0.2854743003845215,0.41625604033470154,0.4006079137325287,0.1450323760509491,0.8645920753479004,0.19913791120052338,-0.6850948929786682
0.4551758749999989,0.0034223749999999996,133.0,2.9208204431483367,-0.7281458106015796,0.7548968245446075,-0.0008175895583422928,-7.201327434594009e-5,-0.0004203565026501552,0.06798077208489936,-0.08899533748626709,0.14458563923835754,-0.15076956152915955,0.2746922969818115,0.04677801951766014,-0.2649545669555664,0.42595309019088745,0.4004320204257965,0.17782799899578094,0.8630015850067139,0.18661320209503174,-0.6791086196899414
0.4551758749999989,0.0034223749999999996,133.0,2.891159241908395,-0.6988711217305767,0.7547273917265825,-0.0006864508581788709,-6.262272831119422e-5,-0.0003527706552082231,0.06796904230414581,-0.09002405405044556,0.1431276649236679,-0.1516348421573639,0.2661358714103699,0.05061814934015274,-0.2411482334136963,0.43699586391448975,0.40314510464668274,0.20791177451610565,0.8628373146057129,0.18104305863380432,-0.6732648015022278
0.4551758749999989,0.0034223749999999996,133.0,2.860607727667556,-0.6685265960652371,0.7544797568005126,-0.0005152769570791864,-4.8323017368298956e-5,-0.0002651446933089192,0.06795453832690271,-0.09139508008956909,0.1432485580444336,-0.15298855304718018,0.26244744658470154,0.05226123705506325,-0.22478961944580078,0.4470239281654358,0.40234291553497314,0.2236655205488205,0.865450382232666,0.17776545882225037,-0.6688098907470703
0.4551758749999989,0.0034223749999999996,133.0,2.8292627265663226,-0.6370134712737484,0.7540835584006975,-0.00032368988419764495,-3.0131902857994096e-5,-0.00016680212299403943,0.06794230148964943,-0.09248211979866028,0.1454901099205017,-0.15537869930267334,0.26687607169151306,0.04910089075565338,-0.22509264945983887,0.45204293727874756,0.39333754777908325,0.21942773461341858,0.869581937789917,0.17703428864479065,-0.6642807126045227
0.4551758749999989,0.0034223749999999996,133.0,2.7970064270499253,-0.6047606644391509,0.7537518277035047,-0.0001512780747446101,-1.4297845506988921e-5,-7.81930576923097e-5,0.06792569666914859,-0.09413814544677734,0.1471414566040039,-0.15733227133750916,0.2682636082172394,0.04969657212495804,-0.2176656723022461,0.45980700850486755,0.3877268433570862,0.22291967272758484,0.8750033378601074,0.17363083362579346,-0.6601099967956543
0.4551758749999989,0.0034223749999999996,133.0,2.763931263060099,-0.5722922624671727,0.7536654321553665,1.676969393949567e-5,1.659627338582874e-6,8.708029189386167e-6,0.06791112712138125,-0.09580159187316895,0.14512674510478973,-0.1578126847743988,0.25656187534332275,0.056451212614774704,-0.19342947006225586,0.47194644808769226,0.3938519358634949,0.24452026188373566,0.8804905414581299,0.18188327550888062,-0.6545740962028503
0.4551758749999989,0.0034223749999999996,133.0,2.7299801521281273,-0.538587790457296,0.753383550665117,0.00018525823226557425,1.882125711709347e-5,9.635142988152653e-5,0.06789423927992042,-0.0976603627204895,0.14544397592544556,-0.1594369113445282,0.25287652015686035,0.05903233215212822,-0.17664432525634766,0.48398780822753906,0.39328664541244507,0.2598501145839691,0.8854479789733887,0.17874515056610107,-0.6503723859786987
0.4551758749999989,0.0034223749999999996,133.0,2.695071344871485,-0.5036509236618774,0.7528594232419868,0.0003678858454098276,3.7916713116202876e-5,0.0001914897709623796,0.06787255554052084,-0.1002059280872345,0.1480787992477417,-0.1622512936592102,0.2578526437282562,0.05949098989367485,-0.16991233825683594,0.494762659072876,0.38583406805992126,0.26668021082878113,0.8922669887542725,0.16668298840522766,-0.6479668617248535
0.4551758749999989,0.0034223749999999996,133.0,2.6593824956988388,-0.4682556538562683,0.7525604901719383,0.0005114798486174164,5.4101760966331895e-5,0.0002667763788593257,0.06785388035663112,-0.10251134634017944,0.14861296117305756,-0.16393575072288513,0.25417226552963257,0.06201774626970291,-0.15277743339538574,0.5079218745231628,0.38601475954055786,0.2800039052963257,0.89986252784729,0.16519960761070251,-0.6445327401161194
0.4551758749999989,0.0034223749999999996,133.0,2.6228880977698465,-0.4320506052416607,0.7522529164149343,0.0006734145449948521,7.315136098152458e-5,0.00035192231132885523,0.06783548547829708,-0.10467177629470825,0.14898289740085602,-0.16568055748939514,0.25007811188697815,0.06425004452466965,-0.13532686233520508,0.5212461948394775,0.3861268162727356,0.29500237107276917,0.9068953990936279,0.16330836713314056,-0.6406058073043823
0.4551758749999989,0.0034223749999999996,133.0,2.5856195804524384,-0.39504599376251,0.7519477245406991,0.0008458927157250839,9.446068349254435e-5,0.00044279618458219054,0.06781818826217892,-0.10648450255393982,0.1490708738565445,-0.16750100255012512,0.24536526203155518,0.06587487459182739,-0.11760735511779785,0.5344999432563782,0.38603901863098145,0.31296396255493164,0.9123713970184326,0.16047410666942596,-0.6358411908149719
0.4551758749999989,0.0034223749999999996,133.0,2.547605983174193,-0.35727263120870034,0.7516116255115115,0.0010417296610960376,0.00011999860972283838,0.0005461978393906996,0.06780289711258548,-0.10780715942382812,0.14873991906642914,-0.1694698929786682,0.24005542695522308,0.06571240723133087,-0.10033321380615234,0.5478350520133972,0.38590407371520996,0.33353519439697266,0.9157114028930664,0.15817174315452576,-0.6304130554199219
0.4551758749999989,0.0034223749999999996,133.0,2.508796734401542,-0.3186830269757624,0.7512941742795403,0.001227685377640482,0.00014560346377308537,0.0006443655111575833,0.06778908260424153,-0.10886704921722412,0.1481991708278656,-0.17151802778244019,0.23431488871574402,0.06451022624969482,-0.08318877220153809,0.5613818764686584,0.3859478533267975,0.3558720648288727,0.917919397354126,0.15579381585121155,-0.6247211694717407
0.4551758749999989,0.0034223749999999996,133.0,2.4690234071884207,-0.27970160673261313,0.7510851361965788,0.0013479287135340825,0.0001687904322555441,0.0007081518159303294,0.06777561155597354,-0.11072033643722534,0.1451510488986969,-0.17265456914901733,0.21936477720737457,0.07149195671081543,-0.05297589302062988,0.5817416906356812,0.3971657156944275,0.4006953835487366,0.920936107635498,0.160267636179924,-0.6209880113601685
0.4551758749999989,0.0034223749999999996,133.0,2.4284289865091853,-0.23941419687600676,0.7507671271554672,0.0015019565020169122,0.00019373550989319952,0.0007905616602345102,0.06775856441634455,-0.11252865195274353,0.14498864114284515,-0.17452314496040344,0.214103102684021,0.0723905861377716,-0.03623461723327637,0.5975922346115112,0.398388147354126,0.4194737374782562,0.9267401695251465,0.15984323620796204,-0.6169837713241577
0.4551758749999989,0.0034223749999999996,133.0,2.386789464617365,-0.19759433979722113,0.750085710406042,0.0016521429735751514,0.0002170396028747923,0.0008717782794956105,0.06772991208994353,-0.11486580967903137,0.148392453789711,-0.1781911849975586,0.22294308245182037,0.06843610852956772,-0.0364992618560791,0.6091063022613525,0.3855096697807312,0.42374351620674133,0.9344394207000732,0.1419399082660675,-0.613000750541687
0.4551758749999989,0.0034223749999999996,133.0,2.3454974104513857,-0.15455605440180564,0.7524636232335601,0.0017933253912196584,0.0002263248200795314,0.0009531856131837449,0.0676514480953917,-0.11460942029953003,0.14587250351905823,-0.17942190170288086,0.20644384622573853,0.06448560953140259,-0.013342618942260742,0.6169535517692566,0.39210793375968933,0.43310365080833435,0.9388558864593506,0.160373255610466,-0.6030783653259277
0.4551758749999989,0.0034223749999999996,133.0,2.3020345113676184,-0.11164122118315982,0.7520133783399571,0.0018897033484899513,0.00025585832502823786,0.0010085397828872235,0.0676159352214882,-0.11747622489929199,0.14058901369571686,-0.1810320019721985,0.18471521139144897,0.08250606805086136,0.02658700942993164,0.6513261198997498,0.4135841131210327,0.5134026408195496,0.940762996673584,0.16571404039859772,-0.6027697920799255
0.4551758749999989,0.0034223749999999996,133.0,2.2568470660838273,-0.06822060697752766,0.7521508026640107,0.0018617549479145131,0.0002663533394548392,0.0010067433090366583,0.06756554308695358,-0.14026081562042236,0.15397730469703674,-0.180245041847229,0.19625608623027802,0.12044143676757812,0.051018476486206055,0.6820787787437439,0.4258386194705963,0.42020389437675476,1.06601881980896,0.17337055504322052,-0.6271584630012512
0.4551758749999989,0.0034223749999999996,133.0,2.2070457261647287,-0.016527713288568467,0.748667610148537,0.0017448221339624035,0.00010353980258610336,0.000992377791954534,0.06736783349758214,-0.19983971118927002,0.2685149908065796,-0.1756676733493805,0.461351603269577,0.057753730565309525,0.05078434944152832,0.04238515719771385,0.48015421628952026,-1.164206862449646,1.7104573249816895,-0.13838165998458862,-0.9449076652526855
0.4551758749999989,0.0034223749999999996,133.0,2.1533282866723775,0.038526533046178514,0.7498501915351218,0.0001026938295530622,-9.217790987504904e-6,6.2316942860473e-5,0.06677370376999421,-0.3163287937641144,0.1609422266483307,-0.1676543951034546,0.6978386640548706,-0.3668091297149658,0.5341970920562744,0.8156549334526062,0.09196668863296509,-1.2571152448654175,2.030086040496826,-0.12403472512960434,-0.7888385653495789
0.4551758749999989,0.0034223749999999996,133.0,2.192563969097866,0.06258377559520542,0.7510034796292583,-0.0017185511240078812,-0.00017177835362063834,-0.0010476279175846512,0.0661838204774375,-0.3204294741153717,0.16832301020622253,-0.12532654404640198,0.9730544686317444,-0.3632320463657379,0.5527009963989258,0.6107120513916016,0.04098045825958252,-1.4523359537124634,2.0318989753723145,0.09691228717565536,-1.0137877464294434
0.4551758749999989,0.0034223749999999996,133.0,2.225809110753825,0.11311057814942087,0.7602594536273507,-0.0019829206722862236,8.132723198746953e-5,-0.0011835956466562437,0.06524457171221544,-0.3874475061893463,0.20184706151485443,-0.010532766580581665,1.4227070808410645,-0.8173288702964783,0.6303607225418091,-0.07324396073818207,0.1981830596923828,-1.8905467987060547,2.0681676864624023,0.5539979934692383,-1.6209514141082764
0.4551758749999989,0.0034223749999999996,133.0,2.2606694489609187,0.16238652910599552,0.7696242324341898,-0.0020301280625415283,0.00024285349233585138,-0.001129035821374184,0.06466727991092183,-0.42502155900001526,0.22934377193450928,0.016087979078292847,1.4793047904968262,-1.1194663047790527,0.6977852582931519,-0.19809268414974213,0.33750319480895996,-2.060760736465454,2.084686756134033,0.4993090331554413,-1.817600965499878
0.4551758749999989,0.0034223749999999996,133.0,2.3018913345743846,0.20781507100296595,0.7724798214320946,-0.0019330254268653954,0.00024971424850613494,-0.0010402132962212427,0.06454440082495433,-0.4230835735797882,0.23469679057598114,0.03429776430130005,1.5554808378219604,-1.1263986825942993,0.6733334064483643,-0.227259561419487,0.3074951767921448,-2.067328691482544,1.9990124702453613,0.5623533725738525,-1.8638548851013184
0.4551758749999989,0.0034223749999999996,133.0,2.3433458999924897,0.25100335644230365,0.7740071646676763,-0.0017774467436413525,0.00023648184150171613,-0.000937697801108376,0.06449652976319808,-0.4273034632205963,0.2376343458890915,0.034177154302597046,1.5451829433441162,-1.1721253395080566,0.6955313682556152,-0.19472305476665497,0.33072131872177124,-2.086371660232544,1.9916820526123047,0.5894518494606018,-1.8771426677703857
0.4551758749999989,0.0034223749999999996,133.0,2.3842780307507234,0.29276071951835203,0.7746432046787655,-0.0015803551993998158,0.00020891119505111861,-0.0008235078315144734,0.06449642235833147,-0.42436233162879944,0.2397184818983078,0.04462191462516785,1.5877777338027954,-1.1711440086364746,0.6862361431121826,-0.1991613209247589,0.3089115023612976,-2.078195810317993,1.930025577545166,0.6379811763763428,-1.8979289531707764
0.4551758749999989,0.0034223749999999996,133.0,2.4244484886385944,0.3335939114252388,0.7748277000774957,-0.001490348396334162,0.00019059382132729307,-0.0007705637022169462,0.06449339819261887,-0.42671313881874084,0.24179835617542267,0.045052289962768555,1.5823700428009033,-1.201171875,0.7066818475723267,-0.15918868780136108,0.32131338119506836,-2.092014789581299,1.913996696472168,0.6675581336021423,-1.9052369594573975
0.4551758749999989,0.0034223749999999996,133.0,2.4640289672891584,0.3736637217441657,0.7756839990190113,-0.0012796680060260276,0.00016139246411462827,-0.0006511166407239386,0.06446637309057417,-0.42759570479393005,0.24387121200561523,0.05055594444274902,1.6019545793533325,-1.2201673984527588,0.7152827978134155,-0.14430589973926544,0.31782931089401245,-2.098771572113037,1.8780221939086914,0.7035655379295349,-1.9214961528778076
0.4551758749999989,0.0034223749999999996,133.0,2.502738168927965,0.41284449511818416,0.7765467194462966,-0.0011174298131043647,0.00013877999466288074,-0.0005596584989681954,0.06445044380139284,-0.4257161319255829,0.24548545479774475,0.05983254313468933,1.642547369003296,-1.214253544807434,0.7092235088348389,-0.1382664144039154,0.2933979034423828,-2.098745107650757,1.8258256912231445,0.7502180337905884,-1.9376707077026367
0.4551758749999989,0.0034223749999999996,133.0,2.54043519070093,0.4511871746476439,0.7771393992567202,-0.000910955434464682,0.00011143557584638892,-0.0004505896191854816,0.06443894362929668,-0.4264678657054901,0.24725335836410522,0.06517431139945984,1.6605582237243652,-1.2332980632781982,0.7152421474456787,-0.12328043580055237,0.28962329030036926,-2.106112241744995,1.790182113647461,0.7879152894020081,-1.952073574066162
0.4551758749999989,0.0034223749999999996,133.0,2.5773156250326528,0.48865461885213957,0.7776860323254721,-0.0007267650811107585,8.743453434231587e-5,-0.0003553061174005719,0.06442929951271432,-0.42713692784309387,0.248836487531662,0.07023927569389343,1.6777676343917847,-1.2496190071105957,0.7203809022903442,-0.10819277167320251,0.2848387360572815,-2.1119043827056885,1.7562179565429688,0.8242020606994629,-1.9646496772766113
0.4551758749999989,0.0034223749999999996,133.0,2.6133624463519958,0.5252659438886542,0.7782045617682254,-0.0005502179012891318,6.504544275886119e-5,-0.00026603225300281957,0.06441962953512057,-0.42780694365501404,0.2502453923225403,0.07483616471290588,1.6938577890396118,-1.2625229358673096,0.7251609563827515,-0.09272663295269012,0.27906352281570435,-2.116230010986328,1.7250823974609375,0.8577334880828857,-1.9751033782958984
0.4551758749999989,0.0034223749999999996,133.0,2.648583877677513,0.5610059619779616,0.7786467901825782,-0.00037896022329372066,4.39360764486572e-5,-0.00018141614073323697,0.06441143101800677,-0.42841675877571106,0.2514921724796295,0.07894966006278992,1.7087312936782837,-1.271152138710022,0.7291991710662842,-0.0772031843662262,0.2721855640411377,-2.1182730197906494,1.6968750953674316,0.8885395526885986,-1.9832191467285156
0.4551758749999989,0.0034223749999999996,133.0,2.6829403815707686,0.5959036515548005,0.7790738239330605,-0.00021296319325592462,2.420197930234589e-5,-0.00010103955079433731,0.06440088533691093,-0.4291141927242279,0.25264403223991394,0.08262267708778381,1.7227611541748047,-1.2751007080078125,0.7325602769851685,-0.06290929019451141,0.26423197984695435,-2.118227005004883,1.6725249290466309,0.9154816269874573,-1.989389419555664
0.4551758749999989,0.0034223749999999996,133.0,2.715848110658367,0.6300541640063054,0.7789584459723898,-6.35341908529095e-5,7.058704385323594e-6,-3.010051189898108e-5,0.06439471721338573,-0.43335261940956116,0.255008339881897,0.08186045289039612,1.7127625942230225,-1.3023656606674194,0.7587772607803345,-0.03680131956934929,0.27949851751327515,-2.1294779777526855,1.6719555854797363,0.9243069291114807,-1.9949028491973877
0.4551758749999989,0.0034223749999999996,133.0,2.7478958941439577,0.6634382328862688,0.7792680653355597,0.00013741078497739282,-1.517618107100725e-5,6.472659236418352e-5,0.06437061212036453,-0.4374179542064667,0.2572537660598755,0.08374735713005066,1.7158929109573364,-1.3232603073120117,0.7771339416503906,-0.029613815248012543,0.28740397095680237,-2.135422706604004,1.6656913757324219,0.9315946698188782,-2.006056308746338
0.4551758749999989,0.0034223749999999996,133.0,2.7805139930138756,0.6937913778294967,0.7776329522316863,0.0003243892024909922,-3.438141677837964e-5,0.00015030554032755374,0.06452951828228946,-0.43291106820106506,0.2566406726837158,0.0916241705417633,1.7388430833816528,-1.3261622190475464,0.7448159456253052,-0.05062662065029144,0.2725140154361725,-2.112121105194092,1.6151411533355713,0.9806785583496094,-2.0140838623046875
0.4551758749999989,0.0034223749999999996,133.0,2.810971769047627,0.7254790919607281,0.7779775643524296,0.0005137755128111644,-5.4073800201775144e-5,0.00023640484705332365,0.0645133409345604,-0.43686071038246155,0.2587423324584961,0.09407231211662292,1.7418066263198853,-1.3553706407546997,0.7642563581466675,-0.037757787853479385,0.281705766916275,-2.1245157718658447,1.6034598350524902,0.998192310333252,-2.0264155864715576
0.4551758749999989,0.0034223749999999996,133.0,2.841375269464278,0.7561802261366513,0.7789620951395922,0.0007399395360281719,-7.627996712483209e-5,0.00033533975988442213,0.06448298854036505,-0.43615153431892395,0.2593056857585907,0.1011638343334198,1.77595853805542,-1.3412107229232788,0.7564929723739624,-0.025445085018873215,0.25401222705841064,-2.131429433822632,1.5680859088897705,1.0381746292114258,-2.0328643321990967
0.4551758749999989,0.0034223749999999996,133.0,2.8709934685050347,0.7859594703573893,0.779713892837706,0.0009024628302198254,-9.056428308776187e-5,0.0004037566857733766,0.0644673036319781,-0.4353267252445221,0.25947803258895874,0.1065884530544281,1.8006953001022339,-1.3323426246643066,0.750569224357605,-0.006233934313058853,0.23129045963287354,-2.1368377208709717,1.535200834274292,1.0792255401611328,-2.0349321365356445
0.4551758749999989,0.0034223749999999996,133.0,2.899690549384682,0.8149485457590614,0.7808497953193253,0.0011109787319460347,-0.00011171728275333018,0.0004895222795175951,0.06444011254828637,-0.4348960816860199,0.2597942352294922,0.11445388197898865,1.8332023620605469,-1.3268274068832397,0.7363126277923584,-0.014872085303068161,0.21014130115509033,-2.133934259414673,1.5010337829589844,1.1135221719741821,-2.046187162399292
0.4551758749999989,0.0034223749999999996,133.0,2.9270503216157238,0.843141667302971,0.7810989359934918,0.0012708264900133897,-0.00012666536197308072,0.0005565701046392205,0.0644373315759501,-0.4376516044139862,0.2610985040664673,0.1157751977443695,1.8304399251937866,-1.355312705039978,0.7524714469909668,0.0035884007811546326,0.21936601400375366,-2.143282175064087,1.4879119396209717,1.1358861923217773,-2.0528721809387207
0.4551758749999989,0.0034223749999999996,133.0,2.95393131925205,0.8704097417470374,0.7817552453139044,0.0014506456122887015,-0.0001434253417607865,0.0006286712188565474,0.06442473775024607,-0.4384971559047699,0.2616827189922333,0.11989858746528625,1.8458255529403687,-1.3591889142990112,0.7516031265258789,0.013138720765709877,0.20896267890930176,-2.147505521774292,1.4653055667877197,1.163079857826233,-2.0579168796539307
0.4551758749999989,0.0034223749999999996,133.0,2.980271792648406,0.8966928771268996,0.7820859036385786,0.0016654700663169184,-0.00015925102306258468,0.0007159569320547615,0.06442481576143828,-0.4378851354122162,0.2617149353027344,0.1230938732624054,1.8607133626937866,-1.352021336555481,0.7485802173614502,0.034624017775058746,0.1913362741470337,-2.153271436691284,1.4403715133666992,1.1956627368927002,-2.0552754402160645
0.4551758749999989,0.0034223749999999996,133.0,3.0055434301501442,0.9222565425539377,0.7825662223902446,0.0018843915695459076,-0.00017857130078745553,0.0008037142452093167,0.06441267041793376,-0.4380148947238922,0.2622356414794922,0.1280600130558014,1.8806689977645874,-1.3475583791732788,0.7389512062072754,0.028592023998498917,0.17805618047714233,-2.151313304901123,1.4194390773773193,1.2171571254730225,-2.061896562576294
0.4551758749999989,0.0034223749999999996,133.0,3.029658308226176,0.9470419647929135,0.7828632555025913,0.0021272129939163852,-0.00020023316432310294,0.0009018119491402303,0.06440446044494903,-0.4398650825023651,0.26310548186302185,0.13086244463920593,1.8878085613250732,-1.3616101741790771,0.7426353693008423,0.029420360922813416,0.17827561497688293,-2.1533217430114746,1.4048969745635986,1.232497215270996,-2.0693304538726807
0.4551758749999989,0.0034223749999999996,133.0,3.05295539919904,0.970965517758403,0.7829307827409245,0.0023067333941168035,-0.0002145188841611303,0.0009746308924795523,0.06440339212846691,-0.44138070940971375,0.26389646530151367,0.13434520363807678,1.8955507278442383,-1.3758574724197388,0.7408972978591919,0.02032305859029293,0.17948845028877258,-2.14986515045166,1.3903050422668457,1.2461726665496826,-2.078303575515747
0.4551758749999989,0.0034223749999999996,133.0,3.075335991147803,0.9940852794896136,0.7829250061677867,0.0025350596294472067,-0.00023150123890510333,0.0010682330420492745,0.06440119886663562,-0.44338008761405945,0.26488199830055237,0.13464048504829407,1.891397476196289,-1.3926067352294922,0.7536934614181519,0.037058763206005096,0.18412119150161743,-2.1597163677215576,1.3823068141937256,1.2629672288894653,-2.078979730606079
0.4551758749999989,0.0034223749999999996,133.0,3.0972344492036457,1.0162584696645947,0.7832954198936288,0.002768462808125042,-0.00025049517801351045,0.0011589703672917537,0.06439459846195725,-0.44221290946006775,0.26448339223861694,0.13790056109428406,1.9054561853408813,-1.382128119468689,0.7454673051834106,0.04903162270784378,0.16552436351776123,-2.166498899459839,1.3600621223449707,1.295361876487732,-2.074481964111328
0.4551758749999989,0.0034223749999999996,133.0,3.1180702940629264,1.037703795415056,0.7833504758291906,0.0030135527046161294,-0.00026822348206129127,0.001257635054850714,0.06438930185134378,-0.4425871670246124,0.2644996643066406,0.138939768075943,1.9010584354400635,-1.3977922201156616,0.7504184246063232,0.06044146791100502,0.16676688194274902,-2.1792519092559814,1.3440937995910645,1.3261568546295166,-2.0715248584747314
0.4551758749999989,0.0034223749999999996,133.0,3.1385992125845426,1.058174127861753,0.7844194749741993,0.003267182618440253,-0.00029618178364883806,0.0013450212158147609,0.06436117628160598,-0.4401569664478302,0.2634701132774353,0.14529260993003845,1.9235432147979736,-1.3805263042449951,0.724359393119812,0.04614285007119179,0.14260858297348022,-2.187037229537964,1.3161447048187256,1.3683197498321533,-2.069746255874634
0.4551758749999989,0.0034223749999999996,133.0,3.1579033905656053,1.077972722764082,0.7850902013507141,0.0034628166925823574,-0.0003143314636261372,0.00141534278483444,0.06434528599474774,-0.4393734633922577,0.2624957263469696,0.1484375298023224,1.9256083965301514,-1.388704538345337,0.7164499759674072,0.04516458138823509,0.13577967882156372,-2.2022061347961426,1.2929961681365967,1.4101800918579102,-2.0651049613952637
0.4551758749999989,0.0034223749999999996,133.0,3.1766338352328405,1.0967816805212756,0.7858597654076469,0.0036858466439623587,-0.00033464772630881223,0.0014917469306132735,0.06432786339499913,-0.43177101016044617,0.25813016295433044,0.15604045987129211,1.9486249685287476,-1.3515987396240234,0.6673625707626343,0.015689577907323837,0.09893715381622314,-2.190920352935791,1.2442991733551025,1.4662045240402222,-2.0510098934173584
0.4551758749999989,0.0034223749999999996,133.0,3.1938627870819047,1.1148827461036432,0.785747730528015,0.0038733824196224708,-0.0003564745859056353,0.001566403834806648,0.06433843526237987,-0.41405078768730164,0.24624252319335938,0.15989986062049866,1.9238437414169312,-1.3211678266525269,0.6010943651199341,-0.05053580179810524,0.08193370699882507,-2.1372342109680176,1.1625053882598877,1.5473120212554932,-2.0089001655578613
0.4551758749999989,0.0034223749999999996,133.0,3.2110606201958034,1.1319036976738897,0.786154137579664,0.004097973670932697,-0.0003735957766551057,0.0016455202701958034,0.06433655388856843,-0.39404192566871643,0.23431165516376495,0.16878196597099304,1.9365317821502686,-1.2341614961624146,0.504059910774231,-0.11523403227329254,0.02381923794746399,-2.0707032680511475,1.0703518390655518,1.6164300441741943,-1.9627492427825928
0.4551758749999989,0.0034223749999999996,133.0,3.2271255800281953,1.148143067819786,0.7865370045552096,0.004295401392796656,-0.00039458810140957054,0.0017135737193455594,0.06433767365927227,-0.37660738825798035,0.2224850356578827,0.17418697476387024,1.92388916015625,-1.1873365640640259,0.4302217960357666,-0.18562063574790955,-0.0029940009117126465,-2.008995771408081,0.9898924827575684,1.6748021841049194,-1.922776460647583
0.4551758749999989,0.0034223749999999996,133.0,3.242556618236732,1.16336607442929,0.7865850914973271,0.0044905494725013375,-0.00041140619099555543,0.001780526021849565,0.06435191309260722,-0.3592114746570587,0.2116183638572693,0.18033060431480408,1.9179669618606567,-1.124725103378296,0.3521461486816406,-0.24199552834033966,-0.039894938468933105,-1.9493452310562134,0.9103217124938965,1.7269521951675415,-1.879385232925415
0.4551758749999989,0.0034223749999999996,133.0,3.25733165745164,1.1777562558846488,0.7869621427337635,0.004644442542871708,-0.0004269473013801185,0.001827724786737506,0.06436487213178338,-0.34015604853630066,0.19949688017368317,0.18645253777503967,1.9071623086929321,-1.0535434484481812,0.26743483543395996,-0.3134792745113373,-0.0753740668296814,-1.8728808164596558,0.8268826007843018,1.763706088066101,-1.8323519229888916
0.4551758749999989,0.0034223749999999996,133.0,3.2711498787204385,1.191281576969274,0.7873694333656979,0.004781910568148306,-0.000449848280568453,0.0018664363966341248,0.06438512275922702,-0.32101884484291077,0.18742385506629944,0.18935415148735046,1.8827295303344727,-0.9822148084640503,0.19478535652160645,-0.3613996207714081,-0.10510659217834473,-1.8087812662124634,0.7503020763397217,1.8035131692886353,-1.777653455734253
0.4551758749999989,0.0034223749999999996,133.0,3.284642262401985,1.2039731568341443,0.7882791134894221,0.00493266829679701,-0.0004682429230787894,0.0019045036976852695,0.0643896392018205,-0.30765047669410706,0.1797838807106018,0.19322332739830017,1.8756481409072876,-0.9156689643859863,0.13598847389221191,-0.3924238085746765,-0.13644534349441528,-1.771531343460083,0.6941065788269043,1.825717806816101,-1.7387642860412598
0.4551758749999989,0.0034223749999999996,133.0,3.2978243206697306,1.2154752871486065,0.7886442901942126,0.005091682005452477,-0.00047167920637849125,0.0019451202843396406,0.06440772831147819,-0.26538482308387756,0.1671665459871292,0.21097519993782043,1.822110652923584,0.02372005209326744,-0.3655860424041748,-0.7276051640510559,-0.3092511296272278,-2.2330520153045654,1.0209310054779053,1.3607418537139893,-1.5060575008392334
0.4551758749999989,0.0034223749999999996,133.0,3.3102035724112464,1.2262652609398683,0.7893642160712848,0.005251175332389044,-0.00048589289333021555,0.0019947131151856826,0.06441500843070407,-0.2582460939884186,0.16635844111442566,0.21567854285240173,1.827032208442688,0.06351128220558167,-0.40006422996520996,-0.7430304884910583,-0.3300817608833313,-2.205111026763916,0.9702270030975342,1.3357782363891602,-1.489821434020996
0.4551758749999989,0.0034223749999999996,133.0,3.321825207612534,1.2362485443478457,0.7899701705969118,0.005404573935324107,-0.0004934852252990254,0.002044430930370176,0.06442339575506391,-0.2541431486606598,0.16800719499588013,0.22099539637565613,1.84005606174469,0.09979090094566345,-0.4261746406555176,-0.751072883605957,-0.35001975297927856,-2.190960645675659,0.9293293952941895,1.3051514625549316,-1.4825959205627441
0.4551758749999989,0.0034223749999999996,133.0,3.332250045767556,1.245542656661421,0.7903864202413329,0.0055838791293259,-0.000493905036705195,0.0020979300997556625,0.0644347364660152,-0.24813750386238098,0.16727982461452484,0.2260436713695526,1.8431464433670044,0.12818245589733124,-0.45641613006591797,-0.7692601680755615,-0.3676738739013672,-2.156770706176758,0.8783509731292725,1.2731027603149414,-1.4676673412322998
0.4551758749999989,0.0034223749999999996,133.0,3.3409827337964724,1.2562604246379159,0.7934632286539698,0.00583866452934778,-0.0005326742975123184,0.002188370221244224,0.06424352439811003,-0.24132022261619568,0.16623465716838837,0.22415801882743835,1.8241933584213257,0.17331969738006592,-0.47295093536376953,-0.7639962434768677,-0.3714449405670166,-2.1467583179473877,0.8600597381591797,1.2486286163330078,-1.4449055194854736
0.4551758749999989,0.0034223749999999996,133.0,3.349957411912341,1.2638682117518611,0.7942759652412785,0.006116352975713099,-0.0005489270441034471,0.0022706554982801067,0.06423871797163244,-0.2358010709285736,0.16559018194675446,0.22619041800498962,1.8174173831939697,0.20402319729328156,-0.4948768615722656,-0.769849956035614,-0.38183772563934326,-2.1234045028686523,0.8271358013153076,1.2216612100601196,-1.427552580833435
0.4551758749999989,0.0034223749999999996,133.0,3.3577412311147166,1.2707207395766185,0.7945866667684602,0.006527584495715175,-0.0005859916606567855,0.0024207562938713158,0.06424982839658419,-0.23123806715011597,0.16624796390533447,0.2300034463405609,1.81659734249115,0.2312709391117096,-0.5177907943725586,-0.7806410789489746,-0.3944806456565857,-2.0927224159240723,0.7872185707092285,1.1805521249771118,-1.4137729406356812
0.4551758749999989,0.0034223749999999996,133.0,3.36478028929376,1.2767613872205943,0.7949332612586426,0.0072229752272217704,-0.0006361702582239018,0.0026601300640572726,0.06425358297849412,-0.22784054279327393,0.16689501702785492,0.23335960507392883,1.8166370391845703,0.24981772899627686,-0.5357208251953125,-0.7942530512809753,-0.4035061001777649,-2.06531023979187,0.7529497146606445,1.1442612409591675,-1.4044902324676514
0.4551758749999989,0.0034223749999999996,133.0,3.370962695484387,1.2820589698094933,0.7951121489874975,0.008791132253386942,-0.0007806529446443588,0.0032275114503368574,0.0642632133477986,-0.2234451174736023,0.1664356291294098,0.23582670092582703,1.8088104724884033,0.2671968638896942,-0.5552072525024414,-0.8137502670288086,-0.4075353145599365,-2.0313127040863037,0.7173011302947998,1.1101816892623901,-1.3923428058624268
0.4551758749999989,0.0034223749999999996,133.0,3.376316839305805,1.2872152874708758,0.7956168147975159,0.01637291284951431,-0.0015173672879271664,0.005822384678504185,0.06422971219310346,-0.22216281294822693,0.1654016375541687,0.24015596508979797,1.805444359779358,0.27848148345947266,-0.5756821632385254,-0.8818522095680237,-0.4017712473869324,-1.9842560291290283,0.6719226837158203,1.0780583620071411,-1.3940941095352173
0.4551758749999989,0.0034223749999999996,133.0,3.392240976360589,-1.2241004902819193,0.7460254895523345,-0.013788791922521866,-0.0007828742150269715,-0.007027238815071469,0.0682503628898814,-0.014024168252944946,0.1476186364889145,-0.1752822995185852,0.7381731271743774,0.27407655119895935,-0.9889383316040039,0.6901899576187134,0.21781373023986816,-0.15376438200473785,0.4933309555053711,0.09306486696004868,-0.9573787450790405
0.4551758749999989,0.0034223749999999996,133.0,3.3876424165873917,-1.2189845600575053,0.7466245382192516,-0.007446959908032,-0.0003614205867850585,-0.0038016436196182312,0.06820227198258212,-0.013497650623321533,0.1486169546842575,-0.1761491596698761,0.7272903323173523,0.2465207278728485,-0.97965407371521,0.7144851088523865,0.21912041306495667,-0.14889371395111084,0.5193572044372559,0.057561397552490234,-0.9474037885665894
0.4551758749999989,0.0034223749999999996,133.0,3.3818772084901183,-1.2132698383282072,0.7467305233838788,-0.00612172317084232,-0.0002799458391765803,-0.00312227096060527,0.06817751270017566,-0.014882713556289673,0.1491314321756363,-0.17796096205711365,0.7163640260696411,0.24372142553329468,-0.9654629230499268,0.7329490184783936,0.22112050652503967,-0.13896101713180542,0.5247044563293457,0.03049321658909321,-0.9383849501609802
0.4551758749999989,0.0034223749999999996,133.0,3.375621286397828,-1.2072978368301701,0.7467583953798609,-0.005535686052913635,-0.0002569175269212551,-0.0028250061418005077,0.06816924965650976,-0.01610228419303894,0.14913871884346008,-0.1800655722618103,0.7011712789535522,0.23770570755004883,-0.9491772651672363,0.7515541911125183,0.2249763011932373,-0.1272280365228653,0.5272541046142578,0.007365746423602104,-0.9270113706588745
0.4551758749999989,0.0034223749999999996,133.0,3.368182714233347,-1.2001751935244238,0.7468140483925303,-0.005197999494227485,-0.00024038874650021677,-0.0026509166221893236,0.06815125002041979,-0.017680197954177856,0.14782050251960754,-0.182590514421463,0.6825176477432251,0.2349003702402115,-0.9334206581115723,0.7778241038322449,0.23090887069702148,-0.10900909453630447,0.5292184352874756,-0.01461367029696703,-0.9143296480178833
0.4551758749999989,0.0034223749999999996,133.0,3.359440186510672,-1.194175907510186,0.744288640485991,-0.004957272995667284,-0.0002910530068263068,-0.0025260764238576043,0.06821942449888913,-0.018062114715576172,0.14544416964054108,-0.1846942901611328,0.6581524014472961,0.2258453667163849,-0.9176838397979736,0.8039224743843079,0.23795828223228455,-0.08469601720571518,0.5275249481201172,-0.03237319737672806,-0.8970986604690552
0.4551758749999989,0.0034223749999999996,133.0,3.350421947833337,-1.1857804951980768,0.7444447280084641,-0.004762001164962002,-0.0002827489566308385,-0.002427511615104749,0.06820585229679324,-0.02022188901901245,0.1439795047044754,-0.1867579221725464,0.6359516382217407,0.21937407553195953,-0.9005439281463623,0.8293699622154236,0.24467584490776062,-0.05513833463191986,0.5269522666931152,-0.05988851189613342,-0.8816362619400024
0.4551758749999989,0.0034223749999999996,133.0,3.3408024674573866,-1.1765286631905394,0.7443376143742213,-0.00461475912091399,-0.0002846814545630465,-0.00235131006516744,0.06819620248347497,-0.0215129554271698,0.14254115521907806,-0.18812964856624603,0.6114790439605713,0.20593911409378052,-0.880681037902832,0.8486877083778381,0.25166556239128113,-0.032817572355270386,0.525322437286377,-0.07457400113344193,-0.86419677734375
0.4551758749999989,0.0034223749999999996,133.0,3.3300946711126618,-1.166271788219416,0.7444100912124745,-0.004485199717581966,-0.0002807355762348493,-0.002281636257953344,0.06817879297145148,-0.023427724838256836,0.1407911628484726,-0.18936413526535034,0.5869204998016357,0.19384413957595825,-0.861746072769165,0.8704038262367249,0.25827959179878235,0.004853108897805214,0.5204050540924072,-0.09928426146507263,-0.84626704454422
0.4551758749999989,0.0034223749999999996,133.0,3.3186667373106427,-1.1554316485275955,0.744640987886534,-0.004353637310212821,-0.00027764195042457706,-0.0022143547243506003,0.0681661551156962,-0.025166958570480347,0.13841359317302704,-0.18981626629829407,0.5604695677757263,0.17944134771823883,-0.8430767059326172,0.8901907205581665,0.2661908268928528,0.04425825923681259,0.5152492523193359,-0.11703380942344666,-0.8277684450149536
0.4551758749999989,0.0034223749999999996,133.0,3.306512211825262,-1.143552137278754,0.7447443097649522,-0.00423233211288197,-0.00026944235015662326,-0.0021509534493581333,0.06815542287070515,-0.026238560676574707,0.13618406653404236,-0.1892566680908203,0.5289410352706909,0.1562672257423401,-0.8178763389587402,0.9030202031135559,0.27469152212142944,0.07663647085428238,0.5094146728515625,-0.12067058682441711,-0.804802656173706
0.4551758749999989,0.0034223749999999996,133.0,3.2937393338025256,-1.1309927419630277,0.7445778738578753,-0.004108486436057968,-0.0002702405210884412,-0.0020832942302130074,0.06815033842203297,-0.027006924152374268,0.13369761407375336,-0.18767708539962769,0.49468958377838135,0.1312478929758072,-0.7875781059265137,0.9111288189888,0.2829554080963135,0.10506676137447357,0.5030970573425293,-0.11137177795171738,-0.7789136171340942
0.4551758749999989,0.0034223749999999996,133.0,3.2803314573976485,-1.1175369229640613,0.7443957237258076,-0.003999439821862719,-0.0002645503818342061,-0.002028346203021171,0.06815345579352536,-0.07326886057853699,0.18270418047904968,-0.15982303023338318,0.6255679130554199,0.12140090018510818,-0.8314011096954346,0.3803977072238922,0.4494791626930237,-0.28730127215385437,0.6909699440002441,-0.044139549136161804,-1.078973412513733
0.4551758749999989,0.0034223749999999996,133.0,3.266090535581017,-1.1031646257224272,0.7441751703366153,-0.003861337514228783,-0.00025445461947384075,-0.0019585112925469108,0.06815827823176047,-0.07366874814033508,0.1763409823179245,-0.15867415070533752,0.5773472785949707,0.10852823406457901,-0.811410665512085,0.40016645193099976,0.4529649317264557,-0.25777995586395264,0.7186665534973145,0.017452402040362358,-1.0342450141906738
0.4551758749999989,0.0034223749999999996,133.0,3.250749124317432,-1.087872060445689,0.7440097220444425,-0.0036869730029748696,-0.0002484555136562295,-0.0018727746887401916,0.06815035943789509,-0.07733774185180664,0.17079690098762512,-0.15545642375946045,0.527037501335144,0.09638579934835434,-0.7647647857666016,0.41798070073127747,0.45464903116226196,-0.21375781297683716,0.7573881149291992,0.06122200936079025,-0.9856024384498596
0.4551758749999989,0.0034223749999999996,133.0,3.2345457049145505,-1.0716407682563631,0.7438279983523121,-0.0035252618260915684,-0.00023758407505679882,-0.0017905649023874388,0.06814285502437283,-0.08036819100379944,0.16606934368610382,-0.15069720149040222,0.47816896438598633,0.08108187466859818,-0.710789680480957,0.4211246967315674,0.45506399869918823,-0.17883314192295074,0.7936828136444092,0.1173333153128624,-0.9371532201766968
0.4551758749999989,0.0034223749999999996,133.0,3.217462580471952,-1.0547192792372062,0.7438058090943217,-0.0033402458794667012,-0.00022869093997414128,-0.0016989804816050782,0.06813275091914167,-0.08263206481933594,0.1616854965686798,-0.14650878310203552,0.4372527003288269,0.06659937649965286,-0.6584851741790771,0.42582330107688904,0.4566221833229065,-0.1392068862915039,0.8208575248718262,0.15737536549568176,-0.8977929353713989
0.4551758749999989,0.0034223749999999996,133.0,3.199672164297459,-1.0367195333258459,0.7435803622023059,-0.003163864182663601,-0.00021244360066859205,-0.0016131160153485663,0.06813210191558791,-0.08377715945243835,0.15791137516498566,-0.14112594723701477,0.3963518738746643,0.04462994262576103,-0.5991709232330322,0.4117567539215088,0.4573279023170471,-0.13723395764827728,0.8510818481445312,0.23852473497390747,-0.8576629757881165
0.4551758749999989,0.0034223749999999996,133.0,3.180796534221707,-1.0179157170206488,0.7434150973986394,-0.0029829395230293308,-0.00020500141010098863,-0.0015200527275754086,0.06811753679773953,-0.08702585101127625,0.1548854112625122,-0.13619855046272278,0.3568783402442932,0.03322852775454521,-0.502147912979126,0.3900755047798157,0.4552835524082184,-0.11841057986021042,0.8838367462158203,0.2782340943813324,-0.816225528717041
0.4551758749999989,0.0034223749999999996,133.0,3.1612197237338786,-0.9984086232408741,0.7432363623558846,-0.002820252039474404,-0.0001989018418760462,-0.0014376671459675934,0.06810900324514758,-0.08764460682868958,0.15199966728687286,-0.13431468605995178,0.33105841279029846,0.027766212821006775,-0.43509578704833984,0.3775492310523987,0.4510619342327118,-0.0922020897269249,0.8953516483306885,0.2915666699409485,-0.7861973643302917
0.4551758749999989,0.0034223749999999996,133.0,3.1408434343996574,-0.9779468638841319,0.7430118016960182,-0.0026063076727968894,-0.00018478338863689103,-0.001330311970871316,0.06810365182298969,-0.08591338992118835,0.15040357410907745,-0.13557222485542297,0.3196891248226166,0.025715626776218414,-0.4105074405670166,0.36965063214302063,0.43903470039367676,-0.060446709394454956,0.8880269527435303,0.28470733761787415,-0.7627308964729309
0.4551758749999989,0.0034223749999999996,133.0,3.119569204797164,-0.9574286956141639,0.7432191284095202,-0.0023940891287382,-0.00017777044417776846,-0.001222875613136872,0.0680939142223045,-0.08510571718215942,0.1444474458694458,-0.13475316762924194,0.295795738697052,0.033393990248441696,-0.37270140647888184,0.3772619366645813,0.44257327914237976,0.004481506533920765,0.881615400314331,0.2700214982032776,-0.7422775626182556
0.4551758749999989,0.0034223749999999996,133.0,3.0974461936290663,-0.9352477406829094,0.7429475311491944,-0.0021929415827577634,-0.00016280666139727312,-0.0011206753630424587,0.06808684636010413,-0.08348849415779114,0.14380046725273132,-0.13732624053955078,0.2923431098461151,0.03413009271025658,-0.36454105377197266,0.37612947821617126,0.43095386028289795,0.03320363909006119,0.8695728778839111,0.25489556789398193,-0.7271534204483032
0.4551758749999989,0.0034223749999999996,133.0,3.0743223652152523,-0.9121004203600036,0.7426059819299845,-0.0019929137890342635,-0.00015050425399630948,-0.001018014599632917,0.06807252347515053,-0.0833660364151001,0.14420217275619507,-0.1400165855884552,0.29222366213798523,0.03822969272732735,-0.35268449783325195,0.3784235417842865,0.4209192395210266,0.06280500441789627,0.8608334064483643,0.22911924123764038,-0.7169851064682007
0.4551758749999989,0.0034223749999999996,133.0,3.0502712944691726,-0.8878202750755907,0.7420662952118483,-0.0018328842777320597,-0.00014013070324345484,-0.0009354105714501405,0.06805596735983656,-0.08439266681671143,0.14702603220939636,-0.14346015453338623,0.3007710874080658,0.041245490312576294,-0.3511085510253906,0.38167864084243774,0.4081220030784607,0.0798463374376297,0.8553876876831055,0.1997898668050766,-0.7127619981765747
0.4551758749999989,0.0034223749999999996,133.0,3.025585996625043,-0.8630084804945463,0.741780524764803,-0.0016354871927807613,-0.00012433679379680998,-0.0008367955133742613,0.06804674347265116,-0.08512476086616516,0.14885057508945465,-0.1452833116054535,0.3044474720954895,0.037949059158563614,-0.35182881355285645,0.3849441409111023,0.40145838260650635,0.07380718737840652,0.85756516456604,0.20383264124393463,-0.7098288536071777
0.4551758749999989,0.0034223749999999996,133.0,3.000017402608991,-0.8376740831153263,0.7417221158547148,-0.0014527568043993342,-0.00011442283605595835,-0.0007455003479820861,0.06803271525584527,-0.08634278178215027,0.14842915534973145,-0.14604932069778442,0.2993259131908417,0.03983254358172417,-0.3352994918823242,0.3928368389606476,0.4016854763031006,0.0886058360338211,0.8602752685546875,0.2026941031217575,-0.7049754858016968
0.4551758749999989,0.0034223749999999996,133.0,2.973710641936438,-0.811763627248581,0.7416402885482282,-0.0012726183317240312,-0.00010317967364662177,-0.0006535248959623313,0.06802238759551965,-0.08725270628929138,0.1467324197292328,-0.14652815461158752,0.29038071632385254,0.04292121157050133,-0.3141014575958252,0.4020739495754242,0.4042629897594452,0.11169096827507019,0.8616304397583008,0.20297373831272125,-0.698623776435852
0.4551758749999989,0.0034223749999999996,133.0,2.9466257019755138,-0.7847989103291543,0.7413978790158116,-0.0011233696597662567,-9.331705479096656e-5,-0.0005769742672402601,0.06801250598621823,-0.08772528171539307,0.1463586539030075,-0.14797991514205933,0.2863340377807617,0.04319014772772789,-0.2994205951690674,0.4101768732070923,0.40195050835609436,0.13099922239780426,0.8600974082946777,0.19723567366600037,-0.6922681331634521
0.4551758749999989,0.0034223749999999996,133.0,2.9188602146250213,-0.7570816432023845,0.7411471113218224,-0.0009902099865784397,-8.332575129796036e-5,-0.0005088891702045814,0.06800866300316685,-0.08724555373191833,0.14560818672180176,-0.14954906702041626,0.2816789150238037,0.03969262167811394,-0.289870023727417,0.41631147265434265,0.39859312772750854,0.14399240911006927,0.8569297790527344,0.2007727026939392,-0.6842448115348816
0.4551758749999989,0.0034223749999999996,133.0,2.8900177564847835,-0.7285366935209031,0.7408790461387563,-0.0008177430113828736,-7.057424352615731e-5,-0.00041933172651564333,0.06799706269815639,-0.08835673332214355,0.14466983079910278,-0.15087556838989258,0.27596673369407654,0.04357769712805748,-0.26946258544921875,0.42604467272758484,0.39852645993232727,0.17615778744220734,0.8556950092315674,0.18861569464206696,-0.6784531474113464
0.4551758749999989,0.0034223749999999996,133.0,2.8603571121360267,-0.6992578280169864,0.7407117763228237,-0.0006865750135330417,-6.136663665186015e-5,-0.00035192100157093733,0.06798560705314875,-0.08942350745201111,0.14324264228343964,-0.15175190567970276,0.26749712228775024,0.04736621305346489,-0.2457904815673828,0.43709638714790344,0.40131446719169617,0.20579135417938232,0.8557898998260498,0.18338647484779358,-0.6727727651596069
0.4551758749999989,0.0034223749999999996,133.0,2.8298077601833205,-0.668912745868439,0.7404678051492019,-0.0005153682164805285,-4.7351648437833886e-5,-0.00026450972687315234,0.06797139150654628,-0.09083059430122375,0.14339426159858704,-0.1531147062778473,0.2638927698135376,0.048944976180791855,-0.22957491874694824,0.4471242129802704,0.400596559047699,0.22106876969337463,0.8586788177490234,0.18041257560253143,-0.6684876680374146
0.4551758749999989,0.0034223749999999996,133.0,2.798464738595674,-0.6374035120226428,0.7400793079629469,-0.0003237490845293415,-2.9512496819303116e-5,-0.00016639772611454226,0.06795928114587009,-0.0919574499130249,0.1456744521856308,-0.15550297498703003,0.26840344071388245,0.045712459832429886,-0.22997260093688965,0.4520998001098633,0.3916921019554138,0.21626414358615875,0.8631386756896973,0.17985036969184875,-0.6641418933868408
0.4551758749999989,0.0034223749999999996,133.0,2.7662119310726108,-0.6051533702336647,0.7397533803575194,-0.00015130607954820798,-1.4001541021312372e-5,-7.800295896064706e-5,0.06794293058880832,-0.09364897012710571,0.14735960960388184,-0.1574583351612091,0.2698756754398346,0.04624459892511368,-0.22264432907104492,0.4598096013069153,0.38617458939552307,0.21923233568668365,0.8688597679138184,0.17667153477668762,-0.6601496934890747
0.4551758749999989,0.0034223749999999996,133.0,2.7331389747585626,-0.5726789332594201,0.7396672516275763,1.6772790433724256e-5,1.6258025262660336e-6,8.687132259169787e-6,0.06792863758899503,-0.09534913301467896,0.1453622281551361,-0.15793460607528687,0.2582682967185974,0.05296605825424194,-0.19849276542663574,0.47196751832962036,0.39238834381103516,0.24042731523513794,0.8746778964996338,0.18534649908542633,-0.6547992825508118
0.4551758749999989,0.0034223749999999996,133.0,2.6991916489527563,-0.5389742997663982,0.7393897895686776,0.000185292576650145,1.843575195744179e-5,9.612017962412312e-5,0.0679120723863617,-0.09724175930023193,0.14570479094982147,-0.15956521034240723,0.2546517550945282,0.05549575388431549,-0.18178939819335938,0.4839765429496765,0.39190927147865295,0.2553354501724243,0.8799135684967041,0.18249909579753876,-0.6507536172866821
0.4551758749999989,0.0034223749999999996,133.0,2.664289651271808,-0.5040428108467429,0.7388744062551525,0.00036795548210482,3.712614883524208e-5,0.00019102459789310848,0.0678907717533565,-0.09981715679168701,0.14837685227394104,-0.1623956561088562,0.259694904088974,0.0559106208384037,-0.17513060569763184,0.49464669823646545,0.3845217823982239,0.2617332339286804,0.8869519233703613,0.17052724957466125,-0.648479700088501
0.4551758749999989,0.0034223749999999996,133.0,2.628606276155952,-0.46864787300845917,0.7385799082216475,0.0005115791307569436,5.2968000279655414e-5,0.0002661239811580562,0.06787246689669646,-0.10215109586715698,0.1489337980747223,-0.16408923268318176,0.25609347224235535,0.05840294063091278,-0.15807795524597168,0.5077601075172424,0.3847707211971283,0.2746782600879669,0.8947699069976807,0.1693023443222046,-0.6451935768127441
0.4551758749999989,0.0034223749999999996,133.0,2.5921168681147977,-0.4324427607491442,0.7382769651270663,0.0006735483603068635,7.161295724830487e-5,0.0003510567869616278,0.06785443932817385,-0.1043398380279541,0.14932623505592346,-0.16584229469299316,0.25207605957984924,0.060601674020290375,-0.14069867134094238,0.52104651927948,0.3849433958530426,0.28931739926338196,0.9020218849182129,0.16764894127845764,-0.6414049863815308
0.4551758749999989,0.0034223749999999996,133.0,2.5548521713157246,-0.39543743451647223,0.7379766750172273,0.0008460642505460766,9.247160017947269e-5,0.00044170458433389335,0.06783748982898614,-0.10618114471435547,0.14943641424179077,-0.16766947507858276,0.2474355399608612,0.062189918011426926,-0.12303805351257324,0.5342730283737183,0.38491132855415344,0.30694344639778137,0.9077105522155762,0.165035679936409,-0.6367693543434143
0.4551758749999989,0.0034223749999999996,133.0,2.516840642286474,-0.3576623603127193,0.7376460522887116,0.0010419429482680658,0.00011748311105421912,0.0005448559919487329,0.06782251854781769,-0.1075340211391449,0.14912737905979156,-0.1696435809135437,0.2421901375055313,0.06199566274881363,-0.10580110549926758,0.547606348991394,0.38482803106307983,0.32722151279449463,0.9112591743469238,0.16292764246463776,-0.6314578056335449
0.4551758749999989,0.0034223749999999996,133.0,2.47803265243469,-0.3190706015942481,0.7373344738109006,0.0012279401862092555,0.00014256116003176622,0.0006427878556350923,0.06780899144772505,-0.10862252116203308,0.1486072838306427,-0.17169687151908875,0.2365097999572754,0.060762420296669006,-0.08868861198425293,0.5611655116081238,0.3849169611930847,0.3493022620677948,0.9136571884155273,0.16073077917099,-0.6258721351623535
0.4551758749999989,0.0034223749999999996,133.0,2.4382626000681364,-0.2800823884515441,0.7371274372723855,0.001348214805006871,0.00016531244166410623,0.0007064416423073264,0.06779591413419099,-0.11050039529800415,0.1455593854188919,-0.17284613847732544,0.22160999476909637,0.06773010641336441,-0.05850386619567871,0.5816570520401001,0.3961679935455322,0.3940455913543701,0.916858434677124,0.1655946671962738,-0.6222246885299683
0.4551758749999989,0.0034223749999999996,133.0,2.3976726367622896,-0.23979380427869398,0.7368143643678915,0.001502288967289345,0.0001897491833431232,0.0007886441978743266,0.06777923403678193,-0.11232465505599976,0.14541146159172058,-0.17472130060195923,0.21643108129501343,0.0686061754822731,-0.041815757751464844,0.5975063443183899,0.397408127784729,0.41260087490081787,0.9227771759033203,0.16534151136875153,-0.6183211207389832
0.4551758749999989,0.0034223749999999996,133.0,2.3560405449820574,-0.19797968486205766,0.7361446676281063,0.0016525328790163965,0.0002125157715588186,0.0008696248052422531,0.0677510156575481,-0.11467009782791138,0.14885887503623962,-0.17840281128883362,0.22539082169532776,0.06465549767017365,-0.0421295166015625,0.608809769153595,0.38447844982147217,0.41655391454696655,0.930455207824707,0.14713257551193237,-0.6144046783447266
0.4551758749999989,0.0034223749999999996,133.0,2.31474307244841,-0.15493276415990878,0.7385243732168715,0.0017937665484865865,0.00022140447780540006,0.0009508143392625332,0.06767226388006062,-0.11440813541412354,0.14630785584449768,-0.17959803342819214,0.20894238352775574,0.06056726351380348,-0.018992900848388672,0.616826593875885,0.3911641240119934,0.4258947968482971,0.9349076747894287,0.16609986126422882,-0.604622483253479
0.4551758749999989,0.0034223749999999996,133.0,2.27128393319612,-0.11198810748024433,0.7380754562945631,0.0018902257461488547,0.0002500487205491367,0.0010061265456338159,0.06763711567532978,-0.11731451749801636,0.14101679623126984,-0.18120655417442322,0.18732553720474243,0.07877369225025177,0.02099776268005371,0.6515007615089417,0.41264107823371887,0.5065626502037048,0.9369330406188965,0.171663299202919,-0.6044298410415649
0.4551758749999989,0.0034223749999999996,133.0,2.226196668965243,-0.06864212495538008,0.7382042302421634,0.0018623674629663185,0.0002609310093849295,0.0010036675209600106,0.0675906651832724,-0.13910052180290222,0.15346962213516235,-0.1805870234966278,0.19698569178581238,0.11591046303510666,0.04558610916137695,0.6824522614479065,0.42522311210632324,0.41966068744659424,1.056056261062622,0.18179939687252045,-0.6272485852241516
0.4551758749999989,0.0034223749999999996,133.0,2.176638325150214,-0.01738687930174967,0.7347069629648783,0.001745070006793398,0.00010872661569226145,0.0009866497959066134,0.06740695289530253,-0.19531592726707458,0.26233553886413574,-0.1789262294769287,0.449687123298645,0.0715634748339653,0.0346522331237793,0.10890275239944458,0.45334166288375854,-1.0472748279571533,1.6503000259399414,-0.11864909529685974,-0.9067409634590149
0.4551758749999989,0.0034223749999999996,133.0,2.123426768876894,0.038708265305865554,0.7359736130939837,0.0001026057524715572,-9.984636544659637e-6,6.18677994425245e-5,0.06684188500374172,-0.3053371012210846,0.15702898800373077,-0.17167970538139343,0.6776518821716309,-0.3406119644641876,0.49420273303985596,0.8395395874977112,0.07348117232322693,-1.169316053390503,1.97078275680542,-0.12356162071228027,-0.7502701878547668
0.4551758749999989,0.0034223749999999996,133.0,2.1626744695445965,0.06205987661475642,0.7369003907971274,-0.0017166046604674833,-0.00017503749105629687,-0.0010423537850850306,0.06625121676167639,-0.30892476439476013,0.16386130452156067,-0.13727083802223206,0.9216188192367554,-0.31190332770347595,0.5163623094558716,0.685046374797821,0.023483097553253174,-1.3594805002212524,1.985574722290039,0.057167038321495056,-0.9449313879013062
0.4551758749999989,0.0034223749999999996,133.0,2.1961543554215512,0.11246631960753507,0.7457394208727184,-0.0019777749219422633,7.13783927020793e-5,-0.0011813718440740713,0.06532780146939506,-0.37595024704933167,0.19938921928405762,-0.027812689542770386,1.360779881477356,-0.7390023469924927,0.6301026344299316,0.03896673768758774,0.16929784417152405,-1.8582062721252441,2.0663599967956543,0.49286964535713196,-1.5301183462142944
0.4551758749999989,0.0034223749999999996,133.0,2.2310932911702306,0.16166178346828444,0.7551689531713954,-0.002025270268394443,0.00023417972982190505,-0.0011263388578305568,0.06475625663534497,-0.42079994082450867,0.22755251824855804,0.011787354946136475,1.462040901184082,-1.098265528678894,0.691688060760498,-0.18176646530628204,0.33181527256965637,-2.0528619289398193,2.084689140319824,0.5020529627799988,-1.7945854663848877
0.4551758749999989,0.0034223749999999996,133.0,2.2723135440521705,0.2070795200442913,0.7580087467565102,-0.0019283016800825806,0.00024190948018718722,-0.00103770902646003,0.06463490586394953,-0.41954657435417175,0.2339174449443817,0.03144368529319763,1.5430200099945068,-1.112963080406189,0.6671077013015747,-0.21806347370147705,0.3044218420982361,-2.0650699138641357,1.9964070320129395,0.563725471496582,-1.8482789993286133
0.4551758749999989,0.0034223749999999996,133.0,2.3137735123347474,0.25025911063747625,0.7595284746580875,-0.0017730346765052003,0.00022956026951492269,-0.0009354648384843185,0.06458771604224481,-0.4237614572048187,0.23694472014904022,0.03134030103683472,1.5327690839767456,-1.158536672592163,0.6888010501861572,-0.18640102446079254,0.32766902446746826,-2.0847678184509277,1.9893932342529297,0.590605616569519,-1.8616323471069336
0.4551758749999989,0.0034223749999999996,133.0,2.3546978313171407,0.29200621227942236,0.7601273279031148,-0.0015762395575962612,0.00020283731155599545,-0.0008218683324111956,0.06458785003418441,-0.42080435156822205,0.2391449362039566,0.04180330038070679,1.5754401683807373,-1.1582574844360352,0.6794034242630005,-0.1916491687297821,0.30637073516845703,-2.077301263809204,1.9275507926940918,0.6390960812568665,-1.883014440536499
0.4551758749999989,0.0034223749999999996,133.0,2.394886522393676,0.33282837279404187,0.7603247065613016,-0.0014864805427581493,0.00018511220257964324,-0.0007689474199824369,0.0645845473530617,-0.42302587628364563,0.2411596029996872,0.04191681742668152,1.5692322254180908,-1.1866110563278198,0.6998522281646729,-0.15110240876674652,0.31849390268325806,-2.0905232429504395,1.9125118255615234,0.6675956845283508,-1.8892390727996826
0.4551758749999989,0.0034223749999999996,133.0,2.434473382446082,0.3728871274459572,0.761162354645759,-0.001276257999501769,0.00015680380941344616,-0.0006498498818356341,0.06455798118815141,-0.4238443076610565,0.2432752251625061,0.047324150800704956,1.5885971784591675,-1.2052196264266968,0.708364725112915,-0.13659967482089996,0.31516653299331665,-2.0974838733673096,1.8768353462219238,0.7031380534172058,-1.9054365158081055
0.4551758749999989,0.0034223749999999996,133.0,2.473173026363377,0.41205824370460775,0.7619752964464508,-0.0011142933967526441,0.0001347996461835487,-0.0005588181466951377,0.0645427779628859,-0.4218962490558624,0.24493944644927979,0.056459277868270874,1.6287215948104858,-1.1994304656982422,0.7023165225982666,-0.13077722489833832,0.29119375348091125,-2.0976309776306152,1.8248991966247559,0.7493118643760681,-1.9216091632843018
0.4551758749999989,0.0034223749999999996,133.0,2.5108758677512557,0.45039156501423544,0.7625508250282297,-0.0009083379086559576,0.00010827612911784554,-0.0004499995893388784,0.06453155828352697,-0.42259112000465393,0.24675549566745758,0.06171402335166931,1.6465098857879639,-1.218222975730896,0.7083050012588501,-0.11620566248893738,0.28763383626937866,-2.1052310466766357,1.78953218460083,0.7865256667137146,-1.9360041618347168
0.4551758749999989,0.0034223749999999996,133.0,2.5477617875631764,0.4878500833545298,0.7630791037385838,-0.0007246312628313025,8.49739180367013e-5,-0.00035490794038006603,0.06452217774727713,-0.42320218682289124,0.24838507175445557,0.06669065356254578,1.663469910621643,-1.2343418598175049,0.7134226560592651,-0.1015118658542633,0.28309184312820435,-2.1112444400787354,1.7558245658874512,0.8223410248756409,-1.9485750198364258
0.4551758749999989,0.0034223749999999996,133.0,2.583814410546355,0.5244528349186122,0.7635797331074367,-0.000548570316003348,6.322698881304713e-5,-0.0002657818202749294,0.06451278428394791,-0.4238135516643524,0.24983730912208557,0.07119831442832947,1.679294228553772,-1.2470709085464478,0.7181954383850098,-0.08641095459461212,0.2775723934173584,-2.115767240524292,1.724919319152832,0.8554008603096008,-1.9590198993682861
0.4551758749999989,0.0034223749999999996,133.0,2.6190410407469,0.560185438552523,0.7640064602617814,-0.00037780607347064873,4.2715857435646925e-5,-0.00018127313948521163,0.06450479884133165,-0.4243696630001068,0.2511254549026489,0.07522192597389221,1.6938904523849487,-1.255566120147705,0.7222582101821899,-0.07121419906616211,0.27097034454345703,-2.118004322052002,1.6969451904296875,0.8857332468032837,-1.967134952545166
0.4551758749999989,0.0034223749999999996,133.0,2.653407766959278,0.5950767943080547,0.7644342761077993,-0.0002123127366198616,2.3543743171314552e-5,-0.00010096037742523142,0.06449414481079124,-0.4250335991382599,0.2523222267627716,0.07881942391395569,1.7077103853225708,-1.2594181299209595,0.7257046699523926,-0.05728751793503761,0.2632918655872345,-2.118169069290161,1.6728463172912598,0.9121314883232117,-1.9733736515045166
0.4551758749999989,0.0034223749999999996,133.0,2.686323523031587,0.6292152593978557,0.7642874056444618,-6.33344589336703e-5,6.859511441460994e-6,-3.0085188617820433e-5,0.06448866552664333,-0.4291769564151764,0.2546795606613159,0.07796332240104675,1.6973719596862793,-1.2861509323120117,0.7516922950744629,-0.03133034706115723,0.2786253094673157,-2.129445791244507,1.6723995208740234,0.9206693768501282,-1.9786112308502197
0.4551758749999989,0.0034223749999999996,133.0,2.718388140134252,0.662588972243611,0.7645887524196323,0.0001369745078824436,-1.4750339553269822e-5,6.469771243514418e-5,0.0644650077088441,-0.433199018239975,0.2569473087787628,0.07978424429893494,1.7003185749053955,-1.3067950010299683,0.7700059413909912,-0.024401593953371048,0.2866709530353546,-2.135584592819214,1.6663146018981934,0.9275983572006226,-1.9897215366363525
0.4551758749999989,0.0034223749999999996,133.0,2.7510049404073578,0.6929396697724625,0.762951701620009,0.00032336843329010544,-3.3413022853714716e-5,0.0001502373044599628,0.06462332073378188,-0.4287184178829193,0.256408154964447,0.08758911490440369,1.7230925559997559,-1.3102059364318848,0.7381936311721802,-0.0455830842256546,0.27224433422088623,-2.1126625537872314,1.6160659790039062,0.9761006832122803,-1.9980406761169434
0.4551758749999989,0.0034223749999999996,133.0,2.7814723151644944,0.7246162643369889,0.7632568764611265,0.0005121074559856932,-5.251428073543996e-5,0.00023637312711089249,0.06460824623102275,-0.43259397149086,0.25852498412132263,0.0899534523487091,1.7257384061813354,-1.3392729759216309,0.7575708627700806,-0.03288347274065018,0.2816542685031891,-2.1251821517944336,1.6044511795043945,0.9933692216873169,-2.010274887084961
0.4551758749999989,0.0034223749999999996,133.0,2.8118817100601836,0.7553129289001572,0.7642299687440843,0.0007375107244084216,-7.414647800100761e-5,0.0003353224956288629,0.06457828195934417,-0.43187281489372253,0.2591530382633209,0.09697893261909485,1.759636640548706,-1.3257219791412354,0.7501430511474609,-0.020952394232153893,0.25456497073173523,-2.132241725921631,1.5691637992858887,1.032712459564209,-2.017078399658203
0.4551758749999989,0.0034223749999999996,133.0,2.8415013288674884,0.7850885108983674,0.7649595715744985,0.0008994508869118158,-8.805919086880156e-5,0.00040380839393209215,0.0645630334751374,-0.4310248792171478,0.2593824565410614,0.10233286023139954,1.784074068069458,-1.317381739616394,0.7445423603057861,-0.002036700025200844,0.23241743445396423,-2.1377687454223633,1.536348581314087,1.0731830596923828,-2.0194265842437744
0.4551758749999989,0.0034223749999999996,133.0,2.870200861700274,0.8140741371954868,0.7660654733282706,0.0011072035069333457,-0.000108679238813423,0.0004896948346180523,0.06453666020695425,-0.43060818314552307,0.2597683370113373,0.11017873883247375,1.8164316415786743,-1.3127645254135132,0.7306208610534668,-0.011027729138731956,0.21183526515960693,-2.13520884513855,1.5021202564239502,1.107190728187561,-2.0311062335968018
0.4551758749999989,0.0034223749999999996,133.0,2.897575017635146,0.8422596488621102,0.7663065307166433,0.0012664729972325399,-0.0001232765066023982,0.0005568261756836252,0.0645340434010748,-0.43335631489753723,0.26110997796058655,0.11150237917900085,1.8136662244796753,-1.341318130493164,0.7468712329864502,0.00692485086619854,0.2212795913219452,-2.1447670459747314,1.4890365600585938,1.129188895225525,-2.0380051136016846
0.4551758749999989,0.0034223749999999996,133.0,2.924462329764775,0.8695236460671198,0.7669461066807924,0.0014456218806316,-0.00013966270227213775,0.0006290480926506007,0.0645218687356553,-0.434214323759079,0.26175054907798767,0.11562302708625793,1.828984260559082,-1.34574294090271,0.7463008165359497,0.016095275059342384,0.21131080389022827,-2.1492435932159424,1.4663848876953125,1.1560471057891846,-2.0434224605560303
0.4551758749999989,0.0034223749999999996,133.0,2.9508037172378416,0.8958046169149698,0.7672621300886361,0.0016596435174745783,-0.0001550890654968509,0.0007164876287131214,0.06452206981209055,-0.4336024224758148,0.26183006167411804,0.11876574158668518,1.8436614274978638,-1.3390508890151978,0.7436976432800293,0.03744793310761452,0.19418486952781677,-2.1550545692443848,1.441479206085205,1.1880732774734497,-2.041074514389038
0.4551758749999989,0.0034223749999999996,133.0,2.9760787966535056,0.9213648704145312,0.7677225399803304,0.0018777272855166238,-0.00017389417029129304,0.0008044368100886911,0.06451036552506909,-0.43375083804130554,0.262389600276947,0.12367245554924011,1.863447904586792,-1.3350963592529297,0.7345525026321411,0.0315571203827858,0.1813279390335083,-2.1531825065612793,1.4205644130706787,1.2091543674468994,-2.0479536056518555
0.4551758749999989,0.0034223749999999996,133.0,3.000201172361632,0.9461461451400874,0.7679998359918193,0.002119615434571426,-0.00019490190656111994,0.0009027872530450877,0.06450246168637823,-0.43507054448127747,0.26310601830482483,0.1286740005016327,1.878363013267517,-1.3471062183380127,0.7278534173965454,0.014078639447689056,0.17890703678131104,-2.147080659866333,1.4010121822357178,1.2233365774154663,-2.060404062271118
0.4551758749999989,0.0034223749999999996,133.0,3.0235082969633815,0.9700646332006212,0.7680611273747758,0.002298454548025107,-0.00020883313909183938,0.0009757628345780077,0.0645014481215421,-0.4371207654476166,0.26408809423446655,0.1297033727169037,1.877902626991272,-1.3630565404891968,0.737581729888916,0.024304773658514023,0.18325099349021912,-2.1516056060791016,1.3918836116790771,1.236963152885437,-2.06442928314209
0.4551758749999989,0.0034223749999999996,133.0,3.045899664858628,0.9931784223248377,0.7680511696299619,0.002525924638610877,-0.0002253781497208263,0.001069541071908946,0.06449924034489801,-0.43933358788490295,0.26523566246032715,0.12978056073188782,1.8737740516662598,-1.379377841949463,0.7519714832305908,0.04160264506936073,0.18860939145088196,-2.160489559173584,1.3853323459625244,1.250279426574707,-2.065851926803589
0.4551758749999989,0.0034223749999999996,133.0,3.067791932446745,1.0153525487093813,0.7684014904973512,0.002758367112335732,-0.0002439778446793034,0.0011606099816303065,0.06449297476844262,-0.43868008255958557,0.2651936113834381,0.13264569640159607,1.8878085613250732,-1.3692023754119873,0.7469860315322876,0.05472341924905777,0.17166811227798462,-2.1653964519500732,1.366302251815796,1.2760941982269287,-2.0629818439483643
0.4551758749999989,0.0034223749999999996,133.0,3.088642697706089,1.036792667221252,0.7684650490190135,0.0030026231607312554,-0.0002612864973152844,0.0012593916416413144,0.064487149324995,-0.4400527775287628,0.26587215065956116,0.1331811249256134,1.8841270208358765,-1.3853073120117188,0.7572125196456909,0.06768098473548889,0.17541754245758057,-2.1750330924987793,1.355968952178955,1.2955518960952759,-2.0632307529449463
0.4551758749999989,0.0034223749999999996,133.0,3.1091530148380913,1.057270637950764,0.7694935871633599,0.00325516366024556,-0.00028856936549341973,0.001347341834067917,0.06445958739509253,-0.4386243522167206,0.26551321148872375,0.139114648103714,1.9074512720108032,-1.3701214790344238,0.7362228631973267,0.05526779219508171,0.15396633744239807,-2.1798858642578125,1.3328258991241455,1.3274859189987183,-2.0649938583374023
0.4551758749999989,0.0034223749999999996,133.0,3.128456579014911,1.0770720136372247,0.770143318742086,0.003450026726027404,-0.0003060943835666378,0.0014180897192127772,0.06444352873188403,-0.4390422999858856,0.2653532326221466,0.14182022213935852,1.9107823371887207,-1.3801865577697754,0.7339367866516113,0.056168995797634125,0.15012896060943604,-2.191657781600952,1.3155014514923096,1.3571357727050781,-2.0645945072174072
0.4551758749999989,0.0034223749999999996,133.0,3.147171911328017,1.0958907856326559,0.7708921463538638,0.003672196462349696,-0.00032586747869889457,0.0014950160747612543,0.06442567252634872,-0.4361126124858856,0.26393359899520874,0.14836332201957703,1.9353058338165283,-1.3595770597457886,0.7039922475814819,0.04167122393846512,0.1226319968700409,-2.1949732303619385,1.285064935684204,1.3971481323242188,-2.061491012573242
0.4551758749999989,0.0034223749999999996,133.0,3.1643675741393618,1.114016328214653,0.7707688277980166,0.003859153367291034,-0.0003468554470085814,0.001570476414123332,0.06443393702225919,-0.4357258975505829,0.26317939162254333,0.1497015655040741,1.9217580556869507,-1.3865972757339478,0.7041206359863281,0.03607476130127907,0.13196569681167603,-2.212193250656128,1.2667183876037598,1.4369137287139893,-2.057512044906616
0.4551758749999989,0.0034223749999999996,133.0,3.1814684657567387,1.1310966894162149,0.7711304334635628,0.004082984754442841,-0.0003627353299812104,0.0016511064225869878,0.06442877014674815,-0.4251234233379364,0.2567165195941925,0.1565094292163849,1.9350512027740479,-1.3492218255996704,0.6478068828582764,-0.0006789863109588623,0.09749171137809753,-2.1891121864318848,1.2079904079437256,1.5001497268676758,-2.036051034927368
0.4551758749999989,0.0034223749999999996,133.0,3.1974166593782827,1.1474143786581004,0.7714784031485954,0.004280009842080106,-0.0003821175734748729,0.0017209095099694409,0.06442493725106993,-0.4084837734699249,0.24570664763450623,0.16196879744529724,1.9273881912231445,-1.306971549987793,0.5784064531326294,-0.060499612241983414,0.06918463110923767,-2.1340601444244385,1.1285185813903809,1.5696673393249512,-1.9996545314788818
0.4551758749999989,0.0034223749999999996,133.0,3.2127296005488293,1.1627119625851854,0.7714729328656129,0.0044746086021543695,-0.00039724200373395966,0.0017898236978226671,0.06443511795401165,-0.3917635381221771,0.23497158288955688,0.16922232508659363,1.9284143447875977,-1.258291482925415,0.49899792671203613,-0.1266665905714035,0.0356326699256897,-2.0739734172821045,1.0477590560913086,1.6323693990707397,-1.9665796756744385
0.4551758749999989,0.0034223749999999996,133.0,3.22737106604646,1.1771882803690954,0.7718050885748161,0.004628339550260828,-0.00041110683041339566,0.001838960934991167,0.06444295260760151,-0.3726364076137543,0.22275583446025848,0.17514535784721375,1.9195770025253296,-1.1966168880462646,0.4162735939025879,-0.1926107555627823,0.0009074211120605469,-2.0066285133361816,0.9637854099273682,1.6926060914993286,-1.9224143028259277
0.4551758749999989,0.0034223749999999996,133.0,3.241056466523029,1.1907995504689601,0.7721828885545137,0.00476579163157535,-0.0004329397053148279,0.001879441931784227,0.0644581394916801,-0.35501930117607117,0.21134866774082184,0.17944154143333435,1.906531810760498,-1.139102816581726,0.34452199935913086,-0.24323998391628265,-0.029410600662231445,-1.9482907056808472,0.8881533145904541,1.7465895414352417,-1.8785498142242432
0.4551758749999989,0.0034223749999999996,133.0,3.2544438768276036,1.203556802543139,0.7730702809953396,0.004916553635155114,-0.00045036763761876727,0.0019188866942196506,0.0644584599301308,-0.33892276883125305,0.20151680707931519,0.1836349070072174,1.8981884717941284,-1.0715970993041992,0.27686095237731934,-0.2828969657421112,-0.06356650590896606,-1.9000940322875977,0.8207125663757324,1.7886443138122559,-1.8355474472045898
0.4551758749999989,0.0034223749999999996,133.0,3.2675472188319032,1.2151062472406875,0.7734119181340008,0.005075535151444779,-0.0004528570743830499,0.001960554825199864,0.06447314278245052,-0.32462432980537415,0.19394952058792114,0.18879124522209167,1.8992682695388794,-0.9910398125648499,0.2068338394165039,-0.30896246433258057,-0.10789012908935547,-1.8578104972839355,0.7613811492919922,1.8159960508346558,-1.791780948638916
0.4551758749999989,0.0034223749999999996,133.0,3.2797701030754314,1.2259420668950145,0.7740456343993143,0.005239478300514339,-0.0004571186984162221,0.0020020956791555852,0.06447611231073301,-0.3142349421977997,0.18901818990707397,0.1941068470478058,1.9048575162887573,-0.9228599071502686,0.15005993843078613,-0.32553911209106445,-0.14684832096099854,-1.828631043434143,0.7142190933227539,1.8314570188522339,-1.757957935333252
0.4551758749999989,0.0034223749999999996,133.0,3.291262735758944,1.23595028811478,0.7745684063125746,0.005397359527910665,-0.00045395980869247684,0.0020434680566330248,0.06448065934232042,-0.2763198912143707,0.18058043718338013,0.21502867341041565,1.8668081760406494,0.03942748159170151,-0.3480875492095947,-0.6728821396827698,-0.31110501289367676,-2.292989492416382,1.054863691329956,1.3477567434310913,-1.549046277999878
0.4551758749999989,0.0034223749999999996,133.0,3.3016589339997133,1.2452458868994492,0.7749593890082362,0.005576350175445847,-0.00045255368190579015,0.0020978389425477186,0.06449040843079476,-0.2698856294155121,0.17973679304122925,0.21915897727012634,1.8705670833587646,0.07430380582809448,-0.3792581558227539,-0.6876159310340881,-0.32976651191711426,-2.2680721282958984,1.0091731548309326,1.3273950815200806,-1.5338475704193115
0.4551758749999989,0.0034223749999999996,133.0,3.3103421464283582,1.2559800028961432,0.7780369387185205,0.005831258001499515,-0.0004893871625663528,0.0021889588941785597,0.06429616619163982,-0.2637721002101898,0.17859892547130585,0.21853581070899963,1.8604888916015625,0.11991340667009354,-0.39544129371643066,-0.6863064169883728,-0.3388832211494446,-2.2634456157684326,0.98702073097229,1.3105276823043823,-1.5145695209503174
0.4551758749999989,0.0034223749999999996,133.0,3.3192933323036486,1.2635872200635756,0.7788310914593046,0.006108594629814798,-0.0005033109620342938,0.002272055641135886,0.06428995222951606,-0.2589321434497833,0.17850801348686218,0.2223753035068512,1.8638830184936523,0.14775186777114868,-0.4202549457550049,-0.7005681991577148,-0.35390937328338623,-2.23926043510437,0.9475631713867188,1.282914638519287,-1.5026357173919678
0.4551758749999989,0.0034223749999999996,133.0,3.3270610243044056,1.2704346599835672,0.7791151552286486,0.006519222074719791,-0.0005369967481360982,0.0024232516037739444,0.06429995548602463,-0.2536585032939911,0.17797796428203583,0.22513815760612488,1.8609808683395386,0.17919866740703583,-0.44393372535705566,-0.7091917991638184,-0.36717164516448975,-2.2164158821105957,0.9118754863739014,1.25983726978302,-1.4862463474273682
0.4551758749999989,0.0034223749999999996,133.0,3.3340788529957983,1.276475941218764,0.7794284177413325,0.007213700109514148,-0.000580728444461049,0.0026640811119142864,0.06430223554009123,-0.24858060479164124,0.1773010790348053,0.22743985056877136,1.855623722076416,0.20136944949626923,-0.4656858444213867,-0.724880576133728,-0.37576359510421753,-2.1868114471435547,0.8772006034851074,1.232029676437378,-1.4720358848571777
0.4551758749999989,0.0034223749999999996,133.0,3.3402445478610248,1.2817768384831703,0.7795961507153029,0.008780138430024235,-0.0007127397315129766,0.0032331600857740312,0.06431025454019726,-0.24482491612434387,0.17717503011226654,0.2311311662197113,1.8552976846694946,0.21822284162044525,-0.48675012588500977,-0.749547004699707,-0.3836374282836914,-2.156203269958496,0.8386168479919434,1.2020230293273926,-1.463489294052124
0.4551758749999989,0.0034223749999999996,133.0,3.345597563926788,1.2869480762896257,0.7800661838091203,0.01635387967130162,-0.0013867458679851002,0.005833904395973246,0.0642755985676222,-0.24205556511878967,0.17542560398578644,0.23610058426856995,1.8504455089569092,0.2305120825767517,-0.5145344734191895,-0.8290294408798218,-0.3795199394226074,-2.0983800888061523,0.7852602005004883,1.1677533388137817,-1.4620318412780762
0.4551758749999989,0.0034223749999999996,133.0,3.3610560653902395,-1.2244752555871217,0.7322853235456032,-0.013779416674519564,-0.0007229323569813882,-0.007043695436144771,0.0682586904398053,-0.013692140579223633,0.1406053900718689,-0.1814088225364685,0.6549943089485168,0.25054818391799927,-0.9315035343170166,0.7621541619300842,0.2457108497619629,-0.1437927633523941,0.503931999206543,0.09229203313589096,-0.9025410413742065
0.4551758749999989,0.0034223749999999996,133.0,3.3564512309016776,-1.2193565695417876,0.7329033255859262,-0.007442529800858109,-0.00032675727147450607,-0.0038093482733886365,0.0682098637564354,-0.01321786642074585,0.14192762970924377,-0.18152764439582825,0.641755223274231,0.21634280681610107,-0.9198541641235352,0.7841843366622925,0.24724513292312622,-0.13564211130142212,0.5293326377868652,0.053472571074962616,-0.8904136419296265
0.4551758749999989,0.0034223749999999996,133.0,3.350687001749756,-1.21363621642884,0.7330172456340247,-0.006118339340411056,-0.0002504827421656271,-0.003128295375189694,0.0681845014075565,-0.014564335346221924,0.1423698216676712,-0.18255990743637085,0.6301614046096802,0.20967252552509308,-0.9075582027435303,0.7982946038246155,0.24909082055091858,-0.11961585283279419,0.5322718620300293,0.025459060445427895,-0.8805591464042664
0.4551758749999989,0.0034223749999999996,133.0,3.344436697322824,-1.2076654616378046,0.7330509208237659,-0.005532855515312797,-0.00022977075155423138,-0.0028302673249697412,0.06817576533234605,-0.015969455242156982,0.1421559900045395,-0.18361923098564148,0.6108811497688293,0.1983153223991394,-0.8894953727722168,0.8128244876861572,0.25386491417884827,-0.10675963759422302,0.5344991683959961,0.009340519085526466,-0.866034746170044
0.4551758749999989,0.0034223749999999996,133.0,3.3370071985069147,-1.2005469723986373,0.733121455478503,-0.005195536036629094,-0.0002140693073156222,-0.0026557523409035297,0.06815719804591089,-0.0176180899143219,0.14085090160369873,-0.18468528985977173,0.5924226641654968,0.1912735253572464,-0.8762738704681396,0.8311450481414795,0.25926071405410767,-0.08191589266061783,0.5336368083953857,-0.010328831151127815,-0.8529860377311707
0.4551758749999989,0.0034223749999999996,133.0,3.328263374941281,-1.1945296224304758,0.7305942049352953,-0.00495540624062133,-0.000265448162346988,-0.002530523511932609,0.06822506638602822,-0.018379628658294678,0.13830628991127014,-0.184788316488266,0.5646072626113892,0.17608803510665894,-0.8584673404693604,0.8491632342338562,0.2669486999511719,-0.058042000979185104,0.5321931838989258,-0.014811718836426735,-0.832954466342926
0.4551758749999989,0.0034223749999999996,133.0,3.3192528596103674,-1.1861327388189897,0.730758105559541,-0.004760463953627875,-0.0002574296126804119,-0.00243171204295173,0.06821055751955753,-0.020513683557510376,0.13682694733142853,-0.1850895881652832,0.5421350598335266,0.16524700820446014,-0.8416416645050049,0.8648303151130676,0.27333754301071167,-0.0228207316249609,0.5291752815246582,-0.03677425906062126,-0.8168821334838867
0.4551758749999989,0.0034223749999999996,133.0,3.309638929175274,-1.1768755896990442,0.7306457410329636,-0.004613566003570887,-0.0002598343280790855,-0.002355203437015724,0.06820014171710834,-0.022018760442733765,0.13530246913433075,-0.18438878655433655,0.5147504806518555,0.14577531814575195,-0.8180217742919922,0.8748419284820557,0.28072965145111084,0.0007015001028776169,0.5274639129638672,-0.038984883576631546,-0.7969512343406677
0.4551758749999989,0.0034223749999999996,133.0,3.2989360842663755,-1.166611463234591,0.7307172658524714,-0.004484329030290802,-0.0002560044997000415,-0.0022853147701593917,0.06818166820248349,-0.023805856704711914,0.13354648649692535,-0.1836705505847931,0.4899064004421234,0.13001461327075958,-0.7968361377716064,0.8855897188186646,0.2869015336036682,0.04223666712641716,0.5204648971557617,-0.05562048405408859,-0.778294563293457
0.4551758749999989,0.0034223749999999996,133.0,3.287668163253749,-1.1559504029962069,0.7308558779050761,-0.004351592410135101,-0.000264533527840662,-0.0022183486580171757,0.06817128558334831,-0.07027366757392883,0.18484830856323242,-0.15601101517677307,0.6428971290588379,0.12891174852848053,-0.852200984954834,0.3439604341983795,0.45933547616004944,-0.34795182943344116,0.6747338771820068,-0.011502254754304886,-1.1063659191131592
0.4551758749999989,0.0034223749999999996,133.0,3.275679479352193,-1.1442335319463224,0.730859823672934,-0.0042294125751612,-0.0002669334665092937,-0.0021545368820989337,0.06816342893054327,-0.0734473466873169,0.1801694929599762,-0.15677687525749207,0.6078884601593018,0.1257137954235077,-0.8272631168365479,0.37597721815109253,0.4596221148967743,-0.2934405207633972,0.701535701751709,-0.017061371356248856,-1.0715457201004028
0.4551758749999989,0.0034223749999999996,133.0,3.262920180192923,-1.131647444458575,0.7306930180349852,-0.004106285900468528,-0.00026669609819378163,-0.0020856396827979304,0.06815850403911378,-0.0760747492313385,0.1750922054052353,-0.15631738305091858,0.5704994201660156,0.11988475918769836,-0.8002927303314209,0.4024111330509186,0.4596567153930664,-0.2431102991104126,0.7270686626434326,-0.0017476119101047516,-1.0341308116912842
0.4551758749999989,0.0034223749999999996,133.0,3.249529670735529,-1.1181569639043991,0.7304857143722904,-0.003998078601943664,-0.00026061574038414734,-0.002029007041938696,0.06816213111543869,-0.07808375358581543,0.17034678161144257,-0.15355274081230164,0.5248581171035767,0.10470800846815109,-0.7604751586914062,0.41221317648887634,0.45964038372039795,-0.21234029531478882,0.758324146270752,0.05079973489046097,-0.988444983959198
0.4551758749999989,0.0034223749999999996,133.0,3.2352971402287554,-1.1037547094101645,0.7302448339447624,-0.0038606676652592434,-0.0002500490715850831,-0.0019579657599029525,0.06816691516962987,-0.0780344307422638,0.16493554413318634,-0.15028643608093262,0.4827706217765808,0.08439849317073822,-0.7329540252685547,0.4185943603515625,0.4615088105201721,-0.1902114301919937,0.7804982662200928,0.12378577142953873,-0.9482104182243347
0.4551758749999989,0.0034223749999999996,133.0,3.219972312593184,-1.0884345808244749,0.7300469785632403,-0.003686907603202722,-0.0002441607665318843,-0.0018708642999336425,0.06816004134092316,-0.08092457056045532,0.16038329899311066,-0.1455247700214386,0.43892383575439453,0.0683652013540268,-0.6731419563293457,0.41977256536483765,0.4627687931060791,-0.15781299769878387,0.8128178119659424,0.17435576021671295,-0.905625581741333
0.4551758749999989,0.0034223749999999996,133.0,3.203782768654422,-1.072163714937582,0.7298213479787276,-0.003525652647725143,-0.00023327446821380012,-0.0017875651895772084,0.0681537245168773,-0.08279013633728027,0.15699712932109833,-0.1408580243587494,0.4007520079612732,0.05293235927820206,-0.6106359958648682,0.4083542823791504,0.460846871137619,-0.1337582767009735,0.8388981819152832,0.22074875235557556,-0.8655367493629456
0.4551758749999989,0.0034223749999999996,133.0,3.18670982767096,-1.055216451545919,0.7297655743062998,-0.003340885194544624,-0.00022472644122185334,-0.0016952508187389865,0.06814506410944922,-0.08459773659706116,0.1538320630788803,-0.13678336143493652,0.36805298924446106,0.04029512405395508,-0.5443973541259766,0.3991575241088867,0.46127849817276,-0.11249720305204391,0.8616998195648193,0.25535500049591064,-0.8332939743995667
0.4551758749999989,0.0034223749999999996,133.0,3.1689151551546835,-1.0371763798788975,0.7295043948889842,-0.0031646705375338677,-0.00020882108716862037,-0.0016089430663776352,0.06814538834344845,-0.08430147171020508,0.15158215165138245,-0.13402444124221802,0.34295740723609924,0.025408316403627396,-0.4922165870666504,0.3789645731449127,0.4561987519264221,-0.11585491895675659,0.8771684169769287,0.3050849139690399,-0.8031443953514099
0.4551758749999989,0.0034223749999999996,133.0,3.150043602827955,-1.0183724595135841,0.7293336982543449,-0.0029836595934006516,-0.00020210153303702874,-0.0015157055280102473,0.06813280482772982,-0.08506885170936584,0.15001673996448517,-0.1332373023033142,0.3239558935165405,0.024706650525331497,-0.4284188747406006,0.3617706596851349,0.4469441771507263,-0.08568407595157623,0.8844594955444336,0.2964518964290619,-0.7748770117759705
0.4551758749999989,0.0034223749999999996,133.0,3.1304537529267447,-0.9988369485250355,0.7291519551832175,-0.0028209375250976424,-0.00019568951272628122,-0.0014336054202868003,0.06812435159597943,-0.08343318104743958,0.14797857403755188,-0.13483154773712158,0.31438058614730835,0.027226224541664124,-0.4111456871032715,0.3645070493221283,0.43814367055892944,-0.03812285140156746,0.8718185424804688,0.2715224623680115,-0.756412923336029
0.4551758749999989,0.0034223749999999996,133.0,3.1100601073544922,-0.978375163414626,0.7289451988242062,-0.0026069331244820333,-0.00018174230702567714,-0.001326679077613599,0.06811852745937347,-0.08172577619552612,0.1472649872303009,-0.13697549700737,0.31063112616539,0.026659604161977768,-0.4055330753326416,0.3631351590156555,0.42681884765625,-0.010365093126893044,0.8608713150024414,0.25890958309173584,-0.741271436214447
0.4551758749999989,0.0034223749999999996,133.0,3.0887763345137347,-0.9578361399521471,0.7291512293887678,-0.0023946525816975566,-0.00017468869955467083,-0.0012196187465896738,0.06810879826322186,-0.08141219615936279,0.14196975529193878,-0.13606905937194824,0.28975263237953186,0.0348435677587986,-0.3682210445404053,0.3698025345802307,0.43159234523773193,0.04427982121706009,0.856428861618042,0.2473045289516449,-0.7250963449478149
0.4551758749999989,0.0034223749999999996,133.0,3.0666441123041883,-0.9356490219897501,0.7288895977268499,-0.0021934456721204526,-0.00015985680546410673,-0.0011177577664927515,0.06810158479934798,-0.08067935705184937,0.1420658677816391,-0.13830453157424927,0.2889951169490814,0.03429679945111275,-0.3628683090209961,0.370766282081604,0.422683447599411,0.06008830666542053,0.8494677543640137,0.239396870136261,-0.7154203057289124
0.4551758749999989,0.0034223749999999996,133.0,3.0435170769722957,-0.9125001193462079,0.7285571879487912,-0.001993346010574736,-0.0001476872430286768,-0.0010154228523250972,0.0680873731748746,-0.08142596483230591,0.1431920826435089,-0.14057812094688416,0.2910600006580353,0.03692067041993141,-0.353895902633667,0.3755176067352295,0.41541123390197754,0.0778774842619896,0.8457150459289551,0.22108584642410278,-0.7102386355400085
0.4551758749999989,0.0034223749999999996,133.0,3.019468369341956,-0.8882264474118837,0.7280283528572228,-0.0018332623140680738,-0.00013742534929771623,-0.0009330577913022692,0.0680710174936304,-0.0831330418586731,0.14658521115779877,-0.14368554949760437,0.30099883675575256,0.03863697126507759,-0.35442185401916504,0.38080355525016785,0.40473535656929016,0.08611099421977997,0.8442513942718506,0.19741623103618622,-0.709555983543396
0.4551758749999989,0.0034223749999999996,133.0,2.9947843993671257,-0.8634177528584521,0.7277482407714294,-0.0016358308705786313,-0.00012188929206399209,-0.0008346819581427154,0.06806186062369943,-0.08412417769432068,0.14861316978931427,-0.1454153060913086,0.30504465103149414,0.035070400685071945,-0.3555908203125,0.3846011757850647,0.3987676799297333,0.07689419388771057,0.8480780124664307,0.2031818926334381,-0.7076966762542725
0.4551758749999989,0.0034223749999999996,133.0,2.96921737576383,-0.8380810194940893,0.7276916589948111,-0.0014530573002435264,-0.00011217503992509595,-0.0007436316068292793,0.06804807845143317,-0.08547315001487732,0.1482933908700943,-0.14615648984909058,0.3000915050506592,0.03690256178379059,-0.3391900062561035,0.392654150724411,0.3993210792541504,0.09005066752433777,0.8516228199005127,0.20295417308807373,-0.7033430337905884
0.4551758749999989,0.0034223749999999996,133.0,2.9429110184804066,-0.8121650066488458,0.7276107581063939,-0.0012728759193055144,-0.00010113938292651725,-0.0006518983215275815,0.06803797342337077,-0.08648136258125305,0.14667318761348724,-0.14661800861358643,0.29129311442375183,0.039955541491508484,-0.3181030750274658,0.40199050307273865,0.40213248133659363,0.11193448305130005,0.8536016941070557,0.20391225814819336,-0.6973761916160583
0.4551758749999989,0.0034223749999999996,133.0,2.9158254447242675,-0.7851983256680366,0.7273727784087897,-0.0011235902559502723,-9.145732491881522e-5,-0.0005755519875559294,0.06802828256604718,-0.0870266854763031,0.1463589370250702,-0.14806446433067322,0.28734689950942993,0.04015206918120384,-0.30353236198425293,0.41015520691871643,0.3999902606010437,0.13034622371196747,0.8525447845458984,0.1986359804868698,-0.6912938952445984
0.4551758749999989,0.0034223749999999996,133.0,2.8880561382833645,-0.7574776636724058,0.7271270712849812,-0.0009904026912451165,-8.165442587778955e-5,-0.0005076452381896529,0.0680244731964358,-0.08660000562667847,0.14565028250217438,-0.14962366223335266,0.2827855944633484,0.036589764058589935,-0.29407358169555664,0.4163033366203308,0.39675548672676086,0.14268384873867035,0.8497540950775146,0.20245668292045593,-0.6834886074066162
0.4551758749999989,0.0034223749999999996,133.0,2.8592147460899793,-0.7289299777784876,0.7268631330124007,-0.000817896190828185,-6.913326519410271e-5,-0.0004183149116982431,0.06801313444488082,-0.08774742484092712,0.1447475105524063,-0.1509658694267273,0.2771452069282532,0.04042075574398041,-0.2737729549407959,0.42603030800819397,0.3967600464820862,0.17441855370998383,0.8487548828125,0.1905578225851059,-0.6778413653373718
0.4551758749999989,0.0034223749999999996,133.0,2.829554885264685,-0.6996470617326352,0.7266980915771777,-0.0006866987662431503,-6.010933710370053e-5,-0.00035107700886862566,0.06800195823697983,-0.08884906768798828,0.1433478146791458,-0.15185201168060303,0.2687525153160095,0.04416244104504585,-0.25022172927856445,0.4370790123939514,0.3996264338493347,0.2036365419626236,0.8490972518920898,0.18565230071544647,-0.6723184585571289
0.4551758749999989,0.0034223749999999996,133.0,2.7990079596644457,-0.6693015664289639,0.7264578567762467,-0.0005154596884294577,-4.637960027928619e-5,-0.0002638781210142821,0.0679880299136833,-0.09028920531272888,0.1435268223285675,-0.15322226285934448,0.2652221918106079,0.045682039111852646,-0.23413395881652832,0.4470946192741394,0.3989940583705902,0.218471497297287,0.8522467613220215,0.18296751379966736,-0.6681941747665405
0.4551758749999989,0.0034223749999999996,133.0,2.7676671713532537,-0.6377964513340744,0.7260770909939909,-0.00032380848282909135,-2.88931229807876e-5,-0.00016599507002322474,0.06797605204137203,-0.09145241975784302,0.14584225416183472,-0.1556084156036377,0.26980599761009216,0.04238264635205269,-0.23461627960205078,0.45201581716537476,0.390189528465271,0.21313154697418213,0.8570156097412109,0.1825690120458603,-0.6640216112136841
0.4551758749999989,0.0034223749999999996,133.0,2.7354180708284037,-0.6055491974746826,0.725756945061436,-0.00015133413809606706,-1.3705443644418477e-5,-7.781347620920305e-5,0.06795996284866475,-0.09317627549171448,0.14755812287330627,-0.1575653851032257,0.2713543176651001,0.04285565763711929,-0.22737693786621094,0.4596628248691559,0.3847637474536896,0.21560581028461456,0.8630161285400391,0.1796068549156189,-0.6601974964141846
0.4551758749999989,0.0034223749999999996,133.0,2.702347549842358,-0.5730687891173808,0.7256710546931611,1.6775844752268334e-5,1.5920076064354419e-6,8.66626143333738e-6,0.06794595678987467,-0.0949101448059082,0.14557531476020813,-0.15803727507591248,0.25983405113220215,0.0495484285056591,-0.20330238342285156,0.4718327820301056,0.3910648226737976,0.23642964661121368,0.8691389560699463,0.18868206441402435,-0.6550235152244568
0.4551758749999989,0.0034223749999999996,133.0,2.668404234673052,-0.5393641075338471,0.7253980484777302,0.00018532708055485112,1.8050782782875295e-5,9.58892618552318e-5,0.06792971977629063,-0.09683355689048767,0.14594148099422455,-0.15967413783073425,0.2562837302684784,0.05203095078468323,-0.1866769790649414,0.483803391456604,0.39066869020462036,0.25094255805015564,0.8746280670166016,0.18610846996307373,-0.6511281728744507
0.4551758749999989,0.0034223749999999996,133.0,2.6335092520871637,-0.504438204049217,0.7248914809760992,0.0003680253112000109,3.63372434891654e-5,0.00019055978889834403,0.06790880864149577,-0.0994354784488678,0.1486482322216034,-0.1625206470489502,0.2613886296749115,0.0524059534072876,-0.18008756637573242,0.49436667561531067,0.3833426237106323,0.2569308578968048,0.8818609714508057,0.17422717809677124,-0.6489770412445068
0.4551758749999989,0.0034223749999999996,133.0,2.5978315615452012,-0.4690437103214569,0.7246014789719826,0.0005116786030690588,5.1836915356110106e-5,0.0002654713258165175,0.06789087790521776,-0.10179513692855835,0.1492268592119217,-0.16422292590141296,0.25786274671554565,0.05486750602722168,-0.16312122344970703,0.5074321627616882,0.38365596532821655,0.2695162296295166,0.8898835182189941,0.17324583232402802,-0.6458317041397095
0.4551758749999989,0.0034223749999999996,133.0,2.56134734972721,-0.4328386309044424,0.7243032142733542,0.0006736827173616452,7.007851782194194e-5,0.0003501902874670178,0.06787322165303787,-0.10400930047035217,0.1496407389640808,-0.1659841239452362,0.2539221942424774,0.05703447386622429,-0.14581704139709473,0.5206762552261353,0.38388538360595703,0.28381115198135376,0.8973286151885986,0.17182199656963348,-0.6421774625778198
0.4551758749999989,0.0034223749999999996,133.0,2.5240866877373884,-0.395832681866493,0.7240078761093153,0.0008462363615462179,9.048781583678221e-5,0.00044061068391634345,0.06785662440845494,-0.10587692260742188,0.14977245032787323,-0.16781839728355408,0.2493557184934616,0.05858773738145828,-0.12821674346923828,0.5338776707649231,0.38390469551086426,0.3011137545108795,0.9032096862792969,0.16941794753074646,-0.637667715549469
0.4551758749999989,0.0034223749999999996,133.0,2.486077432476501,-0.3580559644512549,0.7236827877164688,0.0010421575850278811,0.00011497405730351537,0.00054350992111607,0.0678419742808494,-0.10725721716880798,0.14948499202728271,-0.16979825496673584,0.24417732656002045,0.05836019292473793,-0.11102700233459473,0.5472052693367004,0.3838661313056946,0.32110509276390076,0.9069440364837646,0.1674947589635849,-0.6324691772460938
0.4551758749999989,0.0034223749999999996,133.0,2.4472708896238498,-0.3194621079563167,0.7233771093274041,0.0012281966438437279,0.00013952628226702034,0.0006412039861212194,0.06782873821363228,-0.10837221145629883,0.14898550510406494,-0.17185679078102112,0.23855993151664734,0.05709543451666832,-0.09395432472229004,0.5607772469520569,0.3839946985244751,0.3429325520992279,0.9095096588134766,0.16546747088432312,-0.6269867420196533
0.4551758749999989,0.0034223749999999996,133.0,2.4075042899826653,-0.2804669933916725,0.723172110847445,0.001348502984477653,0.00016184064611584568,0.0007047225996038452,0.06781606054961399,-0.11027294397354126,0.14593908190727234,-0.17301860451698303,0.22371509671211243,0.06404870748519897,-0.06380915641784668,0.5813983678817749,0.3952754735946655,0.38759660720825195,0.9128787517547607,0.17069792747497559,-0.6234254240989685
0.4551758749999989,0.0034223749999999996,133.0,2.366918915215418,-0.24017727417054655,0.7228640176313169,0.0015026237164967218,0.00018576963050353232,0.0007867157271114196,0.06779975034563336,-0.1121140718460083,0.1458074152469635,-0.17490050196647644,0.21862436830997467,0.06490950286388397,-0.04718160629272461,0.5972490906715393,0.3965282738208771,0.4059217572212219,0.9189069271087646,0.1706070899963379,-0.6196233034133911
0.4551758749999989,0.0034223749999999996,133.0,2.325294330144813,-0.19836911476455638,0.722206057016337,0.0016529242012245943,0.00020800185552560132,0.000867459947933587,0.06777196486539094,-0.11446914076805115,0.1493004560470581,-0.17859584093093872,0.22770769894123077,0.060963306576013565,-0.04755687713623047,0.608350932598114,0.3835453987121582,0.4095350503921509,0.9265685081481934,0.152104452252388,-0.6157758831977844
0.4551758749999989,0.0034223749999999996,133.0,2.2839918875103034,-0.15531400018883496,0.7245877043806411,0.0017942050630447408,0.00021648679290059905,0.0009484317140833478,0.06769298980099221,-0.11429107189178467,0.14679183065891266,-0.17973920702934265,0.21146510541439056,0.057049766182899475,-0.024398088455200195,0.6165732145309448,0.3902733325958252,0.4184817969799042,0.9314591884613037,0.17140008509159088,-0.6062456369400024
0.4551758749999989,0.0034223749999999996,133.0,2.2405432186283045,-0.11235236454961407,0.7241416881882571,0.0018907388667095755,0.0002443630127415548,0.001003636629114142,0.0676585065025628,-0.1171332597732544,0.14142249524593353,-0.18136152625083923,0.18982647359371185,0.07505489885807037,0.01555490493774414,0.6514660716056824,0.4117565453052521,0.49988746643066406,0.9331164360046387,0.17732854187488556,-0.6060387492179871
0.4551758749999989,0.0034223749999999996,133.0,2.195543347147977,-0.069062466322107,0.7242615401474549,0.0018629770380356508,0.00025546865919837136,0.001000621721183864,0.06761543458887373,-0.137581467628479,0.15263359248638153,-0.18094223737716675,0.19677168130874634,0.11073517054319382,0.04042935371398926,0.682756781578064,0.424813836812973,0.42176222801208496,1.0443580150604248,0.190545454621315,-0.6265912055969238
0.4551758749999989,0.0034223749999999996,133.0,2.1462050257376077,-0.018196500613233576,0.7207568867183086,0.0017453681570827903,0.00011244163101622315,0.0009812106946507561,0.06744396680485769,-0.19067999720573425,0.2553427219390869,-0.1816389262676239,0.4367713928222656,0.08289255946874619,0.019274234771728516,0.17445015907287598,0.4294169545173645,-0.9214382767677307,1.588756799697876,-0.09536503255367279,-0.8702049255371094
0.4551758749999989,0.0034223749999999996,133.0,2.0934138938547213,0.03821886458707413,0.7219833317515121,0.00010256256028037346,-1.0007130553048077e-5,6.14833138843252e-5,0.06690658675854315,-0.2770180404186249,0.35675397515296936,-0.14353525638580322,0.5137612819671631,-0.14402839541435242,0.4261009693145752,-0.5237715244293213,0.8890669941902161,-2.2835428714752197,2.1533560752868652,-0.1802883744239807,-1.4051510095596313
0.4551758749999989,0.0034223749999999996,133.0,2.1327493473143404,0.061547119129878036,0.7228455162985237,-0.0017149440529941715,-0.00017778683194382577,-0.001036773523972726,0.06631794281465765,-0.29656389355659485,0.15804988145828247,-0.1490667164325714,0.866633951663971,-0.26545360684394836,0.4718337059020996,0.7552399039268494,0.0066144466400146484,-1.2470483779907227,1.9293889999389648,0.023180251941084862,-0.8731571435928345
0.4551758749999989,0.0034223749999999996,133.0,2.166447813186587,0.11183936898368664,0.7313347758702505,-0.001973386191804505,6.319796335898605e-5,-0.0011782586085499651,0.0654073225064199,-0.3637787997722626,0.19559858739376068,-0.0456579327583313,1.2957693338394165,-0.6584165692329407,0.6242042779922485,0.15141378343105316,0.13933402299880981,-1.8125033378601074,2.060978889465332,0.4313242435455322,-1.4351110458374023
0.4551758749999989,0.0034223749999999996,133.0,2.2014989828066014,0.16094563583273686,0.7407302740597557,-0.0020205530909393815,0.00022569858446691346,-0.001123480990766458,0.06484432897470224,-0.4164157807826996,0.22549542784690857,0.007179558277130127,1.4437437057495117,-1.0748615264892578,0.685382604598999,-0.16428318619728088,0.325425922870636,-2.043227195739746,2.0853614807128906,0.5048722624778748,-1.76982843875885
0.4551758749999989,0.0034223749999999996,133.0,2.242716045701583,0.20634340520779054,0.7435259172910846,-0.001923547192550973,0.0002340297273219372,-0.0010353084626911714,0.06472524029656015,-0.4158457815647125,0.23286694288253784,0.027948826551437378,1.5285918712615967,-1.096763014793396,0.6611437797546387,-0.2064199149608612,0.3008568286895752,-2.0607171058654785,1.99562406539917,0.564022421836853,-1.8302412033081055
0.4551758749999989,0.0034223749999999996,133.0,2.2841783506832636,0.2495164377952677,0.7450381049267744,-0.0017686112803157984,0.00022258351258766325,-0.0009333544779222923,0.0646783124750226,-0.41761383414268494,0.23625439405441284,0.033896952867507935,1.5440526008605957,-1.132668375968933,0.6685991287231445,-0.20475846529006958,0.3090338408946991,-2.0689730644226074,1.9640626907348633,0.6001700162887573,-1.8540613651275635
0.4551758749999989,0.0034223749999999996,133.0,2.3251039564310845,0.291252904447438,0.7456183942142482,-0.0015721895876713594,0.00019679923638990572,-0.000820183093574358,0.06467861807236205,-0.4173130691051483,0.23855580389499664,0.038990944623947144,1.56320321559906,-1.145437479019165,0.672810435295105,-0.184011772274971,0.3038662075996399,-2.0761704444885254,1.925245761871338,0.6398404240608215,-1.8682382106781006
0.4551758749999989,0.0034223749999999996,133.0,2.365303368376954,0.33206461861152237,0.7458149267242123,-0.0014826203389699043,0.00017959963280045994,-0.0007673971451158603,0.06467514819554136,-0.41942647099494934,0.2405412793159485,0.03889879584312439,1.5564746856689453,-1.172583818435669,0.6931508779525757,-0.1432807594537735,0.31582361459732056,-2.089069128036499,1.9108033180236816,0.6675653457641602,-1.8737735748291016
0.4551758749999989,0.0034223749999999996,133.0,2.4048963262858734,0.372112344574031,0.7466346180257032,-0.001272858105929387,0.000152187571515682,-0.0006486333239534741,0.06464906505487214,-0.42016419768333435,0.2426638901233673,0.044102638959884644,1.5753095149993896,-1.1904706954956055,0.7016746997833252,-0.1286962479352951,0.31257808208465576,-2.095961093902588,1.8757691383361816,0.7024400234222412,-1.889521837234497
0.4551758749999989,0.0034223749999999996,133.0,2.443592264326901,0.41127423342108155,0.747416012246577,-0.0011112138925675216,0.00013086073717302253,-0.0005579302778692829,0.06463436457381701,-0.4181651771068573,0.2443825751543045,0.05311259627342224,1.615075707435608,-1.1847615242004395,0.6956936120986938,-0.1231720894575119,0.2890228033065796,-2.0962748527526855,1.8241291046142578,0.7480396628379822,-1.9057598114013672
0.4551758749999989,0.0034223749999999996,133.0,2.4813007976322927,0.4495972945205437,0.7479706567968372,-0.0009057668448821349,0.00010512355348030429,-0.0004493738690019586,0.06462346415436053,-0.41880062222480774,0.24624380469322205,0.05827987194061279,1.6326332092285156,-1.2033090591430664,0.701640248298645,-0.10897982120513916,0.28567564487457275,-2.104081869125366,1.789018154144287,0.7848049402236938,-1.9201385974884033
0.4551758749999989,0.0034223749999999996,133.0,2.518192003422735,0.48704665210278986,0.7484804659967518,-0.0007225347940090244,8.251464080835967e-5,-0.00035448236985360357,0.0646143437977777,-0.41935649514198303,0.24791881442070007,0.06317135691642761,1.6493645906448364,-1.2192243337631226,0.7067439556121826,-0.09466440975666046,0.281362920999527,-2.110302686691284,1.7555594444274902,0.8201619386672974,-1.932711124420166
0.4551758749999989,0.0034223749999999996,133.0,2.5542495584627405,0.5236414454266085,0.7489665279692803,-0.00054695230195298,6.141746378475741e-5,-0.00026550761294278036,0.06460517539523593,-0.41991832852363586,0.24941545724868774,0.06759437918663025,1.664945363998413,-1.2317790985107422,0.7115302085876465,-0.0799187570810318,0.27609142661094666,-2.115030527114868,1.7249054908752441,0.8527480959892273,-1.9431629180908203
0.4551758749999989,0.0034223749999999996,133.0,2.5894814599545652,0.5593660743991061,0.7493756738852277,-0.0003766726471325308,4.149452416730483e-5,-0.0001811144060740354,0.06459743394860809,-0.4204190671443939,0.2507425844669342,0.07152965664863586,1.6792688369750977,-1.240134596824646,0.7156014442443848,-0.06502686440944672,0.269750714302063,-2.1174428462982178,1.6971416473388672,0.8826389908790588,-1.9512684345245361
0.4551758749999989,0.0034223749999999996,133.0,2.6238485070423456,0.5942496548419103,0.7497741482972893,-0.00021165853598917255,2.2863266589420794e-5,-0.0001008983971923864,0.06458733359078056,-0.42102089524269104,0.251971572637558,0.07502451539039612,1.6927236318588257,-1.2439160346984863,0.7190713882446289,-0.05127424746751785,0.2623772919178009,-2.117765188217163,1.673222541809082,0.9086558818817139,-1.957448959350586
0.4551758749999989,0.0034223749999999996,133.0,2.6567859084347836,0.6283783751008823,0.7496461851057427,-6.314064214544083e-5,6.664820149239356e-6,-3.0063239914051387e-5,0.06458147096967443,-0.42512157559394836,0.25434064865112305,0.07412496209144592,1.6823331117630005,-1.2700471878051758,0.7449283599853516,-0.02574881911277771,0.27769339084625244,-2.129143714904785,1.6730141639709473,0.9166877865791321,-1.9626121520996094
0.4551758749999989,0.0034223749999999996,133.0,2.6888672765387964,0.6617415941685557,0.7499397576391305,0.00013655116100629548,-1.4333846104945421e-5,6.465425305917658e-5,0.06455825943372458,-0.4290994703769684,0.25662872195243835,0.07588192820549011,1.6851030588150024,-1.2904199361801147,0.7631816864013672,-0.019071098417043686,0.2858596444129944,-2.1354660987854004,1.6671051979064941,0.9232912659645081,-1.9736673831939697
0.4551758749999989,0.0034223749999999996,133.0,2.721469528080616,0.692088929186374,0.7482561487982884,0.00032234625533080326,-3.241460178855026e-5,0.00015018785314412946,0.06471695252736594,-0.4245966374874115,0.2561453878879547,0.08357301354408264,1.7074564695358276,-1.2943542003631592,0.7317540645599365,-0.04015588015317917,0.27193331718444824,-2.112847328186035,1.6170408725738525,0.9714491367340088,-1.9820730686187744
0.4551758749999989,0.0034223749999999996,133.0,2.7519585308187815,0.7237556718256108,0.7485662429468947,0.0005104852979576019,-5.098543216780612e-5,0.00023629356355769077,0.06470194089287898,-0.42844030261039734,0.258292019367218,0.08589580655097961,1.7100365161895752,-1.3231825828552246,0.7511312961578369,-0.027882706373929977,0.28147900104522705,-2.1255524158477783,1.6056129932403564,0.9882780313491821,-1.994375228881836
0.4551758749999989,0.0034223749999999996,133.0,2.782369361800173,0.7544472294109995,0.7495127309262849,0.0007351248965488354,-7.201330321098309e-5,0.00033527434008711097,0.06467272005774377,-0.42768827080726624,0.2589781880378723,0.0928395688533783,1.7435948848724365,-1.3102070093154907,0.743981122970581,-0.016239512711763382,0.25498709082603455,-2.1327295303344727,1.570380449295044,1.0270692110061646,-2.0014424324035645
0.4551758749999989,0.0034223749999999996,133.0,2.81198690501486,0.7842184663320122,0.7502067142415515,0.0008964676661399907,-8.550530310371636e-5,0.0004038606322803713,0.06465824640205596,-0.42679694294929504,0.25925666093826294,0.09810933470726013,1.7676578760147095,-1.302359700202942,0.7386382818222046,0.002457061782479286,0.23340436816215515,-2.1383464336395264,1.5375871658325195,1.0670599937438965,-2.003986120223999
0.4551758749999989,0.0034223749999999996,133.0,2.840692403519,0.8132004538653902,0.751295671203999,0.0011034898803359517,-0.00010563033248591203,0.00048982812006271,0.06463236995710189,-0.42640021443367004,0.25971606373786926,0.10594335198402405,1.799930214881897,-1.2985543012619019,0.7250392436981201,-0.006969239562749863,0.21334990859031677,-2.136138677597046,1.5033488273620605,1.100710153579712,-2.016115427017212
0.4551758749999989,0.0034223749999999996,133.0,2.8680804433835587,0.8413786074287006,0.7515296707615234,0.0012621925874111873,-0.00011987675682907519,0.000557034057793277,0.064629892273711,-0.4291382133960724,0.2610943019390106,0.10726788640022278,1.7971599102020264,-1.3271316289901733,0.7413525581359863,0.010470734909176826,0.22299310564994812,-2.1459245681762695,1.4903151988983154,1.1223711967468262,-2.023207902908325
0.4551758749999989,0.0034223749999999996,133.0,2.89497344192299,0.8686384448809249,0.7521436325868762,0.0014406632566673738,-0.00013580717246214582,0.0006294132857447837,0.06461826498492104,-0.4299897253513336,0.26178523898124695,0.11137548089027405,1.812357783317566,-1.3320527076721191,0.7410130500793457,0.01930128037929535,0.2134413719177246,-2.150627851486206,1.4675865173339844,1.1489622592926025,-2.0289249420166016
0.4551758749999989,0.0034223749999999996,133.0,2.92131856995053,0.8949179805100282,0.7524655367044673,0.0016539521906834228,-0.00015096520301888843,0.0007168990734908755,0.06461813277411352,-0.4293961226940155,0.26191914081573486,0.1144842803478241,1.826920747756958,-1.3257962465286255,0.7388290166854858,0.04038417339324951,0.19678205251693726,-2.1565489768981934,1.4427833557128906,1.1803663969039917,-2.026930570602417
0.4551758749999989,0.0034223749999999996,133.0,2.9465944063710254,0.9204742757983778,0.7529032993818661,0.0018711918538458357,-0.00016927554954168495,0.000805048014688484,0.06460704305515398,-0.4295487105846405,0.2625078856945038,0.11930474638938904,1.846405029296875,-1.3223387002944946,0.7301709651947021,0.034775760024785995,0.1843462884426117,-2.154742479324341,1.4219598770141602,1.2011628150939941,-2.0339348316192627
0.4551758749999989,0.0034223749999999996,133.0,2.970726132955364,0.9452514973556327,0.7531557967023681,0.002112163590943636,-0.0001895105834326248,0.000903673521776372,0.06459937031937188,-0.4308792054653168,0.2632574439048767,0.12425383925437927,1.8611897230148315,-1.3346941471099854,0.7238560914993286,0.017472997307777405,0.1822134256362915,-2.1488454341888428,1.4024248123168945,1.2152267694473267,-2.046546459197998
0.4551758749999989,0.0034223749999999996,133.0,2.9940418312335355,0.9691641560607608,0.7532091579956055,0.002290307429658767,-0.0002031179590562784,0.0009768083737687016,0.06459863364176537,-0.43292227387428284,0.26425352692604065,0.1251831352710724,1.8605382442474365,-1.3504146337509155,0.7339954376220703,0.027988309040665627,0.18675866723060608,-2.153301477432251,1.393484354019165,1.228285551071167,-2.0505824089050293
0.4551758749999989,0.0034223749999999996,133.0,3.016441572079588,0.9922717413049478,0.7531852201400826,0.0025168865481455904,-0.0002191334912121697,0.0010708161281087242,0.0645967275606417,-0.4351290166378021,0.26542195677757263,0.12513843178749084,1.856264591217041,-1.3663256168365479,0.7489025592803955,0.04571272432804108,0.19234603643417358,-2.1619203090667725,1.38712739944458,1.240647315979004,-2.0520896911621094
0.4551758749999989,0.0034223749999999996,133.0,3.038336676548935,1.0144449122029264,0.7535344293669859,0.0027484708119473703,-0.00023746155763246764,0.0011620544294827235,0.06459041895430935,-0.4345947206020355,0.26548296213150024,0.12786796689033508,1.870280385017395,-1.356200933456421,0.7449685335159302,0.05911115184426308,0.17602041363716125,-2.1663320064544678,1.3687968254089355,1.2643572092056274,-2.0498170852661133
0.4551758749999989,0.0034223749999999996,133.0,3.0591913108761055,1.0358821636941307,0.7535857186374235,0.0029917672932924986,-0.0002542554113408912,0.0012611342725596347,0.06458468055258645,-0.4364027678966522,0.2664640545845032,0.12810280919075012,1.8667751550674438,-1.3720511198043823,0.7578094005584717,0.07284073531627655,0.18097743391990662,-2.1744589805603027,1.3610951900482178,1.278124213218689,-2.051443576812744
0.4551758749999989,0.0034223749999999996,133.0,3.079701949495474,1.0563583474250955,0.7545893781269211,0.003243302137899999,-0.000280919586233414,0.0013493824129966342,0.06455789799665079,-0.43580159544944763,0.2666518986225128,0.1335568130016327,1.8904492855072021,-1.357954740524292,0.7414641380310059,0.06218215823173523,0.1618548035621643,-2.176584005355835,1.3425188064575195,1.3008018732070923,-2.055877447128296
0.4551758749999989,0.0034223749999999996,133.0,3.099009923312151,1.0761599110368316,0.7552354048493266,0.003437462575286905,-0.0002981331278556082,0.001420349173210601,0.06454158817347744,-0.4371795952320099,0.26712682843208313,0.13578864932060242,1.8944746255874634,-1.3686612844467163,0.7441589832305908,0.06481154263019562,0.16040676832199097,-2.1854915618896484,1.330392837524414,1.3200610876083374,-2.058549165725708
0.4551758749999989,0.0034223749999999996,133.0,3.1177143833957564,1.0949844417053276,0.7559574957683852,0.0036587178718421767,-0.0003173212702184287,0.0014977627894883696,0.06452383282322034,-0.4350499212741852,0.26624596118927,0.14198902249336243,1.919745683670044,-1.3497323989868164,0.7181528806686401,0.05189145728945732,0.1350126564502716,-2.1864943504333496,1.3037278652191162,1.3520591259002686,-2.0582919120788574
0.4551758749999989,0.0034223749999999996,133.0,3.134906836637158,1.1131139039955293,0.7558227523756269,0.0038449887302669794,-0.00033762421247530695,0.0015737421547745698,0.06453122904311898,-0.43602195382118225,0.2663903534412384,0.14280685782432556,1.9075220823287964,-1.3785324096679688,0.7244977951049805,0.04868587851524353,0.14759361743927002,-2.199768543243408,1.2920515537261963,1.378063678741455,-2.0588645935058594
0.4551758749999989,0.0034223749999999996,133.0,3.1519894818065515,1.1302053477397118,0.7561584840198219,0.004067934539147203,-0.0003527541702640856,0.0016550586982573931,0.06452542568989642,-0.43319132924079895,0.2648448050022125,0.1480981409549713,1.92266845703125,-1.369549036026001,0.6996651887893677,0.03674478083848953,0.1283961832523346,-2.204880952835083,1.2623317241668701,1.4192150831222534,-2.0547778606414795
0.4551758749999989,0.0034223749999999996,133.0,3.167894617743776,1.1465523181366737,0.7564841077829693,0.004264292919938176,-0.0003712029557571247,0.0017258330199328496,0.06451965610543524,-0.43254128098487854,0.2638494074344635,0.1506759226322174,1.9188512563705444,-1.3896220922470093,0.6954669952392578,0.029946768656373024,0.13085150718688965,-2.217465400695801,1.24029541015625,1.455665111541748,-2.0535645484924316
0.4551758749999989,0.0034223749999999996,133.0,3.183129956229265,1.161901836756805,0.7564378837744691,0.004458267523594007,-0.0003847904445571248,0.001796298712419745,0.06452671482629739,-0.42074260115623474,0.2561528980731964,0.15604183077812195,1.918796420097351,-1.368153691291809,0.642029881477356,-0.011788712814450264,0.10948476195335388,-2.184143543243408,1.1773066520690918,1.520146369934082,-2.0318970680236816
0.4551758749999989,0.0034223749999999996,133.0,3.19764377227112,1.176458839404306,0.7567284950950612,0.004611705855292752,-0.00039726325259693937,0.001847298973707822,0.06452979076213537,-0.40476521849632263,0.24599355459213257,0.16243228316307068,1.9172978401184082,-1.325654149055481,0.5698113441467285,-0.07002359628677368,0.08016610145568848,-2.1323325634002686,1.101630687713623,1.5893945693969727,-2.000633478164673
0.4551758749999989,0.0034223749999999996,133.0,3.2112017076983728,1.1901526525076305,0.7570749047708045,0.004749009475559769,-0.00041794492003885707,0.0018895765062983151,0.06454023942272197,-0.38661566376686096,0.23416703939437866,0.1674814522266388,1.909175157546997,-1.274504542350769,0.49475252628326416,-0.12673579156398773,0.04969349503517151,-2.0708274841308594,1.0216498374938965,1.656190276145935,-1.9615373611450195
0.4551758749999989,0.0034223749999999996,133.0,3.2244826412237537,1.2029776393794016,0.7579280154592711,0.004899552216170108,-0.00043425969686707803,0.001930627396144414,0.06453677446067872,-0.3703361451625824,0.22415529191493988,0.17326143383979797,1.9130127429962158,-1.2081657648086548,0.42107319831848145,-0.16978661715984344,0.008674860000610352,-2.0207743644714355,0.9499411582946777,1.7098498344421387,-1.9238100051879883
0.4551758749999989,0.0034223749999999996,133.0,3.237487047122725,1.2145863277118532,0.7582373474013115,0.005058372080296719,-0.00043573833505226547,0.0019736093196290145,0.06454785781547141,-0.35438409447669983,0.2153102457523346,0.17893734574317932,1.919709324836731,-1.1253567934036255,0.3439922332763672,-0.1990565061569214,-0.042007267475128174,-1.9757000207901,0.883735179901123,1.7551673650741577,-1.87929105758667
0.4551758749999989,0.0034223749999999996,133.0,3.24964725581291,1.2254578971285885,0.7588451079475005,0.005222074692284938,-0.00043922470136160095,0.002016147998012673,0.06454840731020825,-0.34277811646461487,0.20897960662841797,0.18389180302619934,1.925122857093811,-1.0610846281051636,0.28539013862609863,-0.2164555788040161,-0.08190798759460449,-1.9451462030410767,0.8320965766906738,1.7889519929885864,-1.8444108963012695
0.4551758749999989,0.0034223749999999996,133.0,3.2610783399847727,1.2354962856335836,0.7593337533443697,0.005379686454454672,-0.00043518176177536087,0.0020584935901209666,0.06455084881598556,-0.3318319618701935,0.20426373183727264,0.18959471583366394,1.9389983415603638,-0.9811344146728516,0.2235260009765625,-0.22909854352474213,-0.1306644082069397,-1.9178940057754517,0.785179853439331,1.8073292970657349,-1.8090105056762695
0.4551758749999989,0.0034223749999999996,133.0,3.2714243713050353,1.2448174670916787,0.7597036298640051,0.0055584355880519964,-0.0004328399905085315,0.0021137756805141867,0.06455824011891347,-0.32139405608177185,0.19909439980983734,0.19240406155586243,1.9352316856384277,-0.9194937348365784,0.17592191696166992,-0.2346566617488861,-0.1635761857032776,-1.8967206478118896,0.7441058158874512,1.8320544958114624,-1.7720540761947632
0.4551758749999989,0.0034223749999999996,133.0,3.279958350766569,1.2555880200402278,0.7627111316383722,0.005817971083539274,-0.0004579779072148028,0.0021962794616072062,0.06435909148637015,-0.3142452538013458,0.1962210237979889,0.19390758872032166,1.9350817203521729,-0.8494482636451721,0.14625000953674316,-0.2380259484052658,-0.19363903999328613,-1.8921793699264526,0.7190642356872559,1.8309638500213623,-1.7414931058883667
0.4551758749999989,0.0034223749999999996,133.0,3.2888813781427033,1.263201418546853,0.7634744914582948,0.006094724832286213,-0.0004697422809196309,0.002280384207515652,0.06435178951953623,-0.3058612048625946,0.1923685371875763,0.19734534621238708,1.9340322017669678,-0.7932999730110168,0.10179877281188965,-0.2505089044570923,-0.22201627492904663,-1.8684093952178955,0.683436393737793,1.8361287117004395,-1.7116954326629639
0.4551758749999989,0.0034223749999999996,133.0,3.296549276874476,1.2700503755363572,0.7636890773402286,0.006509911671464844,-0.000489402252452367,0.0024219428159474566,0.064358394042375,-0.27776458859443665,0.191867858171463,0.219819575548172,1.9035494327545166,0.12476836144924164,-0.3591587543487549,-0.623210072517395,-0.33530372381210327,-2.3292300701141357,1.039114236831665,1.3046631813049316,-1.5614099502563477
0.4551758749999989,0.0034223749999999996,133.0,3.303539738137787,1.2761008734737083,0.7639788995276486,0.007203483147315179,-0.0005269710675367079,0.002663455678916656,0.06435917366873341,-0.2728380262851715,0.19059470295906067,0.22177228331565857,1.8996686935424805,0.14807811379432678,-0.38039565086364746,-0.6374233961105347,-0.3446730375289917,-2.309197187423706,1.0086183547973633,1.2935214042663574,-1.5479726791381836
0.4551758749999989,0.0034223749999999996,133.0,3.3096944840734763,1.2814018606464626,0.7641225395121225,0.008767698934340715,-0.000646274475972784,0.0032336680456680846,0.0643661260997628,-0.2694002687931061,0.19037440419197083,0.22548678517341614,1.902575135231018,0.16474580764770508,-0.401714563369751,-0.6630659103393555,-0.35334157943725586,-2.285574197769165,0.9730985164642334,1.2745038270950317,-1.5418950319290161
0.4551758749999989,0.0034223749999999996,133.0,3.3150305700351557,1.2865974148618564,0.7645633059341149,0.01633255504721456,-0.001258341368974525,0.005836017561278112,0.06432930804538296,-0.26486489176750183,0.18776126205921173,0.23130938410758972,1.8969635963439941,0.1779182404279709,-0.4391298294067383,-0.756597101688385,-0.35134774446487427,-2.2160561084747314,0.9106764793395996,1.2400168180465698,-1.5374820232391357
0.4551758749999989,0.0034223749999999996,133.0,3.3298785158890296,-1.224801025636202,0.7185519213189333,-0.013774074024681206,-0.0006575577552561948,-0.007055177963809833,0.06826406435243758,-0.014912396669387817,0.13341253995895386,-0.18156304955482483,0.5640331506729126,0.20652101933956146,-0.8785922527313232,0.8107027411460876,0.2736267149448395,-0.12493497878313065,0.5135855674743652,0.1191319152712822,-0.8398711681365967
0.4551758749999989,0.0034223749999999996,133.0,3.325266942915098,-1.2196757409402628,0.7191772301592225,-0.007440340756087337,-0.0002893170358603468,-0.0038141936286814,0.06821442102482365,-0.014603465795516968,0.13524192571640015,-0.18057966232299805,0.5468518733978271,0.16320593655109406,-0.8603308200836182,0.8280722498893738,0.2760058641433716,-0.11669757217168808,0.5397891998291016,0.08229304850101471,-0.824646532535553
0.4551758749999989,0.0034223749999999996,133.0,3.319505509132549,-1.2139574117086058,0.7192988994603972,-0.006116715627891334,-0.00021883861585211158,-0.0031321008800658293,0.06818842932958764,-0.01577836275100708,0.13564105331897736,-0.18078520894050598,0.535264253616333,0.1533133089542389,-0.848761796951294,0.8369271159172058,0.2775171399116516,-0.09465119987726212,0.5404219627380371,0.05383467674255371,-0.8144615888595581
0.4551758749999989,0.0034223749999999996,133.0,3.3132605032294893,-1.207985693806898,0.7193293424373636,-0.005531680830831766,-0.00020086878408244078,-0.0028334297669641386,0.06817908517485505,-0.01740819215774536,0.135346919298172,-0.18019339442253113,0.5128706097602844,0.13565774261951447,-0.8267974853515625,0.8441084027290344,0.2830837368965149,-0.08268523216247559,0.5435771942138672,0.049639321863651276,-0.7976439595222473
0.4551758749999989,0.0034223749999999996,133.0,3.305836623710851,-1.200863229935367,0.7194023450584146,-0.005194650124265631,-0.0001862484395621105,-0.002658621065737679,0.06815974549792525,-0.01889103651046753,0.13411329686641693,-0.17991524934768677,0.4958115220069885,0.12603887915611267,-0.8143229484558105,0.853986918926239,0.2877417802810669,-0.05229185149073601,0.5403335094451904,0.03207339346408844,-0.7852408289909363
0.4551758749999989,0.0034223749999999996,133.0,3.297094565877866,-1.194837983867227,0.716865040487375,-0.004954956555521698,-0.00023872214315903532,-0.0025331940231470415,0.0682274897518873,-0.01969924569129944,0.1317717432975769,-0.17808100581169128,0.469757080078125,0.10775057971477509,-0.7957601547241211,0.8607872128486633,0.2944875955581665,-0.026385610923171043,0.5382406711578369,0.03545902669429779,-0.7660102248191833
0.4551758749999989,0.0034223749999999996,133.0,3.2882385562332614,-1.1866320208885486,0.7169319585112254,-0.004758544844581166,-0.00024426856414245786,-0.002435185793323797,0.06821530037455999,-0.06503379344940186,0.18728050589561462,-0.1501343846321106,0.635271430015564,0.11496958136558533,-0.8543047904968262,0.29095467925071716,0.46377652883529663,-0.4259146749973297,0.6711287498474121,0.08365926891565323,-1.1033086776733398
0.4551758749999989,0.0034223749999999996,133.0,3.2786372744697623,-1.177364903798815,0.716815514501709,-0.00461210452451573,-0.0002464863727627255,-0.002357971666236681,0.06820470255339312,-0.06807571649551392,0.1836005002260208,-0.1511526107788086,0.6085543632507324,0.11468163877725601,-0.8358645439147949,0.31748446822166443,0.4625634253025055,-0.3819199502468109,0.693230390548706,0.07203671336174011,-1.0752880573272705
0.4551758749999989,0.0034223749999999996,133.0,3.268100900350135,-1.1672713216398827,0.7168018958602993,-0.004481795586819938,-0.00025377451202999985,-0.00228800321330484,0.06818942651928506,-0.0718875527381897,0.17887374758720398,-0.15167582035064697,0.5790252089500427,0.1159450113773346,-0.81410813331604,0.3494809865951538,0.4632375240325928,-0.3263554573059082,0.7175538539886475,0.05908404290676117,-1.0463627576828003
0.4551758749999989,0.0034223749999999996,133.0,3.2568532880167966,-1.1565832399650113,0.7169422674238712,-0.004349736027051183,-0.00026106667942543064,-0.0022199038423960623,0.06817917493369346,-0.07558774948120117,0.1732787787914276,-0.15111783146858215,0.5455971956253052,0.11408290266990662,-0.7896099090576172,0.3813873827457428,0.4669683873653412,-0.2696700692176819,0.7435667514801025,0.062235720455646515,-1.0166206359863281
0.4551758749999989,0.0034223749999999996,133.0,3.2448817362708713,-1.1448373725803156,0.7169329887599231,-0.004228221062508026,-0.0002626600836980911,-0.0021548450483420086,0.06817173470322746,-0.07834646105766296,0.16857601702213287,-0.14925295114517212,0.5100564956665039,0.10478971153497696,-0.7560563087463379,0.40155792236328125,0.4695413112640381,-0.22481922805309296,0.769085168838501,0.08337000012397766,-0.9836114048957825
0.4551758749999989,0.0034223749999999996,133.0,3.23213608808534,-1.132225966406983,0.7167513886853972,-0.004105673793852481,-0.0002617037293634782,-0.0020848808996178966,0.06816717705439716,-0.08062252402305603,0.1638452410697937,-0.14679110050201416,0.47533249855041504,0.09587054699659348,-0.7186586856842041,0.41754159331321716,0.4705256521701813,-0.17663468420505524,0.7899672985076904,0.10614991933107376,-0.9498319625854492
0.4551758749999989,0.0034223749999999996,133.0,3.2187583181768358,-1.1187057807311707,0.7165118170541557,-0.003998060211775742,-0.00025565364329119955,-0.002026912034460202,0.06817160201372234,-0.08162710070610046,0.15924715995788574,-0.142757385969162,0.43475812673568726,0.07622361183166504,-0.6705529689788818,0.414591908454895,0.4706687927246094,-0.15872013568878174,0.8150033950805664,0.17328323423862457,-0.9093947410583496
0.4551758749999989,0.0034223749999999996,133.0,3.2045319574328595,-1.1042744508052162,0.7162384302964134,-0.003861114259197167,-0.00024532253137541363,-0.0019548203646574344,0.06817707134685626,-0.08169299364089966,0.1545562595129013,-0.13831448554992676,0.3967406749725342,0.05334531515836716,-0.622636079788208,0.40662121772766113,0.4721609652042389,-0.15246281027793884,0.8373372554779053,0.2503417134284973,-0.8728719353675842
0.4551758749999989,0.0034223749999999996,133.0,3.1892150270447024,-1.0889329442020657,0.716012899258751,-0.0036876003316640648,-0.00023975790012745803,-0.0018669799092836004,0.0681715115933549,-0.08299234509468079,0.15167775750160217,-0.13504129648208618,0.36686980724334717,0.04202532395720482,-0.5599086284637451,0.39629802107810974,0.46893173456192017,-0.12363304942846298,0.8544886112213135,0.27066296339035034,-0.8397414088249207
0.4551758749999989,0.0034223749999999996,133.0,3.1730307592929674,-1.0726419071757693,0.7157561846604379,-0.0035264478144887723,-0.00022960212453218489,-0.001783039744148305,0.06816704345775156,-0.08341103792190552,0.15041428804397583,-0.1327352225780487,0.34412795305252075,0.0300864540040493,-0.49816036224365234,0.37286636233329773,0.4600965976715088,-0.11300955712795258,0.868255615234375,0.29260507225990295,-0.8081467747688293
0.4551758749999989,0.0034223749999999996,133.0,3.1559567485888516,-1.0556754519725333,0.7156821902426997,-0.0033416828406904638,-0.00022149626488156054,-0.001690542220126578,0.06815965054981754,-0.08415523171424866,0.14842627942562103,-0.1307227611541748,0.32359758019447327,0.02478637918829918,-0.43653059005737305,0.3588916063308716,0.45649832487106323,-0.09678558260202408,0.8797159194946289,0.30162137746810913,-0.7840284109115601
0.4551758749999989,0.0034223749999999996,133.0,3.1381498608785527,-1.0376111264193413,0.715412988022461,-0.0031654815694145875,-0.00020568384317022119,-0.0016043237307760282,0.0681602267788845,-0.08133077621459961,0.1470862329006195,-0.1324062943458557,0.31726107001304626,0.020224571228027344,-0.43724775314331055,0.3552611470222473,0.44494467973709106,-0.0748816728591919,0.8676643371582031,0.30457958579063416,-0.7660546898841858
0.4551758749999989,0.0034223749999999996,133.0,3.1192634883105796,-1.0188061455128976,0.7152606616573968,-0.0029843664724815474,-0.00019885402810477831,-0.0015115600049258496,0.06814741047550853,-0.08036202192306519,0.14636074006557465,-0.13464179635047913,0.3127560019493103,0.025651827454566956,-0.42209553718566895,0.3547978699207306,0.43312788009643555,-0.026594091206789017,0.8547422885894775,0.2660009562969208,-0.7496458292007446
0.4551758749999989,0.0034223749999999996,133.0,3.0996605061808,-0.9992587662143817,0.7150864151984149,-0.002821577259662374,-0.0001923400955619594,-0.0014298226971804274,0.0681387980427207,-0.07933363318443298,0.14595231413841248,-0.13666000962257385,0.3096597194671631,0.026617202907800674,-0.4118931293487549,0.35565832257270813,0.42370688915252686,0.0021793865598738194,0.8452179431915283,0.24695652723312378,-0.7370819449424744
0.4551758749999989,0.0034223749999999996,133.0,3.0792579317864948,-0.9787908484672575,0.7148879164341793,-0.002607520974388814,-0.0001784969313909867,-0.0013232475762672599,0.06813280400149858,-0.0785919725894928,0.14510615170001984,-0.13801825046539307,0.3055449426174164,0.02684520184993744,-0.4026765823364258,0.3577301800251007,0.4174751043319702,0.02299344539642334,0.8393697738647461,0.24031463265419006,-0.7267086505889893
0.4551758749999989,0.0034223749999999996,133.0,3.057968210919476,-0.958234770900609,0.7150915227881632,-0.0023951753397824338,-0.00017147992770537022,-0.0012165306747093652,0.06812319700591479,-0.07881307601928711,0.14039666950702667,-0.13691166043281555,0.2869190275669098,0.03488676995038986,-0.36670637130737305,0.3646998703479767,0.42380720376968384,0.06880056858062744,0.8374824523925781,0.23272264003753662,-0.7143727540969849
0.4551758749999989,0.0034223749999999996,133.0,3.0358317454234633,-0.9360455585785683,0.7148373977338743,-0.002193918005769703,-0.00015683161694871056,-0.0011149600581301222,0.06811594896073199,-0.07881113886833191,0.14109115302562714,-0.138802170753479,0.2879502475261688,0.033044587820768356,-0.3638758659362793,0.3678072988986969,0.41726812720298767,0.07468613982200623,0.8348219394683838,0.23113703727722168,-0.7088881731033325
0.4551758749999989,0.0034223749999999996,133.0,3.0127062481719915,-0.912898824470333,0.7145118596462937,-0.0019937593178018906,-0.000144825760101354,-0.0010129036936784492,0.06810193852396385,-0.08015981316566467,0.14271146059036255,-0.14078184962272644,0.2912251949310303,0.034609246999025345,-0.3567934036254883,0.374360054731369,0.4119177758693695,0.08472239971160889,0.8345754146575928,0.2180165946483612,-0.7068638205528259
0.4551758749999989,0.0034223749999999996,133.0,2.9886622947196853,-0.8886335532293801,0.7139927895295128,-0.0018336263263253746,-0.00013469395983833419,-0.0009307551026658946,0.06808584172717644,-0.08216223120689392,0.14633996784687042,-0.14379441738128662,0.3014823794364929,0.03585386648774147,-0.35785436630249023,0.38039126992225647,0.4021238088607788,0.0892602801322937,0.8350117206573486,0.1966586709022522,-0.7073909044265747
0.4551758749999989,0.0034223749999999996,133.0,2.9639806606280046,-0.8638286925810932,0.7137181824049088,-0.0016361640208542004,-0.0001194244208034191,-0.0008326045345865066,0.06807677823553407,-0.0832853615283966,0.1484670341014862,-0.14549583196640015,0.30565500259399414,0.03220069408416748,-0.35917162895202637,0.3843935430049896,0.39649832248687744,0.07842380553483963,0.8397512435913086,0.2032499611377716,-0.7060045599937439
0.4551758749999989,0.0034223749999999996,133.0,2.93841609224168,-0.8384901416452673,0.7136632379495794,-0.0014533467551371606,-0.00010992047354757299,-0.000741794247784848,0.06806326555450172,-0.08471864461898804,0.1482151597738266,-0.1462257206439972,0.3008323907852173,0.033993180841207504,-0.34290623664855957,0.3925335109233856,0.39727020263671875,0.09047861397266388,0.8438434600830078,0.2036510556936264,-0.7020033001899719
0.4551758749999989,0.0034223749999999996,133.0,2.912110564073359,-0.8125689030238905,0.7135833249820505,-0.0012731252373451173,-9.909379818002092e-5,-0.0006502957973628599,0.06805338874724166,-0.08578577637672424,0.14664296805858612,-0.1466820240020752,0.29215240478515625,0.03701971098780632,-0.32193422317504883,0.40190237760543823,0.40022653341293335,0.11160296201705933,0.8462038040161133,0.2050590217113495,-0.6963026523590088
0.4551758749999989,0.0034223749999999996,133.0,2.88502464496309,-0.7856004474878902,0.7133497378911863,-0.0011238039602642156,-8.959421994011803e-5,-0.0005741492592055703,0.0680438952410139,-0.08637166023254395,0.14636600017547607,-0.14813151955604553,0.28828713297843933,0.03714907914400101,-0.30747342109680176,0.410067081451416,0.3981863856315613,0.12945562601089478,0.8454272747039795,0.20006464421749115,-0.6904045939445496
0.4551758749999989,0.0034223749999999996,133.0,2.8572517933896036,-0.7578765580987354,0.7131090871557735,-0.0009905896578602511,-7.998086810575196e-5,-0.0005064171372583796,0.06804012589836331,-0.0859830379486084,0.14568841457366943,-0.14968407154083252,0.28380686044692993,0.033524468541145325,-0.29810023307800293,0.41619718074798584,0.39504560828208923,0.14129042625427246,0.842923641204834,0.2040959596633911,-0.6827760934829712
0.4551758749999989,0.0034223749999999996,133.0,2.828411679394089,-0.72932625183289,0.712849314653668,-0.0008180446031388435,-6.76908845655763e-5,-0.0004173103928094987,0.0680290516321952,-0.08716374635696411,0.14481781423091888,-0.15104049444198608,0.27823010087013245,0.037304677069187164,-0.2778921127319336,0.4259052574634552,0.39512431621551514,0.17262518405914307,0.8421492576599121,0.1924436092376709,-0.6772677898406982
0.4551758749999989,0.0034223749999999996,133.0,2.798752846165627,-0.7000393642655126,0.7126865668757778,-0.0006868190952575196,-5.885104959934689e-5,-0.0003502423864863498,0.06801815467378353,-0.08829721808433533,0.143442764878273,-0.1519353687763214,0.2699075937271118,0.041001949459314346,-0.25445127487182617,0.4369466006755829,0.3980701267719269,0.20145805180072784,0.8427267074584961,0.18784727156162262,-0.6718957424163818
0.4551758749999989,0.0034223749999999996,133.0,2.7682085315283045,-0.6696935838355916,0.7124500905803922,-0.0005155483370508545,-4.54073472737955e-5,-0.0002632530557979897,0.06800452309540604,-0.08976772427558899,0.14364659786224365,-0.15331292152404785,0.2664434015750885,0.042468369007110596,-0.2384788990020752,0.4469412565231323,0.3975259065628052,0.21587669849395752,0.8461222648620605,0.18544110655784607,-0.6679267287254333
0.4551758749999989,0.0034223749999999996,133.0,2.7368701887445894,-0.6381928169032415,0.7120770067346948,-0.0003238661427759693,-2.8274025346963746e-5,-0.00016559610664403494,0.06799268639135347,-0.09096428751945496,0.1459944248199463,-0.15569660067558289,0.27109307050704956,0.03910593315958977,-0.2390425205230713,0.4517967998981476,0.38881826400756836,0.21003267168998718,0.8511781692504883,0.18519994616508484,-0.6639167666435242
0.4551758749999989,0.0034223749999999996,133.0,2.7046250198103294,-0.6059486076628287,0.7117626910244998,-0.0001513614681213028,-1.340966415740446e-5,-7.76255253899641e-5,0.06797686403483254,-0.09271815419197083,0.14773839712142944,-0.1576550006866455,0.27271008491516113,0.039523594081401825,-0.23188257217407227,0.45937612652778625,0.3834814727306366,0.21204392611980438,0.857440710067749,0.18244360387325287,-0.6602511405944824
0.4551758749999989,0.0034223749999999996,133.0,2.6715571952587776,-0.5734622399323481,0.7116770885873278,1.6778957036851695e-5,1.5582604128115066e-6,8.645577894869634e-6,0.06796314615594304,-0.09448251128196716,0.1457681506872177,-0.15812236070632935,0.26127299666404724,0.04619360342621803,-0.20787930488586426,0.47155115008354187,0.3898674547672272,0.23251910507678986,0.8638439178466797,0.19190330803394318,-0.6552475094795227
0.4551758749999989,0.0034223749999999996,133.0,2.637618102569012,-0.5397576172252692,0.7114085808491587,0.00018536088572853305,1.7666304117733492e-5,9.565941081550172e-5,0.06794724217306543,-0.09643390774726868,0.14615555107593536,-0.1597655713558197,0.257782906293869,0.04863306134939194,-0.1913285255432129,0.48348188400268555,0.3895518183708191,0.24665825068950653,0.8695662021636963,0.18959401547908783,-0.6514936685562134
0.4551758749999989,0.0034223749999999996,133.0,2.602730335089833,-0.5048374961274751,0.7109108834206158,0.0003680938794953584,3.55495526421815e-5,0.00019009661332962052,0.0679267215717912,-0.09905987977981567,0.14889605343341827,-0.16262775659561157,0.2629490792751312,0.04896998777985573,-0.18481183052062988,0.4939354956150055,0.3822833299636841,0.2522578835487366,0.8769726753234863,0.17779295146465302,-0.649461030960083
0.4551758749999989,0.0034223749999999996,133.0,2.567058515466131,-0.4694435386879679,0.7106254246694441,0.0005117764949480499,5.0707811339043016e-5,0.00026482032160461347,0.06790916895145717,-0.10144296288490295,0.14949513971805573,-0.16433870792388916,0.25949662923812866,0.051402587443590164,-0.16792988777160645,0.5069526433944702,0.3826562166213989,0.2645000219345093,0.8851761817932129,0.17704762518405914,-0.6464493274688721
0.4551758749999989,0.0034223749999999996,133.0,2.5305796903974414,-0.4332385835005264,0.7103318874262307,0.0006738151499991236,6.854689720675078e-5,0.0003493250515569803,0.06789188747558528,-0.10368046164512634,0.14992974698543549,-0.16610804200172424,0.2556323707103729,0.05353867635130882,-0.15070152282714844,0.5201578736305237,0.38293951749801636,0.2784639894962311,0.8927967548370361,0.1758449524641037,-0.6429257392883301
0.4551758749999989,0.0034223749999999996,133.0,2.4933232365059053,-0.3962320766279379,0.7100415496554854,0.0008464062878112525,8.850766150670268e-5,0.0004395172841864715,0.06787564552201232,-0.10557174682617188,0.15008220076560974,-0.16794943809509277,0.25113993883132935,0.05505780130624771,-0.13317203521728516,0.5333306789398193,0.3830050826072693,0.29545384645462036,0.898848295211792,0.17364059388637543,-0.6385372877120972
0.4551758749999989,0.0034223749999999996,133.0,2.455316434116113,-0.3584537780650037,0.7097220062057596,0.0010423693256946785,0.00011246940955783125,0.0005421634765623409,0.06786132388297283,-0.10697734355926514,0.1498163789510727,-0.16993537545204163,0.2460305392742157,0.054799508303403854,-0.11603665351867676,0.5466527938842773,0.38300803303718567,0.31516262888908386,0.9027483463287354,0.17189151048660278,-0.6334496140480042
0.4551758749999989,0.0034223749999999996,133.0,2.4165115136935253,-0.3198578636225384,0.7094222566679526,0.001228450180871876,0.00013649609655398914,0.0006396182048653318,0.06784838187035264,-0.1081169843673706,0.14933772385120392,-0.17199894785881042,0.24048008024692535,0.05350237339735031,-0.09900856018066406,0.5602327585220337,0.3831707239151001,0.33673664927482605,0.9054675102233887,0.17002440989017487,-0.6280686259269714
0.4551758749999989,0.0034223749999999996,133.0,2.376748526297445,-0.28085570178350017,0.7092194238419488,0.0013487889734412775,0.00015837179909634108,0.0007029992475507558,0.06783610140795714,-0.11003857851028442,0.14629365503787994,-0.17317336797714233,0.22569580376148224,0.060441672801971436,-0.06891345977783203,0.5809786319732666,0.3944758176803589,0.3813229501247406,0.9089882373809814,0.17560040950775146,-0.62459397315979
0.4551758749999989,0.0034223749999999996,133.0,2.3361678803115495,-0.24056489190730185,0.7089163599856156,0.0015029560566981526,0.00018179280117982413,0.0007847808730787607,0.06782016356741533,-0.11189800500869751,0.1461801379919052,-0.1750623881816864,0.22069743275642395,0.061292558908462524,-0.05235409736633301,0.5968381762504578,0.39573875069618225,0.3994067311286926,0.915123701095581,0.17566269636154175,-0.6208951473236084
0.4551758749999989,0.0034223749999999996,133.0,2.2945508802825154,-0.1987629572392609,0.7082702074017221,0.0016533123525888408,0.00020349239778998598,0.0008652874100133454,0.06779280948581941,-0.114264577627182,0.14971992373466492,-0.1787717342376709,0.22990605235099792,0.0573568269610405,-0.052796125411987305,0.6077513098716736,0.3827001452445984,0.40267446637153625,0.9227681159973145,0.1568758487701416,-0.6171159148216248
0.4551758749999989,0.0034223749999999996,133.0,2.253243654707461,-0.15569919330703288,0.7106532109898586,0.0017946457668593337,0.00021157742108970088,0.0009460341117261709,0.0677135702043007,-0.11416107416152954,0.14724497497081757,-0.17986378073692322,0.21385638415813446,0.05359001085162163,-0.02964043617248535,0.6161871552467346,0.3894723057746887,0.411295622587204,0.9280343055725098,0.176508828997612,-0.607826828956604
0.4551758749999989,0.0034223749999999996,133.0,2.2098059950338755,-0.11272058464944791,0.7102100242330874,0.0018912549289098598,0.0002386786798586974,0.001001125951013947,0.06767975793032383,-0.1169431209564209,0.1418035626411438,-0.18149986863136292,0.19220635294914246,0.07140716165304184,0.010263681411743164,0.6512949466705322,0.4109589457511902,0.4934014081954956,0.9293417930603027,0.1827753782272339,-0.6076129078865051
0.4551758749999989,0.0034223749999999996,133.0,2.164883552643584,-0.06947874330111387,0.7103226357908841,0.0018635850966460755,0.0002499660362501968,0.0009976229668838567,0.06763970093019621,-0.13586008548736572,0.151634082198143,-0.1812935471534729,0.19608640670776367,0.10536939650774002,0.03559565544128418,0.6827253103256226,0.4244627356529236,0.4250361919403076,1.0317697525024414,0.1991431564092636,-0.6255133152008057
0.4551758749999989,0.0034223749999999996,133.0,2.115758415605662,-0.018976994934665512,0.7068253301635826,0.0017456677117667575,0.00011463710724033439,0.0009760953432415408,0.0674795160554552,-0.18602529168128967,0.24770143628120422,-0.1838085651397705,0.4224214553833008,0.09170287847518921,0.0057184696197509766,0.23858869075775146,0.4088698625564575,-0.7895697355270386,1.5267763137817383,-0.06845679134130478,-0.8356006741523743
0.4551758749999989,0.0034223749999999996,133.0,2.06328706726808,0.03707505088475906,0.7079367814502374,0.00010258067584579469,-9.355932543433647e-6,6.11430718305771e-5,0.06696552501021391,-0.2642010748386383,0.33887237310409546,-0.15715762972831726,0.47856444120407104,-0.0632566511631012,0.37578392028808594,-0.37243127822875977,0.7945128679275513,-2.104766607284546,2.094700336456299,-0.1821589320898056,-1.2756562232971191
0.4551758749999989,0.0034223749999999996,133.0,2.102742667451647,0.06107423706845803,0.7088561598442001,-0.0017137480322586011,-0.00017866888126199837,-0.0010314249170002366,0.06637890323187601,-0.28441229462623596,0.15210877358913422,-0.15936946868896484,0.8148385882377625,-0.22860607504844666,0.42364954948425293,0.8171318769454956,-0.007830262184143066,-1.1257503032684326,1.8650808334350586,-0.007863294333219528,-0.8070262670516968
0.4551758749999989,0.0034223749999999996,133.0,2.136672727743852,0.11123366934287243,0.7170284822373613,-0.001969568694778555,5.6693709383234094e-5,-0.0011745030692294435,0.06548384527799284,-0.35547223687171936,0.19092808663845062,-0.06752514839172363,1.205512285232544,-0.5920379161834717,0.6280050277709961,0.2848782539367676,0.13003721833229065,-1.774471640586853,2.0798659324645996,0.3616206645965576,-1.3355693817138672
0.4551758749999989,0.0034223749999999996,133.0,2.171887770245549,0.16023798971234504,0.7263101921559494,-0.002015984710677693,0.0002174296336172296,-0.0011204292841189437,0.06493160704852272,-0.4117659032344818,0.22303907573223114,0.0019184648990631104,1.4232968091964722,-1.0481902360916138,0.6791603565216064,-0.14393819868564606,0.3180304765701294,-2.0308516025543213,2.0874853134155273,0.5075585246086121,-1.7419058084487915
0.4551758749999989,0.0034223749999999996,133.0,2.2131100609820558,0.20561446646501869,0.7290742462956084,-0.0019190085180869247,0.0002264091249463769,-0.0010326341384380622,0.06481431680461634,-0.4120427072048187,0.23160803318023682,0.024118542671203613,1.513188362121582,-1.0788253545761108,0.6554899215698242,-0.19331178069114685,0.29686927795410156,-2.0549476146698,1.9956707954406738,0.5640127658843994,-1.810800552368164
0.4551758749999989,0.0034223749999999996,133.0,2.2545701322793033,0.24877615887120483,0.7305565357081477,-0.0017642689712221396,0.00021567049447034474,-0.0009311750493421095,0.06476822232460092,-0.4141600430011749,0.2354944944381714,0.03087952733039856,1.531237244606018,-1.1187198162078857,0.6624618768692017,-0.19552193582057953,0.3060833811759949,-2.0664782524108887,1.9626226425170898,0.60023432970047,-1.838256597518921
0.4551758749999989,0.0034223749999999996,133.0,2.2954893168473367,0.290501081658622,0.7311003992121891,-0.0015681397310734247,0.00019071651025164192,-0.0008185822229346174,0.06476883434100933,-0.41382166743278503,0.23786421120166779,0.03591185808181763,1.5502095222473145,-1.131726622581482,0.6665606498718262,-0.17517457902431488,0.3012288510799408,-2.0741405487060547,1.9239535331726074,0.6397711634635925,-1.852571725845337
0.4551758749999989,0.0034223749999999996,133.0,2.3357063304305457,0.3313031363614597,0.7313140654077038,-0.0014788283484012707,0.0001741307359216868,-0.0007657951426664197,0.0647650452664141,-0.4158981740474701,0.23991087079048157,0.03589943051338196,1.54384183883667,-1.158697247505188,0.6866804361343384,-0.13536082208156586,0.3131924867630005,-2.0874054431915283,1.9092230796813965,0.6672283411026001,-1.8584709167480469
0.4551758749999989,0.0034223749999999996,133.0,2.3753051173378927,0.3713397123118383,0.7321162754256271,-0.0012695184388502535,0.00014760590580525858,-0.0006473696396365183,0.06473944294231966,-0.4165574014186859,0.2420394867658615,0.04090315103530884,1.5621628761291504,-1.1758666038513184,0.6952193975448608,-0.12068724632263184,0.31002077460289,-2.094207525253296,1.8748183250427246,0.7014294862747192,-1.8737800121307373
0.4551758749999989,0.0034223749999999996,133.0,2.4139970784006772,0.4104922528835425,0.7328667044565529,-0.0011081881073349102,0.00012694878074091565,-0.0005570008728702217,0.06472523461378764,-0.4145123064517975,0.24381306767463684,0.049792319536209106,1.6015890836715698,-1.170243740081787,0.6893121004104614,-0.11545190215110779,0.2868778109550476,-2.0946855545043945,1.8234796524047852,0.7464713454246521,-1.8900959491729736
0.4551758749999989,0.0034223749999999996,133.0,2.4517107004267906,0.4488053731183168,0.7334029190703253,-0.0009032406998239463,0.00010200260770303461,-0.00044871291188644297,0.06471461600429186,-0.4150950014591217,0.24571911990642548,0.05487319827079773,1.6189370155334473,-1.1885313987731934,0.695245623588562,-0.10161930322647095,0.28373217582702637,-2.102692127227783,1.788632869720459,0.7827647924423218,-1.9044678211212158
0.4551758749999989,0.0034223749999999996,133.0,2.4886066002183775,0.4862456703053217,0.7338952651417323,-0.0007204755836105105,8.008070738456857e-5,-0.00035402684669817264,0.06470573445618737,-0.4156006872653961,0.2474394142627716,0.059682369232177734,1.6354517936706543,-1.2042508125305176,0.7003453969955444,-0.0876678079366684,0.2796436846256256,-2.1091175079345703,1.7554287910461426,0.8176679015159607,-1.917050838470459
0.4551758749999989,0.0034223749999999996,133.0,2.5246690624285035,0.5228318937265234,0.7343646582186623,-0.0005453625431325078,5.961695069120921e-5,-0.0002652123315969755,0.06469681523767201,-0.416111558675766,0.24897834658622742,0.06402263045310974,1.6508005857467651,-1.2166346311569214,0.7051374912261963,-0.07325722277164459,0.27460813522338867,-2.1140289306640625,1.7250022888183594,0.8498082160949707,-1.927506923675537
0.4551758749999989,0.0034223749999999996,133.0,2.5599053796798663,0.5585489839120559,0.7347592255188671,-0.00037555928250144533,4.0284684786660674e-5,-0.00018094014352071662,0.06468926787561724,-0.41656437516212463,0.2503446936607361,0.06787362694740295,1.6648725271224976,-1.2248460054397583,0.7092368602752686,-0.058664415031671524,0.26851895451545715,-2.1166164875030518,1.6974663734436035,0.8792550563812256,-1.9356136322021484
0.4551758749999989,0.0034223749999999996,133.0,2.5942770008229963,0.5934256993960351,0.7351449805769914,-0.0002110239458374912,2.2200081757260112e-5,-0.00010081359769369198,0.06467936565090972,-0.4171229302883148,0.2516114115715027,0.07128378748893738,1.6780625581741333,-1.2285304069519043,0.71275794506073,-0.04516604170203209,0.2614140808582306,-2.1171178817749023,1.6737618446350098,0.9048342108726501,-1.9417998790740967
0.4551758749999989,0.0034223749999999996,133.0,2.6272314031038575,0.6275434229409443,0.7350178499683697,-6.29503270437461e-5,6.470851407325502e-6,-3.0038630297971675e-5,0.06467349466344015,-0.42116305232048035,0.25398483872413635,0.07032713294029236,1.667534351348877,-1.2540758848190308,0.7384405136108398,-0.019963769242167473,0.2767253518104553,-2.12855863571167,1.673741340637207,0.9124643802642822,-1.9468183517456055
0.4551758749999989,0.0034223749999999996,133.0,2.6593292970048767,0.6608959241991277,0.7353033960270243,0.00013613524098482653,-1.391833435821948e-5,6.460534911079208e-5,0.06465072798919624,-0.4250968396663666,0.2562924921512604,0.0720231831073761,1.6701371669769287,-1.274163007736206,0.7566146850585938,-0.013535378500819206,0.28499871492385864,-2.1350557804107666,1.6680006980895996,0.9187634587287903,-1.957812786102295
0.4551758749999989,0.0034223749999999996,133.0,2.6919204086830373,0.6912401755594851,0.7335894510996857,0.000321353017319261,-3.143630664593421e-5,0.00015010620144135118,0.06480943824417541,-0.4205861985683441,0.2558681070804596,0.0796150267124176,1.6921586990356445,-1.2785651683807373,0.725587010383606,-0.03460095450282097,0.27152928709983826,-2.1127560138702393,1.6181724071502686,0.966528594493866,-1.9663493633270264
0.4551758749999989,0.0034223749999999996,133.0,2.7224267517480634,0.722896311614477,0.7338888843518567,0.000508892833554235,-4.9457460344043475e-5,0.00023618988441645022,0.06479484694224892,-0.4243796765804291,0.25803765654563904,0.08188214898109436,1.6945914030075073,-1.307142734527588,0.7449136972427368,-0.022658774629235268,0.28121358156204224,-2.125615358352661,1.6068816184997559,0.9830098152160645,-1.9786417484283447
0.4551758749999989,0.0034223749999999996,133.0,2.7528387346578573,0.7535824765858637,0.734808949680279,0.0007327813944376441,-6.987827517463886e-5,0.0003351936004751639,0.06476635984148538,-0.42359283566474915,0.25877994298934937,0.08874383568763733,1.727813482284546,-1.2946959733963013,0.7380039691925049,-0.011306144297122955,0.2552940547466278,-2.132901191711426,1.5717041492462158,1.021274209022522,-1.9859521389007568
0.4551758749999989,0.0034223749999999996,133.0,2.7824569891837467,0.7833499377642231,0.7354821949184754,0.0008935615167605339,-8.299467929635673e-5,0.00040383440484476166,0.06475228735777995,-0.4226711094379425,0.25911232829093933,0.09394052624702454,1.7515848875045776,-1.287269115447998,0.7329281568527222,0.007093999534845352,0.23423317074775696,-2.13863468170166,1.5389940738677979,1.0607125759124756,-1.988729476928711
0.4551758749999989,0.0034223749999999996,133.0,2.8111681363596404,0.8123282211042459,0.7365519217958333,0.001099869817070893,-0.00010261491588048673,0.0004898699273158564,0.06472691872021516,-0.4222864806652069,0.25964200496673584,0.10175874829292297,1.7837533950805664,-1.2842216491699219,0.7196089029312134,-0.0027583250775933266,0.21468746662139893,-2.1367645263671875,1.5047385692596436,1.09403657913208,-2.0012693405151367
0.4551758749999989,0.0034223749999999996,133.0,2.8385678387088134,0.8404972323705526,0.736759114692259,0.001257968878147993,-0.00011640742255216906,0.0005572154481654392,0.06472512546652413,-0.4249831736087799,0.26104652881622314,0.10306665301322937,1.7808727025985718,-1.3128010034561157,0.7358914613723755,0.01427161879837513,0.22452637553215027,-2.146726608276367,1.4916815757751465,1.115497350692749,-2.00844669342041
0.4551758749999989,0.0034223749999999996,133.0,2.865466119962933,0.8677533977067614,0.7373642644795207,0.001435804626679206,-0.00013200255777109595,0.0006296810491915051,0.06471370631809588,-0.42583492398262024,0.26178568601608276,0.10713240504264832,1.795919418334961,-1.3180760145187378,0.7358726263046265,0.022880680859088898,0.2153683602809906,-2.1516265869140625,1.4690368175506592,1.1416996717453003,-2.014409065246582
0.4551758749999989,0.0034223749999999996,133.0,2.891810286384221,0.894031300298354,0.7376645273567691,0.0016483019635300767,-0.0001466611507343462,0.0007173477408021229,0.06471374510108492,-0.4252326190471649,0.2619698941707611,0.11021897196769714,1.8103193044662476,-1.3123226165771484,0.7339507341384888,0.04363180324435234,0.19917547702789307,-2.157683849334717,1.4441709518432617,1.1726953983306885,-2.012721538543701
0.4551758749999989,0.0034223749999999996,133.0,2.91709111993418,0.9195834669423075,0.7380918111983122,0.0018647452874335636,-0.0001645414286753495,0.0008056235731045062,0.06470302808163093,-0.4253942668437958,0.26259052753448486,0.11496356129646301,1.8295553922653198,-1.3093050718307495,0.7257440090179443,0.03820521757006645,0.1871301233768463,-2.155954360961914,1.4234709739685059,1.193174123764038,-2.0198721885681152
0.4551758749999989,0.0034223749999999996,133.0,2.9412302860136226,0.9443563893199907,0.7383252964984436,0.0021048111972242086,-0.00018411251110719246,0.0009044837401403231,0.06469563697164965,-0.4267388880252838,0.2633756399154663,0.119871586561203,1.8442096710205078,-1.32206130027771,0.7197883129119873,0.021002110093832016,0.18528392910957336,-2.1503238677978516,1.4039690494537354,1.2071832418441772,-2.0326461791992188
0.4551758749999989,0.0034223749999999996,133.0,2.9645581536901817,0.9682642276015136,0.7383826730179442,0.002282338999263229,-0.00019743462524437087,0.0009776955008966312,0.06469468108297602,-0.42879530787467957,0.2643989026546478,0.1207667887210846,1.8435243368148804,-1.3377376794815063,0.7302302122116089,0.03144054859876633,0.19000959396362305,-2.1548750400543213,1.3951478004455566,1.2198206186294556,-2.036827802658081
0.4551758749999989,0.0034223749999999996,133.0,2.986966411911571,0.9913653071632863,0.7383471573334255,0.002508045333624427,-0.00021295103618624195,0.001071913586319032,0.06469305904197344,-0.4309786856174469,0.2655723989009857,0.12061676383018494,1.8390318155288696,-1.3533092737197876,0.7454777956008911,0.04944506287574768,0.19577214121818542,-2.163346290588379,1.3889551162719727,1.2315964698791504,-2.0382888317108154
0.4551758749999989,0.0034223749999999996,133.0,3.008862001263837,1.0135372054731047,0.7386847594588473,0.0027387355242205987,-0.0002309032407422866,0.001163381224717979,0.0646870175480588,-0.4304405748844147,0.265658974647522,0.12323769927024841,1.8528228998184204,-1.343272089958191,0.742057204246521,0.0631571039557457,0.17983001470565796,-2.1675801277160645,1.3707294464111328,1.2545472383499146,-2.0361785888671875
0.4551758749999989,0.0034223749999999996,133.0,3.029741795649289,1.0349671808137544,0.7387306775851732,0.0029810241125164346,-0.00024734319328582964,0.0012625618261144587,0.06468253078735234,-0.4322725832462311,0.26668354868888855,0.12341418862342834,1.8494479656219482,-1.3587292432785034,0.7552922964096069,0.07694263756275177,0.18498244881629944,-2.1753690242767334,1.3631706237792969,1.2671400308609009,-2.038127899169922
0.4551758749999989,0.0034223749999999996,133.0,3.0502371646386655,1.0554435313060924,0.7397153301540349,0.003231676516820467,-0.0002733791021178351,0.0013511461220125473,0.06465533502301213,-0.4320690333843231,0.26713770627975464,0.12856808304786682,1.8731231689453125,-1.3450884819030762,0.7415300607681274,0.0673426166176796,0.16714978218078613,-2.176259994506836,1.3468255996704102,1.2850152254104614,-2.0438554286956787
0.4551758749999989,0.0034223749999999996,133.0,3.06955386818369,1.075241050521075,0.7403451321678605,0.0034250560147363546,-0.0002901104154515124,0.001422368812174091,0.06463944660345534,-0.4340324103832245,0.26800861954689026,0.13044336438179016,1.8774352073669434,-1.3558738231658936,0.7475532293319702,0.07108578085899353,0.16725808382034302,-2.183257818222046,1.3380591869354248,1.297372579574585,-2.048363208770752
0.4551758749999989,0.0034223749999999996,133.0,3.088252350560565,1.094069476929017,0.7410567001893441,0.0036454862392134913,-0.00030897036192626933,0.0015000566781891663,0.06462162274671218,-0.43260660767555237,0.26758936047554016,0.13622316718101501,1.903009057044983,-1.3378297090530396,0.7255102396011353,0.05985060706734657,0.14379379153251648,-2.1820802688598633,1.3152496814727783,1.3218008279800415,-2.050333261489868
0.4551758749999989,0.0034223749999999996,133.0,3.10544452637632,1.1121981002616237,0.7409054250838901,0.0038310024661131134,-0.0003285808552910138,0.001576517869569547,0.06462875684677975,-0.4346924126148224,0.2684652507305145,0.13652661442756653,1.8916231393814087,-1.3673491477966309,0.7373508214950562,0.058650173246860504,0.15902981162071228,-2.1920313835144043,1.3093903064727783,1.335930347442627,-2.054382801055908
0.4551758749999989,0.0034223749999999996,133.0,3.1225195129659458,1.1292950686519765,0.7412200263793093,0.00405306473267999,-0.0003430543835470195,0.001658360146652518,0.06462266006047904,-0.4327721893787384,0.2675309181213379,0.1414400041103363,1.9076553583145142,-1.360023856163025,0.7168651819229126,0.04844314604997635,0.14212161302566528,-2.194504499435425,1.2840120792388916,1.3679921627044678,-2.0534632205963135
0.4551758749999989,0.0034223749999999996,133.0,3.13841825322207,1.1456474757756565,0.7415226756270933,0.004248614177232218,-0.0003607587700836743,0.001729767121059663,0.06461658552340598,-0.43231913447380066,0.2669247090816498,0.1447071135044098,1.912982702255249,-1.3701541423797607,0.7094742059707642,0.041977573186159134,0.13807985186576843,-2.2010984420776367,1.2634468078613281,1.3956109285354614,-2.054809093475342
0.4551758749999989,0.0034223749999999996,133.0,3.1536408127887032,1.1610060954359271,0.7414657747089861,0.0044418986372257805,-0.00037382062353085674,0.0018008307109921952,0.06462261153102704,-0.43093666434288025,0.2658211290836334,0.14713653922080994,1.9090251922607422,-1.389614462852478,0.7034270763397217,0.038622014224529266,0.1401720941066742,-2.2114663124084473,1.2396392822265625,1.4343090057373047,-2.053091287612915
0.4551758749999989,0.0034223749999999996,133.0,3.168098920332757,1.1756004240722866,0.741730530061293,0.004594860631750149,-0.0003853635182461926,0.0018529624904543975,0.06462329530216901,-0.42586109042167664,0.26240479946136475,0.1510450541973114,1.9086376428604126,-1.3940932750701904,0.679145336151123,0.019856702536344528,0.13355162739753723,-2.2062268257141113,1.2025129795074463,1.4829347133636475,-2.04606032371521
0.4551758749999989,0.0034223749999999996,133.0,3.1815772980401,1.1893456261968887,0.742037587623003,0.004731732266854131,-0.00040478099021390863,0.0018967776090226861,0.06463097217392334,-0.4168862998485565,0.25626903772354126,0.15445545315742493,1.8998565673828125,-1.3905404806137085,0.6448228359222412,-0.007867315784096718,0.12590840458869934,-2.185974359512329,1.1526517868041992,1.5418013334274292,-2.0295345783233643
0.4551758749999989,0.0034223749999999996,133.0,3.1947467199187756,1.2022420824540354,0.7428639774279329,0.004882006168846792,-0.00042022774672549964,0.001939408603082777,0.06462352981072585,-0.402092844247818,0.24720077216625214,0.16047033667564392,1.9104857444763184,-1.3346543312072754,0.5768274068832397,-0.04611922800540924,0.0862453281879425,-2.145045518875122,1.0852041244506836,1.6054060459136963,-2.0000574588775635
0.4551758749999989,0.0034223749999999996,133.0,3.2076432678260187,1.2139135373701213,0.7431328534690471,0.005040516424335594,-0.0004205434875064727,0.001983869361817569,0.06463118680631288,-0.384611576795578,0.23725102841854095,0.16854944825172424,1.9314651489257812,-1.2491317987442017,0.4852529764175415,-0.0906367301940918,0.027375251054763794,-2.089890241622925,1.0094130039215088,1.66380774974823,-1.9615099430084229
0.4551758749999989,0.0034223749999999996,133.0,3.2197313434001695,1.224829030763354,0.7437111406001068,0.005203848691793885,-0.00042333460295016965,0.0020275698013510588,0.06462929618045278,-0.37081167101860046,0.2294904887676239,0.1732684075832367,1.9379587173461914,-1.180462121963501,0.421567440032959,-0.10676704347133636,-0.01797252893447876,-2.0562126636505127,0.9500925540924072,1.7141780853271484,-1.922274112701416
0.4551758749999989,0.0034223749999999996,133.0,3.231088193364698,1.2349068903082296,0.7441648433188117,0.0053611213400661314,-0.0004184550778093462,0.002071032258818358,0.06462938912811882,-0.35796424746513367,0.22332389652729034,0.17951700091362,1.9574832916259766,-1.0930925607681274,0.350830078125,-0.12365967035293579,-0.07458996772766113,-2.023087978363037,0.8965573310852051,1.746703028678894,-1.884620189666748
0.4551758749999989,0.0034223749999999996,133.0,3.241374408247693,1.2442611205554739,0.7445181740504798,0.0055395940081052935,-0.0004153676807573251,0.0021271962653184517,0.06463428106736546,-0.34752753376960754,0.21796831488609314,0.1823594868183136,1.9583176374435425,-1.033989429473877,0.304166316986084,-0.12630246579647064,-0.1103447675704956,-2.004668951034546,0.8546304702758789,1.7816482782363892,-1.849454641342163
0.4551758749999989,0.0034223749999999996,133.0,3.2498414844746115,1.2550660875945368,0.7475154359626278,0.005798660544195535,-0.0004395334330124897,0.0022108605017175805,0.0644323851424829,-0.3390924632549286,0.21378180384635925,0.18311265110969543,1.95656156539917,-0.9625725150108337,0.275040864944458,-0.12704721093177795,-0.14264333248138428,-1.9994221925735474,0.8264410495758057,1.7942063808441162,-1.8150970935821533
0.4551758749999989,0.0034223749999999996,133.0,3.258736040635765,1.2626947443587422,0.7482591904588742,0.006074699300699773,-0.00045016783556360384,0.0022959738857983108,0.064423938298204,-0.3329016864299774,0.21099522709846497,0.1872970163822174,1.9678467512130737,-0.913823664188385,0.23554682731628418,-0.13379184901714325,-0.17433178424835205,-1.9869800806045532,0.7967038154602051,1.807921051979065,-1.7943744659423828
0.4551758749999989,0.0034223749999999996,133.0,3.266374096323532,1.2695543377149487,0.7484532747895003,0.006488700349237095,-0.0004683765376180145,0.0024388584144390195,0.06442948424638599,-0.3271373212337494,0.20921972393989563,0.19114354252815247,1.9796934127807617,-0.8630289435386658,0.19862580299377441,-0.13633927702903748,-0.20661556720733643,-1.978183388710022,0.7700400352478027,1.814652681350708,-1.7736155986785889
0.4551758749999989,0.0034223749999999996,133.0,3.2733253667264646,1.2756243905905835,0.7487173215844661,0.0071802899382195,-0.0005027654900174092,0.0026828314083888554,0.06442857820294765,-0.3205290734767914,0.20634250342845917,0.19305846095085144,1.9780933856964111,-0.8250579833984375,0.16894745826721191,-0.1396992802619934,-0.22654449939727783,-1.9694581031799316,0.7420532703399658,1.8280246257781982,-1.7519179582595825
0.4551758749999989,0.0034223749999999996,133.0,3.2793891796747703,1.2809282633470471,0.7487755320128232,0.008746656326279467,-0.0005998185280627405,0.003243444552414666,0.0644328885731508,-0.3136541545391083,0.20357578992843628,0.19505223631858826,1.976394534111023,-0.7907369136810303,0.1412968635559082,-0.14469309151172638,-0.2439349889755249,-1.9639983177185059,0.7090864181518555,1.8382298946380615,-1.7326874732971191
0.4551758749999989,0.0034223749999999996,133.0,3.284692953912169,1.2861446204061597,0.7491976943933362,0.0162947908033813,-0.0011687028799670584,0.005855503819631895,0.06439445609269241,-0.3076339066028595,0.20392166078090668,0.1992599070072174,1.994181513786316,-0.7756419777870178,0.12848496437072754,-0.16363634169101715,-0.24743413925170898,-2.001112461090088,0.6524438858032227,1.8262377977371216,-1.7469024658203125
0.4551758749999989,0.0034223749999999996,133.0,3.298717546548008,-1.2250828727797276,0.7047805823590024,-0.013773116919717715,-0.0005897104854202308,-0.007060619317270148,0.06826649577175185,-0.01779240369796753,0.12734432518482208,-0.17430618405342102,0.4642835855484009,0.13322989642620087,-0.8121590614318848,0.8248619437217712,0.3023780882358551,-0.11520537734031677,0.5317497253417969,0.1915809065103531,-0.7692160606384277
0.4551758749999989,0.0034223749999999996,133.0,3.294100301647529,-1.219956522774405,0.7054072588465335,-0.0074403278211783675,-0.00025098560904455574,-0.003815958956597223,0.06821623235644307,-0.017253518104553223,0.12923245131969452,-0.17230024933815002,0.448874831199646,0.08750109374523163,-0.7926092147827148,0.8360136151313782,0.3050692677497864,-0.10133030265569687,0.5564627647399902,0.1540163904428482,-0.7560930848121643
0.4551758749999989,0.0034223749999999996,133.0,3.2884741962994677,-1.2144398096227025,0.7054396191203046,-0.006114613171834472,-0.00020330179183224953,-0.003135446239160956,0.06819250757046058,-0.057841092348098755,0.1893298178911209,-0.14533156156539917,0.6324649453163147,0.09111464023590088,-0.8671417236328125,0.24248282611370087,0.4717406928539276,-0.4944646954536438,0.6579291820526123,0.1992872655391693,-1.1085476875305176
0.4551758749999989,0.0034223749999999996,133.0,3.2822416791402738,-1.2084643560367676,0.7054657828066695,-0.00553012362963786,-0.00018647770114010967,-0.0028358130182689913,0.06818318027353998,-0.061170876026153564,0.18792086839675903,-0.145736426115036,0.6143471002578735,0.09072332084178925,-0.8477802276611328,0.2573409378528595,0.4682249426841736,-0.4762818515300751,0.6795241832733154,0.1852400153875351,-1.0868192911148071
0.4551758749999989,0.0034223749999999996,133.0,3.274970172088317,-1.2015369810673895,0.705449134819989,-0.005191537829522289,-0.00018634267422328784,-0.0026620130891236303,0.06816686677687119,-0.06439182162284851,0.18477433919906616,-0.14645564556121826,0.594606876373291,0.09458031505346298,-0.8343236446380615,0.28019964694976807,0.46783900260925293,-0.4434032440185547,0.6984820365905762,0.17001163959503174,-1.0666499137878418
0.4551758749999989,0.0034223749999999996,133.0,3.266236872032227,-1.1954830801427698,0.7029112005335287,-0.004952511354890238,-0.0002376937710573535,-0.0025355438198463335,0.06823453143069412,-0.06623008847236633,0.18031913042068481,-0.14646944403648376,0.5705794095993042,0.09529171884059906,-0.8234546184539795,0.30453070998191833,0.4664130210876465,-0.40106964111328125,0.7125978469848633,0.16952306032180786,-1.0411534309387207
0.4551758749999989,0.0034223749999999996,133.0,3.257403090607598,-1.187263070170343,0.7029831213985466,-0.004756643929570607,-0.00024219368387263607,-0.0024365703304493223,0.06822265890872917,-0.07019087672233582,0.1764041632413864,-0.14627841114997864,0.5456182956695557,0.09745826572179794,-0.8020038604736328,0.32883328199386597,0.46764758229255676,-0.3552609980106354,0.7360823154449463,0.1557103991508484,-1.017380714416504
0.4551758749999989,0.0034223749999999996,133.0,3.2478201942088916,-1.1779787299201883,0.7028598975957974,-0.004610597665037383,-0.00024404946303774558,-0.002358515761203228,0.06821264749056417,-0.07317447662353516,0.17291727662086487,-0.14533734321594238,0.5186371803283691,0.09262555092573166,-0.7751748561859131,0.3456699848175049,0.46715444326400757,-0.3160395920276642,0.7582573890686035,0.1596638709306717,-0.9898537993431091
0.4551758749999989,0.0034223749999999996,133.0,3.237297851401323,-1.1678606718325728,0.7028431173219614,-0.004480972600137617,-0.0002499053544490244,-0.0022874500457739887,0.06819739079648772,-0.07640781998634338,0.1685931235551834,-0.1441059112548828,0.4911429286003113,0.09092997759580612,-0.7464547157287598,0.3673480749130249,0.46880048513412476,-0.2633204162120819,0.7786946296691895,0.15470725297927856,-0.963965117931366
0.4551758749999989,0.0034223749999999996,133.0,3.2260671596865604,-1.1571475519321068,0.7029719041208963,-0.004349427398072111,-0.00025638563659342503,-0.0022184148850478446,0.06818752686644554,-0.07955366373062134,0.16334959864616394,-0.14173144102096558,0.45919787883758545,0.08614085614681244,-0.7116234302520752,0.3883623480796814,0.4740262031555176,-0.21262457966804504,0.8015072345733643,0.16677364706993103,-0.9372267127037048
0.4551758749999989,0.0034223749999999996,133.0,3.2141089378349887,-1.1453786190782527,0.7029423680810083,-0.004228350466779404,-0.0002576486436873527,-0.0021524001550810453,0.06818082421903307,-0.08163395524024963,0.1592494249343872,-0.13883742690086365,0.427826851606369,0.07570476084947586,-0.6679775714874268,0.3973952531814575,0.47673505544662476,-0.17619098722934723,0.8218450546264648,0.19049575924873352,-0.9085421562194824
0.4551758749999989,0.0034223749999999996,133.0,3.2013783346870666,-1.1327430011935677,0.7027310578616006,-0.004106186071420382,-0.0002567619159432529,-0.0020813790689933683,0.06817755174781112,-0.084429532289505,0.15503638982772827,-0.13427013158798218,0.3924817740917206,0.06348750740289688,-0.6024520397186279,0.3967354893684387,0.4806258976459503,-0.1532042920589447,0.8489055633544922,0.2323073148727417,-0.8771165609359741
0.4551758749999989,0.0034223749999999996,133.0,3.1880075597806625,-1.1191991506256054,0.7024605373595666,-0.003998856778131804,-0.0002512403256168993,-0.0020224635422387066,0.06818334260784766,-0.08392459154129028,0.1516105830669403,-0.13173368573188782,0.3639954626560211,0.046537552028894424,-0.5507521629333496,0.3835498094558716,0.47553956508636475,-0.13915954530239105,0.8607072830200195,0.27531197667121887,-0.843502402305603
0.4551758749999989,0.0034223749999999996,133.0,3.1737780696345905,-1.1047485895691176,0.7021690506182652,-0.003862060047574514,-0.00024130204619451394,-0.0019499151545153465,0.06818959993040481,-0.08205384016036987,0.1480686068534851,-0.12998783588409424,0.34051892161369324,0.03016335517168045,-0.5132911205291748,0.3712623715400696,0.47045689821243286,-0.12893545627593994,0.8652520179748535,0.3166137933731079,-0.8148844242095947
0.4551758749999989,0.0034223749999999996,133.0,3.1584616674771064,-1.0893910491660108,0.7019269701208258,-0.0036885249040581668,-0.0002362049545773632,-0.0018618293937265457,0.06818551457331284,-0.08192020654678345,0.14622490108013153,-0.12919223308563232,0.3237231969833374,0.026564523577690125,-0.46233367919921875,0.35913753509521484,0.46257513761520386,-0.09870488196611404,0.8676588535308838,0.3075813353061676,-0.7901516556739807
0.4551758749999989,0.0034223749999999996,133.0,3.1422660441428762,-1.073089154367964,0.7016701424103647,-0.003527299309736121,-0.00022628981479992714,-0.001778019078044269,0.06818160771339798,-0.08002880215644836,0.14577457308769226,-0.13104957342147827,0.3182727098464966,0.02445591613650322,-0.44581031799316406,0.3494780957698822,0.4478483200073242,-0.06645465642213821,0.8563094139099121,0.2876105010509491,-0.7698754668235779
0.4551758749999989,0.0034223749999999996,133.0,3.1251796637227325,-1.056110849188313,0.7016012835289289,-0.0033424787413948442,-0.000218002122520932,-0.001685906137854044,0.06817402889988464,-0.07905003428459167,0.14444826543331146,-0.13203245401382446,0.3108869194984436,0.025819983333349228,-0.42881202697753906,0.3510986566543579,0.4412998855113983,-0.030800750479102135,0.8477303981781006,0.2670688331127167,-0.7558793425559998
0.4551758749999989,0.0034223749999999996,133.0,3.107355328081141,-1.0380340436627984,0.7013401800976816,-0.0031662643362556186,-0.00020220931195072902,-0.0016000176539951315,0.0681740682882757,-0.07685637474060059,0.14473077654838562,-0.13437196612358093,0.31132155656814575,0.020288608968257904,-0.4365413188934326,0.3458515703678131,0.42857861518859863,-0.025184549391269684,0.8384230136871338,0.2722978889942169,-0.7435480952262878
0.4551758749999989,0.0034223749999999996,133.0,3.088461260623282,-1.0192236577244962,0.7011970120427918,-0.0029850582411305943,-0.00019530619144357802,-0.0015076313266269312,0.06816126820289994,-0.07686600089073181,0.1438671350479126,-0.13571128249168396,0.30651795864105225,0.026017915457487106,-0.41809678077697754,0.34875744581222534,0.4226008355617523,0.01246720738708973,0.8312947750091553,0.24396592378616333,-0.7327291965484619
0.4551758749999989,0.0034223749999999996,133.0,3.068850724458325,-0.9996721138539443,0.7010304205937617,-0.0028222009063928006,-0.00018882876991965376,-0.0014262041472817564,0.06815263511937314,-0.07658565044403076,0.14412164688110352,-0.13749799132347107,0.30572569370269775,0.026338808238506317,-0.409879207611084,0.35096457600593567,0.4154483377933502,0.030220162123441696,0.8258895874023438,0.2310003638267517,-0.7247745990753174
0.4551758749999989,0.0034223749999999996,133.0,3.048443403637587,-0.9791986592977783,0.7008368881565825,-0.0026080939524201364,-0.0001751181264459804,-0.0013199409261379202,0.06814659781155816,-0.0764421820640564,0.14380083978176117,-0.13863298296928406,0.3033006489276886,0.025961577892303467,-0.40236878395080566,0.35425230860710144,0.4110555052757263,0.04256828874349594,0.8233959674835205,0.2290629744529724,-0.7179576754570007
0.4551758749999989,0.0034223749999999996,133.0,3.027151233061309,-0.9586288360297942,0.7010364007483657,-0.0023956802774493836,-0.0001681954956120308,-0.0012135435878976484,0.06813720029169905,-0.07714390754699707,0.1395605504512787,-0.13730010390281677,0.2862103581428528,0.033551864326000214,-0.36791276931762695,0.3620937466621399,0.418906569480896,0.08137742429971695,0.8239741325378418,0.22552528977394104,-0.7087001204490662
0.4551758749999989,0.0034223749999999996,133.0,3.0050143938566323,-0.9364405458165465,0.700787989336469,-0.0021943805873494994,-0.0001537624181488469,-0.0011122259412711813,0.06812999372773022,-0.07758980989456177,0.14061547815799713,-0.13896724581718445,0.28809475898742676,0.03084300458431244,-0.36650919914245605,0.36658474802970886,0.41385066509246826,0.08139743655920029,0.8240361213684082,0.22787624597549438,-0.7055704593658447
0.4551758749999989,0.0034223749999999996,133.0,2.9818974580422166,-0.9133028153689867,0.7004734940135671,-0.0019941519621858423,-0.0001418762566166264,-0.0010104435156201533,0.06811638059216792,-0.0791940689086914,0.1424415558576584,-0.14085814356803894,0.2916836738586426,0.03197360038757324,-0.3599510192871094,0.37378692626953125,0.4092910885810852,0.08814803510904312,0.8254384994506836,0.21689577400684357,-0.7046600580215454
0.4551758749999989,0.0034223749999999996,133.0,2.957854342782541,-0.8890414743416957,0.6999589004451827,-0.0018339867392855268,-0.00013194866563414872,-0.0009284825063233206,0.06810042066724055,-0.08134874701499939,0.14618375897407532,-0.1438550055027008,0.3019832372665405,0.033074747771024704,-0.3611412048339844,0.3801252245903015,0.3999297618865967,0.09089009463787079,0.8269121646881104,0.19661441445350647,-0.7056657671928406
0.4551758749999989,0.0034223749999999996,133.0,2.9331756075848783,-0.8642409511719996,0.699689607857619,-0.0016364941799036424,-0.00011695180119062781,-0.0008305503903285673,0.06809147197846649,-0.08255049586296082,0.14837317168712616,-0.1455426812171936,0.3062469959259033,0.02935291826725006,-0.36260390281677246,0.3842371106147766,0.3945198655128479,0.07901966571807861,0.8322160243988037,0.20371975004673004,-0.7045884132385254
0.4551758749999989,0.0034223749999999996,133.0,2.9076138198806936,-0.8389009118016816,0.6996363691620385,-0.0014536353856404746,-0.00010765905007345913,-0.0007399732310552802,0.06807823205760906,-0.08403089642524719,0.14816245436668396,-0.14627215266227722,0.30152857303619385,0.0311131551861763,-0.34647083282470703,0.3923990726470947,0.39542338252067566,0.09039367735385895,0.8366236686706543,0.20452925562858582,-0.7008246183395386
0.4551758749999989,0.0034223749999999996,133.0,2.8813093271627968,-0.8129745602103357,0.6995574195346688,-0.0012733741025679254,-9.704352001389453e-5,-0.0006487060030498897,0.06806858830437051,-0.08512797951698303,0.14661793410778046,-0.14673039317131042,0.2929464876651764,0.03411657363176346,-0.32561159133911133,0.4017505645751953,0.39846354722976685,0.11106613278388977,0.8391940593719482,0.2062254697084427,-0.6953075528144836
0.4551758749999989,0.0034223749999999996,133.0,2.8542232602621795,-0.7860044884404542,0.6993282650324749,-0.0011240174817100333,-8.772777340433985e-5,-0.0005727565400941942,0.06805929563799572,-0.0857434868812561,0.14636987447738647,-0.14818519353866577,0.2891528606414795,0.03418109938502312,-0.3112516403198242,0.40989065170288086,0.3965047001838684,0.12847307324409485,0.8386368751525879,0.20145656168460846,-0.6895633935928345
0.4551758749999989,0.0034223749999999996,133.0,2.826447065811642,-0.7582775277607002,0.6990926375371742,-0.000990776757816406,-7.830528450547131e-5,-0.0005051968471452908,0.0680555706993258,-0.08539077639579773,0.14572034776210785,-0.14973053336143494,0.2847437560558319,0.03049812838435173,-0.30194973945617676,0.41599273681640625,0.3934594392776489,0.13983272016048431,0.8364109992980957,0.2056930512189865,-0.6821029782295227
0.4551758749999989,0.0034223749999999996,133.0,2.7976084704155557,-0.7297247339200533,0.6988371393279296,-0.0008181935236704054,-6.624718079983271e-5,-0.0004163108934284153,0.06804476161180328,-0.0866023600101471,0.14487971365451813,-0.15110039710998535,0.27922531962394714,0.03422941267490387,-0.2818257808685303,0.4256785809993744,0.39361363649368286,0.1707954853773117,0.8358519077301025,0.19427670538425446,-0.6767295002937317
0.4551758749999989,0.0034223749999999996,133.0,2.7679508557180523,-0.700433962648609,0.698676736306728,-0.0006869400720851402,-5.759212950798735e-5,-0.000349411213521425,0.0680341485919771,-0.08776533603668213,0.1435268372297287,-0.15200337767601013,0.2709662914276123,0.03788793832063675,-0.2584867477416992,0.43670207262039185,0.3966401219367981,0.19926905632019043,0.8366501331329346,0.1899762898683548,-0.6715030670166016
0.4551758749999989,0.0034223749999999996,133.0,2.737409379185895,-0.6700880154573162,0.698444077673827,-0.0005156379613991822,-4.4434710113198856e-5,-0.00026262966204481573,0.06802081077063328,-0.08926352858543396,0.1437530219554901,-0.15338703989982605,0.2675620913505554,0.03930403292179108,-0.24262547492980957,0.446668803691864,0.3961814343929291,0.2132963389158249,0.8402769565582275,0.1878330409526825,-0.6676807403564453
0.4551758749999989,0.0034223749999999996,133.0,2.7060737034621916,-0.6385917874431348,0.6980787043232112,-0.0003239243928727562,-2.7655127193202438e-5,-0.0001651978203532255,0.0680091208571493,-0.09049117565155029,0.14613077044487,-0.15576857328414917,0.2722708284854889,0.035882532596588135,-0.24326109886169434,0.45145583152770996,0.3875686526298523,0.20697364211082458,0.8456013202667236,0.18774820864200592,-0.6638247966766357
0.4551758749999989,0.0034223749999999996,133.0,2.673832656236686,-0.6063508192125413,0.6977701931327072,-0.00015138900565915436,-1.3114161315206063e-5,-7.743770703778007e-5,0.0679935706777861,-0.0922723114490509,0.14790090918540955,-0.15772804617881775,0.27395209670066833,0.036248769611120224,-0.2361767292022705,0.45896077156066895,0.3823177218437195,0.20854483544826508,0.8521044254302979,0.18519213795661926,-0.660309910774231
0.4551758749999989,0.0034223749999999996,133.0,2.640767705386458,-0.5738585346406816,0.6976848319130545,1.67821198788498e-5,1.524557582709412e-6,8.624915410047563e-6,0.06798015182783364,-0.09406468272209167,0.1459415853023529,-0.15819144248962402,0.2625921964645386,0.04289848357439041,-0.21224141120910645,0.4711396396160126,0.38878780603408813,0.22869032621383667,0.8587684631347656,0.19502493739128113,-0.6554691195487976
0.4551758749999989,0.0034223749999999996,133.0,2.6068330248864204,-0.5401540757626264,0.6974208631440525,0.0001853949869029757,1.7282439183187076e-5,9.542943434279731e-5,0.06796458395120246,-0.09604135155677795,0.1463489979505539,-0.1598406732082367,0.2591618001461029,0.045298654586076736,-0.19576525688171387,0.48302727937698364,0.3885493278503418,0.24247780442237854,0.8647019863128662,0.1929645538330078,-0.6518530249595642
0.4551758749999989,0.0034223749999999996,133.0,2.5719526474349013,-0.5052399160269083,0.6969321080008607,0.0003681628767610798,3.4763682737624146e-5,0.00018963296154761276,0.06794445998953093,-0.0986892580986023,0.14912199974060059,-0.16271838545799255,0.2643863558769226,0.045598533004522324,-0.18932104110717773,0.4933713674545288,0.381334125995636,0.24770590662956238,0.8722624778747559,0.1812441200017929,-0.6499310731887817
0.4551758749999989,0.0034223749999999996,133.0,2.5362868732424246,-0.4698465951874651,0.6966512456418842,0.0005118751850343514,4.958161455226035e-5,0.00026416821168280275,0.06792728747821974,-0.101093590259552,0.14974044263362885,-0.16443806886672974,0.2610079348087311,0.04800398647785187,-0.17252731323242188,0.5063390731811523,0.38176286220550537,0.2596193552017212,0.8806290626525879,0.18072721362113953,-0.6470503211021423
0.4551758749999989,0.0034223749999999996,133.0,2.499813605560213,-0.43364185416344364,0.696362485933495,0.0006739485622823931,6.701947068346729e-5,0.0003484576362604966,0.06791038407634743,-0.10335218906402588,0.15019504725933075,-0.16621562838554382,0.2572183609008789,0.05011177808046341,-0.1553792953491211,0.5195029973983765,0.38209497928619385,0.27326396107673645,0.8884055614471436,0.17973320186138153,-0.6436509490013123
0.4551758749999989,0.0034223749999999996,133.0,2.462561549885123,-0.3966348805630018,0.696077190985848,0.0008465776003566492,8.653313123718969e-5,0.00043842037825548517,0.06789450064524663,-0.10526540875434875,0.15036828815937042,-0.16806423664093018,0.25280243158340454,0.05159798637032509,-0.1379227638244629,0.5326501727104187,0.38220250606536865,0.28994837403297424,0.8946096897125244,0.17771966755390167,-0.639381468296051
0.4551758749999989,0.0034223749999999996,133.0,2.424557385078871,-0.3588550756910001,0.6957632568379127,0.0010425832572134482,0.00010997148554148672,0.0005408112160257565,0.06788050652553945,-0.1066943109035492,0.15012381970882416,-0.17005625367164612,0.24776388704776764,0.051307328045368195,-0.12084603309631348,0.5459657311439514,0.38224124908447266,0.3093811571598053,0.8986585140228271,0.17613649368286133,-0.6344010829925537
0.4551758749999989,0.0034223749999999996,133.0,2.3857542653731185,-0.32025717140798315,0.6954694775612213,0.00122870627874529,0.00013347360035652133,0.0006380245452642512,0.06786786145631687,-0.10785707831382751,0.1496661752462387,-0.1721254587173462,0.2422845959663391,0.04997873678803444,-0.10387516021728516,0.559553325176239,0.38243263959884644,0.3307068943977356,0.9015152454376221,0.17441913485527039,-0.6291207671165466
0.4551758749999989,0.0034223749999999996,133.0,2.345995046784055,-0.2812478820502025,0.6952688273202969,0.0013490778281355627,0.00015490979775826893,0.0007012658359049524,0.06785598250286796,-0.10979807376861572,0.14662505686283112,-0.17331218719482422,0.22756214439868927,0.056902844458818436,-0.0738372802734375,0.5804216265678406,0.3937613368034363,0.3752119839191437,0.9051733016967773,0.18032509088516235,-0.6257333755493164
0.4551758749999989,0.0034223749999999996,133.0,2.3054192596227754,-0.24095603845748562,0.6949708456570249,0.0015032914184166723,0.000177823442881173,0.0007828337626575394,0.06784041916450867,-0.11167728900909424,0.14653171598911285,-0.17520824074745178,0.22266001999378204,0.05775413662195206,-0.057353973388671875,0.596294641494751,0.39503180980682373,0.3930424749851227,0.9114134311676025,0.18053101003170013,-0.6221389174461365
0.4551758749999989,0.0034223749999999996,133.0,2.2638103353319226,-0.19916081504222374,0.6943364692818643,0.001653702706428032,0.00019899406876431466,0.0008630999182596636,0.06781351148317889,-0.11405432224273682,0.15011809766292572,-0.17893242835998535,0.2319948971271515,0.05382736399769783,-0.057869672775268555,0.6070219874382019,0.38193458318710327,0.3959673345088959,0.9190337657928467,0.1614675521850586,-0.618425726890564
0.4551758749999989,0.0034223749999999996,133.0,2.2224983207986364,-0.1560885953139748,0.6967211031536543,0.0017950823240696792,0.0002066733026752268,0.0009436276896071507,0.06773405946625949,-0.11402201652526855,0.1476728618144989,-0.17997360229492188,0.21612749993801117,0.050193872302770615,-0.034726858139038086,0.6156788468360901,0.388754278421402,0.40428635478019714,0.9246485233306885,0.18145640194416046,-0.609370768070221
0.4551758749999989,0.0034223749999999996,133.0,2.1790708708988293,-0.1130920342336973,0.6962809376845702,0.0018917668910181816,0.0002329881850283763,0.000998609404619447,0.06770086730276684,-0.11674794554710388,0.14216430485248566,-0.18162289261817932,0.1944744884967804,0.06783397495746613,0.005118846893310547,0.6510024666786194,0.41024184226989746,0.48706015944480896,0.9256272315979004,0.18803665041923523,-0.6091552376747131
0.4551758749999989,0.0034223749999999996,133.0,2.134218856374799,-0.0698923252990512,0.6963875719436154,0.0018641895120878557,0.0002444189583391093,0.0009946641513272777,0.06766354911901905,-0.1341109275817871,0.15064935386180878,-0.1816108524799347,0.19545947015285492,0.09998167306184769,0.03096747398376465,0.6822641491889954,0.4240216910839081,0.4283856749534607,1.0191845893859863,0.20706094801425934,-0.6244009733200073
0.4551758749999989,0.0034223749999999996,133.0,2.0852819823186803,-0.01970221836665694,0.6929095477047497,0.0017460680596147742,0.00011541240132804127,0.000971180483328757,0.06751316260509413,-0.17954444885253906,0.23287427425384521,-0.18644192814826965,0.3919454514980316,0.10470780730247498,-0.0015811920166015625,0.33164405822753906,0.39090102910995483,-0.5765417218208313,1.4517364501953125,-0.026645975187420845,-0.7874635457992554
0.4551758749999989,0.0034223749999999996,133.0,2.033099240085437,0.03602019131920858,0.6939310984966018,0.00010260841134397824,-8.8289511156024e-6,6.0794799372044795e-5,0.0670197165538246,-0.2541223466396332,0.32625702023506165,-0.1639249324798584,0.4606730341911316,-0.02655235305428505,0.3308095932006836,-0.27943265438079834,0.7345312833786011,-1.9618592262268066,2.0380492210388184,-0.16609352827072144,-1.1979886293411255
0.4551758749999989,0.0034223749999999996,133.0,2.072677168354095,0.06063109044661054,0.6949187474664381,-0.0017130111995533079,-0.00017824298278448113,-0.0010261107189362896,0.06643503265517534,-0.2729993760585785,0.14664384722709656,-0.1678774654865265,0.7689619064331055,-0.20100247859954834,0.37522435188293457,0.8710870146751404,-0.019662976264953613,-1.0022637844085693,1.7954859733581543,-0.03539464250206947,-0.7494754195213318
0.4551758749999989,0.0034223749999999996,133.0,2.1068605219336223,0.11064673050942711,0.7027966057903364,-0.001966251280503218,5.125555306303943e-5,-0.0011701057671148934,0.06555858312800951,-0.34297868609428406,0.18696734309196472,-0.08077603578567505,1.1543612480163574,-0.532951831817627,0.6051528453826904,0.3653959333896637,0.10218170285224915,-1.7100794315338135,2.0505013465881348,0.3031122088432312,-1.25652277469635
0.4551758749999989,0.0034223749999999996,133.0,2.142257857767978,0.15954036635840363,0.7119093422751325,-0.0020115713522664597,0.00020939496389402456,-0.0011171800826672868,0.06501802097334945,-0.4069027602672577,0.2202257513999939,-0.0038962364196777344,1.4008243083953857,-1.0186654329299927,0.6728115081787109,-0.12139712274074554,0.3097512423992157,-2.0159432888031006,2.091029644012451,0.5102509260177612,-1.711061716079712
0.4551758749999989,0.0034223749999999996,133.0,2.1834883790706563,0.20489097592337255,0.7146357822908392,-0.001914580694543699,0.00021892760675690907,-0.0010298379060433782,0.06490263020257142,-0.4107988178730011,0.23039187490940094,0.01524391770362854,1.473465919494629,-1.0718908309936523,0.6644554138183594,-0.15547145903110504,0.3084524869918823,-2.0599255561828613,2.020963668823242,0.5528128147125244,-1.7827246189117432
0.4551758749999989,0.0034223749999999996,133.0,2.2249567066367497,0.2480370783341408,0.7160978812359765,-0.0017600790378997934,0.00020890383204658203,-0.0009287681274602839,0.06485747281094405,-0.41074511408805847,0.23471185564994812,0.027873247861862183,1.5185632705688477,-1.1046571731567383,0.6565036773681641,-0.18622824549674988,0.303084135055542,-2.0636484622955322,1.9612154960632324,0.5999082922935486,-1.8225433826446533
0.4551758749999989,0.0034223749999999996,133.0,2.2658758718257848,0.289752024048744,0.716625143568915,-0.0015643040712644577,0.00018486118415046235,-0.0008166343753620252,0.06485814290973473,-0.4103905260562897,0.2371266782283783,0.03274500370025635,1.5371041297912598,-1.1174458265304565,0.6606540679931641,-0.16597333550453186,0.29842710494995117,-2.0715231895446777,1.9233198165893555,0.6389251947402954,-1.8366262912750244
0.4551758749999989,0.0034223749999999996,133.0,2.3060951025702843,0.3305428365362213,0.7168190934704963,-0.001475100430866064,0.0001686869655722787,-0.0007641420050707683,0.06485433079772437,-0.4124317467212677,0.2392672449350357,0.032917797565460205,1.5313078165054321,-1.1449635028839111,0.6804015636444092,-0.12734393775463104,0.3106035590171814,-2.0855419635772705,1.9077348709106445,0.6666482090950012,-1.8433101177215576
0.4551758749999989,0.0034223749999999996,133.0,2.3456993102931727,0.3705683191835362,0.717604331668493,-0.0012662354524326771,0.00014304309171784917,-0.0006460609326992753,0.06482920016267449,-0.41301438212394714,0.24139976501464844,0.03772297501564026,1.5491255521774292,-1.1614094972610474,0.6889625787734985,-0.11256538331508636,0.30749621987342834,-2.0922272205352783,1.873952865600586,0.7001740336418152,-1.858180284500122
0.4551758749999989,0.0034223749999999996,133.0,2.384387444921927,0.40971192741437484,0.7183271013624343,-0.0011052155354635991,0.00012306582249294468,-0.000556026096328731,0.06481544030888357,-0.41092976927757263,0.24322833120822906,0.04649600386619568,1.5882400274276733,-1.155872106552124,0.6831512451171875,-0.10761582851409912,0.2847517728805542,-2.092869758605957,1.822920799255371,0.7446468472480774,-1.874589204788208
0.4551758749999989,0.0034223749999999996,133.0,2.422105847236724,0.44801504533264036,0.7188452781074357,-0.000900758842775035,9.890260577754611e-5,-0.00044801421430311117,0.06480509327774743,-0.4114629328250885,0.24517804384231567,0.051490724086761475,1.605389952659607,-1.1738908290863037,0.6890846490859985,-0.09412384033203125,0.2817995548248291,-2.1010563373565674,1.7883496284484863,0.7804619669914246,-1.8889586925506592
0.4551758749999989,0.0034223749999999996,133.0,2.4590062623347,0.4854459838918345,0.7193198974959714,-0.0007184513486240627,7.765896622700802e-5,-0.0003535429846221355,0.06479645060572649,-0.4119221270084381,0.24694302678108215,0.05622047185897827,1.621702790260315,-1.1894158124923706,0.6941913366317749,-0.08051984012126923,0.27792900800704956,-2.1076786518096924,1.755392074584961,0.8149189352989197,-1.901557445526123
0.4551758749999989,0.0034223749999999996,133.0,2.495073340010032,0.5220234719239798,0.7197714262991479,-0.0005438005634792211,5.78176657046473e-5,-0.0002648946897715221,0.06478778151405516,-0.41238322854042053,0.2485232651233673,0.060480087995529175,1.6368253231048584,-1.2016297578811646,0.6989845037460327,-0.0664273053407669,0.273122102022171,-2.112764835357666,1.7251925468444824,0.8466367721557617,-1.912018060684204
0.4551758749999989,0.0034223749999999996,133.0,2.5303136674899176,0.557733073656945,0.7201534040846983,-0.00037446491657221274,3.9079199804260095e-5,-0.00018075072568374763,0.06478040622235776,-0.41279295086860657,0.2499295175075531,0.06425037980079651,1.650668978691101,-1.2096928358078003,0.7031182050704956,-0.05213101580739021,0.26727133989334106,-2.1155271530151367,1.6978850364685059,0.8756371736526489,-1.9201371669769287
0.4551758749999989,0.0034223749999999996,133.0,2.564689756613889,0.5926024744873619,0.7205258152751967,-0.00021039974615662184,2.153788013882392e-5,-0.00010072113258168905,0.06477070827655615,-0.4133084714412689,0.2512323558330536,0.06757870316505432,1.6636059284210205,-1.2132728099822998,0.7066833972930908,-0.03887586295604706,0.26042354106903076,-2.1161916255950928,1.6743884086608887,0.9007934331893921,-1.9263293743133545
0.4551758749999989,0.0034223749999999996,133.0,2.597660737932996,0.6267093653767236,0.7204000369126132,-6.276321832761533e-5,6.277138187677453e-6,-3.0011586354551563e-5,0.0647648226502007,-0.4172919690608978,0.2536097466945648,0.0665680468082428,1.6529535055160522,-1.2382349967956543,0.7321947813034058,-0.013985402882099152,0.2757208049297333,-2.127689838409424,1.6745529174804688,0.908042311668396,-1.9312059879302979
0.4551758749999989,0.0034223749999999996,133.0,2.629774592784239,0.6600514245171513,0.7206785120850958,0.0001357265454832094,-1.3503479029415001e-5,6.455066063003798e-5,0.06474247718617805,-0.4211830198764801,0.2559370994567871,0.06820443272590637,1.6553966999053955,-1.2580268383026123,0.7502901554107666,-0.0077975038439035416,0.2840913236141205,-2.1343681812286377,1.668985366821289,0.9140484929084778,-1.942136526107788
0.4551758749999989,0.0034223749999999996,133.0,2.6623545915253564,0.690392949558561,0.7189354520500908,0.0003203767592330232,-3.046001381501728e-5,0.00015001212519014873,0.06490115276076436,-0.41666415333747864,0.25556984543800354,0.07569959759712219,1.6771032810211182,-1.2628601789474487,0.7196401357650757,-0.02884584665298462,0.27105528116226196,-2.112374782562256,1.6193888187408447,0.9614353775978088,-1.9507992267608643
0.4551758749999989,0.0034223749999999996,133.0,2.6928778004377913,0.7220385396141733,0.7192248226048771,0.0005073276824009945,-4.793229863120057e-5,0.00023606586591018783,0.06488697265342058,-0.42040756344795227,0.2577613294124603,0.07791176438331604,1.6793935298919678,-1.2911648750305176,0.7389025688171387,-0.017226556316018105,0.2808612585067749,-2.1253843307495117,1.6082415580749512,0.977590799331665,-1.9630699157714844
0.4551758749999989,0.0034223749999999996,133.0,2.7232941648368953,0.7527198010362559,0.7201317231684076,0.000730499386496975,-6.777778647077744e-5,0.00033504870895843255,0.06485889518656507,-0.4195970594882965,0.25856345891952515,0.08470317721366882,1.7123594284057617,-1.2791831493377686,0.7322425842285156,-0.006232449784874916,0.25547298789024353,-2.1327948570251465,1.5731606483459473,1.0152733325958252,-1.9706590175628662
0.4551758749999989,0.0034223749999999996,133.0,2.752909296692344,0.782482755016805,0.7207720200312594,0.0008907045711379879,-8.048469530274803e-5,0.0004037725811225743,0.06484552508259112,-0.41862955689430237,0.2589432895183563,0.08981409668922424,1.7357720136642456,-1.2721449136734009,0.7273855209350586,0.011949351988732815,0.23492759466171265,-2.1386146545410156,1.5405018329620361,1.0542292594909668,-1.9735980033874512
0.4551758749999989,0.0034223749999999996,133.0,2.7816225549550166,0.811456921135841,0.7218126816763702,0.0010962846686247496,-9.956129394242619e-5,0.0004899062788248084,0.06482096037225818,-0.41824135184288025,0.25953876972198486,0.09760352969169617,1.7677665948867798,-1.2698293924331665,0.714302659034729,0.001741278450936079,0.21589037775993347,-2.1370654106140137,1.5062098503112793,1.087292194366455,-1.9864795207977295
0.4551758749999989,0.0034223749999999996,133.0,2.8090383891975694,0.8396192165596065,0.7220242139382893,0.001253867559359566,-0.00011304065892966475,0.0005572660727250476,0.0648189779576025,-0.42093178629875183,0.26098206639289856,0.09891894459724426,1.7649418115615845,-1.298325538635254,0.7306133508682251,0.018198225647211075,0.22587329149246216,-2.1472713947296143,1.4932441711425781,1.108384132385254,-1.993854284286499
0.4551758749999989,0.0034223749999999996,133.0,2.835942896005596,0.866870382624464,0.7226121490561899,0.0014310638996350886,-0.000128247319601811,0.0006298357770967894,0.06480798862470026,-0.42176517844200134,0.2617628276348114,0.10293516516685486,1.7797971963882446,-1.3039050102233887,0.7308411598205566,0.026620663702487946,0.21708863973617554,-2.1523280143737793,1.4706437587738037,1.134265661239624,-2.0000014305114746
0.4551758749999989,0.0034223749999999996,133.0,2.8622809276482855,0.8931451680023326,0.7228678582925172,0.0016427085825944782,-0.0001422737270367021,0.0007177851388553194,0.06480882504382036,-0.4206748306751251,0.2618376910686493,0.10841915011405945,1.8021901845932007,-1.2983638048171997,0.7183581590652466,0.02729039266705513,0.19900667667388916,-2.150273323059082,1.440053939819336,1.1649073362350464,-2.0043063163757324
0.4551758749999989,0.0034223749999999996,133.0,2.8875699607580225,0.918694569518345,0.7232917538693592,0.0018584088993610576,-0.0001596805015692294,0.0008061566469517991,0.064798046393058,-0.4208635985851288,0.2625002861022949,0.11297234892845154,1.8208247423171997,-1.2953542470932007,0.7109880447387695,0.02308500185608864,0.1872480809688568,-2.1489226818084717,1.4198145866394043,1.184729814529419,-2.011148691177368
0.4551758749999989,0.0034223749999999996,133.0,2.911716660167708,0.9434617395466385,0.723518595947192,0.002097594598886334,-0.00017879451580123172,0.000905163884264253,0.06479098831871268,-0.4226541221141815,0.26345545053482056,0.11548873782157898,1.8273963928222656,-1.309010624885559,0.7157803773880005,0.024853087961673737,0.1881040632724762,-2.151423454284668,1.4057903289794922,1.1990031003952026,-2.0186588764190674
0.4551758749999989,0.0034223749999999996,133.0,2.935053671467205,0.9673644795709311,0.7235636317171685,0.0022744529255024344,-0.0001916561713755213,0.0009785593624891003,0.06479017159388295,-0.4247078597545624,0.2645072042942047,0.11637899279594421,1.8266701698303223,-1.32481849193573,0.7263839244842529,0.0350746214389801,0.19302546977996826,-2.156144857406616,1.396911382675171,1.2114466428756714,-2.0229969024658203
0.4551758749999989,0.0034223749999999996,133.0,2.9574723810878667,0.9904596258446752,0.7235264344456503,0.0024993451141165834,-0.00020674448860563625,0.001072913878459415,0.06478854161022307,-0.42687705159187317,0.2656886577606201,0.11615327000617981,1.8220020532608032,-1.3401744365692139,0.7419166564941406,0.053206950426101685,0.1989445686340332,-2.1645729541778564,1.3908865451812744,1.222793698310852,-2.024437189102173
0.4551758749999989,0.0034223749999999996,133.0,2.9793662579487283,1.0126297191028812,0.7238416199668432,0.0027290992320078192,-0.0002242018142102119,0.0011646851407311014,0.06478305853835019,-0.4263193905353546,0.2657940983772278,0.11867377161979675,1.8354921340942383,-1.3303680419921875,0.7389311790466309,0.06720760464668274,0.18338751792907715,-2.1686761379241943,1.3727073669433594,1.2452396154403687,-2.0224146842956543
0.4551758749999989,0.0034223749999999996,133.0,3.0002577958026126,1.034054423101257,0.7238956076096754,0.0029705507525516492,-0.00024030777844211368,0.0012639634226899862,0.06477833168084145,-0.4281632602214813,0.2668398320674896,0.11878815293312073,1.832100510597229,-1.345510482788086,0.7524956464767456,0.08105532824993134,0.1886882781982422,-2.1763782501220703,1.3653171062469482,1.2570981979370117,-2.0244944095611572
0.4551758749999989,0.0034223749999999996,133.0,3.0207539305683664,1.0545288661392795,0.7248604817698159,0.0032202297935457905,-0.0002658250550308505,0.0013527765798735563,0.06475196235170444,-0.42799505591392517,0.26733705401420593,0.12384971976280212,1.8556703329086304,-1.3321648836135864,0.7393258810043335,0.07180359959602356,0.17128390073776245,-2.1770687103271484,1.3490619659423828,1.274088740348816,-2.030548572540283
0.4551758749999989,0.0034223749999999996,133.0,3.0400799782579524,1.0743217794255628,0.7254811940139204,0.0034128647718061705,-0.000282199248914369,0.0014241782453067368,0.06473643017930998,-0.43012508749961853,0.2683439552783966,0.1256265938282013,1.8602262735366821,-1.3429298400878906,0.7465088367462158,0.07584644854068756,0.1719486117362976,-2.183593511581421,1.3410353660583496,1.2841585874557495,-2.035855531692505
0.4551758749999989,0.0034223749999999996,133.0,3.058775721464544,1.093150542773068,0.726171362624549,0.003632391703669681,-0.00030058135293030793,0.001502193906704225,0.06471911448746795,-0.42910149693489075,0.2682013511657715,0.13111326098442078,1.885837197303772,-1.3254146575927734,0.7270313501358032,0.06569676101207733,0.1497710943222046,-2.181105613708496,1.3204889297485352,1.3039054870605469,-2.0391499996185303
0.4551758749999989,0.0034223749999999996,133.0,3.0759821510428513,1.1112744062669375,0.7260210220967431,0.0038172776795907444,-0.0003196606823488185,0.0015788352553458482,0.06472589700426343,-0.4320164620876312,0.26960062980651855,0.13092312216758728,1.8748418092727661,-1.3546208143234253,0.7432774305343628,0.06614701449871063,0.16690266132354736,-2.1883299350738525,1.3194994926452637,1.3085999488830566,-2.045470952987671
0.4551758749999989,0.0034223749999999996,133.0,3.0930261677507715,1.1283827632860743,0.7263312851486099,0.004038604453037181,-0.00033377837327376895,0.001660921851710014,0.06471912577476739,-0.4309145510196686,0.26919716596603394,0.1353977620601654,1.8912854194641113,-1.3481485843658447,0.727158784866333,0.05765635147690773,0.15206849575042725,-2.1886610984802246,1.2984461784362793,1.3322181701660156,-2.0470316410064697
0.4551758749999989,0.0034223749999999996,133.0,3.108944601556005,1.1447288257770094,0.7266042553599035,0.004233187088471552,-0.0003508495439136673,0.0017330054375972398,0.06471360627406193,-0.43111416697502136,0.26903480291366577,0.13831809163093567,1.897113561630249,-1.3588932752609253,0.7230781316757202,0.05261259526014328,0.14970004558563232,-2.193044900894165,1.2813150882720947,1.3527307510375977,-2.0505428314208984
0.4551758749999989,0.0034223749999999996,133.0,3.124161629744814,1.1600918859305394,0.7265286612569286,0.0044257193825143,-0.000363202169126375,0.0018046409118025355,0.06471912232239438,-0.43070074915885925,0.26857829093933105,0.1403832733631134,1.8942166566848755,-1.3797707557678223,0.721563458442688,0.05096323415637016,0.15404900908470154,-2.20090913772583,1.2620396614074707,1.3818713426589966,-2.0521316528320312
0.4551758749999989,0.0034223749999999996,133.0,3.1386080599130253,1.1746938165395944,0.7267763688032411,0.004578075414560242,-0.0003742669891336956,0.001857388682024794,0.06471915068716703,-0.42905738949775696,0.2675980031490326,0.141561359167099,1.8894778490066528,-1.3903323411941528,0.7214112281799316,0.06457632780075073,0.15120643377304077,-2.216028928756714,1.2413129806518555,1.4207278490066528,-2.044724941253662
0.4551758749999989,0.0034223749999999996,133.0,3.1520637240075033,1.1884539903676046,0.7270759566794122,0.00471454976740067,-0.0003932064582948597,0.001901803551801642,0.06472551396436656,-0.4285942018032074,0.26658231019973755,0.14529570937156677,1.8873322010040283,-1.42425537109375,0.7134979963302612,0.041981492191553116,0.16377657651901245,-2.2167868614196777,1.218385934829712,1.4523882865905762,-2.0551977157592773
0.4551758749999989,0.0034223749999999996,133.0,3.165190406425403,1.2013765150480444,0.7278779753552348,0.004864237759885807,-0.00040815823642671365,0.0019453829599252407,0.06471692306069746,-0.42268630862236023,0.2631182372570038,0.14979520440101624,1.9010802507400513,-1.405148983001709,0.6834849119186401,0.03443259373307228,0.14098036289215088,-2.2152152061462402,1.181304693222046,1.5012279748916626,-2.0460407733917236
0.4551758749999989,0.0034223749999999996,133.0,3.178010700833785,1.2130950505243152,0.7281016754856231,0.005022148999649283,-0.0004074914798310331,0.001991251178598786,0.06472252895197227,-0.41147610545158386,0.2572629749774933,0.15608778595924377,1.9228192567825317,-1.3501063585281372,0.6237292289733887,0.020447198301553726,0.09512165188789368,-2.1965529918670654,1.1285309791564941,1.5620980262756348,-2.0216259956359863
0.4551758749999989,0.0034223749999999996,133.0,3.1900123852455655,1.2240623357669855,0.7286513885910223,0.005185073047581715,-0.0004096181047662643,0.0020362079359919206,0.06471786859300974,-0.397055059671402,0.24898108839988708,0.16097334027290344,1.9345799684524536,-1.283036708831787,0.5587549209594727,0.004981142468750477,0.04653608798980713,-2.1628518104553223,1.0660924911499023,1.623449444770813,-1.9844410419464111
0.4551758749999989,0.0034223749999999996,133.0,3.201300291061072,1.2341773062448442,0.7290677295207206,0.005341823842344484,-0.00040400708446467967,0.002080768831327799,0.06471629113221186,-0.38510701060295105,0.24319668114185333,0.1681351363658905,1.9665327072143555,-1.1988472938537598,0.4877464771270752,-0.010626193135976791,-0.014605581760406494,-2.1366302967071533,1.0150139331817627,1.6664396524429321,-1.954728364944458
0.4551758749999989,0.0034223749999999996,133.0,3.2115166575098235,1.2435714712509762,0.7294001257334807,0.005519936164123763,-0.00040013472797059517,0.0021379870729397814,0.06471848982251635,-0.3729046881198883,0.2366541624069214,0.1714484989643097,1.9708505868911743,-1.135122299194336,0.4342837333679199,-0.017183715477585793,-0.055684030055999756,-2.110318422317505,0.9653089046478271,1.7107517719268799,-1.9176640510559082
0.4551758749999989,0.0034223749999999996,133.0,3.2199156963208098,1.2544149211030486,0.7323903626570826,0.005778423424958129,-0.0004235563388593753,0.0022227461038658346,0.06451395414114589,-0.364323228597641,0.23185232281684875,0.17233386635780334,1.9737215042114258,-1.0648499727249146,0.406313419342041,-0.01550518162548542,-0.09168285131454468,-2.1054813861846924,0.9351019859313965,1.732181191444397,-1.8842418193817139
0.4551758749999989,0.0034223749999999996,133.0,3.2287820845992905,1.2620590705597068,0.7331161440512062,0.0060536084746540585,-0.00043336395943427907,0.0023087577528397136,0.06450468110211502,-0.3575136363506317,0.228664368391037,0.17678263783454895,1.9888362884521484,-1.0138052701950073,0.36389684677124023,-0.023297738283872604,-0.12664717435836792,-2.091294288635254,0.902996301651001,1.7526614665985107,-1.864063024520874
0.4551758749999989,0.0034223749999999996,133.0,3.2363803315426485,1.268935136267681,0.7332869918420248,0.006466308356865158,-0.00045017439502208103,0.0024529836463031305,0.06450905033359981,-0.3501286208629608,0.22575126588344574,0.17965593934059143,1.9971851110458374,-0.961097776889801,0.32614731788635254,-0.023746032267808914,-0.15948528051376343,-2.080836296081543,0.873399019241333,1.771103024482727,-1.8393115997314453
0.4551758749999989,0.0034223749999999996,133.0,3.2433116532056725,1.2750137802098371,0.7335301672528172,0.0071555315671008755,-0.00048222259625111606,0.0026988308536953745,0.06450772618814898,-0.34607186913490295,0.2243126928806305,0.18233516812324524,2.00797176361084,-0.9299810528755188,0.30312228202819824,-0.020688973367214203,-0.18233191967010498,-2.0840961933135986,0.8520183563232422,1.7873764038085938,-1.8271229267120361
0.4551758749999989,0.0034223749999999996,133.0,3.2493281652851937,1.2803418228088213,0.7335814903855037,0.008716960620166938,-0.0005745878963166111,0.003263559919435845,0.06451005007347736,-0.3382275402545929,0.22090017795562744,0.18307843804359436,2.0022854804992676,-0.8987316489219666,0.2797551155090332,-0.020124228671193123,-0.1982196569442749,-2.0812394618988037,0.8172602653503418,1.8093838691711426,-1.8055179119110107
0.4551758749999989,0.0034223749999999996,133.0,3.2546105373578755,1.285557715281972,0.7339726444322998,0.01623893058661603,-0.0011202852065031416,0.005895639099518064,0.06447254839569189,-0.33246418833732605,0.2215355783700943,0.1875535547733307,2.0260605812072754,-0.8902062177658081,0.27279138565063477,-0.03688512742519379,-0.20360910892486572,-2.1280977725982666,0.7571346759796143,1.8078728914260864,-1.8239338397979736
0.4551758749999989,0.0034223749999999996,133.0,3.267834870624872,-1.2257001967846315,0.6908279568563236,-0.013767192606274655,-0.0005862941291517371,-0.0070669595089756735,0.06827201774942906,-0.05968815088272095,0.17561233043670654,-0.14854970574378967,0.5517418384552002,0.10502156615257263,-0.8389286994934082,0.28683069348335266,0.49581629037857056,-0.39250555634498596,0.6893434524536133,0.31242433190345764,-1.0518531799316406
0.4551758749999989,0.0034223749999999996,133.0,3.263231792791426,-1.2205818028521827,0.6914272394991354,-0.00743741701467144,-0.0002506224808975474,-0.0038181934800053316,0.0682226745051622,-0.06173387169837952,0.17943935096263885,-0.1430133581161499,0.5543965101242065,0.07363393902778625,-0.8270649909973145,0.27610641717910767,0.4795691668987274,-0.45442435145378113,0.7134692668914795,0.30473920702934265,-1.0381728410720825
0.4551758749999989,0.0034223749999999996,133.0,3.25761826879844,-1.2150656533488187,0.6914590657285361,-0.0061124925633884945,-0.00020257257611339775,-0.0031366542278836833,0.06819923612780428,-0.06452858448028564,0.1791001856327057,-0.14187726378440857,0.5438867807388306,0.07114014774560928,-0.8109710216522217,0.2815147042274475,0.4741199016571045,-0.4448791742324829,0.7299695014953613,0.28624698519706726,-1.0221549272537231
0.4551758749999989,0.0034223749999999996,133.0,3.2514002729339606,-1.2090794128264688,0.6914801478338072,-0.005528591029309919,-0.00018534453889684714,-0.002836004112746272,0.06819036308998698,-0.0672493577003479,0.17793942987918854,-0.14134430885314941,0.5283617973327637,0.06769035756587982,-0.7905924320220947,0.2890639305114746,0.46989110112190247,-0.4237837791442871,0.7476110458374023,0.2740980088710785,-1.0023298263549805
0.4551758749999989,0.0034223749999999996,133.0,3.2441403600301526,-1.2021411337287398,0.6914657420991197,-0.0051904238248459255,-0.0001844244537512204,-0.002661593957955391,0.06817412491644725,-0.06983208656311035,0.17500808835029602,-0.14097872376441956,0.5107885599136353,0.06924936920404434,-0.7754101753234863,0.3052104413509369,0.46953630447387695,-0.38816848397254944,0.7626686096191406,0.26009657979011536,-0.9843775033950806
0.4551758749999989,0.0034223749999999996,133.0,3.2354197415899555,-1.1960700078332926,0.6889193765208707,-0.004951808621322297,-0.00023515951282287797,-0.0025343456304257246,0.06824236270294178,-0.07178992033004761,0.1713838428258896,-0.13959437608718872,0.48922979831695557,0.06799986213445663,-0.7548670768737793,0.3186808228492737,0.467409610748291,-0.3500499427318573,0.7763650417327881,0.261580228805542,-0.9606649875640869
0.4551758749999989,0.0034223749999999996,133.0,3.226598006048106,-1.1878328209040523,0.6889886643921121,-0.004756311190068182,-0.00023884739117709295,-0.0024348210827500917,0.0682305845338354,-0.07440012693405151,0.16741490364074707,-0.1386496126651764,0.46788400411605835,0.06908000260591507,-0.7345960140228271,0.33767834305763245,0.469868928194046,-0.30383530259132385,0.791947603225708,0.2500479221343994,-0.9417598247528076
0.4551758749999989,0.0034223749999999996,133.0,3.217027376248762,-1.1785315571539718,0.688854026053919,-0.004610627104860651,-0.00024030039855126836,-0.0023559923765617274,0.06822117749789455,-0.07656705379486084,0.16436819732189178,-0.13721752166748047,0.445160448551178,0.0640837550163269,-0.703120231628418,0.3466320037841797,0.46893322467803955,-0.26733893156051636,0.8081576824188232,0.2520073354244232,-0.918065071105957
0.4551758749999989,0.0034223749999999996,133.0,3.206522132550534,-1.1683982455515298,0.6888250154908433,-0.004481290608314553,-0.00024564657487338644,-0.002284234841425248,0.068206773651546,-0.07972508668899536,0.1604348123073578,-0.13457193970680237,0.41833969950675964,0.060645926743745804,-0.6591880321502686,0.357647567987442,0.4723621606826782,-0.22715646028518677,0.8294243812561035,0.2570318281650543,-0.8946744799613953
0.4551758749999989,0.0034223749999999996,133.0,3.195301716600131,-1.1576597912072961,0.6889352544473911,-0.004350080027854054,-0.0002517584381375826,-0.0022144977650720636,0.06819754151060492,-0.08220776915550232,0.15571177005767822,-0.1315414011478424,0.38968250155448914,0.056561123579740524,-0.6130435466766357,0.36864548921585083,0.47811657190322876,-0.18483856320381165,0.8481364250183105,0.26652196049690247,-0.8717653751373291
0.4551758749999989,0.0034223749999999996,133.0,3.183354880521485,-1.1458706167611852,0.6888799592322092,-0.004229222977321839,-0.0002532992569317091,-0.0021476817778132333,0.06819225304162621,-0.08409199118614197,0.15230408310890198,-0.12816235423088074,0.36195477843284607,0.04691701382398605,-0.551447868347168,0.36511656641960144,0.4807499945163727,-0.16465425491333008,0.8680477142333984,0.29008156061172485,-0.8466739058494568
0.4551758749999989,0.0034223749999999996,133.0,3.1706365648818493,-1.1332205657562266,0.6886444555585036,-0.0041071344457344625,-0.0002528989129268962,-0.0020759733226487866,0.06819090992897081,-0.08547461032867432,0.14903265237808228,-0.12516149878501892,0.3364803194999695,0.04061819240450859,-0.48180413246154785,0.3557584583759308,0.4802159070968628,-0.14342765510082245,0.8830196857452393,0.30471453070640564,-0.8206631541252136
0.4551758749999989,0.0034223749999999996,133.0,3.157259116052732,-1.1196600744177123,0.6883645870361091,-0.003999818564779073,-0.00024772200038302794,-0.0020168328866936327,0.06819757160928104,-0.08293047547340393,0.14643560349941254,-0.12591582536697388,0.3225177526473999,0.03187808021903038,-0.45224881172180176,0.3451855480670929,0.4684796631336212,-0.11710108816623688,0.8745625019073486,0.30943214893341064,-0.7948663830757141
0.4551758749999989,0.0034223749999999996,133.0,3.1430163505794884,-1.1051983417517115,0.6880761018975138,-0.0038630204259173313,-0.0002378793789416949,-0.0019443909299644343,0.0682038935491107,-0.07894760370254517,0.14347608387470245,-0.12768039107322693,0.313247412443161,0.023852653801441193,-0.454054594039917,0.34471824765205383,0.4580214321613312,-0.0856652557849884,0.8565149307250977,0.3131365180015564,-0.7750062346458435
0.4551758749999989,0.0034223749999999996,133.0,3.127684254391967,-1.0898241243954219,0.6878393290014736,-0.003689425570376399,-0.0002324959491269964,-0.0018567313500113649,0.06819950581044733,-0.0773860514163971,0.14222800731658936,-0.12954574823379517,0.30808937549591064,0.026313934475183487,-0.44042301177978516,0.34569671750068665,0.44779759645462036,-0.03989537060260773,0.8415982723236084,0.2791596055030823,-0.7595236301422119
0.4551758749999989,0.0034223749999999996,133.0,3.1114728305452126,-1.0735152102185403,0.6875943488960511,-0.003528125315438557,-0.0002224798237173375,-0.0017733292919483745,0.06819526542717848,-0.07557925581932068,0.14241313934326172,-0.13220614194869995,0.3084549605846405,0.025279857218265533,-0.43897366523742676,0.3419744372367859,0.4342056214809418,-0.011436672881245613,0.8276965618133545,0.25672635436058044,-0.746209979057312
0.4551758749999989,0.0034223749999999996,133.0,3.0943781620338697,-1.0565290807176961,0.6875299729886786,-0.0033432298477778437,-0.00021415161252994472,-0.0016815702874660666,0.06818766249998966,-0.07518157362937927,0.14166593551635742,-0.1330985128879547,0.30358266830444336,0.02648361772298813,-0.42328476905822754,0.3439827859401703,0.42944708466529846,0.013865791261196136,0.8221161365509033,0.24123606085777283,-0.7365499138832092
0.4551758749999989,0.0034223749999999996,133.0,3.0765416069144806,-1.0384514563020497,0.6872815842196107,-0.003166976266157409,-0.00019855501064794178,-0.001595993933801035,0.06818732423384853,-0.07379058003425598,0.1436968743801117,-0.1360832154750824,0.3103702664375305,0.01971837878227234,-0.43866658210754395,0.33851712942123413,0.41570836305618286,0.005392247345298529,0.8161346912384033,0.24750366806983948,-0.7295926809310913
0.4551758749999989,0.0034223749999999996,133.0,3.057645029978457,-1.0196326091110086,0.6871402495198681,-0.002985708195782396,-0.00019159574546083873,-0.0015038909614885655,0.06817466644016741,-0.07447096705436707,0.14233937859535217,-0.1363665759563446,0.303620308637619,0.025412391871213913,-0.4168546199798584,0.3446691036224365,0.41533124446868896,0.03577035665512085,0.8139553070068359,0.23022964596748352,-0.7224634885787964
0.4551758749999989,0.0034223749999999996,133.0,3.038031458450538,-1.0000807203708,0.6869794218946347,-0.002822787182936123,-0.00018521769692792412,-0.0014227299516943077,0.06816612171650076,-0.07480868697166443,0.14312481880187988,-0.1379016935825348,0.30435413122177124,0.02492550015449524,-0.41057276725769043,0.3484209179878235,0.410183846950531,0.04509928449988365,0.8120195865631104,0.22257260978221893,-0.7180680632591248
0.4551758749999989,0.0034223749999999996,133.0,3.0176229806016615,-0.9796047382579017,0.6867892877176384,-0.0026086348685449502,-0.00017168343518177996,-0.0013167405758373633,0.0681601288239456,-0.0751170814037323,0.1431920975446701,-0.1388373076915741,0.30297398567199707,0.023958198726177216,-0.40442705154418945,0.35282009840011597,0.40723201632499695,0.05142931640148163,0.8120954036712646,0.224366694688797,-0.7137571573257446
0.4551758749999989,0.0034223749999999996,133.0,2.9963305922666503,-0.9590230280659138,0.68698371271064,-0.0023961583162718544,-0.0001648822040249103,-0.0012106386145734431,0.06815098205780462,-0.07608401775360107,0.13918791711330414,-0.13738340139389038,0.2865382730960846,0.03131340444087982,-0.37067604064941406,0.36118149757385254,0.41593092679977417,0.08660963922739029,0.8141276836395264,0.22317145764827728,-0.7060155868530273
0.4551758749999989,0.0034223749999999996,133.0,2.9741945008872817,-0.9368365205419341,0.6867405614725973,-0.002194821239203166,-0.0001506762529957946,-0.001109555021913621,0.06814384751154182,-0.07667174935340881,0.1403445303440094,-0.1390058994293213,0.2885061204433441,0.028375424444675446,-0.36942124366760254,0.3659873902797699,0.411325603723526,0.08474482595920563,0.8152511119842529,0.22664660215377808,-0.7034238576889038
0.4551758749999989,0.0034223749999999996,133.0,2.9510817434906866,-0.9137030200960258,0.6864318917822935,-0.0019945409674452315,-0.0001389807620907217,-0.0010080182246197617,0.06813049543354445,-0.07838723063468933,0.1422549933195114,-0.1408824920654297,0.2921377420425415,0.0293402262032032,-0.36298394203186035,0.37341606616973877,0.40711379051208496,0.09003745019435883,0.8174633979797363,0.2165880799293518,-0.702906608581543
0.4551758749999989,0.0034223749999999996,133.0,2.9270452086245617,-0.8894514936129589,0.6859267862730236,-0.0018343318101383677,-0.00012919792831964344,-0.0009262501046654571,0.06811484464302679,-0.08063086867332458,0.14607584476470947,-0.1438850462436676,0.3024686872959137,0.030308682471513748,-0.3643043041229248,0.3799077272415161,0.39800721406936646,0.09165950864553452,0.8195538520812988,0.19694434106349945,-0.7041997909545898
0.4551758749999989,0.0034223749999999996,133.0,2.9023697483754627,-0.864655597484873,0.6856628558540364,-0.0016368119283126914,-0.0001144763156880402,-0.0008285283377551666,0.06810601576582379,-0.08187425136566162,0.14830230176448822,-0.14556971192359924,0.3068028390407562,0.026529092341661453,-0.36590099334716797,0.384055495262146,0.39272207021713257,0.07915779948234558,0.8251848220825195,0.2043483555316925,-0.7033183574676514
0.4551758749999989,0.0034223749999999996,133.0,2.87681092637184,-0.8393141528822572,0.6856113421952075,-0.0014539137703755802,-0.00010539609005756345,-0.000738178809568991,0.06809305054652402,-0.08337715268135071,0.14811521768569946,-0.1463049352169037,0.30216923356056213,0.028261523693799973,-0.34989500045776367,0.39219579100608826,0.39370298385620117,0.09011771529912949,0.8297593593597412,0.20542187988758087,-0.6997184157371521
0.4551758749999989,0.0034223749999999996,133.0,2.850507641067478,-0.8133827963078545,0.6855334029275649,-0.0012736144113220961,-9.49923155522011e-5,-0.0006471378483902718,0.06808364139824738,-0.08449709415435791,0.14659173786640167,-0.1467667520046234,0.2936757504940033,0.03124312311410904,-0.32914066314697266,0.40151453018188477,0.3968137502670288,0.11042118072509766,0.8324990272521973,0.2073676437139511,-0.6943615078926086
0.4551758749999989,0.0034223749999999996,133.0,2.823421623940282,-0.7864112369704358,0.6853087145703046,-0.0011242238372425606,-8.586121053398869e-5,-0.0005713817435164577,0.06807455058714652,-0.08514013886451721,0.1463703066110611,-0.1482258141040802,0.28994593024253845,0.031246528029441833,-0.31487178802490234,0.4096231758594513,0.3949378430843353,0.1274101287126541,0.8321506977081299,0.2028154730796814,-0.6887654662132263
0.4551758749999989,0.0034223749999999996,133.0,2.79564231304098,-0.7586813331564513,0.6850780975657762,-0.0009909578120532133,-7.66302478813564e-5,-0.0005039911708570769,0.06807087499382981,-0.08482050895690918,0.14574618637561798,-0.14976388216018677,0.2856011390686035,0.027506157755851746,-0.3056344985961914,0.4156913459300995,0.39198845624923706,0.13831891119480133,0.8301911354064941,0.2072535902261734,-0.6814659237861633
0.4551758749999989,0.0034223749999999996,133.0,2.7668054138171447,-0.730126134611718,0.684826902309908,-0.0008183375848106437,-6.48043971102027e-5,-0.00041532289650221413,0.0680603339049943,-0.08606061339378357,0.14493334293365479,-0.1511462926864624,0.28013506531715393,0.031193040311336517,-0.28559041023254395,0.4253483712673187,0.39221808314323425,0.1689336597919464,0.8298332691192627,0.19606059789657593,-0.6762215495109558
0.4551758749999989,0.0034223749999999996,133.0,2.73714923438938,-0.7008315271657451,0.6846688905549891,-0.0006870573834022758,-5.633400115794876e-5,-0.0003485886835641105,0.06805000345654567,-0.08725088834762573,0.14360058307647705,-0.1520565152168274,0.2719357907772064,0.03481435030698776,-0.2623441219329834,0.4363500773906708,0.3953256607055664,0.19706884026527405,0.8308422565460205,0.19204454123973846,-0.6711370944976807
0.4551758749999989,0.0034223749999999996,133.0,2.7066107551761505,-0.6704855178596663,0.6844400680456182,-0.0005157246338899534,-4.346333099438321e-5,-0.0002620125380842466,0.0680369685035351,-0.08877477049827576,0.14384731650352478,-0.15344583988189697,0.26858723163604736,0.036183834075927734,-0.24658513069152832,0.4462834596633911,0.39495211839675903,0.21072962880134583,0.834683895111084,0.19015559554100037,-0.6674563884735107
0.4551758749999989,0.0034223749999999996,133.0,2.6752779165376643,-0.6389940384903039,0.6840823479710431,-0.00032398084052247787,-2.7037452917647077e-5,-0.00016480317750966342,0.06802543295569498,-0.09003093838691711,0.14625313878059387,-0.1558251678943634,0.27334922552108765,0.03270688280463219,-0.24728703498840332,0.4509944021701813,0.38643062114715576,0.20394784212112427,0.8402614593505859,0.19022402167320251,-0.6637454032897949
0.4551758749999989,0.0034223749999999996,133.0,2.643041196948258,-0.6067564308583435,0.6837796919916067,-0.00015141578273990142,-1.2819390653937442e-5,-7.725140338670072e-5,0.06801016025852374,-0.09183698892593384,0.14804765582084656,-0.15778633952140808,0.27509021759033203,0.03302447497844696,-0.24027729034423828,0.4584256410598755,0.38126295804977417,0.20510078966617584,0.84698486328125,0.18786276876926422,-0.660373330116272
0.4551758749999989,0.0034223749999999996,133.0,2.6099793498994517,-0.5742582313320058,0.6836946384900343,1.678508405299331e-5,1.4909208738319007e-6,8.60430392000886e-6,0.06799703950703542,-0.09365513920783997,0.1460978239774704,-0.1582455337047577,0.26380595564842224,0.03966067358851433,-0.21640539169311523,0.4706035852432251,0.38781309127807617,0.22493845224380493,0.8538897037506104,0.19804483652114868,-0.6556904911994934
0.4551758749999989,0.0034223749999999996,133.0,2.576049274971133,-0.5405540179297502,0.6834352486721301,0.00018542833902695545,1.689950620852987e-5,9.520050040426349e-5,0.06798181139106509,-0.09565529227256775,0.1465243250131607,-0.15990087389945984,0.26043349504470825,0.04202135279774666,-0.20000553131103516,0.48244649171829224,0.38764727115631104,0.2383875846862793,0.860015869140625,0.19623087346553802,-0.6522053480148315
0.4551758749999989,0.0034223749999999996,133.0,2.541176461754261,-0.505646012453627,0.6829554944612557,0.0003682305210040732,3.3979934954112585e-5,0.000189170999439428,0.06796208392834546,-0.09832301735877991,0.14932852983474731,-0.1627943217754364,0.265714555978775,0.04228706657886505,-0.19363808631896973,0.492683470249176,0.3804817199707031,0.24326156079769135,0.867713451385498,0.18458735942840576,-0.6503894329071045
0.4551758749999989,0.0034223749999999996,133.0,2.505516901896273,-0.47025341812259736,0.6826792797978212,0.0005119720373261513,4.845857491527533e-5,0.0002635178768771821,0.0679452945189255,-0.100746750831604,0.1499660611152649,-0.16452258825302124,0.2624090313911438,0.04466765746474266,-0.17693305015563965,0.5056020617485046,0.380962610244751,0.25485658645629883,0.8762269020080566,0.1842866986989975,-0.6476340889930725
0.4551758749999989,0.0034223749999999996,133.0,2.469049362339703,-0.4340489697724335,0.682395350967495,0.0006740796588336913,6.549642328562921e-5,0.00034759180135715507,0.06792877150178896,-0.10302466154098511,0.1504402458667755,-0.16630852222442627,0.25869521498680115,0.04674731567502022,-0.15987110137939453,0.5187262296676636,0.3813391923904419,0.2681915760040283,0.884138822555542,0.1834968775510788,-0.6443557739257812
0.4551758749999989,0.0034223749999999996,133.0,2.431801856445222,-0.397041600712952,0.6821151414767415,0.000846746033138446,8.456417580002624e-5,0.0004373244072893783,0.06791324922302579,-0.10495808720588684,0.1506338268518448,-0.1681644320487976,0.2543557584285736,0.048200659453868866,-0.14249134063720703,0.531845211982727,0.3814849853515625,0.2845785617828369,0.890479564666748,0.18166525661945343,-0.6402015089988708
0.4551758749999989,0.0034223749999999996,133.0,2.3938004898641956,-0.3592603474138878,0.681806827952011,0.001042793395965502,0.00010748053447860113,0.0005394595866525292,0.06789958857913997,-0.10640865564346313,0.15041063725948334,-0.17016270756721497,0.24939025938510895,0.04787727817893028,-0.12548184394836426,0.5451548099517822,0.38155603408813477,0.30374062061309814,0.8946630954742432,0.18023891746997833,-0.6353272199630737
0.4551758749999989,0.0034223749999999996,133.0,2.354999319583586,-0.32066050535862584,0.6815190555525406,0.0012289582359235167,0.0001304587722571591,0.0006364303080684217,0.06788724239538821,-0.10759246349334717,0.14997391402721405,-0.17223751544952393,0.243982195854187,0.0465175062417984,-0.10857105255126953,0.5587502717971802,0.38177427649497986,0.3248154819011688,0.8976428508758545,0.1786666214466095,-0.6301451921463013
0.4551758749999989,0.0034223749999999996,133.0,2.3152440418666327,-0.2816439670573851,0.6813207314032711,0.0013493631496087493,0.00015145381833850825,0.0006995293481606855,0.06787576133493428,-0.10955294966697693,0.1469373255968094,-0.17343634366989136,0.22932885587215424,0.053430575877428055,-0.07859563827514648,0.5797402262687683,0.393121600151062,0.369236022233963,0.90142822265625,0.1848810911178589,-0.6268472671508789
0.4551758749999989,0.0034223749999999996,133.0,2.2746732421453175,-0.24135113386086743,0.6810278686511609,0.0015036230562303745,0.00017386028114493808,0.0007808819051647627,0.06786057333646728,-0.11144989728927612,0.1468634456396103,-0.17533984780311584,0.22452238202095032,0.0542774461209774,-0.06219315528869629,0.5956235527992249,0.39439621567726135,0.38682126998901367,0.907759428024292,0.18522535264492035,-0.623353123664856
0.4551758749999989,0.0034223749999999996,133.0,2.2330728639923145,-0.19956316782912892,0.6804053134644057,0.001654088145832182,0.00019450467035803438,0.000860904764709292,0.0678341253812522,-0.11394050717353821,0.15057285130023956,-0.17906194925308228,0.23412272334098816,0.05071299150586128,-0.06273365020751953,0.6062495112419128,0.38122236728668213,0.38897669315338135,0.9158177375793457,0.16578146815299988,-0.6198301911354065
0.4551758749999989,0.0034223749999999996,133.0,2.191755708007032,-0.15648163057694228,0.6827909290354052,0.0017955223153944004,0.00020177719649015627,0.0009412050846712811,0.06775439453804707,-0.11388015747070312,0.14808031916618347,-0.18007108569145203,0.2182898074388504,0.04687937721610069,-0.03966999053955078,0.6150745153427124,0.38811373710632324,0.3974151313304901,0.9213159084320068,0.18626894056797028,-0.6108831763267517
0.4551758749999989,0.0034223749999999996,133.0,2.1483442115098392,-0.11347990858917564,0.6823556168832244,0.001892271420372611,0.00022744078490532615,0.000996022954698543,0.06772209951740432,-0.11822614073753357,0.14632080495357513,-0.18222594261169434,0.20658327639102936,0.06182720139622688,-0.00807046890258789,0.6456130743026733,0.4004403352737427,0.4524368941783905,0.9335322380065918,0.18355460464954376,-0.6115239262580872
0.4551758749999989,0.0034223749999999996,133.0,2.1035495742192722,-0.07030282114065783,0.6824554046444881,0.00186479498964842,0.00023883031572934153,0.0009917395070889936,0.06768694662411673,-0.13249647617340088,0.14982870221138,-0.18187189102172852,0.19528797268867493,0.09471800178289413,0.026321887969970703,0.6813545227050781,0.4234604239463806,0.43064212799072266,1.0075321197509766,0.21395832300186157,-0.623624324798584
0.4551758749999989,0.0034223749999999996,133.0,2.054787559712417,-0.020361774740076177,0.6789958739868166,0.0017464980285628192,0.00011425572730924363,0.0009666936899523085,0.06754463011922672,-0.17580750584602356,0.22532011568546295,-0.18720781803131104,0.37656131386756897,0.1072683185338974,-0.007196187973022461,0.3880678117275238,0.38131681084632874,-0.4555808901786804,1.3943605422973633,0.0066875796765089035,-0.7627552151679993
0.4551758749999989,0.0034223749999999996,133.0,2.0028888307611283,0.03497697343135066,0.6799573340775916,0.00010263916148520958,-8.325841237901334e-6,6.044127828214355e-5,0.06707274718986454,-0.24540206789970398,0.314687043428421,-0.1691180169582367,0.4461253881454468,0.00015648140106350183,0.2917134761810303,-0.19407600164413452,0.6834432482719421,-1.8241454362869263,1.9803290367126465,-0.14524035155773163,-1.1326019763946533
0.4551758749999989,0.0034223749999999996,133.0,2.0425707294926485,0.06020882367449863,0.6810098808617989,-0.0017124501522857239,-0.00017712205639292263,-0.0010208707981707475,0.06648905545886435,-0.2665865123271942,0.14324599504470825,-0.17261815071105957,0.733115553855896,-0.2044445127248764,0.34405517578125,0.8946362733840942,-0.018376052379608154,-0.9320017099380493,1.7560758590698242,-0.04864710569381714,-0.7149408459663391
0.4551758749999989,0.0034223749999999996,133.0,2.0770104477265936,0.11006729231691988,0.6886231672199018,-0.0019632736564415164,4.672168722759074e-5,-0.0011652399769876655,0.06563234991071179,-0.3316672742366791,0.18070265650749207,-0.09780266880989075,1.0857757329940796,-0.4626079797744751,0.5849481821060181,0.46917858719825745,0.08009326457977295,-1.6383825540542603,2.03525447845459,0.24922096729278564,-1.1658132076263428
0.4551758749999989,0.0034223749999999996,133.0,2.1126156312634974,0.1588582102492308,0.6975413810007517,-0.0020074418491497622,0.00020168824036548728,-0.00111359191940729,0.0651028487431093,-0.40225324034690857,0.2176792025566101,-0.009070515632629395,1.3803009986877441,-0.9919267296791077,0.6663645505905151,-0.10152958333492279,0.3021664321422577,-2.002410888671875,2.0927324295043945,0.5127779245376587,-1.6828639507293701
0.4551758749999989,0.0034223749999999996,133.0,2.153852649630037,0.20417223456201708,0.7002095153250306,-0.0019102561246844838,0.00021157158309008888,-0.0010269271129201456,0.06499025221267168,-0.4069211184978485,0.22890183329582214,0.011253178119659424,1.4575432538986206,-1.0526058673858643,0.6586943864822388,-0.14111581444740295,0.3037976026535034,-2.0524532794952393,2.021252155303955,0.5525871515274048,-1.7620878219604492
0.4551758749999989,0.0034223749999999996,133.0,2.1953223529009547,0.24730157286511292,0.7016333026043049,-0.001755892359579973,0.0002021250108882275,-0.0009264511776167833,0.06494607108316809,-0.4073370397090912,0.2338877022266388,0.02483317255973816,1.5058178901672363,-1.0905320644378662,0.6506330966949463,-0.17666329443454742,0.3000849485397339,-2.060436487197876,1.9598150253295898,0.5993157029151917,-1.8067593574523926
0.4551758749999989,0.0034223749999999996,133.0,2.236242383209233,0.28900517227874145,0.702142702397401,-0.0015604672300490294,0.00017897955389857946,-0.0008147682402450119,0.06494689967917358,-0.4070158898830414,0.23639816045761108,0.029688596725463867,1.5243302583694458,-1.1036500930786133,0.6547678709030151,-0.15705905854701996,0.2957408130168915,-2.0689187049865723,1.9223694801330566,0.638089656829834,-1.8211281299591064
0.4551758749999989,0.0034223749999999996,133.0,2.2764712775457645,0.32978538368968885,0.7023359138571869,-0.0014714432145957659,0.00016331046856400192,-0.0007624247483172173,0.06494291863769336,-0.4090295135974884,0.238613098859787,0.029961317777633667,1.5189019441604614,-1.1313802003860474,0.6743168830871582,-0.1192677766084671,0.30804014205932617,-2.0835022926330566,1.9063382148742676,0.6658321619033813,-1.8283019065856934
0.4551758749999989,0.0034223749999999996,133.0,2.3160803442972613,0.36980001272153923,0.7031054989250323,-0.001263017282430667,0.00013854221562428117,-0.000644690592646486,0.06491823935801071,-0.40953847765922546,0.24074789881706238,0.03456887602806091,1.536225438117981,-1.1470975875854492,0.6829116344451904,-0.10436759889125824,0.3049899935722351,-2.090057134628296,1.8731718063354492,0.6986730694770813,-1.8427369594573975
0.4551758749999989,0.0034223749999999996,133.0,2.3547641019244665,0.4089334013871086,0.7037955053640513,-0.0011022947419078312,0.00011919935247237246,-0.0005550113664917045,0.06490497360124402,-0.40741148591041565,0.24262897670269012,0.04322543740272522,1.5750173330307007,-1.1416527032852173,0.6771749258041382,-0.099678173661232,0.2826429009437561,-2.0908451080322266,1.822434425354004,0.7426199316978455,-1.8592274188995361
0.4551758749999989,0.0034223749999999996,133.0,2.3924869630405796,0.4472267797782698,0.7042978265193757,-0.0008983198277818313,9.582432781972781e-5,-0.0004472815493449916,0.06489487447803757,-0.40789905190467834,0.24462155997753143,0.04813569784164429,1.59199059009552,-1.159386157989502,0.6831275224685669,-0.08650878071784973,0.2798711657524109,-2.09920334815979,1.7881383895874023,0.7779403328895569,-1.873600721359253
0.4551758749999989,0.0034223749999999996,133.0,2.429391436304597,0.4846484157047559,0.7047554645004817,-0.0007164624261815723,7.52540520623343e-5,-0.00035303069341509634,0.06488645755137092,-0.4083144962787628,0.24642963707447052,0.05278468132019043,1.6081072092056274,-1.17470383644104,0.6882541179656982,-0.07322828471660614,0.2762081027030945,-2.106006145477295,1.7554397583007812,0.8119437098503113,-1.8862133026123047
0.4551758749999989,0.0034223749999999996,133.0,2.465462668428992,0.5212173334773027,0.7051914402303305,-0.0005422654592066265,5.603697449221594e-5,-0.00026455501075825543,0.06487801013375959,-0.40873196721076965,0.24805119633674622,0.05696684122085571,1.6230247020721436,-1.1867473125457764,0.6930681467056274,-0.059448156505823135,0.27162331342697144,-2.1112658977508545,1.7254695892333984,0.8432283401489258,-1.8966925144195557
0.4551758749999989,0.0034223749999999996,133.0,2.500706953712112,0.5569190023666901,0.7055590448175093,-0.00037338934782928123,3.788015109904955e-5,-0.00018054651594583327,0.06487082648491159,-0.40909913182258606,0.24949601292610168,0.06065821647644043,1.6366469860076904,-1.194664478302002,0.6972328424453735,-0.0454285629093647,0.2660040259361267,-2.1141884326934814,1.698385238647461,0.8718085289001465,-1.9048223495483398
0.4551758749999989,0.0034223749999999996,133.0,2.5350869284270545,0.5917813347078112,0.7059191988941561,-0.0002097865333781464,2.087957594685088e-5,-0.00010061980079714232,0.06486131102180118,-0.40957579016685486,0.25083479285240173,0.06390723586082458,1.6493455171585083,-1.198134422302246,0.7008479833602905,-0.032411810010671616,0.25940293073654175,-2.1150102615356445,1.6750988960266113,0.8965460062026978,-1.9110243320465088
0.4551758749999989,0.0034223749999999996,133.0,2.568078760119421,0.625877947078954,0.7058095737418519,-6.258164558536597e-5,6.0876751954976514e-6,-2.9977961391536125e-5,0.06485511772158926,-0.4135197699069977,0.2532216012477875,0.06286010146141052,1.6386600732803345,-1.2225087881088257,0.7262157201766968,-0.007906554266810417,0.2746598720550537,-2.126594305038452,1.67547607421875,0.9033737778663635,-1.915822982788086
0.4551758749999989,0.0034223749999999996,133.0,2.6002082795242245,0.6592090126161605,0.7060797672488043,0.00013532949830611862,-1.3096873809095852e-5,6.448275698688702e-5,0.06483321368449238,-0.4173671305179596,0.25556662678718567,0.06443843245506287,1.6409494876861572,-1.2419945001602173,0.7442177534103394,-0.0019505070522427559,0.28311556577682495,-2.1334333419799805,1.6700711250305176,0.9091120958328247,-1.9266846179962158
0.4551758749999989,0.0034223749999999996,133.0,2.6327723144592605,0.6895469657513699,0.7042940285418724,0.0003194179573634789,-2.948664017189161e-5,0.00014990318019189293,0.06499213941019864,-0.4128260910511017,0.2552502453327179,0.07182446122169495,1.6622670888900757,-1.2472506761550903,0.7139090299606323,-0.02289530076086521,0.2705177664756775,-2.1117184162139893,1.6206812858581543,0.956195056438446,-1.9354040622711182
0.4551758749999989,0.0034223749999999996,133.0,2.6633159435312157,0.7211823711239084,0.7045863508239445,0.000505805898842665,-4.643309988269317e-5,0.00023589237204803496,0.06497807554406722,-0.4165317118167877,0.25746721029281616,0.07399556040763855,1.6644971370697021,-1.2752490043640137,0.7331167459487915,-0.011667273938655853,0.2804103493690491,-2.1248908042907715,1.609703779220581,0.9719870686531067,-1.9476990699768066
0.4551758749999989,0.0034223749999999996,133.0,2.69372535535803,0.7518568503558831,0.7054400474720957,0.0007282144199431308,-6.560589497307179e-5,0.0003349409155995586,0.06495133176741238,-0.4156537353992462,0.25831231474876404,0.08067747950553894,1.6969860792160034,-1.2637391090393066,0.726614236831665,-0.0007870858535170555,0.25558599829673767,-2.132349967956543,1.574620008468628,1.0092860460281372,-1.9553818702697754
0.4551758749999989,0.0034223749999999996,133.0,2.723344164123245,0.7816165568754456,0.7060756905197225,0.0008878978233583503,-7.797531935846537e-5,0.0004036694559035877,0.06493800010882621,-0.4146682322025299,0.258748859167099,0.08572849631309509,1.720198392868042,-1.257012128829956,0.7220104932785034,0.017025237902998924,0.23549944162368774,-2.138293743133545,1.542088508605957,1.047630786895752,-1.9585821628570557
0.4551758749999989,0.0034223749999999996,133.0,2.752056689043854,0.8105855691501267,0.7070744422271346,0.001092733325131436,-9.6450955803897e-5,0.0004899368968552592,0.06491454230463836,-0.4142440855503082,0.2593913972377777,0.09343460202217102,1.7518396377563477,-1.2552894353866577,0.7091740369796753,0.006767069920897484,0.21695634722709656,-2.1369383335113525,1.5078020095825195,1.0804979801177979,-1.9716126918792725
0.4551758749999989,0.0034223749999999996,133.0,2.7794887335117395,0.8387407570206178,0.7072913450211984,0.0012498032246041897,-0.00010961343609390939,0.0005573120899028967,0.06491239022856315,-0.416940838098526,0.26088497042655945,0.0947968065738678,1.7491827011108398,-1.2837724685668945,0.7254345417022705,0.022425813600420952,0.22707924246788025,-2.1474812030792236,1.4948654174804688,1.101232647895813,-1.9792933464050293
0.4551758749999989,0.0034223749999999996,133.0,2.806398332916288,0.865987312210029,0.7078547526520808,0.0014263520006915736,-0.00012435367524403753,0.0006300194785296992,0.06490191619787833,-0.41773292422294617,0.2616930305957794,0.09871801733970642,1.7636985778808594,-1.28949773311615,0.7259238958358765,0.030900999903678894,0.21864530444145203,-2.1525912284851074,1.472386121749878,1.126827597618103,-1.9854538440704346
0.4551758749999989,0.0034223749999999996,133.0,2.8327357260720087,0.892260124142998,0.7080984051941877,0.0016372465732223441,-0.00013794650960044527,0.0007180933319090078,0.06490277709894042,-0.4166359007358551,0.26181018352508545,0.10411176085472107,1.7857906818389893,-1.2843701839447021,0.7138726711273193,0.03165234625339508,0.20101377367973328,-2.1506383419036865,1.4419677257537842,1.1570773124694824,-1.989912748336792
0.4551758749999989,0.0034223749999999996,133.0,2.858028011385487,0.9178057973439024,0.7085047621664277,0.0018521598269721018,-0.00015482092691986629,0.0008066224875460988,0.06489240862324952,-0.4168126881122589,0.26249822974205017,0.10858157277107239,1.804133653640747,-1.2817156314849854,0.706855058670044,0.027608485892415047,0.18961581587791443,-2.1493585109710693,1.4218344688415527,1.1766489744186401,-1.996828317642212
0.4551758749999989,0.0034223749999999996,133.0,2.8821817500629825,0.9425670487204103,0.7087088026099523,0.002090436717699943,-0.00017326141518552604,0.0009058667907794236,0.0648858851026571,-0.4185819923877716,0.2634766697883606,0.11104878783226013,1.810514211654663,-1.2955149412155151,0.7118432521820068,0.029368245974183083,0.19070610404014587,-2.1520140171051025,1.4078316688537598,1.1908165216445923,-2.004385232925415
0.4551758749999989,0.0034223749999999996,133.0,2.905530768181282,0.966465027070059,0.7087599999831451,0.0022666969407608728,-0.0001858416121398443,0.0009793254596805116,0.06488484313383387,-0.4206543266773224,0.26456353068351746,0.1119488775730133,1.8098422288894653,-1.3113802671432495,0.7226139307022095,0.03925361484289169,0.19578561186790466,-2.156952142715454,1.3990018367767334,1.2029762268066406,-2.008934259414673
0.4551758749999989,0.0034223749999999996,133.0,2.9279607302677695,0.9895537572637535,0.7087285608237187,0.002490808419217482,-0.0002006194019505444,0.0010737487133090948,0.06488314887117648,-0.42308351397514343,0.2658844590187073,0.10970273613929749,1.797766923904419,-1.3277976512908936,0.7482163906097412,0.07355611026287079,0.20403102040290833,-2.1713976860046387,1.3968253135681152,1.2136437892913818,-2.005384683609009
0.4551758749999989,0.0034223749999999996,133.0,2.9498543229713357,1.0117224299904541,0.7090251785115583,0.002719669365244115,-0.00021756752865764533,0.001165797884981686,0.06487800187202493,-0.42225518822669983,0.2658992111682892,0.11417016386985779,1.8184152841567993,-1.317284107208252,0.7356846332550049,0.07123501598834991,0.18668654561042786,-2.169563055038452,1.3748185634613037,1.2360548973083496,-2.008643627166748
0.4551758749999989,0.0034223749999999996,133.0,2.970755114806441,1.033141759580885,0.7090770097819553,0.0029602470931443022,-0.00023322509212289285,0.0012652383674435237,0.06487331351430392,-0.42409583926200867,0.26696157455444336,0.11427029967308044,1.8150286674499512,-1.3323864936828613,0.7494195699691772,0.08498179912567139,0.19212231040000916,-2.177307605743408,1.367398977279663,1.2476073503494263,-2.010862112045288
0.4551758749999989,0.0034223749999999996,133.0,2.9912523933410213,1.0536138178292929,0.7100220831965308,0.00320896195618726,-0.00025821989284537187,0.00135427696193979,0.06484778624085988,-0.4239378273487091,0.26748713850975037,0.11926612257957458,1.8384501934051514,-1.3194606304168701,0.7366764545440674,0.07596565783023834,0.1750982701778412,-2.1779327392578125,1.3511040210723877,1.2641446590423584,-2.017153024673462
0.4551758749999989,0.0034223749999999996,133.0,3.010589162307917,1.0734003434920507,0.710634644226356,0.003400840579711851,-0.0002742856271122626,0.0014258416915262407,0.06483278496700731,-0.42607471346855164,0.26851579546928406,0.1209515631198883,1.8428840637207031,-1.3299741744995117,0.744257926940918,0.08025673031806946,0.17596733570098877,-2.184345245361328,1.3432466983795166,1.2735347747802734,-2.0225443840026855
0.4551758749999989,0.0034223749999999996,133.0,3.0292817153235645,1.092230258257987,0.7113032704295277,0.0036194912707587976,-0.0002921446267935238,0.0015041822265687969,0.06481585392551559,-0.42510727047920227,0.26844048500061035,0.12638750672340393,1.8685137033462524,-1.3129925727844238,0.7254023551940918,0.07029935717582703,0.15426835417747498,-2.181802272796631,1.3227179050445557,1.2924696207046509,-2.0263423919677734
0.4551758749999989,0.0034223749999999996,133.0,3.0465005062543256,1.1103479564258316,0.7111471451690069,0.0038036877977618753,-0.0003106334996479038,0.001581051600252391,0.06482264431418257,-0.42800846695899963,0.2698991596698761,0.12752851843833923,1.8632892370224,-1.3400977849960327,0.7354304790496826,0.05893080681562424,0.1700669825077057,-2.1823742389678955,1.3207149505615234,1.2926632165908813,-2.0370094776153564
0.4551758749999989,0.0034223749999999996,133.0,3.0635440968282945,1.1274560396911304,0.7114460849707074,0.004024151562103225,-0.00032435199250754535,0.0016634250193880023,0.06481600080110222,-0.427738219499588,0.2699681222438812,0.13002964854240417,1.8740921020507812,-1.3352437019348145,0.7305666208267212,0.06456676125526428,0.1587042510509491,-2.186455011367798,1.3057420253753662,1.310800313949585,-2.036479949951172
0.4551758749999989,0.0034223749999999996,133.0,3.079465426875685,1.1438014336576534,0.7117068970030307,0.004217954446603707,-0.0003409456143659392,0.001735877424937739,0.06481053460074458,-0.42850878834724426,0.27018263936042786,0.13262227177619934,1.8802437782287598,-1.3462415933609009,0.729598879814148,0.06070376932621002,0.1577625870704651,-2.189134120941162,1.2917563915252686,1.3250846862792969,-2.041736602783203
0.4551758749999989,0.0034223749999999996,133.0,3.0946820026159068,1.1591655970881038,0.7116169097107186,0.004409736357402891,-0.0003526737812267393,0.001807975802942622,0.06481575287290223,-0.4289079010486603,0.2702576816082001,0.13427594304084778,1.8779057264328003,-1.3675994873046875,0.7322542667388916,0.060636188834905624,0.16402143239974976,-2.194681406021118,1.2767679691314697,1.3456485271453857,-2.0457825660705566
0.4551758749999989,0.0034223749999999996,133.0,3.1091227363788305,1.1737709770567002,0.7118603256250682,0.0045615319271164615,-0.0003636595519960055,0.0018610799724973245,0.06481527382812877,-0.42813602089881897,0.26984965801239014,0.13513585925102234,1.8742070198059082,-1.3792788982391357,0.7362154722213745,0.07557143270969391,0.16318336129188538,-2.207474708557129,1.2601027488708496,1.3757072687149048,-2.041409969329834
0.4551758749999989,0.0034223749999999996,133.0,3.1225776334729933,1.1875348547210822,0.7121372722026357,0.004697427506657028,-0.0003817839589455883,0.0019061571875879724,0.06482136118816441,-0.42833366990089417,0.26926591992378235,0.138656884431839,1.8728663921356201,-1.4145009517669678,0.7313103675842285,0.05421479418873787,0.1771833300590515,-2.2068912982940674,1.2400026321411133,1.4015476703643799,-2.0541112422943115
0.4551758749999989,0.0034223749999999996,133.0,3.1356893701961392,1.2004648651002325,0.7129209091854749,0.004846446090012219,-0.00039653255920873667,0.001950307604004066,0.06481275129559899,-0.42538049817085266,0.2676805257797241,0.14246836304664612,1.8873121738433838,-1.4060089588165283,0.7142096757888794,0.0561269074678421,0.16031458973884583,-2.2148239612579346,1.2138094902038574,1.4401593208312988,-2.0516626834869385
0.4551758749999989,0.0034223749999999996,133.0,3.148483500306185,1.212196359108067,0.7131266986345114,0.005003751090426718,-0.00039571231325639266,0.0019967182954805105,0.06481775428059561,-0.4192641079425812,0.2650773525238037,0.1477780044078827,1.9106950759887695,-1.3707722425460815,0.67652428150177,0.05957659333944321,0.12426373362541199,-2.2163686752319336,1.179060459136963,1.4888795614242554,-2.038872003555298
0.4551758749999989,0.0034223749999999996,133.0,3.1604478809639587,1.223184939318994,0.713655937931167,0.00516605720720608,-0.0003976168527124012,0.002042394137133,0.0648122280834754,-0.41420450806617737,0.2627243101596832,0.15083953738212585,1.9259446859359741,-1.340142011642456,0.6532939672470093,0.0787086933851242,0.09258651733398438,-2.2251126766204834,1.1498653888702393,1.5337985754013062,-2.022433280944824
0.4551758749999989,0.0034223749999999996,133.0,3.1716780910164792,1.2333289405548853,0.7140381515285169,0.005322141051506529,-0.0003915578178380718,0.00208790047731261,0.06480973586518181,-0.40689143538475037,0.25992122292518616,0.156121164560318,1.9574908018112183,-1.2776484489440918,0.6090980768203735,0.08972048759460449,0.041071414947509766,-2.227956533432007,1.1172618865966797,1.5789141654968262,-2.0022377967834473
0.4551758749999989,0.0034223749999999996,133.0,3.181838725508648,1.242755355527494,0.7143511361055801,0.0054997135548421686,-0.0003871557546199299,0.002146019118884792,0.06481012254241839,-0.39688101410865784,0.2546667754650116,0.15998336672782898,1.9728347063064575,-1.22084379196167,0.5617858171463013,0.08881758153438568,-0.001524507999420166,-2.211376190185547,1.073878288269043,1.6247951984405518,-1.9747304916381836
0.4551758749999989,0.0034223749999999996,133.0,3.1901700404354716,1.253641833995387,0.7173355003770167,0.005757482980997655,-0.0004099738194771655,0.002231915231730398,0.06460306701156861,-0.3884265720844269,0.24930879473686218,0.16104665398597717,1.9783613681793213,-1.1580064296722412,0.5365051031112671,0.09023155272006989,-0.037084102630615234,-2.2065463066101074,1.0410866737365723,1.654158592224121,-1.9444284439086914
0.4551758749999989,0.0034223749999999996,133.0,3.1990096856975616,1.2612982940621291,0.718039233571852,0.006031624132673561,-0.00041917393060624664,0.0023186949056443486,0.06459364115875092,-0.382863312959671,0.24696722626686096,0.1641271412372589,1.9972541332244873,-1.1082617044448853,0.5058944225311279,0.1021420955657959,-0.07479941844940186,-2.2079687118530273,1.016707181930542,1.6826341152191162,-1.9254329204559326
0.4551758749999989,0.0034223749999999996,133.0,3.2065669532010794,1.2681934545591944,0.7181938740951886,0.006442927703825698,-0.00043502402262046334,0.002464056376085946,0.06459691090594892,-0.3753916323184967,0.24365253746509552,0.1677095592021942,2.009887218475342,-1.061272382736206,0.4660818576812744,0.09548796713352203,-0.10699039697647095,-2.1951234340667725,0.9842727184295654,1.7077962160110474,-1.9056117534637451
0.4551758749999989,0.0034223749999999996,133.0,3.2134655227266085,1.2742884692663745,0.7184163717077919,0.00712972871897218,-0.0004649944254899735,0.0027116892330114966,0.06459462900491868,-0.3680907189846039,0.24046342074871063,0.1700056493282318,2.017292022705078,-1.0175526142120361,0.43338894844055176,0.0943337231874466,-0.135012686252594,-2.186122179031372,0.9536805152893066,1.7308783531188965,-1.884800910949707
0.4551758749999989,0.0034223749999999996,133.0,3.2194510494212256,1.279631128525132,0.718471427031385,0.008685778082004417,-0.0005541886621943014,0.003279588510616982,0.0645957892813599,-0.36317548155784607,0.2388175129890442,0.1715034544467926,2.0247039794921875,-0.9937493205070496,0.4192464351654053,0.10302120447158813,-0.1536828875541687,-2.196509599685669,0.9259436130523682,1.7523099184036255,-1.8735499382019043
0.4551758749999989,0.0034223749999999996,133.0,3.224701485314196,1.2848518312734127,0.7188334980988524,0.01618021338351582,-0.0010804194617238792,0.005928969471227506,0.06455872844170486,-0.35540100932121277,0.23850949108600616,0.17694291472434998,2.051669120788574,-0.9821575880050659,0.40575480461120605,0.07733477652072906,-0.16389721632003784,-2.2369401454925537,0.8534011840820312,1.7571061849594116,-1.8902885913848877
0.4551758749999989,0.0034223749999999996,133.0,3.236991510913623,-1.2262592234616707,0.676840998807914,-0.01376601142346308,-0.000579044733427982,-0.007063824187613495,0.06827808813048346,-0.06509581208229065,0.16753795742988586,-0.14316082000732422,0.4768018126487732,0.08463738858699799,-0.7840092182159424,0.30524638295173645,0.4942701756954193,-0.34754258394241333,0.7463700771331787,0.39425474405288696,-0.975151002407074
0.4551758749999989,0.0034223749999999996,133.0,3.2323956933705533,-1.2211525790918332,0.6774180990263821,-0.0074368654533708565,-0.0002479717873571019,-0.0038157989246462203,0.06822945536290123,-0.06621825695037842,0.17118088901042938,-0.13773810863494873,0.4837437868118286,0.04861663654446602,-0.7751336097717285,0.2929457128047943,0.477252334356308,-0.4043915569782257,0.7655904293060303,0.3831644058227539,-0.9649999141693115
0.4551758749999989,0.0034223749999999996,133.0,3.2267958601292497,-1.2156338942546419,0.6774388476089088,-0.006112265478504921,-0.00020048153229070768,-0.0031338921684319144,0.06820679511025014,-0.06935149431228638,0.1713537722826004,-0.13584935665130615,0.47356659173965454,0.04365313798189163,-0.7488837242126465,0.29071348905563354,0.4711936414241791,-0.39846986532211304,0.7847063541412354,0.3672087490558624,-0.9487252831459045
0.4551758749999989,0.0034223749999999996,133.0,3.220586767282149,-1.2096398565926951,0.6774546803517681,-0.005528620294423638,-0.00018314136476805167,-0.0028329000517829535,0.06819834379294683,-0.07140296697616577,0.16993094980716705,-0.13477346301078796,0.4595349431037903,0.03835153952240944,-0.72625732421875,0.2944164574146271,0.46821707487106323,-0.38239577412605286,0.7996716499328613,0.3646394610404968,-0.9316912293434143
0.4551758749999989,0.0034223749999999996,133.0,3.2133434355584805,-1.2026953518390635,0.6774352405655267,-0.005190679408008646,-0.00018184506511964167,-0.002658034977066591,0.06818274677151469,-0.07426652312278748,0.1674211323261261,-0.13342911005020142,0.44273731112480164,0.03960300609469414,-0.6999466419219971,0.3032558262348175,0.4686705768108368,-0.35176265239715576,0.8164525032043457,0.3519268333911896,-0.915353536605835
0.4551758749999989,0.0034223749999999996,133.0,3.2046251531034238,-1.19660695471818,0.6748814779219815,-0.004952286261730242,-0.00023211416049636526,-0.002530487637229679,0.06825129949306445,-0.0747910737991333,0.1641487330198288,-0.13240262866020203,0.42743009328842163,0.03998975828289986,-0.6836073398590088,0.3124726712703705,0.46577486395835876,-0.3146957457065582,0.8203625679016113,0.3463198244571686,-0.8971295356750488
0.4551758749999989,0.0034223749999999996,133.0,3.195815197442115,-1.188354543750588,0.6749407955030573,-0.00475700746755237,-0.00023542012271473507,-0.0024305302973792985,0.0682400550184975,-0.07733148336410522,0.1604672521352768,-0.1304754912853241,0.40649721026420593,0.04016200080513954,-0.6513307094573975,0.323525607585907,0.4695563018321991,-0.27797067165374756,0.8368546962738037,0.3409908413887024,-0.8799874782562256
0.4551758749999989,0.0034223749999999996,133.0,3.186255751772135,-1.1790392953255346,0.6747913467151149,-0.004611496837283896,-0.0002369187120936301,-0.002351093331207341,0.0682317535382954,-0.0792926549911499,0.15785254538059235,-0.12867778539657593,0.38637837767601013,0.03570082411170006,-0.6077766418457031,0.32378679513931274,0.4687545895576477,-0.25235772132873535,0.8523941040039062,0.34458038210868835,-0.8590594530105591
0.4551758749999989,0.0034223749999999996,133.0,3.1757651858285247,-1.1688942804150881,0.6747476969514303,-0.0044822526770567014,-0.00024215780645969265,-0.0022788476007198724,0.06821865359824962,-0.08172863721847534,0.1544674187898636,-0.12618091702461243,0.3640953302383423,0.03512377291917801,-0.5555729866027832,0.32692426443099976,0.47152531147003174,-0.21807847917079926,0.8687093257904053,0.33988916873931885,-0.8395527601242065
0.4551758749999989,0.0034223749999999996,133.0,3.1645509213838574,-1.1581349644016787,0.6748399095646107,-0.004351148805691294,-0.0002482725245261891,-0.0022086957361028095,0.06821046955979307,-0.08361083269119263,0.15040059387683868,-0.12336316704750061,0.340137243270874,0.03448018431663513,-0.499403715133667,0.3292347192764282,0.4763394296169281,-0.18370233476161957,0.8831338882446289,0.3379223048686981,-0.8204028010368347
0.4551758749999989,0.0034223749999999996,133.0,3.1526054871206903,-1.1463322819529336,0.674773952637035,-0.004230274503909449,-0.00024993533588765234,-0.00214168328291484,0.06820625895911792,-0.08338618278503418,0.14763900637626648,-0.12279883027076721,0.32467618584632874,0.033863529562950134,-0.45983195304870605,0.329501211643219,0.4734753370285034,-0.14694666862487793,0.8823621273040771,0.3225935101509094,-0.8020229935646057
0.4551758749999989,0.0034223749999999996,133.0,3.1398797144428556,-1.1336691195263247,0.6745395954860115,-0.004108135652756776,-0.0002493160165091682,-0.0020701131913480855,0.0682052599274171,-0.08140566945075989,0.1449318528175354,-0.12460175156593323,0.3161001205444336,0.03795807436108589,-0.44583773612976074,0.33673447370529175,0.464688241481781,-0.09008567035198212,0.8640484809875488,0.28710073232650757,-0.7845508456230164
0.4551758749999989,0.0034223749999999996,133.0,3.12648433789927,-1.1200979650474923,0.6742722881237375,-0.0040007974908923645,-0.000243842153177727,-0.0020113193995383014,0.068211372275304,-0.07795816659927368,0.14252975583076477,-0.12708601355552673,0.3099971413612366,0.03381279483437538,-0.44465041160583496,0.33775845170021057,0.4527699947357178,-0.04975283518433571,0.8431301116943359,0.2721167504787445,-0.766398012638092
0.4551758749999989,0.0034223749999999996,133.0,3.112223648179377,-1.1056200886057237,0.6739898592278096,-0.00386400289090888,-0.00023387602063045868,-0.001939170810953049,0.06821714231991478,-0.07440906763076782,0.1400357037782669,-0.128831684589386,0.30323028564453125,0.02548612281680107,-0.4466867446899414,0.3367708921432495,0.4434775710105896,-0.027823565527796745,0.827258825302124,0.27877238392829895,-0.7502326965332031
0.4551758749999989,0.0034223749999999996,133.0,3.0968813640449526,-1.090241006381629,0.6737624580149052,-0.003690306078740725,-0.0002283915568116362,-0.0018519306382761024,0.06821266139387971,-0.07343241572380066,0.13937260210514069,-0.13056844472885132,0.3005027174949646,0.027336347848176956,-0.4341766834259033,0.33819523453712463,0.43528491258621216,0.007053195498883724,0.8153767585754395,0.25082504749298096,-0.7392452955245972
0.4551758749999989,0.0034223749999999996,133.0,3.0806593274432696,-1.0739266134562009,0.6735264406957735,-0.003528927233828761,-0.00021835754001549418,-0.0017688817892586085,0.0682082550033055,-0.07232522964477539,0.1401439607143402,-0.1330689787864685,0.3030831813812256,0.025530513375997543,-0.4346652030944824,0.3358187675476074,0.42401447892189026,0.024550532922148705,0.8055422306060791,0.23485535383224487,-0.73050457239151
0.4551758749999989,0.0034223749999999996,133.0,3.0635603897388046,-1.0569361690940964,0.6734654530531017,-0.0033439564745158714,-0.00021007831848459245,-0.001677431844287393,0.06820073539977448,-0.07250291109085083,0.13991421461105347,-0.1337939202785492,0.300028920173645,0.02624979242682457,-0.42078566551208496,0.3389294743537903,0.4211580157279968,0.04113774001598358,0.8031203746795654,0.2245827615261078,-0.7245944142341614
0.4551758749999989,0.0034223749999999996,133.0,3.0457173784554383,-1.0388621800253675,0.6732277454774193,-0.0031676741467130346,-0.0001947530460197449,-0.0015921002376967387,0.06820015008537615,-0.0718926191329956,0.14255669713020325,-0.13649696111679077,0.3085803687572479,0.018449198454618454,-0.4387974739074707,0.3357297480106354,0.40994369983673096,0.022517932578921318,0.801715612411499,0.23735198378562927,-0.7219613790512085
0.4551758749999989,0.0034223749999999996,133.0,3.0268215007952346,-1.0200377531874996,0.6730868218164106,-0.0029863439036719465,-0.000187792109345572,-0.0015002517131788616,0.06818771284662166,-0.07298952341079712,0.14158062636852264,-0.1366092562675476,0.30289509892463684,0.023680943995714188,-0.41823244094848633,0.3427913784980774,0.4109681248664856,0.04705045372247696,0.8017728328704834,0.22388407588005066,-0.7173178791999817
0.4551758749999989,0.0034223749999999996,133.0,3.0072076202233067,-1.0004847255232143,0.6729288847216296,-0.0028233652849547065,-0.00018150569806103282,-0.0014193283360272502,0.06817932626203713,-0.07367956638336182,0.14265574514865875,-0.1380014717578888,0.30427637696266174,0.022728372365236282,-0.4128994941711426,0.34745079278945923,0.4069666266441345,0.05180365964770317,0.8019094467163086,0.21922580897808075,-0.7147307991981506
0.4551758749999989,0.0034223749999999996,133.0,2.9867996082863275,-0.980010490579925,0.6727433136865497,-0.00260917308638673,-0.00016820712059376932,-0.001313587804570715,0.06817339280111637,-0.07417964935302734,0.142875537276268,-0.1388707458972931,0.3031804859638214,0.02156776562333107,-0.40709519386291504,0.35222360491752625,0.4045971632003784,0.055657945573329926,0.8032069206237793,0.22249579429626465,-0.7112941145896912
0.4551758749999989,0.0034223749999999996,133.0,2.965507626400284,-0.9594173531541483,0.6729324303641874,-0.002396634942930298,-0.00016153810701955085,-0.0012077704218203089,0.06816451643295589,-0.07522931694984436,0.13893775641918182,-0.1373959481716156,0.2869061231613159,0.028946537524461746,-0.37339282035827637,0.3606179356575012,0.41356295347213745,0.08962155878543854,0.8057765960693359,0.22208359837532043,-0.7039851546287537
0.4551758749999989,0.0034223749999999996,133.0,2.943372647069382,-0.9372328751466692,0.6726944514825416,-0.0021952626469017925,-0.00014756580136968798,-0.0011069111250698257,0.06815746389407516,-0.07588568329811096,0.14014460146427155,-0.13900098204612732,0.2888951599597931,0.02584090083837509,-0.372211217880249,0.36555591225624084,0.4091993272304535,0.08672567456960678,0.8074913024902344,0.2261461317539215,-0.7016574144363403
0.4551758749999989,0.0034223749999999996,133.0,2.920264637731138,-0.9141040714047662,0.6723915332746726,-0.001994931336183029,-0.00013606874029408142,-0.0010056125044754938,0.06814439084857515,-0.0776773989200592,0.14211750030517578,-0.1408764123916626,0.2925723195075989,0.026707544922828674,-0.36589932441711426,0.37311917543411255,0.4052203893661499,0.09103594720363617,0.810239315032959,0.2167070358991623,-0.7014206647872925
0.4551758749999989,0.0034223749999999996,133.0,2.896235074000346,-0.8898626766440128,0.6718960530074201,-0.0018346800887402914,-0.00012643473855440335,-0.0009240310517051476,0.06812905014475534,-0.07996433973312378,0.14598697423934937,-0.14389798045158386,0.3029184639453888,0.027563802897930145,-0.36734509468078613,0.3796701729297638,0.39625000953674316,0.09203463792800903,0.8126492500305176,0.19740478694438934,-0.7028654217720032
0.4551758749999989,0.0034223749999999996,133.0,2.8715630328183557,-0.8650716206755106,0.6716374194803869,-0.0016371314024464774,-0.00011199223482562358,-0.0008265183511968559,0.06812034969658887,-0.08122873306274414,0.14823591709136963,-0.14558473229408264,0.307309091091156,0.02373310551047325,-0.36907267570495605,0.38381078839302063,0.3910421133041382,0.0791197195649147,0.8184792995452881,0.2049906700849533,-0.7021178007125854
0.4551758749999989,0.0034223749999999996,133.0,2.8460072194550725,-0.8397288919848295,0.6715876123972647,-0.0014541938943627543,-0.00010312620267411724,-0.0007363940889045086,0.06810766213355826,-0.08274862170219421,0.14806708693504333,-0.14632633328437805,0.30275171995162964,0.025438036769628525,-0.35318493843078613,0.39191654324531555,0.3920905590057373,0.08973140269517899,0.823190450668335,0.20629845559597015,-0.698662281036377
0.4551758749999989,0.0034223749999999996,133.0,2.819705363300768,-0.8137926345639829,0.6715107436662353,-0.0012738564498664608,-9.29360743040088e-5,-0.0006455773096519381,0.06809848837141913,-0.08388963341712952,0.14656290411949158,-0.1467909812927246,0.29433882236480713,0.02840122953057289,-0.3325235843658447,0.40119874477386475,0.39527472853660583,0.10969020426273346,0.8260929584503174,0.20848563313484192,-0.6934608221054077
0.4551758749999989,0.0034223749999999996,133.0,2.7926195651562447,-0.7868197210681248,0.6712905427708068,-0.0011244319455279298,-8.399123192867627e-5,-0.0005700126471121016,0.06808960228993542,-0.08455830812454224,0.1463656723499298,-0.14825370907783508,0.29066628217697144,0.028345029801130295,-0.3183403015136719,0.4092716574668884,0.3934808075428009,0.1262838989496231,0.8259451389312744,0.2041471153497696,-0.6880050301551819
0.4551758749999989,0.0034223749999999996,133.0,2.7648373200727487,-0.7590870026077617,0.671064899436954,-0.0009911407530808236,-7.495297864532432e-5,-0.0005027895287531012,0.06808597979102753,-0.08426973223686218,0.14576512575149536,-0.14978432655334473,0.2863803505897522,0.02455054223537445,-0.309161901473999,0.4152979850769043,0.39062631130218506,0.13676190376281738,0.8242368698120117,0.2087789624929428,-0.6808604001998901
0.4551758749999989,0.0034223749999999996,133.0,2.7360023272322818,-0.7305295053824558,0.6708181092311815,-0.0008184836566059142,-6.335996440793348e-5,-0.0004143367199323102,0.06807570636709508,-0.08553627133369446,0.14497797191143036,-0.15117838978767395,0.28096380829811096,0.028194960206747055,-0.28919053077697754,0.424922376871109,0.39093199372291565,0.16704876720905304,0.8240706920623779,0.1977994590997696,-0.6757422685623169
0.4551758749999989,0.0034223749999999996,133.0,2.7063477457558442,-0.7012311364475913,0.6706625252566559,-0.0006871763170111932,-5.507498503428088e-5,-0.0003477669218602083,0.06806566294254345,-0.08675169944763184,0.14366376399993896,-0.1520954668521881,0.2728196084499359,0.03178371116518974,-0.2660329341888428,0.43589720129966736,0.39412015676498413,0.1948690116405487,0.8252744674682617,0.19405214488506317,-0.6707951426506042
0.4551758749999989,0.0034223749999999996,133.0,2.6758124666270504,-0.6708851560825154,0.6704375908881242,-0.0005158130514082123,-4.249125941650291e-5,-0.0002613949663986593,0.0680529266249378,-0.0882992148399353,0.1439291387796402,-0.15349030494689941,0.26952260732650757,0.03310851380228996,-0.25037240982055664,0.44579562544822693,0.3938310444355011,0.208182230591774,0.8293190002441406,0.19241292774677277,-0.6672511100769043
0.4551758749999989,0.0034223749999999996,133.0,2.6444826700831787,-0.639398585438689,0.6700875612156685,-0.00032403835435173845,-2.6419713373243174e-5,-0.000164407882281184,0.06804154991354443,-0.08958205580711365,0.1463615894317627,-0.15586796402931213,0.27433446049690247,0.029578272253274918,-0.25113821029663086,0.4504281282424927,0.3853963613510132,0.2009623646736145,0.8351314067840576,0.19263073801994324,-0.6636765599250793
0.4551758749999989,0.0034223749999999996,133.0,2.6122504160267384,-0.6071645257696666,0.6697907299508786,-0.00015144298865030415,-1.25247923604737e-5,-7.706466847838779e-5,0.06802655909072876,-0.09141108393669128,0.14817917346954346,-0.15783071517944336,0.27613142132759094,0.029852718114852905,-0.2441999912261963,0.45778176188468933,0.3803080916404724,0.20171500742435455,0.8420586585998535,0.19046027958393097,-0.6604400873184204
0.4551758749999989,0.0034223749999999996,133.0,2.5791918151639788,-0.5746604388274271,0.6697059106291906,1.6788081640482405e-5,1.4573166646759381e-6,8.583646333065687e-6,0.06801374607547629,-0.09325286746025085,0.14623762667179108,-0.15828603506088257,0.264920175075531,0.036475714296102524,-0.22039270401000977,0.4699597656726837,0.3869361877441406,0.22126087546348572,0.8491840362548828,0.20098304748535156,-0.6559095978736877
0.4551758749999989,0.0034223749999999996,133.0,2.5452665003293853,-0.5409565653225866,0.6694511453540245,0.000185462324406694,1.6517100209619175e-5,9.497099463542603e-5,0.06799886032474423,-0.09527429938316345,0.14668205380439758,-0.1599474847316742,0.2616043984889984,0.038800694048404694,-0.20406794548034668,0.4817574918270111,0.3868389129638672,0.2343892753124237,0.8554856777191162,0.1994016319513321,-0.6525511741638184
0.4551758749999989,0.0034223749999999996,133.0,2.5104013983215605,-0.5060548748752425,0.6689804544962381,0.0003682992338819758,3.3197728099042626e-5,0.0001887076634400376,0.06797953354729487,-0.0979604423046112,0.1495172083377838,-0.16285640001296997,0.266943097114563,0.03903280943632126,-0.19777965545654297,0.49188753962516785,0.3797184228897095,0.23891495168209076,0.863306999206543,0.18783380091190338,-0.6508373022079468
0.4551758749999989,0.0034223749999999996,133.0,2.4747482122158106,-0.4706630975219444,0.6687089350578853,0.0005120702992036942,4.733802240422635e-5,0.0002628650872716606,0.0679631290475963,-0.10040172934532166,0.15017296373844147,-0.1645933985710144,0.2637091279029846,0.041388384997844696,-0.1811661720275879,0.5047581195831299,0.3802495002746582,0.2502037584781647,0.8719472885131836,0.18774618208408356,-0.6482039093971252
0.4551758749999989,0.0034223749999999996,133.0,2.43828655010516,-0.43445903917410306,0.6684298887149538,0.0006742127133264501,6.397706263023258e-5,0.0003467221951365698,0.06794698792232415,-0.10269773006439209,0.1506664752960205,-0.16638776659965515,0.2600715756416321,0.043441079556941986,-0.16419243812561035,0.5178439021110535,0.3806661367416382,0.26323917508125305,0.8799839019775391,0.18714959919452667,-0.6450424790382385
0.4551758749999989,0.0034223749999999996,133.0,2.4010437499412167,-0.3974513604841408,0.6681548142505287,0.000846916924681949,8.260008299056563e-5,0.0004362230634315046,0.06793182903041001,-0.10464957356452942,0.15088032186031342,-0.1682509481906891,0.25580984354019165,0.04486346244812012,-0.1468963623046875,0.5309351682662964,0.3808462619781494,0.27933552861213684,0.8864452838897705,0.18549272418022156,-0.6410008668899536
0.4551758749999989,0.0034223749999999996,133.0,2.3630453455929334,-0.35966874387261044,0.66785219427523,0.0010430071477734843,0.00010499533093920054,0.000538099988512284,0.06791849952717803,-0.10612031817436218,0.15067842602729797,-0.1702558994293213,0.2509195804595947,0.044509727507829666,-0.12995672225952148,0.5442386269569397,0.3809451460838318,0.29822838306427,0.8907477855682373,0.18421532213687897,-0.6362301111221313
0.4551758749999989,0.0034223749999999996,133.0,2.3242462855831456,-0.32106702491045425,0.6675704631252026,0.0012292144760466118,0.00012745058259373682,0.0006348259299849706,0.06790645404075915,-0.10732394456863403,0.1502627730369568,-0.1723364293575287,0.24558556079864502,0.0431160070002079,-0.11311483383178711,0.5578389167785645,0.38118577003479004,0.31905707716941833,0.89383864402771,0.18277959525585175,-0.6311454772949219
0.4551758749999989,0.0034223749999999996,133.0,2.2844950935708086,-0.28204319097766906,0.6673744670054876,0.0013496528625051916,0.0001480038070160328,0.0006977804901571287,0.0678953752468383,-0.10930377244949341,0.1472318470478058,-0.17354705929756165,0.231002539396286,0.05002498999238014,-0.08320879936218262,0.5789486765861511,0.39255136251449585,0.3633859157562256,0.8977477550506592,0.18928681313991547,-0.6279375553131104
0.4551758749999989,0.0034223749999999996,133.0,2.243929407150945,-0.24174944191953543,0.6670867764057851,0.0015039594059604974,0.00016990371844991542,0.0007789155718318108,0.06788056398328389,-0.11121642589569092,0.14717693626880646,-0.17545810341835022,0.22629250586032867,0.05086623877286911,-0.06689190864562988,0.5948419570922852,0.3938276469707489,0.38073065876960754,0.9041554927825928,0.1897667497396469,-0.6245420575141907
0.4551758749999989,0.0034223749999999996,133.0,2.202338016772939,-0.1999692137429622,0.6664760063013022,0.0016544772264887474,0.0001900259714043425,0.0008586926617814319,0.0678545897911586,-0.11381962895393372,0.15100546181201935,-0.1791793406009674,0.23614619672298431,0.04765981063246727,-0.06746077537536621,0.6053879857063293,0.3805842399597168,0.3821384012699127,0.9126334190368652,0.16998134553432465,-0.6212047338485718
0.4551758749999989,0.0034223749999999996,133.0,2.161016624946806,-0.15687911757808923,0.6688630245037338,0.0017959567385600504,0.00019688984203238919,0.0009387714851948689,0.06777466381973056,-0.11374026536941528,0.14847294986248016,-0.1801580786705017,0.22035272419452667,0.043656859546899796,-0.04447007179260254,0.614389955997467,0.3875461220741272,0.39064091444015503,0.9180653095245361,0.19096091389656067,-0.6123692989349365
0.4551758749999989,0.0034223749999999996,133.0,2.1176193119377986,-0.11387061299223498,0.6684328716526251,0.0018927697913480542,0.0002218903760328004,0.000993436321668585,0.06774318053002572,-0.1178227961063385,0.14649598300457,-0.1823568344116211,0.20830053091049194,0.05814909562468529,-0.012835025787353516,0.6448800563812256,0.399867445230484,0.4471520483493805,0.9287662506103516,0.18851728737354279,-0.6126536130905151
0.4551758749999989,0.0034223749999999996,133.0,2.072880297979441,-0.07071934785374412,0.6685266543725727,0.0018653936049243785,0.00023330854410733693,0.0009888067670061364,0.06771012101047817,-0.13105055689811707,0.14918780326843262,-0.18208950757980347,0.19556644558906555,0.08964791148900986,0.02165079116821289,0.6800779104232788,0.4227944612503052,0.43160462379455566,0.9969964027404785,0.22001811861991882,-0.6231957674026489
0.4551758749999989,0.0034223749999999996,133.0,2.0242782250696614,-0.02101355406685785,0.6650922037073332,0.001746956377837222,0.00011277794486001372,0.0009622993577945388,0.06757512089322458,-0.17187687754631042,0.22206884622573853,-0.18788564205169678,0.3697432577610016,0.10253410786390305,-0.019257545471191406,0.39134421944618225,0.37933969497680664,-0.42363402247428894,1.372847318649292,0.020574958994984627,-0.7538735866546631
0.4551758749999989,0.0034223749999999996,133.0,1.9726238517101031,0.034022095162050785,0.6660070050880983,0.00010267799756657838,-7.959491890141765e-6,6.0085866813678484e-5,0.06712085914034474,-0.23785695433616638,0.30395084619522095,-0.17319998145103455,0.43337908387184143,0.02012970671057701,0.25850558280944824,-0.11393599212169647,0.6400057077407837,-1.6903692483901978,1.9225587844848633,-0.1204921081662178,-1.0767004489898682
0.4551758749999989,0.0034223749999999996,133.0,2.0124117391760663,0.0598072312327554,0.6671377186901755,-0.0017121415556211133,-0.0001747459671613469,-0.0010158899218662611,0.06653909733907898,-0.25742921233177185,0.13914749026298523,-0.178206205368042,0.6994452476501465,-0.18813180923461914,0.30126452445983887,0.9378690719604492,-0.026697754859924316,-0.8189628720283508,1.6881256103515625,-0.07162664085626602,-0.6731738448143005
0.4551758749999989,0.0034223749999999996,133.0,2.0470884694836777,0.10953072515838654,0.6745446356572469,-0.001960922949597101,4.4018877837303686e-5,-0.0011598674320230568,0.06570163959992241,-0.32065847516059875,0.17572273313999176,-0.11093232035636902,1.032179832458496,-0.4101996421813965,0.5571810007095337,0.5499448180198669,0.05897572636604309,-1.5622578859329224,2.0043206214904785,0.19545869529247284,-1.0911108255386353
0.4551758749999989,0.0034223749999999996,133.0,2.082935291982866,0.1581923470321098,0.6831891238538845,-0.00200338154430626,0.00019438658801974483,-0.0011098531867188015,0.06518737571637231,-0.3945850431919098,0.2130032479763031,-0.01579025387763977,1.3626731634140015,-0.9256398677825928,0.6591538190841675,-0.060533445328474045,0.2740750312805176,-1.9769631624221802,2.0924339294433594,0.5203207731246948,-1.636979341506958
0.4551758749999989,0.0034223749999999996,133.0,2.1242023161769885,0.20345830730059372,0.6857954293850099,-0.001906035290613876,0.00020434861893987678,-0.001023897507695756,0.06507720169166423,-0.40307489037513733,0.22739501297473907,0.007391214370727539,1.4419835805892944,-1.0337449312210083,0.6528420448303223,-0.12710167467594147,0.29914769530296326,-2.044915199279785,2.021063804626465,0.5526365637779236,-1.7418204545974731
0.4551758749999989,0.0034223749999999996,133.0,2.1656834208260314,0.24656733090671443,0.687191446255047,-0.001751855258084604,0.00019549779604259273,-0.0009239050383383166,0.06503405818542547,-0.40625807642936707,0.23319405317306519,0.01743987202644348,1.4717518091201782,-1.0866502523422241,0.6583876609802246,-0.1453603208065033,0.311144083738327,-2.067477226257324,1.9801664352416992,0.5886533260345459,-1.7838125228881836
0.4551758749999989,0.0034223749999999996,133.0,2.2065965281404836,0.28825965878150084,0.6876676328944968,-0.0015566934442471732,0.00017314334664522954,-0.0008128470428240317,0.06503507247016264,-0.4037077724933624,0.23568837344646454,0.026764243841171265,1.5119796991348267,-1.0903652906417847,0.6489274501800537,-0.1485549509525299,0.2931525707244873,-2.066382646560669,1.9210891723632812,0.637269914150238,-1.80615234375
0.4551758749999989,0.0034223749999999996,133.0,2.246834890851151,0.3290292456061341,0.6878603145936912,-0.0014678476533134496,0.00015797431639022643,-0.0007606531015713156,0.06503092466221841,-0.4056810438632965,0.23794245719909668,0.027018338441848755,1.5065642595291138,-1.1178547143936157,0.6683591604232788,-0.11120148003101349,0.30548855662345886,-2.0812020301818848,1.9050965309143066,0.6647141575813293,-1.8133745193481445
0.4551758749999989,0.0034223749999999996,133.0,2.2864485432853945,0.3690328726711948,0.6886142463273964,-0.0012598518955756457,0.00013407157876152125,-0.0006432760365036954,0.06500669524000126,-0.406137615442276,0.24011528491973877,0.03154647350311279,1.5237394571304321,-1.133323073387146,0.6769320964813232,-0.0965435802936554,0.3025818467140198,-2.0879476070404053,1.8720917701721191,0.6972032189369202,-1.827805757522583
0.4551758749999989,0.0034223749999999996,133.0,2.3251274751342734,0.4081564669364991,0.6892744069685527,-0.0010994224427377988,0.00011537197747240954,-0.0005539532482156771,0.06499388748431949,-0.40395477414131165,0.24201489984989166,0.039983928203582764,1.561927318572998,-1.1275913715362549,0.6713764667510986,-0.09166383743286133,0.2805413603782654,-2.0886240005493164,1.82200288772583,0.7404105067253113,-1.844003677368164
0.4551758749999989,0.0034223749999999996,133.0,2.362854508242541,0.4464395086724495,0.6897578888825662,-0.0008959222862738656,9.275520980555444e-5,-0.00044651344878498216,0.06498405559464507,-0.4043939411640167,0.24404630064964294,0.04480448365211487,1.5787068605422974,-1.145021677017212,0.6773453950881958,-0.07877159118652344,0.27794647216796875,-2.097123146057129,1.7879719734191895,0.7752500176429749,-1.8583617210388184
0.4551758749999989,0.0034223749999999996,133.0,2.3997627954972316,0.48385187220766285,0.690198987705361,-0.0007145077292364123,7.285466376272117e-5,-0.0003524891819408001,0.06497585230842373,-0.4047667682170868,0.24589577317237854,0.049371808767318726,1.594639778137207,-1.1601039171218872,0.6825015544891357,-0.06579047441482544,0.2744792103767395,-2.1040892601013184,1.7555298805236816,0.8087882399559021,-1.870987892150879
0.4551758749999989,0.0034223749999999996,133.0,2.4358376798486714,0.5204124352864576,0.6906216533278378,-0.0005407561240836189,5.426633232229884e-5,-0.00026419292593191,0.06496760263166078,-0.4051477611064911,0.24755984544754028,0.05348002910614014,1.6093723773956299,-1.1719834804534912,0.6873531341552734,-0.052319515496492386,0.2701084017753601,-2.109527826309204,1.7258052825927734,0.839636504650116,-1.8814973831176758
0.4551758749999989,0.0034223749999999996,133.0,2.4710906391710203,0.5561068693331549,0.6909902086078297,-0.0003723459569042537,3.6706240467332804e-5,-0.00018030203128383386,0.06496031281540862,-0.40548941493034363,0.2490481436252594,0.057109951972961426,1.6228699684143066,-1.1797372102737427,0.6915817260742188,-0.03865627944469452,0.2646903991699219,-2.112626552581787,1.6989750862121582,0.867735743522644,-1.8897051811218262
0.4551758749999989,0.0034223749999999996,133.0,2.50547432751383,0.5909618662647896,0.6913380668126302,-0.00020919136320242136,2.023454830809925e-5,-0.00010049627104107344,0.06495097094512861,-0.4059288799762726,0.250421941280365,0.06028205156326294,1.635340690612793,-1.1830976009368896,0.6952407360076904,-0.025864318013191223,0.25832757353782654,-2.1135990619659424,1.675896167755127,0.8920739889144897,-1.8959205150604248
0.4551758749999989,0.0034223749999999996,133.0,2.5384717044553016,0.6250468834168366,0.6911992564822842,-6.239889991608959e-5,5.891820031249134e-6,-2.9949297118923283e-5,0.06494534533045997,-0.4097917973995209,0.25280117988586426,0.059155941009521484,1.6243757009506226,-1.2069344520568848,0.7203919887542725,-0.001458154059946537,0.2736017405986786,-2.125196933746338,1.676377296447754,0.8986915946006775,-1.9004542827606201
0.4551758749999989,0.0034223749999999996,133.0,2.5706216764539485,0.6583678921723517,0.6914796094796133,0.000134935246263531,-1.268566146573174e-5,6.441597078677718e-5,0.06492354802028688,-0.4136163294315338,0.2551712095737457,0.06069594621658325,1.6266155242919922,-1.226101040840149,0.738332986831665,0.004164732061326504,0.2821146845817566,-2.1322245597839355,1.671182632446289,0.9040958285331726,-1.9113240242004395
0.4551758749999989,0.0034223749999999996,133.0,2.603178246191211,0.6887034180881397,0.6896789329315235,0.0003184859578406403,-2.8532661598586466e-5,0.00014976338905296746,0.06508210520058,-0.4090801179409027,0.25491365790367126,0.06800159811973572,1.6477168798446655,-1.231716275215149,0.7084000110626221,-0.01683439128100872,0.26989394426345825,-2.1108238697052,1.6220669746398926,0.9507659077644348,-1.920208215713501
0.4551758749999989,0.0034223749999999996,133.0,2.6337292743683562,0.7203276011852867,0.6899340787490006,0.0005042807093650384,-4.488970536495204e-5,0.00023574785366564275,0.06506901406929436,-0.4127086102962494,0.2571415305137634,0.07009324431419373,1.6496610641479492,-1.259444236755371,0.7274864912033081,-0.005744112655520439,0.279920756816864,-2.124096393585205,1.6111633777618408,0.9663892984390259,-1.9323523044586182
0.4551758749999989,0.0034223749999999996,133.0,2.6641432659622266,0.7509967986715238,0.6907782192055619,0.0007259921397290396,-6.348481485367899e-5,0.0003347630564183704,0.06504264703306811,-0.41180750727653503,0.25804394483566284,0.07670602202415466,1.6819227933883667,-1.2483183145523071,0.7212036848068237,0.004780885763466358,0.25558194518089294,-2.131659984588623,1.5761899948120117,1.0031123161315918,-1.940298080444336
0.4551758749999989,0.0034223749999999996,133.0,2.693765238399758,0.7807529759696784,0.6914065590230375,0.0008851654011064387,-7.551267178270582e-5,0.00040348655759430015,0.06502938613750021,-0.4107992351055145,0.25853461027145386,0.08169379830360413,1.7049285173416138,-1.2418652772903442,0.7168282270431519,0.022243473678827286,0.2359371781349182,-2.1377177238464355,1.5437877178192139,1.0408642292022705,-1.9437358379364014
0.4551758749999989,0.0034223749999999996,133.0,2.7224763198910518,0.8097166240358891,0.6923643110956548,0.0010892698632572384,-9.339953244334861e-5,0.0004898778095884381,0.06500700318405392,-0.4103381931781769,0.259223610162735,0.08931520581245422,1.7362200021743774,-1.2406857013702393,0.7042255401611328,0.011937035247683525,0.21786946058273315,-2.136549949645996,1.509523630142212,1.0735201835632324,-1.9568979740142822
0.4551758749999989,0.0034223749999999996,133.0,2.749918685816935,0.8378633155929556,0.692561302479878,0.0012457777794838002,-0.00010613120826357914,0.0005573508938153457,0.0650053199054921,-0.4129963219165802,0.26074543595314026,0.09066227078437805,1.7334868907928467,-1.2690610885620117,0.7204264402389526,0.02716432884335518,0.228142648935318,-2.147287130355835,1.4965991973876953,1.0940346717834473,-1.9646522998809814
0.4551758749999989,0.0034223749999999996,133.0,2.77683486408511,0.8651047780328507,0.6931179924323145,0.0014217202642517206,-0.00012054076915061437,0.0006301133746938773,0.06499513122205237,-0.41377875208854675,0.26159805059432983,0.09453675150871277,1.747849702835083,-1.274967908859253,0.7211446762084961,0.03539325296878815,0.22004085779190063,-2.152564287185669,1.4742484092712402,1.1192489862442017,-1.970994234085083
0.4551758749999989,0.0034223749999999996,133.0,2.8031728265753717,0.8913761909042026,0.693344443462379,0.0016318735805550713,-0.00013361416710578846,0.0007183367430789746,0.06499592550250173,-0.4126620590686798,0.2617533802986145,0.09983453154563904,1.7696195840835571,-1.270185112953186,0.709473729133606,0.03623763099312782,0.20283648371696472,-2.1506834030151367,1.4439811706542969,1.1491330862045288,-1.975562334060669
0.4551758749999989,0.0034223749999999996,133.0,2.8284680093549457,0.9169185144964072,0.693741543393552,0.0018460327609358066,-0.0001500427465507024,0.0008069695213923998,0.06498583582267187,-0.41283318400382996,0.26246899366378784,0.10422393679618835,1.7876999378204346,-1.2678321599960327,0.7028071880340576,0.032317619770765305,0.19177544116973877,-2.1494815349578857,1.4239959716796875,1.1684057712554932,-1.9825561046600342
0.4551758749999989,0.0034223749999999996,133.0,2.8526304975477643,0.9416745020782488,0.6939281466152295,0.002083443059134682,-0.00016782381263667718,0.000906409240957806,0.06497963382596078,-0.4145807921886444,0.26347124576568604,0.10664531588554382,1.7939178943634033,-1.2817243337631226,0.7079590559005737,0.03402838110923767,0.19307371973991394,-2.152296543121338,1.4100327491760254,1.1824543476104736,-1.9901602268218994
0.4551758749999989,0.0034223749999999996,133.0,2.8759874510595083,0.9655661559901053,0.6939618528113656,0.0022590204704550773,-0.00017992011113062673,0.0009800688436347631,0.06497897055929433,-0.4166289269924164,0.2645733654499054,0.10750225186347961,1.793081283569336,-1.2975800037384033,0.7188715934753418,0.0438578836619854,0.19832581281661987,-2.157341480255127,1.4012389183044434,1.194466233253479,-1.994718074798584
0.4551758749999989,0.0034223749999999996,133.0,2.898432781914861,0.9886495519107797,0.6939570416182836,0.0024824601073700327,-0.00019456318923566032,0.001074406673750351,0.06497667516576573,-0.4190545976161957,0.26590245962142944,0.10521313548088074,1.780954122543335,-1.3136088848114014,0.7446463108062744,0.07798625528812408,0.2066461443901062,-2.171745538711548,1.3993182182312012,1.20456063747406,-1.991185188293457
0.4551758749999989,0.0034223749999999996,133.0,2.9203239599953537,1.0108160757616573,0.6942260793210338,0.00271039029281239,-0.00021091894288425206,0.001166801551241516,0.06497211289213994,-0.4182187020778656,0.2659555971622467,0.10967084765434265,1.801472544670105,-1.3038232326507568,0.7323955297470093,0.07560296356678009,0.1897076964378357,-2.1700894832611084,1.377084493637085,1.2269561290740967,-1.9947283267974854
0.4551758749999989,0.0034223749999999996,133.0,2.9412341712471264,1.0322297770282807,0.694275321251396,0.0029501041263782844,-0.00022611707791910684,0.0012664006536863932,0.06496747958356258,-0.4200727641582489,0.2670481503009796,0.10979875922203064,1.7981570959091187,-1.319065809249878,0.7462259531021118,0.08897422254085541,0.19530227780342102,-2.1780078411102295,1.369591474533081,1.2382776737213135,-1.997175693511963
0.4551758749999989,0.0034223749999999996,133.0,2.9617338544092973,1.05270013278077,0.6952092204300945,0.0031979226284278377,-0.00025068234340894246,0.0013555788987881917,0.06494254112173367,-0.4199354350566864,0.26760566234588623,0.11475345492362976,1.8214610815048218,-1.3066799640655518,0.7338708639144897,0.0800660252571106,0.178646057844162,-2.17867112159729,1.3532721996307373,1.2544924020767212,-2.003722667694092
0.4551758749999989,0.0034223749999999996,133.0,2.9810785334749474,1.0724813423255708,0.6958062400139905,0.0033890272830484534,-0.0002663109785961999,0.0014273740698360982,0.06492813847696204,-0.4220714867115021,0.2686547040939331,0.11637410521507263,1.8257437944412231,-1.3171089887619019,0.7417453527450562,0.08447501063346863,0.17972055077552795,-2.185046672821045,1.3455181121826172,1.263479471206665,-2.009167194366455
0.4551758749999989,0.0034223749999999996,133.0,2.9997682467535123,1.0913098869963913,0.6964452758140859,0.003606734648205565,-0.00028357198847143755,0.001506110393281045,0.06491198738200141,-0.4211035668849945,0.2686120271682739,0.12174966931343079,1.8512136936187744,-1.3006601333618164,0.7233130931854248,0.07478424906730652,0.15842968225479126,-2.182499647140503,1.3248507976531982,1.2821418046951294,-2.0132205486297607
0.4551758749999989,0.0034223749999999996,133.0,3.0170008322665836,1.1094197073468135,0.6962854344778244,0.003790226789012896,-0.0003015444914621604,0.0015831919614254062,0.06491893145268354,-0.42402181029319763,0.27008315920829773,0.12280479073524475,1.8459662199020386,-1.3273093700408936,0.7336972951889038,0.06384934484958649,0.17426684498786926,-2.182966709136963,1.323056697845459,1.2817785739898682,-2.0239014625549316
0.4551758749999989,0.0034223749999999996,133.0,3.034045127216109,1.126528801430816,0.69658126925417,0.004009911715950057,-0.00031493829552190937,0.0016657463865662765,0.06491213363891843,-0.4238685667514801,0.2702455520629883,0.1251649558544159,1.8567345142364502,-1.3223727941513062,0.7298378944396973,0.06991790235042572,0.16339847445487976,-2.186603307723999,1.3088047504425049,1.298046588897705,-2.023832321166992
0.4551758749999989,0.0034223749999999996,133.0,3.049968894325412,1.1428739969666037,0.6968335565675384,0.004202956636778521,-0.00033117487804035743,0.0017385086320558802,0.06490670944308347,-0.42488130927085876,0.27062898874282837,0.12759336829185486,1.8630212545394897,-1.3333406448364258,0.7303767204284668,0.06659355759620667,0.16312280297279358,-2.1885952949523926,1.2961573600769043,1.309468150138855,-2.0298879146575928
0.4551758749999989,0.0034223749999999996,133.0,3.065193071324365,1.1582344121929746,0.6967327026554347,0.0043939983036818476,-0.0003422947040075039,0.0018109425550520014,0.06491191060447579,-0.4257815182209015,0.27102527022361755,0.12888643145561218,1.8608009815216064,-1.3544353246688843,0.7359170913696289,0.06773477792739868,0.1705946922302246,-2.1924149990081787,1.2842600345611572,1.3241640329360962,-2.03525710105896
0.4551758749999989,0.0034223749999999996,133.0,3.0796324365220955,1.1728400298092758,0.6969722629652616,0.004545211938892348,-0.000353239513350947,0.0018643202153655223,0.06491125740248904,-0.42576393485069275,0.2711022198200226,0.12936905026435852,1.8576847314834595,-1.3664588928222656,0.7437804937362671,0.08394211530685425,0.1715286672115326,-2.2029638290405273,1.2715840339660645,1.3460410833358765,-2.0332274436950684
0.4551758749999989,0.0034223749999999996,133.0,3.0930902612727875,1.18660476657521,0.6972339923381243,0.004680549900140862,-0.0003707815252602564,0.0019099006492081833,0.06491719207024935,-0.4265083968639374,0.27087417244911194,0.13268396258354187,1.8569586277008057,-1.402352213859558,0.741530179977417,0.06352895498275757,0.1866787075996399,-2.201237201690674,1.2540252208709717,1.3668267726898193,-2.0476877689361572
0.4551758749999989,0.0034223749999999996,133.0,3.1061896550025265,1.1995413671394044,0.6979974179446434,0.004828877773368625,-0.0003852594932581692,0.001954621419150198,0.06490870355644032,-0.42406919598579407,0.26963889598846436,0.13626143336296082,1.8719271421432495,-1.3949371576309204,0.7270653247833252,0.06651244312524796,0.17103517055511475,-2.2079005241394043,1.2301528453826904,1.4004764556884766,-2.0469846725463867
0.4551758749999989,0.0034223749999999996,133.0,3.118962515744991,1.2112822499654878,0.6981850788515993,0.00498555214583789,-0.0003842903151756774,0.00200151265468225,0.06491336083175626,-0.4184529483318329,0.26738491654396057,0.14135923981666565,1.895986795425415,-1.361348271369934,0.6918952465057373,0.07113896310329437,0.1362570822238922,-2.2081151008605957,1.1974461078643799,1.4445589780807495,-2.0361437797546387
0.4551758749999989,0.0034223749999999996,133.0,3.130906565794613,1.2222806762370073,0.698700233288966,0.005147204475465199,-0.0003862414122780637,0.0020476281740531036,0.06490762156958124,-0.4138583242893219,0.26535648107528687,0.14420893788337708,1.911954402923584,-1.3319381475448608,0.6709803342819214,0.0913303941488266,0.10567137598991394,-2.215569496154785,1.170302391052246,1.4849634170532227,-2.0215108394622803
0.4551758749999989,0.0034223749999999996,133.0,3.1421096301555713,1.232436697551014,0.6990692407115661,0.0053026888268319404,-0.00038027509462436185,0.0020935210871524308,0.06490475959045515,-0.4072827398777008,0.26293936371803284,0.14825615286827087,1.9375574588775635,-1.2784080505371094,0.635576605796814,0.10848447680473328,0.060668349266052246,-2.221240758895874,1.1411404609680176,1.5282989740371704,-2.0019659996032715
0.4551758749999989,0.0034223749999999996,133.0,3.1522423144218092,1.2418749728780034,0.6993606061811405,0.005479493603117413,-0.0003756023107891338,0.0021522982157957163,0.06490481696521196,-0.4021964371204376,0.26085665822029114,0.15102431178092957,1.9558219909667969,-1.2382649183273315,0.6112964153289795,0.1290411502122879,0.025193601846694946,-2.2280080318450928,1.1158726215362549,1.565220594406128,-1.9846882820129395
0.4551758749999989,0.0034223749999999996,133.0,3.1605623199697486,1.252770374252251,0.702342148564573,0.0057361944717383385,-0.0003983985117538957,0.002238642230586547,0.06469786324700369,-0.403579980134964,0.261636883020401,0.15108194947242737,1.972755789756775,-1.2058851718902588,0.6269077062606812,0.16480852663516998,0.0013512372970581055,-2.2663042545318604,1.117950677871704,1.5759738683700562,-1.9778082370758057
0.4551758749999989,0.0034223749999999996,133.0,3.1693794358214453,1.260436297083415,0.7030236879116555,0.006009208717939323,-0.00040711959654328916,0.002326019284957497,0.06468866397733992,-0.3981575071811676,0.25968676805496216,0.15531191229820251,1.9995331764221191,-1.1527233123779297,0.5908157825469971,0.1700306236743927,-0.03997313976287842,-2.2678232192993164,1.0950508117675781,1.6041024923324585,-1.963022232055664
0.4551758749999989,0.0034223749999999996,133.0,3.1769111985245124,1.267343986816252,0.7031723427726736,0.00641899951330959,-0.00042248946992294145,0.0024722458643120886,0.06469126023301307,-0.39423617720603943,0.2581545114517212,0.1583961546421051,2.015584945678711,-1.125810980796814,0.5682357549667358,0.1747989058494568,-0.06453651189804077,-2.2708394527435303,1.072274923324585,1.6290708780288696,-1.954408884048462
0.4551758749999989,0.0034223749999999996,133.0,3.183779932553642,1.273452062355701,0.7033760530592801,0.007103174502231064,-0.00045101840017822364,0.0027212573639500397,0.06468863999552082,-0.389969140291214,0.25674760341644287,0.15836074948310852,2.0242176055908203,-1.091018557548523,0.5596891641616821,0.2041841596364975,-0.09085720777511597,-2.2857954502105713,1.0552098751068115,1.6556713581085205,-1.936769962310791
0.4551758749999989,0.0034223749999999996,133.0,3.1897379010900377,1.2788065107765225,0.7034247256550972,0.008653407832905712,-0.0005374613816687365,0.0032918953458887018,0.06468921646612938,-0.38356813788414,0.25419315695762634,0.15869203209877014,2.0251998901367188,-1.0697665214538574,0.5486947298049927,0.21616452932357788,-0.10735350847244263,-2.2936792373657227,1.0220813751220703,1.6843039989471436,-1.9213271141052246
0.4551758749999989,0.0034223749999999996,133.0,3.1949606150212686,1.2840275970759587,0.7037612045126335,0.016118832813165253,-0.0010481286793643401,0.0059555619318228895,0.06465301400477255,-0.37873151898384094,0.25597986578941345,0.16527411341667175,2.0685672760009766,-1.0667076110839844,0.5462990999221802,0.19727393984794617,-0.1217414140701294,-2.353187084197998,0.954434871673584,1.6903250217437744,-1.9503841400146484
0.4551758749999989,0.0034223749999999996,133.0,3.2061798481024724,-1.2267776276039066,0.6628130185838765,-0.013768119946048464,-0.0005705636876841909,-0.007053155988442297,0.06828537369747491,-0.06936034560203552,0.16116365790367126,-0.13638624548912048,0.41689905524253845,0.06265275180339813,-0.7174272537231445,0.3022633194923401,0.49163398146629333,-0.32043853402137756,0.7928040027618408,0.4738299548625946,-0.9124789237976074
0.4551758749999989,0.0034223749999999996,133.0,3.2015897944851925,-1.2216809176730912,0.6633653259250573,-0.007437985409107471,-0.00024511713066566654,-0.0038092904095496233,0.0682378431912071,-0.07052582502365112,0.16544876992702484,-0.13093453645706177,0.42549651861190796,0.018522899597883224,-0.6971323490142822,0.2813965976238251,0.4719880223274231,-0.3879970908164978,0.8154678344726562,0.4751942455768585,-0.9013465642929077
0.4551758749999989,0.0034223749999999996,133.0,3.1960027554619486,-1.216162493279422,0.6633764705824637,-0.006113272497967609,-0.0001982864315351885,-0.00312794038787881,0.06821612670831517,-0.07283109426498413,0.16495059430599213,-0.12914761900901794,0.41739365458488464,0.014864259399473667,-0.6730270385742188,0.279982328414917,0.4676985740661621,-0.3796425461769104,0.8302316665649414,0.45697301626205444,-0.8889517784118652
0.4551758749999989,0.0034223749999999996,133.0,3.1897991788974536,-1.2101608639207508,0.6633862565681645,-0.005529664575922508,-0.00018108820909752785,-0.0028270341129114497,0.06820823540685861,-0.07420682907104492,0.16381503641605377,-0.12839648127555847,0.4073165953159332,0.011267748661339283,-0.650031566619873,0.280424565076828,0.4640193581581116,-0.36368513107299805,0.8402705192565918,0.4465799629688263,-0.8751792311668396
0.4551758749999989,0.0034223749999999996,133.0,3.182566004420278,-1.203210456503004,0.6633592942631179,-0.0051915999175460885,-0.0001800096600325692,-0.0026523386778750297,0.06819344500780343,-0.07651865482330322,0.1616114377975464,-0.12708717584609985,0.39353662729263306,0.014213215559720993,-0.6203193664550781,0.28497809171676636,0.4643893539905548,-0.33507195115089417,0.8534362316131592,0.4279804229736328,-0.8617871403694153
0.4551758749999989,0.0034223749999999996,133.0,3.173848102915511,-1.1971079311495785,0.6608006732029329,-0.004953382145952607,-0.000229636617850349,-0.0025245816051192283,0.06826239792152501,-0.07662564516067505,0.15876315534114838,-0.12632331252098083,0.3821955621242523,0.01740030199289322,-0.602588415145874,0.29079127311706543,0.46123236417770386,-0.3017464280128479,0.8535006046295166,0.41544583439826965,-0.8472802639007568
0.4551758749999989,0.0034223749999999996,133.0,3.1650464028090872,-1.1888456759572972,0.6608512071004521,-0.004757986030401808,-0.00023307466747132067,-0.0024247395257454693,0.0682519361935119,-0.07853853702545166,0.15545350313186646,-0.12459388375282288,0.3647097051143646,0.020212441682815552,-0.5671460628509521,0.29751214385032654,0.4645446240901947,-0.26679128408432007,0.8654029369354248,0.400938481092453,-0.83311527967453
0.4551758749999989,0.0034223749999999996,133.0,3.155491482542976,-1.1795171136000695,0.6606933232469159,-0.004612641243329894,-0.00023431129140846497,-0.0023448180560306235,0.06824455506166317,-0.0793653130531311,0.15329556167125702,-0.12410587072372437,0.3515840172767639,0.021020330488681793,-0.5313565731048584,0.2974061965942383,0.461700439453125,-0.23672258853912354,0.8705987930297852,0.38463687896728516,-0.8171232342720032
0.4551758749999989,0.0034223749999999996,133.0,3.145004395027397,-1.169359628432299,0.6606427609948634,-0.004483374816027688,-0.00023931357663566443,-0.0022725068750187112,0.06823223266877516,-0.07976576685905457,0.15024372935295105,-0.12388148903846741,0.3386600613594055,0.027781374752521515,-0.504857063293457,0.3070853352546692,0.4610455632209778,-0.18273863196372986,0.8677890300750732,0.3462294042110443,-0.8034934401512146
0.4551758749999989,0.0034223749999999996,133.0,3.13378673966617,-1.158587832829048,0.6607350270532794,-0.004352240900228065,-0.0002449147449818815,-0.0022025728895446414,0.06822416322761475,-0.07995876669883728,0.14651994407176971,-0.12313470244407654,0.32321131229400635,0.0335746705532074,-0.4747610092163086,0.3169848322868347,0.46273621916770935,-0.1300092190504074,0.8646652698516846,0.3161545693874359,-0.7896804213523865
0.4551758749999989,0.0034223749999999996,133.0,3.1218326805252286,-1.146773844902717,0.6606728112921465,-0.004231307647961972,-0.0002461793919251584,-0.0021358590859411903,0.06821990636200977,-0.07888442277908325,0.1440599113702774,-0.12388792634010315,0.3136250972747803,0.036004796624183655,-0.4544851779937744,0.3236241042613983,0.4587554931640625,-0.0844939798116684,0.8537271022796631,0.28752222657203674,-0.7760375738143921
0.4551758749999989,0.0034223749999999996,133.0,3.109095946576495,-1.134097732690591,0.6604443873781533,-0.00410910184488758,-0.0002451503213871064,-0.002064631407700632,0.06821875228489652,-0.07720884680747986,0.1417424976825714,-0.1256500482559204,0.3068642318248749,0.03988189622759819,-0.4399125576019287,0.3300720751285553,0.45112907886505127,-0.035539187490940094,0.8366122245788574,0.2556127607822418,-0.761561393737793
0.4551758749999989,0.0034223749999999996,133.0,3.0956854998026047,-1.1205162471917565,0.660187211253719,-0.004001720751220006,-0.0002394978939761459,-0.00200616294893389,0.06822445958489345,-0.07421568036079407,0.13979868590831757,-0.12803241610527039,0.3027651906013489,0.03508875146508217,-0.43909478187561035,0.3310365378856659,0.4406985640525818,-0.0042635854333639145,0.8181338310241699,0.24475273489952087,-0.7469252347946167
0.4551758749999989,0.0034223749999999996,133.0,3.0814113063893536,-1.1060295059296297,0.6599131959024978,-0.0038649033019123717,-0.00022950879488701468,-0.0019342946933709872,0.06822984113378759,-0.07109376788139343,0.1377050131559372,-0.12968584895133972,0.29773879051208496,0.026320122182369232,-0.4418928623199463,0.3302685618400574,0.43267473578453064,0.010121606290340424,0.8046426773071289,0.2545158267021179,-0.7337913513183594
0.4551758749999989,0.0034223749999999996,133.0,3.066061507487722,-1.0906444949817715,0.6596910533335255,-0.003691120655367747,-0.0002240139185878774,-0.0018474075165631752,0.0682253325772928,-0.07066449522972107,0.13753534853458405,-0.1312500238418579,0.29667073488235474,0.027448125183582306,-0.4309093952178955,0.33272597193717957,0.4264458417892456,0.03632446378469467,0.7958188056945801,0.23216426372528076,-0.7264551520347595
0.4551758749999989,0.0034223749999999996,133.0,3.049833451463466,-1.0743309219154245,0.6594641319037982,-0.003529672796706019,-0.00021408220448373869,-0.0017646483097611197,0.06822085663279458,-0.07020869851112366,0.1388421207666397,-0.13352951407432556,0.30086299777030945,0.02470216155052185,-0.43360424041748047,0.33208343386650085,0.41744425892829895,0.044602006673812866,0.7897858619689941,0.222388356924057,-0.7216270565986633
0.4551758749999989,0.0034223749999999996,133.0,3.032732277218711,-1.0573364543969679,0.6594036981944678,-0.003344646044054895,-0.0002059376376649999,-0.001673450779265174,0.06821343251856979,-0.07083791494369507,0.13899897038936615,-0.1340811848640442,0.29890888929367065,0.024836774915456772,-0.4212942123413086,0.33639171719551086,0.4161520302295685,0.054958526045084,0.7898743152618408,0.2163751870393753,-0.7184032201766968
0.4551758749999989,0.0034223749999999996,133.0,3.014886679247175,-1.0392642525817697,0.6591718737764072,-0.0031683378807973754,-0.00019083825448644708,-0.0015883257547681473,0.06821274533629544,-0.07069903612136841,0.14200013875961304,-0.1365947723388672,0.30825018882751465,0.01640930026769638,-0.44071412086486816,0.3346080780029297,0.40646064281463623,0.030583443120121956,0.7913107872009277,0.2329382598400116,-0.7181028723716736
0.4551758749999989,0.0034223749999999996,133.0,2.995994610579904,-1.020443103114843,0.6590354998960062,-0.0029869481032817414,-0.0001839524082598431,-0.001496708548976146,0.0682005555710528,-0.07199782133102417,0.14120259881019592,-0.13664016127586365,0.30294355750083923,0.02141920104622841,-0.420595645904541,0.3420512080192566,0.40815043449401855,0.052330415695905685,0.7925550937652588,0.22132453322410583,-0.7145121693611145
0.4551758749999989,0.0034223749999999996,133.0,2.9763815953312065,-1.0008928080166815,0.6588818309744013,-0.002823916310234576,-0.0001778121064065664,-0.001416000753385078,0.06819234770156117,-0.07281947135925293,0.1423744261264801,-0.1380041241645813,0.30442047119140625,0.020355839282274246,-0.4153778553009033,0.34693777561187744,0.4045455753803253,0.055411409586668015,0.7936034202575684,0.21766728162765503,-0.7124217748641968
0.4551758749999989,0.0034223749999999996,133.0,2.955974282466059,-0.9804175570529572,0.6586989676952298,-0.0026096845483633987,-0.00016471956091636822,-0.0013105044572439403,0.0681865037109808,-0.07338061928749084,0.1426400989294052,-0.13885807991027832,0.30337584018707275,0.019074268639087677,-0.4096360206604004,0.3518025577068329,0.40239688754081726,0.058295439928770065,0.7954082489013672,0.22148370742797852,-0.7092586159706116
0.4551758749999989,0.0034223749999999996,133.0,2.9346831334689263,-0.9598131750404442,0.6588827578004498,-0.0023970890843436673,-0.00015818798681575645,-0.0012049596903507935,0.06817790336132533,-0.07447338104248047,0.13873890042304993,-0.13737332820892334,0.287223219871521,0.02648274600505829,-0.3759760856628418,0.36017030477523804,0.41152292490005493,0.09154306352138519,0.79827880859375,0.22156581282615662,-0.7022344470024109
0.4551758749999989,0.0034223749999999996,133.0,2.9125496521345213,-0.9376310418406498,0.6586498673335436,-0.0021956841050655837,-0.00014445354926421441,-0.0011043158361863927,0.06817094480432428,-0.07518908381462097,0.13999046385288239,-0.13896840810775757,0.28926438093185425,0.023301463574171066,-0.37489819526672363,0.3651951849460602,0.40734145045280457,0.08786521852016449,0.8004400730133057,0.22606179118156433,-0.7001426815986633
0.4551758749999989,0.0034223749999999996,133.0,2.8894467417164718,-0.9145071967252029,0.658352729472616,-0.0019953050290028207,-0.00013315633093839908,-0.0010032471747916827,0.06815815247362798,-0.07701879739761353,0.14200057089328766,-0.14085397124290466,0.29297521710395813,0.0240885391831398,-0.3687124252319336,0.37280726432800293,0.4034923017024994,0.09161780029535294,0.803469181060791,0.21698187291622162,-0.7000699639320374
0.4551758749999989,0.0034223749999999996,133.0,2.8654242775323695,-0.8902762011169255,0.6578668921944625,-0.0018350115486373785,-0.00012367379210902129,-0.0009218500996991209,0.0681431308281041,-0.07932513952255249,0.14590303599834442,-0.14390027523040771,0.30332741141319275,0.024839017540216446,-0.37028074264526367,0.37936699390411377,0.39459913969039917,0.09224438667297363,0.8060464859008789,0.1978738158941269,-0.7015971541404724
0.4551758749999989,0.0034223749999999996,133.0,2.8407557305875986,-0.8654900954878075,0.6576136293015681,-0.0016374382538991968,-0.00010950909024921774,-0.0008245380154646784,0.06813455762188891,-0.0806073546409607,0.1481708288192749,-0.1455894112586975,0.3077656030654907,0.020960036665201187,-0.37212419509887695,0.3834904432296753,0.38946229219436646,0.07896330207586288,0.8120517730712891,0.20562288165092468,-0.7009684443473816
0.4551758749999989,0.0034223749999999996,133.0,2.8152031650422824,-0.8401461661152463,0.657565636602574,-0.0014544630709790332,-0.00010085844389729779,-0.0007346345505382741,0.0681221459414462,-0.0821428894996643,0.14801882207393646,-0.14633667469024658,0.3032785952091217,0.022642116993665695,-0.35634708404541016,0.3915582299232483,0.39058026671409607,0.08924340456724167,0.8168957233428955,0.2071591168642044,-0.697653591632843
0.4551758749999989,0.0034223749999999996,133.0,2.788902882564563,-0.8142050999491917,0.6574898639068392,-0.001274089460970149,-9.088239517660115e-5,-0.0006440375199295196,0.0681132073479472,-0.08330345153808594,0.1465315967798233,-0.14680388569831848,0.29494065046310425,0.025587674230337143,-0.3357722759246826,0.40080100297927856,0.39383721351623535,0.10888088494539261,0.819955587387085,0.20957845449447632,-0.692601203918457
0.4551758749999989,0.0034223749999999996,133.0,2.7618174816894827,-0.7872309311022809,0.6572741848454636,-0.0011246324432562398,-8.212406498232005e-5,-0.0005686606384201833,0.06810452738247465,-0.08399596810340881,0.14635691046714783,-0.14826977252960205,0.291320264339447,0.025476530194282532,-0.3216674327850342,0.40883055329322815,0.3921270966529846,0.12509800493717194,0.8199973106384277,0.20544558763504028,-0.6872818470001221
0.4551758749999989,0.0034223749999999996,133.0,2.734032489276126,-0.7594954972874034,0.6570535098785618,-0.000991317103114807,-7.3278731954893e-5,-0.0005016018000937456,0.06810096184215371,-0.08373641967773438,0.14577774703502655,-0.14979258179664612,0.28708818554878235,0.021627474576234818,-0.31254076957702637,0.41481512784957886,0.38936614990234375,0.1351657509803772,0.8185296058654785,0.21026954054832458,-0.680285632610321
0.4551758749999989,0.0034223749999999996,133.0,2.705199568152472,-0.7309357607424528,0.6568111247228843,-0.0008186241742568788,-6.19186229960133e-5,-0.00041336166750023456,0.06809095885791724,-0.08502751588821411,0.14501464366912842,-0.15119805932044983,0.2817170023918152,0.025232277810573578,-0.29264068603515625,0.42440134286880493,0.3897477388381958,0.165143683552742,0.8185446262359619,0.19949574768543243,-0.675289511680603
0.4551758749999989,0.0034223749999999996,133.0,2.675546776071461,-0.7016336588517214,0.656658020138082,-0.0006872910768393605,-5.381855093730975e-5,-0.00034695362466545705,0.06808119986598608,-0.08626636862754822,0.14371763169765472,-0.15212157368659973,0.27362674474716187,0.02878987416625023,-0.2695653438568115,0.43535006046295166,0.39301416277885437,0.19266577064990997,0.8199319839477539,0.19600866734981537,-0.6704758405685425
0.4551758749999989,0.0034223749999999996,133.0,2.645014820440718,-0.671287797284999,0.6564369835998874,-0.0005158980758207241,-4.152184801796192e-5,-0.000260783704107328,0.06806877156728353,-0.08783543109893799,0.1440005600452423,-0.15352177619934082,0.27037814259529114,0.030073747038841248,-0.2539992332458496,0.4452061057090759,0.3928062915802002,0.20564603805541992,0.8241627216339111,0.19461113214492798,-0.6670618057250977
0.4551758749999989,0.0034223749999999996,133.0,2.6136882179635905,-0.6398063257653577,0.656094587926471,-0.0003240937347560869,-2.5804051997910808e-5,-0.00016401627814436297,0.06805756162152515,-0.0891428291797638,0.14645814895629883,-0.15589752793312073,0.2752365469932556,0.026492804288864136,-0.25482988357543945,0.4497601091861725,0.38445568084716797,0.19800859689712524,0.8301899433135986,0.19497248530387878,-0.6636180877685547
0.4551758749999989,0.0034223749999999996,133.0,2.581460620272243,-0.6075759207202552,0.6558036390033452,-0.00015146927666271544,-1.2231307417246012e-5,-7.687948850388682e-5,0.06804285642694524,-0.09099331498146057,0.14829769730567932,-0.15786251425743103,0.2770875096321106,0.02672472596168518,-0.24796342849731445,0.4570366144180298,0.37944209575653076,0.19837713241577148,0.8373062610626221,0.19298675656318665,-0.6605110764503479
0.4551758749999989,0.0034223749999999996,133.0,2.548405497327551,-0.5750659313433925,0.6557191382111768,1.679103000252769e-5,1.4238315942985673e-6,8.563124977997777e-6,0.06803034841381804,-0.09285709261894226,0.14636342227458954,-0.15831410884857178,0.2659466862678528,0.033338762819767,-0.22421574592590332,0.46921154856681824,0.38614457845687866,0.2176452875137329,0.8446371555328369,0.2038363665342331,-0.6561270952224731
0.4551758749999989,0.0034223749999999996,133.0,2.5144851115919393,-0.5413624760934123,0.6554690282811574,0.00018549529856844607,1.6136028166454228e-5,9.474253331006794e-5,0.06801580779166025,-0.09489819407463074,0.14682535827159882,-0.15998166799545288,0.2626879811286926,0.0356307327747345,-0.20796895027160645,0.4809657633304596,0.3861117660999298,0.23046395182609558,0.851097583770752,0.20248188078403473,-0.6528902053833008
0.4551758749999989,0.0034223749999999996,133.0,2.4796278732752675,-0.5064672941588354,0.6550074688069388,0.00036836616400685195,3.2418460210468584e-5,0.00018824612907342853,0.06799688133536194,-0.09760117530822754,0.1496906280517578,-0.1629062294960022,0.26808175444602966,0.035828765481710434,-0.20176100730895996,0.49099141359329224,0.3790343403816223,0.23465463519096375,0.859025239944458,0.19098824262619019,-0.6512739062309265
0.4551758749999989,0.0034223749999999996,133.0,2.4439812086101163,-0.47107641647549076,0.6547407007927609,0.0005121661434836421,4.6221746419590704e-5,0.000262214359936831,0.06798086387237236,-0.10005858540534973,0.15036459267139435,-0.164652019739151,0.2649199366569519,0.03816158324480057,-0.18524622917175293,0.5038157105445862,0.3796099126338959,0.24564677476882935,0.8677802085876465,0.19110485911369324,-0.648758053779602
0.4551758749999989,0.0034223749999999996,133.0,2.407525571429752,-0.4348728248810012,0.654466588240569,0.000674342594143907,6.246349242414106e-5,0.0003458546719696832,0.06796510655144135,-0.10237079858779907,0.15087692439556122,-0.16645470261573792,0.26135918498039246,0.04019041731953621,-0.1683647632598877,0.5168615579605103,0.3800649642944336,0.2583877444267273,0.8759267330169678,0.1906955987215042,-0.6457120180130005
0.4551758749999989,0.0034223749999999996,133.0,2.3702876229507983,-0.397864909920263,0.654196703165659,0.0008470840022824773,8.06433742026278e-5,0.0004351234385917933,0.06795031170054623,-0.10434001684188843,0.15111076831817627,-0.16832566261291504,0.257176011800766,0.0415818952023983,-0.1511523723602295,0.5299275517463684,0.38027501106262207,0.27419865131378174,0.8824965953826904,0.1892070323228836,-0.6417800188064575
0.4551758749999989,0.0034223749999999996,133.0,2.3322923199560592,-0.36008099440593383,0.6538997851033598,0.0010432158802910192,0.00010251937139347164,0.0005367421538487488,0.06793731906402396,-0.10582950711250305,0.15092997252941132,-0.17033663392066956,0.2523614168167114,0.04119729995727539,-0.13429045677185059,0.5432222485542297,0.3803997039794922,0.2928263545036316,0.886906623840332,0.1880718618631363,-0.6371109485626221
0.4551758749999989,0.0034223749999999996,133.0,2.293495511275792,-0.3214774616716176,0.6536241389585109,0.0012294649932838156,0.0001244527451524656,0.0006332224138102605,0.06792557530771068,-0.10705193877220154,0.15053550899028778,-0.17242330312728882,0.24710308015346527,0.039770472794771194,-0.11751985549926758,0.5568274855613708,0.3806592524051666,0.31341299414634705,0.8900971412658691,0.18676163256168365,-0.6321214437484741
0.4551758749999989,0.0034223749999999996,133.0,2.253748564895801,-0.28244620265048515,0.6534306138649519,0.001349937507809493,0.00014456275622580787,0.0006960304786645178,0.06791489255800283,-0.10905119776725769,0.147511288523674,-0.17364564538002014,0.23259493708610535,0.046677567064762115,-0.08768749237060547,0.5780589580535889,0.3920416831970215,0.35764652490615845,0.8941237926483154,0.19355013966560364,-0.6290066838264465
0.4551758749999989,0.0034223749999999996,133.0,2.213188127838349,-0.24215158954405486,0.6531481535546495,0.0015042902350891469,0.00016595647057825562,0.0007769465376567964,0.0679004588589823,-0.11097729206085205,0.14747512340545654,-0.1755639910697937,0.22798162698745728,0.04750961810350418,-0.07146358489990234,0.5939556360244751,0.3933164179325104,0.3747548460960388,0.9005956649780273,0.19415788352489471,-0.6257067918777466
0.4551758749999989,0.0034223749999999996,133.0,2.171606178805874,-0.20037963676033627,0.6525492184078596,0.0016548596929297356,0.00018555964461542442,0.0008564754109463982,0.06787497049848756,-0.11369377374649048,0.15142039954662323,-0.1792857050895691,0.2380768358707428,0.04466598108410835,-0.07206487655639648,0.60444176197052,0.380012571811676,0.3754153847694397,0.909487247467041,0.17408046126365662,-0.6225529909133911
0.4551758749999989,0.0034223749999999996,133.0,2.1302801231690345,-0.15727998876414828,0.6549368342993683,0.0017963967466428376,0.0001920095665346982,0.0009363186132572875,0.0677947740190433,-0.11360123753547668,0.14885228872299194,-0.1802363097667694,0.22232204675674438,0.0405208021402359,-0.04913926124572754,0.6136276125907898,0.3870465159416199,0.38394224643707275,0.9148802757263184,0.19555139541625977,-0.6138299107551575
0.4551758749999989,0.0034223749999999996,133.0,2.086896124653172,-0.11426395168950375,0.6545120023089734,0.0018932720292998341,0.00021634229165200055,0.0009908351087551533,0.06776406558800338,-0.11758095026016235,0.14680233597755432,-0.18244698643684387,0.21028384566307068,0.0547439306974411,-0.017647266387939453,0.6441261172294617,0.39932680130004883,0.4411756694316864,0.9249382019042969,0.19314391911029816,-0.6140856146812439
0.4551758749999989,0.0034223749999999996,133.0,2.042203733808667,-0.07112710299514678,0.6546002344760907,0.001865984343615798,0.0002276863470278685,0.0009859499998038461,0.06773276029960187,-0.12980496883392334,0.1487186998128891,-0.18227055668830872,0.19622917473316193,0.08488752692937851,0.016983747482299805,0.6786328554153442,0.4221149682998657,0.4312964975833893,0.987696647644043,0.22549977898597717,-0.6231418251991272
0.4551758749999989,0.0034223749999999996,133.0,1.9937558825298929,-0.02164928569690186,0.6511875321456538,0.0017474521742031185,0.00011112836303245347,0.0009579506804747034,0.06760473374754453,-0.16862210631370544,0.21960796415805817,-0.18837152421474457,0.36510127782821655,0.09770621359348297,-0.0298306941986084,0.39257651567459106,0.3778887391090393,-0.4008740186691284,1.354252576828003,0.032161906361579895,-0.7477063536643982
0.4551758749999989,0.0034223749999999996,133.0,1.9423294407558034,0.03310762659006754,0.6520735841718295,0.00010271869054238979,-7.655439605394903e-6,5.9733249071701366e-5,0.06716654446132504,-0.23325178027153015,0.29998740553855896,-0.1740831434726715,0.42723548412323,0.02187163755297661,0.2347874641418457,-0.10685883462429047,0.6328026652336121,-1.6500352621078491,1.9022197723388672,-0.10383496433496475,-1.0632667541503906
0.4551758749999989,0.0034223749999999996,133.0,1.9822327620755444,0.05941231398865632,0.6532806998790771,-0.0017119424498179931,-0.0001720517868471922,-0.0010109051534888753,0.06658799664805003,-0.2533627450466156,0.13653559982776642,-0.1795710027217865,0.6852409839630127,-0.1832624077796936,0.2855408191680908,0.936760663986206,-0.030139684677124023,-0.783446729183197,1.6689677238464355,-0.06076439470052719,-0.6554580330848694
0.4551758749999989,0.0034223749999999996,133.0,2.017142849169936,0.10900811396331123,0.6604805476693224,-0.0019587262200480306,4.155882331952902e-5,-0.001154381107910512,0.06576988403475498,-0.32123348116874695,0.1745607852935791,-0.10510548949241638,1.0492349863052368,-0.4256370961666107,0.550956130027771,0.48405030369758606,0.06362050771713257,-1.5767180919647217,2.014617919921875,0.25351911783218384,-1.1125692129135132
0.4551758749999989,0.0034223749999999996,133.0,2.0532377235496218,0.1575363088646688,0.6688542602751231,-0.0019994677356380657,0.00018730185592149158,-0.001105931058848971,0.06527112097053148,-0.3902794420719147,0.2107807993888855,-0.020080864429473877,1.344584345817566,-0.9035314917564392,0.6518532037734985,-0.044627245515584946,0.2676602900028229,-1.9650077819824219,2.0917534828186035,0.5229860544204712,-1.6123931407928467
0.4551758749999989,0.0034223749999999996,133.0,2.094537329346064,0.20275034800540473,0.6713938629912631,-0.0019019190030604297,0.0001972619222392318,-0.0010207539283421095,0.06516342417596731,-0.39927878975868225,0.22586604952812195,0.003635227680206299,1.4267189502716064,-1.0153454542160034,0.6469814777374268,-0.1133534163236618,0.2944898009300232,-2.0373282432556152,2.020630359649658,0.5529500842094421,-1.7218389511108398
0.4551758749999989,0.0034223749999999996,133.0,2.136031521549993,0.2458365137781252,0.6727590426747289,-0.0017478982614203265,0.00018895317198380052,-0.0009212843021600033,0.06512137340337881,-0.40289464592933655,0.23229943215847015,0.014496684074401855,1.4593559503555298,-1.0727474689483643,0.6526905298233032,-0.13562946021556854,0.30799055099487305,-2.063807487487793,1.9783272743225098,0.5880982279777527,-1.7682185173034668
0.4551758749999989,0.0034223749999999996,133.0,2.176938095082486,0.2875160252509958,0.6731989862032958,-0.0015529853870522021,0.00016734397239240154,-0.000810873698663623,0.06512260954623526,-0.40042439103126526,0.23495659232139587,0.02386346459388733,1.4997308254241943,-1.077339768409729,0.6432062387466431,-0.13992488384246826,0.290591299533844,-2.0636842250823975,1.9196319580078125,0.63640958070755,-1.7913053035736084
0.4551758749999989,0.0034223749999999996,133.0,2.21717858050733,0.3282751475700329,0.673376245688391,-0.00146425216820058,0.00015259256280462978,-0.0007589577210045757,0.06511839612090109,-0.40238866209983826,0.2372787743806839,0.0241813063621521,1.4945224523544312,-1.104860782623291,0.6624395847320557,-0.1033877581357956,0.3030521869659424,-2.0789589881896973,1.9035630226135254,0.6636928915977478,-1.7988576889038086
0.4551758749999989,0.0034223749999999996,133.0,2.2568038299455746,0.3682682109396293,0.6741324717933918,-0.0012567443554438163,0.00012964181397775846,-0.0006418114224821567,0.06509449412312052,-0.40279194712638855,0.2394673377275467,0.028548747301101685,1.5113581418991089,-1.1197144985198975,0.6711175441741943,-0.08864164352416992,0.3001879155635834,-2.085665225982666,1.8710579872131348,0.6955815553665161,-1.8129940032958984
0.4551758749999989,0.0034223749999999996,133.0,2.2954776257481817,0.4073820415560774,0.6747636471661637,-0.0010966024341991958,0.00011157981896602946,-0.0005528492572597043,0.06508213258487476,-0.40055468678474426,0.24138493835926056,0.03676903247833252,1.548953890800476,-1.1136754751205444,0.6657388210296631,-0.08356405794620514,0.278442919254303,-2.0862152576446533,1.8216133117675781,0.7380470633506775,-1.8289008140563965
0.4551758749999989,0.0034223749999999996,133.0,2.333208454080091,0.4456549214047753,0.6752302737382253,-0.0008935671060066385,8.97229360738998e-5,-0.0004457085020088787,0.0650725442755406,-0.4009499251842499,0.24345546960830688,0.041501641273498535,1.5655590295791626,-1.1307907104492188,0.6717389822006226,-0.07094073295593262,0.27601468563079834,-2.094852924346924,1.7878608703613281,0.7723901271820068,-1.843252182006836
0.4551758749999989,0.0034223749999999996,133.0,2.370120191204297,0.48305787888463114,0.6756551606017807,-0.0007125868881064633,7.048317448659631e-5,-0.0003519188056946827,0.06506454696216658,-0.40128251910209656,0.24534466862678528,0.045987337827682495,1.5813146829605103,-1.1456292867660522,0.6769360303878784,-0.058236587792634964,0.2727360129356384,-2.1019704341888428,1.7556796073913574,0.8054594397544861,-1.8558907508850098
0.4551758749999989,0.0034223749999999996,133.0,2.40619861354869,0.5196097492081645,0.6760629965995003,-0.0005392732397629847,5.2508454536320406e-5,-0.0002638089323759264,0.06505650386387181,-0.4016253650188446,0.247048482298851,0.05001911520957947,1.5958620309829712,-1.1573227643966675,0.6818279027938843,-0.045041561126708984,0.2685706913471222,-2.1075596809387207,1.7261910438537598,0.8358745574951172,-1.8664214611053467
0.4551758749999989,0.0034223749999999996,133.0,2.4414498169298886,0.5552956099354212,0.6764020546995936,-0.0003712939558338764,3.549885391449827e-5,-0.00018008983049472218,0.06504967434905992,-0.4019143283367157,0.2485676407814026,0.053559333086013794,1.6090686321258545,-1.1649469137191772,0.6860575675964355,-0.03154236078262329,0.2633921802043915,-2.1107869148254395,1.6995434761047363,0.8636494874954224,-1.8745808601379395
0.4551758749999989,0.0034223749999999996,133.0,2.475837289888893,0.5901430455902554,0.676737347766479,-0.00020859132692088795,1.9569544100041377e-5,-0.00010039085030594801,0.06504053172756544,-0.40231814980506897,0.24997609853744507,0.05665695667266846,1.621323823928833,-1.1681941747665405,0.689763069152832,-0.018968546763062477,0.25725865364074707,-2.1119027137756348,1.6766719818115234,0.8875933289527893,-1.8808107376098633
0.4551758749999989,0.0034223749999999996,133.0,2.5088545468258316,0.6242186730570966,0.6766186208090756,-6.222165184043558e-5,5.701396526262463e-6,-2.9913868421720283e-5,0.06503454819949596,-0.4061531126499176,0.252366840839386,0.05550149083137512,1.6103599071502686,-1.1914565563201904,0.7148021459579468,0.005061128176748753,0.2724820375442505,-2.12359356880188,1.6773715019226074,0.8937900066375732,-1.8852920532226562
0.4551758749999989,0.0034223749999999996,133.0,2.541014179356664,0.6575290964432695,0.676876634412182,0.00013454374673402435,-1.2268886577578831e-5,6.435098109311501e-5,0.06501343032213969,-0.40992471575737,0.2547494173049927,0.05697247385978699,1.6123751401901245,-1.2103328704833984,0.7326337099075317,0.010567491874098778,0.28108853101730347,-2.1307597160339355,1.6723113059997559,0.8990182280540466,-1.8960304260253906
0.4551758749999989,0.0034223749999999996,133.0,2.5735606395809687,0.6878598767995797,0.6750473932219458,0.00031755008122297365,-2.7549008265775556e-5,0.00014964297280534508,0.06517199836804619,-0.40537717938423157,0.254543274641037,0.064188152551651,1.633198857307434,-1.2163050174713135,0.7030164003372192,-0.010426105931401253,0.2692447602748871,-2.1096227169036865,1.6234197616577148,0.9453678131103516,-1.9050202369689941
0.4551758749999989,0.0034223749999999996,133.0,2.6041314261758712,0.7194744108899387,0.6753090922003807,0.0005027979533495586,-4.3379443693928385e-5,0.00023555289755871074,0.06515895182377783,-0.4089747965335846,0.25679755210876465,0.06624332070350647,1.6351103782653809,-1.243706226348877,0.7220579385757446,0.0002785800024867058,0.2793358564376831,-2.1230647563934326,1.6127026081085205,0.9606317281723022,-1.91719388961792
0.4551758749999989,0.0034223749999999996,133.0,2.6345453106752803,0.7501377487283367,0.6761289918770916,0.000723808386739543,-6.136821109605936e-5,0.00033455144270978234,0.06513326754166947,-0.40803465247154236,0.25775083899497986,0.07277300953865051,1.6670665740966797,-1.232946753501892,0.7159634828567505,0.010546387173235416,0.2554859220981598,-2.1307029724121094,1.577812910079956,0.9968471527099609,-1.925328016281128
0.4551758749999989,0.0034223749999999996,133.0,2.664167020374407,0.7798894320879955,0.6767378400950073,0.0008824546563805266,-7.301313156991122e-5,0.00040330349743118607,0.0651203890363885,-0.4069894254207611,0.2582893371582031,0.07768586277961731,1.689802646636963,-1.2267526388168335,0.7117817401885986,0.027739733457565308,0.2362811267375946,-2.1368377208709717,1.5455043315887451,1.0340772867202759,-1.9289400577545166
0.4551758749999989,0.0034223749999999996,133.0,2.6928794096420385,0.8088486137032881,0.6776680455348091,0.0010858662958829178,-9.035125258899157e-5,0.0004897670170325817,0.06509872957906926,-0.4065031111240387,0.25902900099754333,0.08523312211036682,1.7208189964294434,-1.226059913635254,0.699415922164917,0.017311759293079376,0.2186555564403534,-2.135870933532715,1.5113041400909424,1.0664620399475098,-1.9422757625579834
0.4551758749999989,0.0034223749999999996,133.0,2.720334665049053,0.8369873031113624,0.677857808756997,0.0012418515627574099,-0.00010270818281300698,0.0005572849924924862,0.06509718518281533,-0.4091222584247589,0.2605717182159424,0.08653673529624939,1.7179771661758423,-1.2541793584823608,0.7156281471252441,0.03226170688867569,0.2290387749671936,-2.1467385292053223,1.4985122680664062,1.0866739749908447,-1.9500293731689453
0.4551758749999989,0.0034223749999999996,133.0,2.74725624352984,0.8642238779131304,0.6783993953308398,0.0014171845161433535,-0.00011671832367713394,0.0006301283443497875,0.06508738881399175,-0.4098832905292511,0.26146507263183594,0.0903574526309967,1.732146143913269,-1.2602360248565674,0.7165353298187256,0.040287576615810394,0.2212599813938141,-2.1521620750427246,1.476259708404541,1.1115585565567017,-1.9565033912658691
0.4551758749999989,0.0034223749999999996,133.0,2.7735914333955503,0.8904942551300646,0.6786127297375216,0.0016266136021250877,-0.00012934463354950546,0.0007184709160557467,0.06508809474816706,-0.4087631404399872,0.26166996359825134,0.09559258818626404,1.7536966800689697,-1.2558460235595703,0.7051985263824463,0.0410228930413723,0.20448037981987,-2.1504435539245605,1.4461121559143066,1.1410527229309082,-1.9612812995910645
0.4551758749999989,0.0034223749999999996,133.0,2.7988889277835254,0.9160304759700079,0.6789736680515945,0.001839947507261462,-0.00014508259100266122,0.0008073382754437442,0.06507890788475514,-0.4088945686817169,0.2624073922634125,0.09991243481636047,1.771470069885254,-1.253862977027893,0.6987091302871704,0.03716438263654709,0.19376328587532043,-2.1493077278137207,1.4260780811309814,1.1602271795272827,-1.9683160781860352
0.4551758749999989,0.0034223749999999996,133.0,2.823062817558459,0.9407818518604458,0.6791691808183168,0.002076581216796993,-0.00016246570241394912,0.0009068107161541701,0.065072565778416,-0.4106438457965851,0.2634359300136566,0.10227462649345398,1.7775599956512451,-1.2676953077316284,0.7041279077529907,0.03885936737060547,0.19523879885673523,-2.152261972427368,1.4123501777648926,1.173970341682434,-1.9759697914123535
0.4551758749999989,0.0034223749999999996,133.0,2.8464286837770847,0.9646682720150817,0.6791907868704807,0.0022515188685025504,-0.00017408208820836576,0.0009806339379019023,0.065072023562616,-0.4126695692539215,0.26455458998680115,0.10309150815010071,1.7765867710113525,-1.2834954261779785,0.7151676416397095,0.0486045777797699,0.2006356120109558,-2.157426118850708,1.4036145210266113,1.1858189105987549,-1.9805352687835693
0.4551758749999989,0.0034223749999999996,133.0,2.868885003135928,0.9877454360581763,0.6791918224229039,0.002474204697829075,-0.0001883980580422029,0.0010750194294473557,0.06506968899819944,-0.4150652587413788,0.2658848762512207,0.10078004002571106,1.764394998550415,-1.2992570400238037,0.7409698963165283,0.08251413702964783,0.20902764797210693,-2.1718270778656006,1.4017469882965088,1.19562566280365,-1.9770071506500244
0.4551758749999989,0.0034223749999999996,133.0,2.890775648395982,1.0099103863344656,0.6794431916817698,0.0027012678174956426,-0.0002042404847437802,0.0011676743367473531,0.06506543247337919,-0.41422101855278015,0.26596805453300476,0.10516664385795593,1.78464937210083,-1.289952278137207,0.7291072607040405,0.08030016720294952,0.19247716665267944,-2.1702356338500977,1.3795487880706787,1.2178024053573608,-1.9806773662567139
0.4551758749999989,0.0034223749999999996,133.0,2.9116928885121007,1.0313183193915216,0.6794796014520312,0.0029400783732653414,-0.00021884825000880695,0.0012675054069170612,0.06506109695466412,-0.41606828570365906,0.267082542181015,0.1052980124950409,1.7812988758087158,-1.3053094148635864,0.7430199384689331,0.09343048930168152,0.19823020696640015,-2.178283452987671,1.371990442276001,1.228977918624878,-1.9832472801208496
0.4551758749999989,0.0034223749999999996,133.0,2.9321959052698032,1.0517862049848088,0.6804043038685446,0.00318700979674302,-0.00024300336471982202,0.0013568175174472428,0.06503674265336709,-0.4159679114818573,0.2676864266395569,0.11025652289390564,1.804565668106079,-1.2936053276062012,0.7309647798538208,0.08431389927864075,0.18196070194244385,-2.1790919303894043,1.3556156158447266,1.2449105978012085,-1.9901494979858398
0.4551758749999989,0.0034223749999999996,133.0,2.9515497508052064,1.0715627443952276,0.6809941262968006,0.0033774044042450646,-0.0002582846573267829,0.0014287586950069704,0.06502269555043116,-0.41809895634651184,0.2687513530254364,0.11183074116706848,1.8087278604507446,-1.3040724992752075,0.7391016483306885,0.08883929252624512,0.18321150541305542,-2.185532331466675,1.3479053974151611,1.253731608390808,-1.9956517219543457
0.4551758749999989,0.0034223749999999996,133.0,2.970239851051754,1.0903866160248186,0.6816066751892542,0.0035942210186083044,-0.00027504847297325064,0.0015077772736689526,0.06500727746468175,-0.41713759303092957,0.2687467336654663,0.11718776822090149,1.8340951204299927,-1.288321614265442,0.7209832668304443,0.07915234565734863,0.16233301162719727,-2.1830532550811768,1.3270471096038818,1.2722495794296265,-2.0000202655792236
0.4551758749999989,0.0034223749999999996,133.0,2.9874832094514603,1.1084936456466252,0.6814476135006561,0.0037770530740167266,-0.00029245242144788794,0.0015850921101169175,0.06501406476091268,-0.42007848620414734,0.2702324092388153,0.11821070313453674,1.8288969993591309,-1.3147107362747192,0.7315921783447266,0.06836290657520294,0.17817378044128418,-2.1836352348327637,1.3253586292266846,1.2716155052185059,-2.010754108428955
0.4551758749999989,0.0034223749999999996,133.0,3.004526719653591,1.1256025099875138,0.6817383325276757,0.003995924003606707,-0.0003055797664649948,0.0016678563032698904,0.06500731268496177,-0.4199405610561371,0.2704290747642517,0.12052002549171448,1.8396210670471191,-1.3098610639572144,0.7281202077865601,0.07452701032161713,0.1675807535648346,-2.1872384548187256,1.3111357688903809,1.287306785583496,-2.0109176635742188
0.4551758749999989,0.0034223749999999996,133.0,3.0204575350062357,1.141944204401441,0.6819763619987046,0.004188177037129715,-0.00032127522318206017,0.001740953176877206,0.06500222670693923,-0.42097052931785583,0.27084076404571533,0.12286093831062317,1.8458114862442017,-1.3207194805145264,0.7290941476821899,0.07155199348926544,0.16750836372375488,-2.1890926361083984,1.2986934185028076,1.2981470823287964,-2.0170814990997314
0.4551758749999989,0.0034223749999999996,133.0,3.035694940516782,1.157299501838593,0.6818630897190917,0.004378340762889984,-0.00033218443800916574,0.00181362047905629,0.0650083797988725,-0.4219277799129486,0.27128854393959045,0.12404438853263855,1.843587040901184,-1.3414183855056763,0.7352144718170166,0.07302957773208618,0.1751863956451416,-2.1924993991851807,1.2872955799102783,1.3116029500961304,-2.0226500034332275
0.4551758749999989,0.0034223749999999996,133.0,3.050127782132025,1.1719055393671685,0.6820990404356693,0.004529086847664329,-0.00034273636974674354,0.0018673293162328544,0.06500686709359733,-0.4222940504550934,0.27161040902137756,0.12424775958061218,1.8405952453613281,-1.3532209396362305,0.7453736066818237,0.09010608494281769,0.17709612846374512,-2.2017266750335693,1.276921033859253,1.3287813663482666,-2.0217125415802
0.4551758749999989,0.0034223749999999996,133.0,3.0635923707647734,1.1856697404568166,0.6823539066856106,0.0046639178915209925,-0.000359850285792158,0.0019132764727835603,0.06501260640345106,-0.42339298129081726,0.2716042995452881,0.12736549973487854,1.8401422500610352,-1.3890968561172485,0.7449960708618164,0.07042841613292694,0.19294008612632751,-2.199164628982544,1.261328935623169,1.3460817337036133,-2.037137985229492
0.4551758749999989,0.0034223749999999996,133.0,3.0766849173847595,1.1986098736082447,0.6831025707998472,0.004811586140206527,-0.00037413844341047223,0.0019584378919020686,0.06500432951893541,-0.4213922321796417,0.2706654667854309,0.130702406167984,1.8554073572158813,-1.3822473287582397,0.7329556941986084,0.07420721650123596,0.17840024828910828,-2.2046475410461426,1.2397067546844482,1.3751440048217773,-2.037832260131836
0.4551758749999989,0.0034223749999999996,133.0,3.0894388338313497,1.2103590443215353,0.6832716385787585,0.004967615526578297,-0.0003730284562965532,0.002005774774333816,0.06500879753322054,-0.4163093864917755,0.2687798738479614,0.1355169117450714,1.8798940181732178,-1.3499460220336914,0.7007738351821899,0.08006876707077026,0.1450744867324829,-2.203357219696045,1.209507703781128,1.4137957096099854,-2.028870105743408
0.4551758749999989,0.0034223749999999996,133.0,3.101362535321748,1.2213657972382599,0.6837691968864998,0.005128549252911457,-0.00037505150020028776,0.002052346710403732,0.06500315233998698,-0.4121326506137848,0.2670493423938751,0.13815858960151672,1.896346926689148,-1.32148015499115,0.682121992111206,0.10107852518558502,0.1155947744846344,-2.2096335887908936,1.1842718124389648,1.4498387575149536,-2.015826940536499
0.4551758749999989,0.0034223749999999996,133.0,3.1125426463822494,1.2315306156991246,0.6841256366213162,0.0052834092671446495,-0.00036917895277721374,0.002098584846844566,0.06500013386903472,-0.4059081971645355,0.26488032937049866,0.14205166697502136,1.9225001335144043,-1.2693655490875244,0.6485610008239746,0.11909198760986328,0.07154187560081482,-2.214189052581787,1.156446933746338,1.4897046089172363,-1.9977819919586182
0.4551758749999989,0.0034223749999999996,133.0,3.122656285377832,1.2409761890545346,0.6844067037856965,0.005459473208480106,-0.00036466336791085926,0.0021577452076583935,0.06500011378486444,-0.40115711092948914,0.2630399763584137,0.1437186300754547,1.9379010200500488,-1.2305028438568115,0.630751371383667,0.14789775013923645,0.03752696514129639,-2.2229197025299072,1.1339216232299805,1.5242670774459839,-1.9791524410247803
0.4551758749999989,0.0034223749999999996,133.0,3.1309790713019234,1.2518716461179007,0.6873860679698225,0.005715042629326692,-0.000387484535819525,0.0022444008288957287,0.06479379089296085,-0.4029293358325958,0.26402899622917175,0.144582599401474,1.9589024782180786,-1.1985092163085938,0.6433866024017334,0.177040234208107,0.013686954975128174,-2.2569620609283447,1.1363468170166016,1.5302001237869263,-1.9762837886810303
0.4551758749999989,0.0034223749999999996,133.0,3.1397746989053577,1.2595460968298562,0.6880508189854856,0.005986944484976727,-0.0003959447388657708,0.0023322572997602846,0.06478484321206453,-0.397714763879776,0.2622160315513611,0.14871862530708313,1.9861211776733398,-1.1464958190917969,0.6083029508590698,0.18292175233364105,-0.027173638343811035,-2.2577455043792725,1.1142215728759766,1.5565329790115356,-1.962404489517212
0.4551758749999989,0.0034223749999999996,133.0,3.147290297076735,1.2664601831617506,0.688182083848213,0.0063950663793644206,-0.00041058584853668583,0.0024793266000567096,0.0647874867305383,-0.3939373195171356,0.2607978880405426,0.15170428156852722,2.002511978149414,-1.1202393770217896,0.5865391492843628,0.18828560411930084,-0.05143541097640991,-2.2603518962860107,1.0920732021331787,1.5801976919174194,-1.9544336795806885
0.4551758749999989,0.0034223749999999996,133.0,3.1541426823717034,1.2725745649329345,0.6883968310857983,0.007076750834158718,-0.00043895560172107123,0.00272899787221828,0.06478459360685017,-0.38991251587867737,0.259537935256958,0.15050575137138367,2.0077433586120605,-1.087309718132019,0.5848342180252075,0.22644788026809692,-0.07611161470413208,-2.2778470516204834,1.0772924423217773,1.605865716934204,-1.9351015090942383
0.4551758749999989,0.0034223749999999996,133.0,3.160087460746522,1.2779317917920088,0.6884369905900596,0.0086210170527193,-0.0005230116376628327,0.0033018928997226187,0.0647852693907523,-0.38651326298713684,0.2588449716567993,0.15114888548851013,2.0153653621673584,-1.0753417015075684,0.5833985805511475,0.24374283850193024,-0.08976656198501587,-2.2970831394195557,1.0537521839141846,1.6281511783599854,-1.9291868209838867
0.4551758749999989,0.0034223749999999996,133.0,3.1652929124788445,1.2831459225613027,0.6887534147351696,0.016057075064798,-0.0010208657317172614,0.005977698278295305,0.06475041684712149,-0.38208040595054626,0.26092401146888733,0.15501216053962708,2.047513008117676,-1.0848795175552368,0.5997668504714966,0.24275551736354828,-0.09643203020095825,-2.3673503398895264,0.9886856079101562,1.6401461362838745,-1.9549610614776611
0.4551758749999989,0.0034223749999999996,133.0,3.175388281413602,-1.227265545064439,0.6487476002787786,-0.013772016844802438,-0.0005632483076903253,-0.007037016141551419,0.06829452283284705,-0.07103046774864197,0.15646474063396454,-0.13162961602210999,0.3759838938713074,0.04558980092406273,-0.6556274890899658,0.2882354259490967,0.48443084955215454,-0.30157893896102905,0.8196232318878174,0.5265821814537048,-0.8642441034317017
0.4551758749999989,0.0034223749999999996,133.0,3.1707991629859387,-1.2221742395790118,0.6492775466028552,-0.00743994231867644,-0.00024297964185931043,-0.003800056265285814,0.06824814554153495,-0.07166352868080139,0.1606692224740982,-0.12699279189109802,0.38886743783950806,0.000779538881033659,-0.6385273933410645,0.26779884099960327,0.4641779363155365,-0.3676893413066864,0.8388137817382812,0.523042619228363,-0.8567917346954346
0.4551758749999989,0.0034223749999999996,133.0,3.1652216737286176,-1.2166594800852317,0.6492841989026843,-0.0061148528659771065,-0.00019667263567952795,-0.0031199805801154674,0.06822734920705102,-0.07363858819007874,0.1602909117937088,-0.12542811036109924,0.38288015127182007,-0.0018937098793685436,-0.6123387813568115,0.26409420371055603,0.459694504737854,-0.36080050468444824,0.851576566696167,0.5013623833656311,-0.846326470375061
0.4551758749999989,0.0034223749999999996,133.0,3.1590196271869635,-1.2106533513058453,0.6492929312828957,-0.00553110730409703,-0.0001794634737815842,-0.0028196594069299238,0.06821984517170765,-0.07393118739128113,0.15939602255821228,-0.12573540210723877,0.37820062041282654,-0.0016005071811378002,-0.6011331081390381,0.26695990562438965,0.45473557710647583,-0.33617258071899414,0.8520739078521729,0.4730103313922882,-0.8366600871086121
0.4551758749999989,0.0034223749999999996,133.0,3.151791461670639,-1.2036952996895904,0.6492618589984872,-0.005192980348173751,-0.0001781534004686567,-0.002645197907910815,0.06820555666724956,-0.07526454329490662,0.15739843249320984,-0.12525877356529236,0.3688017725944519,0.004909197799861431,-0.5806522369384766,0.27298542857170105,0.4540783166885376,-0.30003559589385986,0.8567643165588379,0.4389621615409851,-0.8266061544418335
0.4551758749999989,0.0034223749999999996,133.0,3.1430691841842724,-1.1975862031731352,0.6467042341207628,-0.004954528141973826,-0.0002277002601364256,-0.0025180789812318176,0.06827470648226404,-0.07468831539154053,0.15488047897815704,-0.12528640031814575,0.3620353043079376,0.011367998085916042,-0.5730328559875488,0.28103694319725037,0.45037299394607544,-0.26212701201438904,0.8496601581573486,0.41359779238700867,-0.8161166310310364
0.4551758749999989,0.0034223749999999996,133.0,3.134268489949806,-1.1893101421536307,0.6467513018296123,-0.004759282318558338,-0.00023036608313264833,-0.0024181541419288394,0.06826436946865928,-0.07580247521400452,0.15179772675037384,-0.12428873777389526,0.3484484851360321,0.017237156629562378,-0.5466206073760986,0.2893700897693634,0.4527791142463684,-0.22096280753612518,0.8538777828216553,0.3866247832775116,-0.8049267530441284
0.4551758749999989,0.0034223749999999996,133.0,3.1247089278018505,-1.1799729096839702,0.6465972004503822,-0.004613880144623084,-0.00023117790737684553,-0.002338500205448516,0.06825703483741886,-0.07557550072669983,0.14990146458148956,-0.1250905990600586,0.3409876823425293,0.02177983894944191,-0.5296247005462646,0.295381635427475,0.4484165906906128,-0.17884624004364014,0.8476254940032959,0.3524550199508667,-0.7930565476417542
0.4551758749999989,0.0034223749999999996,133.0,3.11422121975038,-1.1698064382456232,0.6465470620883986,-0.004484541539523656,-0.0002357079341231411,-0.002266413763123966,0.06824497445597205,-0.07603996992111206,0.14711560308933258,-0.12483185529708862,0.3293899595737457,0.028879422694444656,-0.5020170211791992,0.30360305309295654,0.4483239948749542,-0.1296420693397522,0.8443667888641357,0.3160881996154785,-0.7813242673873901
0.4551758749999989,0.0034223749999999996,133.0,3.1029994834782855,-1.1590204079528361,0.6466365095226416,-0.004353355875595269,-0.00024094190678968365,-0.0021967095827016207,0.06823705286385034,-0.07634231448173523,0.14368638396263123,-0.12405189871788025,0.31533509492874146,0.0350903682410717,-0.4710819721221924,0.3122383952140808,0.45058539509773254,-0.08168046921491623,0.8409974575042725,0.2878114879131317,-0.7694860696792603
0.4551758749999989,0.0034223749999999996,133.0,3.0910375039371227,-1.1471955929296658,0.6465769705110217,-0.004232355261279997,-0.0002419377076884867,-0.0021302819367143124,0.0682327806834416,-0.07553532719612122,0.1415669471025467,-0.12473145127296448,0.3071901202201843,0.037357788532972336,-0.45070576667785645,0.31843841075897217,0.4476425051689148,-0.042458586394786835,0.8311049938201904,0.26236769556999207,-0.7583392858505249
0.4551758749999989,0.0034223749999999996,133.0,3.078291966517862,-1.1345116150629886,0.6463564857642791,-0.004110062191691249,-0.00024061926901327292,-0.0020593965394579542,0.06823154178096481,-0.07419601082801819,0.13961540162563324,-0.12639197707176208,0.3018394708633423,0.04075479879975319,-0.4363844394683838,0.3248148262500763,0.4413071870803833,-0.00035835872404277325,0.8156962394714355,0.23421043157577515,-0.7465826869010925
0.4551758749999989,0.0034223749999999996,133.0,3.0648693997110223,-1.120921077200998,0.6461072976625661,-0.00400263827055657,-0.00023488079548444806,-0.002001210394559834,0.06823693575830887,-0.07162538170814514,0.13806580007076263,-0.12862953543663025,0.2991563677787781,0.03523360565304756,-0.4364440441131592,0.32629403471946716,0.43235746026039124,0.023666683584451675,0.7996261119842529,0.22729483246803284,-0.7348642349243164
0.4551758749999989,0.0034223749999999996,133.0,3.050584418825884,-1.1064282457829557,0.6458406000247476,-0.0038657933623169227,-0.00022496161364323088,-0.0019295890624396765,0.06824201962529577,-0.06891652941703796,0.13633383810520172,-0.13013547658920288,0.29537543654441833,0.025885548442602158,-0.44037747383117676,0.32625746726989746,0.4256899356842041,0.03175589069724083,0.7884881496429443,0.24042794108390808,-0.7243528962135315
0.4551758749999989,0.0034223749999999996,133.0,3.035231714094593,-1.0910419487581362,0.6456236169608374,-0.0036919130048628647,-0.00021949140960426708,-0.0018430350090089523,0.06823760796535093,-0.06893879175186157,0.13655546307563782,-0.13152965903282166,0.2953762710094452,0.02626897767186165,-0.4308757781982422,0.329881489276886,0.4211210310459137,0.05140318721532822,0.7822380065917969,0.22274987399578094,-0.7197672128677368
0.4551758749999989,0.0034223749999999996,133.0,3.0190012165206594,-1.0747320273323637,0.6454043713479849,-0.0035304053326525218,-0.00020971026774189384,-0.0017605195968339081,0.06823313108809173,-0.06893530488014221,0.13822832703590393,-0.13363805413246155,0.3004148602485657,0.022835273295640945,-0.4350283145904541,0.3305644094944,0.41368192434310913,0.05378745123744011,0.7788374423980713,0.21713784337043762,-0.7173683643341064
0.4551758749999989,0.0034223749999999996,133.0,3.0019009646141854,-1.0577375447441892,0.6453453391481435,-0.0033453156111669705,-0.00020169495508861362,-0.0016695626741112665,0.06822589483737004,-0.06976735591888428,0.13854791224002838,-0.1341211497783661,0.29879894852638245,0.02270408347249031,-0.4232673645019531,0.33538854122161865,0.41308850049972534,0.061405863612890244,0.7801604270935059,0.2130279242992401,-0.715190052986145
0.4551758749999989,0.0034223749999999996,133.0,2.9840543793337235,-1.0396731132694743,0.6451220759631496,-0.0031689959738334193,-0.0001869263897485078,-0.0015846054455353022,0.06822508479166382,-0.06980204582214355,0.14166459441184998,-0.13658109307289124,0.30822986364364624,0.014090115204453468,-0.4429051876068115,0.33402684330940247,0.40390604734420776,0.03500203415751457,0.7828724384307861,0.23071923851966858,-0.7154936790466309
0.4551758749999989,0.0034223749999999996,133.0,2.9651652226157994,-1.020848220341223,0.6449853655001623,-0.002987550748698973,-0.00018007418937229298,-0.001493208719585053,0.06821316408345558,-0.07117059826850891,0.14092497527599335,-0.13661837577819824,0.3030099868774414,0.019040808081626892,-0.42285776138305664,0.34154364466667175,0.405847430229187,0.055689048022031784,0.7846012115478516,0.2198215276002884,-0.7122440338134766
0.4551758749999989,0.0034223749999999996,133.0,2.94555375391309,-1.0013011089318462,0.6448358875417289,-0.0028244698334869305,-0.0001740878443410298,-0.0014127031414522325,0.06820514643206294,-0.07207342982292175,0.14215870201587677,-0.13796913623809814,0.30455029010772705,0.017893631011247635,-0.4177515506744385,0.34656447172164917,0.4024961590766907,0.05770145356655121,0.7862229347229004,0.21680723130702972,-0.7104735374450684
0.4551758749999989,0.0034223749999999996,133.0,2.925147347475043,-0.9808249762492411,0.644655697034276,-0.0026102017345838815,-0.00016120310704958302,-0.0013074413570446398,0.06819939301419285,-0.07267138361930847,0.14245395362377167,-0.1388147473335266,0.30354979634284973,0.016545500606298447,-0.41206860542297363,0.35145804286003113,0.40048420429229736,0.05998241528868675,0.7883479595184326,0.2209455370903015,-0.7074921727180481
0.4551758749999989,0.0034223749999999996,133.0,2.903857321337818,-0.9602095663377797,0.6448341138534947,-0.0023975478699765026,-0.00015481589395235682,-0.0012021664101262164,0.06819107565239875,-0.07379594445228577,0.13857878744602203,-0.13732635974884033,0.28752169013023376,0.024014610797166824,-0.37847208976745605,0.35978272557258606,0.4097248911857605,0.09273644536733627,0.7914097309112549,0.22140319645404816,-0.7007095217704773
0.4551758749999989,0.0034223749999999996,133.0,2.881725623891121,-0.9380300029970289,0.6446063010918821,-0.0021961107475583883,-0.0001413235826962047,-0.0011017333121663558,0.06818421677292066,-0.0745406448841095,0.13985514640808105,-0.13892021775245667,0.2896019518375397,0.02077094092965126,-0.3774912357330322,0.3648311495780945,0.40564486384391785,0.08860921114683151,0.7938156127929688,0.22613248229026794,-0.6987588405609131
0.4551758749999989,0.0034223749999999996,133.0,2.858627911430141,-0.9149112822494618,0.6443149994710036,-0.001995682981651775,-0.00013023060663759753,-0.0010008925950269342,0.06817171090809739,-0.07638692855834961,0.14188839495182037,-0.14082172513008118,0.29333752393722534,0.021487470716238022,-0.37142300605773926,0.372445672750473,0.4018711745738983,0.09203050285577774,0.796992301940918,0.21727554500102997,-0.6987863183021545
0.4551758749999989,0.0034223749999999996,133.0,2.8346126575590023,-0.8906908146129967,0.6438389810208514,-0.0018353493361442216,-0.00012090013068400463,-0.0009196747828680323,0.06815700201179017,-0.07870861887931824,0.1458200216293335,-0.14389267563819885,0.3036922216415405,0.022136684507131577,-0.3731038570404053,0.3789978623390198,0.3930450975894928,0.0923403799533844,0.7997100353240967,0.19833041727542877,-0.7003824710845947
0.4551758749999989,0.0034223749999999996,133.0,2.809947759067467,-0.8659098520932876,0.6435910429664653,-0.001637748660949332,-0.00010701876669467399,-0.0008225650339627599,0.06814856407032119,-0.08000734448432922,0.1481054276227951,-0.14558374881744385,0.30817273259162903,0.01821468397974968,-0.3750593662261963,0.3830993175506592,0.3879815936088562,0.07870502024888992,0.8058872222900391,0.20624463260173798,-0.6998692750930786
0.4551758749999989,0.0034223749999999996,133.0,2.7843985179381563,-0.8405648576918286,0.6435448507803184,-0.0014547352905173421,-9.858582383378433e-5,-0.0007328811732092129,0.06813642989419955,-0.08155733346939087,0.1479683518409729,-0.1463363766670227,0.3037504255771637,0.019874170422554016,-0.35938477516174316,0.3911254107952118,0.3891679644584656,0.08867504447698593,0.8108558654785156,0.20800358057022095,-0.6966884136199951
0.4551758749999989,0.0034223749999999996,133.0,2.758099965902907,-0.8146190302081107,0.6434701978846477,-0.0012743252399914195,-8.882532395600699e-5,-0.0006425021454793693,0.06812772902469015,-0.08273637294769287,0.14649644494056702,-0.14680513739585876,0.29548177123069763,0.02280569076538086,-0.33889007568359375,0.4003260135650635,0.3924989700317383,0.10800302028656006,0.8140642642974854,0.21065270900726318,-0.6917805075645447
0.4551758749999989,0.0034223749999999996,133.0,2.7310151071297817,-0.7876437186123226,0.6432590505508136,-0.001124835524418403,-8.025480112913e-5,-0.00056731168193558,0.06811925664783429,-0.08345115184783936,0.14634260535240173,-0.14827430248260498,0.2919090986251831,0.02263764664530754,-0.3248605728149414,0.4083109498023987,0.3908705413341522,0.12386323511600494,0.8142857551574707,0.2067182958126068,-0.686591625213623
0.4551758749999989,0.0034223749999999996,133.0,2.7032275426134977,-0.7599056779908142,0.64304329336148,-0.0009914958680462633,-7.160361353665057e-5,-0.0005004159000411173,0.06811575210476507,-0.0832185447216034,0.14578315615653992,-0.14978933334350586,0.2877279818058014,0.018739517778158188,-0.3157813549041748,0.4142487049102783,0.3882020115852356,0.1335398554801941,0.8130462169647217,0.21173003315925598,-0.6797391176223755
0.4551758749999989,0.0034223749999999996,133.0,2.6743968714934363,-0.7313437966753281,0.6428054151486255,-0.0008187673591606308,-6.047665360459957e-5,-0.00041238677076243217,0.06810601835058541,-0.0845324695110321,0.14504310488700867,-0.15120559930801392,0.2823997437953949,0.02230730652809143,-0.295947790145874,0.4237934947013855,0.3886563777923584,0.16322597861289978,0.8132295608520508,0.20115141570568085,-0.6748596429824829
0.4551758749999989,0.0034223749999999996,133.0,2.6447460093565733,-0.7020380295022273,0.642654815146244,-0.0006874081011503286,-5.256206228997315e-5,-0.0003461398406063399,0.06809654866053914,-0.08579272031784058,0.14376185834407806,-0.15213543176651,0.2743603587150574,0.025834619998931885,-0.27295541763305664,0.43471333384513855,0.3920014500617981,0.1904650330543518,0.8147881031036377,0.19791752099990845,-0.6701765060424805
0.4551758749999989,0.0034223749999999996,133.0,2.61421756785202,-0.6716923573652047,0.6424377310055631,-0.0005159853796638499,-4.055236232527547e-5,-0.00026017117912832167,0.06808442192763801,-0.08738204836845398,0.14406141638755798,-0.15354064106941223,0.2711579501628876,0.027082592248916626,-0.2574789524078369,0.4445284605026245,0.39187175035476685,0.20313048362731934,0.8191928863525391,0.196746826171875,-0.6668879389762878
0.4551758749999989,0.0034223749999999996,133.0,2.5828943262030135,-0.6402161346980033,0.6421030181866574,-0.0003241506546119008,-2.518874744128376e-5,-0.00016362361742714796,0.06807338128081168,-0.08871248364448547,0.14654310047626495,-0.15591537952423096,0.2760612666606903,0.02345256134867668,-0.25837159156799316,0.4490015208721161,0.3836006820201874,0.19508704543113708,0.825423002243042,0.19725504517555237,-0.6635683178901672
0.4551758749999989,0.0034223749999999996,133.0,2.5506715075764115,-0.6079895524406209,0.6418179178449425,-0.00015149625254235575,-1.1938175635782026e-5,-7.669372394451198e-5,0.06805896590333986,-0.0905826985836029,0.14840374886989594,-0.15788236260414124,0.27796322107315063,0.023645028471946716,-0.25157666206359863,0.45619985461235046,0.37865936756134033,0.1950853019952774,0.8327131271362305,0.19544772803783417,-0.6605848073959351
0.4551758749999989,0.0034223749999999996,133.0,2.5176199693382544,-0.5754736855413433,0.6417336604121837,1.6793992972956806e-5,1.3903953239333178e-6,8.542522120634671e-6,0.06804677225440549,-0.09246671199798584,0.14647606015205383,-0.15833067893981934,0.26689308881759644,0.030250821262598038,-0.22789263725280762,0.46837493777275085,0.38543176651000977,0.21408815681934357,0.8402292728424072,0.20661765336990356,-0.6563429236412048
0.4551758749999989,0.0034223749999999996,133.0,2.4837046601859956,-0.5417707365421717,0.6414882499910247,0.00018552900527000997,1.575567066111573e-5,9.451329683204991e-5,0.06803257861132553,-0.09452587366104126,0.14695478975772858,-0.16000455617904663,0.2636881172657013,0.032509926706552505,-0.21172475814819336,0.48008444905281067,0.38546276092529297,0.22660917043685913,0.8468360900878906,0.20548292994499207,-0.6532241106033325
0.4551758749999989,0.0034223749999999996,133.0,2.4488554186635914,-0.50688221993725,0.6410358909508018,0.00036843410506569833,3.164112119912488e-5,0.00018778280601069083,0.06801405641442904,-0.09724459052085876,0.14984998106956482,-0.16294455528259277,0.2691398561000824,0.03267620503902435,-0.20560264587402344,0.490007221698761,0.3784220814704895,0.23047585785388947,0.8548574447631836,0.1940578669309616,-0.651702344417572
0.4551758749999989,0.0034223749999999996,133.0,2.4132154104800545,-0.4714923368299487,0.640773931681833,0.0005122636557875649,4.510851210278705e-5,0.0002615608777871361,0.06799842630324178,-0.0997169017791748,0.1505414843559265,-0.16469931602478027,0.2660495638847351,0.03498920425772667,-0.18918299674987793,0.5027848482131958,0.37904006242752075,0.24117746949195862,0.8637144565582275,0.19437183439731598,-0.6493006944656372
0.4551758749999989,0.0034223749999999996,133.0,2.3767659382687323,-0.43528930786384995,0.6405048023878209,0.0006744746135342222,6.0954237438980843e-5,0.00034498297058200346,0.0679830539367352,-0.10204434394836426,0.15107260644435883,-0.16651031374931335,0.262565553188324,0.036992866545915604,-0.17239761352539062,0.5157963037490845,0.379528284072876,0.2536330819129944,0.8719563484191895,0.19414445757865906,-0.6463652849197388
0.4551758749999989,0.0034223749999999996,133.0,2.339532984573362,-0.3982812466936758,0.6402401469903427,0.0008472536975189026,7.869241746873518e-5,0.00043401816380984166,0.06796862444479872,-0.1040295660495758,0.15132629871368408,-0.16838893294334412,0.2584618926048279,0.03835403919219971,-0.15527772903442383,0.5288354158401489,0.3797668218612671,0.2691633701324463,0.8786201477050781,0.19281546771526337,-0.6425411105155945
0.4551758749999989,0.0034223749999999996,133.0,2.3015409378621507,-0.36049610882358857,0.6399490040732534,0.0010434281433218875,0.00010005014409452676,0.0005353759321075431,0.06795596535801077,-0.10553619265556335,0.15116654336452484,-0.17040634155273438,0.25372403860092163,0.03793748840689659,-0.13849496841430664,0.5421197414398193,0.3799136281013489,0.28753113746643066,0.883129358291626,0.19181926548480988,-0.637971818447113
0.4551758749999989,0.0034223749999999996,133.0,2.262746518612262,-0.32189083282096326,0.6396794744499537,0.0012297198349428481,0.00012146285415709835,0.0006316085014479826,0.06794452354047602,-0.1067761480808258,0.15079331398010254,-0.1724991798400879,0.24854405224323273,0.03648027405142784,-0.12180042266845703,0.555729329586029,0.38018807768821716,0.30787283182144165,0.8864090442657471,0.19062957167625427,-0.6330758929252625
0.4551758749999989,0.0034223749999999996,133.0,2.2230039493358116,-0.2828521222693523,0.6394884278281655,0.0013502265737200198,0.00014112913333992041,0.0006942681655315071,0.06793424015581986,-0.10879257321357727,0.14777538180351257,-0.17373263835906982,0.2341097742319107,0.04338168725371361,-0.09204864501953125,0.5770758986473083,0.39158663153648376,0.3520173728466034,0.8905379772186279,0.19768349826335907,-0.6300526261329651
0.4551758749999989,0.0034223749999999996,133.0,2.1824488927039916,-0.24255673226911675,0.6392112461527608,0.0015046256849559484,0.0001620175708768652,0.0007749631135420725,0.06792018524504173,-0.11073321104049683,0.14775830507278442,-0.17565882205963135,0.22959360480308533,0.04420887678861618,-0.07592010498046875,0.5929825305938721,0.39285993576049805,0.36888763308525085,0.8970704078674316,0.19841419160366058,-0.6268492937088013
0.4551758749999989,0.0034223749999999996,133.0,2.140876474160437,-0.2007932930614296,0.638624178295991,0.0016552457915731764,0.00018110512576335213,0.0008542432914225011,0.06789518294629646,-0.11345520615577698,0.15174953639507294,-0.17939621210098267,0.23982281982898712,0.041371654719114304,-0.07662487030029297,0.6032832264900208,0.37948548793792725,0.36921215057373047,0.9058940410614014,0.17807582020759583,-0.6237573623657227
0.4551758749999989,0.0034223749999999996,133.0,2.099546799750823,-0.1576851055060541,0.6410129137835752,0.0017968283230972695,0.00018714309624521006,0.0009338599479305078,0.06781481401934938,-0.11346435546875,0.14922164380550385,-0.18030714988708496,0.2242106944322586,0.03746572136878967,-0.05368757247924805,0.6127951741218567,0.38660475611686707,0.3773009181022644,0.9117624759674072,0.20003770291805267,-0.6152676343917847
0.4551758749999989,0.0034223749999999996,133.0,2.0561762206806766,-0.11466144325491463,0.640593337071287,0.0018937658202333588,0.00021080254224817679,0.0009882268978904957,0.0677848612812192,-0.11735588312149048,0.14711052179336548,-0.18253275752067566,0.21219338476657867,0.05145885795354843,-0.022327423095703125,0.6433015465736389,0.3988455832004547,0.4351367652416229,0.9212779998779297,0.19768045842647552,-0.6155033111572266
0.4551758749999989,0.0034223749999999996,133.0,2.0115243624371284,-0.0715346195198947,0.640676854940309,0.00186657038373886,0.00022204010651847357,0.0009831141936684146,0.06775508713995976,-0.1287814974784851,0.148428276181221,-0.18241870403289795,0.19725117087364197,0.08046365529298782,0.012311220169067383,0.6771275997161865,0.42145732045173645,0.4296189844608307,0.9797265529632568,0.23058804869651794,-0.6234745979309082
0.4551758749999989,0.0034223749999999996,133.0,1.9632186232618782,-0.022279275636004795,0.6372925272868466,0.0017479664770024101,0.00010935221557540085,0.0009536599196326216,0.06763359936767245,-0.16596165299415588,0.21781814098358154,-0.18871064484119415,0.362291544675827,0.09294765442609787,-0.03914475440979004,0.39241358637809753,0.37688499689102173,-0.38576871156692505,1.3380837440490723,0.04197714477777481,-0.7438323497772217
0.4551758749999989,0.0034223749999999996,133.0,1.9120172229507788,0.03220861878618785,0.6381451759902154,0.00010276327354024485,-7.366799161887368e-6,5.937897907406047e-5,0.0672108977678875,-0.22980961203575134,0.2974162697792053,-0.17454007267951965,0.4240448474884033,0.02173863723874092,0.2165999412536621,-0.10368765890598297,0.6284158825874329,-1.6252894401550293,1.8843154907226562,-0.09062047302722931,-1.055631160736084
0.4551758749999989,0.0034223749999999996,133.0,1.9520115518160477,0.059030364991116864,0.6394344497728375,-0.0017117799005728419,-0.0001686145406794201,-0.0010062377440960217,0.06663465704728007,-0.25014153122901917,0.1348218470811844,-0.18034794926643372,0.6757879257202148,-0.179888054728508,0.2734184265136719,0.9345999360084534,-0.032603323459625244,-0.7590742111206055,1.6535263061523438,-0.05281095206737518,-0.6434928774833679
0.4551758749999989,0.0034223749999999996,133.0,1.9871781230006784,0.10849864664970879,0.6464326525676242,-0.001956689277078682,3.934930447413998e-5,-0.0011487408183616789,0.06583729105723053,-0.3171742856502533,0.17213745415210724,-0.10819390416145325,1.0328274965286255,-0.4109307825565338,0.5384217500686646,0.49220573902130127,0.05890437960624695,-1.5554238557815552,2.006866455078125,0.25741806626319885,-1.091355323791504
0.4551758749999989,0.0034223749999999996,133.0,2.023523320479354,0.1568887525783987,0.6545348188084651,-0.0019956878496951366,0.00018041651862146273,-0.0011018431162858622,0.0653541456553155,-0.38628068566322327,0.20893940329551697,-0.02361959218978882,1.3291449546813965,-0.8852286338806152,0.6446540355682373,-0.03137769177556038,0.26222431659698486,-1.9553611278533936,2.088960647583008,0.5255149602890015,-1.5914472341537476
0.4551758749999989,0.0034223749999999996,133.0,2.0648587735451605,0.20204643443290157,0.6570021447999983,-0.0018978901001824053,0.0001902890535113866,-0.0010175182043601107,0.06524902766449399,-0.3958435356616974,0.22478656470775604,0.0006718039512634277,1.4140628576278687,-1.0008304119110107,0.641136646270752,-0.10289350152015686,0.29091888666152954,-2.0320980548858643,2.018216133117676,0.552584707736969,-1.7055604457855225
0.4551758749999989,0.0034223749999999996,133.0,2.106359454041404,0.2451053350782425,0.6583158804870308,-0.001743912144268881,0.0001823952461974841,-0.0009187522003032754,0.06520849975953467,-0.3995648920536041,0.23138709366321564,0.011563926935195923,1.446931004524231,-1.0591143369674683,0.6470412015914917,-0.1257731169462204,0.30491477251052856,-2.0599939823150635,1.9764628410339355,0.5875410437583923,-1.7526735067367554
0.4551758749999989,0.0034223749999999996,133.0,2.1472679764890636,0.2867746227020657,0.6587409085112835,-0.0015493451006557736,0.00016161806604537274,-0.0008088283999212611,0.06520957663072503,-0.39721474051475525,0.2342442274093628,0.021097123622894287,1.4879006147384644,-1.0648926496505737,0.6375347375869751,-0.13173022866249084,0.2881295084953308,-2.0611350536346436,1.9178986549377441,0.6356117129325867,-1.7769782543182373
0.4551758749999989,0.0034223749999999996,133.0,2.1875243959375257,0.32752258669640394,0.6589315534778521,-0.0014608416822675752,0.00014742223807280794,-0.0007569526047607214,0.06520512627714888,-0.3991670310497284,0.23660841584205627,0.021397173404693604,1.4827402830123901,-1.0919979810714722,0.6567206382751465,-0.09569528698921204,0.30057281255722046,-2.076580762863159,1.9020977020263672,0.6624444127082825,-1.7845566272735596
0.4551758749999989,0.0034223749999999996,133.0,2.227146386236394,0.3675042947894896,0.6596558769594045,-0.0012536858896842263,0.00012522903511199518,-0.0006403052526529,0.06518176977395862,-0.3995128571987152,0.2388342171907425,0.025677651166915894,1.4993579387664795,-1.1066564321517944,0.6653470993041992,-0.08109690248966217,0.2978869676589966,-2.0834670066833496,1.8697190284729004,0.6940581798553467,-1.7986559867858887
0.4551758749999989,0.0034223749999999996,133.0,2.265815359524501,0.40660865285002074,0.6602609518825401,-0.0010938276769689647,0.00010781358540748596,-0.0005517052439001638,0.06516982100021053,-0.39724114537239075,0.2408055067062378,0.033786267042160034,1.5366721153259277,-1.1006349325180054,0.6600581407546997,-0.07625904679298401,0.2765016555786133,-2.0841269493103027,1.8205771446228027,0.7359724044799805,-1.8146476745605469
0.4551758749999989,0.0034223749999999996,133.0,2.3035495863205835,0.44487156271453737,0.6607118067045868,-0.0008912512613385016,8.671324920630649e-5,-0.0004448669139712707,0.06516046292460335,-0.3975583016872406,0.24284642934799194,0.03822582960128784,1.5525201559066772,-1.1167047023773193,0.6662768125534058,-0.06301538646221161,0.274078905582428,-2.092385768890381,1.7877707481384277,0.7694132924079895,-1.8282475471496582
0.4551758749999989,0.0034223749999999996,133.0,2.3404647155852905,0.48226493003856075,0.6611205080255371,-0.0007106976520879498,6.81264951225734e-5,-0.00035131924281749517,0.06515267294274113,-0.39785096049308777,0.2447739541530609,0.042627930641174316,1.5681034326553345,-1.1312719583511353,0.6715192794799805,-0.050567079335451126,0.2709770202636719,-2.099635124206543,1.7558479309082031,0.8020052313804626,-1.8408927917480469
0.4551758749999989,0.0034223749999999996,133.0,2.3765464080844945,0.5188079795014608,0.6615123526786034,-0.0005378156233531458,5.075444339294605e-5,-0.00026340197164421807,0.06514483402734232,-0.39815470576286316,0.24651409685611725,0.04658094048500061,1.5824635028839111,-1.1427587270736694,0.6764469146728516,-0.03761865198612213,0.26700717210769653,-2.105358362197876,1.7265934944152832,0.8319932222366333,-1.8514337539672852
0.4551758749999989,0.0034223749999999996,133.0,2.4118004563025117,0.5544861000531721,0.6618402862142497,-0.00037027266161962025,3.432114544373279e-5,-0.00017983845196781656,0.06513815067151733,-0.3984128534793854,0.248071551322937,0.050050318241119385,1.5954917669296265,-1.1502398252487183,0.6807346343994141,-0.02437625452876091,0.26203978061676025,-2.108736276626587,1.700179100036621,0.8593507409095764,-1.8596267700195312
0.4551758749999989,0.0034223749999999996,133.0,2.446191121696343,0.5893262604754056,0.6621644358476649,-0.00020800927849893417,1.8921989808369145e-5,-0.00010026248337650401,0.06512917148207928,-0.39878514409065247,0.24951434135437012,0.0530756413936615,1.6075432300567627,-1.1533738374710083,0.6844949722290039,-0.012013699859380722,0.2561298608779907,-2.109995126724243,1.6775164604187012,0.8829100131988525,-1.8658790588378906
0.4551758749999989,0.0034223749999999996,133.0,2.479223316780427,0.6233915703090537,0.6620487186525453,-6.204736319003475e-5,5.511859615707051e-6,-2.987564673246506e-5,0.06512314525735795,-0.4025779664516449,0.25191012024879456,0.05187755823135376,1.5964981317520142,-1.176086664199829,0.7093883752822876,0.01174692902714014,0.2713184654712677,-2.1217470169067383,1.678389549255371,0.8887776136398315,-1.870239496231079
0.4551758749999989,0.0034223749999999996,133.0,2.51139767551337,0.6566915648877832,0.6623009300818391,0.00013416346443149432,-1.186227611354868e-5,6.427176184326428e-5,0.06510241234708232,-0.40631404519081116,0.2543111741542816,0.053297966718673706,1.5983901023864746,-1.1946557760238647,0.7271295785903931,0.01703626476228237,0.27999037504196167,-2.1290740966796875,1.6735005378723145,0.8937728404998779,-1.8809192180633545
0.4551758749999989,0.0034223749999999996,133.0,2.5439321215752497,0.6870193266592656,0.6604446506004882,0.0003166411647076588,-2.659043895894293e-5,0.00014949053203974931,0.06526086089057855,-0.4017597734928131,0.2541559636592865,0.06042453646659851,1.6189476251602173,-1.2009638547897339,0.6978466510772705,-0.003929462283849716,0.26851123571395874,-2.108211040496826,1.6248548030853271,0.9397929310798645,-1.8900134563446045
0.4551758749999989,0.0034223749999999996,133.0,2.574518247768524,0.7186233179630787,0.6606973630278619,0.0005013410748182633,-4.187755676734885e-5,0.00023533597906923173,0.06524817602964907,-0.40531226992607117,0.25643086433410645,0.062430232763290405,1.6207491159439087,-1.2280465364456177,0.7168086767196655,0.006482446100562811,0.27867794036865234,-2.1217896938323975,1.6142833232879639,0.9547857046127319,-1.9021520614624023
0.4551758749999989,0.0034223749999999996,133.0,2.6049317989491794,0.7492805521312652,0.6614931352408593,0.0007216618084708495,-5.926041344501244e-5,0.0003343095389543477,0.06522316488688813,-0.4043329060077667,0.25743380188941956,0.06887766718864441,1.6524105072021484,-1.2176285982131958,0.7108906507492065,0.016498759388923645,0.25529944896698,-2.12949538230896,1.5794775485992432,0.9904996156692505,-1.9104676246643066
0.4551758749999989,0.0034223749999999996,133.0,2.634549542073526,0.7790270622675711,0.6620692469264698,0.0008797654675017474,-7.04746230939686e-5,0.00040312329406668064,0.06521095893711158,-0.40323397517204285,0.25801268219947815,0.07370302081108093,1.6748110055923462,-1.211675763130188,0.7068628072738647,0.03351202607154846,0.23653197288513184,-2.135671615600586,1.5472214221954346,1.0272845029830933,-1.9141852855682373
0.4551758749999989,0.0034223749999999996,133.0,2.6632667569154953,0.8079816438188572,0.6629847394234787,0.0010825154924197847,-8.730632816464054e-5,0.0004896176718190867,0.06518974017753541,-0.40273627638816833,0.25880753993988037,0.08118811249732971,1.705627679824829,-1.2114206552505493,0.6947461366653442,0.022887133061885834,0.21931910514831543,-2.134920120239258,1.513136863708496,1.059333086013794,-1.9277403354644775
0.4551758749999989,0.0034223749999999996,133.0,2.690734294527064,0.8361127347730538,0.6631684352855742,0.0012379891586740987,-9.929092740066425e-5,0.0005571699211731175,0.06518830879729103,-0.40531817078590393,0.26037126779556274,0.08244869112968445,1.7026872634887695,-1.2392646074295044,0.7109630107879639,0.03756389766931534,0.22979825735092163,-2.1459157466888428,1.5004794597625732,1.079249382019043,-1.9354889392852783
0.4551758749999989,0.0034223749999999996,133.0,2.7176608350511278,0.8633445941037873,0.6636960615356852,0.0014127245217710883,-0.00011290524869459812,0.0006300831609113656,0.06517888015131848,-0.4060399830341339,0.26129212975502014,0.08617469668388367,1.716559886932373,-1.2453279495239258,0.7120968103408813,0.04559991508722305,0.22231540083885193,-2.1513853073120117,1.4784069061279297,1.103781819343567,-1.9419641494750977
0.4551758749999989,0.0034223749999999996,133.0,2.743997027116988,0.8896131611183759,0.6638996832908716,0.0016214568841330021,-0.00012507551196569444,0.0007185094614837911,0.06517942883584849,-0.40490368008613586,0.2615364193916321,0.09131816029548645,1.7378277778625488,-1.241196870803833,0.701106071472168,0.0463721789419651,0.20592817664146423,-2.1497440338134766,1.4484469890594482,1.132865071296692,-1.9468543529510498
0.4551758749999989,0.0034223749999999996,133.0,2.769294905005121,0.9151443590751893,0.6642328877098175,0.001833997985663343,-0.00014020931673813672,0.0008075730501141863,0.06517091683014697,-0.40502020716667175,0.26231110095977783,0.09560897946357727,1.7554298639297485,-1.239632487297058,0.6947579383850098,0.0423349067568779,0.19554710388183594,-2.1487903594970703,1.4283514022827148,1.1518890857696533,-1.9540610313415527
0.4551758749999989,0.0034223749999999996,133.0,2.7934780261184526,0.9398904032934728,0.6644261418033975,0.00206983020333694,-0.00015710818443201438,0.0009071264551490076,0.06516472046152558,-0.4069725573062897,0.2634226679801941,0.09582522511482239,1.7537790536880493,-1.2538087368011475,0.7098631858825684,0.06068108603358269,0.1993292272090912,-2.157862901687622,1.4190890789031982,1.1650264263153076,-1.9563720226287842
0.4551758749999989,0.0034223749999999996,133.0,2.8168533127736914,0.9637713395488309,0.664443016626342,0.0022441566259564175,-0.00016835139016623197,0.0009810542799623477,0.06516423568414573,-0.4089711606502533,0.2645663619041443,0.09661397337913513,1.7526895999908447,-1.2695673704147339,0.7211548089981079,0.07026083767414093,0.2048405408859253,-2.1629700660705566,1.410261869430542,1.176622986793518,-1.9609334468841553
0.4551758749999989,0.0034223749999999996,133.0,2.83931961415209,0.9868425842261752,0.6644432706951967,0.002466082735558642,-0.00018223503711590157,0.0010755273678321425,0.06516192444343992,-0.4111221730709076,0.2658231258392334,0.096303790807724,1.7478570938110352,-1.2843990325927734,0.737419605255127,0.08751457929611206,0.21118858456611633,-2.1714396476745605,1.4045379161834717,1.1864432096481323,-1.9626259803771973
0.4551758749999989,0.0034223749999999996,133.0,2.861211720384558,1.0090063099538205,0.6646861898952448,0.0026923421300955363,-0.00019764796278160275,0.0011683545335600082,0.06515773012632273,-0.41028884053230286,0.2659485638141632,0.10066041350364685,1.767985224723816,-1.2756229639053345,0.7258849143981934,0.0852237194776535,0.1950087547302246,-2.1700072288513184,1.382347822189331,1.2083921432495117,-1.9665453433990479
0.4551758749999989,0.0034223749999999996,133.0,2.8821362270127313,1.0304081317420557,0.6647112749874133,0.0029302648383403634,-0.00021169275951401993,0.0012684052542088163,0.06515367327257053,-0.4121231138706207,0.26708677411079407,0.10083410143852234,1.7647076845169067,-1.29122793674469,0.7397880554199219,0.09798520803451538,0.20090413093566895,-2.178278923034668,1.3745396137237549,1.2195923328399658,-1.9693310260772705
0.4551758749999989,0.0034223749999999996,133.0,2.9026347970044912,1.0508731836669487,0.6655978910444069,0.0031761640203841145,-0.00023510321585271387,0.0013580935110605974,0.06513056840760567,-0.4120117127895355,0.26771292090415955,0.10572412610054016,1.7876429557800293,-1.280116319656372,0.7280453443527222,0.08905689418315887,0.18503731489181519,-2.1790952682495117,1.3581347465515137,1.2353932857513428,-1.9763109683990479
0.4551758749999989,0.0034223749999999996,133.0,2.9220034374864503,1.0706449980698265,0.6661992292888672,0.0033659630970202157,-0.0002502378722896047,0.0014300078645169865,0.06511645752574165,-0.4141741693019867,0.2688191533088684,0.10735031962394714,1.7919812202453613,-1.2908371686935425,0.7363071441650391,0.0931607186794281,0.18644440174102783,-2.1858129501342773,1.350337266921997,1.24410080909729,-1.9821443557739258
0.4551758749999989,0.0034223749999999996,133.0,2.9406917246747946,1.089467865000399,0.6667913623055804,0.0035819101850778226,-0.00026651678450227977,0.001509337190757223,0.06510156705081521,-0.4132218658924103,0.26885461807250977,0.1126965582370758,1.8172599077224731,-1.2758506536483765,0.7185180187225342,0.08347557485103607,0.1659661829471588,-2.1835086345672607,1.3292927742004395,1.2625752687454224,-1.9868323802947998
0.4551758749999989,0.0034223749999999996,133.0,2.957944086352704,1.1075682528278312,0.666623674005299,0.0037640304615499127,-0.0002833643293758384,0.0015869119665106951,0.06510853542373728,-0.41617080569267273,0.2703471779823303,0.11368802189826965,1.8120133876800537,-1.3021228313446045,0.7292944192886353,0.0728292167186737,0.18183505535125732,-2.1842193603515625,1.3276774883270264,1.2618805170059204,-1.9975452423095703
0.4551758749999989,0.0034223749999999996,133.0,2.97499337557584,1.1246761853449307,0.6669153226122243,0.003982167005540107,-0.0002961889067095367,0.0016697805217380556,0.06510165282412228,-0.416049987077713,0.2705763578414917,0.11596009135246277,1.8226946592330933,-1.297404408454895,0.7261447906494141,0.07898637652397156,0.1714952290058136,-2.187793016433716,1.3135194778442383,1.2770960330963135,-1.9979209899902344
0.4551758749999989,0.0034223749999999996,133.0,2.9909285932247234,1.1410149119164055,0.6671373193287427,0.004173613887559206,-0.00031135196788591803,0.0017432431041154587,0.06509694881213259,-0.4170774519443512,0.27100950479507446,0.11827787756919861,1.828864574432373,-1.3083539009094238,0.7273186445236206,0.07605892419815063,0.17157700657844543,-2.1897270679473877,1.3010103702545166,1.2878097295761108,-2.0042178630828857
0.4551758749999989,0.0034223749999999996,133.0,3.006171292261402,1.1563682964425255,0.6670192262685436,0.004363099390105969,-0.0003218201172937208,0.0018161648290644678,0.06510289203603487,-0.41804417967796326,0.2714737355709076,0.11940416693687439,1.8266220092773438,-1.3287831544876099,0.7337063550949097,0.07767680287361145,0.1793208122253418,-2.1930904388427734,1.2897655963897705,1.3008182048797607,-2.0098347663879395
0.4551758749999989,0.0034223749999999996,133.0,3.0206073026486973,1.170971271681535,0.6672517978999452,0.0045132437775973295,-0.0003323444188923719,0.001870081412178017,0.06510154434821329,-0.4184437692165375,0.2718251943588257,0.11952129006385803,1.8236125707626343,-1.3402471542358398,0.744293212890625,0.0949120968580246,0.1814170777797699,-2.2019596099853516,1.279728889465332,1.3169465065002441,-2.0090644359588623
0.4551758749999989,0.0034223749999999996,133.0,3.034078933405105,1.18473454931096,0.6674951915794454,0.0046475486126796505,-0.00034892098408457664,0.0019164188873565225,0.06510721082564767,-0.4196378290653229,0.2718813717365265,0.12253192067146301,1.8231902122497559,-1.3758833408355713,0.7445812225341797,0.07566531002521515,0.1974092721939087,-2.1991848945617676,1.2648227214813232,1.3332505226135254,-2.024667501449585
0.4551758749999989,0.0034223749999999996,133.0,3.0471720222290433,1.197674331906526,0.66823292644913,0.004794571219260832,-0.00036304714764538883,0.001961930446514089,0.06509928893067468,-0.41850796341896057,0.2713770270347595,0.12468716502189636,1.8323869705200195,-1.3765422105789185,0.7411133050918579,0.08373327553272247,0.18962764739990234,-2.206655979156494,1.2475264072418213,1.3580856323242188,-2.026108741760254
0.4551758749999989,0.0034223749999999996,133.0,3.0599025308866845,1.2094320201991402,0.6683807736139359,0.004949900833715934,-0.00036187252476377476,0.0020097329189950083,0.0651038128200127,-0.41302385926246643,0.2694062888622284,0.13033440709114075,1.8630716800689697,-1.3376448154449463,0.7034784555435181,0.08637091517448425,0.1511198878288269,-2.2018752098083496,1.2154834270477295,1.3954187631607056,-2.0181074142456055
0.4551758749999989,0.0034223749999999996,133.0,3.071811683237818,1.2204447104326843,0.6688673150636575,0.005110170896909016,-0.0003640276937082766,0.0020566264386304525,0.06509824940923867,-0.4083789885044098,0.2677256464958191,0.13374093174934387,1.8858520984649658,-1.3003222942352295,0.6791720390319824,0.10436795651912689,0.11593276262283325,-2.2050328254699707,1.1897850036621094,1.429028868675232,-2.00561261177063
0.4551758749999989,0.0034223749999999996,133.0,3.08296935464328,1.2306174300167696,0.6692085268843239,0.005264364597421168,-0.0003582630503553633,0.0021032206448093702,0.06509528368832924,-0.40335503220558167,0.26602575182914734,0.1364416778087616,1.906247854232788,-1.258890151977539,0.6556028127670288,0.12697865068912506,0.079771488904953,-2.2103378772735596,1.1658985614776611,1.463179111480713,-1.9897727966308594
0.4551758749999989,0.0034223749999999996,133.0,3.093065973983411,1.2400695993709205,0.6694821784203676,0.005439706465186877,-0.00035394832554333045,0.0021627107040766706,0.06509519867351235,-0.39885130524635315,0.2643686532974243,0.13795027136802673,1.9219295978546143,-1.2206578254699707,0.6392937898635864,0.15636539459228516,0.04651448130607605,-2.2181551456451416,1.1445529460906982,1.4947646856307983,-1.972182273864746
0.4551758749999989,0.0034223749999999996,133.0,3.101393989176954,1.2509619864951145,0.6724522862773898,0.00569409752181058,-0.0003766593032865338,0.0022496492153830806,0.0648898627129757,-0.4009799659252167,0.26556578278541565,0.13867440819740295,1.943421721458435,-1.189313530921936,0.6536287069320679,0.18618503212928772,0.02340596914291382,-2.2509608268737793,1.1485118865966797,1.4970277547836304,-1.9705305099487305
0.4551758749999989,0.0034223749999999996,133.0,3.110169417337452,1.2586446866422702,0.673106613534349,0.005964935367579273,-0.0003850258387989525,0.002337874981888162,0.06488108872195221,-0.39594241976737976,0.26387739181518555,0.14271268248558044,1.9709118604660034,-1.1383136510849,0.6195544004440308,0.19263805449008942,-0.016908764839172363,-2.2510972023010254,1.1270630359649658,1.5215977430343628,-1.957472801208496
0.4551758749999989,0.0034223749999999996,133.0,3.117669071489725,1.2655659902227645,0.67322750685967,0.006371492443735352,-0.0003990701678681588,0.002485656425086816,0.06488350600981295,-0.3922658860683441,0.26254796981811523,0.14562508463859558,1.9875048398971558,-1.1126210689544678,0.5984466075897217,0.198374941945076,-0.04086357355117798,-2.2534234523773193,1.1053204536437988,1.544246792793274,-1.9500138759613037
0.4551758749999989,0.0034223749999999996,133.0,3.124505705331631,1.271684480545384,0.6734402215464139,0.007050523260729977,-0.0004270853607761062,0.0027360856921196373,0.06488093386034133,-0.38842669129371643,0.26142340898513794,0.14429208636283875,1.9930717945098877,-1.0800490379333496,0.5978554487228394,0.23718154430389404,-0.06509983539581299,-2.2700765132904053,1.0914421081542969,1.5674734115600586,-1.9314520359039307
0.4551758749999989,0.0034223749999999996,133.0,3.130440190398997,1.2770433714483616,0.6734802945591498,0.008588951004254535,-0.0005090497243029986,0.0033109211192508033,0.06488158715677565,-0.38518962264060974,0.2608581781387329,0.1448487937450409,2.001091957092285,-1.0685679912567139,0.5972698926925659,0.2549152970314026,-0.07847863435745239,-2.2888846397399902,1.0685412883758545,1.5881054401397705,-1.9262077808380127
0.4551758749999989,0.0034223749999999996,133.0,3.1356300854881773,1.2822493514113567,0.6737812008191112,0.015995922327708703,-0.0009948927380689493,0.005997876134125839,0.06484808630001723,-0.38096657395362854,0.26314011216163635,0.14860042929649353,2.0338587760925293,-1.0791014432907104,0.6146358251571655,0.2540932893753052,-0.08500158786773682,-2.359121084213257,1.0041155815124512,1.59852933883667,-1.952744722366333
0.4551758749999989,0.0034223749999999996,133.0,3.1445931966207485,-1.2277300332661332,0.6346728447647617,-0.013776743567184778,-0.0005554028838725129,-0.007018771144323002,0.06830415055037183,-0.06932133436203003,0.15286549925804138,-0.13091233372688293,0.35709238052368164,0.04152119159698486,-0.6353342533111572,0.282436728477478,0.4733107388019562,-0.26280975341796875,0.8161172866821289,0.5217228531837463,-0.8340952396392822
0.4551758749999989,0.0034223749999999996,133.0,3.1400009674560234,-1.22265085592223,0.6351916779478005,-0.007442212423373305,-0.0002400447079953656,-0.003790179054647253,0.06825855592199931,-0.06921067833900452,0.15714183449745178,-0.1272825002670288,0.37437838315963745,-0.0016499077901244164,-0.6300854682922363,0.2667228579521179,0.45202869176864624,-0.3192477822303772,0.8281674385070801,0.5037892460823059,-0.8300033807754517
0.4551758749999989,0.0034223749999999996,133.0,3.1344257041315426,-1.2171341152829498,0.6351958519798482,-0.0061166866948731006,-0.00019408796147778293,-0.0031117653514638557,0.06823812121612949,-0.07043331861495972,0.1569044589996338,-0.1264602243900299,0.3719319701194763,-0.0019500565249472857,-0.6145768165588379,0.26615747809410095,0.4468900263309479,-0.30445948243141174,0.8338541984558105,0.46971338987350464,-0.8224104046821594
0.4551758749999989,0.0034223749999999996,133.0,3.1282227242361778,-1.21112470150852,0.6352059934171591,-0.005532740186159883,-0.00017687560226733456,-0.0028122195310133487,0.06823079485224587,-0.07078689336776733,0.15618941187858582,-0.12670233845710754,0.3681004047393799,-0.0017678721342235804,-0.6026530265808105,0.2683011293411255,0.4424923360347748,-0.28309687972068787,0.8341760635375977,0.4431898593902588,-0.814159095287323
0.4551758749999989,0.0034223749999999996,133.0,3.1209982722457226,-1.2041621843592973,0.6351738726269979,-0.005194490576726827,-0.00017531696773540246,-0.0026381554731692547,0.06821685811712982,-0.0720873773097992,0.1543208360671997,-0.12618321180343628,0.3594074249267578,0.004948734305799007,-0.5812242031097412,0.2732073962688446,0.44213512539863586,-0.24915559589862823,0.8381495475769043,0.41029369831085205,-0.8051127195358276
0.4551758749999989,0.0034223749999999996,133.0,3.112271432535397,-1.198044713285621,0.6326159618580639,-0.004955920603524485,-0.00022460552293328926,-0.0025114817842973704,0.06828617546211019,-0.07171481847763062,0.1521163433790207,-0.12610003352165222,0.35386189818382263,0.01137394830584526,-0.5730817317962646,0.280538946390152,0.4393610656261444,-0.21636749804019928,0.8315370082855225,0.3873369097709656,-0.7967867255210876
0.4551758749999989,0.0034223749999999996,133.0,3.1034719661134043,-1.189758940685562,0.6326594158938748,-0.004760605889941857,-0.0002269953086972756,-0.0024117892695458224,0.06827614011160316,-0.07279723882675171,0.1491730660200119,-0.12507817149162292,0.3410549759864807,0.017628595232963562,-0.5457863807678223,0.2876494526863098,0.4419679045677185,-0.17735983431339264,0.8349688053131104,0.36111435294151306,-0.7865793108940125
0.4551758749999989,0.0034223749999999996,133.0,3.0939089350229234,-1.1804147784394314,0.6325085655964425,-0.004615118965659798,-0.00022750123266757638,-0.00233241788990264,0.06826891920488552,-0.07273736596107483,0.14753663539886475,-0.12580719590187073,0.33464983105659485,0.022058188915252686,-0.5283603668212891,0.29310309886932373,0.4384419322013855,-0.14002948999404907,0.8291707038879395,0.3296118378639221,-0.7766128778457642
0.4551758749999989,0.0034223749999999996,133.0,3.0834200327152392,-1.1702389731069933,0.6324577498875038,-0.004485696518347716,-0.0002316720858841546,-0.002260565663623159,0.06825711691927362,-0.07329949736595154,0.14497314393520355,-0.1254986822605133,0.3240204453468323,0.029258880764245987,-0.5002977848052979,0.300536185503006,0.43894824385643005,-0.09459858387708664,0.8259484767913818,0.29519227147102356,-0.766455352306366
0.4551758749999989,0.0034223749999999996,133.0,3.0721965372381623,-1.1594421700295587,0.632544789736308,-0.0043544256588427446,-0.0002366158541873448,-0.002191113112004087,0.06824944533675356,-0.07374700903892517,0.14179539680480957,-0.12466293573379517,0.3109920918941498,0.03559921681880951,-0.46916913986206055,0.30857959389686584,0.4418722987174988,-0.05057214945554733,0.8228583335876465,0.2688766121864319,-0.7563164830207825
0.4551758749999989,0.0034223749999999996,133.0,3.060229633901742,-1.1476102627268245,0.6324879277801845,-0.0042333338153366495,-0.00023741014159085625,-0.002124973669681296,0.06824527098086466,-0.07321268320083618,0.13997752964496613,-0.1252383589744568,0.30392956733703613,0.037473276257514954,-0.4492456912994385,0.31487295031547546,0.4400229752063751,-0.01668172888457775,0.8142640590667725,0.24666091799736023,-0.74736088514328
0.4551758749999989,0.0034223749999999996,133.0,3.047477785049017,-1.1349198502170565,0.6322734568463042,-0.0041109497588493775,-0.00023588362102460158,-0.002054403093212479,0.06824402564722852,-0.07222527265548706,0.13837580382823944,-0.12675613164901733,0.299701064825058,0.04022660478949547,-0.43575048446655273,0.3217175602912903,0.43505871295928955,0.019358396530151367,0.8007533550262451,0.22233489155769348,-0.7381150126457214
0.4551758749999989,0.0034223749999999996,133.0,3.0340454738703238,-1.121323731688294,0.6320323688595146,-0.004003479735900592,-0.00023012001706154806,-0.0019964777694502544,0.0682491714808091,-0.06999114155769348,0.1371273547410965,-0.12885865569114685,0.2978763282299042,0.034088134765625,-0.43663883209228516,0.3238493502140045,0.4273074269294739,0.0382317416369915,0.7866299152374268,0.21851712465286255,-0.7284694314002991
0.4551758749999989,0.0034223749999999996,133.0,3.0197506785429553,-1.1068244021609468,0.6317710130933228,-0.003866627450259772,-0.00022032883550194668,-0.0019250578399254347,0.06825394672700595,-0.06755918264389038,0.1356286108493805,-0.1302471160888672,0.2947384715080261,0.024306751787662506,-0.44132447242736816,0.324413537979126,0.4215782880783081,0.04239004850387573,0.777123212814331,0.23394548892974854,-0.7195522785186768
0.4551758749999989,0.0034223749999999996,133.0,3.0043969014391485,-1.0914409863595596,0.6315601510387288,-0.003692658053207798,-0.0002149542738662641,-0.0018388023113710124,0.06824965517884968,-0.0678204596042633,0.13605155050754547,-0.13156116008758545,0.29513126611709595,0.02429218217730522,-0.43244385719299316,0.32864031195640564,0.41786500811576843,0.05873376503586769,0.7723116874694824,0.2186349779367447,-0.7162246704101562
0.4551758749999989,0.0034223749999999996,133.0,2.988165546497567,-1.0751332120757031,0.6313464357837515,-0.0035310983397741154,-0.0002053024829701577,-0.0017565045636095875,0.06824522096465294,-0.06798544526100159,0.1378462016582489,-0.13362735509872437,0.3003019094467163,0.020645692944526672,-0.4368607997894287,0.32974711060523987,0.4109653830528259,0.05903717502951622,0.7700369358062744,0.2143632173538208,-0.7145033478736877
0.4551758749999989,0.0034223749999999996,133.0,2.9710669654686512,-1.0581392306895927,0.6312886297644712,-0.003345948896193535,-0.00019742875997999057,-0.001665772761847855,0.0682381959275281,-0.06890377402305603,0.1382291167974472,-0.13409605622291565,0.2987669110298157,0.020445816218852997,-0.42523646354675293,0.33472222089767456,0.4106580317020416,0.06548486649990082,0.7719624042510986,0.21102303266525269,-0.7126957774162292
0.4551758749999989,0.0034223749999999996,133.0,2.953220177932656,-1.0400831452900776,0.6310737091358566,-0.0031696222503048706,-0.00018300093073820152,-0.0015809657372737203,0.06823729001767233,-0.0690453052520752,0.14141657948493958,-0.1365235447883606,0.30823591351509094,0.011703599244356155,-0.4450192451477051,0.3336191177368164,0.40178602933883667,0.037815846502780914,0.775498628616333,0.22937726974487305,-0.7133503556251526
0.4551758749999989,0.0034223749999999996,133.0,2.9343343562381836,-1.021254764499278,0.6309367025821881,-0.0029881281549981806,-0.0001761841678528046,-0.0014897750620916999,0.06822563544098204,-0.0704483687877655,0.14070908725261688,-0.13656282424926758,0.303072988986969,0.0166157279163599,-0.4250345230102539,0.34114646911621094,0.4038742482662201,0.05789618566632271,0.7774841785430908,0.21891376376152039,-0.7103058099746704
0.4551758749999989,0.0034223749999999996,133.0,2.9147246527581463,-1.0017080241212066,0.6307895541832296,-0.0028249981600307066,-0.00017031636338081123,-0.0014094693408802,0.06821783467077372,-0.07139375805854797,0.14197638630867004,-0.13791108131408691,0.30465513467788696,0.015412384644150734,-0.4200320243835449,0.3462350070476532,0.4006706476211548,0.05930588021874428,0.7794146537780762,0.21627238392829895,-0.7087259888648987
0.4551758749999989,0.0034223749999999996,133.0,2.8943194636271197,-0.9812343283985184,0.6306137427172182,-0.002610695431829797,-0.00015768576977408876,-0.001304432243648805,0.06821217078174531,-0.07201963663101196,0.1422964632511139,-0.13875409960746765,0.30371013283729553,0.014019752852618694,-0.41442322731018066,0.3511244058609009,0.39875534176826477,0.06112964451313019,0.7817690372467041,0.2206469625234604,-0.7058974504470825
0.4551758749999989,0.0034223749999999996,133.0,2.8730308341036377,-0.9606079278161841,0.6307868082812952,-0.002397987420289667,-0.00015144299095205585,-0.001199417644107076,0.06820413493751677,-0.07315611839294434,0.13843299448490143,-0.1372675895690918,0.2877921164035797,0.021553989499807358,-0.3808884620666504,0.35937461256980896,0.4080582559108734,0.09362389147281647,0.7849025726318359,0.22134119272232056,-0.6992892026901245
0.4551758749999989,0.0034223749999999996,133.0,2.850900897493842,-0.938430985484829,0.6305641038233937,-0.0021965197118239644,-0.0001381937199378317,-0.0010991911516417565,0.06819737678158168,-0.0739174485206604,0.13972577452659607,-0.13886409997940063,0.28990596532821655,0.018254153430461884,-0.37999629974365234,0.36441630125045776,0.40404731035232544,0.08917958289384842,0.7874739170074463,0.2262285351753235,-0.6974413990974426
0.4551758749999989,0.0034223749999999996,133.0,2.8278085032417155,-0.9153175185364448,0.6302787361535095,-0.0019960458603922888,-0.00012730489790738073,-0.0009985730836727046,0.06818515324303291,-0.0757761299610138,0.14177867770195007,-0.14078137278556824,0.29366374015808105,0.018903713673353195,-0.3740389347076416,0.37201905250549316,0.40033847093582153,0.09232338517904282,0.7907700538635254,0.21756207942962646,-0.6975558400154114
0.4551758749999989,0.0034223749999999996,133.0,2.80380055596655,-0.8911078244240884,0.6298125532584935,-0.001835671165001177,-0.00011812981149350829,-0.0009175338439267007,0.06817076443616613,-0.07811287045478821,0.14573843777179718,-0.14387592673301697,0.30401596426963806,0.019458435475826263,-0.3758268356323242,0.37856191396713257,0.3915826082229614,0.09232430160045624,0.7936234474182129,0.19878172874450684,-0.69921875
0.4551758749999989,0.0034223749999999996,133.0,2.779139446986953,-0.8663321260305287,0.6295700283700454,-0.001638046073604871,-0.00010453215426491511,-0.0008206202185035929,0.06816246047328256,-0.07942688465118408,0.14803995192050934,-0.14556828141212463,0.308533638715744,0.015491875819861889,-0.3778858184814453,0.38263580203056335,0.3865906000137329,0.07834972441196442,0.7999622821807861,0.2068556249141693,-0.6988142132759094
0.4551758749999989,0.0034223749999999996,133.0,2.753593689283422,-0.8409860917928684,0.6295257202304231,-0.0014549966201791676,-9.63171220687831e-5,-0.0007311511116843759,0.06815060284143837,-0.08099043369293213,0.14791636168956757,-0.14632564783096313,0.3041696548461914,0.01713075302541256,-0.3623058795928955,0.3906179666519165,0.38784682750701904,0.08802466094493866,0.8050503730773926,0.20883481204509735,-0.6957622766494751
0.4551758749999989,0.0034223749999999996,133.0,2.7272970021196907,-0.815035571098463,0.6294522067178042,-0.0012745518868765796,-8.677209452093917e-5,-0.0006409858942079741,0.0681421393921893,-0.08218643069267273,0.14645829796791077,-0.14679604768753052,0.2959664762020111,0.02004959061741829,-0.3418874740600586,0.39977481961250305,0.3912513256072998,0.107062928378582,0.8083992004394531,0.21170352399349213,-0.6909947991371155
0.4551758749999989,0.0034223749999999996,133.0,2.7002128485380816,-0.7880591984770698,0.6292456132443658,-0.0011250308890174722,-7.838957935315464e-5,-0.0005659785492898696,0.06813387631845673,-0.08292186260223389,0.14632384479045868,-0.1482679843902588,0.29243937134742737,0.01983138918876648,-0.3279266357421875,0.40771055221557617,0.3897031545639038,0.12258337438106537,0.8087942600250244,0.20796209573745728,-0.685931921005249
0.4551758749999989,0.0034223749999999996,133.0,2.672422879904177,-0.7603186374639592,0.6290347645510808,-0.0009916681918420002,-6.993254162926101e-5,-0.000499242910832559,0.06813043580564741,-0.08271458745002747,0.14578287303447723,-0.14977556467056274,0.28830403089523315,0.015882965177297592,-0.3188939094543457,0.4135987162590027,0.3871248960494995,0.13188154995441437,0.807769775390625,0.21315942704677582,-0.6792168021202087
0.4551758749999989,0.0034223749999999996,133.0,2.643594597806516,-0.7317546609728713,0.6288013924650925,-0.0008189050506608818,-5.903857813790869e-5,-0.00041142228897651095,0.06812097362562708,-0.08404979109764099,0.1450645476579666,-0.15120235085487366,0.28301942348480225,0.019415222108364105,-0.29912447929382324,0.4231031537055969,0.3876510262489319,0.1612924486398697,0.8081109523773193,0.20276741683483124,-0.6744533181190491
0.4551758749999989,0.0034223749999999996,133.0,2.61394583808688,-0.7024452317047374,0.6286533419228084,-0.0006875208587284234,-5.1308799724262436e-5,-0.0003453339660157746,0.06811178873513803,-0.08533000946044922,0.14379821717739105,-0.15213772654533386,0.2750275433063507,0.022915329784154892,-0.27620887756347656,0.43399184942245483,0.3910725712776184,0.1882621794939041,0.8098304271697998,0.19977430999279022,-0.6698950529098511
0.4551758749999989,0.0034223749999999996,133.0,2.5834210123972534,-0.6720998320211191,0.6284402086497208,-0.0005160689243405882,-3.9585872673398085e-5,-0.0002595644238825197,0.06809997361139644,-0.08693817257881165,0.14411340653896332,-0.1535482406616211,0.27187034487724304,0.02412678301334381,-0.26082396507263184,0.44376519322395325,0.39101967215538025,0.2006271779537201,0.8143954277038574,0.19882984459400177,-0.6667289733886719
0.4551758749999989,0.0034223749999999996,133.0,2.5521012694732326,-0.6406290302204566,0.6281131197323764,-0.0003242051883553228,-2.457573629786079e-5,-0.00016323437407544654,0.0680891100869239,-0.08829033374786377,0.14661838114261627,-0.1559220254421234,0.2768157720565796,0.020450804382562637,-0.2617828845977783,0.4481569826602936,0.3828238546848297,0.1921885907649994,0.8208122253417969,0.19948074221611023,-0.663526713848114
0.4551758749999989,0.0034223749999999996,133.0,2.519883394836844,-0.6084063705016332,0.6278339396743627,-0.00015152221894532985,-1.1646247775787946e-5,-7.650941283675921e-5,0.06807498765315641,-0.09017878770828247,0.14849936962127686,-0.15789148211479187,0.27876779437065125,0.020605012774467468,-0.25505685806274414,0.45527777075767517,0.37795010209083557,0.19183309376239777,0.8282616138458252,0.19785016775131226,-0.6606605052947998
0.4551758749999989,0.0034223749999999996,133.0,2.4868356626337733,-0.5758846041000798,0.6277500213740581,1.679693917270022e-5,1.3570890340639558e-6,8.522066885661923e-6,0.06806310364934394,-0.09208163619041443,0.14657770097255707,-0.15833675861358643,0.26776736974716187,0.02720453590154648,-0.23143339157104492,0.46745356917381287,0.3847905993461609,0.21058093011379242,0.8359494209289551,0.20932547748088837,-0.656558096408844
0.4551758749999989,0.0034223749999999996,133.0,2.452925578773172,-0.5421822331560011,0.6275093435080502,0.0001855617803451802,1.537675605277579e-5,9.428511025659515e-5,0.0680492583167,-0.09415736794471741,0.14707277715206146,-0.16001728177070618,0.2646181285381317,0.029433880001306534,-0.2153480052947998,0.4791205823421478,0.38487839698791504,0.22281305491924286,0.8426868915557861,0.20840325951576233,-0.653552770614624
0.4551758749999989,0.0034223749999999996,133.0,2.4180844623544,-0.5073005697040166,0.6270662423248513,0.0003685002755179086,3.0866857341595726e-5,0.00018732124709113513,0.06803113930743648,-0.09689047932624817,0.1499975323677063,-0.16297271847724915,0.27012500166893005,0.029569879174232483,-0.20931410789489746,0.48894068598747253,0.3778730034828186,0.22636234760284424,0.8507909774780273,0.19704677164554596,-0.6521207094192505
0.4551758749999989,0.0034223749999999996,133.0,2.382451246815431,-0.4719117570058355,0.6268091443283744,0.0005123585984102218,4.3999716188577515e-5,0.00026090934142295553,0.06801589778954278,-0.09937667846679688,0.1507066786289215,-0.16473615169525146,0.2671075165271759,0.031862061470746994,-0.19299530982971191,0.5016754269599915,0.3785298466682434,0.23678262531757355,0.8597390651702881,0.19755001366138458,-0.6498314142227173
0.4551758749999989,0.0034223749999999996,133.0,2.3460080718603047,-0.4357093695355474,0.626545057653472,0.0006746034371186375,5.945102899701531e-5,0.00034411340008920396,0.06800091070163813,-0.10171827673912048,0.15125620365142822,-0.16655585169792175,0.26370033621788025,0.03384286165237427,-0.17630672454833984,0.5146477818489075,0.37905019521713257,0.2489558309316635,0.8680651187896729,0.1974991112947464,-0.6470052599906921
0.4551758749999989,0.0034223749999999996,133.0,2.308780241155884,-0.3987012397484237,0.6262856855826493,0.0008474193682948915,7.674903932949723e-5,0.00043291468334139357,0.06798684745925244,-0.10371798276901245,0.1515294462442398,-0.16844183206558228,0.25967562198638916,0.035173457115888596,-0.15928053855895996,0.5276617407798767,0.3793128728866577,0.26421111822128296,0.8748166561126709,0.19632680714130402,-0.6432847380638123
0.4551758749999989,0.0034223749999999996,133.0,2.2707915712859674,-0.360914952295812,0.6260003279082476,0.0010436352455871082,9.759047451617315e-5,0.000534011761140724,0.06797452707019637,-0.10524117946624756,0.15139058232307434,-0.17046615481376648,0.2550165057182312,0.034726984798908234,-0.14258265495300293,0.5409392714500427,0.3794788122177124,0.2823215425014496,0.8794090747833252,0.1954585313796997,-0.638813853263855
0.4551758749999989,0.0034223749999999996,133.0,2.231999678139386,-0.3223079941452171,0.6257369593781906,0.001229968668606967,0.00011848359010807735,0.0006299958576357575,0.0679633880122127,-0.10649719834327698,0.15103842318058014,-0.1725645661354065,0.24991482496261597,0.03323788195848465,-0.12596988677978516,0.5545489192008972,0.37976840138435364,0.30242469906806946,0.8827688694000244,0.19438299536705017,-0.6340117454528809
0.4551758749999989,0.0034223749999999996,133.0,2.1922616313089542,-0.28326170122939576,0.6255485390185265,0.0013505099602079294,0.00013770483396581085,0.0006925050542320754,0.06795349651750603,-0.10852882266044617,0.1480267345905304,-0.17380967736244202,0.23555730283260345,0.04013216868042946,-0.09630107879638672,0.5760079026222229,0.39117759466171265,0.3464847803115845,0.8869857788085938,0.20169013738632202,-0.631076991558075
0.4551758749999989,0.0034223749999999996,133.0,2.151712081984203,-0.2429656030033016,0.6252766907491867,0.0015049548426997346,0.0001580885512748578,0.0007729775888732011,0.06793982025872836,-0.1104845404624939,0.14802971482276917,-0.1757432222366333,0.23113913834095,0.04095865786075592,-0.08026957511901855,0.5919223427772522,0.3924480080604553,0.3631090819835663,0.8935806751251221,0.20253971219062805,-0.62796950340271
0.4551758749999989,0.0034223749999999996,133.0,2.110149282358993,-0.20121098343231147,0.6247016029886009,0.0016556246813760466,0.00017666311599195928,0.0008520084573519658,0.06791530258146339,-0.11321544647216797,0.15206903219223022,-0.17949682474136353,0.24150319397449493,0.038141220808029175,-0.08108115196228027,0.6020474433898926,0.3790050148963928,0.3630790412425995,0.9023511409759521,0.18194793164730072,-0.6249426603317261
0.4551758749999989,0.0034223749999999996,133.0,2.068815934813416,-0.15809347743504598,0.6270905836714992,0.0017972653286769456,0.0001822865332198846,0.0009313820750238386,0.06783469176191798,-0.11332637071609497,0.1495804339647293,-0.18037056922912598,0.22602233290672302,0.03448399528861046,-0.05812549591064453,0.6118937134742737,0.386217325925827,0.37071993947029114,0.9086964130401611,0.2044297754764557,-0.6166825294494629
0.4551758749999989,0.0034223749999999996,133.0,2.025458660036945,-0.1150619863494483,0.6266763594382891,0.001894264030262934,0.00020526916489722915,0.0009855991726703327,0.06780548114082287,-0.11721634864807129,0.14747583866119385,-0.18260422348976135,0.21414904296398163,0.048597224056720734,-0.026822805404663086,0.642412006855011,0.3983633518218994,0.4287618398666382,0.9180924892425537,0.20189619064331055,-0.616968035697937
0.4551758749999989,0.0034223749999999996,133.0,1.9808425260571223,-0.07194171873323314,0.6267556113780182,0.0018671564383603513,0.00021638717848105932,0.0009802900100933907,0.06777707111242245,-0.128004789352417,0.14832444489002228,-0.1825351119041443,0.19864137470722198,0.07638707756996155,0.007599353790283203,0.6756545901298523,0.4208875894546509,0.4263682961463928,0.9732239246368408,0.23541775345802307,-0.624270498752594
0.4551758749999989,0.0034223749999999996,133.0,1.9326739115454303,-0.02290570917210592,0.623400633675073,0.001748479043333991,0.00010752659161959461,0.000949418770931155,0.06766201016404842,-0.16418251395225525,0.2169296145439148,-0.18888920545578003,0.3618088662624359,0.08894186466932297,-0.04677009582519531,0.39074191451072693,0.3763441741466522,-0.3803485929965973,1.3255810737609863,0.04916384816169739,-0.7427681088447571
0.4551758749999989,0.0034223749999999996,133.0,1.881693949835724,0.03131669670871271,0.6242204747048172,0.00010280833109398823,-7.0861205294111016e-6,5.902632270755151e-5,0.06725441314645762,-0.2267349362373352,0.29533976316452026,-0.17489942908287048,0.4216872453689575,0.021070264279842377,0.20061230659484863,-0.10153073072433472,0.6251834630966187,-1.606405258178711,1.8669519424438477,-0.07715768367052078,-1.0499958992004395
0.4551758749999989,0.0034223749999999996,133.0,1.9217899830450993,0.05866131019196806,0.6255910600066111,-0.0017117633486326688,-0.00016527415503954994,-0.001001368833097528,0.06668065921738767,-0.24748840928077698,0.13364331424236298,-0.18073612451553345,0.6694740653038025,-0.17768463492393494,0.26367855072021484,0.931964635848999,-0.03455400466918945,-0.741417407989502,1.6406755447387695,-0.04776449501514435,-0.6351874470710754
0.4551758749999989,0.0034223749999999996,133.0,1.9571986821547145,0.10799811042753675,0.6323958537778334,-0.0019547727084854925,3.731646597491361e-5,-0.0011429924784827027,0.06590402370270086,-0.3137642443180084,0.17052188515663147,-0.11035522818565369,1.0204970836639404,-0.4006286561489105,0.5278158187866211,0.49737781286239624,0.05568745732307434,-1.5401053428649902,1.9986681938171387,0.259555846452713,-1.0757358074188232
0.4551758749999989,0.0034223749999999996,133.0,1.993793554147937,0.1562487477264391,0.6402281645222344,-0.0019920229749122386,0.00017369524065318404,-0.0010976322182434228,0.06543643852233925,-0.3826726973056793,0.2075565904378891,-0.026468604803085327,1.316353678703308,-0.8708471655845642,0.6378744840621948,-0.020470045506954193,0.2579129934310913,-1.948152780532837,2.0846028327941895,0.5270515084266663,-1.5742855072021484
0.4551758749999989,0.0034223749999999996,133.0,2.035167792951078,0.20134611836727345,0.6426188841131664,-0.001893941595212546,0.0001834084444483987,-0.0010142091911426465,0.06533400341978596,-0.3926636874675751,0.2240043580532074,-0.0016632080078125,1.403539776802063,-0.9895486235618591,0.6353483200073242,-0.09468504786491394,0.28812992572784424,-2.0288853645324707,2.013986587524414,0.5524476170539856,-1.692209243774414
0.4551758749999989,0.0034223749999999996,133.0,2.0766838981092937,0.24437892835447106,0.6438989852043574,-0.0017400955383556267,0.00017598707641864822,-0.0009160008196626715,0.0652946554793664,-0.39632222056388855,0.23049436509609222,0.008658230304718018,1.4346013069152832,-1.0455043315887451,0.6414574384689331,-0.1161273866891861,0.3018496036529541,-2.056098222732544,1.974928855895996,0.5865456461906433,-1.7372338771820068
0.4551758749999989,0.0034223749999999996,133.0,2.117578714710056,0.28603482141929126,0.6442732156747321,-0.0015456959137829988,0.00015584485810828198,-0.0008068762202314063,0.06529601774056339,-0.39186927676200867,0.23373126983642578,0.023428499698638916,1.498187780380249,-1.0445395708084106,0.6195825338363647,-0.14945010840892792,0.2723909020423889,-2.0464606285095215,1.8948864936828613,0.6420783400535583,-1.7713438272476196
0.4551758749999989,0.0034223749999999996,133.0,2.157844220664408,0.3267721184485074,0.6444636770507997,-0.0014573673843543225,0.00014213223486691086,-0.0007551476275159499,0.06529143109419398,-0.3938405215740204,0.23601453006267548,0.02351599931716919,1.4926598072052002,-1.0707402229309082,0.6379389762878418,-0.11351138353347778,0.28505823016166687,-2.062513828277588,1.8809289932250977,0.66900634765625,-1.7787854671478271
0.4551758749999989,0.0034223749999999996,133.0,2.1974772459763563,0.36674309195397126,0.6451903767034151,-0.001250682765321951,0.00012087135556837455,-0.0006387493190524976,0.06526840048932432,-0.39630594849586487,0.23822154104709625,0.022936463356018066,1.4877612590789795,-1.0941188335418701,0.6596585512161255,-0.07391972839832306,0.2956743836402893,-2.0813968181610107,1.8680963516235352,0.6926366090774536,-1.7848126888275146
0.4551758749999989,0.0034223749999999996,133.0,2.2361406122065577,0.40583719505706484,0.6457656755930785,-0.0010911006140527078,0.00010406606645234848,-0.0005505229814670796,0.06525688465696088,-0.3939742147922516,0.2402064949274063,0.030823737382888794,1.5244724750518799,-1.0877268314361572,0.654517412185669,-0.06884227693080902,0.2745571732521057,-2.0818655490875244,1.8195700645446777,0.7337989211082458,-1.8004734516143799
0.4551758749999989,0.0034223749999999996,133.0,2.273877928830779,0.4440905948826033,0.6462035425090826,-0.0008889761565763493,8.373046064559624e-5,-0.00044398961050071985,0.06524773684969858,-0.39421454071998596,0.24221821129322052,0.03497391939163208,1.5395848751068115,-1.1027281284332275,0.6609517335891724,-0.05498363450169563,0.27212536334991455,-2.0897300243377686,1.7876896858215332,0.766313910484314,-1.813328742980957
0.4551758749999989,0.0034223749999999996,133.0,2.310795965149085,0.4814744395203036,0.6465967412440927,-0.0007088416722653511,6.579126347178084e-5,-0.00035069050643396504,0.06524013941805883,-0.39446988701820374,0.24418282508850098,0.03929343819618225,1.5550042390823364,-1.1170240640640259,0.6662447452545166,-0.04278112202882767,0.2691974639892578,-2.097099542617798,1.7560334205627441,0.7984336018562317,-1.8259849548339844
0.4551758749999989,0.0034223749999999996,133.0,2.3468807109623215,0.5180086963241113,0.6469745041997066,-0.0005363828397399875,4.9021681613816405e-5,-0.0002629733351160813,0.0652324931466974,-0.3947385251522064,0.24595972895622253,0.043168723583221436,1.5691921710968018,-1.1282864809036255,0.6712267398834229,-0.030071459710597992,0.26541391015052795,-2.1029486656188965,1.7270212173461914,0.8279741406440735,-1.8365416526794434
0.4551758749999989,0.0034223749999999996,133.0,2.382137506510192,0.553678822070451,0.647289832003538,-0.00036926897723247725,3.315254526884113e-5,-0.00017957179568518664,0.0652259649672454,-0.39496544003486633,0.247553288936615,0.046566665172576904,1.5820428133010864,-1.1356167793273926,0.6755645275115967,-0.0170676801353693,0.2606496214866638,-2.106468915939331,1.7008347511291504,0.8549367785453796,-1.8447620868682861
0.4551758749999989,0.0034223749999999996,133.0,2.416531221750239,0.5885114200939422,0.6476025707733185,-0.00020743672526932645,1.8278584283891455e-5,-0.00010012627757223767,0.06521715682553703,-0.39530834555625916,0.24903002381324768,0.04952186346054077,1.593902587890625,-1.1386363506317139,0.6793779134750366,-0.004910956136882305,0.25495484471321106,-2.107862949371338,1.6783809661865234,0.8781135082244873,-1.8510396480560303
0.4551758749999989,0.0034223749999999996,133.0,2.4495781201896105,0.6225663749643268,0.6474898383517753,-6.187600996764764e-5,5.323449773407337e-6,-2.9835092750685673e-5,0.06521108729564112,-0.3990617096424103,0.2514308989048004,0.04828310012817383,1.58278489112854,-1.160806655883789,0.7041354179382324,0.018588466569781303,0.2701059579849243,-2.1196744441986084,1.6794323921203613,0.883660078048706,-1.8552863597869873
0.4551758749999989,0.0034223749999999996,133.0,2.481766891388895,0.6558559665402776,0.6477365176892843,0.0001337895551430442,-1.145791571663952e-5,6.418740869550233e-5,0.06519073032404789,-0.4027649462223053,0.25385013222694397,0.04965567588806152,1.5845611095428467,-1.1790754795074463,0.7217888832092285,0.023666176944971085,0.27883854508399963,-2.127154588699341,1.6747102737426758,0.8884342908859253,-1.8659112453460693
0.4551758749999989,0.0034223749999999996,133.0,2.5142896237648076,0.6861793735450632,0.645851931000467,0.000315746924484744,-2.563434191219664e-5,0.00014932525369034365,0.06534911768299308,-0.39820221066474915,0.25374361872673035,0.05669322609901428,1.6048558950424194,-1.1857041120529175,0.6928220987319946,0.0027356729842722416,0.2677125334739685,-2.1065521240234375,1.6263043880462646,0.9341508150100708,-1.8751006126403809
0.4551758749999989,0.0034223749999999996,133.0,2.544890559387885,0.7177731988818351,0.6460968685740902,0.0004999091826303368,-4.038067425371914e-5,0.00023509597199857467,0.06533677069934085,-0.40171197056770325,0.2560391426086426,0.0586526095867157,1.6065590381622314,-1.2124662399291992,0.7117061614990234,0.012862544506788254,0.2779461741447449,-2.120270013809204,1.6158807277679443,0.9488776922225952,-1.887206792831421
0.4551758749999989,0.0034223749999999996,133.0,2.5753071220647312,0.7484248207903831,0.6468812993818599,0.0007195727357444904,-5.719056992358944e-5,0.0003339997479200739,0.06531214102276824,-0.40070822834968567,0.25709614157676697,0.06503024697303772,1.6380051374435425,-1.2023571729660034,0.7059818506240845,0.0225585475564003,0.2550109028816223,-2.1280601024627686,1.5811975002288818,0.984044075012207,-1.895754098892212
0.4551758749999989,0.0034223749999999996,133.0,2.6049202148416746,0.7781660830941977,0.6474265639874118,0.0008771451859460942,-6.798866587627746e-5,0.00040286418619373476,0.06530056168934102,-0.3995598256587982,0.2577156126499176,0.0697687566280365,1.6600855588912964,-1.196620225906372,0.7021114826202393,0.03939506411552429,0.2366662621498108,-2.134276866912842,1.5490140914916992,1.0203713178634644,-1.89957857131958
0.4551758749999989,0.0034223749999999996,133.0,2.633641647573423,0.807116346851874,0.6483258461570964,0.0010792505359752198,-8.431008826607667e-5,0.0004893721635896514,0.06527976895405378,-0.39904674887657166,0.2585641145706177,0.07719084620475769,1.6907014846801758,-1.1967746019363403,0.6902199983596802,0.02858138643205166,0.2198503017425537,-2.133730173110962,1.5150370597839355,1.052100419998169,-1.913334608078003
0.4551758749999989,0.0034223749999999996,133.0,2.661118110947197,0.8352389530690474,0.6484921877190548,0.0012341922143980547,-9.58765342114339e-5,0.0005569970687684758,0.06527873871301089,-0.4015772044658661,0.26014259457588196,0.07839658856391907,1.6875964403152466,-1.2243326902389526,0.7064170837402344,0.04306226223707199,0.23042994737625122,-2.144822120666504,1.5024867057800293,1.071781873703003,-1.9210176467895508
0.4551758749999989,0.0034223749999999996,133.0,2.6880489591163976,0.8624655205055681,0.6489959410842805,0.0014083173837904854,-0.00010900840106855368,0.0006300234005055311,0.06526977995048001,-0.40224674344062805,0.2610854208469391,0.0820218026638031,1.7011350393295288,-1.2303839921951294,0.7077295780181885,0.051147159188985825,0.22323018312454224,-2.1503067016601562,1.4805541038513184,1.0960323810577393,-1.927445411682129
0.4551758749999989,0.0034223749999999996,133.0,2.71438384993358,0.8887318579155099,0.6491899545285738,0.0016163485688559386,-0.00012074383214045164,0.000718530480031308,0.06527033851695284,-0.40109196305274963,0.2613675892353058,0.08707031607627869,1.7221075296401978,-1.2264854907989502,0.6970782279968262,0.05196538195014,0.20722779631614685,-2.1487321853637695,1.4507899284362793,1.1247061491012573,-1.9324290752410889
0.4551758749999989,0.0034223749999999996,133.0,2.7396843784605736,0.9142591763500395,0.6495139907438571,0.001828168733446616,-0.00013541601290590198,0.00080767739383347,0.06526207862922039,-0.4012020528316498,0.2621767818927765,0.09130886197090149,1.7395353317260742,-1.2251975536346436,0.6909583806991577,0.04785436391830444,0.1971520185470581,-2.1479244232177734,1.4307818412780762,1.1434504985809326,-1.9397697448730469
0.4551758749999989,0.0034223749999999996,133.0,2.7638788746373946,0.9390001638229439,0.6497073302070202,0.002063236134095617,-0.00015181542549208844,0.0009072774555143499,0.06525587779023014,-0.4031294286251068,0.2633066177368164,0.09148827195167542,1.7377901077270508,-1.239168643951416,0.7061094045639038,0.06597649306058884,0.20105451345443726,-2.1570746898651123,1.4216313362121582,1.1562771797180176,-1.9421043395996094
0.4551758749999989,0.0034223749999999996,133.0,2.787261080206666,0.9628750843785364,0.649710648401346,0.002236921257893162,-0.00016261419632043015,0.000981360470794894,0.0652557010926068,-0.40510293841362,0.2644613981246948,0.09219124913215637,1.7364288568496704,-1.2546347379684448,0.7175486087799072,0.07559765875339508,0.2066972255706787,-2.162182569503784,1.4130713939666748,1.1675528287887573,-1.9465253353118896
0.4551758749999989,0.0034223749999999996,133.0,2.809734902879936,0.9859398817144495,0.6496985356100279,0.0024580486189232542,-0.00017594466654000522,0.0010759922421471923,0.06525368252332624,-0.4072260558605194,0.2657308578491211,0.09187856316566467,1.7315478324890137,-1.26942777633667,0.7338083982467651,0.09260380268096924,0.21315380930900574,-2.1707944869995117,1.4072821140289307,1.1773256063461304,-1.9482781887054443
0.4551758749999989,0.0034223749999999996,133.0,2.831628721195826,1.0081023538249523,0.6499357811496148,0.0026835173699244525,-0.00019094697407606682,0.0011689808617976576,0.06524950811681578,-0.40639469027519226,0.26589110493659973,0.09617546200752258,1.751478672027588,-1.261055827140808,0.7226296663284302,0.0903647243976593,0.19732609391212463,-2.1694493293762207,1.385192632675171,1.199005126953125,-1.9523558616638184
0.4551758749999989,0.0034223749999999996,133.0,2.852562168069454,1.029498557641846,0.6499585981851259,0.0029206158834632163,-0.00020451169911941378,0.001269163845473971,0.06524548768222993,-0.4082217514514923,0.26704564690589905,0.09633234143257141,1.7481410503387451,-1.2766315937042236,0.7366311550140381,0.10296018421649933,0.2033451795578003,-2.177823066711426,1.3774468898773193,1.2100085020065308,-1.955204725265503
0.4551758749999989,0.0034223749999999996,133.0,2.873062949918782,1.049959374898829,0.6508328119897772,0.0031655959678960244,-0.0002275574396823471,0.00135901714612444,0.06522326225325169,-0.40813562273979187,0.2677186131477356,0.1012522280216217,1.771085500717163,-1.2663135528564453,0.7250910997390747,0.09373082220554352,0.18785160779953003,-2.1788711547851562,1.3608460426330566,1.2257158756256104,-1.9625723361968994
0.4551758749999989,0.0034223749999999996,133.0,2.892425844018041,1.0697331728440846,0.6514266061945445,0.003354792944466635,-0.00024215463609022564,0.0014310437817501417,0.06520896542991808,-0.4088915288448334,0.268511563539505,0.10538074374198914,1.7879773378372192,-1.2647048234939575,0.7182457447052002,0.08488807082176208,0.17890357971191406,-2.1800076961517334,1.3467316627502441,1.237989902496338,-1.9704699516296387
0.4551758749999989,0.0034223749999999996,133.0,2.9111263509901715,1.088549323014161,0.6519920289351723,0.0035697988633056777,-0.000257936427155138,0.001510732526594842,0.06519508041052667,-0.4093383848667145,0.2689221501350403,0.10821577906608582,1.8005574941635132,-1.2630302906036377,0.7159819602966309,0.088006392121315,0.16935011744499207,-2.183638572692871,1.3316833972930908,1.252923607826233,-1.9735252857208252
0.4551758749999989,0.0034223749999999996,133.0,2.928393691205129,1.1066425979335972,0.6518144775411789,0.003751254281353481,-0.00027405893058175145,0.0015885286992611803,0.06520213658115351,-0.4122866094112396,0.2704192101955414,0.1091947853565216,1.795281171798706,-1.2892588376998901,0.7268311977386475,0.07740627229213715,0.18522316217422485,-2.1845054626464844,1.3300914764404297,1.2523273229599,-1.9842119216918945
0.4551758749999989,0.0034223749999999996,133.0,2.945441625734356,1.1237492349137235,0.6521012540641726,0.003968571563367081,-0.00028664262080266414,0.0016716135529283665,0.0651954123477345,-0.41218534111976624,0.27068468928337097,0.1114473044872284,1.8059027194976807,-1.2848259210586548,0.723979115486145,0.08347329497337341,0.17516237497329712,-2.1881585121154785,1.3159534931182861,1.2672057151794434,-1.9848105907440186
0.4551758749999989,0.0034223749999999996,133.0,2.9613865414494875,1.140084333175916,0.6523179260441773,0.004159310967130105,-0.00030136249527417384,0.0017453050022338313,0.06519080126646544,-0.4143265187740326,0.2715822160243988,0.11254152655601501,1.8042563199996948,-1.3064593076705933,0.7344049215316772,0.08262850344181061,0.1845402717590332,-2.1926584243774414,1.3085100650787354,1.2734324932098389,-1.9926514625549316
0.4551758749999989,0.0034223749999999996,133.0,2.976630027885428,1.1554361872712156,0.6521951518341678,0.004348083756991066,-0.0003115670183407738,0.0018184788302722887,0.06519671665665851,-0.41398224234580994,0.2716502845287323,0.11306694149971008,1.8052384853363037,-1.311155080795288,0.739581823348999,0.09975029528141022,0.1810598373413086,-2.1995608806610107,1.2946422100067139,1.2918189764022827,-1.9902801513671875
0.4551758749999989,0.0034223749999999996,133.0,2.991069294760245,1.170036882724177,0.65242128861849,0.004497644663596409,-0.00032189063735503385,0.0018726394923494752,0.06519543744721128,-0.4145902097225189,0.2719824016094208,0.11491230130195618,1.806771159172058,-1.327455997467041,0.742727518081665,0.09942115843296051,0.1853998601436615,-2.2023229598999023,1.282339334487915,1.306180477142334,-1.9962184429168701
0.4551758749999989,0.0034223749999999996,133.0,3.004547171469504,1.1837985224203431,0.6526539859073907,0.0046314071763579705,-0.00033802653438357445,0.001919346706289282,0.06520114844927855,-0.41565945744514465,0.27208754420280457,0.11747965216636658,1.8062506914138794,-1.3590420484542847,0.7444795370101929,0.08571425080299377,0.19910076260566711,-2.2015485763549805,1.2682268619537354,1.3226348161697388,-2.009446620941162
0.4551758749999989,0.0034223749999999996,133.0,3.0176359412248916,1.1967404610823595,0.653382511367545,0.004777822346799635,-0.00035202268752781177,0.001965181515682178,0.06519343289488264,-0.41467466950416565,0.2715757191181183,0.11999979615211487,1.8155968189239502,-1.363592267036438,0.7399910688400269,0.08839419484138489,0.1937144696712494,-2.207069158554077,1.2503395080566406,1.3468821048736572,-2.0134189128875732
0.4551758749999989,0.0034223749999999996,133.0,3.0303495881149174,1.2085040172333894,0.6535080077147187,0.0049324446834320395,-0.000350662161011294,0.002013468602619867,0.06519808317895373,-0.4092179238796234,0.2696656286716461,0.1255752146244049,1.8461649417877197,-1.3253939151763916,0.7029681205749512,0.09123668074607849,0.1557370126247406,-2.2020792961120605,1.2183263301849365,1.3834985494613647,-2.0058388710021973
0.4551758749999989,0.0034223749999999996,133.0,3.042243182802957,1.2195230405232778,0.6539857837379393,0.005092076010334721,-0.00035300617369079954,0.0020606304333923003,0.06519259003389148,-0.40466544032096863,0.26807525753974915,0.12886986136436462,1.8688881397247314,-1.2885401248931885,0.6795713901519775,0.10950702428817749,0.12114760279655457,-2.204749822616577,1.1931078433990479,1.415537714958191,-1.9938881397247314
0.4551758749999989,0.0034223749999999996,133.0,3.053379229491224,1.2297030297812512,0.6543202823679263,0.005245686195619997,-0.0003474515081667962,0.0021074931953627466,0.06518941141871369,-0.39985188841819763,0.2665351331233978,0.1314300000667572,1.8893814086914062,-1.2477716207504272,0.6574299335479736,0.13252700865268707,0.08579301834106445,-2.2092976570129395,1.1701951026916504,1.4470539093017578,-1.9789540767669678
0.4551758749999989,0.0034223749999999996,133.0,3.0634619920322685,1.2391595872543726,0.6545847616205175,0.0054202364556964555,-0.0003434670583629877,0.00216726929660437,0.06518970873734012,-0.39551541209220886,0.26501381397247314,0.13279905915260315,1.9051289558410645,-1.2100461721420288,0.6423434019088745,0.16231857240200043,0.05324059724807739,-2.2163212299346924,1.1497063636779785,1.4762380123138428,-1.962134599685669
0.4551758749999989,0.0034223749999999996,133.0,3.071798962770477,1.250048196800009,0.6575484222890996,0.005673452599189781,-0.0003660885458667392,0.0022544742682404006,0.064985412993719,-0.39794960618019104,0.26639169454574585,0.13337001204490662,1.9269275665283203,-1.1791163682937622,0.6582165956497192,0.19261950254440308,0.0308455228805542,-2.247950315475464,1.155107021331787,1.475021243095398,-1.9614980220794678
0.4551758749999989,0.0034223749999999996,133.0,3.0805553193456845,1.2577378338122702,0.6581874513575438,0.005943186007135901,-0.0003742625823782694,0.0023431025278392464,0.06497700390073821,-0.3930414021015167,0.2648046612739563,0.137319415807724,1.9544975757598877,-1.1290631294250488,0.6250348091125488,0.19949579238891602,-0.008880853652954102,-2.2475337982177734,1.134117841720581,1.498077630996704,-1.9491136074066162
0.4551758749999989,0.0034223749999999996,133.0,3.0880417135719873,1.2646638533227752,0.6582972157326455,0.006348139156834558,-0.0003877776813585857,0.002491552247047708,0.06497945137347762,-0.3894321620464325,0.2635456621646881,0.1401691734790802,1.9711651802062988,-1.1038799285888672,0.6044772863388062,0.20546908676624298,-0.0325007438659668,-2.249605655670166,1.1126530170440674,1.5198755264282227,-1.9420666694641113
0.4551758749999989,0.0034223749999999996,133.0,3.0948643308910673,1.2707865727545917,0.6585134270024858,0.0070246268096263035,-0.00041548219266904695,0.002742621135034243,0.06497696893670041,-0.3857433497905731,0.2625351548194885,0.13871845602989197,1.9769121408462524,-1.0716036558151245,0.6048563718795776,0.24469226598739624,-0.056275904178619385,-2.265502691268921,1.099534273147583,1.5408855676651,-1.9241437911987305
0.4551758749999989,0.0034223749999999996,133.0,3.100787130219022,1.2761474386833882,0.6585506117286535,0.008557227970788919,-0.0004953923375248839,0.0033193192791233987,0.06497774114886071,-0.3826799690723419,0.26210588216781616,0.13916531205177307,1.985202670097351,-1.0605041980743408,0.6052455902099609,0.26281866431236267,-0.06928658485412598,-2.283792734146118,1.0774617195129395,1.5595722198486328,-1.919536828994751
0.4551758749999989,0.0034223749999999996,133.0,3.105960976846504,1.2813449876605787,0.6588307579826791,0.015935265942412038,-0.0009691111969867542,0.006017074731396307,0.06494571323915888,-0.3785906732082367,0.26455846428871155,0.1427893340587616,2.0182595252990723,-1.0716354846954346,0.6233202219009399,0.2620515525341034,-0.07566142082214355,-2.3540098667144775,1.0136277675628662,1.5687050819396973,-1.946509838104248
0.4551758749999989,0.0034223749999999996,133.0,3.1137804223730985,-1.2281846461857486,0.6206052742690126,-0.0137807137690086,-0.0005473066586940081,-0.007002356271110718,0.06831340436323899,-0.06671002507209778,0.15027719736099243,-0.13163059949874878,0.34934601187705994,0.04222407937049866,-0.6376028060913086,0.28281375765800476,0.46274030208587646,-0.22155344486236572,0.8009328842163086,0.49716678261756897,-0.8156577348709106
0.4551758749999989,0.0034223749999999996,133.0,3.1091884711439945,-1.2231084420390204,0.6211098877557382,-0.007444620479316321,-0.0002360382661328778,-0.00378038821788665,0.06826838166839357,-0.06676092743873596,0.15468105673789978,-0.1280004382133484,0.36719268560409546,-0.0018971262034028769,-0.63201904296875,0.2677862346172333,0.44210341572761536,-0.2799723744392395,0.813683271408081,0.48044100403785706,-0.8127752542495728
0.4551758749999989,0.0034223749999999996,133.0,3.103615214055715,-1.2175992948048764,0.621114896614594,-0.006118372124786994,-0.00019114882861697018,-0.0031040217060408454,0.0682484922924926,-0.06803616881370544,0.15458552539348602,-0.1271316409111023,0.36535146832466125,-0.002360035665333271,-0.6160907745361328,0.266819030046463,0.4374557137489319,-0.26733702421188354,0.8192863464355469,0.44781801104545593,-0.8062819242477417
0.4551758749999989,0.0034223749999999996,133.0,3.0974117528472527,-1.21158724847015,0.6211258293269663,-0.0055342092146467075,-0.0001740477761431987,-0.0028052478341891035,0.06824137314443164,-0.06843492388725281,0.1539851874113083,-0.1273314356803894,0.36201176047325134,-0.002288123592734337,-0.6037366390228271,0.26855388283729553,0.43345239758491516,-0.24806664884090424,0.8195903301239014,0.4225551187992096,-0.7989208102226257
0.4551758749999989,0.0034223749999999996,133.0,3.0901896045096127,-1.2046148661363234,0.6210915714413725,-0.005196027932664511,-0.0001719142104787481,-0.0026312888591004126,0.0682276003007589,-0.06973344087600708,0.15221750736236572,-0.12678015232086182,0.3538297414779663,0.004545553587377071,-0.5817661285400391,0.27277183532714844,0.4333791732788086,-0.2157743275165558,0.8231797218322754,0.39060714840888977,-0.7906709909439087
0.4551758749999989,0.0034223749999999996,133.0,3.0814606061829646,-1.1984913949425735,0.6185331876209136,-0.00495735586537865,-0.00022100453942449722,-0.002505019253122562,0.06829711000937987,-0.0695289671421051,0.15024609863758087,-0.1266057789325714,0.34907957911491394,0.010865641757845879,-0.573453426361084,0.2797539532184601,0.43135565519332886,-0.18659906089305878,0.8171162605285645,0.3695748448371887,-0.7838987708091736
0.4551758749999989,0.0034223749999999996,133.0,3.0726623799148123,-1.1901966346950146,0.618572865506092,-0.00476195201055112,-0.00022318850179100917,-0.002405579418005701,0.06828739806577526,-0.07060647010803223,0.1474047154188156,-0.1255645751953125,0.3368109166622162,0.017340198159217834,-0.5456829071044922,0.2861230969429016,0.4341718256473541,-0.1491466909646988,0.8201131820678711,0.3440396785736084,-0.7744411826133728
0.4551758749999989,0.0034223749999999996,133.0,3.063097605428532,-1.180845664862084,0.6184234169221383,-0.004616367737336842,-0.00022345202814958267,-0.002326482124838223,0.06828036031001532,-0.07073986530303955,0.14601916074752808,-0.1262010931968689,0.3312752842903137,0.021531783044338226,-0.5283472537994385,0.29144173860549927,0.43154311180114746,-0.11606482416391373,0.8150548934936523,0.31520774960517883,-0.7662521004676819
0.4551758749999989,0.0034223749999999996,133.0,3.0526080504566138,-1.1706634009432972,0.6183726470088302,-0.004486850735099511,-0.0002273517732556894,-0.0022548714443344324,0.06826882345362802,-0.07145187258720398,0.14367958903312683,-0.12581709027290344,0.32146376371383667,0.028594352304935455,-0.500420093536377,0.2986379861831665,0.4327947795391083,-0.07420291006565094,0.8123054504394531,0.28301259875297546,-0.7576671242713928
0.4551758749999989,0.0034223749999999996,133.0,3.0413840181813083,-1.159859266791152,0.6184586092833853,-0.004355478091568858,-0.00023207068115816727,-0.0021856847549496785,0.06826143000502578,-0.07204419374465942,0.14069901406764984,-0.12492001056671143,0.3091377317905426,0.034837506711483,-0.46947193145751953,0.3065476715564728,0.43637505173683167,-0.033293794840574265,0.8097174167633057,0.2586359679698944,-0.7488957643508911
0.4551758749999989,0.0034223749999999996,133.0,3.029413818477434,-1.1480200101821505,0.6184018009764863,-0.004234299434724409,-0.00023271748526706003,-0.002119800499201746,0.06825740394152674,-0.07173952460289001,0.13911493122577667,-0.1253972053527832,0.302785724401474,0.036304209381341934,-0.45012831687927246,0.3131583631038666,0.4354569911956787,-0.0033877522218972445,0.8022913932800293,0.23909106850624084,-0.7415939569473267
0.4551758749999989,0.0034223749999999996,133.0,3.0166572269720784,-1.135325996978172,0.6181940294639967,-0.004111828880274902,-0.00023104278064570115,-0.002049524516179002,0.06825615886867237,-0.07098996639251709,0.1377415657043457,-0.12681999802589417,0.2991410791873932,0.038587749004364014,-0.43717265129089355,0.3204149007797241,0.43140941858291626,0.028875157237052917,0.7901172637939453,0.21726278960704803,-0.7338603734970093
0.4551758749999989,0.0034223749999999996,133.0,3.003216953983309,-1.1217243237402945,0.6179590762558113,-0.004004318089605017,-0.00022526637506745074,-0.0019918285324554024,0.06826111405280394,-0.06891223788261414,0.1366274505853653,-0.12886443734169006,0.29758140444755554,0.03217395022511482,-0.43824172019958496,0.3227977454662323,0.4241879880428314,0.04547281563282013,0.7769849300384521,0.21468664705753326,-0.7250156402587891
0.4551758749999989,0.0034223749999999996,133.0,2.9889131613954367,-1.1072190728837996,0.6177028074764327,-0.003867459963369389,-0.00021562338844669673,-0.001920595315715849,0.0682656046297376,-0.06658276915550232,0.1352037787437439,-0.13021346926689148,0.29457592964172363,0.022286977618932724,-0.4429471492767334,0.32347050309181213,0.41875356435775757,0.04826318472623825,0.7682023048400879,0.2306629717350006,-0.7165291905403137
0.4551758749999989,0.0034223749999999996,133.0,2.9735589640733635,-1.0918382397162945,0.617497636727387,-0.0036934078096411997,-0.00021034205644294133,-0.0018346229606839748,0.06826143614857386,-0.06693422794342041,0.13569912314414978,-0.1315169334411621,0.29502084851264954,0.022150371223688126,-0.43411993980407715,0.3278389275074005,0.41534072160720825,0.06337288022041321,0.7640242576599121,0.21614478528499603,-0.7135574221611023
0.4551758749999989,0.0034223749999999996,133.0,2.957327638098287,-1.075534040372979,0.6172894837546323,-0.003531795068925788,-0.0002008491539832423,-0.0017525285934813506,0.06825708434194344,-0.06719061732292175,0.13756023347377777,-0.13356786966323853,0.30021989345550537,0.0183846615254879,-0.4386441707611084,0.3291493356227875,0.4087286591529846,0.06254307180643082,0.7624175548553467,0.21254609525203705,-0.7121544480323792
0.4551758749999989,0.0034223749999999996,133.0,2.940231015164064,-1.058540746609796,0.617232906567776,-0.0033465890853369325,-0.00019312250180930385,-0.0016620121313972195,0.06825027146774183,-0.06816241145133972,0.13798391819000244,-0.13403171300888062,0.2987450957298279,0.018138665705919266,-0.42714405059814453,0.33420976996421814,0.40860724449157715,0.06823147088289261,0.7647180557250977,0.20972248911857605,-0.7105945944786072
0.4551758749999989,0.0034223749999999996,133.0,2.9223845162731323,-1.0404934006791249,0.6170261690777891,-0.0031702568195449755,-0.00017904318571402512,-0.0015773461321473736,0.06824928572515142,-0.06836342811584473,0.1412106454372406,-0.13644137978553772,0.3082312345504761,0.009283428080379963,-0.4470531940460205,0.3332712650299072,0.39991405606269836,0.039809226989746094,0.7687499523162842,0.22844573855400085,-0.7114464640617371
0.4551758749999989,0.0034223749999999996,133.0,2.903502212376663,-1.0216617031474238,0.6168888161500411,-0.0029887112467583475,-0.00017226988703593333,-0.0014863607983668717,0.06823790817656782,-0.06978908181190491,0.14052657783031464,-0.13648858666419983,0.3031330704689026,0.014190172776579857,-0.42714929580688477,0.3407836854457855,0.40210121870040894,0.0594877265393734,0.7708816528320312,0.21828940510749817,-0.7085668444633484
0.4551758749999989,0.0034223749999999996,133.0,2.8838945656202157,-1.002118562571109,0.6167458355614521,-0.0028255346831691525,-0.00016656427392920366,-0.0014062459396776224,0.06823030900979339,-0.0707533061504364,0.14181342720985413,-0.13784164190292358,0.3047468364238739,0.01292914804071188,-0.4222416877746582,0.3458787798881531,0.3989768326282501,0.060548700392246246,0.7729742527008057,0.21586237847805023,-0.707098126411438
0.4551758749999989,0.0034223749999999996,133.0,2.863490803599356,-0.9816444009875233,0.6165726457678016,-0.0026111981018709734,-0.00015414897374475776,-0.0013014319232755582,0.06822474661394415,-0.07139372825622559,0.14214670658111572,-0.1386851668357849,0.3038460910320282,0.011507817544043064,-0.4166998863220215,0.3507471978664398,0.3971247375011444,0.06208084896206856,0.775465726852417,0.22038570046424866,-0.7043779492378235
0.4551758749999989,0.0034223749999999996,133.0,2.8422035066369298,-0.9610069728122249,0.6167403689502786,-0.002398434659996128,-0.00014805320255476884,-0.0011966776907603438,0.06821699232464123,-0.07253673672676086,0.13829010725021362,-0.13720211386680603,0.2880321741104126,0.019108273088932037,-0.38321900367736816,0.35891297459602356,0.40647655725479126,0.09438551962375641,0.7786369323730469,0.22128017246723175,-0.6979243159294128
0.4551758749999989,0.0034223749999999996,133.0,2.820075381453416,-0.9388327130185837,0.6165228102281517,-0.002196936051763175,-0.000135049397552027,-0.0010966557554973934,0.06821033368992725,-0.07331356406211853,0.1395978331565857,-0.13880011439323425,0.2901745140552521,0.01575320214033127,-0.38240981101989746,0.3639428913593292,0.40253448486328125,0.08964177221059799,0.7813665866851807,0.2263195514678955,-0.696173906326294
0.4551758749999989,0.0034223749999999996,133.0,2.796988383742086,-0.9157246177752821,0.6162434284245758,-0.0019964151308378623,-0.00012436852363305594,-0.0009962591851273115,0.06819839665029698,-0.07518512010574341,0.14166991412639618,-0.14073258638381958,0.29394999146461487,0.01634025201201439,-0.3765580654144287,0.37153464555740356,0.3988948464393616,0.09250903874635696,0.7847845554351807,0.21784350275993347,-0.6963749527931213
0.4551758749999989,0.0034223749999999996,133.0,2.772987872494203,-0.8915258286327338,0.6157872769145646,-0.0018360005604293986,-0.00011535070846304437,-0.0009153949891839438,0.06818432244799623,-0.07753586769104004,0.14565680921077728,-0.14384958148002625,0.304298460483551,0.016803443431854248,-0.3784477710723877,0.37806224822998047,0.39020806550979614,0.09221450239419937,0.7877678871154785,0.19922001659870148,-0.6981024146080017
0.4551758749999989,0.0034223749999999996,133.0,2.7483306206490528,-0.8667555486068425,0.6155500916538589,-0.0016383490105490947,-0.0001020399633337809,-0.000818677990001055,0.0681761603819841,-0.0788644552230835,0.14797304570674896,-0.1455431580543518,0.30884721875190735,0.012796556577086449,-0.38060474395751953,0.3821054995059967,0.3852877616882324,0.07791726291179657,0.7942619323730469,0.2074565291404724,-0.697800874710083
0.4551758749999989,0.0034223749999999996,133.0,2.7227884198074954,-0.8414085970031445,0.6155076438979856,-0.0014552627357925616,-9.404490929460314e-5,-0.0007294233462615162,0.06816458097243985,-0.08044025301933289,0.14786173403263092,-0.14630502462387085,0.30453866720199585,0.014417119324207306,-0.36511850357055664,0.39004138112068176,0.3866129517555237,0.08731027692556381,0.7994632720947266,0.20964780449867249,-0.6948738098144531
0.4551758749999989,0.0034223749999999996,133.0,2.6964937338822272,-0.8154534172407862,0.6154352752761333,-0.001274782720520793,-8.471669048199175e-5,-0.0006394707865368926,0.06815635568696578,-0.0816519558429718,0.14641624689102173,-0.14677676558494568,0.29639732837677,0.01732465624809265,-0.34476804733276367,0.39915063977241516,0.39008963108062744,0.10607174783945084,0.8029453754425049,0.2127329558134079,-0.6902413368225098
0.4551758749999989,0.0034223749999999996,133.0,2.669410408905745,-0.7884760830131438,0.6152332474944792,-0.001125230126642047,-7.652331774449333e-5,-0.0005646456632691984,0.06814830344138839,-0.08240649104118347,0.14629994332790375,-0.14825117588043213,0.29291290044784546,0.017054565250873566,-0.3308746814727783,0.40703853964805603,0.38862109184265137,0.12126757204532623,0.8035016059875488,0.20918160676956177,-0.6853016018867493
0.4551758749999989,0.0034223749999999996,133.0,2.6416181747650556,-0.7607330918992593,0.6150272627255485,-0.0009918440494244899,-6.82613572805678e-5,-0.0004980694237460365,0.06814493033357114,-0.08222344517707825,0.1457763910293579,-0.14975151419639587,0.2888208031654358,0.013060042634606361,-0.3218867778778076,0.4128773808479309,0.3861299157142639,0.1302037537097931,0.8026812076568604,0.21455542743206024,-0.6787173748016357
0.4551758749999989,0.0034223749999999996,133.0,2.6127924533469105,-0.7321670964736254,0.6147984938654021,-0.000819046236309944,-5.76004402762076e-5,-0.00041045588347106177,0.06813573787664406,-0.08357825875282288,0.14507901668548584,-0.15118879079818726,0.28357765078544617,0.016558080911636353,-0.30217981338500977,0.42233961820602417,0.38672754168510437,0.15934863686561584,0.8031690120697021,0.20434507727622986,-0.6740673780441284
0.4551758749999989,0.0034223749999999996,133.0,2.583145918540163,-0.7028540665112808,0.6146530145080922,-0.0006876366113561356,-5.0055915612040845e-5,-0.00034452595559168124,0.06812684213386519,-0.08487692475318909,0.14382660388946533,-0.15213003754615784,0.27563440799713135,0.02003425359725952,-0.2793424129486084,0.4331955313682556,0.39022207260131836,0.18606482446193695,0.8050365447998047,0.2015848308801651,-0.669632077217102
0.4551758749999989,0.0034223749999999996,133.0,2.5526248858303,-0.672509006189605,0.6144438889136592,-0.0005161553031551441,-3.861965493350502e-5,-0.00025895525866026503,0.06811533119403183,-0.08650258183479309,0.14415676891803741,-0.15354573726654053,0.2725202143192291,0.02121097594499588,-0.26404595375061035,0.4429285526275635,0.3902431130409241,0.19813646376132965,0.8097529411315918,0.2008615881204605,-0.6665835380554199
0.4551758749999989,0.0034223749999999996,133.0,2.5213087869737443,-0.6410437664161803,0.6141244854006931,-0.00032426144394569315,-2.396322826308818e-5,-0.00016284331204130474,0.06810464688781792,-0.08787503838539124,0.14668437838554382,-0.15591880679130554,0.2775060832500458,0.017489634454250336,-0.26506638526916504,0.4472382366657257,0.38211899995803833,0.1893218606710434,0.8163447380065918,0.20165082812309265,-0.6634931564331055
0.4551758749999989,0.0034223749999999996,133.0,2.4890959676038102,-0.6088251890361476,0.6138511798307499,-0.00015154891566874077,-1.1354744354372085e-5,-7.632418529975098e-5,0.06809082057758666,-0.08978056907653809,0.14858506619930267,-0.15789076685905457,0.27950775623321533,0.01760590448975563,-0.25841593742370605,0.4542830288410187,0.37730830907821655,0.18861740827560425,0.8239374160766602,0.20019462704658508,-0.6607398986816406
0.4551758749999989,0.0034223749999999996,133.0,2.456052120889715,-0.5762975472795678,0.6137675093776223,1.680001212478115e-5,1.323849297057418e-6,8.501553254481826e-6,0.0680792559832834,-0.09170076251029968,0.14666880667209625,-0.15833348035812378,0.2685752213001251,0.02420511096715927,-0.23485255241394043,0.4664577543735504,0.38421404361724854,0.2071237415075302,0.8317842483520508,0.21196644008159637,-0.6567720174789429
0.4551758749999989,0.0034223749999999996,133.0,2.422147384204466,-0.5425958390462025,0.6135316159820793,0.00018559526654799563,1.4998633617763815e-5,9.405581383365194e-5,0.06806576005770748,-0.09379243850708008,0.14717993140220642,-0.16002017259597778,0.26548120379447937,0.02640342339873314,-0.21884989738464355,0.47808271646499634,0.38435685634613037,0.21907353401184082,0.8386392593383789,0.21125046908855438,-0.6538771986961365
0.4551758749999989,0.0034223749999999996,133.0,2.3873145232385795,-0.5077211802858145,0.6130978566995577,0.00036856799988466463,3.00947118818834e-5,0.0001868575321465196,0.06804804715129642,-0.09653842449188232,0.1501341611146927,-0.16299137473106384,0.2710455358028412,0.026510518044233322,-0.21290874481201172,0.4878042936325073,0.3773825168609619,0.22231429815292358,0.8468160629272461,0.19995814561843872,-0.6525331735610962
0.4551758749999989,0.0034223749999999996,133.0,2.351688218352073,-0.47233353787508625,0.6128456694430127,0.000512455586182414,4.2894185428464494e-5,0.00026025444208055106,0.06803319416238583,-0.09903743863105774,0.1508602499961853,-0.16476362943649292,0.2680983543395996,0.028782669454813004,-0.19669198989868164,0.5004948973655701,0.37807533144950867,0.23245711624622345,0.855842113494873,0.20064899325370789,-0.6503505706787109
0.4551758749999989,0.0034223749999999996,133.0,2.315251467738572,-0.4361318831858864,0.6125866740387023,0.0006747347682323475,5.7952397536177286e-5,0.0003432389202803644,0.06801859318083638,-0.10139197111129761,0.15142810344696045,-0.1665918231010437,0.2647685110569,0.030739352107048035,-0.18010592460632324,0.5134333372116089,0.3786243200302124,0.24435800313949585,0.8642425537109375,0.20076698064804077,-0.6476308703422546
0.4551758749999989,0.0034223749999999996,133.0,2.2780288856826014,-0.39912377160482104,0.6123326344559916,0.0008475883155375451,7.481181931680888e-5,0.00043180472506179065,0.06800489629869967,-0.10340559482574463,0.1517208218574524,-0.1684855818748474,0.26082491874694824,0.03204262629151344,-0.1631762981414795,0.5264216661453247,0.3789091110229492,0.2593421936035156,0.871068000793457,0.19974534213542938,-0.6440141201019287
0.4551758749999989,0.0034223749999999996,133.0,2.240043744422123,-0.3613364147120394,0.6120531399482467,0.0010438467542134805,9.513814363860593e-5,0.0005326385123212096,0.06799291020520634,-0.1049441397190094,0.15160290896892548,-0.1705160140991211,0.2562448978424072,0.031566325575113297,-0.14656591415405273,0.53968745470047,0.3790917992591858,0.27719831466674805,0.8757383823394775,0.1989983320236206,-0.6396393775939941
0.4551758749999989,0.0034223749999999996,133.0,2.2012544964066896,-0.32272786008904036,0.6117959680055951,0.0012302224177505672,0.00011551299361012747,0.0006283719666409389,0.06798207377397661,-0.10621517896652222,0.15127192437648773,-0.17262062430381775,0.25122275948524475,0.030044157058000565,-0.1300368309020996,0.5533007383346558,0.3793923258781433,0.29706230759620667,0.8791675567626953,0.19803215563297272,-0.6349282264709473
0.4551758749999989,0.0034223749999999996,133.0,2.1615210824825635,-0.283673965302519,0.6116101592208163,0.0013507985117490525,0.00013428887626623686,0.0006907289439066131,0.06797257629028651,-0.10825976729393005,0.14826582372188568,-0.17387688159942627,0.23694142699241638,0.036929383873939514,-0.10045981407165527,0.5748627185821533,0.39081287384033203,0.3410438299179077,0.8834662437438965,0.20558054745197296,-0.6320823431015015
0.4551758749999989,0.0034223749999999996,133.0,2.1209771633685217,-0.24337724340419176,0.611343700862618,0.0015052891901514384,0.00015416886033838768,0.0007709770314679713,0.06795927915944998,-0.11022999882698059,0.1482887715101242,-0.1758175492286682,0.2326216697692871,0.037758663296699524,-0.08452868461608887,0.5907870531082153,0.39207974076271057,0.35742515325546265,0.8901114463806152,0.2065432071685791,-0.6290700435638428
0.4551758749999989,0.0034223749999999996,133.0,2.0794240733349643,-0.20163169233702305,0.6107806343020886,0.0016560078638862298,0.0001722342514922437,0.0008497581903877076,0.0679352473212331,-0.11296951770782471,0.1523759365081787,-0.17958775162696838,0.24312007427215576,0.034959543496370316,-0.08544564247131348,0.6007368564605713,0.3785666823387146,0.3570423424243927,0.8988213539123535,0.1857002228498459,-0.6261062026023865
0.4551758749999989,0.0034223749999999996,133.0,2.0380877406078337,-0.1585057867938262,0.6131704865298958,0.0017976932653904541,0.00017744442277701507,0.0009289007244940447,0.06785449117601713,-0.11314451694488525,0.1499262899160385,-0.18042275309562683,0.2278287559747696,0.031495317816734314,-0.062485694885253906,0.6106926798820496,0.38577380776405334,0.3642656207084656,0.9055051803588867,0.2083767056465149,-0.6180336475372314
0.4551758749999989,0.0034223749999999996,133.0,1.9947434856617519,-0.11546610267611279,0.6127616995333782,0.001894752757357096,0.00019974549811820123,0.0009829685384420293,0.06782599334957685,-0.11698141694068909,0.14778277277946472,-0.18267789483070374,0.21599091589450836,0.04548828303813934,-0.0312962532043457,0.6412437558174133,0.3978813588619232,0.4226994514465332,0.9145665168762207,0.2059120535850525,-0.6183156371116638
0.4551758749999989,0.0034223749999999996,133.0,1.9501618731218893,-0.07235130715328712,0.6128368984068017,0.0018677332067309404,0.0002107370996788898,0.000977469929299886,0.06779888224706873,-0.12746745347976685,0.14838306605815887,-0.18261221051216125,0.20029298961162567,0.07263640314340591,0.002879619598388672,0.6744220852851868,0.4204478859901428,0.421885222196579,0.9680202007293701,0.2402055561542511,-0.6254652142524719
0.4551758749999989,0.0034223749999999996,133.0,1.9021176676936218,-0.02350430814428861,0.609506408514926,0.0017490386239560867,0.00010539477552704216,0.0009452165724115627,0.06768955675581682,-0.1629236936569214,0.2165534347295761,-0.1889856457710266,0.3625209927558899,0.0853208526968956,-0.05340242385864258,0.3884483277797699,0.37621814012527466,-0.38051673769950867,1.315162181854248,0.05533440411090851,-0.7433280944824219
0.4551758749999989,0.0034223749999999996,133.0,1.8513485710983506,0.030454871387116614,0.6103013267261068,0.00010285383524988496,-6.844413549679464e-6,5.8679798771646156e-5,0.06729598969797382,-0.2243029773235321,0.2939286231994629,-0.17506396770477295,0.4207875430583954,0.01973704621195793,0.18742728233337402,-0.10097406804561615,0.6230798959732056,-1.5947067737579346,1.851353645324707,-0.06650830060243607,-1.0469595193862915
0.4551758749999989,0.0034223749999999996,133.0,1.8915584163434136,0.058295542580749427,0.6117490541047877,-0.0017117719529655539,-0.00016187026099915896,-0.0009964970942642536,0.06672627050276372,-0.24504229426383972,0.13271042704582214,-0.18104073405265808,0.6643179655075073,-0.17591242492198944,0.2549405097961426,0.9295352101325989,-0.03624314069747925,-0.7269785404205322,1.6285467147827148,-0.042765382677316666,-0.6283109188079834
0.4551758749999989,0.0034223749999999996,133.0,1.9272058234949516,0.1075034215883377,0.6183665953559258,-0.0019529400590710647,3.541875515399383e-5,-0.001137179962170462,0.0659702091699179,-0.3108493387699127,0.16953007876873016,-0.11179158091545105,1.011838436126709,-0.3935602009296417,0.5189363956451416,0.5004239678382874,0.053596049547195435,-1.5302578210830688,1.990004062652588,0.2612754702568054,-1.0649374723434448
0.4551758749999989,0.0034223749999999996,133.0,1.964049595454793,0.15561407281272344,0.6259310255277097,-0.001988450993390652,0.00016711224079644365,-0.0010933280506516718,0.0655181003159378,-0.37933042645454407,0.20645774900913239,-0.028898507356643677,1.3050719499588013,-0.8588281869888306,0.6311856508255005,-0.011212576180696487,0.25434762239456177,-1.942615032196045,2.0795416831970215,0.528114914894104,-1.559388279914856
0.4551758749999989,0.0034223749999999996,133.0,2.005465175371064,0.20064778309016504,0.6282426753414884,-0.0018900625647655623,0.00017661158180746025,-0.0010108302948978055,0.06541847583677592,-0.3893686830997467,0.22299453616142273,-0.004412710666656494,1.3915976285934448,-0.9766767024993896,0.629690408706665,-0.08460430800914764,0.2848924398422241,-2.0243215560913086,2.010906219482422,0.5524694323539734,-1.6769850254058838
0.4551758749999989,0.0034223749999999996,133.0,2.04699674598914,0.24365447039287655,0.6294903446606077,-0.0017363514794482122,0.0001696564228860755,-0.0009131709859413615,0.0653802840484035,-0.3930773437023163,0.22953550517559052,0.0055800676345825195,1.4217209815979004,-1.031219720840454,0.6360573768615723,-0.10563792288303375,0.29863864183425903,-2.0514767169952393,1.9739904403686523,0.5850622057914734,-1.7210949659347534
0.4551758749999989,0.0034223749999999996,133.0,2.0878781453880695,0.2852964122624916,0.6298134711849555,-0.0015421085645502615,0.00015012530471612785,-0.0008048607531768241,0.06538193054372819,-0.38871732354164124,0.23293614387512207,0.02043396234512329,1.4856888055801392,-1.0315724611282349,0.6143425703048706,-0.14014066755771637,0.269903302192688,-2.0430428981781006,1.8941879272460938,0.6405405402183533,-1.7563233375549316
0.4551758749999989,0.0034223749999999996,133.0,2.128152679507331,0.32602289856502453,0.6300035200943622,-0.0014539520923879553,0.00013688755271254748,-0.0007532838458215702,0.06537721248400545,-0.3906833827495575,0.23527640104293823,0.020591050386428833,1.4804496765136719,-1.0577794313430786,0.6326189041137695,-0.1049266904592514,0.282646119594574,-2.059521198272705,1.8800816535949707,0.6672906279563904,-1.7641282081604004
0.4551758749999989,0.0034223749999999996,133.0,2.1677965601176554,0.36598299484324515,0.63073230584505,-0.0012477293620222817,0.00011654805679055201,-0.0006371458939441106,0.06535451610183692,-0.3931306302547455,0.23755617439746857,0.020103394985198975,1.4759082794189453,-1.0811939239501953,0.6541832685470581,-0.06622818112373352,0.29336386919021606,-2.0788607597351074,1.8669543266296387,0.690834641456604,-1.770613193511963
0.4551758749999989,0.0034223749999999996,133.0,2.2064539490491053,0.40506728437106515,0.631280684349497,-0.0010884193809322295,0.00010036207326560991,-0.0005492944968515208,0.06534340866635593,-0.39075061678886414,0.23958729207515717,0.027878940105438232,1.5123542547225952,-1.074912428855896,0.6491143703460693,-0.06131458654999733,0.2725992202758789,-2.079422950744629,1.818591594696045,0.7315113544464111,-1.7863671779632568
0.4551758749999989,0.0034223749999999996,133.0,2.2441941349888768,0.4433104188867023,0.6317018424899669,-0.0008867384374905387,8.075779891105596e-5,-0.0004430783860213603,0.06533448549782833,-0.390928715467453,0.2416018694639206,0.03184691071510315,1.5270229578018188,-1.0892316102981567,0.6556438207626343,-0.0472823791205883,0.2702346444129944,-2.087122917175293,1.7872648239135742,0.7633551359176636,-1.7988464832305908
0.4551758749999989,0.0034223749999999996,133.0,2.2811148796750595,0.48068490489659166,0.6320803229784572,-0.0007070170990770195,6.346406256244084e-5,-0.0003500322443942821,0.06532706970626578,-0.3911304771900177,0.2435697466135025,0.035982757806777954,1.5419957637786865,-1.102891206741333,0.661081075668335,-0.03488406911492348,0.2673957347869873,-2.0943572521209717,1.756204605102539,0.7947904467582703,-1.811145544052124
0.4551758749999989,0.0034223749999999996,133.0,2.3172023481354302,0.5172104642533802,0.6324458810415174,-0.0005349732912949365,4.730035223802069e-5,-0.00026252286581562574,0.06531960335211545,-0.3913668096065521,0.24538175761699677,0.0397796630859375,1.5560249090194702,-1.1139048337936401,0.6661278009414673,-0.02239895612001419,0.2637859582901001,-2.100318670272827,1.7274465560913086,0.8238666653633118,-1.821718454360962
0.4551758749999989,0.0034223749999999996,133.0,2.3524616953872894,0.5528725194632672,0.6327488829870536,-0.00036828146894339695,3.19909356059495e-5,-0.00017928999094970262,0.06531322491653405,-0.39156481623649597,0.24701103568077087,0.04310643672943115,1.568705439567566,-1.1210757493972778,0.6705248355865479,-0.009620236232876778,0.25921961665153503,-2.103970527648926,1.7014904022216797,0.85042405128479,-1.8299691677093506
0.4551758749999989,0.0034223749999999996,133.0,2.3868580755454585,0.5876977754476148,0.6330511315995653,-0.00020687384980782835,1.7639308350038762e-5,-9.9980740303498e-5,0.06530456421009391,-0.3918816149234772,0.24852153658866882,0.04599347710609436,1.5803821086883545,-1.1239811182022095,0.6743960380554199,0.002337618265300989,0.25373581051826477,-2.1055009365081787,1.6792502403259277,0.8732273578643799,-1.8362767696380615
0.4551758749999989,0.0034223749999999996,133.0,2.419924519437603,0.6217424903537847,0.6329546014477624,-6.170971692788621e-5,5.139106282108039e-6,-2.9788163943265193e-5,0.06529822454833695,-0.39561060070991516,0.2509320378303528,0.04473021626472473,1.569277048110962,-1.1456081867218018,0.6990364789962769,0.02549338899552822,0.2688279151916504,-2.117389440536499,1.6804943084716797,0.878412663936615,-1.8404734134674072
0.4551758749999989,0.0034223749999999996,133.0,2.452122758195062,0.6550211050026516,0.6331816795413846,0.00013342172175109934,-1.1055029471190669e-5,6.409762088976573e-5,0.06527848879787786,-0.39926931262016296,0.25336432456970215,0.04604211449623108,1.5708677768707275,-1.1635839939117432,0.716584324836731,0.03045543096959591,0.2776331305503845,-2.125,1.675915241241455,0.8830327391624451,-1.8509838581085205
0.4551758749999989,0.0034223749999999996,133.0,2.4846328238463156,0.6853417373939875,0.63127204988422,0.000314868176202822,-2.4685359682964102e-5,0.00014914629207045383,0.06543669719473816,-0.3947034180164337,0.2533075511455536,0.05299419164657593,1.5909204483032227,-1.170515775680542,0.687942385673523,0.009559611789882183,0.2668478488922119,-2.104665517807007,1.6277709007263184,0.9284347295761108,-1.8602776527404785
0.4551758749999989,0.0034223749999999996,133.0,2.5152526694950423,0.7169251831357708,0.6315204958723277,0.0004985154617294516,-3.8914211645384094e-5,0.0002348113505297842,0.06542445943324803,-0.3981837332248688,0.25562727451324463,0.054919540882110596,1.5926021337509155,-1.196942925453186,0.7067681550979614,0.01933399587869644,0.2771237790584564,-2.118533134460449,1.617523431777954,0.9428541660308838,-1.8724031448364258
0.4551758749999989,0.0034223749999999996,133.0,2.5456642352464143,0.7475702611138828,0.6322696778137735,0.0007174967604993191,-5.509876064045849e-5,0.0003336965458294747,0.06540072890479585,-0.39713147282600403,0.2567283511161804,0.06120532751083374,1.6237045526504517,-1.1871484518051147,0.7011919021606445,0.02886362560093403,0.25465109944343567,-2.126363754272461,1.5829055309295654,0.9775902032852173,-1.8810746669769287
0.4551758749999989,0.0034223749999999996,133.0,2.5752757713798937,0.7773071294340288,0.6327977261180482,0.0008745688223261121,-6.551673232663363e-5,0.0004025676518248369,0.0653894661445058,-0.39594992995262146,0.2573939859867096,0.06587192416191101,1.6455471515655518,-1.1816059350967407,0.697498083114624,0.04544656351208687,0.23670142889022827,-2.132652521133423,1.5508310794830322,1.0134079456329346,-1.8850595951080322
0.4551758749999989,0.0034223749999999996,133.0,2.6039981653099096,0.8062521206254938,0.6336698004813881,0.0010760110977575087,-8.128520761656738e-5,0.0004891261198436165,0.06536938531238602,-0.39540866017341614,0.2582900822162628,0.07321986556053162,1.6759026050567627,-1.1821585893630981,0.6858052015304565,0.03451411426067352,0.22028446197509766,-2.132279396057129,1.516942024230957,1.0448838472366333,-1.8989613056182861
0.4551758749999989,0.0034223749999999996,133.0,2.6314898636354735,0.8343670588283887,0.6338335412799023,0.0012304736100547348,-9.24705650680802e-5,0.0005567496776905886,0.06536833809069072,-0.3979010283946991,0.25988754630088806,0.07438787817955017,1.6727339029312134,-1.20939040184021,0.7019741535186768,0.04870981723070145,0.2309243381023407,-2.143481969833374,1.5045220851898193,1.0642818212509155,-1.9066386222839355
0.4551758749999989,0.0034223749999999996,133.0,2.658424664508171,0.8615890898966083,0.6343305911439486,0.001404036220803458,-0.00010525785642739489,0.0006298053068227542,0.06535957144768327,-0.39855191111564636,0.2608698308467865,0.07796016335487366,1.6861226558685303,-1.2155011892318726,0.703459620475769,0.056578878313302994,0.2239992320537567,-2.1491141319274902,1.4827229976654053,1.0881659984588623,-1.913191556930542
0.4551758749999989,0.0034223749999999996,133.0,2.684754707720154,0.8878520789727842,0.6344950549830546,0.0016113215642862523,-0.00011642384346840606,0.0007184863893076126,0.06536052328769615,-0.3973516523838043,0.2611786723136902,0.08289459347724915,1.7066923379898071,-1.2118208408355713,0.6930863857269287,0.05755692720413208,0.2083805799484253,-2.147547483444214,1.4530901908874512,1.1165488958358765,-1.9181621074676514
0.4551758749999989,0.0034223749999999996,133.0,2.7100578430282867,0.9133747305367632,0.6347956180307732,0.0018223922706681731,-0.000130469585686969,0.0008077921685829505,0.06535272267150276,-0.39742228388786316,0.2620045244693756,0.08703652024269104,1.7237844467163086,-1.210686445236206,0.6871695518493652,0.05360504239797592,0.19859254360198975,-2.1467432975769043,1.4331920146942139,1.1350957155227661,-1.9254577159881592
0.4551758749999989,0.0034223749999999996,133.0,2.7342609916214538,0.9381108287906226,0.6349949266331097,0.0020567065076526714,-0.00014646746133768052,0.000907404556628111,0.06534655496549609,-0.39933791756629944,0.2631528079509735,0.08714035153388977,1.7218480110168457,-1.224257230758667,0.7024540901184082,0.07161256670951843,0.20261108875274658,-2.155888557434082,1.4243872165679932,1.1474071741104126,-1.9277167320251465
0.4551758749999989,0.0034223749999999996,133.0,2.757654574702083,0.9619808423290911,0.635003803131865,0.002229849179754682,-0.00015696703631030894,0.000981499459200408,0.06534617043852925,-0.4013030230998993,0.264329195022583,0.08781430125236511,1.7204406261444092,-1.2395553588867188,0.7139910459518433,0.08104103803634644,0.20835065841674805,-2.1611437797546387,1.4159705638885498,1.158430814743042,-1.9321861267089844
0.4551758749999989,0.0034223749999999996,133.0,2.7801359570202386,0.985038891796119,0.6349809367309077,0.002450191781087225,-0.0001697725745637554,0.0010762778505768382,0.06534442794926809,-0.4033956825733185,0.26560738682746887,0.08746269345283508,1.7154237031936646,-1.2541563510894775,0.7302869558334351,0.09791998565196991,0.2149069607257843,-2.169816255569458,1.4102535247802734,1.168010950088501,-1.9339001178741455
0.4551758749999989,0.0034223749999999996,133.0,2.8020290925834517,1.0071995446777442,0.6352017119586223,0.002674831119446997,-0.00018425610238379653,0.0011694957248828822,0.06534054203641781,-0.4025597870349884,0.2658082842826843,0.09175160527229309,1.7352608442306519,-1.2463568449020386,0.7193269729614258,0.09552116692066193,0.19943460822105408,-2.1686737537384033,1.3880376815795898,1.1896318197250366,-1.9382448196411133
0.4551758749999989,0.0034223749999999996,133.0,2.8229713946389396,1.0285901958509156,0.6352225719193867,0.002911120297551375,-0.0001973384092867812,0.0012697965603263568,0.06533655460680121,-0.4043772518634796,0.26697808504104614,0.09188923239707947,1.7318613529205322,-1.2618740797042847,0.7334108352661133,0.10795536637306213,0.20556503534317017,-2.177142858505249,1.380359411239624,1.2004367113113403,-1.9411404132843018
0.4551758749999989,0.0034223749999999996,133.0,2.8434692686187137,1.049048324730987,0.6360681300006037,0.0031551440801812,-0.00021973980681801064,0.0013599384775067943,0.06531531595462449,-0.404287725687027,0.2676844596862793,0.09679338335990906,1.754644751548767,-1.2522530555725098,0.7220933437347412,0.09866361320018768,0.19044843316078186,-2.1783411502838135,1.3635919094085693,1.2161062955856323,-1.948730707168579
0.4551758749999989,0.0034223749999999996,133.0,2.8628390636809335,1.0688171299325528,0.6366460647398957,0.0033436106479017196,-0.00023383436953963195,0.001432183541401109,0.06530153497164772,-0.4050529897212982,0.2685137093067169,0.1009308397769928,1.7714998722076416,-1.251177430152893,0.7154102325439453,0.08961649239063263,0.18178385496139526,-2.179673671722412,1.3493592739105225,1.2283717393875122,-1.956881046295166
0.4551758749999989,0.0034223749999999996,133.0,2.8815453113240572,1.0876323429751147,0.637216938588498,0.0035579237210700875,-0.0002494449188254948,0.0015119127532938173,0.06528761719713828,-0.4055103361606598,0.2689558267593384,0.10373565554618835,1.7840055227279663,-1.2497549057006836,0.7134474515914917,0.09272339940071106,0.1724833846092224,-2.1834278106689453,1.334381103515625,1.2430912256240845,-1.960115671157837
0.4551758749999989,0.0034223749999999996,133.0,2.8988113035767586,1.105722731647875,0.6370419193154998,0.0037387844317709478,-0.0002651414912555975,0.0015898314745372427,0.06529444228472721,-0.4084867537021637,0.2704741358757019,0.10472658276557922,1.7787890434265137,-1.2760859727859497,0.7244745492935181,0.08210188150405884,0.1883952021598816,-2.1846699714660645,1.3328020572662354,1.2425826787948608,-1.9709007740020752
0.4551758749999989,0.0034223749999999996,133.0,2.9158729080507375,1.122823080194348,0.6373044094670018,0.003955177772514705,-0.0002770851791924291,0.001673295882520791,0.06528840234329591,-0.408351868391037,0.27075549960136414,0.10696396231651306,1.7892940044403076,-1.2719700336456299,0.7217034101486206,0.0880843847990036,0.17857110500335693,-2.1882855892181396,1.3184757232666016,1.2574347257614136,-1.971620798110962
0.4551758749999989,0.0034223749999999996,133.0,2.931825759363306,1.1391536869149204,0.6375087174426854,0.004145167228697201,-0.00029124951700265937,0.0017472718218131801,0.06528410293527448,-0.4104885160923004,0.2716650366783142,0.10803589224815369,1.7875816822052002,-1.2935625314712524,0.7322349548339844,0.08722083270549774,0.18801403045654297,-2.1928815841674805,1.3110754489898682,1.2636276483535767,-1.9794600009918213
0.4551758749999989,0.0034223749999999996,133.0,2.9470702388198657,1.1545051548581995,0.6373855711559258,0.004333269493981109,-0.0003012552653210852,0.0018206664293691397,0.06528980736948965,-0.4101506173610687,0.2717575430870056,0.10855260491371155,1.7885702848434448,-1.2983312606811523,0.7375986576080322,0.104169562458992,0.18469354510307312,-2.199805974960327,1.297217607498169,1.2817002534866333,-1.977257251739502
0.4551758749999989,0.0034223749999999996,133.0,2.961514049967576,1.1691034732221428,0.6376090774963397,0.004482277864342062,-0.00031142477254718717,0.0018750182472139758,0.06528855118963008,-0.41077008843421936,0.27210426330566406,0.11036941409111023,1.7900978326797485,-1.3146177530288696,0.7409380674362183,0.10384097695350647,0.18912160396575928,-2.2025911808013916,1.2850165367126465,1.2958227396011353,-1.9832775592803955
0.4551758749999989,0.0034223749999999996,133.0,2.97499820506401,1.1828633607509627,0.6378311405094279,0.004615503816129605,-0.0003271163818294364,0.001922089910168996,0.06529430235235079,-0.4118492305278778,0.27222245931625366,0.11291196942329407,1.7896068096160889,-1.3461027145385742,0.74281907081604,0.09017661213874817,0.20279619097709656,-2.201925277709961,1.2710371017456055,1.312301516532898,-1.9965083599090576
0.4551758749999989,0.0034223749999999996,133.0,2.9880879876270003,1.1958058592620129,0.6385521650736572,0.0047613357569738874,-0.0003409237391642573,0.001968230545811571,0.06528674494951277,-0.410867303609848,0.27173641324043274,0.1154191792011261,1.7990232706069946,-1.3507509231567383,0.7385008335113525,0.09276340901851654,0.19750839471817017,-2.207474946975708,1.2531278133392334,1.3363573551177979,-2.0006520748138428
0.4551758749999989,0.0034223749999999996,133.0,3.000779635479192,1.2075764186767148,0.6386538953244215,0.004915233734364766,-0.00033942957836365144,0.002017020113503486,0.06529157662908631,-0.40541544556617737,0.26987576484680176,0.12094941735267639,1.829465389251709,-1.313319206237793,0.7019650936126709,0.09570883214473724,0.16001838445663452,-2.2024292945861816,1.2209668159484863,1.3725967407226562,-1.9934406280517578
0.4551758749999989,0.0034223749999999996,133.0,3.012657126016418,1.2186010353572176,0.639118684665536,0.005074185602390606,-0.0003418828693518113,0.002064514704931547,0.06528629566423151,-0.40086421370506287,0.2683269679546356,0.12421354651451111,1.8521299362182617,-1.2770341634750366,0.6789377927780151,0.11392708122730255,0.1258537769317627,-2.2049524784088135,1.1956064701080322,1.4040952920913696,-1.9818599224090576
0.4551758749999989,0.0034223749999999996,133.0,3.023775712432029,1.2287866697171277,0.6394430975473318,0.0052271600042097755,-0.0003365126823747234,0.002111645346467131,0.06528321808206951,-0.3960496485233307,0.2668219208717346,0.12673130631446838,1.8725396394729614,-1.236786127090454,0.6571904420852661,0.1369776576757431,0.09092262387275696,-2.2092511653900146,1.1725695133209229,1.434967041015625,-1.967271327972412
0.4551758749999989,0.0034223749999999996,133.0,3.033844298522521,1.2382481886215593,0.639700329666869,0.00540099584040387,-0.000332672243238142,0.0021717246954672214,0.06528354523682008,-0.391702264547348,0.26532769203186035,0.12804219126701355,1.8881542682647705,-1.1994353532791138,0.6424708366394043,0.16683772206306458,0.05876642465591431,-2.215944290161133,1.1520304679870605,1.4634578227996826,-1.950716257095337
0.4551758749999989,0.0034223749999999996,133.0,3.0421889647625844,1.2491319018085199,0.6426635621616036,0.005653075659981962,-0.0003554958225834735,0.0022590655234522453,0.06508032305520575,-0.3941743075847626,0.26672640442848206,0.12854412198066711,1.909894585609436,-1.1685961484909058,0.6586724519729614,0.19721513986587524,0.03666377067565918,-2.2470223903656006,1.1576423645019531,1.4611527919769287,-1.950314998626709
0.4551758749999989,0.0034223749999999996,133.0,3.050925996805592,1.2568299005521681,0.6432935202273553,0.00592181523002292,-0.0003635306333499112,0.0023479947496922,0.06507196829543872,-0.38934800028800964,0.2652148902416229,0.13244816660881042,1.9374788999557495,-1.1194337606430054,0.626132607460022,0.20424240827560425,-0.0025101304054260254,-2.2462780475616455,1.1368181705474854,1.4831302165985107,-1.9385032653808594
0.4551758749999989,0.0034223749999999996,133.0,3.0584016558833014,1.2637583979224771,0.6433920685487439,0.006325143166232073,-0.00037658539726837334,0.0024970599694011707,0.06507468201945137,-0.3862757980823517,0.26423144340515137,0.1337650716304779,1.9471465349197388,-1.101430892944336,0.6157101392745972,0.218799889087677,-0.019999802112579346,-2.2519586086273193,1.118898630142212,1.5039564371109009,-1.9306817054748535
0.4551758749999989,0.0034223749999999996,133.0,3.065209112094774,1.2698857027310584,0.6436073640079665,0.006999077351075303,-0.00040385431403055957,0.002748813721346965,0.06507238555924012,-0.3826695382595062,0.26329776644706726,0.13221219182014465,1.9526480436325073,-1.070071816444397,0.6171787977218628,0.25821173191070557,-0.04297512769699097,-2.267287492752075,1.1060247421264648,1.52350652217865,-1.913316249847412
0.4551758749999989,0.0034223749999999996,133.0,3.0711210422530635,1.2752479209058947,0.6436422946507537,0.008525921246556703,-0.0004817222426467174,0.00332727976866949,0.0650733141190625,-0.3791625201702118,0.26271191239356995,0.13410642743110657,1.9682526588439941,-1.0518308877944946,0.6078536510467529,0.2679123878479004,-0.06193047761917114,-2.2814927101135254,1.0810139179229736,1.5414279699325562,-1.9099805355072021
0.4551758749999989,0.0034223749999999996,133.0,3.0762813166467367,1.280435518563938,0.6439085016939542,0.01587547964892607,-0.0009436491678642038,0.006035196767420043,0.06504269378616352,-0.37517741322517395,0.26532793045043945,0.13762763142585754,2.001487970352173,-1.0633240938186646,0.6263917684555054,0.2669161260128021,-0.0681450366973877,-2.351771831512451,1.0177545547485352,1.5493733882904053,-1.9372892379760742
0.4551758749999989,0.0034223749999999996,133.0,3.0829581147806744,-1.2286230448767395,0.6065429930156123,-0.013785844441370047,-0.0005361879633048427,-0.006984615981848146,0.06832188375682977,-0.06480860710144043,0.14855670928955078,-0.1319960057735443,0.3449157774448395,0.04208363965153694,-0.639549970626831,0.2826629877090454,0.45522573590278625,-0.19527271389961243,0.7887575626373291,0.48109886050224304,-0.8036305904388428
0.4551758749999989,0.0034223749999999996,133.0,3.0783652396833716,-1.2235606446193363,0.6070362617312846,-0.007447086739585532,-0.00023135296375699724,-0.0037707545951563316,0.06827773138421463,-0.06499779224395752,0.1530849039554596,-0.12835747003555298,0.36314234137535095,-0.002724709454923868,-0.6338369846343994,0.2681845724582672,0.4351445734500885,-0.2554973363876343,0.8021450042724609,0.46545925736427307,-0.8016872406005859
0.4551758749999989,0.0034223749999999996,133.0,3.07279634929517,-1.2180524977494385,0.6070380550025057,-0.006120313613654109,-0.00018723036027286903,-0.0030960524587141697,0.06825832310673723,-0.06632792949676514,0.15310455858707428,-0.1274494230747223,0.3617466688156128,-0.003348434343934059,-0.6177709102630615,0.2670445740222931,0.4309302568435669,-0.2445741891860962,0.807793378829956,0.4340706467628479,-0.7960759997367859
0.4551758749999989,0.0034223749999999996,133.0,3.066591692810546,-1.212034689936794,0.6070480047917317,-0.0055359469992599586,-0.00017033231916864373,-0.0027980221236199206,0.06825135328116717,-0.06679999828338623,0.1526273936033249,-0.12760016322135925,0.35885488986968994,-0.003410210832953453,-0.6053051948547363,0.26860517263412476,0.4273751974105835,-0.2272835522890091,0.8082568645477295,0.4100792706012726,-0.789614737033844
0.4551758749999989,0.0034223749999999996,133.0,3.059372069454272,-1.2050598151069236,0.607013063337504,-0.005197600851765317,-0.0001681412472036327,-0.002624511446078357,0.06823793101210544,-0.06813755631446838,0.15097036957740784,-0.12701204419136047,0.35112106800079346,0.0034033418633043766,-0.583198070526123,0.272480309009552,0.427662193775177,-0.19662430882453918,0.8117580413818359,0.3792175352573395,-0.7821767330169678
0.4551758749999989,0.0034223749999999996,133.0,3.0506417169436877,-1.1989328700748998,0.6044542169709756,-0.004958769771056728,-0.00021713182519188348,-0.002498710423107377,0.06830774788650182,-0.06803342700004578,0.14912740886211395,-0.12678474187850952,0.34675395488739014,0.009614323265850544,-0.5747768878936768,0.27928435802459717,0.42609357833862305,-0.1694982796907425,0.8061056137084961,0.3593718111515045,-0.7762466669082642
0.4551758749999989,0.0034223749999999996,133.0,3.041845033549708,-1.19062976319117,0.6044899505162231,-0.004763267535089279,-0.00021915538937707123,-0.0023995303930251983,0.06829837117824951,-0.06914618611335754,0.14638446271419525,-0.12571501731872559,0.3349190354347229,0.016139764338731766,-0.5469233989715576,0.2853238880634308,0.4292125403881073,-0.133511021733284,0.8089959621429443,0.33473461866378784,-0.7675288915634155
0.4551758749999989,0.0034223749999999996,133.0,3.0322793015369682,-1.1812748197713236,0.6043425190819086,-0.00461758011102222,-0.0002192528294886955,-0.0023207068385184115,0.0682915243566223,-0.06943351030349731,0.14518402516841888,-0.12627971172332764,0.3299364447593689,0.020064976066350937,-0.529803991317749,0.29069024324417114,0.4272887110710144,-0.1034671738743782,0.804602861404419,0.30797335505485535,-0.7606062889099121
0.4551758749999989,0.0034223749999999996,133.0,3.0217904242179916,-1.171085706830386,0.6042901075635322,-0.004487962864121179,-0.00022290666021405108,-0.002249329031795717,0.06828030029464698,-0.07025355100631714,0.1429884433746338,-0.12584620714187622,0.3205927908420563,0.026964955031871796,-0.5020675659179688,0.2978515923023224,0.42907845973968506,-0.06391756981611252,0.8022582530975342,0.27738600969314575,-0.7530333995819092
0.4551758749999989,0.0034223749999999996,133.0,3.0105665102565675,-1.1602730260304204,0.6043728863787905,-0.0043564940614845464,-0.00022742719138762452,-0.002180386421932219,0.06827320494203665,-0.07092294096946716,0.1401054561138153,-0.12492096424102783,0.308587908744812,0.03314242884516716,-0.47121238708496094,0.30571240186691284,0.4330326020717621,-0.024635110050439835,0.7999684810638428,0.2541287839412689,-0.7449621558189392
0.4551758749999989,0.0034223749999999996,133.0,2.998592798262405,-1.148427293087986,0.604316909838858,-0.004235237730331228,-0.00022797015072794496,-0.002114746918752384,0.06826928271306261,-0.07070451974868774,0.1386057585477829,-0.1253746747970581,0.30242234468460083,0.03448466211557388,-0.45191407203674316,0.3123779594898224,0.4324597716331482,0.0037714329082518816,0.793027400970459,0.23554378747940063,-0.7381958961486816
0.4551758749999989,0.0034223749999999996,133.0,2.9858336215988013,-1.1357309165897782,0.6041148922566764,-0.004112664179609332,-0.00022614334032994575,-0.0020447651185469076,0.06826814415440734,-0.07003775238990784,0.13731102645397186,-0.12678250670433044,0.2988855540752411,0.03663797676563263,-0.43887948989868164,0.319655179977417,0.4287044107913971,0.034739721566438675,0.7814011573791504,0.21443161368370056,-0.7308655381202698
0.4551758749999989,0.0034223749999999996,133.0,2.972385548563581,-1.122125213004919,0.6038873317280142,-0.0040051132861899305,-0.00022038216822242411,-0.001987295536863436,0.0682729017399185,-0.06803512573242188,0.13625900447368622,-0.12880587577819824,0.29738566279411316,0.03012276440858841,-0.4398512840270996,0.32207033038139343,0.4217025339603424,0.05031227692961693,0.7688157558441162,0.21223196387290955,-0.7223023772239685
0.4551758749999989,0.0034223749999999996,133.0,2.9580746144071908,-1.1076163495718296,0.6036371646809489,-0.0038682387485628757,-0.00021086147984577513,-0.0019162530900769595,0.06827717448032329,-0.06578248739242554,0.13489370048046112,-0.1301262080669403,0.2944822609424591,0.020189184695482254,-0.4445502758026123,0.3227797746658325,0.4164642095565796,0.05213746055960655,0.7605829238891602,0.22850295901298523,-0.7141169905662537
0.4551758749999989,0.0034223749999999996,133.0,2.942719490565059,-1.0922348826856105,0.603434945251211,-0.0036941182779976294,-0.0002056931524354143,-0.0018305352412696387,0.06827311835745757,-0.06619143486022949,0.13543583452701569,-0.13142892718315125,0.2949593961238861,0.01997802034020424,-0.4357905387878418,0.32723888754844666,0.4132500886917114,0.06647074967622757,0.7568001747131348,0.2144935131072998,-0.7113774418830872
0.4551758749999989,0.0034223749999999996,133.0,2.9264882361902758,-1.0759361640287395,0.6032338015598165,-0.0035324598665596257,-0.00019638619740221727,-0.001748631604171732,0.06826882739257271,-0.06650474667549133,0.1373429149389267,-0.13347536325454712,0.3001759648323059,0.016117773950099945,-0.44040393829345703,0.3286646008491516,0.40681466460227966,0.06491700559854507,0.755617618560791,0.2113005816936493,-0.7101699709892273
0.4551758749999989,0.0034223749999999996,133.0,2.9093926751231143,-1.0589413255809732,0.6031768071125477,-0.0033472125725327487,-0.0001888433572158954,-0.0016583058323818584,0.06826218075222769,-0.06750625371932983,0.13778910040855408,-0.1339430809020996,0.2987510859966278,0.015845950692892075,-0.4290299415588379,0.3337729275226593,0.40681180357933044,0.07014745473861694,0.7581198215484619,0.20882637798786163,-0.7087801098823547
0.4551758749999989,0.0034223749999999996,133.0,2.8915478354823425,-1.0409053725883648,0.6029797758483878,-0.003170862496851363,-0.00017508457349684557,-0.0015737919959942924,0.06826118149842231,-0.06772446632385254,0.14102678000926971,-0.1363472044467926,0.3082185685634613,0.006867284886538982,-0.44902729988098145,0.33291664719581604,0.39818698167800903,0.04138883948326111,0.762382984161377,0.22768190503120422,-0.7096812129020691
0.4551758749999989,0.0034223749999999996,133.0,2.8726693004948767,-1.0220704851971976,0.6028422021020642,-0.0029892708424466854,-0.00016835299874257633,-0.00148300228895883,0.06825007162917648,-0.06915861368179321,0.1403554528951645,-0.13640612363815308,0.3031756579875946,0.01177191361784935,-0.4292004108428955,0.3403871953487396,0.40043190121650696,0.06083953008055687,0.7645707130432129,0.21772967278957367,-0.7069153785705566
0.4551758749999989,0.0034223749999999996,133.0,2.853063782164309,-1.0025310722220275,0.6027033656610685,-0.0028260476806862313,-0.00016281286913547968,-0.0014030758782882144,0.06824268130947184,-0.0701337456703186,0.14165614545345306,-0.1377660036087036,0.30481529235839844,0.01045739371329546,-0.4243783950805664,0.3454694449901581,0.3973664343357086,0.06163874641060829,0.7667717933654785,0.2154649794101715,-0.7055314183235168
0.4551758749999989,0.0034223749999999996,133.0,2.8326614242028096,-0.982056505158419,0.6025327816286042,-0.0026116776220858695,-0.00015061564662505493,-0.0012984815994896038,0.06823722682748488,-0.07078641653060913,0.1420006901025772,-0.13861027359962463,0.30395591259002686,0.00900881178677082,-0.41890430450439453,0.35031041502952576,0.39557433128356934,0.06290982663631439,0.7693889141082764,0.22012490034103394,-0.7029126882553101
0.4551758749999989,0.0034223749999999996,133.0,2.8113755827050824,-0.9614079907431918,0.6026952455551802,-0.0023988620393465346,-0.0001446670854396923,-0.0011939811762347427,0.06822974820764176,-0.07193544507026672,0.13814987242221832,-0.13713005185127258,0.28824010491371155,0.016673602163791656,-0.38547301292419434,0.3583945333957672,0.40497642755508423,0.09503155946731567,0.7725987434387207,0.2212158590555191,-0.6966091990470886
0.4551758749999989,0.0034223749999999996,133.0,2.789249368596692,-0.939236534682493,0.6024828281830544,-0.0021973341071897536,-0.00013190988892207878,-0.0010941592665562395,0.06822319368792065,-0.07272762060165405,0.1394718736410141,-0.1387295126914978,0.290408194065094,0.013269081711769104,-0.38474082946777344,0.36341047286987305,0.40110307931900024,0.08999528735876083,0.7754831314086914,0.22640618681907654,-0.694953203201294
0.4551758749999989,0.0034223749999999996,133.0,2.7661678857400407,-0.9161339296876421,0.6022095142495438,-0.001996768571904748,-0.00012143641140141687,-0.0009939788751353006,0.06821153945954528,-0.07461118698120117,0.14156204462051392,-0.14067590236663818,0.29419857263565063,0.013795023784041405,-0.37898874282836914,0.370988130569458,0.39753279089927673,0.0925949364900589,0.7790179252624512,0.2181190401315689,-0.6952385902404785
0.4551758749999989,0.0034223749999999996,133.0,2.7421748793658742,-0.8919462563634916,0.6017633793353017,-0.001836314061266684,-0.00011257749302770483,-0.0009132882222386406,0.06819778717242987,-0.07697516679763794,0.14557550847530365,-0.14381468296051025,0.30454134941101074,0.01416899636387825,-0.3809785842895508,0.3774963617324829,0.388915091753006,0.09201446920633316,0.7821285724639893,0.19965089857578278,-0.6970285177230835
0.4551758749999989,0.0034223749999999996,133.0,2.7175216137804874,-0.8671814932066745,0.6015316247836268,-0.001638638962259294,-9.955401418740169e-5,-0.0008167619419352739,0.06818976545361863,-0.07831770181655884,0.14790555834770203,-0.14550912380218506,0.30911996960639954,0.010122527368366718,-0.3832285404205322,0.3815046548843384,0.3840646743774414,0.07740096002817154,0.7887704372406006,0.2080477625131607,-0.696826696395874
0.4551758749999989,0.0034223749999999996,133.0,2.6919831119815525,-0.8418336390516714,0.6014911088078088,-0.001455517935508803,-9.177850917999475e-5,-0.0007277170563753039,0.06817846178277033,-0.07990524172782898,0.1478053480386734,-0.14627516269683838,0.30486229062080383,0.011727184988558292,-0.3678267002105713,0.3893952965736389,0.38545849919319153,0.08652650564908981,0.794076681137085,0.21044720709323883,-0.6940200328826904
0.4551758749999989,0.0034223749999999996,133.0,2.665690541936813,-0.8158738542020668,0.6014199174090502,-0.0012750045189489116,-8.266674075404785e-5,-0.0006379733372121393,0.06817047463194958,-0.08113154768943787,0.14637131989002228,-0.14674824476242065,0.29677969217300415,0.014624439179897308,-0.3475472927093506,0.39845892786979675,0.3890073895454407,0.10502604395151138,0.7976863384246826,0.21374225616455078,-0.6895193457603455
0.4551758749999989,0.0034223749999999996,133.0,2.6386081881540866,-0.7888956234408092,0.6012224793899347,-0.0011254215998251769,-7.466233448238359e-5,-0.0005633272684208501,0.06816263336700419,-0.08190414309501648,0.14627234637737274,-0.14822497963905334,0.2933337688446045,0.014307978563010693,-0.3337125778198242,0.40629464387893677,0.3876170516014099,0.11990952491760254,0.7983932495117188,0.2103734016418457,-0.6846969723701477
0.4551758749999989,0.0034223749999999996,133.0,2.6108138482303445,-0.7611502726025097,0.6010213449800601,-0.0009920133502308514,-6.659528186012344e-5,-0.0004969077441804632,0.06815933025461945,-0.0817435085773468,0.14576493203639984,-0.14971813559532166,0.2892850935459137,0.010265808552503586,-0.3247673511505127,0.4120817482471466,0.3852105736732483,0.1284945160150528,0.7977678775787354,0.21592718362808228,-0.6782413125038147
0.4551758749999989,0.0034223749999999996,133.0,2.581990810089373,-0.7325822992442096,0.600797172614104,-0.000819181805661813,-5.6166994084755794e-5,-0.0004094991834234136,0.06815040960387392,-0.08311685919761658,0.14508767426013947,-0.1511654555797577,0.2840820848941803,0.013732071034610271,-0.30512189865112305,0.4215022325515747,0.3858765661716461,0.15739218890666962,0.7983920574188232,0.20588743686676025,-0.6737005710601807
0.4551758749999989,0.0034223749999999996,133.0,2.5523466498217755,-0.7032656706785462,0.6006543067695785,-0.0006877479208167877,-4.880691918759265e-5,-0.0003437252923597375,0.06814179861524448,-0.08443281054496765,0.14384886622428894,-0.1521126627922058,0.27618607878685,0.017184022814035416,-0.2823622226715088,0.43232810497283936,0.38944315910339355,0.18386141955852509,0.8003978729248047,0.2033524513244629,-0.6693851351737976
0.4551758749999989,0.0034223749999999996,133.0,2.5218295008669775,-0.6729210182337663,0.6004491937495461,-0.0005162380886359533,-3.765688907880293e-5,-0.00025835158289382217,0.068130601137128,-0.0860748291015625,0.14419330656528473,-0.15353327989578247,0.2731134295463562,0.018329787999391556,-0.2671549320220947,0.4420180916786194,0.389534592628479,0.1956557184457779,0.8052525520324707,0.20283953845500946,-0.6664491891860962
0.4551758749999989,0.0034223749999999996,133.0,2.4905171657176983,-0.6414615057445285,0.6001374110782998,-0.0003243154750462163,-2.3353286890090157e-5,-0.00016245554169281112,0.06812010235875848,-0.08746621012687683,0.14674288034439087,-0.15590620040893555,0.27813977003097534,0.0145625164732337,-0.26824116706848145,0.4462471902370453,0.38147687911987305,0.18646842241287231,0.8120028972625732,0.2037697434425354,-0.6634656190872192
0.4551758749999989,0.0034223749999999996,133.0,2.4583095544023115,-0.6092471081592455,0.5998700704657465,-0.00015157463231530558,-1.106455715516035e-5,-7.614034938209923e-5,0.0681065749636442,-0.08938765525817871,0.14866304397583008,-0.15788143873214722,0.2801901698112488,0.014645933173596859,-0.26166391372680664,0.45321744680404663,0.37672603130340576,0.18543073534965515,0.8197286128997803,0.20247837901115417,-0.6608211994171143
0.4551758749999989,0.0034223749999999996,133.0,2.4252698036943037,-0.5767135698072388,0.5997867462847036,1.680294639423007e-5,1.2907414587068143e-6,8.481119427171256e-6,0.06809532420469612,-0.0913240909576416,0.14675180613994598,-0.158321350812912,0.2693253457546234,0.021242357790470123,-0.23816466331481934,0.465391606092453,0.383693665266037,0.20370139181613922,0.8277225494384766,0.21453861892223358,-0.6569843292236328
0.4551758749999989,0.0034223749999999996,133.0,2.3913705463695676,-0.5430125917030989,0.5995556738737368,0.0001856277559453523,1.462206676479839e-5,9.382747526999726e-5,0.06808217832526903,-0.09343034029006958,0.1472785472869873,-0.16001448035240173,0.26628631353378296,0.02341315895318985,-0.22224688529968262,0.47697731852531433,0.383888840675354,0.21537932753562927,0.8346858024597168,0.21402379870414734,-0.6541972160339355
0.4551758749999989,0.0034223749999999996,133.0,2.356546052438794,-0.5081451236726833,0.5991313068772848,0.00036863384251294715,2.9325873025044527e-5,0.0001863954607546304,0.06806487035899342,-0.0961887538433075,0.15026205778121948,-0.1630013883113861,0.2719077467918396,0.023491021245718002,-0.2164015769958496,0.4866010844707489,0.3769413232803345,0.218316450715065,0.8429210186004639,0.20279429852962494,-0.6529369354248047
0.4551758749999989,0.0034223749999999996,133.0,2.320926784270227,-0.47275872649003037,0.598884084927849,0.0005125499653567938,4.179340987312623e-5,0.00025960150249768895,0.06805040699898311,-0.09869968891143799,0.15100498497486115,-0.16478231549263,0.26903241872787476,0.02574501559138298,-0.2002873420715332,0.49925047159194946,0.377668559551239,0.2281903326511383,0.8520166873931885,0.20366792380809784,-0.6508606672286987
0.4551758749999989,0.0034223749999999996,133.0,2.284496577740152,-0.43655788079747515,0.5986302366872381,0.0006748627189709434,5.646018322871965e-5,0.00034236653404168103,0.06803619214022368,-0.10106596350669861,0.15159106254577637,-0.16661909222602844,0.265779972076416,0.02768036723136902,-0.1838064193725586,0.5121530294418335,0.3782433867454529,0.2398206740617752,0.8604817390441895,0.20394836366176605,-0.6482445597648621
0.4551758749999989,0.0034223749999999996,133.0,2.2472793659103427,-0.39954986157263117,0.5983815890555633,0.0008477529601556827,7.28826244930507e-5,0.0004306966244736192,0.0680228609835349,-0.10309252142906189,0.15190307796001434,-0.16852033138275146,0.2619168162345886,0.02895541861653328,-0.1669750213623047,0.5251144766807556,0.3785480260848999,0.25453659892082214,0.8673756122589111,0.20307010412216187,-0.6447286009788513
0.4551758749999989,0.0034223749999999996,133.0,2.2092978550500377,-0.3617615134441334,0.598107966486021,0.0010440527694473185,9.269576039248656e-5,0.0005312674358514052,0.06801121404662992,-0.10464513301849365,0.1518058180809021,-0.1705576777458191,0.25741636753082275,0.02844923734664917,-0.1504535675048828,0.538370668888092,0.378744900226593,0.2721420228481293,0.8721115589141846,0.2024438977241516,-0.6404480934143066
0.4551758749999989,0.0034223749999999996,133.0,2.1705113809850882,-0.32315141219865245,0.5978570422301319,0.0012304698705550812,0.00011255363154936031,0.0006267496080751647,0.06800067991592418,-0.10593068599700928,0.15149568021297455,-0.1726681888103485,0.25247395038604736,0.026896130293607712,-0.13401389122009277,0.5519837737083435,0.3790555000305176,0.2917689383029938,0.8756058216094971,0.20157770812511444,-0.6358274221420288
0.4551758749999989,0.0034223749999999996,133.0,2.1307827340903307,-0.2840898072740318,0.597673992912586,0.0013510808670112863,0.00013088301029125172,0.0006889525642658174,0.06799156839823961,-0.10798746347427368,0.14849534630775452,-0.17393511533737183,0.23826909065246582,0.03377106413245201,-0.10452723503112793,0.5736467838287354,0.3904860317707062,0.3356759250164032,0.8799734115600586,0.20935721695423126,-0.6330689191818237
0.4551758749999989,0.0034223749999999996,133.0,2.0902445500375735,-0.2437925220078517,0.5974129793386898,0.0015056169420070997,0.00015025994979477267,0.0007689751356783704,0.06797864974026323,-0.10997062921524048,0.14853820204734802,-0.1758832037448883,0.23404988646507263,0.034601982682943344,-0.08870100975036621,0.5895776748657227,0.3917447328567505,0.35181924700737,0.8866631984710693,0.2104240357875824,-0.6301494836807251
0.4551758749999989,0.0034223749999999996,133.0,2.048701518213632,-0.2020565557162938,0.5968620061904816,0.0016563829718213832,0.00016781967787637638,0.0008475045433544759,0.06795511154368751,-0.11271807551383972,0.15267299115657806,-0.17966970801353455,0.24468234181404114,0.03182370215654373,-0.08972930908203125,0.5993525981903076,0.3781602382659912,0.35108619928359985,0.8953073024749756,0.18933171033859253,-0.6272472739219666
0.4551758749999989,0.0034223749999999996,133.0,2.0073618224144947,-0.1589211512515444,0.5992518681077873,0.0017981270873428457,0.00017261424883285588,0.0009263997137038964,0.06787412064996323,-0.1129661500453949,0.1502637416124344,-0.18046888709068298,0.2295679748058319,0.028586365282535553,-0.0667562484741211,0.6094447374343872,0.3853761553764343,0.3578600287437439,0.9023709297180176,0.21225091814994812,-0.61936354637146
0.4551758749999989,0.0034223749999999996,133.0,1.964032829958778,-0.11588404793180772,0.5988516187835552,0.0018952311805504928,0.00019432285601633887,0.0009803048463503598,0.06784649558665545,-0.11676308512687683,0.14809800684452057,-0.18274769186973572,0.2177840620279312,0.04246555268764496,-0.035666465759277344,0.6400042772293091,0.39742937684059143,0.4165293276309967,0.911189079284668,0.20984983444213867,-0.6196451187133789
0.4551758749999989,0.0034223749999999996,133.0,1.9194813862340643,-0.07276238803662527,0.5989197828769376,0.0018683108675190158,0.0002050923974241043,0.0009746441367484812,0.06782044370440302,-0.12697529792785645,0.14846128225326538,-0.18268847465515137,0.20189599692821503,0.06906823813915253,-0.0017066001892089844,0.6731691360473633,0.42006683349609375,0.41714581847190857,0.9631378650665283,0.2449449598789215,-0.6266708374023438
0.4551758749999989,0.0034223749999999996,133.0,1.8715590899985615,-0.0240786203370006,0.595614491954339,0.0017495851634693209,0.00010251189415195787,0.0009411835759947933,0.06771645882789187,-0.16078850626945496,0.21203021705150604,-0.18961475789546967,0.35470372438430786,0.08642585575580597,-0.05392193794250488,0.40657907724380493,0.3765164017677307,-0.3247329592704773,1.2939774990081787,0.06400115042924881,-0.7358078956604004
0.4551758749999989,0.0034223749999999996,133.0,1.8210107703649145,0.029565195284441105,0.596373463910277,0.00010290181215535207,-6.551644489403939e-6,5.8325577047098074e-5,0.06733847574897325,-0.22225305438041687,0.2930041551589966,-0.1751161515712738,0.4207538962364197,0.017978563904762268,0.17615413665771484,-0.10163222253322601,0.6220245361328125,-1.5886720418930054,1.8365106582641602,-0.056321997195482254,-1.0458500385284424
0.4551758749999989,0.0034223749999999996,133.0,1.8613196190318202,0.05793152989073613,0.5979084895923908,-0.001711794122808084,-0.000158428182477968,-0.0009916272805092971,0.06677157881203663,-0.24291208386421204,0.13207252323627472,-0.18121838569641113,0.6610671281814575,-0.17447663843631744,0.24741172790527344,0.9272192716598511,-0.03765183687210083,-0.7166808247566223,1.6178748607635498,-0.039258651435375214,-0.623630702495575
0.4551758749999989,0.0034223749999999996,133.0,1.8972040978219415,0.10701028872963667,0.6043403869842171,-0.0019511513225804193,3.358182440125033e-5,-0.0011313455492993265,0.06603605840856885,-0.30833759903907776,0.16894619166851044,-0.11277708411216736,1.0055930614471436,-0.38875627517700195,0.5111979246139526,0.5022481679916382,0.052228063344955444,-1.5239218473434448,1.9815006256103516,0.2615114152431488,-1.057287573814392
0.4551758749999989,0.0034223749999999996,133.0,1.934295099686809,0.1549812972447413,0.6116393571221524,-0.001984945484727337,0.0001606053910785793,-0.0010889682409438218,0.06559926760279176,-0.37633880972862244,0.20575940608978271,-0.030828118324279785,1.2955869436264038,-0.8495927453041077,0.624618649482727,-0.004162847064435482,0.2517586946487427,-1.939078450202942,2.0739545822143555,0.5276921391487122,-1.5472712516784668
0.4551758749999989,0.0034223749999999996,133.0,1.9757534727130832,0.19994960325301436,0.6138729711812798,-0.0018862509572516416,0.00016986808614129927,-0.001007340311501212,0.0655028085120492,-0.3861287534236908,0.22198696434497833,-0.007254898548126221,1.379295825958252,-0.9634901881217957,0.6239902973175049,-0.07432542741298676,0.2816498279571533,-2.019418478012085,2.008498191833496,0.5518950819969177,-1.6613922119140625
0.4551758749999989,0.0034223749999999996,133.0,2.0172979768740147,0.24293311939453624,0.615090580105639,-0.0017326820735499267,0.00016340577296281543,-0.0009102685967008259,0.06546530195072928,-0.38988766074180603,0.2286013811826706,0.002630680799484253,1.4092494249343872,-1.0175412893295288,0.6306884288787842,-0.09550055861473083,0.29553720355033875,-2.0470807552337646,1.9726223945617676,0.5837363600730896,-1.7054758071899414
0.4551758749999989,0.0034223749999999996,133.0,2.05817350362078,0.28456078077898367,0.6153778737418794,-0.0015386568545934132,0.0001445480482837855,-0.000802640599697389,0.06546717437825383,-0.3856165111064911,0.2321595698595047,0.01756441593170166,1.473643183708191,-1.0189977884292603,0.6091805696487427,-0.13116949796676636,0.26745498180389404,-2.039731025695801,1.8930678367614746,0.6390105485916138,-1.7417960166931152
0.4551758749999989,0.0034223749999999996,133.0,2.0984562711620653,0.32527630866647356,0.6155667452242033,-0.0014506598199745383,0.00013177386352439588,-0.0007512375880703518,0.06546232468289745,-0.38755157589912415,0.23449458181858063,0.017584770917892456,1.4680620431900024,-1.0442814826965332,0.6275057792663574,-0.0959087610244751,0.28008872270584106,-2.0560240745544434,1.879638671875,0.6650867462158203,-1.7491466999053955
0.4551758749999989,0.0034223749999999996,133.0,2.13809697320884,0.36522513717965643,0.6162664944031601,-0.0012447764813012356,0.00011218680852655414,-0.0006356012981008154,0.06544014020095257,-0.3879099190235138,0.23696856200695038,0.022161811590194702,1.4857959747314453,-1.0601783990859985,0.6350380182266235,-0.08447682857513428,0.2782042622566223,-2.064762592315674,1.8467369079589844,0.6966918706893921,-1.7651692628860474
0.4551758749999989,0.0034223749999999996,133.0,2.1767552323592683,0.404299871535834,0.6168050851879965,-0.0010857850032660683,9.669340866973739e-5,-0.0005480249042782726,0.06542931763829064,-0.3875640332698822,0.2389451265335083,0.024945765733718872,1.5002992153167725,-1.0621426105499268,0.6438416242599487,-0.05365108698606491,0.2706150412559509,-2.0767905712127686,1.8176326751708984,0.7291009426116943,-1.7722973823547363
0.4551758749999989,0.0034223749999999996,133.0,2.214497975306747,0.44253310338380725,0.6172121787661269,-0.000884540081340976,7.782571333240329e-5,-0.00044213041275346595,0.06542060186930966,-0.3876872956752777,0.24096649885177612,0.028742343187332153,1.5145567655563354,-1.0758368968963623,0.6504658460617065,-0.039485905319452286,0.2683226466178894,-2.0843517780303955,1.7868518829345703,0.7602993845939636,-1.7844371795654297
0.4551758749999989,0.0034223749999999996,133.0,2.2514211213566893,0.4798980885342443,0.617576212926029,-0.000705223868347312,6.11679532671164e-5,-0.00034934533975382255,0.06541336203918079,-0.387834757566452,0.24293506145477295,0.032695114612579346,1.5290882587432861,-1.0888367891311646,0.6560425758361816,-0.02687806263566017,0.26555901765823364,-2.091418504714966,1.756378173828125,0.7910444736480713,-1.7963721752166748
0.4551758749999989,0.0034223749999999996,133.0,2.2875110768563904,0.5164148629835391,0.6179287036291576,-0.0005335889990932054,4.5596245467233286e-5,-0.00026204903526670463,0.06540607315632295,-0.3880392014980316,0.24478110671043396,0.03641325235366821,1.5429574251174927,-1.099602460861206,0.6611524820327759,-0.014603162184357643,0.2621222734451294,-2.09748911857605,1.7278728485107422,0.819671630859375,-1.806959629058838
0.4551758749999989,0.0034223749999999996,133.0,2.322773036805073,0.5520684137714198,0.6182172034549925,-0.000367311319636282,3.083447891356204e-5,-0.00017899316624729025,0.06539985664600832,-0.3882061541080475,0.24644367396831512,0.03966924548149109,1.5554673671722412,-1.1066054105758667,0.6655954122543335,-0.002033097669482231,0.2577458620071411,-2.101253032684326,1.7021327018737793,0.8458451628684998,-1.815230369567871
0.4551758749999989,0.0034223749999999996,133.0,2.3571769974150523,0.5868868632909148,0.6185251759093696,-0.00020632804450893536,1.701582847697521e-5,-9.981357950285709e-5,0.06539109574552747,-0.38851532340049744,0.24799451231956482,0.04250454902648926,1.5670608282089233,-1.109385371208191,0.6695624589920044,0.009636019356548786,0.2524471879005432,-2.1029446125030518,1.6801471710205078,0.8682004809379578,-1.8216392993927002
0.4551758749999989,0.0034223749999999996,133.0,2.390247117604997,0.6209203908038897,0.6184015632007414,-6.154200755728847e-5,4.94927186518501e-6,-2.9746241089465075e-5,0.06538521387682573,-0.3921806514263153,0.25039801001548767,0.04117575287818909,1.5557260513305664,-1.130516529083252,0.6940218210220337,0.032731667160987854,0.26753687858581543,-2.1148383617401123,1.681490421295166,0.8732234239578247,-1.82560396194458
0.4551758749999989,0.0034223749999999996,133.0,2.422469203748659,0.6541892210989715,0.6186530658687045,0.0001330650143338019,-1.0662678313596736e-5,6.399377930340239e-5,0.06536535532642901,-0.3958406150341034,0.2528599798679352,0.04247176647186279,1.5573821067810059,-1.148171067237854,0.7115387916564941,0.037307485938072205,0.27635759115219116,-2.122652769088745,1.6771564483642578,0.8775090575218201,-1.8361940383911133
0.4551758749999989,0.0034223749999999996,133.0,2.454966972100138,0.6845053965248983,0.6167151758196532,0.000314013946905255,-2.3755644917711362e-5,0.00014893630096968164,0.06552345768729562,-0.39126822352409363,0.2528497874736786,0.049337923526763916,1.5771931409835815,-1.1553936004638672,0.6832025051116943,0.016460834071040154,0.265900194644928,-2.1025617122650146,1.6292529106140137,0.922621488571167,-1.8455793857574463
0.4551758749999989,0.0034223749999999996,133.0,2.485596805684116,0.7160781412353223,0.6169433235319359,0.0004971316534046261,-3.7433012417217725e-5,0.00023452760699949974,0.06551179578339951,-0.3946976363658905,0.25518491864204407,0.05120682716369629,1.5787183046340942,-1.1815080642700195,0.7019318342208862,0.026043139398097992,0.27624696493148804,-2.1165435314178467,1.6191298961639404,0.9368541836738586,-1.857619285583496
0.4551758749999989,0.0034223749999999996,133.0,2.516003165012856,0.7467162652642112,0.6176555496233732,0.000715435191020857,-5.2975185106755296e-5,0.0003333958783929728,0.06548896690384527,-0.39359524846076965,0.25632891058921814,0.057400524616241455,1.6094801425933838,-1.172019362449646,0.6964936256408691,0.03541591390967369,0.2542257606983185,-2.1244099140167236,1.5845787525177002,0.9711815118789673,-1.8664071559906006
0.4551758749999989,0.0034223749999999996,133.0,2.5456170578364072,0.7764489798492612,0.6181804696474961,0.0008720353651279342,-6.305180506383714e-5,0.00040223166668417685,0.06547775356215232,-0.39239630103111267,0.25704464316368103,0.06200912594795227,1.6311752796173096,-1.1666356325149536,0.6929992437362671,0.051670171320438385,0.2366410493850708,-2.130784511566162,1.5526542663574219,1.0064259767532349,-1.8706121444702148
0.4551758749999989,0.0034223749999999996,133.0,2.574337264999561,0.8053877750142908,0.6190128856066494,0.001072797426483963,-7.821141135478007e-5,0.0004888773102670218,0.06545863133005092,-0.39181289076805115,0.25798359513282776,0.06927332282066345,1.661210536956787,-1.167587399482727,0.6814677715301514,0.04068455845117569,0.22062885761260986,-2.130563259124756,1.5188171863555908,1.037725806236267,-1.884603500366211
0.4551758749999989,0.0034223749999999996,133.0,2.6018432954196213,0.8334957684474887,0.6191837126925391,0.001226800818731148,-8.907341092773819e-5,0.0005564695407100094,0.06545740390887615,-0.3942830264568329,0.259605348110199,0.07041075825691223,1.6580270528793335,-1.1944764852523804,0.6976497173309326,0.05455305427312851,0.2313160002231598,-2.141908645629883,1.5065810680389404,1.0567781925201416,-1.8923125267028809
0.4551758749999989,0.0034223749999999996,133.0,2.6287823853744143,0.8607126891721019,0.6196673890084949,0.0013997926430090117,-0.00010145780614881819,0.0006295747763078695,0.06544898607516254,-0.3949020802974701,0.2606215178966522,0.07392504811286926,1.6712337732315063,-1.2006328105926514,0.6992634534835815,0.06224297359585762,0.22465446591377258,-2.147650957107544,1.484875202178955,1.080356478691101,-1.8989481925964355
0.4551758749999989,0.0034223749999999996,133.0,2.6551076213711076,0.8869723401139832,0.6198014552582862,0.0016063420079150208,-0.00011202815278585152,0.0007184257938422363,0.06545028320445279,-0.39366331696510315,0.26096561551094055,0.07878139615058899,1.6915051937103271,-1.1972451210021973,0.6890894174575806,0.06319349259138107,0.2094123661518097,-2.146170139312744,1.4552843570709229,1.1084933280944824,-1.904000997543335
0.4551758749999989,0.0034223749999999996,133.0,2.680418029514962,0.9124921053292947,0.6201082770081973,0.0018167727323729307,-0.00012567329676305567,0.0008077150360323031,0.06544229447437201,-0.39373013377189636,0.2618193030357361,0.08284810185432434,1.7084124088287354,-1.196195363998413,0.6834393739700317,0.05926486477255821,0.19986888766288757,-2.145427703857422,1.4356153011322021,1.1266660690307617,-1.9113590717315674
0.4551758749999989,0.0034223749999999996,133.0,2.7046274999450572,0.937221877411452,0.6202957932866353,0.002050283127446275,-0.00014111187998556334,0.0009074386085616152,0.06543654572456126,-0.3956012427806854,0.26296722888946533,0.08282914757728577,1.7061084508895874,-1.2092700004577637,0.6988444328308105,0.07740916311740875,0.20399844646453857,-2.154435873031616,1.4271738529205322,1.138550877571106,-1.9133579730987549
0.4551758749999989,0.0034223749999999996,133.0,2.728029969417934,0.9610864792629057,0.6203010155184515,0.0022228476378250025,-0.00015123069484397023,0.000981606996625856,0.06543619759796397,-0.3975450098514557,0.26415982842445374,0.08346596360206604,1.7046010494232178,-1.2243852615356445,0.710445761680603,0.08669532835483551,0.20983287692070007,-2.1598122119903564,1.4188716411590576,1.1493769884109497,-1.9178235530853271
0.4551758749999989,0.0034223749999999996,133.0,2.750520625096311,0.9841387704138527,0.62027825223416,0.0024424701647669965,-0.000163598144517196,0.0010764390851796875,0.06543445386569528,-0.3996172845363617,0.26545020937919617,0.08308306336402893,1.6995017528533936,-1.2387551069259644,0.7267783880233765,0.10339410603046417,0.21646848320960999,-2.168560028076172,1.4132633209228516,1.1587198972702026,-1.9195337295532227
0.4551758749999989,0.0034223749999999996,133.0,2.7724154496921374,1.0062960617533938,0.6204804344358252,0.002666291704766464,-0.00017749250781957812,0.0011698696911236026,0.06543092935877423,-0.39876988530158997,0.2656906843185425,0.08736392855644226,1.7192445993423462,-1.2314985990524292,0.7159967422485352,0.10082347691059113,0.20133954286575317,-2.167600154876709,1.3909087181091309,1.1802934408187866,-1.924131155014038
0.4551758749999989,0.0034223749999999996,133.0,2.7933662044583034,1.027682575408628,0.6205092408054651,0.0029018312789023592,-0.00019023704063677596,0.0012702131782280778,0.0654266995592224,-0.40059760212898254,0.26688772439956665,0.0875152051448822,1.715904712677002,-1.2469971179962158,0.730135440826416,0.1129101812839508,0.20757174491882324,-2.176262378692627,1.3832793235778809,1.1908669471740723,-1.9271886348724365
0.4551758749999989,0.0034223749999999996,133.0,2.8138633381603793,1.0481369854081048,0.6213274701145952,0.003144912131030315,-0.00021199299042434878,0.001360626011006794,0.06540646940163605,-0.4005008637905121,0.2676261365413666,0.09240177273750305,1.7385265827178955,-1.2380328178405762,0.7190145254135132,0.10354633629322052,0.19281858205795288,-2.1775896549224854,1.3663575649261475,1.2064967155456543,-1.9349846839904785
0.4551758749999989,0.0034223749999999996,133.0,2.833237480645676,1.0679017183173607,0.621889357616126,0.0033326596562385075,-0.00022560108683862963,0.0014330913956525637,0.0653931472266484,-0.40126392245292664,0.2684864103794098,0.09653398394584656,1.7553106546401978,-1.2374590635299683,0.7125190496444702,0.09441635012626648,0.18442827463150024,-2.1791326999664307,1.3520026206970215,1.2188116312026978,-1.943340539932251
0.4551758749999989,0.0034223749999999996,133.0,2.851946660841078,1.0867145759447854,0.6224435499217834,0.003546158578512283,-0.000240697413697606,0.0015130673572001296,0.06537970973901853,-0.40171316266059875,0.2689552903175354,0.09929189085960388,1.7676233053207397,-1.2362688779830933,0.7107826471328735,0.09751345217227936,0.1754010021686554,-2.1829330921173096,1.3370747566223145,1.2333303689956665,-1.9466593265533447
0.4551758749999989,0.0034223749999999996,133.0,2.869225266985172,1.104798423746951,0.6222695391726074,0.0037264075821848122,-0.0002559280773120997,0.0015911085415990386,0.06538647965279702,-0.4046951234340668,0.27047863602638245,0.10026273131370544,1.7623732089996338,-1.2625062465667725,0.721916913986206,0.08695665001869202,0.19130545854568481,-2.1843621730804443,1.3356056213378906,1.232891321182251,-1.9574029445648193
0.4551758749999989,0.0034223749999999996,133.0,2.8862861978860033,1.1218964880706028,0.6225148563705895,0.003941941766739168,-0.0002673586015272871,0.0016748843418664104,0.06538082940718601,-0.40454360842704773,0.27078676223754883,0.10249975323677063,1.7728174924850464,-1.2588179111480713,0.7193145751953125,0.09285575151443481,0.18174239993095398,-2.1881067752838135,1.3210620880126953,1.247745394706726,-1.9583251476287842
0.4551758749999989,0.0034223749999999996,133.0,2.9022499024570507,1.1382227928067492,0.6227212092384762,0.004131294314254603,-0.0002811980876367426,0.0017489736248943498,0.06537649297871473,-0.4066911041736603,0.2717157006263733,0.10357555747032166,1.77114737033844,-1.280399203300476,0.7299392223358154,0.09183928370475769,0.19123011827468872,-2.192883014678955,1.313711404800415,1.253901720046997,-1.966252088546753
0.4551758749999989,0.0034223749999999996,133.0,2.91749190344184,1.1535744157820078,0.6225945672865729,0.004318683416361118,-0.0002910592874373928,0.00182263331898364,0.06538216261919585,-0.40545544028282166,0.2715221047401428,0.10589513182640076,1.7813159227371216,-1.276577115058899,0.7243119478225708,0.10003122687339783,0.18008893728256226,-2.195481538772583,1.2950894832611084,1.2740861177444458,-1.965318202972412
0.4551758749999989,0.0034223749999999996,133.0,2.931943118182509,1.1681702116124577,0.622817621586374,0.004467196102935377,-0.0003009803621027196,0.0018771303808677042,0.06538076563110942,-0.4069856107234955,0.2721889615058899,0.10585501790046692,1.7735774517059326,-1.3014901876449585,0.7390090227127075,0.10832333564758301,0.19257530570030212,-2.2026209831237793,1.2878656387329102,1.2855825424194336,-1.9702205657958984
0.4551758749999989,0.0034223749999999996,133.0,2.9454312930949693,1.1819278066058865,0.6230179560516358,0.004599797239715748,-0.00031603031705820887,0.0019247014730478817,0.06538684808398756,-0.40805771946907043,0.27231839299201965,0.10840544104576111,1.7731436491012573,-1.333059549331665,0.7409130334854126,0.09460629522800446,0.20622369647026062,-2.20217227935791,1.2738173007965088,1.3023700714111328,-1.9834837913513184
0.4551758749999989,0.0034223749999999996,133.0,2.95852024746081,1.194871540375029,0.6237344233896425,0.004745065965514138,-0.00032973221948644975,0.001971117841803248,0.06537939241845302,-0.4070874750614166,0.27186301350593567,0.1109059751033783,1.7826223373413086,-1.3378515243530273,0.7367651462554932,0.09701244533061981,0.20104855298995972,-2.207784414291382,1.2559361457824707,1.3262280225753784,-1.9878015518188477
0.4551758749999989,0.0034223749999999996,133.0,2.9711921260838055,1.2066481189063185,0.6238106966754787,0.004898236581211266,-0.000328011635239198,0.002020428232201091,0.06538443169377475,-0.4016354978084564,0.2700504660606384,0.11640128493309021,1.8129329681396484,-1.3012365102767944,0.700668215751648,0.10000266134738922,0.1640395224094391,-2.202702522277832,1.2235991954803467,1.362176775932312,-1.980947494506836
0.4551758749999989,0.0034223749999999996,133.0,2.9830542913019147,1.217678517463683,0.6242679330013648,0.005056555397629374,-0.0003306676819951615,0.002068195491458012,0.06537923429135405,-0.3970886766910553,0.2685418725013733,0.11963328719139099,1.835524559020996,-1.2655110359191895,0.6780205965042114,0.11817198991775513,0.13028547167778015,-2.205090045928955,1.1981430053710938,1.3931658267974854,-1.9697096347808838
0.4551758749999989,0.0034223749999999996,133.0,2.9941553356451016,1.2278690150339846,0.6245774156916057,0.005208856610335355,-0.0003253710374300905,0.0021156558740860567,0.06537638919226309,-0.392263799905777,0.267068475484848,0.1221107542514801,1.8558143377304077,-1.2258236408233643,0.6566296815872192,0.14123855531215668,0.09578031301498413,-2.209148645401001,1.174957513809204,1.4234853982925415,-1.9554314613342285
0.4551758749999989,0.0034223749999999996,133.0,3.004209409926397,1.237336962461825,0.6248389210840565,0.005382082039146281,-0.0003219519602221099,0.002175887897848465,0.06537646196192905,-0.38792040944099426,0.2656111419200897,0.12340930104255676,1.8714267015457153,-1.1889514923095703,0.6422197818756104,0.17096620798110962,0.06399792432785034,-2.215667247772217,1.1542811393737793,1.4513682126998901,-1.93925142288208
0.4551758749999989,0.0034223749999999996,133.0,3.012561666001784,1.2482156980003118,0.6277917308400339,0.005632938078821866,-0.0003446963904418562,0.0022635340272802056,0.06517456634228426,-0.39037755131721497,0.2670058310031891,0.12389108538627625,1.8930974006652832,-1.1582962274551392,0.6584347486495972,0.20120489597320557,0.04210755228996277,-2.246387481689453,1.1597516536712646,1.4485654830932617,-1.9389941692352295
0.4551758749999989,0.0034223749999999996,133.0,3.021280501166249,1.2559204657257539,0.6284125508925609,0.00590063529725438,-0.00035267855716519445,0.002352781808232835,0.06516647775935515,-0.38556191325187683,0.26552847027778625,0.12777265906333923,1.9205958843231201,-1.1099746227264404,0.6262340545654297,0.20831020176410675,0.0033826828002929688,-2.2454609870910645,1.138749599456787,1.4701014757156372,-1.927551507949829
0.4551758749999989,0.0034223749999999996,133.0,3.028745194179311,1.2628523081149998,0.6285055698760219,0.006302431789421842,-0.00036534703340335324,0.00250239350204682,0.06516918325093059,-0.38248881697654724,0.26457270979881287,0.12907037138938904,1.9302438497543335,-1.092268705368042,0.6160136461257935,0.22282004356384277,-0.013880789279937744,-2.2510294914245605,1.1207716464996338,1.4905593395233154,-1.919938087463379
0.4551758749999989,0.0034223749999999996,133.0,3.035538749325985,1.2689838039887478,0.6287293660854395,0.00697392457780086,-0.00039247421602604126,0.002754654595075708,0.06516693410710443,-0.3788829743862152,0.26366469264030457,0.12749657034873962,1.9357181787490845,-1.061139464378357,0.6176785230636597,0.2621014714241028,-0.03659135103225708,-2.2660677433013916,1.1078317165374756,1.5093458890914917,-1.9028100967407227
0.4551758749999989,0.0034223749999999996,133.0,3.0414386822529824,1.2743474485597848,0.6287531176985975,0.008494993980119183,-0.00046798942918025317,0.003335010374039927,0.06516816663837943,-0.3753637373447418,0.26311543583869934,0.12937286496162415,1.9512670040130615,-1.043314814567566,0.6084725856781006,0.271716445684433,-0.05532902479171753,-2.2802329063415527,1.0827054977416992,1.5270588397979736,-1.8996381759643555
0.4551758749999989,0.0034223749999999996,133.0,3.0465854607048937,1.27952467202856,0.6290059529276179,0.015816398410612782,-0.0009180144382055813,0.006052884326697097,0.06513894034823307,-0.37135496735572815,0.26582324504852295,0.13284370303153992,1.9844633340835571,-1.0549836158752441,0.626842737197876,0.27021074295043945,-0.0615382194519043,-2.3508524894714355,1.019470453262329,1.5349233150482178,-1.9269108772277832
0.4551758749999989,0.0034223749999999996,133.0,3.0521289540608145,-1.2290572250914842,0.5924835775079471,-0.013790917378675372,-0.0005244484022187573,-0.006967230083604618,0.06833010934528658,-0.06350898742675781,0.1475495547056198,-0.1320284903049469,0.3428853154182434,0.04103587195277214,-0.6418557167053223,0.28251925110816956,0.45038649439811707,-0.18059232831001282,0.7792582511901855,0.4723237156867981,-0.7967097759246826
0.4551758749999989,0.0034223749999999996,133.0,3.0475357521724162,-1.224013675345808,0.5929655561217373,-0.007449266212365419,-0.00022688117673001627,-0.003761687117935704,0.06828700792664927,-0.06379646062850952,0.1521768420934677,-0.1283855438232422,0.36129721999168396,-0.004261154215782881,-0.6361193656921387,0.26847028732299805,0.43070730566978455,-0.24219727516174316,0.7931218147277832,0.45744967460632324,-0.7953550815582275
0.4551758749999989,0.0034223749999999996,133.0,3.041970500343965,-1.2185016862836953,0.5929636332152228,-0.006122234009544714,-0.00018307483493725074,-0.0030882406884538095,0.06826787329997588,-0.06517055630683899,0.1522725224494934,-0.12745767831802368,0.3601570725440979,-0.005000705365091562,-0.6199970245361328,0.2672828137874603,0.4267927408218384,-0.232379749417305,0.7988438606262207,0.4268772602081299,-0.7903010249137878
0.4551758749999989,0.0034223749999999996,133.0,3.035766229399395,-1.2124827826907418,0.592974057381906,-0.005537624186176138,-0.00016645295119319884,-0.002790979878413861,0.06826114703170755,-0.06569483876228333,0.15187831223011017,-0.12757912278175354,0.35751843452453613,-0.005182855762541294,-0.607506275177002,0.2687675356864929,0.42353713512420654,-0.21634690463542938,0.799454927444458,0.40372177958488464,-0.7843952178955078
0.4551758749999989,0.0034223749999999996,133.0,3.0285508964511467,-1.2055052594913906,0.592937462491222,-0.005199115711430173,-0.0001642099477516112,-0.0026178918726257583,0.06824812063802327,-0.06705424189567566,0.15028193593025208,-0.12697693705558777,0.35002097487449646,0.001598276081494987,-0.5853567123413086,0.27247750759124756,0.42404425144195557,-0.18658216297626495,0.8029053211212158,0.37352868914604187,-0.7774151563644409
0.4551758749999989,0.0034223749999999996,133.0,3.0198183878741176,-1.1993716162619141,0.5903766102964696,-0.004960183881068833,-0.00021310967571351935,-0.0024924893006846006,0.06831812343390199,-0.06700733304023743,0.14850296080112457,-0.1267252266407013,0.3458132743835449,0.007737425155937672,-0.5768375396728516,0.2792031466960907,0.42273661494255066,-0.16053690016269684,0.7975223064422607,0.3543444275856018,-0.7719081044197083
0.4551758749999989,0.0034223749999999996,133.0,3.0110234104438707,-1.191060489354618,0.5904082695605092,-0.0047645798652527485,-0.0002149942936480786,-0.002393569825707509,0.06830908491114479,-0.06813022494316101,0.1457991898059845,-0.1256503462791443,0.33417439460754395,0.014298193156719208,-0.5489232540130615,0.2850642502307892,0.42600584030151367,-0.12519264221191406,0.8003113269805908,0.3301766812801361,-0.7635383605957031
0.4551758749999989,0.0034223749999999996,133.0,3.001457321143618,-1.1817021955611111,0.5902626107944813,-0.004618789201127233,-0.0002149513318606101,-0.00231501158449025,0.06830244133648765,-0.06847995519638062,0.14467434585094452,-0.12619662284851074,0.32936859130859375,0.018111471086740494,-0.5317840576171875,0.2904111444950104,0.424380898475647,-0.09642163664102554,0.796212911605835,0.3042811453342438,-0.7570940852165222
0.4551758749999989,0.0034223749999999996,133.0,2.990970753903122,-1.1715084399733686,0.5902092712261197,-0.00448905774889834,-0.00021836492815871438,-0.0022438728163891334,0.06829158833187196,-0.06932514905929565,0.1425197869539261,-0.12576743960380554,0.32013899087905884,0.025010351091623306,-0.5039510726928711,0.297456830739975,0.4263264834880829,-0.05757450312376022,0.7939369678497314,0.27418917417526245,-0.7497929334640503
0.4551758749999989,0.0034223749999999996,133.0,2.979745930658741,-1.1606875351858885,0.5902898999926156,-0.0043575008255084795,-0.00022271446099908236,-0.0021751720569440527,0.06828473454213728,-0.07001638412475586,0.13967040181159973,-0.12484431266784668,0.30824515223503113,0.031226877123117447,-0.47300076484680176,0.3051891326904297,0.43041524291038513,-0.01888379454612732,0.7917158603668213,0.25133368372917175,-0.7419691681861877
0.4551758749999989,0.0034223749999999996,133.0,2.9677700979902975,-1.1488354141864554,0.5902336134907198,-0.0042361606109353606,-0.00022314534841988483,-0.0021097670761097325,0.0682809862703039,-0.06984883546829224,0.13822051882743835,-0.12529370188713074,0.30217722058296204,0.032542936503887177,-0.45366954803466797,0.3118325173854828,0.4300306439399719,0.008686795830726624,0.7850611209869385,0.23323333263397217,-0.7354912161827087
0.4551758749999989,0.0034223749999999996,133.0,2.9550076071101623,-1.1361351629087169,0.5900366505630245,-0.004113506052269327,-0.00022118579211650294,-0.0020400478017587047,0.06827990150841227,-0.06923738121986389,0.1369795799255371,-0.12669828534126282,0.2987001836299896,0.034619372338056564,-0.44054555892944336,0.3190937936306,0.4264683425426483,0.038829024881124496,0.7738125324249268,0.2125428020954132,-0.7284155488014221
0.4551758749999989,0.0034223749999999996,133.0,2.941552229722849,-1.1225257992432192,0.5898163812291364,-0.004005914667132921,-0.0002154521524929222,-0.0019827982806478635,0.06828447633296664,-0.06729042530059814,0.1359752118587494,-0.12870854139328003,0.2972484230995178,0.028030220419168472,-0.441450834274292,0.32151734828948975,0.41962289810180664,0.0536777563393116,0.7616279125213623,0.21056321263313293,-0.7200581431388855
0.4551758749999989,0.0034223749999999996,133.0,2.9272332272738892,-1.1080116487351686,0.5895709813134337,-0.0038690382491940608,-0.00020609558116105455,-0.0019119222011199206,0.0682884921750676,-0.06508484482765198,0.13464264571666718,-0.13000795245170593,0.2944027781486511,0.018058132380247116,-0.44612932205200195,0.3222358524799347,0.41450729966163635,0.054905910044908524,0.7537524700164795,0.22696849703788757,-0.7120544910430908
0.4551758749999989,0.0034223749999999996,133.0,2.9118784972333827,-1.0926342464916563,0.589374602101539,-0.0036948356477532075,-0.00020105341632899325,-0.0018264702552588117,0.06828459460536253,-0.0655263364315033,0.1352180391550064,-0.1313191056251526,0.29490405321121216,0.01777707040309906,-0.4374241828918457,0.32672014832496643,0.411407470703125,0.06875128298997879,0.7501978874206543,0.21326979994773865,-0.7094542384147644
0.4551758749999989,0.0034223749999999996,133.0,2.8956477536481753,-1.0763386281683818,0.5891787505083463,-0.003533132664370589,-0.00019189563096617474,-0.0017447531429429606,0.0682803809814407,-0.06586864590644836,0.13715116679668427,-0.13336926698684692,0.30012941360473633,0.01385305542498827,-0.4421229362487793,0.3282049596309662,0.4050660729408264,0.0668087899684906,0.7492434978485107,0.21027404069900513,-0.7083500027656555
0.4551758749999989,0.0034223749999999996,133.0,2.878554599452487,-1.0593448076534535,0.5891230080463036,-0.003347831937152128,-0.00018450769651970724,-0.0016546311304984763,0.06827395323015324,-0.06688034534454346,0.13760830461978912,-0.1338452398777008,0.29874086380004883,0.013558891601860523,-0.43085217475891113,0.33330848813056946,0.40512001514434814,0.07179597020149231,0.7518277168273926,0.2079978585243225,-0.7070538997650146
0.4551758749999989,0.0034223749999999996,133.0,2.860710322108624,-1.0413179402487804,0.5889340585380166,-0.0031714777394651196,-0.00017110473819659683,-0.0015702491941727242,0.06827288988197107,-0.06712061166763306,0.1408621370792389,-0.136244535446167,0.308219313621521,0.0044879852794110775,-0.45096445083618164,0.3325217366218567,0.3965661823749542,0.042687878012657166,0.7563164234161377,0.22698721289634705,-0.7080366611480713
0.4551758749999989,0.0034223749999999996,133.0,2.841835388962809,-1.0224797747472139,0.5887962823321673,-0.002989836489250215,-0.0001644190627278384,-0.0014796582842453935,0.06826205068204234,-0.0685465931892395,0.14018911123275757,-0.1363184154033661,0.30319976806640625,0.0093686543405056,-0.4311869144439697,0.33994153141975403,0.39883893728256226,0.062060125172138214,0.7584750652313232,0.21717017889022827,-0.7053221464157104
0.4551758749999989,0.0034223749999999996,133.0,2.8222319995681,-1.0029409911814797,0.5886599325225209,-0.0028265682192015413,-0.00015900289385964794,-0.001399919867195727,0.06825487356531901,-0.0695321261882782,0.14150063693523407,-0.13768413662910461,0.30486002564430237,0.008011464960873127,-0.4264519214630127,0.3450203835964203,0.39583563804626465,0.0626232847571373,0.7607800960540771,0.21506446599960327,-0.7040212154388428
0.4551758749999989,0.0034223749999999996,133.0,2.801831141744982,-0.9824691413337907,0.5884937779168902,-0.0026121658805705896,-0.0001470666979138059,-0.001295539447085573,0.06824950892420782,-0.0701967179775238,0.1418577879667282,-0.13852888345718384,0.30403849482536316,0.006524104159325361,-0.4210338592529297,0.3498222827911377,0.3941004276275635,0.06362433731555939,0.7635245323181152,0.2198650985956192,-0.7014976143836975
0.4551758749999989,0.0034223749999999996,133.0,2.7805468188466858,-0.96180957670827,0.5886509588227948,-0.0023992969872051666,-0.0001412679553269932,-0.0011912919981708684,0.06824230729040165,-0.0713517963886261,0.13801151514053345,-0.13705110549926758,0.2884174883365631,0.014256077818572521,-0.3876488208770752,0.35782676935195923,0.4035552144050598,0.09557107836008072,0.7667758464813232,0.22114785015583038,-0.6953430771827698
0.4551758749999989,0.0034223749999999996,133.0,2.758422790077235,-0.9396411356370844,0.5884436699493345,-0.0021977397309744825,-0.00012876069397269206,-0.001091666774059147,0.0682358623249102,-0.0721580982208252,0.13934668898582458,-0.13865146040916443,0.29060810804367065,0.010801750235259533,-0.3869895935058594,0.3628244698047638,0.39975106716156006,0.09025263041257858,0.769808292388916,0.22648844122886658,-0.6937786936759949
0.4551758749999989,0.0034223749999999996,133.0,2.7353468265630294,-0.9165440962392842,0.5881764839607816,-0.0019971283485021216,-0.00011849791097239039,-0.000991702318443919,0.06822449313555377,-0.07405292987823486,0.14145390689373016,-0.14061179757118225,0.2944111227989197,0.011271039955317974,-0.3813326358795166,0.37038397789001465,0.3962477147579193,0.09260176122188568,0.7734532356262207,0.2183838188648224,-0.6941438913345337
0.4551758749999989,0.0034223749999999996,133.0,2.7113614427644905,-0.8923676602347484,0.5877405521906585,-0.0018366349074473171,-0.00010979949595340322,-0.0009111820861179591,0.06821105702193637,-0.07642948627471924,0.14549292623996735,-0.1437714695930481,0.3047456741333008,0.011557388119399548,-0.38341665267944336,0.3768696188926697,0.3876984119415283,0.0917472317814827,0.7766807079315186,0.20006535947322845,-0.695993185043335
0.4551758749999989,0.0034223749999999996,133.0,2.6867122361611067,-0.8676085560001524,0.5875141545038338,-0.0016389344132884448,-9.70659820749933e-5,-0.0008148473327075056,0.06820318305161734,-0.07778564095497131,0.1478363424539566,-0.1454663872718811,0.30935007333755493,0.007475749589502811,-0.3857576847076416,0.3808431923389435,0.3829198181629181,0.0768236443400383,0.7834701538085938,0.20862610638141632,-0.6958885788917542
0.4551758749999989,0.0034223749999999996,133.0,2.6611774927657206,-0.8422599087596818,0.5874755416475537,-0.0014557776963340316,-8.951177385547454e-5,-0.0007260119072555479,0.06819215753780274,-0.07938393950462341,0.14774639904499054,-0.14623621106147766,0.30514106154441833,0.009064478799700737,-0.3704402446746826,0.3886861801147461,0.38438087701797485,0.08569065481424332,0.7888782024383545,0.21123123168945312,-0.6931985020637512
0.4551758749999989,0.0034223749999999996,133.0,2.634887162933082,-0.8162955367994023,0.5874055336935672,-0.0012752303680989203,-8.061721211904766e-5,-0.0006364761041872272,0.06818440913062888,-0.08062383532524109,0.1463230848312378,-0.14671063423156738,0.2971152663230896,0.011955240741372108,-0.3502228260040283,0.39770394563674927,0.38800033926963806,0.10393929481506348,0.7926042079925537,0.21472793817520142,-0.6888259053230286
0.4551758749999989,0.0034223749999999996,133.0,2.607805897944021,-0.789316496480529,0.5872126822751541,-0.0011256168139422843,-7.280260458747738e-5,-0.0005620084684071923,0.06817677997639814,-0.08141323924064636,0.14624027907848358,-0.14818960428237915,0.29370683431625366,0.011590396985411644,-0.3364529609680176,0.4054885506629944,0.38668543100357056,0.11852306872606277,0.7934563159942627,0.2115403562784195,-0.6841170191764832
0.4551758749999989,0.0034223749999999996,133.0,2.580009577690736,-0.7615688718483694,0.5870163660959979,-0.0009921860442924605,-6.4931071854044e-5,-0.0004957450269637933,0.06817354981480252,-0.08127397298812866,0.14574840664863586,-0.14967599511146545,0.28969839215278625,0.007503102533519268,-0.3275480270385742,0.4112231135368347,0.3843618333339691,0.1267695277929306,0.7930116653442383,0.21726460754871368,-0.6777853965759277
0.4551758749999989,0.0034223749999999996,133.0,2.551189362457716,-0.7329989897863188,0.586796888241161,-0.0008193206561536958,-5.4735240453400264e-5,-0.000408540402658656,0.06816489794757337,-0.08266431093215942,0.1450907289981842,-0.15113356709480286,0.28453609347343445,0.010939658619463444,-0.3079643249511719,0.420600563287735,0.3850941061973572,0.1554265171289444,0.7937626838684082,0.20738889276981354,-0.6733521819114685
0.4551758749999989,0.0034223749999999996,133.0,2.521547699122933,-0.7036788145071534,0.5866566574303065,-0.0006878619592509507,-4.7559640314288553e-5,-0.0003429223648365431,0.06815657530162356,-0.08399653434753418,0.1438647359609604,-0.15208649635314941,0.2766866385936737,0.014369483105838299,-0.285280704498291,0.431395947933197,0.38872963190078735,0.18166160583496094,0.7958965301513672,0.2050742506980896,-0.6691529154777527
0.4551758749999989,0.0034223749999999996,133.0,2.4910345823255216,-0.673334634501931,0.5864556116538461,-0.0005163233813044915,-3.6695446027425436e-5,-0.00025774547789788704,0.06814568357882572,-0.08565384149551392,0.14422300457954407,-0.15351229906082153,0.27365586161613464,0.015484489500522614,-0.27016139030456543,0.4410443603992462,0.3888891637325287,0.193186417222023,0.8008785247802734,0.20476841926574707,-0.6663275957107544
0.4551758749999989,0.0034223749999999996,133.0,2.4597261563279953,-0.6418809859188114,0.5861515169368465,-0.0003243709679926595,-2.2744533861929627e-5,-0.0001620659847167936,0.06813537295953227,-0.08706313371658325,0.14679433405399323,-0.155885249376297,0.278721421957016,0.01167405117303133,-0.271312952041626,0.4451945424079895,0.38089442253112793,0.18363754451274872,0.8077783584594727,0.20583324134349823,-0.6634461879730225
0.4551758749999989,0.0034223749999999996,133.0,2.4275238488402056,-0.6096709236702306,0.5858900986478892,-0.00015160100805098378,-1.0775109625038208e-5,-7.595563673672103e-5,0.06812214766247913,-0.08899962902069092,0.14873334765434265,-0.15786373615264893,0.2808200418949127,0.01172368973493576,-0.2648131847381592,0.4520898759365082,0.3761996924877167,0.18227122724056244,0.815624475479126,0.2047092467546463,-0.6609062552452087
0.4551758749999989,0.0034223749999999996,133.0,2.394488268696423,-0.5771314976473353,0.5858070451608415,1.6805787873354783e-5,1.2577148845012815e-6,8.460525092795585e-6,0.06811121829913626,-0.09095114469528198,0.14682672917842865,-0.15830135345458984,0.2700217068195343,0.018321745097637177,-0.24137544631958008,0.46426689624786377,0.38322651386260986,0.2003175914287567,0.8237535953521729,0.21704837679862976,-0.6571961641311646
0.4551758749999989,0.0034223749999999996,133.0,2.3605946109839806,-0.5434313394277762,0.5855808322884557,0.0001856610377660636,1.4246651727337466e-5,9.359818092503401e-5,0.06809842331839296,-0.09307089447975159,0.1473689079284668,-0.16000115871429443,0.2670387625694275,0.020465485751628876,-0.22554707527160645,0.4758123457431793,0.38346946239471436,0.21172943711280823,0.8308134078979492,0.21672973036766052,-0.6545137763023376
0.4551758749999989,0.0034223749999999996,133.0,2.325778599750336,-0.5085712210861089,0.5851659535551078,0.0003687008336081627,2.8559831857422008e-5,0.00018593135499725858,0.06808152292688956,-0.09584078192710876,0.1503814458847046,-0.1630033254623413,0.27271610498428345,0.02051391452550888,-0.21979737281799316,0.4853397607803345,0.37654775381088257,0.21436703205108643,0.8391008377075195,0.2055620700120926,-0.6533340215682983
0.4551758749999989,0.0034223749999999996,133.0,2.290166484267707,-0.4731861647770826,0.5849237532138682,0.0005126459583288199,4.0696814991977704e-5,0.0002589454916918778,0.06806744822239119,-0.0983625054359436,0.15114110708236694,-0.16479316353797913,0.2699132263660431,0.02274961769580841,-0.20379257202148438,0.4979497790336609,0.37730586528778076,0.22397884726524353,0.8482556343078613,0.20660993456840515,-0.6513617634773254
0.4551758749999989,0.0034223749999999996,133.0,2.253742929629483,-0.4369862254606341,0.5846751002784671,0.0006749927791480603,5.497386142138607e-5,0.0003414898236684473,0.06805361916731896,-0.10074010491371155,0.1517450511455536,-0.1666383147239685,0.26673758029937744,0.02466467022895813,-0.18741393089294434,0.5108179450035095,0.3779040575027466,0.23534248769283295,0.8567757606506348,0.20704972743988037,-0.6488463878631592
0.4551758749999989,0.0034223749999999996,133.0,2.216531206543701,-0.3999783968384292,0.5844318849877387,0.0008479201910142645,7.096113378079933e-5,0.0004295828393380433,0.06804065462383403,-0.10277831554412842,0.15207622945308685,-0.16854721307754517,0.2629551887512207,0.02591327577829361,-0.1706843376159668,0.5237542390823364,0.3782263398170471,0.24979811906814575,0.8637244701385498,0.20631010830402374,-0.6454291343688965
0.4551758749999989,0.0034223749999999996,133.0,2.1785534582687296,-0.36218913881500686,0.5841642180940665,0.0010442622008496516,9.026282408211399e-5,0.00052988827670402,0.06802934161985517,-0.10434427857398987,0.1519995480775833,-0.17059096693992615,0.25853466987609863,0.02537812665104866,-0.15425801277160645,0.5369982719421387,0.3784366846084595,0.26715412735939026,0.8685235977172852,0.20579534769058228,-0.6412423253059387
0.4551758749999989,0.0034223749999999996,133.0,2.1397698782020544,-0.3235775826403004,0.5839195687575308,0.0012307212984192571,0.00010960535052498586,0.0006251174659158508,0.06801910933585832,-0.10564327239990234,0.15171018242835999,-0.1727074384689331,0.25367259979248047,0.02379249408841133,-0.1379086971282959,0.5506090521812439,0.3787556290626526,0.2865472733974457,0.8720753192901611,0.20503012835979462,-0.6367104053497314
0.4551758749999989,0.0034223749999999996,133.0,2.100046112876738,-0.2845082355767349,0.583739280233149,0.0013513673345697552,0.0001274881644660995,0.000687164753490978,0.06801038471513512,-0.10771164298057556,0.14871585369110107,-0.17398521304130554,0.23954661190509796,0.030659690499305725,-0.10851693153381348,0.5723728537559509,0.39019331336021423,0.3303757309913635,0.8765063285827637,0.21302853524684906,-0.634039044380188
0.4551758749999989,0.0034223749999999996,133.0,2.059513749050858,-0.2442104768765493,0.5834837615229641,0.0015059488015650472,0.0001463634387269979,0.0007669603702692472,0.06799784360941041,-0.1097065806388855,0.14877790212631226,-0.17594054341316223,0.23542699217796326,0.031490713357925415,-0.09279632568359375,0.5883045792579651,0.3914424180984497,0.3462918698787689,0.8832275867462158,0.21419182419776917,-0.631210446357727
0.4551758749999989,0.0034223749999999996,133.0,2.0179810800947697,-0.2024844975512941,0.5829448802571564,0.00165676068471116,0.00016342235350085224,0.0008452365790274814,0.06797480976516244,-0.11245805025100708,0.15295842289924622,-0.17974337935447693,0.24619057774543762,0.02872248739004135,-0.09394025802612305,0.5978963971138,0.3777853846549988,0.34522268176078796,0.8917927742004395,0.1928500235080719,-0.6283655166625977
0.4551758749999989,0.0034223749999999996,133.0,1.9766385641415405,-0.15934044689187413,0.5853354381864522,0.0017985513356616203,0.00016780006239982292,0.0009238955213360828,0.06789367771181269,-0.11278718709945679,0.15059217810630798,-0.18050849437713623,0.23124857246875763,0.02574087679386139,-0.07094216346740723,0.6081494688987732,0.3850153982639313,0.35151609778404236,0.8992679119110107,0.21603907644748688,-0.6206721067428589
0.4551758749999989,0.0034223749999999996,133.0,1.933323707542473,-0.11630214161532333,0.5849415727119377,0.0018957116710178637,0.00018894206364292678,0.0009776196778857665,0.06786682418202254,-0.11645698547363281,0.14832435548305511,-0.1828261911869049,0.21932688355445862,0.03917296975851059,-0.03997206687927246,0.6387944221496582,0.39707526564598083,0.4109627604484558,0.9073822498321533,0.21394488215446472,-0.6208197474479675
0.4551758749999989,0.0034223749999999996,133.0,1.8888032590961548,-0.07317692503665368,0.5850051500006286,0.0018688786884863415,0.00019946052119717598,0.000971814059161273,0.06784188712281114,-0.12651675939559937,0.14855456352233887,-0.1827622950077057,0.20345893502235413,0.06565061956644058,-0.006178855895996094,0.6718903183937073,0.4197278320789337,0.4122300446033478,0.9584929943084717,0.24960508942604065,-0.6278793811798096
0.4551758749999989,0.0034223749999999996,133.0,1.8410060913128574,-0.02469450241700423,0.5817302714565792,0.0017500979572839539,0.00010043062313872623,0.0009370439216199194,0.06774387589913844,-0.159692645072937,0.21174262464046478,-0.18971000611782074,0.3554338216781616,0.08310140669345856,-0.05988931655883789,0.40439343452453613,0.37644660472869873,-0.3261512815952301,1.2844622135162354,0.07003924995660782,-0.7364476323127747
0.4551758749999989,0.0034223749999999996,133.0,1.7906668728969062,0.02868225185343623,0.5824550713044858,0.00010294667891652097,-6.280263996392947e-6,5.79781924265444e-5,0.06738007873560317,-0.22028478980064392,0.2921432554721832,-0.17514806985855103,0.4207410514354706,0.0161639042198658,0.16545939445495605,-0.10243627429008484,0.6211146116256714,-1.5834507942199707,1.8220624923706055,-0.0462801419198513,-1.0449074506759644
0.4551758749999989,0.0034223749999999996,133.0,1.83107473202329,0.057567011842368676,0.5840678035022846,-0.0017118127204903074,-0.0001549715839020524,-0.0009867613743679395,0.06681677664188805,-0.2408522069454193,0.13147427141666412,-0.18138748407363892,0.6579368710517883,-0.17323416471481323,0.24013137817382812,0.9250547885894775,-0.03899502754211426,-0.7070518732070923,1.607513189315796,-0.035951804369688034,-0.6191367506980896
0.4551758749999989,0.0034223749999999996,133.0,1.867168141393934,0.10651919668334975,0.5903331143408272,-0.0019494287101422265,3.2333511595541616e-5,-0.0011255371929048874,0.06610081983244458,-0.30580833554267883,0.16826854646205902,-0.11395245790481567,0.9984281659126282,-0.3836823105812073,0.5035253763198853,0.5049306154251099,0.05078747868537903,-1.5169177055358887,1.9733195304870605,0.2620483934879303,-1.0486420392990112
0.4551758749999989,0.0034223749999999996,133.0,1.9045298887611952,0.1543498925878319,0.597353103616443,-0.0019815049021401493,0.00015418053067600335,-0.0010845467190742843,0.06567999030506103,-0.37325701117515564,0.20488330721855164,-0.03302830457687378,1.285038948059082,-0.8394401669502258,0.6180992126464844,0.0041356440633535385,0.24884513020515442,-1.9345741271972656,2.0689754486083984,0.5277135372161865,-1.5337622165679932
0.4551758749999989,0.0034223749999999996,133.0,1.946027751696374,0.19925678655339052,0.5995128834915431,-0.0018825256469305655,0.00016325282803637698,-0.0010038073331428046,0.06558616491614998,-0.3829437792301178,0.220991313457489,-0.010055631399154663,1.367107629776001,-0.9506486654281616,0.618384838104248,-0.06409390270709991,0.27848294377326965,-2.014570474624634,2.006049156188965,0.5512645244598389,-1.6459906101226807
0.4551758749999989,0.0034223749999999996,133.0,1.9875881580585704,0.24221341204115882,0.6006980826746903,-0.0017290786519317957,0.00015722595381520394,-0.0009072961493504151,0.0655498250278106,-0.38672366738319397,0.22765208780765533,-0.0003012716770172119,1.3968323469161987,-1.0039548873901367,0.6253738403320312,-0.08531035482883453,0.2924296259880066,-2.042522430419922,1.9711880683898926,0.582322359085083,-1.6899062395095825
0.4551758749999989,0.0034223749999999996,133.0,2.0284505658360743,0.283826488690179,0.6009349747005668,-0.0015351956341619587,0.00013894667214161462,-0.0008004977654812585,0.06555197885858338,-0.3824750483036041,0.2312881052494049,0.014471203088760376,1.4609016180038452,-1.0054525136947632,0.6041865348815918,-0.12110158801078796,0.264808714389801,-2.0355210304260254,1.8925514221191406,0.6369454264640808,-1.7263743877410889
0.4551758749999989,0.0034223749999999996,133.0,2.0687417667090426,0.32453148699943957,0.6011243129107434,-0.0014473675529200459,0.00012664158219683432,-0.00074924830687815,0.06554699365364305,-0.3844274580478668,0.23368331789970398,0.014565616846084595,1.4556326866149902,-1.0307316780090332,0.6224415302276611,-0.08665010333061218,0.27751976251602173,-2.052269458770752,1.87913179397583,0.6627645492553711,-1.7341113090515137
0.4551758749999989,0.0034223749999999996,133.0,2.108392690462975,0.3644684666326495,0.6018226899546912,-0.0012419236897084442,0.00010792918483716341,-0.0006339040775628096,0.06552517471573231,-0.3848203122615814,0.23627705872058868,0.019314974546432495,1.4739787578582764,-1.047444224357605,0.6298749446868896,-0.07653683423995972,0.2759711742401123,-2.0618507862091064,1.8458318710327148,0.6945013999938965,-1.7510861158370972
0.4551758749999989,0.0034223749999999996,133.0,2.1470450996040635,0.4035336367906521,0.6023375204568178,-0.0010831940547018555,9.305599877148675e-5,-0.0005467118272317556,0.06551472465504912,-0.38439229130744934,0.23821739852428436,0.02182239294052124,1.4877012968063354,-1.0484970808029175,0.6388286352157593,-0.04510234296321869,0.2684265375137329,-2.0733871459960938,1.8175315856933594,0.7260494828224182,-1.757476806640625
0.4551758749999989,0.0034223749999999996,133.0,2.184790114382007,0.44175692767194297,0.6027308251643446,-0.0008823776191817506,7.49172133515383e-5,-0.0004411474446021339,0.06550620679401739,-0.38448062539100647,0.24030794203281403,0.02565687894821167,1.50215744972229,-1.0625237226486206,0.6453845500946045,-0.03157850727438927,0.2663840651512146,-2.0813846588134766,1.7864251136779785,0.7571711540222168,-1.7700693607330322
0.4551758749999989,0.0034223749999999996,133.0,2.221715316033599,0.4791127170801412,0.6030817454547216,-0.0007034617434395501,5.8892745568650984e-5,-0.0003486260910562995,0.06549913023467838,-0.3845740258693695,0.24227578938007355,0.02942594885826111,1.5162543058395386,-1.0748482942581177,0.6510989665985107,-0.018754366785287857,0.26368898153305054,-2.088275671005249,1.756525993347168,0.7872194647789001,-1.7816381454467773
0.4551758749999989,0.0034223749999999996,133.0,2.2578078305809015,0.5156201625310921,0.6034186034266432,-0.0005322278086860199,4.3897011794386604e-5,-0.0002615534207868713,0.0654920276873853,-0.38474562764167786,0.24415597319602966,0.033069610595703125,1.5299707651138306,-1.085391879081726,0.6562566757202148,-0.006694376468658447,0.2604244649410248,-2.0944461822509766,1.7282543182373047,0.815432071685791,-1.7922470569610596
0.4551758749999989,0.0034223749999999996,133.0,2.293071640305881,0.551265999611059,0.6036980005294275,-0.0003663577709779066,2.9693233545217418e-5,-0.00017867873005629288,0.06548593661006924,-0.3848893344402313,0.2458522915840149,0.03625491261482239,1.5423306226730347,-1.0922062397003174,0.660773754119873,0.005673484411090612,0.25622856616973877,-2.098328113555908,1.7027630805969238,0.8411890268325806,-1.8005499839782715
0.4551758749999989,0.0034223749999999996,133.0,2.327473173645442,0.5860759417507015,0.6039790507626834,-0.00020577670505526075,1.6372841730867202e-5,-9.966384902753895e-5,0.06547758581982058,-0.3851587474346161,0.24742913246154785,0.039009690284729004,1.5536659955978394,-1.0948822498321533,0.6647700071334839,0.017250273376703262,0.2511517107486725,-2.1001133918762207,1.6809511184692383,0.8632551431655884,-1.8069260120391846
0.4551758749999989,0.0034223749999999996,133.0,2.3605620418934135,0.6201001941185457,0.6038756866584503,-6.137943449915613e-5,4.764982378828689e-6,-2.9697377785827846e-5,0.06547139461286546,-0.38881149888038635,0.2498452067375183,0.03766191005706787,1.5423730611801147,-1.1154898405075073,0.6891462802886963,0.040009547024965286,0.2661769390106201,-2.11210036277771,1.682507038116455,0.8679062128067017,-1.8108625411987305
0.4551758749999989,0.0034223749999999996,133.0,2.392792472633349,0.6533582736088436,0.6041058798749044,0.00013270566847288062,-1.0257768929176714e-5,6.389986295303884e-5,0.06545213375377427,-0.3924287259578705,0.2523193955421448,0.03889933228492737,1.5438460111618042,-1.132859468460083,0.7065539360046387,0.044489555060863495,0.2750653028488159,-2.120033025741577,1.6783080101013184,0.8720647692680359,-1.8213379383087158
0.4551758749999989,0.0034223749999999996,133.0,2.425283452012074,0.6836710090587453,0.6021582814581362,0.0003131647487305234,-2.281934023767815e-5,0.0001487292439646067,0.06560983562556374,-0.3878706991672516,0.2523617744445801,0.045698195695877075,1.5635273456573486,-1.1403439044952393,0.6785601377487183,0.023588772863149643,0.2649015486240387,-2.100221633911133,1.6307039260864258,0.9168202877044678,-1.83089280128479
0.4551758749999989,0.0034223749999999996,133.0,2.4559225691557467,0.7152331583533459,0.6023646243305397,0.0004957563562473359,-3.5935363343876824e-5,0.0002342487085895642,0.0655987402858284,-0.3912487328052521,0.2547120153903961,0.047511667013168335,1.564897060394287,-1.1661521196365356,0.6971957683563232,0.03299114853143692,0.27531570196151733,-2.114314317703247,1.6206984519958496,0.930884063243866,-1.8428430557250977
0.4551758749999989,0.0034223749999999996,133.0,2.4863320576825876,0.745865158364075,0.6030691960239932,0.0007134298816293914,-5.090893501671217e-5,0.0003330265798969996,0.0655762734718425,-0.3901297152042389,0.2559100091457367,0.05364236235618591,1.59549081325531,-1.156930923461914,0.6919467449188232,0.04203678295016289,0.25370094180107117,-2.122267484664917,1.5862927436828613,0.9646697640419006,-1.8518731594085693
0.4551758749999989,0.0034223749999999996,133.0,2.5159476887002112,0.775593673571388,0.60358884587878,0.0008695694116978477,-6.064369549916266e-5,0.00040181558917291323,0.06556512259512084,-0.38891276717185974,0.2566753625869751,0.05819246172904968,1.6170339584350586,-1.1516988277435303,0.6886382102966309,0.05798131972551346,0.23647364974021912,-2.1287264823913574,1.554521083831787,0.9993584156036377,-1.856285810470581
0.4551758749999989,0.0034223749999999996,133.0,2.5446647927759107,0.8045263129978981,0.6043830089210314,0.0010696640440231201,-7.521214116689324e-5,0.00048853638408212,0.06554692224495991,-0.38828960061073303,0.25765693187713623,0.06537386775016785,1.646761417388916,-1.1530263423919678,0.6772658824920654,0.04693909361958504,0.2208540439605713,-2.128652572631836,1.5207462310791016,1.0304744243621826,-1.8703691959381104
0.4551758749999989,0.0034223749999999996,133.0,2.5721791384177637,0.8326257396903146,0.6045355590625187,0.0012231578867036054,-8.563394876490056e-5,0.0005561854751620095,0.0655460687242371,-0.39070990681648254,0.25929170846939087,0.06646022200584412,1.6434335708618164,-1.1796066761016846,0.693405270576477,0.06062682718038559,0.23160743713378906,-2.1400914192199707,1.5086166858673096,1.049340844154358,-1.877997636795044
0.4551758749999989,0.0034223749999999996,133.0,2.599122724503941,0.8598371376046634,0.6050058222564315,0.0013955829931839654,-9.760526395123845e-5,0.0006293416919520541,0.06553799779232035,-0.3912968933582306,0.2603415250778198,0.06991860270500183,1.6564706563949585,-1.185791015625,0.6951359510421753,0.0681280642747879,0.22519811987876892,-2.1459436416625977,1.4870049953460693,1.0726227760314941,-1.8847181797027588
0.4551758749999989,0.0034223749999999996,133.0,2.625448144295127,0.8860948195384152,0.605134122438543,0.0016014765524001381,-0.00010772585706142578,0.0007182417096562777,0.06553909287152468,-0.39004912972450256,0.26073023676872253,0.07471713423728943,1.6765766143798828,-1.1826461553573608,0.6852035522460938,0.06892387568950653,0.21029460430145264,-2.1445915699005127,1.4575459957122803,1.1003775596618652,-1.8899471759796143
0.4551758749999989,0.0034223749999999996,133.0,2.650760580094077,0.9116104161783969,0.605426232265607,0.0018112030117415625,-0.00012083282908170097,0.0008076222369627032,0.0655314309606411,-0.39009425044059753,0.26161161065101624,0.07872393727302551,1.6932768821716309,-1.1817880868911743,0.6797133684158325,0.06495605409145355,0.2010193169116974,-2.1439473628997803,1.4379527568817139,1.1183364391326904,-1.8973703384399414
0.4551758749999989,0.0034223749999999996,133.0,2.674976249967425,0.9363339470504569,0.6056007272857282,0.0020439193427694894,-0.00013568362375690685,0.0009074552933559474,0.06552607491534934,-0.39192232489585876,0.2627677619457245,0.07865205407142639,1.6907978057861328,-1.1946039199829102,0.6951172351837158,0.08297859132289886,0.20524993538856506,-2.152980327606201,1.4295988082885742,1.129999041557312,-1.8992955684661865
0.4551758749999989,0.0034223749999999996,133.0,2.6983897279347553,0.9601937014497043,0.6056138550265362,0.0022159582320269914,-0.00014551512722918385,0.0009816184664645955,0.06552552019839238,-0.3938509523868561,0.26396799087524414,0.07918843626976013,1.6890541315078735,-1.2092342376708984,0.7068878412246704,0.09234245121479034,0.2111475169658661,-2.1583049297332764,1.4217233657836914,1.1403782367706299,-1.9035844802856445
0.4551758749999989,0.0034223749999999996,133.0,2.720889532947768,0.9832401811453192,0.6055912986895372,0.0024348720444833916,-0.000157443116865355,0.0010764939810731593,0.06552378044966196,-0.3958936631679535,0.26526063680648804,0.07874217629432678,1.6837893724441528,-1.2232528924942017,0.7233000993728638,0.10902488231658936,0.21784302592277527,-2.167048931121826,1.4163105487823486,1.1494500637054443,-1.9051871299743652
0.4551758749999989,0.0034223749999999996,133.0,2.7427788025030004,1.0053962461513073,0.6057680744136615,0.0026578325362482122,-0.00017074559868992287,0.0011702370005094204,0.06552067915489,-0.3950360119342804,0.2655443251132965,0.08299586176872253,1.7033742666244507,-1.2164950370788574,0.7127292156219482,0.10632582008838654,0.20307737588882446,-2.1662769317626953,1.3938703536987305,1.1708871126174927,-1.9099962711334229
0.4551758749999989,0.0034223749999999996,133.0,2.7637480117863853,1.0267741308999776,0.605811545686581,0.0028926854085853998,-0.00018312190424389104,0.0012704852598046728,0.06551627650924331,-0.39830735325813293,0.2673180401325226,0.08089593052864075,1.6877191066741943,-1.2427741289138794,0.74086594581604,0.12721459567546844,0.220281720161438,-2.180182695388794,1.3948426246643066,1.174886703491211,-1.9117941856384277
0.4551758749999989,0.0034223749999999996,133.0,2.7842452746137765,1.0472266857174384,0.6066115180422744,0.0031348959135106074,-0.0002043399151280965,0.0013610858612448354,0.06549672454357618,-0.3967706263065338,0.2675386667251587,0.08805331587791443,1.7226656675338745,-1.2236063480377197,0.7159130573272705,0.10851439833641052,0.19496610760688782,-2.176581859588623,1.3691987991333008,1.1968616247177124,-1.9212710857391357
0.4551758749999989,0.0034223749999999996,133.0,2.803619643731347,1.066987574700565,0.6071492081117114,0.0033218765459593004,-0.00021738058341627,0.0014338634739123552,0.0654840243897026,-0.397520512342453,0.2684231400489807,0.0921449363231659,1.7392559051513672,-1.2234253883361816,0.7096313238143921,0.0994359701871872,0.18685609102249146,-2.1782567501068115,1.3548061847686768,1.2091643810272217,-1.929718255996704
0.4551758749999989,0.0034223749999999996,133.0,2.8223316661117033,1.085797858797136,0.6076921996628649,0.0035345918241083654,-0.00023207711886849558,0.0015140349491928134,0.06547099108889187,-0.39796409010887146,0.26892492175102234,0.09489753842353821,1.7515124082565308,-1.222598910331726,0.7080670595169067,0.10238492488861084,0.17808932065963745,-2.182239055633545,1.3397853374481201,1.2236272096633911,-1.9332423210144043
0.4551758749999989,0.0034223749999999996,133.0,2.8396227963918315,1.1038753226985896,0.6075140679188973,0.003714219018453159,-0.00024672436255920865,0.0015922349367399116,0.06547776838505405,-0.40095284581184387,0.27045536041259766,0.09584483504295349,1.7461965084075928,-1.2487013339996338,0.7192734479904175,0.09182478487491608,0.19399023056030273,-2.1838178634643555,1.338470220565796,1.2231796979904175,-1.9439167976379395
0.4551758749999989,0.0034223749999999996,133.0,2.8566844989847384,1.1209714754881361,0.6077503781668732,0.003928959080596893,-0.00025775731560430235,0.001676231339883259,0.06547231407396802,-0.4007880389690399,0.27078869938850403,0.09807202219963074,1.7565805912017822,-1.2453691959381104,0.716866135597229,0.09767583012580872,0.1846705675125122,-2.187675952911377,1.3237779140472412,1.2379944324493408,-1.9450247287750244
0.4551758749999989,0.0034223749999999996,133.0,2.872657413475294,1.1372934066905567,0.6079514229233866,0.004117631301909951,-0.00027114207230621536,0.0017505167241150985,0.06546810417119324,-0.4029293954372406,0.27172788977622986,0.09912386536598206,1.7548590898513794,-1.2668547630310059,0.727584958076477,0.09665733575820923,0.19419297575950623,-2.1925764083862305,1.3165123462677002,1.2441493272781372,-1.9529333114624023
0.4551758749999989,0.0034223749999999996,133.0,2.887896110443023,1.1526452353891723,0.6078166412826074,0.004304303512698271,-0.0002807363400437499,0.001824478837784826,0.06547375574137601,-0.4016968905925751,0.2715616524219513,0.10140284895896912,1.7649121284484863,-1.2632681131362915,0.7222409248352051,0.10483533143997192,0.18329930305480957,-2.1951944828033447,1.2979543209075928,1.2640217542648315,-1.9521348476409912
0.4551758749999989,0.0034223749999999996,133.0,2.9023544611424974,1.167237789827324,0.6080385806780909,0.004452297588687823,-0.0002904472879927385,0.0018791296912306456,0.06547235122268899,-0.40322747826576233,0.27223560214042664,0.10136368870735168,1.7572180032730103,-1.2880488634109497,0.7369648218154907,0.11295056343078613,0.19576719403266907,-2.2024154663085938,1.2907905578613281,1.2754504680633545,-1.9570608139038086
0.4551758749999989,0.0034223749999999996,133.0,2.915848358162914,1.18099381287808,0.6082242546258461,0.004584350665003203,-0.0003049294030853585,0.0019271154173292526,0.06547849321187957,-0.40430769324302673,0.27238738536834717,0.10395768284797668,1.7569518089294434,-1.3197895288467407,0.7388389110565186,0.09895476698875427,0.2093893587589264,-2.2022616863250732,1.2766482830047607,1.2925266027450562,-1.9704649448394775
0.4551758749999989,0.0034223749999999996,133.0,2.9289324224937494,1.1939352145378799,0.6089084669486363,0.004728804794849621,-0.00031809027840029504,0.0019741315449979327,0.06547202391140289,-0.40330395102500916,0.2719460129737854,0.10643336176872253,1.7663294076919556,-1.3248107433319092,0.7347750663757324,0.10133025050163269,0.2043437361717224,-2.207897186279297,1.2586369514465332,1.316488265991211,-1.9748141765594482
0.4551758749999989,0.0034223749999999996,133.0,2.941589097783323,1.205720439875805,0.6089932246655119,0.004881532070650733,-0.000316774750963884,0.0020235535500231164,0.06547637985649192,-0.39789387583732605,0.2701924741268158,0.11189702153205872,1.7966078519821167,-1.2888942956924438,0.6992077827453613,0.1042678952217102,0.1677873730659485,-2.202805519104004,1.226362943649292,1.3518900871276855,-1.968386173248291
0.4551758749999989,0.0034223749999999996,133.0,2.953435200056483,1.216756224264523,0.609434749214281,0.005039166472341035,-0.00031942247311364253,0.002071699136819541,0.06547142127543283,-0.393339067697525,0.268718421459198,0.11508437991142273,1.8190430402755737,-1.2537386417388916,0.6769201755523682,0.12244051694869995,0.13445046544075012,-2.2050299644470215,1.2008209228515625,1.3824396133422852,-1.957413673400879
0.4551758749999989,0.0034223749999999996,133.0,2.9645252477366095,1.2269513352601393,0.6097304863816765,0.005190724283433546,-0.00031442336293213707,0.002119376721996164,0.06546938808562604,-0.3884933292865753,0.2672741413116455,0.11755362153053284,1.8392728567123413,-1.2146896123886108,0.6557756662368774,0.14540867507457733,0.10033741593360901,-2.2088897228240967,1.1773552894592285,1.4123969078063965,-1.943472146987915
0.4551758749999989,0.0034223749999999996,133.0,2.974557494535193,1.2364250877176424,0.609994260442753,0.005363388293487381,-0.0003112263351930824,0.002179893248479197,0.06546875376575628,-0.3844880759716034,0.2659585475921631,0.1192687451839447,1.8550543785095215,-1.1823140382766724,0.6407402753829956,0.16963517665863037,0.07137206196784973,-2.2140567302703857,1.1565797328948975,1.4388372898101807,-1.9302685260772705
0.4551758749999989,0.0034223749999999996,133.0,2.982920706883737,1.2472994711412988,0.6129480716849158,0.005613202179629693,-0.0003339896036256026,0.0022676349186311153,0.06526772568443831,-0.3872348964214325,0.2674266993999481,0.11892291903495789,1.8728997707366943,-1.1554903984069824,0.6625335216522217,0.20495794713497162,0.05246385931968689,-2.2466185092926025,1.1630971431732178,1.4353748559951782,-1.9292209148406982
0.4551758749999989,0.0034223749999999996,133.0,2.9916165899716725,1.2550114601951274,0.6135521740883672,0.005879809933296861,-0.000341794002999099,0.0023573178815459914,0.06525999826705348,-0.38180622458457947,0.26580995321273804,0.12317010760307312,1.9038723707199097,-1.1004475355148315,0.6260660886764526,0.21219028532505035,0.00899970531463623,-2.244605302810669,1.1407499313354492,1.4575045108795166,-1.9164812564849854
0.4551758749999989,0.0034223749999999996,133.0,2.9990724606451784,1.261945081882319,0.6136355853729032,0.006280032578882155,-0.00035397546565933094,0.0025075125018342225,0.06526291874932597,-0.3787204921245575,0.2648783326148987,0.12446311116218567,1.9135035276412964,-1.0831023454666138,0.6159790754318237,0.22659705579280853,-0.008045315742492676,-2.25007963180542,1.1226160526275635,1.4777227640151978,-1.9090733528137207
0.4551758749999989,0.0034223749999999996,133.0,3.0058536436279533,1.268079680843521,0.6138620317112099,0.006949066684147442,-0.0003806805265227816,0.002760373694066817,0.06526080455103384,-0.37534525990486145,0.2640777826309204,0.1233733594417572,1.9194790124893188,-1.0559649467468262,0.6164802312850952,0.2606161832809448,-0.028514564037322998,-2.2639615535736084,1.1089820861816406,1.495793342590332,-1.8946728706359863
0.4551758749999989,0.0034223749999999996,133.0,3.011740123858953,1.2734454585321977,0.6138803473116123,0.00846447836809501,-0.0004540504480190338,0.003342480230606526,0.06526225086801682,-0.3715856373310089,0.2634828984737396,0.12473896145820618,1.9344532489776611,-1.034830927848816,0.6087157726287842,0.27519863843917847,-0.04901987314224243,-2.2789769172668457,1.0843579769134521,1.5133073329925537,-1.889173984527588
0.4551758749999989,0.0034223749999999996,133.0,3.0168733021305005,1.2786119931579825,0.6141200397046063,0.01575808510111646,-0.0008919187914337447,0.00607010143568484,0.06523438680090785,-0.36755087971687317,0.2662816643714905,0.12817129492759705,1.9676192998886108,-1.0467191934585571,0.626880407333374,0.27313926815986633,-0.055229246616363525,-2.3499629497528076,1.021120309829712,1.5211708545684814,-1.9164152145385742
0.4551758749999989,0.0034223749999999996,133.0,3.0212961244887713,-1.229488990479163,0.5784250415007789,-0.013796008708686603,-0.0005123355830041576,-0.0069500199507177216,0.06833808962351308,-0.0625670850276947,0.14694227278232574,-0.1318594217300415,0.3419933319091797,0.039406318217515945,-0.644340991973877,0.28250035643577576,0.4471403956413269,-0.1724442094564438,0.771503210067749,0.46783939003944397,-0.7925370931625366
0.4551758749999989,0.0034223749999999996,133.0,3.0167031285277175,-1.2244603739848852,0.5788954476912936,-0.007451711865150267,-0.00022166913849846342,-0.0037523215967595626,0.06829589476072946,-0.06290152668952942,0.15161378681659698,-0.1282341480255127,0.36037349700927734,-0.006192261353135109,-0.6385211944580078,0.2687779366970062,0.42761558294296265,-0.23460327088832855,0.7856528759002686,0.45306912064552307,-0.7913044691085815
0.4551758749999989,0.0034223749999999996,133.0,3.011141455286123,-1.2189489381166498,0.5788900897045003,-0.00612416693191997,-0.00017876102249271246,-0.0030804942889913643,0.06827718929968207,-0.06428989768028259,0.15173955261707306,-0.1273120641708374,0.35930994153022766,-0.006987955421209335,-0.6223199367523193,0.2675780653953552,0.4238288104534149,-0.2252037078142166,0.7913768291473389,0.4228252172470093,-0.7864552736282349
0.4551758749999989,0.0034223749999999996,133.0,3.0049377334811425,-1.2129291643557174,0.5789009199121764,-0.005539311379961913,-0.00016244135728456035,-0.0027839966139862303,0.06827071212965043,-0.06482642889022827,0.15137021243572235,-0.12743747234344482,0.35672637820243835,-0.0072129229083657265,-0.6097352504730225,0.2690175175666809,0.42067068815231323,-0.20955413579940796,0.7920019626617432,0.39991745352745056,-0.7807021737098694
0.4551758749999989,0.0034223749999999996,133.0,2.9977254253903953,-1.2059468562269249,0.5788617665858582,-0.005200656021378574,-0.0001601641145622239,-0.0026113164794156173,0.06825802479942844,-0.06618517637252808,0.14979226887226105,-0.12684258818626404,0.34931808710098267,-0.0004173449706286192,-0.587493896484375,0.2726077139377594,0.4212610125541687,-0.1800738424062729,0.7953481674194336,0.36998268961906433,-0.7738950252532959
0.4551758749999989,0.0034223749999999996,133.0,2.9889923164724177,-1.199810528700327,0.5763001425970364,-0.004961561652452741,-0.00020901776367041375,-0.0024863771453753816,0.06832835954185995,-0.0661650002002716,0.148041233420372,-0.12658700346946716,0.34516090154647827,0.005691498052328825,-0.5788497924804688,0.2792496383190155,0.4200768768787384,-0.15452630817890167,0.7901101112365723,0.35108712315559387,-0.7685626149177551
0.4551758749999989,0.0034223749999999996,133.0,2.9801991185441126,-1.1914914400849457,0.5763277969362793,-0.004765856102778844,-0.00021077284007976527,-0.002387716122671116,0.06831965710707291,-0.06728598475456238,0.1453530192375183,-0.12551817297935486,0.33363279700279236,0.012304755859076977,-0.5508499145507812,0.2849571406841278,0.4234223961830139,-0.11946338415145874,0.7927770614624023,0.32715320587158203,-0.7603806257247925
0.4551758749999989,0.0034223749999999996,133.0,2.9706328635024337,-1.1821299605627602,0.5761839045148661,-0.004619962803101655,-0.00021060056717711227,-0.0023094181764227845,0.06831322223557998,-0.06766209006309509,0.14426344633102417,-0.12606650590896606,0.3288888931274414,0.0160762220621109,-0.5336220264434814,0.2902466058731079,0.4219352602958679,-0.09127628058195114,0.788806676864624,0.30164074897766113,-0.7541369795799255
0.4551758749999989,0.0034223749999999996,133.0,2.9601475092851777,-1.1719298647025465,0.5761288842774573,-0.0044901315507460075,-0.0002137942260996343,-0.0022385033694617795,0.06830268941759549,-0.0685315728187561,0.14214631915092468,-0.12564390897750854,0.31977272033691406,0.0230000801384449,-0.505730152130127,0.2971871495246887,0.42401471734046936,-0.052982036024332047,0.7865955829620361,0.2719283998012543,-0.7470851540565491
0.4551758749999989,0.0034223749999999996,133.0,2.9489232034600272,-1.1611007436281533,0.5762063213230837,-0.0043584795831383555,-0.00021796576107770144,-0.0021700377365515317,0.06829613853913123,-0.0692378580570221,0.13932104408740997,-0.12472841143608093,0.3079776167869568,0.029255542904138565,-0.47472691535949707,0.3048131763935089,0.4282104969024658,-0.014716507866978645,0.7843949794769287,0.24938705563545227,-0.7394686937332153
0.4551758749999989,0.0034223749999999996,133.0,2.936945675129313,-1.1492464026115758,0.5761533057919572,-0.004237043080317137,-0.00021831008784921533,-0.002104891158858112,0.06829255661814077,-0.0690990686416626,0.13790380954742432,-0.12518244981765747,0.3019702434539795,0.03053043782711029,-0.4553656578063965,0.3114066421985626,0.4279448390007019,0.012321488931775093,0.7779090404510498,0.23160085082054138,-0.7331714630126953
0.4551758749999989,0.0034223749999999996,133.0,2.924178928213375,-1.136539728955614,0.5759595706912634,-0.004114320935071867,-0.00021623669029190238,-0.0020354143028909434,0.06829149318886603,-0.06816893815994263,0.136452779173851,-0.1266053020954132,0.29803240299224854,0.031102623790502548,-0.44392919540405273,0.3181891441345215,0.4242352843284607,0.040162310004234314,0.7663803100585938,0.21550460159778595,-0.7254845499992371
0.4551758749999989,0.0034223749999999996,133.0,2.9107165072744743,-1.1229254291789963,0.5757453789169392,-0.004006698101662034,-0.00021053009008749536,-0.001978365493372721,0.06829588589727459,-0.0666133463382721,0.13572901487350464,-0.12859246134757996,0.29711973667144775,0.02592422440648079,-0.44301319122314453,0.3210361897945404,0.41776469349861145,0.05633392184972763,0.7549808025360107,0.20925037562847137,-0.7180463075637817
0.4551758749999989,0.0034223749999999996,133.0,2.8963906945358624,-1.1084083673080711,0.5755057236500253,-0.003869803825938513,-0.0002013254288891857,-0.0019076697152723453,0.06829971028779852,-0.06443887948989868,0.1344194859266281,-0.1298762857913971,0.29432275891304016,0.015918325632810593,-0.44767045974731445,0.32172632217407227,0.4127211570739746,0.0571465864777565,0.7473599910736084,0.2256876826286316,-0.710164487361908
0.4551758749999989,0.0034223749999999996,133.0,2.881036646024091,-1.093032488814726,0.5753136214848477,-0.003695522835540735,-0.00019636894813999196,-0.0018224779190069184,0.06829597863888595,-0.06489643454551697,0.13501571118831635,-0.13120034337043762,0.2948418855667114,0.015588957816362381,-0.4390230178833008,0.32620924711227417,0.40969017148017883,0.07071249186992645,0.7439196109771729,0.21216753125190735,-0.7076511383056641
0.4551758749999989,0.0034223749999999996,133.0,2.8648063676368167,-1.0767427196848318,0.5751247633638328,-0.003533776658208464,-0.00018740440816926305,-0.0017409412193580282,0.06829183554171797,-0.06525617837905884,0.13696880638599396,-0.13325753808021545,0.3000717759132385,0.011596878990530968,-0.44379544258117676,0.3277163505554199,0.4034055769443512,0.06849928945302963,0.7431190013885498,0.20929327607154846,-0.7066078782081604
0.4551758749999989,0.0034223749999999996,133.0,2.8477157238372475,-1.0597500316428083,0.5750702686032371,-0.0033484227310331257,-0.00018017436945314807,-0.001651019921778974,0.06828563248582044,-0.06627416610717773,0.13743412494659424,-0.13374224305152893,0.2987157106399536,0.011282872408628464,-0.43262529373168945,0.3328043818473816,0.40350663661956787,0.07328595966100693,0.7457640171051025,0.2071918547153473,-0.7053917646408081
0.4551758749999989,0.0034223749999999996,133.0,2.8298718723213505,-1.0417321762878797,0.5748894580698629,-0.0031720657598230174,-0.0001671269131359811,-0.0015667670580303582,0.06828450480967788,-0.06651720404624939,0.14068655669689178,-0.13613981008529663,0.30814680457115173,0.002102181315422058,-0.45279693603515625,0.33206722140312195,0.39498743414878845,0.04402359575033188,0.7503836154937744,0.22622624039649963,-0.7063607573509216
0.4551758749999989,0.0034223749999999996,133.0,2.8110007567360293,-1.0228908493323776,0.5747515897627792,-0.0029903801282421165,-0.0001604854381178583,-0.00147636584948529,0.06827392646449157,-0.06795290112495422,0.14002659916877747,-0.13622596859931946,0.3031860291957855,0.006976742297410965,-0.43309974670410156,0.3394486904144287,0.3973246216773987,0.06316244602203369,0.752596378326416,0.21662621200084686,-0.7037702798843384
0.4551758749999989,0.0034223749999999996,133.0,2.791399520041942,-1.00335584706801,0.5746194682463724,-0.002827066802737854,-0.0001552374930154345,-0.001396810940145956,0.0682669555356991,-0.06893250346183777,0.1413380205631256,-0.13759982585906982,0.30484116077423096,0.005542968399822712,-0.4284219741821289,0.3444992005825043,0.3943539261817932,0.06360160559415817,0.7549316883087158,0.21462014317512512,-0.7024964690208435
0.4551758749999989,0.0034223749999999996,133.0,2.771000417344022,-0.9828838903298517,0.5744559071625599,-0.0026126325497401897,-0.0001435247409261415,-0.0012926419268372087,0.0682617061405162,-0.06962329149246216,0.1417178064584732,-0.13844138383865356,0.3040948510169983,0.004055052995681763,-0.4230949878692627,0.34927716851234436,0.3927019536495209,0.06422144174575806,0.7578644752502441,0.219607874751091,-0.7001323699951172
0.4551758749999989,0.0034223749999999996,133.0,2.7497177247293787,-0.9622131998139521,0.5746078708343896,-0.00239971339777916,-0.00013787534889736806,-0.001188641359610799,0.06825477681503483,-0.07078376412391663,0.1378755420446396,-0.13696587085723877,0.2885671854019165,0.011853679083287716,-0.3897511959075928,0.3572033643722534,0.4022074341773987,0.09600570052862167,0.7611556053161621,0.2210748791694641,-0.6941229701042175
0.4551758749999989,0.0034223749999999996,133.0,2.727595787667709,-0.9400477527468653,0.574405744933812,-0.00219812817811577,-0.00012561796759811257,-0.0010892100357140502,0.06824843939846746,-0.0716036856174469,0.139222651720047,-0.1385670006275177,0.2907758951187134,0.008350255899131298,-0.3891606330871582,0.362182080745697,0.3984717130661011,0.09041575342416763,0.7643296718597412,0.22656884789466858,-0.6926454305648804
0.4551758749999989,0.0034223749999999996,133.0,2.7045255670683814,-0.9169564664379177,0.5741447308499422,-0.001997473463071617,-0.00011556581670147992,-0.000989455857813778,0.06823735562525732,-0.07350844144821167,0.14134612679481506,-0.14054033160209656,0.2945895791053772,0.008763346821069717,-0.38359689712524414,0.369718998670578,0.3950355350971222,0.09252390265464783,0.7680783271789551,0.21863935887813568,-0.6930877566337585
0.4551758749999989,0.0034223749999999996,133.0,2.680547804621537,-0.8927914254623346,0.5737190013059844,-0.0018369408185022992,-0.00010702920311994978,-0.000909105125798567,0.06822424077442275,-0.07589688897132874,0.1454099714756012,-0.14372044801712036,0.3049147427082062,0.008964942768216133,-0.3857736587524414,0.37617963552474976,0.3865530490875244,0.09140625596046448,0.7714176177978516,0.20046934485435486,-0.6949935555458069
0.4551758749999989,0.0034223749999999996,133.0,2.6559027648085713,-0.8680380749795565,0.5734980413658264,-0.0016392175948260334,-9.458565325275196e-5,-0.0008129563312973426,0.06821651324742563,-0.07726648449897766,0.14776621758937836,-0.14541563391685486,0.3095414638519287,0.004849434830248356,-0.3882014751434326,0.38011810183525085,0.3818449378013611,0.07617694139480591,0.7783470153808594,0.20919562876224518,-0.6949824690818787
0.4551758749999989,0.0034223749999999996,133.0,2.6303719157757057,-0.8426886360560448,0.5734614098590372,-0.001456027372467975,-8.725213239018498e-5,-0.0007243262557118914,0.06820576309133772,-0.07887512445449829,0.1476861536502838,-0.14618918299674988,0.3053795099258423,0.0064257667399942875,-0.37296462059020996,0.38791364431381226,0.3833724558353424,0.08479711413383484,0.7838499546051025,0.21199806034564972,-0.692406177520752
0.4551758749999989,0.0034223749999999996,133.0,2.6040839435510885,-0.8167197234436852,0.5733925985071416,-0.0012754478007648243,-7.857419338497214e-5,-0.0006349948092885003,0.06819825303361467,-0.08012786507606506,0.1462724655866623,-0.14666470885276794,0.29740777611732483,0.009310498833656311,-0.35280895233154297,0.3968851864337921,0.38706153631210327,0.1028057336807251,0.7876865863800049,0.21569189429283142,-0.688158392906189
0.4551758749999989,0.0034223749999999996,133.0,2.577003884649629,-0.7897399328771275,0.5732043622479528,-0.0011258048222631226,-7.09490443531692e-5,-0.0005607028092984334,0.06819083633781266,-0.0809328556060791,0.14620551466941833,-0.14814621210098267,0.29403671622276306,0.008900439366698265,-0.33910059928894043,0.4046180844306946,0.38581976294517517,0.11709815263748169,0.7886748313903809,0.21267807483673096,-0.683560848236084
0.4551758749999989,0.0034223749999999996,133.0,2.5492057193118027,-0.761990092307614,0.5730128483883383,-0.000992352576170803,-6.327271415680916e-5,-0.0004945930627120804,0.06818768091172749,-0.08081367611885071,0.14572833478450775,-0.14962586760520935,0.2900684177875519,0.004768948070704937,-0.33023715019226074,0.4103013277053833,0.3835752010345459,0.125017911195755,0.7884025573730469,0.2185734063386917,-0.6773484945297241
0.4551758749999989,0.0034223749999999996,133.0,2.5203884492784066,-0.7334183382344182,0.5727980542331804,-0.0008194543035890398,-5.3308747945431086e-5,-0.0004075903696086123,0.06817929984410755,-0.08222034573554993,0.14508964121341705,-0.1510935127735138,0.2849447727203369,0.008174994960427284,-0.3107144832611084,0.4196372330188751,0.38437139987945557,0.15344388782978058,0.7892694473266602,0.2088589370250702,-0.6730179190635681
0.4551758749999989,0.0034223749999999996,133.0,2.4907494146536195,-0.7040946097140854,0.5726604955820759,-0.0006879718975997947,-4.631669421565245e-5,-0.0003421261048350791,0.0681712609357072,-0.08356773853302002,0.14387619495391846,-0.1520521342754364,0.2771426737308502,0.011584820225834846,-0.288104772567749,0.43040207028388977,0.38807353377342224,0.17945560812950134,0.7915225028991699,0.206750750541687,-0.6689341068267822
0.4551758749999989,0.0034223749999999996,133.0,2.460240419156987,-0.6737509646456873,0.5724635237808394,-0.0005164053566555958,-3.573776955009794e-5,-0.0002571444246764098,0.06816068320352706,-0.08523932099342346,0.14424794912338257,-0.15348321199417114,0.27415353059768677,0.012670730240643024,-0.273073673248291,0.44001060724258423,0.3882981538772583,0.1907179355621338,0.7966225147247314,0.20664799213409424,-0.6662156581878662
0.4551758749999989,0.0034223749999999996,133.0,2.428936000430137,-0.6423033442821847,0.572167073364345,-0.00032442443132660087,-2.2138512425271364e-5,-0.00016167948184518546,0.06815056656782355,-0.08666545152664185,0.14684048295021057,-0.15585669875144958,0.27925631403923035,0.008818312548100948,-0.2742958068847656,0.44408202171325684,0.38036346435546875,0.1808175891637802,0.8036589622497559,0.20784816145896912,-0.6634314656257629
0.4551758749999989,0.0034223749999999996,133.0,2.3967391335448633,-0.6100977092675516,0.5719116548129783,-0.00015162640802222584,-1.0487049030071462e-5,-7.577217036541419e-5,0.06813764528374257,-0.08861613273620605,0.14879804849624634,-0.1578385829925537,0.28140291571617126,0.008836401626467705,-0.26787257194519043,0.4509061872959137,0.3757209777832031,0.17913244664669037,0.8116164207458496,0.20688484609127045,-0.6609918475151062
0.4551758749999989,0.0034223749999999996,133.0,2.363707906637854,-0.5775523747923426,0.5718289666710291,1.6808732357159734e-5,1.224846658595315e-6,8.44012059119575e-6,0.06812703106003785,-0.09058177471160889,0.14689575135707855,-0.15827399492263794,0.2706720232963562,0.015436185523867607,-0.24449896812438965,0.46308526396751404,0.3828040063381195,0.19695837795734406,0.8198683261871338,0.21949666738510132,-0.6574068069458008
0.4551758749999989,0.0034223749999999996,133.0,2.329819975317145,-0.5438531044878455,0.5716076618867124,0.000185693369242874,1.3872870794295495e-5,9.33697772696514e-5,0.06811458738121974,-0.09271389245986938,0.14745323359966278,-0.1599804162979126,0.2677440345287323,0.017555121332406998,-0.22875666618347168,0.47459158301353455,0.3830931782722473,0.20811086893081665,0.8270163536071777,0.2193669229745865,-0.6548258066177368
0.4551758749999989,0.0034223749999999996,133.0,2.2950125486733586,-0.5090005170795489,0.5712023178240674,0.00036876604741488915,2.7797257657040203e-5,0.00018546880103844683,0.06809809332287942,-0.09549471735954285,0.1504947543144226,-0.16299819946289062,0.2734787166118622,0.017574351280927658,-0.22311067581176758,0.4840247929096222,0.37619349360466003,0.21045708656311035,0.8353457450866699,0.20825766026973724,-0.6537253260612488
0.4551758749999989,0.0034223749999999996,133.0,2.2594076907272482,-0.47361687997609686,0.5709651978399846,0.000512739393360185,3.9605180448482726e-5,0.00025829125831356884,0.0680844074018302,-0.09802648425102234,0.15127091109752655,-0.16479673981666565,0.27074846625328064,0.019793231040239334,-0.2072131633758545,0.4965953826904297,0.37697911262512207,0.21980780363082886,0.8445501327514648,0.20947644114494324,-0.6518535017967224
0.4551758749999989,0.0034223749999999996,133.0,2.2229909017049896,-0.43741792643864713,0.5707218002846857,0.0006751195139477545,5.3494177775922475e-5,0.0003406150588738907,0.06807096374250993,-0.10041442513465881,0.15189245343208313,-0.1666504144668579,0.2676495313644409,0.021688491106033325,-0.19094347953796387,0.5094298124313354,0.3775995373725891,0.23091349005699158,0.8531196117401123,0.2100697010755539,-0.6494370698928833
0.4551758749999989,0.0034223749999999996,133.0,2.1857847768035725,-0.40041035504713374,0.570484076185858,0.0008480832534349091,6.904805119569798e-5,0.00042847088786929753,0.06805836493326985,-0.10246363282203674,0.15224258601665497,-0.1685667335987091,0.26394742727279663,0.022910840809345245,-0.1743166446685791,0.5223385095596313,0.37793809175491333,0.24510973691940308,0.8601195812225342,0.20946331322193146,-0.6461166143417358
0.4551758749999989,0.0034223749999999996,133.0,2.147810890456795,-0.36262026319135127,0.5702223696598133,0.0010444662872702872,8.784021818370157e-5,0.0005285112776259093,0.06804739014641395,-0.10404205322265625,0.15218636393547058,-0.170617014169693,0.25960758328437805,0.022345971316099167,-0.15798592567443848,0.5355719327926636,0.3781591057777405,0.2622198462486267,0.8649709224700928,0.20905710756778717,-0.6420218348503113
0.4551758749999989,0.0034223749999999996,133.0,2.109030312910778,-0.324007311320854,0.5699840499118027,0.0012309663469288123,0.00010666883720046018,0.000623486862130708,0.06803745906649154,-0.10535350441932678,0.15191760659217834,-0.17273923754692078,0.2548261880874634,0.020730137825012207,-0.14172840118408203,0.5491784811019897,0.378484845161438,0.2813805043697357,0.8685708045959473,0.20838598906993866,-0.6375777721405029
0.4551758749999989,0.0034223749999999996,133.0,2.069311556138335,-0.28493012948163815,0.5698066583435405,0.001351647626815222,0.00012410405278163786,0.0006853769359759755,0.06802911273862604,-0.10743361711502075,0.1489296555519104,-0.174027681350708,0.24077877402305603,0.027593623846769333,-0.11243557929992676,0.5710418224334717,0.38993018865585327,0.3251337707042694,0.8730654716491699,0.2165919542312622,-0.6349940299987793
0.4551758749999989,0.0034223749999999996,133.0,2.02878511596198,-0.2446319460754255,0.5695566931440327,0.0015062737715954124,0.00014247845775413798,0.0007649445740595262,0.06801694727029316,-0.10943874716758728,0.14901049435138702,-0.1759900450706482,0.2367580235004425,0.028423503041267395,-0.09682416915893555,0.5869726538658142,0.39116865396499634,0.34082087874412537,0.8798131942749023,0.21785008907318115,-0.6322537064552307
0.4551758749999989,0.0034223749999999996,133.0,1.987263075570002,-0.2029164266660037,0.569029962713575,0.0016571304641443,0.00015904058688929155,0.0008429664115616149,0.06799442496483085,-0.11226212978363037,0.15329097211360931,-0.1797943413257599,0.24775579571723938,0.02595502883195877,-0.0980215072631836,0.596379816532135,0.3774002194404602,0.33912789821624756,0.8886008262634277,0.19609206914901733,-0.6295324563980103
0.4551758749999989,0.0034223749999999996,133.0,1.9459175660716514,-0.15976273062060875,0.5714204641377945,0.0017989798281564922,0.00016300163651882768,0.0009213737737335502,0.06791306579222543,-0.11260387301445007,0.15090978145599365,-0.18054121732711792,0.23287168145179749,0.02294708415865898,-0.07506489753723145,0.6068081855773926,0.38468948006629944,0.34525439143180847,0.8961689472198486,0.21974599361419678,-0.6219581365585327
0.4551758749999989,0.0034223749999999996,133.0,1.9026168742957352,-0.11672329465605653,0.5710331679394042,0.0018961951149192569,0.00018357825735491036,0.0009749165039191414,0.0678869785500178,-0.11706724762916565,0.1510651707649231,-0.18301507830619812,0.22712188959121704,0.033837273716926575,-0.051239728927612305,0.6323564052581787,0.3907564878463745,0.3795635998249054,0.9114315509796143,0.21504105627536774,-0.6223312616348267
0.4551758749999989,0.0034223749999999996,133.0,1.8581271628771692,-0.0735941042864795,0.5710921570974717,0.0018694466459112814,0.00019384441773097075,0.0009689684269283497,0.06786314952513904,-0.12607818841934204,0.148654505610466,-0.18283191323280334,0.20497754216194153,0.0623474083840847,-0.010564327239990234,0.6705807447433472,0.41942837834358215,0.4072268307209015,0.9540009498596191,0.25417184829711914,-0.6290832757949829
0.4551758749999989,0.0034223749999999996,133.0,1.810451581779322,-0.02531232163178597,0.5678484272318781,0.0017505963704653067,9.837165428204652e-5,0.0009329355311720013,0.0677711108545855,-0.1585460603237152,0.21141096949577332,-0.18979276716709137,0.356025367975235,0.07953211665153503,-0.06588435173034668,0.40218842029571533,0.3764382600784302,-0.3273375928401947,1.2748908996582031,0.07619613409042358,-0.7370075583457947
0.4551758749999989,0.0034223749999999996,133.0,1.7603394621619197,0.027761351953191675,0.56853681659556,0.00010298885431432246,-5.957612074202977e-6,5.7629970135901713e-5,0.0674228866781331,-0.21833541989326477,0.29132047295570374,-0.17514699697494507,0.42074787616729736,0.014209234155714512,0.15495085716247559,-0.10344639420509338,0.6203357577323914,-1.5786786079406738,1.8076982498168945,-0.036204539239406586,-1.0441169738769531
0.4551758749999989,0.0034223749999999996,133.0,1.8008390320874472,0.05719223921904395,0.5702219885055327,-0.0017117767325307608,-0.00015190298710649982,-0.0009817626269264784,0.06686323276341609,-0.23881331086158752,0.1308867633342743,-0.1815398931503296,0.6549044847488403,-0.17214429378509521,0.23295116424560547,0.9228940606117249,-0.040333330631256104,-0.6976737380027771,1.597222089767456,-0.03267616033554077,-0.6147457361221313
0.4551758749999989,0.0034223749999999996,133.0,1.837204109502755,0.10601278059288553,0.5762699077912996,-0.001947536575480409,2.940439998843342e-5,-0.0011196033546191765,0.06616906686749122,-0.3105989992618561,0.16800183057785034,-0.11015400290489197,0.9967256784439087,-0.4306736886501312,0.5124756097793579,0.45875513553619385,0.07681608200073242,-1.56386137008667,1.9962329864501953,0.31061431765556335,-1.0727944374084473
0.4551758749999989,0.0034223749999999996,133.0,1.8747550497377123,0.1537198679195256,0.5830720335845553,-0.001978124790690756,0.0001478274987201029,-0.001080072835818056,0.06576026899830029,-0.3702203333377838,0.2040204107761383,-0.03519362211227417,1.2745956182479858,-0.8296472430229187,0.6116369962692261,0.012391684576869011,0.24602043628692627,-1.9301286935806274,2.0639424324035645,0.5277006030082703,-1.5204484462738037
0.4551758749999989,0.0034223749999999996,133.0,1.9162913479563584,0.19856653976380648,0.5851601599228065,-0.0018788704293839797,0.00015672058412922934,-0.0010002075641346619,0.0656689894999729,-0.3797866404056549,0.21998611092567444,-0.012824952602386475,1.3549869060516357,-0.938014566898346,0.6128207445144653,-0.053882330656051636,0.2753334939479828,-2.0096068382263184,2.003511905670166,0.5506075024604797,-1.6306729316711426
0.4551758749999989,0.0034223749999999996,133.0,1.9578671555217388,0.24149682358441804,0.586314540176438,-0.0017255488401721174,0.00015112935463034626,-0.0009042498191070785,0.0656337590659784,-0.3835482895374298,0.22664476931095123,-0.0033185184001922607,1.3841454982757568,-0.9900568127632141,0.6201595067977905,-0.07462665438652039,0.2892078757286072,-2.0374486446380615,1.9699082374572754,0.5806502103805542,-1.6739490032196045
0.4551758749999989,0.0034223749999999996,133.0,1.9987236459733893,0.2830953422716259,0.5865166785203723,-0.0015318705813585274,0.00013349717711787882,-0.0007981460292344293,0.06563613091469964,-0.3814292848110199,0.2303139567375183,0.006909042596817017,1.4264798164367676,-0.9995778203010559,0.6123836040496826,-0.0884786993265152,0.2751970887184143,-2.040431261062622,1.913541316986084,0.6252470016479492,-1.702388882637024
0.4551758749999989,0.0034223749999999996,133.0,2.039022991940955,0.32378913003488863,0.5867044715104941,-0.001444194317753535,0.0001216386024189136,-0.0007470806523682329,0.06563103473869134,-0.3832996189594269,0.2328878939151764,0.007528454065322876,1.423254370689392,-1.024857521057129,0.6302828788757324,-0.05685149505734444,0.2871243953704834,-2.056918144226074,1.8977718353271484,0.6508115530014038,-1.711373209953308
0.4551758749999989,0.0034223749999999996,133.0,2.0786705741437683,0.3637144682453933,0.5873740010809281,-0.0012390727045088331,0.0001036540292225742,-0.0006322580372578229,0.06560972160483096,-0.38170143961906433,0.23548352718353271,0.016247183084487915,1.4615087509155273,-1.0338186025619507,0.6248935461044312,-0.0675412118434906,0.273529052734375,-2.0580875873565674,1.8456058502197266,0.6917093396186829,-1.736137866973877
0.4551758749999989,0.0034223749999999996,133.0,2.117323464903941,0.4027696105372091,0.5878775338315682,-0.0010806489027343192,8.944323888011665e-5,-0.0005453580629449347,0.06559955277175744,-0.38123807311058044,0.23746207356452942,0.018709808588027954,1.4751510620117188,-1.0348776578903198,0.6338633298873901,-0.036462388932704926,0.26620107889175415,-2.0697357654571533,1.8173613548278809,0.722872257232666,-1.7426670789718628
0.4551758749999989,0.0034223749999999996,133.0,2.155070595052441,0.4409831567406617,0.5882589881801995,-0.0008802523957720092,7.203706846699573e-5,-0.00044013102126507707,0.0655912232424957,-0.3813237249851227,0.23965990543365479,0.02268439531326294,1.4901052713394165,-1.049627423286438,0.6403189897537231,-0.02398638054728508,0.264498233795166,-2.078474283218384,1.7856683731079102,0.7541496157646179,-1.756101369857788
0.4551758749999989,0.0034223749999999996,133.0,2.191997654639907,0.47832959639458994,0.5885968087783177,-0.0007017289113419589,5.663814092811557e-5,-0.0003478814266708972,0.06558431067179724,-0.3813461363315582,0.24159300327301025,0.026178449392318726,1.5035024881362915,-1.0609267950057983,0.6462396383285522,-0.010527390986680984,0.2617794871330261,-2.084928274154663,1.7566442489624023,0.7833309769630432,-1.76694655418396
0.4551758749999989,0.0034223749999999996,133.0,2.228092302712828,0.5148281725374139,0.5889212642939071,-0.0005308900318471084,4.222249222783751e-5,-0.00026103524787864687,0.06557737616450371,-0.3814927041530609,0.2435086965560913,0.029751211404800415,1.5170798301696777,-1.0712651014328003,0.6514642238616943,0.0013132109306752682,0.25868508219718933,-2.091216802597046,1.728623867034912,0.8111311197280884,-1.7775874137878418
0.4551758749999989,0.0034223749999999996,133.0,2.263358057069198,0.5504658098026158,0.5891893570155482,-0.0003654203169407558,2.8562050740002903e-5,-0.0001783499579940808,0.06557142016557058,-0.38160982728004456,0.24523597955703735,0.03286281228065491,1.5292855501174927,-1.0778652429580688,0.6560512781143188,0.013501651585102081,0.2546617090702057,-2.0951943397521973,1.7033710479736328,0.8364685773849487,-1.7859106063842773
0.4551758749999989,0.0034223749999999996,133.0,2.2977617700359887,0.5852681182492037,0.5894605084569398,-0.00020524205104756053,1.574940993992509e-5,-9.949218331192617e-5,0.06556321723420845,-0.3818587362766266,0.2468453198671341,0.035552978515625,1.5404621362686157,-1.0804250240325928,0.6601095199584961,0.024896489456295967,0.24978098273277283,-2.097101926803589,1.6817779541015625,0.8581731915473938,-1.7923259735107422
0.4551758749999989,0.0034223749999999996,133.0,2.3308643584101216,0.6192822271908406,0.5893608839892277,-6.121958915544048e-5,4.582266870197661e-6,-2.9646036875746106e-5,0.06555697714144926,-0.38548365235328674,0.2492670714855194,0.034173786640167236,1.5291274785995483,-1.1005306243896484,0.6843698024749756,0.047419093549251556,0.26475995779037476,-2.1091506481170654,1.6834988594055176,0.8625444769859314,-1.7961716651916504
0.4551758749999989,0.0034223749999999996,133.0,2.3631083267056634,0.6525299041373368,0.5895865846441145,0.00013235704493570397,-9.865132448906392e-6,6.37917284817329e-5,0.06553806713821946,-0.38907697796821594,0.2517593801021576,0.03536948561668396,1.5305126905441284,-1.1176092624664307,0.7017030715942383,0.05170990526676178,0.2736945152282715,-2.117230176925659,1.6794748306274414,0.8665171265602112,-1.8066051006317139
0.4551758749999989,0.0034223749999999996,133.0,2.395582466347625,0.6828374537675376,0.587597685198145,0.00031232039731313074,-2.1870907474684806e-5,0.00014852477630567375,0.06569589510656086,-0.38449975848197937,0.25184106826782227,0.04207253456115723,1.549896001815796,-1.1253700256347656,0.6739840507507324,0.030944960191845894,0.26385629177093506,-2.097630500793457,1.6320891380310059,0.9110621213912964,-1.8161919116973877
0.4551758749999989,0.0034223749999999996,133.0,2.4262397705783507,0.7143897182435507,0.5878110839634964,0.000494419743233644,-3.44744470335222e-5,0.0002339199449746592,0.06568485080736983,-0.387861043214798,0.25421783328056335,0.04385975003242493,1.551281452178955,-1.1508522033691406,0.6925787925720215,0.039997853338718414,0.2742948830127716,-2.111891508102417,1.6222786903381348,0.9248343706130981,-1.8281817436218262
0.4551758749999989,0.0034223749999999996,133.0,2.4566474752174874,0.7450152367956122,0.5884940405272563,0.0007114586694934874,-4.8853240598083375e-5,0.00033262414799045426,0.06566299007964096,-0.38671228289604187,0.2554643154144287,0.04991498589515686,1.5816351175308228,-1.1418999433517456,0.6874933242797852,0.048809558153152466,0.2530953884124756,-2.1199023723602295,1.5879929065704346,0.958149254322052,-1.8373918533325195
0.4551758749999989,0.0034223749999999996,133.0,2.4862576611448226,0.7747380105669714,0.5889829295895189,0.0008670956897280194,-5.815708581293639e-5,0.0004014429708880832,0.0656524269567638,-0.3854493200778961,0.2562677264213562,0.05438441038131714,1.6028963327407837,-1.1368343830108643,0.6843224763870239,0.06459179520606995,0.23624452948570251,-2.1263909339904785,1.556298017501831,0.9924179315567017,-1.8419041633605957
0.4551758749999989,0.0034223749999999996,133.0,2.5149784101039474,0.8036657561336754,0.5897649257832482,0.0010665825388074756,-7.222343587660875e-5,0.00048814670685307603,0.06563459587218759,-0.38481733202934265,0.25730252265930176,0.06150716543197632,1.6324650049209595,-1.1384960412979126,0.6731573343276978,0.05335034802556038,0.22097668051719666,-2.1265218257904053,1.5226786136627197,1.0232276916503906,-1.856184720993042
0.4551758749999989,0.0034223749999999996,133.0,2.5425036855003267,0.8317573916531855,0.5899121332371513,0.00121960589275177,-8.226654007611624e-5,0.0005557953504949306,0.06563382620174682,-0.38721713423728943,0.25897061824798584,0.062598317861557,1.629178524017334,-1.164905309677124,0.6892225742340088,0.06654758006334305,0.23181304335594177,-2.1381685733795166,1.510587453842163,1.0418596267700195,-1.8639357089996338
0.4551758749999989,0.0034223749999999996,133.0,2.569451209398769,0.8589634558554852,0.5903694543206527,0.0013914781487000282,-9.383237604469738e-5,0.0006289862300653162,0.06562609023084687,-0.3877616822719574,0.2600398659706116,0.06595948338508606,1.641944408416748,-1.1709626913070679,0.691116213798523,0.07410062849521637,0.22561201453208923,-2.144045352935791,1.4891836643218994,1.064842939376831,-1.8705942630767822
0.4551758749999989,0.0034223749999999996,133.0,2.595774131747167,0.8852179975757026,0.5904793912708256,0.0015966911642232094,-0.00010342919593875256,0.000717983627820343,0.0656272543841802,-0.3864884078502655,0.26046663522720337,0.07069060206413269,1.6618247032165527,-1.1680558919906616,0.681389570236206,0.07480493187904358,0.21104860305786133,-2.142791748046875,1.4598143100738525,1.092294692993164,-1.875943660736084
0.4551758749999989,0.0034223749999999996,133.0,2.621086278289082,0.9107288540109294,0.5907526706281251,0.0018057038056537244,-0.00011599220322342275,0.0008074683034244978,0.06562007127078451,-0.3865078389644623,0.2613731324672699,0.07463309168815613,1.6782958507537842,-1.1673766374588013,0.67604660987854,0.07082334160804749,0.2020377218723297,-2.1422300338745117,1.4402916431427002,1.1100577116012573,-1.8834035396575928
0.4551758749999989,0.0034223749999999996,133.0,2.6453120780743413,0.9354476038293467,0.5909307125147413,0.002037705287365096,-0.00013035689685217023,0.0009073022624642791,0.06561468054564713,-0.38831183314323425,0.2625441551208496,0.07452353835105896,1.675736427307129,-1.1799017190933228,0.6914652585983276,0.08864091336727142,0.20634272694587708,-2.15132474899292,1.4320802688598633,1.1214243173599243,-1.8853211402893066
0.4551758749999989,0.0034223749999999996,133.0,2.6687317499772085,0.9593013225888616,0.5909294764406922,0.0022091394530478208,-0.00013970356462941362,0.0009815934269052549,0.06561440819707379,-0.3902052938938141,0.26374873518943787,0.0749712884426117,1.6737229824066162,-1.1941423416137695,0.7033035755157471,0.09804558753967285,0.21231964230537415,-2.156606674194336,1.4244663715362549,1.1315194368362427,-1.889418363571167
0.4551758749999989,0.0034223749999999996,133.0,2.69124523329855,0.9823429782400588,0.5909276287042889,0.0024274522871168577,-0.0001513759924244547,0.0010763487236018507,0.0656122075867593,-0.39224961400032043,0.26505985856056213,0.07450976967811584,1.6684906482696533,-1.207861304283142,0.7197622060775757,0.11444395780563354,0.21905094385147095,-2.1654586791992188,1.4192478656768799,1.1402472257614136,-1.8910870552062988
0.4551758749999989,0.0034223749999999996,133.0,2.7131361066188058,1.0044951379700962,0.5910872880819645,0.0026496177436200223,-0.00016411020629949097,0.001170287791138661,0.06560943961777777,-0.39137545228004456,0.2653777599334717,0.07871708273887634,1.687888503074646,-1.2014665603637695,0.7094006538391113,0.11168837547302246,0.20461100339889526,-2.1647725105285645,1.39681077003479,1.161500334739685,-1.8960373401641846
0.4551758749999989,0.0034223749999999996,133.0,2.734114106827371,1.0258662024846241,0.5911272639957239,0.002883687349514983,-0.00017598961161634284,0.001270626285618865,0.06560518187910533,-0.39461997151374817,0.2671473026275635,0.07659175992012024,1.6721664667129517,-1.2273228168487549,0.7374680042266846,0.13242708146572113,0.22178030014038086,-2.178727149963379,1.3979010581970215,1.165325403213501,-1.8977296352386475
0.4551758749999989,0.0034223749999999996,133.0,2.7545917972753817,1.0463224795485042,0.5919058487719502,0.003125033923756958,-0.00019662238576191406,0.0013614679728749448,0.06558613635219339,-0.39310166239738464,0.26742035150527954,0.08368310332298279,1.7068374156951904,-1.208945870399475,0.7130106687545776,0.11388824880123138,0.1969706416130066,-2.1753439903259277,1.3722949028015137,1.187059998512268,-1.9074451923370361
0.4551758749999989,0.0034223749999999996,133.0,2.7739857646789963,1.0660741550423138,0.5924241736132894,0.0033112727356204284,-0.00020914895869369416,0.001434471792782992,0.06557417929664193,-0.39382025599479675,0.2683224380016327,0.08775773644447327,1.7233095169067383,-1.2091165781021118,0.7067655324935913,0.10470227897167206,0.18908393383026123,-2.1770479679107666,1.3577678203582764,1.199433445930481,-1.9160022735595703
0.4551758749999989,0.0034223749999999996,133.0,2.792700696560822,1.0848816627405298,0.592955967673769,0.0035232155388062215,-0.00022343674042828556,0.0015148302306522412,0.06556154821220946,-0.3942566215991974,0.26885783672332764,0.09051111340522766,1.735522747039795,-1.2086336612701416,0.7053416967391968,0.10747219622135162,0.18056780099868774,-2.181212902069092,1.342641830444336,1.2138633728027344,-1.919736385345459
0.4551758749999989,0.0034223749999999996,133.0,2.8100039995031727,1.1029527482489803,0.5927720754718319,0.0037022259857047626,-0.00023747095708297878,0.0015931904382850961,0.06556834173715925,-0.3972422778606415,0.27039453387260437,0.09145799279212952,1.7302086353302002,-1.2346848249435425,0.7165647745132446,0.09687606990337372,0.19644680619239807,-2.18302321434021,1.3413450717926025,1.213585615158081,-1.9303903579711914
0.4551758749999989,0.0034223749999999996,133.0,2.8270646721533637,1.1200481903902952,0.5930057209036779,0.003916219978379243,-0.0002482367300139029,0.001677352777397581,0.06556289785854007,-0.3970842659473419,0.2707555294036865,0.09362927079200745,1.7404375076293945,-1.231490969657898,0.7144697904586792,0.10277986526489258,0.18737179040908813,-2.1869263648986816,1.32680082321167,1.228034496307373,-1.931588888168335
0.4551758749999989,0.0034223749999999996,133.0,2.8430480052008935,1.1363649773868616,0.5931978061377317,0.00410419843194707,-0.00026106392788908704,0.0017518534706662695,0.06555893766122198,-0.3992125689983368,0.27170971035957336,0.09470358490943909,1.7387727499008179,-1.2530580759048462,0.7251689434051514,0.10156670212745667,0.19692856073379517,-2.1920394897460938,1.3194029331207275,1.234367847442627,-1.9395880699157715
0.4551758749999989,0.0034223749999999996,133.0,2.858284087431901,1.151716234711038,0.593053742467178,0.004290147686932218,-0.0002703639220070773,0.0018261328641609109,0.06556461816455919,-0.3979797661304474,0.27156975865364075,0.09695020318031311,1.7487199306488037,-1.2496920824050903,0.7200479507446289,0.1096629798412323,0.1862735152244568,-2.1946563720703125,1.3008902072906494,1.2539712190628052,-1.9389233589172363
0.4551758749999989,0.0034223749999999996,133.0,2.8727494863747203,1.1663054995133868,0.5932745853173935,0.004437632172913615,-0.0002798601027855794,0.0018809293483190344,0.06556320272048903,-0.3995024263858795,0.27224573493003845,0.09690269827842712,1.7410489320755005,-1.2743033170700073,0.734792947769165,0.1176673024892807,0.19871002435684204,-2.201943874359131,1.293792724609375,1.2653734683990479,-1.9438397884368896
0.4551758749999989,0.0034223749999999996,133.0,2.886249456772914,1.1800597813102305,0.5934497648241018,0.004569165480964313,-0.0002938762131748857,0.0019292691415030926,0.06556935773130916,-0.40059104561805725,0.2724185585975647,0.09952566027641296,1.740921974182129,-1.3061468601226807,0.7366632223129272,0.1034390926361084,0.21229925751686096,-2.202065944671631,1.2796251773834229,1.2826895713806152,-1.957350254058838
0.4551758749999989,0.0034223749999999996,133.0,2.899331328013215,1.1930020587987176,0.594123774104768,0.004713023094377021,-0.00030681367674318907,0.001976625112666954,0.0655631237936151,-0.39958158135414124,0.27200329303741455,0.10200473666191101,1.7503509521484375,-1.311403512954712,0.7327187061309814,0.10565885901451111,0.2073512077331543,-2.207838773727417,1.2615268230438232,1.306666612625122,-1.9618513584136963
0.4551758749999989,0.0034223749999999996,133.0,2.9119692629963576,1.2047931153789524,0.5941884526304847,0.004865071556153912,-0.00030535811769747334,0.0020265083435685068,0.06556756477432166,-0.39417824149131775,0.27030178904533386,0.10744789242744446,1.780523419380188,-1.2763313055038452,0.6975545883178711,0.10852663218975067,0.1712697446346283,-2.2027535438537598,1.2290935516357422,1.341792345046997,-1.9557995796203613
0.4551758749999989,0.0034223749999999996,133.0,2.9237988935297223,1.2158335638843611,0.5946127718934061,0.005022002482640343,-0.00030800051735992113,0.0020750453651953906,0.06556294552412589,-0.3896125853061676,0.26886340975761414,0.11060455441474915,1.80282461643219,-1.241800308227539,0.6755902767181396,0.12663885951042175,0.13834884762763977,-2.204859495162964,1.2034056186676025,1.3719794750213623,-1.9451134204864502
0.4551758749999989,0.0034223749999999996,133.0,2.9348717536710813,1.2260337135212935,0.5948987814160828,0.0051729375556360015,-0.0003031626440102814,0.002123000546509798,0.06556101446124794,-0.3847637474536896,0.26745328307151794,0.11304542422294617,1.8229368925094604,-1.2033586502075195,0.6547784805297852,0.14952901005744934,0.10465461015701294,-2.2085230350494385,1.179821252822876,1.4014290571212769,-1.9314780235290527
0.4551758749999989,0.0034223749999999996,133.0,2.944890407836911,1.2355122306622839,0.5951602987419163,0.005344938482594169,-0.0003001890295889938,0.0021837700365880583,0.06556031812158092,-0.38075724244117737,0.2661697566509247,0.11473312973976135,1.838633418083191,-1.1714383363723755,0.6400388479232788,0.1736622452735901,0.07604855298995972,-2.2135019302368164,1.1589784622192383,1.4273637533187866,-1.9185514450073242
0.4551758749999989,0.0034223749999999996,133.0,2.9532629392393104,1.2463825334810574,0.5981168756729903,0.005593664061217908,-0.00032314796173943573,0.0022716447989083424,0.06536032370717117,-0.38349637389183044,0.26763680577278137,0.11438283324241638,1.856446623802185,-1.1447422504425049,0.6617984771728516,0.2087152600288391,0.05731251835823059,-2.245779514312744,1.1654129028320312,1.4234178066253662,-1.917642593383789
0.4551758749999989,0.0034223749999999996,133.0,2.961938687344975,1.254100907404552,0.5987052582417409,0.005859190137535539,-0.0003307761591734404,0.0023617291501470505,0.06535301910526826,-0.37806662917137146,0.2660522162914276,0.11860677599906921,1.8872703313827515,-1.0906891822814941,0.6256624460220337,0.21603716909885406,0.01435011625289917,-2.243541717529297,1.1428165435791016,1.4451496601104736,-1.905264139175415
0.4551758749999989,0.0034223749999999996,133.0,2.9693836166365566,1.261037629629332,0.598783269925637,0.006257914352934512,-0.00034254953247551647,0.002512457560484154,0.06535592740329868,-0.3749789297580719,0.2651471793651581,0.11988779902458191,1.896876573562622,-1.073678970336914,0.615753173828125,0.23035477101802826,-0.0024762749671936035,-2.2489378452301025,1.1246113777160645,1.4650744199752808,-1.89805006980896
0.4551758749999989,0.0034223749999999996,133.0,2.976152392981212,1.2671752743569558,0.5990126203596945,0.006924520172170751,-0.0003688288889631714,0.0027659020255943884,0.06535394980581342,-0.371600478887558,0.2643721401691437,0.11879441142082214,1.9028332233428955,-1.046836018562317,0.6163837909698486,0.26416927576065063,-0.022706985473632812,-2.2626004219055176,1.1108615398406982,1.4825726747512817,-1.8838725090026855
0.4551758749999989,0.0034223749999999996,133.0,2.982025497828222,1.2725429786239557,0.5990254414023701,0.008434336667380296,-0.0004400253369950571,0.00334972934029595,0.06535560984067786,-0.36783334612846375,0.26381394267082214,0.12014618515968323,1.9177581071853638,-1.0261266231536865,0.6087355613708496,0.27861490845680237,-0.04298281669616699,-2.27755069732666,1.086134910583496,1.4997907876968384,-1.8785550594329834
0.4551758749999989,0.0034223749999999996,133.0,2.9871449251712026,1.2776985245422638,0.5992522799103875,0.015700466403204896,-0.0008655851858017814,0.006086922008169587,0.06532908162947942,-0.36377307772636414,0.2667026221752167,0.12354502081871033,1.9508925676345825,-1.0382565259933472,0.626671314239502,0.2759854197502136,-0.049196720123291016,-2.3488991260528564,1.0229072570800781,1.5076990127563477,-1.9057586193084717
0.4551758749999989,0.0034223749999999996,133.0,2.990460571351634,-1.2299209957584334,0.5643670850276269,-0.013800975910702232,-0.0005000956516844238,-0.006933117460002483,0.06834595648484601,-0.06176954507827759,0.14646822214126587,-0.13162392377853394,0.3413211703300476,0.037611715495586395,-0.6466422080993652,0.28254517912864685,0.4444918930530548,-0.16673754155635834,0.7646515369415283,0.4648721218109131,-0.7891884446144104
0.4551758749999989,0.0034223749999999996,133.0,2.9858680228414314,-1.2249044754558318,0.5648239986422092,-0.007454124051782521,-0.0002163615891773856,-0.0037430660889843587,0.06830465872472373,-0.06212812662124634,0.15115772187709808,-0.12802833318710327,0.3596078157424927,-0.008200902491807938,-0.640718936920166,0.269112229347229,0.4250110387802124,-0.2290690690279007,0.7789883613586426,0.44990813732147217,-0.7879043221473694
0.4551758749999989,0.0034223749999999996,133.0,2.980310004376747,-1.2193967682596871,0.5648171687695677,-0.006126047927793067,-0.00017438231309199292,-0.003072877069539966,0.0682864028914738,-0.06352183222770691,0.15130193531513214,-0.1271204650402069,0.3585824966430664,-0.009041529148817062,-0.6244380474090576,0.267894446849823,0.4212970733642578,-0.21987798810005188,0.7846870422363281,0.41983097791671753,-0.7831657528877258
0.4551758749999989,0.0034223749999999996,133.0,2.9741069224866603,-1.2133761970530097,0.5648284523437873,-0.0055409518397693605,-0.00015837422699046342,-0.0027771296580745754,0.06828017482466837,-0.06406724452972412,0.15095186233520508,-0.12725332379341125,0.35604387521743774,-0.00930223148316145,-0.6117842197418213,0.26929470896720886,0.4182116389274597,-0.20449422299861908,0.7853062152862549,0.39708754420280457,-0.7775306105613708
0.4551758749999989,0.0034223749999999996,133.0,2.9668977562413628,-1.2063891866614989,0.5647868121821316,-0.005202151808720048,-0.00015607071804011203,-0.0026048517922243174,0.06826782401140478,-0.06542477011680603,0.14938859641551971,-0.12666836380958557,0.34871113300323486,-0.0024908059276640415,-0.5894739627838135,0.2727794051170349,0.4188727140426636,-0.17521321773529053,0.7885582447052002,0.36735254526138306,-0.7708700299263
0.4551758749999989,0.0034223749999999996,133.0,2.9581640932880524,-1.2002487154207846,0.562224046668369,-0.004962941010750368,-0.00020485509810609374,-0.002480314862938771,0.0683384114354928,-0.0654192566871643,0.14765232801437378,-0.12641295790672302,0.3445793688297272,0.003602143842726946,-0.5807187557220459,0.2793378233909607,0.4177641272544861,-0.1499330848455429,0.7834029197692871,0.34860506653785706,-0.7656387090682983
0.4551758749999989,0.0034223749999999996,133.0,2.949372722289228,-1.1919217454946631,0.5622477034264347,-0.004767133311247697,-0.00020648819783741985,-0.0023819114187859152,0.06833004292117946,-0.06653726100921631,0.14497555792331696,-0.12535235285758972,0.3331488072872162,0.010266170836985111,-0.5526552200317383,0.28491196036338806,0.42117446660995483,-0.11507422477006912,0.7859523296356201,0.32485726475715637,-0.7576200366020203
0.4551758749999989,0.0034223749999999996,133.0,2.9398065313002313,-1.1825572983085135,0.5621055969326227,-0.004621138501282072,-0.00020619499959805408,-0.002303868510657387,0.06832381901362625,-0.0669395923614502,0.14392203092575073,-0.12590563297271729,0.3284827470779419,0.01402014959603548,-0.5353739261627197,0.2901375889778137,0.4198073446750641,-0.08738008886575699,0.7820892333984375,0.2996395230293274,-0.7515758872032166
0.4551758749999989,0.0034223749999999996,133.0,2.929322539834473,-1.1723509714376763,0.5620489420257877,-0.00449120953761635,-0.00020917447264542477,-0.0022331719777513616,0.06831360377868764,-0.06781816482543945,0.1418256312608719,-0.12549597024917603,0.31944185495376587,0.02095813676714897,-0.5074341297149658,0.29697802662849426,0.4219750463962555,-0.04939945042133331,0.7798631191253662,0.2701870799064636,-0.744688093662262
0.4551758749999989,0.0034223749999999996,133.0,2.9180988080356234,-1.161513710750903,0.5621231879625128,-0.004359461532748979,-0.000213174434602719,-0.002164940632737379,0.06830735750422098,-0.06853023171424866,0.13901595771312714,-0.12459206581115723,0.3077332377433777,0.02725822478532791,-0.4763956069946289,0.3044925630092621,0.4262419044971466,-0.011391262523829937,0.7776346206665039,0.24785387516021729,-0.737230122089386
0.4551758749999989,0.0034223749999999996,133.0,2.9061196123971715,-1.1496552502949524,0.5620717574293832,-0.0042379377201873765,-0.00021342173473684189,-0.0021000329052065,0.06830394588901686,-0.06840652227401733,0.13761931657791138,-0.12505507469177246,0.3017750680446625,0.02851215749979019,-0.4570143222808838,0.3110274374485016,0.42605140805244446,0.015328659676015377,0.7712202072143555,0.230258047580719,-0.7310584187507629
0.4551758749999989,0.0034223749999999996,133.0,2.893348811394977,-1.1369441914268705,0.5618830976881045,-0.004115145529674148,-0.00021124907591116561,-0.0020308035608860658,0.0683028930743096,-0.06749939918518066,0.13619635999202728,-0.12648284435272217,0.2978774309158325,0.0290428064763546,-0.44550585746765137,0.31774163246154785,0.4224211573600769,0.04281802102923393,0.7598538398742676,0.2142687439918518,-0.7234914898872375
0.4551758749999989,0.0034223749999999996,133.0,2.879880619288662,-1.1233300383951597,0.5616779104159133,-0.004007470907934271,-0.00020558768852673513,-0.001973975749688172,0.06830716376613187,-0.06596848368644714,0.1355019211769104,-0.1284698247909546,0.29699158668518066,0.023805856704711914,-0.4445345401763916,0.32053467631340027,0.4160144329071045,0.0586543083190918,0.7486472129821777,0.20804502069950104,-0.7161441445350647
0.4551758749999989,0.0034223749999999996,133.0,2.8655470476074747,-1.1088052061072546,0.5614410613298152,-0.0038705791914635163,-0.00019652512301855326,-0.0019034339079389553,0.06831074553851532,-0.0638178288936615,0.13420714437961578,-0.12973928451538086,0.2942345142364502,0.013787535019218922,-0.4491703510284424,0.3212004005908966,0.4110286235809326,0.059160467237234116,0.7412240505218506,0.2244674265384674,-0.7083603143692017
0.4551758749999989,0.0034223749999999996,133.0,2.8501937677279394,-1.0934310101188607,0.5612532404951335,-0.00369621890959789,-0.00019165913072796237,-0.001818501314511888,0.06830718207795572,-0.0642964243888855,0.1348300278186798,-0.13107335567474365,0.2947920858860016,0.013432702980935574,-0.44059133529663086,0.32566672563552856,0.4080629348754883,0.07242998480796814,0.7379152774810791,0.2111087292432785,-0.7059513926506042
0.4551758749999989,0.0034223749999999996,133.0,2.833964008697792,-1.0771471576773533,0.5610714045068131,-0.0035344294265716356,-0.0001828894834710143,-0.0017371431434773136,0.06830311107430877,-0.06466040015220642,0.13679134845733643,-0.13314124941825867,0.2999892830848694,0.009361663833260536,-0.4454035758972168,0.32718029618263245,0.4018126130104065,0.0700765997171402,0.7372009754180908,0.20829886198043823,-0.704909086227417
0.4551758749999989,0.0034223749999999996,133.0,2.8168758216451213,-1.0601555435377699,0.5610182446531538,-0.0033490238043922017,-0.0001758180205311321,-0.0016474197758027396,0.06829712393615804,-0.06568413972854614,0.13726413249969482,-0.1336345076560974,0.29866284132003784,0.009027894586324692,-0.4343278408050537,0.3322507441043854,0.40196067094802856,0.07466990500688553,0.7399020195007324,0.20636563003063202,-0.7037699818611145
0.4551758749999989,0.0034223749999999996,133.0,2.7990326158578167,-1.042146950374643,0.5608454890510398,-0.003172663748631398,-0.0001631307812921693,-0.0015632928345664181,0.06829594075275443,-0.06593045592308044,0.14051572978496552,-0.1360296607017517,0.3080601394176483,-0.000268520787358284,-0.4545731544494629,0.3315637707710266,0.39348161220550537,0.0452294796705246,0.7446515560150146,0.22547370195388794,-0.7047445774078369
0.4551758749999989,0.0034223749999999996,133.0,2.7801652782590285,-1.023302439883347,0.5607075504695914,-0.002990930584104129,-0.00015653767342372913,-0.0014730839448826502,0.06828562747360796,-0.06737455725669861,0.13986782729625702,-0.13612759113311768,0.30315306782722473,0.0045996373519301414,-0.4349517822265625,0.33890876173973083,0.395882785320282,0.06414724141359329,0.7469112873077393,0.21608363091945648,-0.7022722959518433
0.4551758749999989,0.0034223749999999996,133.0,2.7605663132934124,-1.0037712956968725,0.560579758833169,-0.002827573851705587,-0.00015145913640256657,-0.0013937088159857048,0.06827885748863848,-0.06833487749099731,0.1411658525466919,-0.13751444220542908,0.3047652542591095,0.003059674985706806,-0.43030762672424316,0.3439297080039978,0.39292746782302856,0.06458033621311188,0.749211311340332,0.2141503393650055,-0.7009696960449219
0.4551758749999989,0.0034223749999999996,133.0,2.740168889938606,-0.9832991540167831,0.560418848490215,-0.00261310825599628,-0.00013996986610475358,-0.0012897495757459225,0.0682737147721804,-0.06903374195098877,0.14155307412147522,-0.1383555829524994,0.3040485680103302,0.0015428345650434494,-0.4250345230102539,0.3486712872982025,0.3913304805755615,0.06498146802186966,0.7522459030151367,0.21925868093967438,-0.6986900568008423
0.4551758749999989,0.0034223749999999996,133.0,2.7188878508624175,-0.9626173480139683,0.5605655659614682,-0.002400137833575712,-0.00013447186171450053,-0.0011859955091637318,0.0682670583914662,-0.07019567489624023,0.1377130001783371,-0.1368817389011383,0.2886117398738861,0.009405352175235748,-0.3917222023010254,0.3565059304237366,0.40088167786598206,0.09662093967199326,0.7555527687072754,0.22088511288166046,-0.6928187608718872
0.4551758749999989,0.0034223749999999996,133.0,2.6967682827301838,-0.940455106080057,0.5603685842667441,-0.0021985243627548634,-0.0001224677711606986,-0.0010867550410927891,0.0682608346624448,-0.07106250524520874,0.1390988826751709,-0.13847583532333374,0.29091358184814453,0.005918207578361034,-0.39126133918762207,0.3614870309829712,0.39726245403289795,0.09050096571445465,0.7590320110321045,0.2266356647014618,-0.6915527582168579
0.4551758749999989,0.0034223749999999996,133.0,2.6737038040257852,-0.9173696288550621,0.5601138046103226,-0.0019978250707092474,-0.00011262895514090133,-0.0009872112455147743,0.06825003825166605,-0.07297715544700623,0.1412377655506134,-0.1404622495174408,0.29473578929901123,0.006276829168200493,-0.38578295707702637,0.3690013587474823,0.39389145374298096,0.09237755089998245,0.7628767490386963,0.21888244152069092,-0.6920685768127441
0.4551758749999989,0.0034223749999999996,133.0,2.6497338239803008,-0.893216137557932,0.5596984368122774,-0.0018372540783474732,-0.00010425608287432455,-0.0009070270133286155,0.06823724041789697,-0.07537713646888733,0.14532628655433655,-0.14366203546524048,0.30505016446113586,0.006396614946424961,-0.38805389404296875,0.37543365359306335,0.38547414541244507,0.09100377559661865,0.7663254737854004,0.20085659623146057,-0.6940281391143799
0.4551758749999989,0.0034223749999999996,133.0,2.6250930172543283,-0.8684686734711088,0.5594828388367067,-0.001639506338942017,-9.210489951864586e-5,-0.000811065074023667,0.0682296667051262,-0.07675936818122864,0.14769481122493744,-0.1453571319580078,0.3096974790096283,0.0022479852195829153,-0.3905670642852783,0.3793362081050873,0.38083600997924805,0.0754791721701622,0.7733871936798096,0.20974864065647125,-0.6941074132919312
0.4551758749999989,0.0034223749999999996,133.0,2.5995661211289476,-0.8431185382806194,0.5594481593049276,-0.00145628168663109,-8.499338477812588e-5,-0.0007226402383166872,0.06821919362191484,-0.07837784290313721,0.1476239413022995,-0.14613446593284607,0.3055810034275055,0.003813355229794979,-0.37540650367736816,0.3870857357978821,0.38242873549461365,0.08385806530714035,0.7789793014526367,0.21274511516094208,-0.6916423439979553
0.4551758749999989,0.0034223749999999996,133.0,2.5732806042233007,-0.817145101972804,0.5593805496548595,-0.0012756693413759081,-7.653267447368315e-5,-0.0006335125926791408,0.06821192220173536,-0.07964250445365906,0.1462191790342331,-0.14661112427711487,0.2976611852645874,0.006694749929010868,-0.35530829429626465,0.3960111737251282,0.3861865997314453,0.10163310915231705,0.7829234600067139,0.21663586795330048,-0.6875163316726685
0.4551758749999989,0.0034223749999999996,133.0,2.5462018581979176,-0.7901646354872165,0.5591969392643414,-0.0011259966122621724,-6.909766897550145e-5,-0.0005593957038425734,0.06820471800810085,-0.08046266436576843,0.14616726338863373,-0.14809507131576538,0.2943265438079834,0.006239181850105524,-0.341660737991333,0.4036945104598999,0.3850155770778656,0.11564771831035614,0.784034013748169,0.2137916535139084,-0.6830255389213562
0.4551758749999989,0.0034223749999999996,133.0,2.518401963845545,-0.7624126581027553,0.5590101921281103,-0.0009925224538358682,-6.16169909071771e-5,-0.0004934392433283037,0.06820163979335672,-0.08036214113235474,0.14570435881614685,-0.14956820011138916,0.2903953790664673,0.0020636743865907192,-0.3328371047973633,0.4093254506587982,0.3828480839729309,0.12324618548154831,0.7839248180389404,0.21985402703285217,-0.6769285202026367
0.4551758749999989,0.0034223749999999996,133.0,2.4895877733388234,-0.7338390967595608,0.5588001763237338,-0.0008195912004676231,-5.1884453430016515e-5,-0.00040663764603769004,0.06819352671786334,-0.08178386092185974,0.14508427679538727,-0.15104585886001587,0.2853136658668518,0.005443250294774771,-0.31338000297546387,0.4186192452907562,0.38370585441589355,0.15145228803157806,0.7849037647247314,0.210289865732193,-0.6727019548416138
0.4551758749999989,0.0034223749999999996,133.0,2.4599514710506756,-0.7045118659954263,0.558665315739039,-0.0006880845676299999,-4.507596519433533e-5,-0.0003413272339772343,0.06818577428183742,-0.08314552903175354,0.1438828408718109,-0.15201038122177124,0.27755752205848694,0.008833155035972595,-0.2908458709716797,0.4293552339076996,0.3874729573726654,0.17724594473838806,0.7872653007507324,0.20838569104671478,-0.6687290668487549
0.4551758749999989,0.0034223749999999996,133.0,2.4294467334257512,-0.6741688170096882,0.5584724727861874,-0.0005164898297711667,-3.478173242746184e-5,-0.0002565406973962164,0.06817550253682227,-0.08483049273490906,0.1442679762840271,-0.15344709157943726,0.27460989356040955,0.009891621768474579,-0.27590274810791016,0.43892496824264526,0.38775864243507385,0.18825486302375793,0.7924740314483643,0.2084798812866211,-0.666114091873169
0.4551758749999989,0.0034223749999999996,133.0,2.398146446709121,-0.6427273538126316,0.5581837189934921,-0.0003244794927873436,-2.153389436753559e-5,-0.0001612911509065822,0.06816558211184987,-0.08627307415008545,0.14688122272491455,-0.1558210253715515,0.27974995970726013,0.005997404921799898,-0.2771947383880615,0.44291940331459045,0.3798794746398926,0.17800967395305634,0.7996368408203125,0.20981590449810028,-0.6634227633476257
0.4551758749999989,0.0034223749999999996,133.0,2.365955110385715,-0.6105262977745943,0.5579342784548396,-0.00015165257157650583,-1.0199813497016296e-5,-7.55878591403892e-5,0.0681529666748712,-0.08823612332344055,0.14885728061199188,-0.157806396484375,0.28194355964660645,0.005983241833746433,-0.27085018157958984,0.44967085123062134,0.37528690695762634,0.17601332068443298,0.8076944351196289,0.20900633931159973,-0.6610802412033081
0.4551758749999989,0.0034223749999999996,133.0,2.3329283182092646,-0.5779750704777628,0.5578518799779041,1.6811567519540834e-5,1.1920656133597794e-6,8.419543392914009e-6,0.06814267547742206,-0.09021550416946411,0.14695875346660614,-0.15824010968208313,0.27127888798713684,0.012588207609951496,-0.2475414276123047,0.4618526101112366,0.3824235796928406,0.1936274617910385,0.8160591125488281,0.2218858003616333,-0.6576160192489624
0.4551758749999989,0.0034223749999999996,133.0,2.2990462142550623,-0.544276771825996,0.5576355233655826,0.000185726447656177,1.3500305821554295e-5,9.314037069392828e-5,0.06813058304335787,-0.09235954284667969,0.14753137528896332,-0.15995323657989502,0.2684074640274048,0.01468234695494175,-0.23189091682434082,0.47332367300987244,0.3827553987503052,0.20452699065208435,0.8232858180999756,0.22193968296051025,-0.6551346182823181
0.4551758749999989,0.0034223749999999996,133.0,2.26424747276793,-0.5094318725249389,0.5572398026070551,0.0003688324887430909,2.7037602535522956e-5,0.00018500419702679484,0.06811449719665508,-0.09514996409416199,0.1506018042564392,-0.1629863679409027,0.2741989493370056,0.014672969467937946,-0.2263479232788086,0.4826633930206299,0.37587541341781616,0.20658433437347412,0.8316493034362793,0.21088655292987823,-0.6541105508804321
0.4551758749999989,0.0034223749999999996,133.0,2.228649973843083,-0.4740497470087812,0.5570078126515592,0.0005128345435286815,3.851793745338431e-5,0.0002576340233030467,0.06810119960997554,-0.09769102931022644,0.1513942927122116,-0.16479364037513733,0.2715397775173187,0.016876770183444023,-0.21055912971496582,0.4951949715614319,0.37668830156326294,0.21568012237548828,0.8408985137939453,0.21226975321769714,-0.6523368954658508
0.4551758749999989,0.0034223749999999996,133.0,2.1922400578372367,-0.43785187153005595,0.5567697219836968,0.0006752482934734455,5.2020633170233e-5,0.00033973603180177664,0.06808814083730412,-0.10008835792541504,0.15203310549259186,-0.1666557788848877,0.26851800084114075,0.0187530480325222,-0.1943972110748291,0.5079964399337769,0.37732839584350586,0.22652983665466309,0.8495068550109863,0.21301497519016266,-0.6500181555747986
0.4551758749999989,0.0034223749999999996,133.0,2.155039629239109,-0.4008446593894555,0.556537540074132,0.000848248824230537,6.714295435225055e-5,0.00042735334620917114,0.06807590686797688,-0.10214805603027344,0.15240202844142914,-0.16857939958572388,0.26489609479904175,0.019950449466705322,-0.17787718772888184,0.5208781957626343,0.37768083810806274,0.24047072231769562,0.8565490245819092,0.21253915131092072,-0.6467922925949097
0.4551758749999989,0.0034223749999999996,133.0,2.1170697393515683,-0.36305381185476976,0.5562818690858254,0.0010446736010524115,8.542733713561785e-5,0.0005271264953300153,0.06806526492214397,-0.10373830795288086,0.15236589312553406,-0.1706361472606659,0.2606365978717804,0.019357450306415558,-0.16164398193359375,0.5340991616249084,0.37791162729263306,0.25733909010887146,0.8614447116851807,0.2122339904308319,-0.6427873969078064
0.4551758749999989,0.0034223749999999996,133.0,2.0782922682588274,-0.32443955516578005,0.5560499125845982,0.0012312150608413466,0.00010374384386487411,0.0006218467891425572,0.06805563397796162,-0.1050615906715393,0.15211784839630127,-0.17276400327682495,0.2559368312358856,0.01771054044365883,-0.14548373222351074,0.5477021336555481,0.37824177742004395,0.27626943588256836,0.8650913238525391,0.21165011823177338,-0.6384296417236328
0.4551758749999989,0.0034223749999999996,133.0,2.038578625603795,-0.285354516316064,0.5558754230721922,0.001351931387337751,0.000120731354221686,0.0006835780964902232,0.06804766541130271,-0.10715335607528687,0.14913663268089294,-0.17406293749809265,0.24196887016296387,0.024573098868131638,-0.1162867546081543,0.569663405418396,0.3896947503089905,0.31994563341140747,0.8696439266204834,0.22005806863307953,-0.6359339952468872
0.4551758749999989,0.0034223749999999996,133.0,1.998058187714901,-0.24505599349691162,0.5556310586069184,0.001506602318544711,0.00013860643585982446,0.0007629163112055277,0.0680358748258812,-0.10916739702224731,0.1492355614900589,-0.17603248357772827,0.23804551362991333,0.025400038808584213,-0.10079002380371094,0.5855891108512878,0.3909209370613098,0.33541280031204224,0.8764090538024902,0.2214040756225586,-0.6332798004150391
0.4551758749999989,0.0034223749999999996,133.0,1.9565467978158957,-0.20335116943264292,0.5551165218495945,0.0016575023667899137,0.00015467627710783293,0.0008406839199786025,0.0680138658074334,-0.11206254363059998,0.1536141186952591,-0.17983898520469666,0.24926741421222687,0.023236948996782303,-0.10203742980957031,0.5948250889778137,0.37704944610595703,0.3330981135368347,0.885418176651001,0.19926196336746216,-0.6306795477867126
0.4551758749999989,0.0034223749999999996,133.0,1.9151990547351034,-0.16018882380125304,0.5575075671096773,0.0017993988860760411,0.00015821977855972211,0.0009188495055653989,0.0679323790205939,-0.11241444945335388,0.1512172371149063,-0.18056729435920715,0.23444297909736633,0.02019302174448967,-0.07912564277648926,0.605418860912323,0.3843916654586792,0.3390619456768036,0.8930644989013672,0.2233751118183136,-0.6232202053070068
0.4551758749999989,0.0034223749999999996,133.0,1.8719136396268172,-0.11714902154815157,0.5571267969416487,0.001896668822048528,0.00017823337525825044,0.000972203209290346,0.06790708251212696,-0.11683663725852966,0.15134668350219727,-0.18306154012680054,0.22873657941818237,0.031025972217321396,-0.05540752410888672,0.6309438347816467,0.39043688774108887,0.37352028489112854,0.9080476760864258,0.21874099969863892,-0.6236144304275513
0.4551758749999989,0.0034223749999999996,133.0,1.8274526112662697,-0.07401401684189172,0.5571817213040178,0.0018700044687389203,0.00018823939691512456,0.0009661233070486993,0.06788426807176416,-0.12564611434936523,0.14875446259975433,-0.18289485573768616,0.20645320415496826,0.059119053184986115,-0.014878511428833008,0.6692259311676025,0.4191550612449646,0.4022248685359955,0.949578046798706,0.2586168944835663,-0.6302710771560669
0.4551758749999989,0.0034223749999999996,133.0,1.7798953348676707,-0.02593099255350281,0.5539683960653741,0.0017510924091178187,9.633836011956038e-5,0.0009288480127967657,0.06779806559589545,-0.15741366147994995,0.21108564734458923,-0.1898593008518219,0.3565865755081177,0.07601369917392731,-0.07175517082214355,0.39995843172073364,0.37646180391311646,-0.3286043703556061,1.2654471397399902,0.08224361389875412,-0.7375704050064087
0.4551758749999989,0.0034223749999999996,133.0,1.72997735537201,0.02689252193999848,0.5546297310227747,0.00010303069351567011,-5.71577677842821e-6,5.729162732967473e-5,0.06746288625543209,-0.21323993802070618,0.2859056890010834,-0.17771968245506287,0.42425328493118286,0.030247967690229416,0.12772607803344727,-0.06690093874931335,0.5892875790596008,-1.4895679950714111,1.7618274688720703,-0.03860967978835106,-1.0167449712753296
0.4551758749999989,0.0034223749999999996,133.0,1.7705843525655554,0.05682619793048455,0.5563819625252739,-0.0017117894368431114,-0.0001484244526368035,-0.0009769022322304703,0.06690820627784183,-0.23691564798355103,0.13040447235107422,-0.18166443705558777,0.6522290706634521,-0.1710575371980667,0.22630786895751953,0.9209043979644775,-0.0415341854095459,-0.6895342469215393,1.587601661682129,-0.029894033446907997,-0.6108527183532715
0.4551758749999989,0.0034223749999999996,133.0,1.8072037290381484,0.10551821027155474,0.5622333022815096,-0.0019458090419479997,2.7176383355594463e-5,-0.0011136842482600154,0.06623501409394571,-0.3079206049442291,0.16714805364608765,-0.1114579439163208,0.9890407919883728,-0.4249565601348877,0.5043817758560181,0.46247342228889465,0.07479435205459595,-1.556051254272461,1.9877924919128418,0.3112156093120575,-1.0630449056625366
0.4551758749999989,0.0034223749999999996,133.0,1.8449783570621332,0.15309299810099652,0.5688060840663753,-0.001974909949053902,0.00014161151461116153,-0.0010754174278814164,0.06583959983106298,-0.3672164976596832,0.2031560093164444,-0.03732159733772278,1.2642766237258911,-0.820070207118988,0.6052436828613281,0.020574772730469704,0.2432011365890503,-1.9255996942520142,2.0588345527648926,0.5276370644569397,-1.5072636604309082
0.4551758749999989,0.0034223749999999996,133.0,1.8865445748208267,0.19787752894627678,0.570813462304305,-0.0018752791541894593,0.00015026150504317018,-0.0009965430675101935,0.06575135602602152,-0.3767756521701813,0.2191312611103058,-0.015295058488845825,1.343809962272644,-0.9269853830337524,0.6072618961334229,-0.04488923400640488,0.2725870609283447,-2.0054593086242676,2.000326156616211,0.5495812296867371,-1.6167054176330566
0.4551758749999989,0.0034223749999999996,133.0,1.9281351575457824,0.2407823008778013,0.5719388103719795,-0.0017220872967344415,0.0001451118963356261,-0.000901128392171033,0.06571719329177687,-0.38040122389793396,0.22563567757606506,-0.006227046251296997,1.371791958808899,-0.9766620397567749,0.6149485111236572,-0.06422853469848633,0.28604400157928467,-2.0324532985687256,1.9681730270385742,0.5791508555412292,-1.658382773399353
0.4551758749999989,0.0034223749999999996,133.0,1.9689855776794931,0.2823661159547329,0.5721066173941193,-0.0015286063056839452,0.00012811407057384102,-0.000795728275750329,0.06571977918368208,-0.37824949622154236,0.22929823398590088,0.003678441047668457,1.4133096933364868,-0.9851043820381165,0.6074831485748291,-0.07745654881000519,0.2721293866634369,-2.0350282192230225,1.913167953491211,0.6226463317871094,-1.6861070394515991
0.4551758749999989,0.0034223749999999996,133.0,2.00929315502919,0.32304863804384903,0.5722930543643976,-0.0014410806426127102,0.0001166956339210249,-0.0007448463220764054,0.06571458499565541,-0.38016530871391296,0.2319672703742981,0.004456549882888794,1.4106913805007935,-1.0107024908065796,0.6252756118774414,-0.04704016074538231,0.2842366099357605,-2.052276611328125,1.897216796875,0.6480470299720764,-1.695878267288208
0.4551758749999989,0.0034223749999999996,133.0,2.0489373709981638,0.3629621000397954,0.5729336807721997,-0.0012362719857155749,9.942381500663129e-5,-0.0006305572739046478,0.06569377585006998,-0.37857046723365784,0.23462776839733124,0.01309138536453247,1.4487967491149902,-1.019826889038086,0.6200141906738281,-0.058030370622873306,0.2709587514400482,-2.0537991523742676,1.8455524444580078,0.6886317133903503,-1.7208187580108643
0.4551758749999989,0.0034223749999999996,133.0,2.0875905251087112,0.40200754329641203,0.5734281976992927,-0.001078148767680351,8.588196351007259e-5,-0.0005439540190883692,0.06568388393787815,-0.3781079947948456,0.23668144643306732,0.015609979629516602,1.4626590013504028,-1.0212669372558594,0.6289694309234619,-0.02771051600575447,0.26393333077430725,-2.0658674240112305,1.8171453475952148,0.7196002006530762,-1.7278715372085571
0.4551758749999989,0.0034223749999999996,133.0,2.1253398110176778,0.44021037255732853,0.5737934381507854,-0.0008781625434053095,6.917023288425224e-5,-0.0004390802116701322,0.06567575298722571,-0.378183513879776,0.23895350098609924,0.01962372660636902,1.4777992963790894,-1.0363123416900635,0.6354010105133057,-0.01588977500796318,0.2624867558479309,-2.075066089630127,1.7853093147277832,0.7508007287979126,-1.741751790046692
0.4551758749999989,0.0034223749999999996,133.0,2.162268494361135,0.4775476345730818,0.5741188401774048,-0.0007000256544320163,5.439427016579723e-5,-0.00034710751616686786,0.0656689925701965,-0.37814590334892273,0.24088600277900696,0.02295282483100891,1.4908103942871094,-1.0471009016036987,0.6414395570755005,-0.0022079655900597572,0.25983861088752747,-2.0813841819763184,1.7567048072814941,0.7794227600097656,-1.7522828578948975
0.4551758749999989,0.0034223749999999996,133.0,2.198365033212232,0.5140373907732249,0.574432644792042,-0.0005295738590269693,4.0560978016736585e-5,-0.0002604958779302419,0.06566221864454373,-0.3782695233821869,0.24283596873283386,0.02645432949066162,1.504262089729309,-1.0572082996368408,0.6467363834381104,0.009423664771020412,0.25690358877182007,-2.087780475616455,1.7289443016052246,0.8067942261695862,-1.7629587650299072
0.4551758749999989,0.0034223749999999996,133.0,2.233632539225976,0.5496668179221949,0.5746897029085823,-0.00036449802000053746,2.7439287422760423e-5,-0.00017800641674322156,0.06565639400411502,-0.3783614933490753,0.24459311366081238,0.029492676258087158,1.5163174867630005,-1.0635926723480225,0.6513952016830444,0.02144308015704155,0.2530466914176941,-2.0918452739715576,1.7039313316345215,0.8317171931266785,-1.7712993621826172
0.4551758749999989,0.0034223749999999996,133.0,2.268038421620527,0.5844613091872225,0.5749509475005263,-0.00020471596507066234,1.513001707928145e-5,-9.93122626136056e-5,0.06564833444922816,-0.37859079241752625,0.24623414874076843,0.032119542360305786,1.52734375,-1.0660279989242554,0.655517578125,0.03266356140375137,0.2483557164669037,-2.093867778778076,1.6825571060180664,0.8530623912811279,-1.7777552604675293
0.4551758749999989,0.0034223749999999996,133.0,2.3011544139371765,0.6184656038906198,0.5748559087155641,-6.106247517051378e-5,4.400912677723615e-6,-2.9591976558516847e-5,0.0656420427278805,-0.3821915090084076,0.24866172671318054,0.03070923686027527,1.5159716606140137,-1.0856375694274902,0.6796733140945435,0.05495799705386162,0.263286292552948,-2.1059818267822266,1.6844487190246582,0.857155978679657,-1.781512975692749
0.4551758749999989,0.0034223749999999996,133.0,2.333411834928714,0.6517026718559943,0.5750766064272885,0.000132014178200747,-9.474772183136224e-6,6.367807640087839e-5,0.06562347856795658,-0.3857618272304535,0.25117218494415283,0.031864941120147705,1.5172746181488037,-1.1024274826049805,0.6969271898269653,0.05906056985259056,0.2722640633583069,-2.114203929901123,1.6806011199951172,0.8609457015991211,-1.7919068336486816
0.4551758749999989,0.0034223749999999996,133.0,2.3658733653710438,0.6820064502823068,0.5730628630046765,0.00031149963516056116,-2.0947991516014276e-5,0.0001482908484754808,0.0657811050976064,-0.3811863958835602,0.2512992322444916,0.03848826885223389,1.5364608764648438,-1.1104401350021362,0.669521689414978,0.038349319249391556,0.26272034645080566,-2.094855785369873,1.6334872245788574,0.9052149653434753,-1.8015961647033691
0.4551758749999989,0.0034223749999999996,133.0,2.396543940951145,0.713548751607786,0.5732702332699257,0.0004931064249713716,-3.302723924917141e-5,0.00023356874513748676,0.06577034971399165,-0.3845182955265045,0.2536975145339966,0.040237367153167725,1.5377886295318604,-1.135611891746521,0.6880589723587036,0.047143206000328064,0.27320122718811035,-2.109257221221924,1.6238434314727783,0.9187674522399902,-1.8135697841644287
0.4551758749999989,0.0034223749999999996,133.0,2.4269498204967084,0.7441672794415263,0.5739309352990718,0.0007095194164043129,-4.681220167552332e-5,0.0003321932337528318,0.06574910005022945,-0.3833392560482025,0.2549913823604584,0.04621720314025879,1.5679106712341309,-1.126914620399475,0.683129072189331,0.055726274847984314,0.2524058222770691,-2.1173226833343506,1.5896766185760498,0.9516168236732483,-1.8229568004608154
0.4551758749999989,0.0034223749999999996,133.0,2.4565578873816767,0.7738847948749373,0.5744029394409127,0.0008646850796225721,-5.573530564341759e-5,0.0004009950884293795,0.06573885594066317,-0.38204899430274963,0.2558383643627167,0.05062022805213928,1.5889779329299927,-1.1219953298568726,0.6801183223724365,0.0712699443101883,0.23590603470802307,-2.123870372772217,1.5581028461456299,0.9854060411453247,-1.8276283740997314
0.4551758749999989,0.0034223749999999996,133.0,2.4852786391966513,0.802806803748442,0.5751592119535129,0.0010635482531601652,-6.925074920455431e-5,0.0004877169031839722,0.06572165398448171,-0.3814052641391754,0.25693419575691223,0.057714641094207764,1.6184279918670654,-1.1241393089294434,0.6690752506256104,0.059670589864254,0.2210303246974945,-2.1242587566375732,1.5245006084442139,1.0159902572631836,-1.8421893119812012
0.4551758749999989,0.0034223749999999996,133.0,2.512814515924547,0.8308907328526594,0.5753015340641694,0.0012161093531816774,-7.891692979798306e-5,0.0005553574140679646,0.06572095588556442,-0.3837747275829315,0.25862154364585876,0.05877003073692322,1.61508309841156,-1.1502268314361572,0.6851240396499634,0.07262328267097473,0.23190858960151672,-2.136032819747925,1.5125586986541748,1.034389615058899,-1.8499219417572021
0.4551758749999989,0.0034223749999999996,133.0,2.539765655739916,0.8580915481515231,0.5757466282242565,0.001387438369943674,-9.008032174391148e-5,0.0006285739113719239,0.06571354109798046,-0.3842914402484894,0.259724497795105,0.06207814812660217,1.6276930570602417,-1.1562998294830322,0.6871275901794434,0.07998892664909363,0.22594192624092102,-2.1420226097106934,1.491257667541504,1.0570943355560303,-1.8566615581512451
0.4551758749999989,0.0034223749999999996,133.0,2.566084736355074,0.8843442864520445,0.5758461566129395,0.0015920022361946592,-9.922615787691247e-5,0.0007176261261892353,0.0657145842135846,-0.3830067217350006,0.260193794965744,0.06674566864967346,1.6473851203918457,-1.1536046266555786,0.6776424646377563,0.08058683574199677,0.21170693635940552,-2.140899658203125,1.4620335102081299,1.0841927528381348,-1.8621537685394287
0.4551758749999989,0.0034223749999999996,133.0,2.5913996818361777,0.9098493396425138,0.5760973791013988,0.001800308571216377,-0.00011117646231543381,0.0008072224283211678,0.06570788905976922,-0.3829779326915741,0.2611083686351776,0.0705847442150116,1.6635230779647827,-1.1529450416564941,0.6724427938461304,0.07680569589138031,0.20291247963905334,-2.1403048038482666,1.4426517486572266,1.1017866134643555,-1.8695006370544434
0.4551758749999989,0.0034223749999999996,133.0,2.615633404367533,0.9345627343809891,0.5762750064814608,0.0020315878878235842,-0.00012505172681768375,0.0009070662712564662,0.0657026259391724,-0.3847547471523285,0.2622920870780945,0.07043418288230896,1.6608612537384033,-1.1651843786239624,0.6878653764724731,0.09444527328014374,0.20729166269302368,-2.1494534015655518,1.4345698356628418,1.1128877401351929,-1.8713886737823486
0.4551758749999989,0.0034223749999999996,133.0,2.6390613847605477,0.9584109764318517,0.5762708846707114,0.0022024723283850284,-0.0001340182699748941,0.0009814040060362329,0.065702382927067,-0.3866243064403534,0.2635091245174408,0.07084235548973083,1.6587527990341187,-1.1791789531707764,0.6997354030609131,0.10372331738471985,0.21333017945289612,-2.1548244953155518,1.427079200744629,1.1227989196777344,-1.8754510879516602
0.4551758749999989,0.0034223749999999996,133.0,2.6615839158297847,0.9814466598330375,0.5762694469530951,0.002420099653135656,-0.0001452475035772739,0.001076179613265909,0.06570020834502635,-0.38864657282829285,0.26482364535331726,0.07030841708183289,1.653331995010376,-1.1924312114715576,0.7162410020828247,0.12006473541259766,0.2201063334941864,-2.1636171340942383,1.4221627712249756,1.1311413049697876,-1.8769726753234863
0.4551758749999989,0.0034223749999999996,133.0,2.6834736833232538,1.00359634522209,0.5764129175243337,0.0026414783957102775,-0.00015744202054990205,0.0011703214453750942,0.06569768413651735,-0.38775739073753357,0.26517626643180847,0.07446470856666565,1.6725386381149292,-1.1863678693771362,0.706102728843689,0.11727003753185272,0.20598474144935608,-2.1630256175994873,1.3997578620910645,1.1521841287612915,-1.8820562362670898
0.4551758749999989,0.0034223749999999996,133.0,2.70446248212113,1.024959683585348,0.5764488624026475,0.002874782476648565,-0.00016876905253643672,0.0012707203414373004,0.06569361619768627,-0.39097079634666443,0.2669396996498108,0.0723167359828949,1.6567553281784058,-1.2117887735366821,0.7340689897537231,0.13784615695476532,0.22310468554496765,-2.1770126819610596,1.4009437561035156,1.1558632850646973,-1.883631706237793
0.4551758749999989,0.0034223749999999996,133.0,2.7249339147849,1.045415601627804,0.577207783514216,0.003115244930776498,-0.00018892480944142348,0.0013618034567967068,0.06567524147900568,-0.3894558846950531,0.26725971698760986,0.07935574650764465,1.6911985874176025,-1.194151759147644,0.7099761962890625,0.11936695873737335,0.19875568151474,-2.173766613006592,1.3753161430358887,1.1774177551269531,-1.8935892581939697
0.4551758749999989,0.0034223749999999996,133.0,2.7443380269916475,1.0651625754708614,0.577722479077324,0.003300883585263879,-0.00020103489100514507,0.0014348628144582195,0.06566343984254895,-0.39017513394355774,0.2681918740272522,0.08341053128242493,1.7075995206832886,-1.1946332454681396,0.7038930654525757,0.11007046699523926,0.19110164046287537,-2.175602912902832,1.3608078956604004,1.1896892786026,-1.9023096561431885
0.4551758749999989,0.0034223749999999996,133.0,2.763052800577665,1.0839659727307394,0.5782273332715959,0.003511957946070293,-0.00021469986559316079,0.0015155681874424922,0.06565158544888391,-0.39058199524879456,0.2687496840953827,0.08612039685249329,1.7196035385131836,-1.194400429725647,0.7026252746582031,0.11283789575099945,0.18285027146339417,-2.179842472076416,1.3456239700317383,1.2040621042251587,-1.9061033725738525
0.4551758749999989,0.0034223749999999996,133.0,2.780369301637182,1.1020317710367356,0.5780485333601973,0.003690429231766717,-0.0002282719327545606,0.0015939754001347136,0.06565813697144073,-0.39357873797416687,0.27029600739479065,0.08705487847328186,1.714296817779541,-1.2202913761138916,0.7139147520065308,0.1022263914346695,0.19869211316108704,-2.181870698928833,1.3444781303405762,1.2037947177886963,-1.9167249202728271
0.4551758749999989,0.0034223749999999996,133.0,2.797430500784133,1.1191251359535206,0.578273361552223,0.003903648034071328,-0.00023863334131271852,0.0016783480896591784,0.06565288804770918,-0.3934095799922943,0.2706877291202545,0.0892421305179596,1.724534511566162,-1.2174954414367676,0.7119481563568115,0.1079472154378891,0.18985065817832947,-2.185959815979004,1.3297207355499268,1.2182585000991821,-1.9181694984436035
0.4551758749999989,0.0034223749999999996,133.0,2.813428202032292,1.135437105178345,0.5784704342262403,0.0040910542518428844,-0.00025109446046314964,0.0017528875726345724,0.0656488167008514,-0.39554205536842346,0.27165940403938293,0.09032300114631653,1.722930669784546,-1.2389887571334839,0.7226715087890625,0.10652990639209747,0.1994193196296692,-2.19123911857605,1.3223812580108643,1.2245715856552124,-1.9262406826019287
0.4551758749999989,0.0034223749999999996,133.0,2.8286547187901925,1.1507881403580136,0.5783006288214918,0.004276153286330403,-0.000259882590549151,0.00182769133821324,0.06565490742925041,-0.3942870795726776,0.2715400159358978,0.0925312340259552,1.732710838317871,-1.2359004020690918,0.7177505493164062,0.11462965607643127,0.18901604413986206,-2.193880558013916,1.3038043975830078,1.2440593242645264,-1.9256627559661865
0.4551758749999989,0.0034223749999999996,133.0,2.843128643879892,1.165374153262607,0.5785267973261733,0.004423178486896248,-0.00026927100669777836,0.001882562107597207,0.06565333960881047,-0.39581379294395447,0.2722238004207611,0.09249106049537659,1.725122332572937,-1.2603459358215332,0.7324949502944946,0.12241840362548828,0.20141202211380005,-2.201267719268799,1.2967925071716309,1.2553972005844116,-1.9306190013885498
0.4551758749999989,0.0034223749999999996,133.0,2.856634127500849,1.1791269966278726,0.5786878298588056,0.004554179704954769,-0.00028270924319710153,0.0019313002217741769,0.06565952373504846,-0.3969022333621979,0.2724135220050812,0.09512975811958313,1.7250869274139404,-1.2922507524490356,0.7343611717224121,0.10803170502185822,0.21495753526687622,-2.2016451358795166,1.282616376876831,1.2729825973510742,-1.9441790580749512
0.4551758749999989,0.0034223749999999996,133.0,2.869714365805633,1.1920697445160209,0.5793556499976809,0.004697467942962033,-0.0002955255877340195,0.0019789351444468722,0.06565350098672876,-0.39589759707450867,0.27202868461608887,0.09761032462120056,1.7345741987228394,-1.2976953983306885,0.7305324077606201,0.11002403497695923,0.21011412143707275,-2.2075371742248535,1.2645137310028076,1.2968624830245972,-1.948843240737915
0.4551758749999989,0.0034223749999999996,133.0,2.8823336622730795,1.2038663771477658,0.5794004258851027,0.00484883788083249,-0.0002939438325414504,0.002029278778478599,0.06565804186480824,-0.390493780374527,0.27037525177001953,0.10301902890205383,1.7646058797836304,-1.2634145021438599,0.6957825422286987,0.11288765072822571,0.17449995875358582,-2.202427625656128,1.2319376468658447,1.3317041397094727,-1.943124532699585
0.4551758749999989,0.0034223749999999996,133.0,2.894147174172373,1.2149118358379618,0.5798127961602318,0.0050051163867677675,-0.00029665789056716166,0.002078148555868262,0.065653613424361,-0.3859299123287201,0.2689775824546814,0.10614660382270813,1.786788821220398,-1.2294567823410034,0.6741447448730469,0.13087473809719086,0.14199206233024597,-2.2044150829315186,1.2061831951141357,1.3614393472671509,-1.9327378273010254
0.4551758749999989,0.0034223749999999996,133.0,2.905202635441904,1.2251169384406417,0.5800892588748329,0.005155433747083872,-0.00029198372817499025,0.0021263827006570385,0.06565178577248917,-0.3810761868953705,0.2676013708114624,0.10856243968009949,1.806796669960022,-1.1916263103485107,0.6536562442779541,0.1536789983510971,0.10871174931526184,-2.2079033851623535,1.182459831237793,1.3904106616973877,-1.9194164276123047
0.4551758749999989,0.0034223749999999996,133.0,2.915207225147392,1.2345998260555173,0.5803440616840566,0.0053267429316697906,-0.00028913062175014753,0.0021874556896139623,0.06565113666650797,-0.37706491351127625,0.26634833216667175,0.11021873354911804,1.8223824501037598,-1.1601550579071045,0.639203667640686,0.17773501574993134,0.08046236634254456,-2.2126989364624023,1.1615564823150635,1.4158530235290527,-1.9067397117614746
0.4551758749999989,0.0034223749999999996,133.0,2.923585429292299,1.2454664328915104,0.5833051299527617,0.0055744680484971,-0.00031221908327028636,0.0022754356334988702,0.06545187467003664,-0.37980058789253235,0.26782020926475525,0.10988518595695496,1.8402131795883179,-1.133678674697876,0.6609106063842773,0.21243903040885925,0.06190657615661621,-2.2447891235351562,1.167846918106079,1.4115056991577148,-1.9060277938842773
0.4551758749999989,0.0034223749999999996,133.0,2.9322444484274675,1.2531900035481414,0.5838746432937526,0.0058388732510129375,-0.0003196508670922853,0.0023659137885655808,0.06544525579931039,-0.37436166405677795,0.26626500487327576,0.11408963799476624,1.87087881565094,-1.0806195735931396,0.6250567436218262,0.219819575548172,0.01943838596343994,-2.2423055171966553,1.144963264465332,1.4328900575637817,-1.8939933776855469
0.4551758749999989,0.0034223749999999996,133.0,2.9396788745064604,1.2601293173568384,0.5839466928761108,0.006236103189646833,-0.00033099080654777104,0.002517183996770884,0.06544818426183714,-0.3712673485279083,0.2653852701187134,0.11536231637001038,1.8804540634155273,-1.0639605522155762,0.6152962446212769,0.23401755094528198,0.002830207347869873,-2.2476117610931396,1.1266634464263916,1.452560305595398,-1.8869688510894775
0.4551758749999989,0.0034223749999999996,133.0,2.9464342536402532,1.266270136976201,0.5841731249351572,0.0069002800205086885,-0.00035656451293884057,0.0027712933955231322,0.06544636949998338,-0.36758747696876526,0.26455214619636536,0.11594238877296448,1.8921468257904053,-1.0356009006500244,0.6059211492538452,0.25481492280960083,-0.019639015197753906,-2.2562484741210938,1.110208511352539,1.4690269231796265,-1.8761894702911377
0.4551758749999989,0.0034223749999999996,133.0,2.9522939688239993,1.2716395491448405,0.584180486914269,0.008404570886178749,-0.00042545024895938193,0.0033568159540614843,0.065448230066622,-0.36382153630256653,0.2640608549118042,0.11731860041618347,1.907038688659668,-1.0155948400497437,0.597954511642456,0.26792556047439575,-0.039234042167663574,-2.2714240550994873,1.085604190826416,1.4856749773025513,-1.871516466140747
0.4551758749999989,0.0034223749999999996,133.0,2.9574005580911886,1.2767835900583857,0.5844004795364732,0.015643610726640486,-0.0008387994075194406,0.006103247488312386,0.06542298282945647,-0.36001744866371155,0.267083078622818,0.11894014477729797,1.9342777729034424,-1.0294519662857056,0.6262643337249756,0.2788817286491394,-0.04342770576477051,-2.3475608825683594,1.0248370170593262,1.4943525791168213,-1.8949470520019531
0.4551758749999989,0.0034223749999999996,133.0,2.9596231666022974,-1.2303522463787444,0.550309189139341,-0.013805960500080415,-0.0004876694691154449,-0.006916311517270057,0.06835364497504871,-0.06105303764343262,0.14606168866157532,-0.1313568353652954,0.3407225012779236,0.03575162589550018,-0.6487860679626465,0.2826082706451416,0.4421699643135071,-0.16230997443199158,0.7583670616149902,0.4626346230506897,-0.7862430810928345
0.4551758749999989,0.0034223749999999996,133.0,2.95503110542288,-1.2253508878212187,0.5507547080054551,-0.007456523473600342,-0.0002109534015756804,-0.003733898486427707,0.06831326547606585,-0.061430156230926514,0.1507660299539566,-0.12779313325881958,0.35891449451446533,-0.010259182192385197,-0.6427626609802246,0.2694356441497803,0.4227053225040436,-0.22475530207157135,0.7728598117828369,0.4474280774593353,-0.7848783135414124
0.4551758749999989,0.0034223749999999996,133.0,2.9494768062977696,-1.219843898438436,0.5507445671801131,-0.006127943784684035,-0.00016991064114938934,-0.003065291600887262,0.06829543843185998,-0.06282538175582886,0.15092210471630096,-0.12690210342407227,0.3579194247722626,-0.011123892851173878,-0.6264214515686035,0.26820534467697144,0.4190417528152466,-0.21566122770309448,0.7785079479217529,0.41743797063827515,-0.780220091342926
0.4551758749999989,0.0034223749999999996,133.0,2.943274626653002,-1.2138197289089274,0.5507545682726847,-0.005542628154970357,-0.00015419868413672736,-0.00277025426942214,0.06828944397972418,-0.0633707046508789,0.1505780667066574,-0.1270461082458496,0.355396568775177,-0.011412479914724827,-0.6137096881866455,0.26959073543548584,0.4159976840019226,-0.2003629058599472,0.7790811061859131,0.39476513862609863,-0.7746418714523315
0.4551758749999989,0.0034223749999999996,133.0,2.936069678501473,-1.2068332351716837,0.5507131233289287,-0.005203642307491103,-0.00015190429090020693,-0.002598427301962718,0.06827750244999697,-0.06472301483154297,0.14902672171592712,-0.12647312879562378,0.34812623262405396,-0.004601314198225737,-0.5913352966308594,0.2729629576206207,0.4167049527168274,-0.17120793461799622,0.782231330871582,0.3651691973209381,-0.768089771270752
0.4551758749999989,0.0034223749999999996,133.0,2.9273343534421543,-1.2006879780325808,0.5481486603169895,-0.004964285674201814,-0.00020066522174069662,-0.0024743385552235654,0.06834836976593342,-0.064727783203125,0.1473010629415512,-0.12622162699699402,0.3440195918083191,0.001485379645600915,-0.5824873447418213,0.279437392950058,0.4156573414802551,-0.1461111158132553,0.7771248817443848,0.34652191400527954,-0.7629449367523193
0.4551758749999989,0.0034223749999999996,133.0,2.9185448612881233,-1.1923531229199136,0.5481683971118635,-0.00476837728969192,-0.00020218001887856158,-0.002376189602926016,0.06834033152062804,-0.06584876775741577,0.14464077353477478,-0.1251676380634308,0.33269935846328735,0.00821315124630928,-0.5543792247772217,0.2848781943321228,0.41913750767707825,-0.11147072911262512,0.7795908451080322,0.32294440269470215,-0.7551074028015137
0.4551758749999989,0.0034223749999999996,133.0,2.908978760564457,-1.1829857197736982,0.5480281245851673,-0.004622281156031469,-0.00020176954637366102,-0.002298400274472082,0.06833431863775476,-0.06625986099243164,0.1436067670583725,-0.12573248147964478,0.32808107137680054,0.011942808516323566,-0.5370533466339111,0.2900336682796478,0.41783905029296875,-0.08402860909700394,0.7757434844970703,0.2978936433792114,-0.7491797804832458
0.4551758749999989,0.0034223749999999996,133.0,2.898496198350753,-1.172773220590198,0.5479698992655807,-0.004492254124366335,-0.00020453947809342892,-0.0022279218768786547,0.06832442013565357,-0.06714123487472534,0.1415257751941681,-0.125339537858963,0.319114625453949,0.018900297582149506,-0.5090811252593994,0.2967725098133087,0.42006993293762207,-0.046255744993686676,0.7734584808349609,0.2686290740966797,-0.7424305081367493
0.4551758749999989,0.0034223749999999996,133.0,2.887273119828104,-1.1619277982601852,0.5480410691434525,-0.004360412531140388,-0.00020836915215802728,-0.002159921054670054,0.06831847118765269,-0.06785315275192261,0.1387263387441635,-0.12444895505905151,0.3074842393398285,0.025246180593967438,-0.4780123233795166,0.304170161485672,0.4243881106376648,-0.008407837711274624,0.7711672782897949,0.24644950032234192,-0.7351030707359314
0.4551758749999989,0.0034223749999999996,133.0,2.8752912463181994,-1.1500634682374118,0.5479904733351365,-0.004238815815153542,-0.00020853814961333756,-0.0020952374863361842,0.06831517546690367,-0.06774294376373291,0.13734900951385498,-0.1249217689037323,0.3015809655189514,0.02649633213877678,-0.45862460136413574,0.31063881516456604,0.4242643713951111,0.018039673566818237,0.764805793762207,0.229006826877594,-0.729053795337677
0.4551758749999989,0.0034223749999999996,133.0,2.862517581814152,-1.1373499457122918,0.5478076288229942,-0.004115936155895127,-0.00020625745365789635,-0.002026271763254588,0.06831419530715989,-0.06686079502105713,0.13595861196517944,-0.12635377049446106,0.29774144291877747,0.02699992060661316,-0.44705963134765625,0.31727147102355957,0.4207054674625397,0.04518726468086243,0.7536041736602783,0.213097482919693,-0.7216172814369202
0.4551758749999989,0.0034223749999999996,133.0,2.8490426205220563,-1.1237283684846886,0.5476066610724971,-0.004008234597537976,-0.0002005996419169347,-0.0019696334295228224,0.0683182937899823,-0.06502512097358704,0.1346297711133957,-0.12801098823547363,0.2950347065925598,0.02092960849404335,-0.4463164806365967,0.3195813298225403,0.41522863507270813,0.05935271084308624,0.7427737712860107,0.21333174407482147,-0.7133776545524597
0.4551758749999989,0.0034223749999999996,133.0,2.8347040432458446,-1.1092090872085898,0.5473806962512775,-0.003871299246735534,-0.00019172355753977103,-0.0018992971843089176,0.06832176122157359,-0.06331360340118408,0.13508284091949463,-0.1302175521850586,0.2973693311214447,0.010102403350174427,-0.4547266960144043,0.32046109437942505,0.4073427617549896,0.056285060942173004,0.7352700233459473,0.22129306197166443,-0.7077935934066772
0.4551758749999989,0.0034223749999999996,133.0,2.8193500527690754,-1.093831044820697,0.5471938208056845,-0.0036968868179968663,-0.00018694840896038898,-0.0018145890940374303,0.0683182915175145,-0.06370365619659424,0.13464070856571198,-0.13094544410705566,0.29469650983810425,0.011272454634308815,-0.44208765029907227,0.3250825107097626,0.40649178624153137,0.07409527152776718,0.7320680618286133,0.21003185212612152,-0.7042623162269592
0.4551758749999989,0.0034223749999999996,133.0,2.8031208242134804,-1.0775531637112505,0.5470190643730878,-0.0035350559332228823,-0.00017837533502795163,-0.0017334055703957165,0.06831429218297055,-0.06408154964447021,0.13661950826644897,-0.13302019238471985,0.29989275336265564,0.007133835926651955,-0.44696640968322754,0.32660582661628723,0.40029245615005493,0.07150740176439285,0.7314860820770264,0.20732642710208893,-0.7032697200775146
0.4551758749999989,0.0034223749999999996,133.0,2.786033964418141,-1.0605601828423776,0.5469656458608106,-0.0033496130499633225,-0.00017149468568232527,-0.001643859567092508,0.06830846869342445,-0.06510955095291138,0.1370960772037506,-0.13352173566818237,0.29859161376953125,0.006778336130082607,-0.435985803604126,0.3316704034805298,0.40049126744270325,0.07592911273241043,0.7342302799224854,0.205567866563797,-0.702206552028656
0.4551758749999989,0.0034223749999999996,133.0,2.7681921640161264,-1.0425599902451277,0.5468004103296296,-0.0031732375254358122,-0.00015910742770194943,-0.0015598736959538007,0.06830729597870211,-0.06535783410072327,0.14034578204154968,-0.13591516017913818,0.30794429779052734,-0.0026177861727774143,-0.45629191398620605,0.331022173166275,0.39204904437065125,0.046343374997377396,0.7391006946563721,0.22472697496414185,-0.7031725645065308
0.4551758749999989,0.0034223749999999996,133.0,2.7493292624738306,-1.0237158561143611,0.5466646460716881,-0.002991460947133265,-0.00015259260430597395,-0.0014698478593557817,0.0682972337364803,-0.06681054830551147,0.1397121697664261,-0.13602504134178162,0.3030910789966583,0.002231073332950473,-0.43674206733703613,0.3383212983608246,0.39450961351394653,0.0650281012058258,0.7414121627807617,0.21555015444755554,-0.7008144855499268
0.4551758749999989,0.0034223749999999996,133.0,2.729732473157651,-1.0041885559305088,0.5465411568786694,-0.0028280603737290003,-0.00014768530376151298,-0.0013906519391962363,0.06829066839668411,-0.06775033473968506,0.14099757373332977,-0.13742303848266602,0.3046759366989136,0.0005868455627933145,-0.4321322441101074,0.34329909086227417,0.3915630578994751,0.06544893980026245,0.743668794631958,0.2136656790971756,-0.6994917988777161
0.4551758749999989,0.0034223749999999996,133.0,2.709336781877234,-0.9837163057790314,0.546382881671381,-0.0026135640761202022,-0.00013642151452338767,-0.0012868988571415514,0.06828563919020487,-0.06845661997795105,0.14139148592948914,-0.13826337456703186,0.30398574471473694,-0.0009597912430763245,-0.4269134998321533,0.34800252318382263,0.39002126455307007,0.0656442865729332,0.7467999458312988,0.21889370679855347,-0.6972939968109131
0.4551758749999989,0.0034223749999999996,133.0,2.688057518427177,-0.9630233203896068,0.5465244207685485,-0.0024005450803241874,-0.00013107483271718734,-0.0011833855509569607,0.06827925063665594,-0.06961947679519653,0.13755299150943756,-0.13679125905036926,0.28863832354545593,0.006969954818487167,-0.3936276435852051,0.3557467758655548,0.39961645007133484,0.09714613109827042,0.7501263618469238,0.22066833078861237,-0.6915571689605713
0.4551758749999989,0.0034223749999999996,133.0,2.665940513830311,-0.9408644639155402,0.5463325548231497,-0.002198904857784011,-0.00011932517349271717,-0.0010843315046680986,0.06827314690394992,-0.07051655650138855,0.13896247744560242,-0.1383829414844513,0.29098838567733765,0.0034620752558112144,-0.3932685852050781,0.36072883009910583,0.39609575271606445,0.09062796086072922,0.7538185119628906,0.22665154933929443,-0.6904389262199402
0.4551758749999989,0.0034223749999999996,133.0,2.6428818730998747,-0.9177849019255093,0.5460840690571004,-0.0019981632420658134,-0.00010969925288777178,-0.0009849936924801884,0.06826263374934723,-0.07245782017707825,0.14113008975982666,-0.14037752151489258,0.29485300183296204,0.0038076990749686956,-0.38790059089660645,0.36822783946990967,0.3928107023239136,0.09215374290943146,0.7578415870666504,0.21911491453647614,-0.6910836696624756
0.4551758749999989,0.0034223749999999996,133.0,2.618919727677048,-0.8936431543517911,0.5456790478077537,-0.0018375537284110925,-0.00010149135591172215,-0.0009049748017426709,0.06825016034183166,-0.07486855983734131,0.14524240791797638,-0.143596351146698,0.3051556348800659,0.0038462060038000345,-0.390261173248291,0.37463244795799255,0.3844587802886963,0.09053343534469604,0.7613906860351562,0.20123228430747986,-0.6930963397026062
0.4551758749999989,0.0034223749999999996,133.0,2.5942832563387745,-0.8689016497401422,0.5454688931885592,-0.001639783946545632,-8.963251898702352e-5,-0.0008091947717889821,0.0682427387182839,-0.07626321911811829,0.14762301743030548,-0.14529168605804443,0.30982258915901184,-0.0003306365106254816,-0.3928554058074951,0.3784976303577423,0.3798883557319641,0.07471759617328644,0.7685806751251221,0.2102871984243393,-0.6932626962661743
0.4551758749999989,0.0034223749999999996,133.0,2.5687604263350265,-0.8435508256262961,0.5454362387620068,-0.0014565267304553506,-8.274243960946157e-5,-0.0007209714433409762,0.06823253986766167,-0.07789069414138794,0.1475607007741928,-0.1460726261138916,0.30574819445610046,0.0012238736962899566,-0.37777280807495117,0.38620108366012573,0.3815455436706543,0.08286499977111816,0.774259090423584,0.21347646415233612,-0.6909047365188599
0.4551758749999989,0.0034223749999999996,133.0,2.542477475208633,-0.8175728972923845,0.5453698487648377,-0.001275883191535949,-7.449813006134742e-5,-0.0006320444059272414,0.06822550577060625,-0.0791669487953186,0.1461646407842636,-0.14655029773712158,0.2978806793689728,0.004102734848856926,-0.35773158073425293,0.3950828015804291,0.38536906242370605,0.1004171073436737,0.7782993316650391,0.21755371987819672,-0.6868975162506104
0.4551758749999989,0.0034223749999999996,133.0,2.5154001525196104,-0.7905918097354292,0.5451908783182621,-0.0011261817991067983,-6.725270364403841e-5,-0.0005581001308272936,0.0682185150413189,-0.08000090718269348,0.1461273580789566,-0.14803674817085266,0.29457998275756836,0.0036058202385902405,-0.3441450595855713,0.40271392464637756,0.3842674493789673,0.1141614094376564,0.7795281410217285,0.21487626433372498,-0.6825109720230103
0.4551758749999989,0.0034223749999999996,133.0,2.4875986557281435,-0.762837745870417,0.5450088917857304,-0.0009926868176768798,-5.9967321209671705e-5,-0.0004922948373146532,0.06821551531948333,-0.0799185037612915,0.14567792415618896,-0.1495037078857422,0.29068708419799805,-0.0006126062944531441,-0.33536577224731445,0.4082958698272705,0.3821730613708496,0.12145154923200607,0.779571533203125,0.2210995852947235,-0.6765254735946655
0.4551758749999989,0.0034223749999999996,133.0,2.458787643988961,-0.7342624113489618,0.5448036455605896,-0.0008197233388042664,-5.046550568194467e-5,-0.0004056925991315668,0.06820767148220296,-0.08135449886322021,0.14507606625556946,-0.15099161863327026,0.2856455147266388,0.0027379312086850405,-0.3159675598144531,0.4175495207309723,0.38309043645858765,0.1494438350200653,0.7806506156921387,0.21168501675128937,-0.67239910364151
0.4551758749999989,0.0034223749999999996,133.0,2.429154201020879,-0.7049316738277568,0.5446715229222411,-0.0006881935724908161,-4.383957026462221e-5,-0.0003405341417852083,0.06820019992125591,-0.08272963762283325,0.14388656616210938,-0.15196216106414795,0.2779361307621002,0.0061112516559660435,-0.29351019859313965,0.4282572567462921,0.386918842792511,0.17502698302268982,0.7831158638000488,0.20997799932956696,-0.6685354113578796
0.4551758749999989,0.0034223749999999996,133.0,2.3986537910320553,-0.6745892835239407,0.544482809837722,-0.0005165710843584361,-3.382942088402773e-5,-0.00025594127706373023,0.06819024273719648,-0.08442723751068115,0.1442846655845642,-0.1534041464328766,0.2750287652015686,0.007142455782741308,-0.2786581516265869,0.43778911232948303,0.3872641324996948,0.18579193949699402,0.7884230613708496,0.2102612853050232,-0.6660204529762268
0.4551758749999989,0.0034223749999999996,133.0,2.367357738626355,-0.6431541379310282,0.5442017182966036,-0.00032453253770688687,-2.0931944721026133e-5,-0.00016090538273907666,0.0681805237283139,-0.08588501811027527,0.14691869914531708,-0.15577912330627441,0.28020721673965454,0.0032083974219858646,-0.28001880645751953,0.4417071044445038,0.3794378936290741,0.1752060055732727,0.7957022190093994,0.21172885596752167,-0.6634200215339661
0.4551758749999989,0.0034223749999999996,133.0,2.3351720555644637,-0.6109577522313613,0.543958327268966,-0.00015167773002215356,-9.91393212923569e-6,-7.540457268246085e-5,0.06816821659351052,-0.0878605842590332,0.14891262352466583,-0.15776807069778442,0.2824470102787018,0.0031632387544959784,-0.2737560272216797,0.44838854670524597,0.37489205598831177,0.17290398478507996,0.8038527965545654,0.21107664704322815,-0.6611706018447876
0.4551758749999989,0.0034223749999999996,133.0,2.3021498614121247,-0.5784006072771936,0.5438763131081471,1.68144062481663e-5,1.159433929001578e-6,8.399089179573692e-6,0.06815824127092772,-0.0898522138595581,0.14701785147190094,-0.15820005536079407,0.2718483507633209,0.009773577563464642,-0.25050902366638184,0.460575670003891,0.38207972049713135,0.19031210243701935,0.8123209476470947,0.22421428561210632,-0.6578245162963867
0.4551758749999989,0.0034223749999999996,133.0,2.268273698446555,-0.5447033436933744,0.5436649503614575,0.00018575855714576041,1.3129355513699157e-5,9.291166844497153e-5,0.06814649965756218,-0.09200716018676758,0.14760518074035645,-0.15992006659507751,0.2690325677394867,0.01184349786490202,-0.2349534034729004,0.4720103144645691,0.3824523091316223,0.20096193253993988,0.8196158409118652,0.2244492769241333,-0.655440092086792
0.4551758749999989,0.0034223749999999996,133.0,2.2334837412549464,-0.5098663138716719,0.5432789089021502,0.0003688972280386884,2.6281370212004002e-5,0.00018454088155055515,0.06813082077938501,-0.0948067307472229,0.1507045477628708,-0.16296866536140442,0.27488186955451965,0.011807999573647976,-0.22951674461364746,0.4812571704387665,0.3755890727043152,0.20273758471012115,0.8280081748962402,0.21344512701034546,-0.6544897556304932
0.4551758749999989,0.0034223749999999996,133.0,2.1978936992663,-0.4744857801361607,0.5430521079281915,0.0005129273230808224,3.743556559702888e-5,0.00025697828850575595,0.06811791034476078,-0.09735652804374695,0.15151311457157135,-0.16478458046913147,0.272294282913208,0.013995975255966187,-0.2138378620147705,0.4937497675418854,0.3764256238937378,0.211585134267807,0.837291955947876,0.2149910032749176,-0.6528121829032898
0.4551758749999989,0.0034223749999999996,133.0,2.1614907493980433,-0.43828906186406463,0.5428193812648104,0.0006753739727795709,5.05536034013688e-5,0.00033885856867837554,0.06810523597040911,-0.09976252913475037,0.15216928720474243,-0.16665470600128174,0.2693498134613037,0.015853337943553925,-0.1977851390838623,0.5065180063247681,0.3770844340324402,0.22218237817287445,0.8459329605102539,0.21588167548179626,-0.6505892872810364
0.4551758749999989,0.0034223749999999996,133.0,2.1242961268495284,-0.4012822804726792,0.5425927884620808,0.0008484104768482917,6.524609943748471e-5,0.0004262372116119784,0.06809336610598146,-0.10183164477348328,0.1525566577911377,-0.16858580708503723,0.26580867171287537,0.017027268186211586,-0.18137431144714355,0.5193732976913452,0.3774489462375641,0.2358720898628235,0.8530118465423584,0.21552932262420654,-0.6474567651748657
0.4551758749999989,0.0034223749999999996,133.0,2.0863303099172636,-0.36349075972182326,0.5423431682087266,0.001044875819795611,8.302475772022929e-5,0.0005257433078877114,0.06808306038693375,-0.10343292355537415,0.15254049003124237,-0.17064893245697021,0.2616291046142578,0.016405930742621422,-0.16524195671081543,0.5325796604156494,0.37768787145614624,0.2524992823600769,0.8579485416412354,0.21532517671585083,-0.6435403823852539
0.4551758749999989,0.0034223749999999996,133.0,2.047556049822398,-0.32487525609634677,0.5421176201379456,0.0012314579209512916,0.00010083050614387864,0.0006202079633457058,0.06807372788323932,-0.10476720333099365,0.15231278538703918,-0.17278248071670532,0.25701019167900085,0.01472819596529007,-0.14917826652526855,0.5461781620979309,0.3780222535133362,0.27120038866996765,0.8616328239440918,0.21482564508914948,-0.6392681002616882
0.4551758749999989,0.0034223749999999996,133.0,2.007847632765006,-0.2857822606637817,0.5419461647645617,0.001352209621917696,0.00011736942753345277,0.0006817789583074284,0.0680661285380842,-0.10687100887298584,0.14933907985687256,-0.17409160733222961,0.2431238740682602,0.021594803780317307,-0.12008428573608398,0.5682364106178284,0.38948050141334534,0.3148016035556793,0.8662424087524414,0.2234209179878235,-0.636860728263855
0.4551758749999989,0.0034223749999999996,133.0,1.967333290386747,-0.2454834671251355,0.5417074594764981,0.0015069242583243285,0.0001347460078636618,0.0007608867277770948,0.06805471050511827,-0.10889282822608948,0.14945518970489502,-0.1760680377483368,0.23929497599601746,0.0224173404276371,-0.10469508171081543,0.5841567516326904,0.3906959295272827,0.33005228638648987,0.8730173110961914,0.2248561978340149,-0.6342902183532715
0.4551758749999989,0.0034223749999999996,133.0,1.9258325906566633,-0.20378963806651618,0.5412052344002024,0.0016578664015171726,0.00015032705222553595,0.0008384000754890048,0.06803321266132548,-0.11186090111732483,0.15393012762069702,-0.17987778782844543,0.2507319748401642,0.02056572586297989,-0.10599422454833984,0.5932342410087585,0.3767261505126953,0.3271200358867645,0.8822479248046875,0.20235981047153473,-0.6318079829216003
0.4551758749999989,0.0034223749999999996,133.0,1.8844826459177775,-0.16061779698139445,0.5435960632274828,0.0017998218540719129,0.00015345411818171433,0.0009163087135511402,0.06795152155485458,-0.11221939325332642,0.15151560306549072,-0.1805875599384308,0.2359638661146164,0.017481818795204163,-0.08313131332397461,0.6039857864379883,0.38412320613861084,0.33293387293815613,0.8899574279785156,0.22692593932151794,-0.62446129322052
0.4551758749999989,0.0034223749999999996,133.0,1.841212392019093,-0.11757753524206539,0.5432219674921379,0.001897145099712732,0.00017290539150639227,0.0009694734552502346,0.06792700636793672,-0.11659854650497437,0.15161949396133423,-0.18310120701789856,0.2302992343902588,0.02825107052922249,-0.05952095985412598,0.6294823288917542,0.3901471495628357,0.3675400912761688,0.9046568870544434,0.22235284745693207,-0.6248753070831299
0.4551758749999989,0.0034223749999999996,133.0,1.79677890661955,-0.0744356554030056,0.5432729271156314,0.0018705601492148656,0.00018265235031129026,0.0009632719454991153,0.06790516618044007,-0.12520915269851685,0.14884868264198303,-0.18294957280158997,0.20788615942001343,0.055934976786375046,-0.019144535064697266,0.6678159832954407,0.4189009666442871,0.39728832244873047,0.9451560974121094,0.2629236578941345,-0.631434977054596
0.4551758749999989,0.0034223749999999996,133.0,1.749338678855188,-0.026552573435666534,0.5400904232543767,0.0017515696259683734,9.434264344413411e-5,0.000924793175967183,0.06782488376980736,-0.1562841534614563,0.210760235786438,-0.18990923464298248,0.35711273550987244,0.07251983880996704,-0.077545166015625,0.3976977467536926,0.37650221586227417,-0.3298344910144806,1.2560734748840332,0.08815041929483414,-0.7381150722503662
0.4551758749999989,0.0034223749999999996,133.0,1.6996122647264769,0.026021469461789355,0.5407238764243024,0.00010307096835126776,-5.472936928246519e-6,5.695621054021222e-5,0.06750257932204168,-0.21142539381980896,0.28516268730163574,-0.17773622274398804,0.4242539703845978,0.028427619487047195,0.11832785606384277,-0.06798863410949707,0.588795006275177,-1.485906958580017,1.7478876113891602,-0.028387784957885742,-1.0162413120269775
0.4551758749999989,0.0034223749999999996,133.0,1.740339060535978,0.05645608870988855,0.5425396046396614,-0.0017118313860209613,-0.00014514785485479878,-0.000971890452880036,0.06695360643735783,-0.23503056168556213,0.12992562353610992,-0.18177667260169983,0.6496207118034363,-0.17006757855415344,0.21974873542785645,0.9189167618751526,-0.04274308681488037,-0.6814895272254944,1.5780029296875,-0.02713829092681408,-0.6070197820663452
0.4551758749999989,0.0034223749999999996,133.0,1.7771951105617532,0.10502510365099624,0.548200010580272,-0.0019441226475136759,2.5011172546698183e-5,-0.0011077432163296734,0.06630062634968102,-0.30526819825172424,0.16629235446453094,-0.11273899674415588,0.9813832640647888,-0.41946837306022644,0.49637269973754883,0.4661637544631958,0.07281312346458435,-1.548184871673584,1.9793076515197754,0.3117542564868927,-1.0533626079559326
0.4551758749999989,0.0034223749999999996,133.0,1.8151693530702486,0.1524717938853452,0.5545347051650965,-0.0019716201807776154,0.00013550819280286434,-0.0010708889050327578,0.06591892655522978,-0.36424747109413147,0.20227928459644318,-0.03945755958557129,1.2538508176803589,-0.8106696605682373,0.5989751815795898,0.028928810730576515,0.2404664158821106,-1.9210000038146973,2.0537896156311035,0.5274590253829956,-1.4940555095672607
0.4551758749999989,0.0034223749999999996,133.0,1.8567878802506013,0.19719049427650687,0.5564732578738637,-0.0018717541726407285,0.00014387497406103167,-0.0009928186250274208,0.06583319911318167,-0.373783141374588,0.21825601160526276,-0.01774972677230835,1.3326534032821655,-0.9160627722740173,0.6017431020736694,-0.03584207221865654,0.269831120967865,-2.0011343955993652,1.9970741271972656,0.5485230684280396,-1.602747917175293
0.4551758749999989,0.0034223749999999996,133.0,1.8983923966786669,0.24007070235989547,0.5575710950068763,-0.0017186924803179043,0.000139172679519248,-0.0008979415618454308,0.06580007308075833,-0.37727388739585876,0.2246062308549881,-0.00911065936088562,1.35947847366333,-0.9634085297584534,0.6097807884216309,-0.053800128400325775,0.28287047147750854,-2.02728009223938,1.9663338661193848,0.5776288509368896,-1.6428484916687012
0.4551758749999989,0.0034223749999999996,133.0,1.9392365486246754,0.2816400114923229,0.5577058863371543,-0.0015254071422823546,0.0001228035039379331,-0.0007932432983099707,0.06580285281680574,-0.37509194016456604,0.22825969755649567,0.0004776418209075928,1.4001917839050293,-0.9707933664321899,0.6026215553283691,-0.06640675663948059,0.2690446972846985,-2.02944016456604,1.9126782417297363,0.6200456023216248,-1.6698579788208008
0.4551758749999989,0.0034223749999999996,133.0,1.9795521482673202,0.3223112668873466,0.5578911621995056,-0.0014380286340016696,0.00011181927476924702,-0.0007425487404845688,0.0657975705976593,-0.37702253460884094,0.2309880256652832,0.0013139545917510986,1.3978986740112305,-0.9962901473045349,0.6203575134277344,-0.03677332401275635,0.28123345971107483,-2.0471386909484863,1.8967819213867188,0.645080029964447,-1.6800355911254883
0.4551758749999989,0.0034223749999999996,133.0,2.019199674985006,0.3622124642218321,0.5585167285764709,-0.00123357394865804,9.530991371299534e-5,-0.0006287016972524945,0.06577719266190746,-0.3773680627346039,0.23374372720718384,0.0058307647705078125,1.4157923460006714,-1.0128713846206665,0.6284419298171997,-0.027424674481153488,0.28033876419067383,-2.0574891567230225,1.8644537925720215,0.675791323184967,-1.6972253322601318
0.4551758749999989,0.0034223749999999996,133.0,2.0578465813067965,0.40124789526845184,0.5589876771749226,-0.0010756920225920559,8.235734388691518e-5,-0.0005425099774733226,0.06576765591550356,-0.3750205338001251,0.23590975999832153,0.012625515460968018,1.4505070447921753,-1.0081020593643188,0.6240582466125488,-0.019311321899294853,0.2617189884185791,-2.0620617866516113,1.81657075881958,0.716455340385437,-1.7134698629379272
0.4551758749999989,0.0034223749999999996,133.0,2.095597620301064,0.43944047829247995,0.5593395460162245,-0.0008761095246190775,6.634670356044277e-5,-0.0004379929274885544,0.06575970936727947,-0.37504681944847107,0.23818914592266083,0.016483813524246216,1.4652812480926514,-1.0226891040802002,0.6306194067001343,-0.007304079830646515,0.2603519856929779,-2.071190118789673,1.7851901054382324,0.7471657395362854,-1.7270655632019043
0.4551758749999989,0.0034223749999999996,133.0,2.132527777264281,0.476768289222206,0.5596523857607812,-0.0006983510054741464,5.2182244135275285e-5,-0.00034630672282487407,0.06575309999659272,-0.3749971091747284,0.2401912361383438,0.019849509000778198,1.4784798622131348,-1.0337271690368652,0.6366351842880249,0.005759628489613533,0.25794556736946106,-2.07792592048645,1.756415843963623,0.7756827473640442,-1.7380285263061523
0.4551758749999989,0.0034223749999999996,133.0,2.1686260190192717,0.5132491091546857,0.559954350827963,-0.0005282804119835535,3.891700349883179e-5,-0.00025993533460300685,0.06574648607190554,-0.37507763504981995,0.24213990569114685,0.023183196783065796,1.491524338722229,-1.0432418584823608,0.6420756578445435,0.017618656158447266,0.2550799250602722,-2.0841588973999023,1.7292180061340332,0.8024349212646484,-1.7483677864074707
0.4551758749999989,0.0034223749999999996,133.0,2.2039005355383154,0.5488707589000362,0.5602145063202538,-0.00036360495203301195,2.6346989565921144e-5,-0.00017762352982757392,0.06574058324844609,-0.37515899538993835,0.24393220245838165,0.026161879301071167,1.5035172700881958,-1.049390435218811,0.6468302011489868,0.029386525973677635,0.25136423110961914,-2.088329315185547,1.7044763565063477,0.8268851637840271,-1.7567881345748901
0.4551758749999989,0.0034223749999999996,133.0,2.2383028558691564,0.5836571675932329,0.5604530161864281,-0.00020419914796723294,1.4517573037879882e-5,-9.912345150645528e-5,0.06573286877841059,-0.37535640597343445,0.24559658765792847,0.02870774269104004,1.514310598373413,-1.0516782999038696,0.6510015726089478,0.04054585099220276,0.24687224626541138,-2.090428590774536,1.6833000183105469,0.8479094505310059,-1.7632118463516235
0.4551758749999989,0.0034223749999999996,133.0,2.271437418161049,0.6176513846060221,0.5603745254333178,-6.090999764371307e-5,4.224275093940115e-6,-2.9531806386083144e-5,0.0657263392356672,-0.3789457380771637,0.24803471565246582,0.027281612157821655,1.5029828548431396,-1.070792555809021,0.6750648021697998,0.06252807378768921,0.261735737323761,-2.10262131690979,1.6853842735290527,0.8516873717308044,-1.766941785812378
0.4551758749999989,0.0034223749999999996,133.0,2.3037030485038574,0.6508776544920585,0.5605775291004823,0.00013167707508253396,-9.087989594177026e-6,6.355922601129051e-5,0.06570831817194654,-0.3824833333492279,0.25055834650993347,0.028384774923324585,1.5041342973709106,-1.0873043537139893,0.6922295093536377,0.06653858721256256,0.27076995372772217,-2.110968828201294,1.681689739227295,0.8553553819656372,-1.7772407531738281
0.4551758749999989,0.0034223749999999996,133.0,2.336151719859479,0.6811769077694904,0.5585385217889518,0.0003106930389813005,-2.003205216036401e-5,0.00014804243183972753,0.06586576829240141,-0.37790802121162415,0.25072920322418213,0.03492900729179382,1.5231226682662964,-1.095561146736145,0.6651257276535034,0.04588322341442108,0.2615165114402771,-2.091857671737671,1.6348414421081543,0.8993596434593201,-1.7870302200317383
0.4551758749999989,0.0034223749999999996,133.0,2.3668356959142773,0.7127086707961906,0.5587384912150994,0.0004918141333831769,-3.15864297313081e-5,0.00023319784178422475,0.06585531649083444,-0.3812114894390106,0.2531481981277466,0.03664135932922363,1.5243974924087524,-1.1204288005828857,0.6836025714874268,0.054428257048130035,0.2720338702201843,-2.106398820877075,1.6253585815429688,0.9127056002616882,-1.798985242843628
0.4551758749999989,0.0034223749999999996,133.0,2.3972431763690136,0.7433210175967202,0.5593902092430523,0.0007076331162432148,-4.481519383447864e-5,0.00033169499786718043,0.06583442112591277,-0.3800185024738312,0.2544946074485779,0.04255878925323486,1.554367184638977,-1.1119632720947266,0.6788547039031982,0.06271254271268845,0.251620888710022,-2.1145431995391846,1.5913543701171875,0.9450347423553467,-1.8086068630218506
0.4551758749999989,0.0034223749999999996,133.0,2.426844995057245,0.7730327205548524,0.5598338525282041,0.000862314343115835,-5.3325102660033274e-5,0.00040050916952816647,0.06582471063629966,-0.3787042200565338,0.25539499521255493,0.04692789912223816,1.575292706489563,-1.1073485612869263,0.675934910774231,0.07784870266914368,0.23551532626152039,-2.1212308406829834,1.5597856044769287,0.9784104824066162,-1.813535213470459
0.4551758749999989,0.0034223749999999996,133.0,2.455568725526115,0.8019497870190628,0.5605762227520691,0.0010605930183078048,-6.633647386858482e-5,0.0004871914890789437,0.06580786408220873,-0.3780486285686493,0.2565414607524872,0.05396163463592529,1.6045838594436646,-1.10979163646698,0.6650868654251099,0.06608398258686066,0.22097060084342957,-2.1217994689941406,1.5263373851776123,1.0087097883224487,-1.8282713890075684
0.4551758749999989,0.0034223749999999996,133.0,2.4831117543279824,0.830025197014035,0.5607027038582946,0.0012126711674947889,-7.558057415361124e-5,0.0005548630381757777,0.06580748661816554,-0.3803764283657074,0.25824248790740967,0.054971903562545776,1.6011227369308472,-1.1355706453323364,0.6810952425003052,0.07885721325874329,0.2318984568119049,-2.1336724758148193,1.514512538909912,1.0269453525543213,-1.8359370231628418
0.4551758749999989,0.0034223749999999996,133.0,2.5100656212782546,0.8572202924998257,0.5611259811431253,0.001383444001108909,-8.625733117232216e-5,0.0006281488219200339,0.06580045103326357,-0.3808538019657135,0.2593742311000824,0.058221638202667236,1.6135436296463013,-1.1416481733322144,0.6831775903701782,0.08608384430408478,0.22615954279899597,-2.139744281768799,1.4932835102081299,1.0494264364242554,-1.842717170715332
0.4551758749999989,0.0034223749999999996,133.0,2.536385292442861,0.8834708103752259,0.5612278700976789,0.001587406883667853,-9.502558089807174e-5,0.0007171682926806947,0.06580123727087327,-0.3795698583126068,0.2598903775215149,0.06283918023109436,1.6331219673156738,-1.1391485929489136,0.6739282608032227,0.08649060130119324,0.21223053336143494,-2.13877010345459,1.4642333984375,1.0761302709579468,-1.8484041690826416
0.4551758749999989,0.0034223749999999996,133.0,2.5616990982349317,0.9089705415320424,0.5614544750377803,0.0017950011082633417,-0.00010636868243181491,0.0008068936260925914,0.06579507854246207,-0.37950804829597473,0.26082643866539,0.0666104257106781,1.6490081548690796,-1.1386430263519287,0.6688463687896729,0.08272615075111389,0.20368683338165283,-2.1382339000701904,1.4449107646942139,1.093580722808838,-1.855755090713501
0.4551758749999989,0.0034223749999999996,133.0,2.585940443035932,0.9336786347888,0.561631734930855,0.0020255693124928077,-0.00011975307191241839,0.0009067386340208852,0.06578994301405498,-0.3812451660633087,0.2620090842247009,0.0663805902004242,1.6461517810821533,-1.1504523754119873,0.6843103170394897,0.10039830207824707,0.208103746175766,-2.147352457046509,1.4370536804199219,1.1043952703475952,-1.85748291015625
0.4551758749999989,0.0034223749999999996,133.0,2.6093764879477095,0.9575215950939274,0.5616256490077235,0.0021959173903088134,-0.00012834345611871626,0.000981105536205459,0.06578971744812463,-0.3830919563770294,0.2632388770580292,0.06675055623054504,1.6439509391784668,-1.1641955375671387,0.6962031126022339,0.1095496416091919,0.21419787406921387,-2.1528208255767822,1.4296975135803223,1.1141325235366821,-1.861508846282959
0.4551758749999989,0.0034223749999999996,133.0,2.631905426937418,0.9805505496482438,0.5616126809906522,0.00241281592213982,-0.0001390052082065469,0.0010759832368341655,0.06578780280417422,-0.3850755989551544,0.26455530524253845,0.06617233157157898,1.6383901834487915,-1.177151083946228,0.7126792669296265,0.12579135596752167,0.22102245688438416,-2.16162371635437,1.4248576164245605,1.1223160028457642,-1.8629374504089355
0.4551758749999989,0.0034223749999999996,133.0,2.6537938095465345,1.0026996631528835,0.5617516071870036,0.002633469107781515,-0.00015080325613387016,0.0011702469903536916,0.06578521844280202,-0.38418832421302795,0.2649424076080322,0.07024559378623962,1.6573572158813477,-1.1712051630020142,0.7028374671936035,0.12302331626415253,0.2071957290172577,-2.1610493659973145,1.4027199745178223,1.1429167985916138,-1.8680782318115234
0.4551758749999989,0.0034223749999999996,133.0,2.674798114602164,1.0240542502669054,0.5617939478484179,0.0028660753506626535,-0.00016166762416214866,0.0012705953717553477,0.06578118291639196,-0.3873794972896576,0.26670217514038086,0.06808558106422424,1.6415730714797974,-1.1961638927459717,0.7306852340698242,0.14336436986923218,0.2242468297481537,-2.1750686168670654,1.4040310382843018,1.1464083194732666,-1.8695809841156006
0.4551758749999989,0.0034223749999999996,133.0,2.6952655288778335,1.0445082669237342,0.5625276441350472,0.0031056509625479217,-0.00018120453494305347,0.0013619298651134472,0.06576360959555565,-0.38585516810417175,0.2670644521713257,0.07507053017616272,1.675769567489624,-1.1792420148849487,0.706902027130127,0.12494562566280365,0.20034438371658325,-2.1719226837158203,1.3783459663391113,1.167830228805542,-1.8797450065612793
0.4551758749999989,0.0034223749999999996,133.0,2.714673397958213,1.0642511752571293,0.5630277525148548,0.003290613781522311,-0.0001928245788821035,0.0014351731415827506,0.0657522115691539,-0.386564701795578,0.268024206161499,0.07908955216407776,1.6920231580734253,-1.1800247430801392,0.7009950876235962,0.1156284362077713,0.19293957948684692,-2.1738884449005127,1.363844633102417,1.1800340414047241,-1.8885705471038818
0.4551758749999989,0.0034223749999999996,133.0,2.7333908028040943,1.0830515827966878,0.5635216102500528,0.0035009357693754108,-0.00020607086244529084,0.001516055780318995,0.06574073446452543,-0.3869597613811493,0.26861029863357544,0.08176830410957336,1.7039062976837158,-1.1799938678741455,0.6998884677886963,0.11830645799636841,0.18492642045021057,-2.1782307624816895,1.3486738204956055,1.1942548751831055,-1.892484188079834
0.4551758749999989,0.0034223749999999996,133.0,2.7507191277038783,1.101111424253875,0.5633391894239903,0.0036788219181971187,-0.00021905658992958345,0.0015945886140691235,0.06574723720088928,-0.38995441794395447,0.2701616585254669,0.08268174529075623,1.6985576152801514,-1.2057123184204102,0.7112218141555786,0.10771854221820831,0.20073318481445312,-2.180453300476074,1.3476507663726807,1.1940480470657349,-1.903027057647705
0.4551758749999989,0.0034223749999999996,133.0,2.767782046277874,1.1182032270194795,0.5635621416270744,0.003891332301281811,-0.00022910975039755127,0.0016790775265789562,0.06574200206742689,-0.38978180289268494,0.27058470249176025,0.08486834168434143,1.7087864875793457,-1.2032097578048706,0.7094168663024902,0.11328387260437012,0.1921151578426361,-2.184683322906494,1.3328001499176025,1.2083947658538818,-1.9046876430511475
0.4551758749999989,0.0034223749999999996,133.0,2.783786708257904,1.134510709037461,0.5637520150035628,0.0040780556707272625,-0.00024112244813368535,0.0017538269967934282,0.0657381504207728,-0.3919070065021515,0.27157044410705566,0.08594098687171936,1.707163691520691,-1.2246350049972534,0.7201727628707886,0.11175164580345154,0.20171436667442322,-2.190131187438965,1.3255038261413574,1.2147420644760132,-1.9127707481384277
0.4551758749999989,0.0034223749999999996,133.0,2.799010974196256,1.1498609009247578,0.5635694790254576,0.004262432389109762,-0.0002494928388681619,0.001828968996339416,0.06574432367883935,-0.3906390368938446,0.2714749574661255,0.08812692761421204,1.716857671737671,-1.2217931747436523,0.7154139280319214,0.11974655091762543,0.19153577089309692,-2.192796468734741,1.3068790435791016,1.2340749502182007,-1.9123337268829346
0.4551758749999989,0.0034223749999999996,133.0,2.8134905181752474,1.1644433210652319,0.563788159689539,0.004408913444842002,-0.00025854161241533686,0.001884049370214511,0.06574289482217165,-0.3921526372432709,0.2721632122993469,0.08809980750083923,1.7093312740325928,-1.246135950088501,0.7301101684570312,0.1273353546857834,0.2038925290107727,-2.2003114223480225,1.2998378276824951,1.2454973459243774,-1.9173099994659424
0.4551758749999989,0.0034223749999999996,133.0,2.8270049318421933,1.1781932499312848,0.563947222908058,0.004539493004689266,-0.00027169479675778334,0.001932970083234723,0.06574889360281624,-0.3932475745677948,0.2723688781261444,0.09074875712394714,1.7094088792800903,-1.2780276536941528,0.7319859266281128,0.11279396712779999,0.21737635135650635,-2.2009170055389404,1.2857334613800049,1.2632787227630615,-1.9309215545654297
0.4551758749999989,0.0034223749999999996,133.0,2.840081349016669,1.1911379539762263,0.5646027015834459,0.004682156878993855,-0.00028418460282631034,0.00198102741563035,0.0657431465572732,-0.3922426998615265,0.2720128893852234,0.09322354197502136,1.7189151048660278,-1.2836167812347412,0.7282620668411255,0.11458753049373627,0.21263301372528076,-2.206911325454712,1.267648696899414,1.2870821952819824,-1.9357061386108398
0.4551758749999989,0.0034223749999999996,133.0,2.8526828092589107,1.2029403668529184,0.5646322425190813,0.0048329009801803225,-0.00028253175321995124,0.002031765062729599,0.06574764513623957,-0.38684919476509094,0.2704402208328247,0.09764668345451355,1.7457329034805298,-1.249130368232727,0.6984623670578003,0.1250687837600708,0.1777026653289795,-2.2042384147644043,1.2364892959594727,1.3211861848831177,-1.9275035858154297
0.4551758749999989,0.0034223749999999996,133.0,2.864479504064275,1.2139901934671309,0.56502811015001,0.004988482638965561,-0.00028524124095052536,0.0020810379642713485,0.0657435469612895,-0.3822753131389618,0.26905155181884766,0.10169127583503723,1.7708667516708374,-1.2167223691940308,0.672610878944397,0.13529042899608612,0.14539188146591187,-2.2036473751068115,1.209123134613037,1.3508672714233398,-1.9202320575714111
0.4551758749999989,0.0034223749999999996,133.0,2.8755183452936786,1.2242007086237803,0.5652997178137983,0.005138237917686169,-0.000280803373911825,0.0021294792691202245,0.06574168750578205,-0.37742331624031067,0.2677121162414551,0.10408517718315125,1.7907962799072266,-1.179483413696289,0.6524450778961182,0.15798047184944153,0.11251640319824219,-2.206979513168335,1.1852867603302002,1.3793301582336426,-1.9072401523590088
0.4551758749999989,0.0034223749999999996,133.0,2.8855081272012786,1.2336871881868183,0.5655433594424694,0.005308811477774142,-0.00027798198216672784,0.002190929297837898,0.06574121626505569,-0.37340179085731506,0.26649004220962524,0.10572227835655212,1.8062894344329834,-1.1485135555267334,0.6382451057434082,0.18190895020961761,0.08462807536125183,-2.2116189002990723,1.1642446517944336,1.404344916343689,-1.8948338031768799
0.4551758749999989,0.0034223749999999996,133.0,2.8938962356457663,1.24455037044799,0.5685121033240598,0.005555532213960302,-0.0003013367068258437,0.002278957548330258,0.0655428473525248,-0.3761313855648041,0.2679651379585266,0.10540178418159485,1.824135184288025,-1.122205138206482,0.6598708629608154,0.21626950800418854,0.06623411178588867,-2.243488311767578,1.1704106330871582,1.3995821475982666,-1.894300937652588
0.4551758749999989,0.0034223749999999996,133.0,2.9025345302691656,1.2522791807775333,0.5690610912469785,0.005818817352425136,-0.00030848994048880246,0.002369923223214821,0.0655367838910181,-0.3706836998462677,0.26644089818000793,0.10957983136177063,1.8546184301376343,-1.0701439380645752,0.624334454536438,0.2237335741519928,0.024275869131088257,-2.2407751083374023,1.147254467010498,1.4205998182296753,-1.8826000690460205
0.4551758749999989,0.0034223749999999996,133.0,2.9099579607050376,1.2592214803797563,0.569128086888813,0.006214586061296666,-0.0003194051334105973,0.0025217056627626845,0.06553969016227257,-0.36758914589881897,0.2655903398990631,0.11085215210914612,1.8641905784606934,-1.0538500547409058,0.6147204637527466,0.23776711523532867,0.007885456085205078,-2.246032953262329,1.128859519958496,1.4400027990341187,-1.875793218612671
0.4551758749999989,0.0034223749999999996,133.0,2.91669994446387,1.265365415529928,0.5693517982386208,0.006876364830326174,-0.0003442704949627695,0.0027764619654921953,0.06553803559470546,-0.3639058768749237,0.26478105783462524,0.1114223301410675,1.875830054283142,-1.0259289741516113,0.6054929494857788,0.25845634937286377,-0.014322102069854736,-2.2544870376586914,1.11228346824646,1.4560517072677612,-1.8652241230010986
0.4551758749999989,0.0034223749999999996,133.0,2.922546692038525,1.2707359580040896,0.5693530193194457,0.008375181104701838,-0.0004108019953001348,0.0033636606612846157,0.06554012372261608,-0.3601294457912445,0.2643253803253174,0.1127871572971344,1.8906689882278442,-1.0063390731811523,0.5976094007492065,0.27140238881111145,-0.033698320388793945,-2.2695820331573486,1.0875701904296875,1.4724401235580444,-1.860717535018921
0.4551758749999989,0.0034223749999999996,133.0,2.927640356126425,1.2758681497826767,0.5695663104803647,0.015587441925703476,-0.0008118042287206784,0.00611914672840425,0.06551614731935204,-0.3562983572483063,0.26743248105049133,0.11438301205635071,1.9178829193115234,-1.0203068256378174,0.6256319284439087,0.28169572353363037,-0.037917494773864746,-2.3460047245025635,1.026855707168579,1.4810675382614136,-1.88409423828125
0.4551758749999989,0.0034223749999999996,133.0,2.9287840259027695,-1.2307845193941618,0.5362514891829177,-0.013810818094565401,-0.0004752261182267925,-0.006899774483793007,0.06836125830580957,-0.06037712097167969,0.14568425714969635,-0.13107621669769287,0.3401316702365875,0.03385116532444954,-0.6508262157440186,0.28267377614974976,0.4400225281715393,-0.1584932804107666,0.7524144649505615,0.46072185039520264,-0.7834816575050354
0.4551758749999989,0.0034223749999999996,133.0,2.924192643702231,-1.225795444800599,0.536683734965744,-0.007458886361401232,-0.00020550870797181564,-0.003724823354312891,0.06832178759408082,-0.060767948627471924,0.15039704740047455,-0.12754720449447632,0.35822850465774536,-0.012334475293755531,-0.6447148323059082,0.26975271105766296,0.4205561876296997,-0.2209739238023758,0.7670238018035889,0.4452293813228607,-0.7820180654525757
0.4551758749999989,0.0034223749999999996,133.0,2.9186433594536627,-1.2202934907698,0.5366722974814868,-0.006129769780540422,-0.00016541618427732944,-0.003057824180547026,0.06830447266232607,-0.06254786252975464,0.15092433989048004,-0.12667667865753174,0.3579631447792053,-0.011604087427258492,-0.6266534328460693,0.2679789364337921,0.4169689416885376,-0.21061521768569946,0.7734830379486084,0.40946608781814575,-0.7781700491905212
0.4551758749999989,0.0034223749999999996,133.0,2.91244060578259,-1.2142673864768916,0.5366828199710832,-0.005544233693117345,-0.0001500318711841479,-0.002763520074808412,0.06829866024670525,-0.06270751357078552,0.1502295285463333,-0.12682753801345825,0.35476282238960266,-0.013538746163249016,-0.6155474185943604,0.26983779668807983,0.41391661763191223,-0.1967129409313202,0.7731516361236572,0.3926504850387573,-0.7719005942344666
0.4551758749999989,0.0034223749999999996,133.0,2.9052388456801204,-1.2072762464720348,0.5366390200711658,-0.00520510513531891,-0.00014772220354326043,-0.0025920889276654906,0.0682870489362279,-0.06405550241470337,0.14868810772895813,-0.12626871466636658,0.3475657105445862,-0.0067100124433636665,-0.5931284427642822,0.2731137275695801,0.4146729111671448,-0.1676642745733261,0.7761907577514648,0.3631802201271057,-0.7654711008071899
0.4551758749999989,0.0034223749999999996,133.0,2.8965031108060044,-1.2011269953725647,0.5340734614319113,-0.004965633824171974,-0.0001964271722997836,-0.002468397271271959,0.06835816975731772,-0.06407573819160461,0.14698003232479095,-0.1260194480419159,0.3435038626194,-0.0006148798856884241,-0.5842077732086182,0.27949994802474976,0.41369134187698364,-0.14278338849544525,0.7711491584777832,0.34462663531303406,-0.7604373097419739
0.4551758749999989,0.0034223749999999996,133.0,2.8877155154478396,-1.1927842808270246,0.5340893078420631,-0.004769624517835876,-0.00019782771131908168,-0.0023705023291786254,0.06835045748529493,-0.06519010663032532,0.14432519674301147,-0.12497708201408386,0.3322664201259613,0.0061644078232347965,-0.5560517311096191,0.2848169505596161,0.41721487045288086,-0.10823635756969452,0.773491621017456,0.3211628198623657,-0.7527266144752502
0.4551758749999989,0.0034223749999999996,133.0,2.8781495857693256,-1.1834140061468725,0.5339509248696063,-0.004623428281090704,-0.0001973036084835831,-0.0022929633213016826,0.06834465319442251,-0.06560570001602173,0.14330661296844482,-0.1255549192428589,0.32768794894218445,0.009871994145214558,-0.5386853218078613,0.28989964723587036,0.41596662998199463,-0.08096355199813843,0.7696306705474854,0.2962298095226288,-0.7468895316123962
0.4551758749999989,0.0034223749999999996,133.0,2.8676684655570153,-1.1731953088460465,0.5338912381696279,-0.004493305124146031,-0.0001998650145795491,-0.0022226999458747664,0.0683350636717837,-0.06648620963096619,0.14123722910881042,-0.12517890334129333,0.3187856376171112,0.01685292273759842,-0.5106797218322754,0.2965303659439087,0.41824591159820557,-0.0433301106095314,0.7672755718231201,0.26710763573646545,-0.7402533888816833
0.4551758749999989,0.0034223749999999996,133.0,2.856446131391854,-1.1623437940397423,0.5339612262346431,-0.004361362556540364,-0.00020353362971910712,-0.0021549447123440668,0.06832940370713061,-0.06719744205474854,0.1384485363960266,-0.12430271506309509,0.30723273754119873,0.02323601022362709,-0.47957396507263184,0.30380821228027344,0.4226094186306,-0.005638728849589825,0.7649228572845459,0.24506881833076477,-0.7330492734909058
0.4551758749999989,0.0034223749999999996,133.0,2.844462669212145,-1.1504734299071555,0.5339104250089549,-0.004239686413839188,-0.00020360680796060036,-0.002090480363278588,0.06832628291293623,-0.06710106134414673,0.13709057867527008,-0.12478318810462952,0.30138692259788513,0.024494219571352005,-0.4601917266845703,0.3102124035358429,0.4225481152534485,0.02056295983493328,0.7586154937744141,0.22775781154632568,-0.7271208763122559
0.4551758749999989,0.0034223749999999996,133.0,2.8316851989789957,-1.1377557522955066,0.5337327268445551,-0.004116737829111622,-0.00020123456500754488,-0.00202175576053535,0.06832531689868204,-0.06623587012290955,0.1357232928276062,-0.12622153759002686,0.29758408665657043,0.024962104856967926,-0.4485585689544678,0.3167717456817627,0.4190499484539032,0.04744686558842659,0.7475364208221436,0.21191444993019104,-0.7197820544242859
0.4551758749999989,0.0034223749999999996,133.0,2.818203591812737,-1.1241323252916062,0.5335395823953021,-0.004009002908431545,-0.00019564368033221828,-0.001965312618282695,0.06832924235241848,-0.06442958116531372,0.1344248205423355,-0.1278727948665619,0.2949255704879761,0.018861688673496246,-0.4477653503417969,0.31901925802230835,0.41364428400993347,0.061241015791893005,0.7369246482849121,0.21218664944171906,-0.7116622924804688
0.4551758749999989,0.0034223749999999996,133.0,2.8038588455896876,-1.1096112770079272,0.5333196062962435,-0.0038720436970014847,-0.00018693159463882295,-0.0018951545203580963,0.0683325548682399,-0.06272965669631958,0.13488589227199554,-0.13007548451423645,0.2972385883331299,0.007960276678204536,-0.45615482330322266,0.3198886215686798,0.4057997465133667,0.057970721274614334,0.7295594215393066,0.22013509273529053,-0.7060977816581726
0.4551758749999989,0.0034223749999999996,133.0,2.788505250342471,-1.0942340036347473,0.5331366573415047,-0.0036975638813558664,-0.0001822589095638447,-0.0018106877444353752,0.06832921811248432,-0.06312954425811768,0.13445985317230225,-0.1308143436908722,0.29459741711616516,0.009107884019613266,-0.44354820251464844,0.3244662880897522,0.4049973487854004,0.07557574659585953,0.7264304161071777,0.20900185406208038,-0.7026466727256775
0.4551758749999989,0.0034223749999999996,133.0,2.7722768748707405,-1.0779595939411992,0.5329673041813582,-0.003535692159396869,-0.00017384255793486823,-0.0017296768278513442,0.06832530304174289,-0.0635177493095398,0.1364518404006958,-0.13289541006088257,0.29978498816490173,0.004909672774374485,-0.4484853744506836,0.32600167393684387,0.3988441526889801,0.07280103117227554,0.7259562015533447,0.20637822151184082,-0.7016909718513489
0.4551758749999989,0.0034223749999999996,133.0,2.75519262002063,-1.0609678060536063,0.5329153099233941,-0.003350199248364753,-0.00016712390824906857,-0.0016403230295766373,0.06831969415227754,-0.06453868746757507,0.1369236409664154,-0.13340914249420166,0.2984791696071625,0.004510621540248394,-0.4375724792480469,0.33104410767555237,0.39907264709472656,0.07713882625102997,0.7286913394927979,0.2047572135925293,-0.7006530165672302
0.4551758749999989,0.0034223749999999996,133.0,2.737351983480399,-1.0429804625985784,0.5327602735585367,-0.003173820474442911,-0.00015513373138221253,-0.0015564575016494703,0.06831847091301788,-0.0648038387298584,0.14018796384334564,-0.13579732179641724,0.30782604217529297,-0.004986463114619255,-0.45796918869018555,0.330427348613739,0.3906886875629425,0.04725223779678345,0.7337524890899658,0.2240394651889801,-0.7016716003417969
0.4551758749999989,0.0034223749999999996,133.0,2.7184925490447265,-1.0241297758168248,0.5326223666974477,-0.002991998955137687,-0.00014863751266631047,-0.0014666183517830027,0.0683086735615228,-0.0662437379360199,0.1395474374294281,-0.13591980934143066,0.30299410223960876,-0.0001468459377065301,-0.4384572505950928,0.3376634418964386,0.3931694030761719,0.06592483818531036,0.7360124588012695,0.2149401307106018,-0.6993540525436401
0.4551758749999989,0.0034223749999999996,133.0,2.6988979642424904,-1.004603177917641,0.5325015180458149,-0.002828556057162924,-0.00014385809616152933,-0.0013876012112465836,0.06830231525370115,-0.06719061732292175,0.1408410519361496,-0.13732194900512695,0.3045916259288788,-0.0018319902010262012,-0.43392038345336914,0.3426257371902466,0.3902795910835266,0.06615439802408218,0.7383513450622559,0.2131909877061844,-0.6981006860733032
0.4551758749999989,0.0034223749999999996,133.0,2.6785040970356992,-0.9841340549498709,0.5323476426868908,-0.0026140295920707318,-0.00013286461855675408,-0.0012840497985959864,0.06829738503509493,-0.06789073348045349,0.14123204350471497,-0.13816556334495544,0.30390650033950806,-0.0034469077363610268,-0.42873358726501465,0.3472753167152405,0.38877078890800476,0.06621546298265457,0.741518497467041,0.21850831806659698,-0.6959406733512878
0.4551758749999989,0.0034223749999999996,133.0,2.6572266261429003,-0.963429889434374,0.532484001064094,-0.0024009607823046496,-0.00012767027034798708,-0.001180777289808378,0.06829126439575567,-0.06905487179756165,0.13739442825317383,-0.1366947889328003,0.28864631056785583,0.004549614619463682,-0.39547300338745117,0.35493338108062744,0.3984084129333496,0.09759114682674408,0.7448594570159912,0.22042745351791382,-0.6903349161148071
0.4551758749999989,0.0034223749999999996,133.0,2.635112277182644,-0.941274494227732,0.5322972715729496,-0.00219929351363117,-0.0001161772953253426,-0.001081908138167885,0.06828528128381214,-0.0699821412563324,0.13882683217525482,-0.13828396797180176,0.2910400629043579,0.0010249135084450245,-0.39521241188049316,0.359919935464859,0.39498770236968994,0.09067928045988083,0.7487666606903076,0.22664910554885864,-0.6893610954284668
0.4551758749999989,0.0034223749999999996,133.0,2.612059520221795,-0.918200937253518,0.5320551196792037,-0.0019985082048610994,-0.00010676714099870821,-0.0009827762600322562,0.06827505570802292,-0.07193177938461304,0.14100880920886993,-0.14029020071029663,0.29491037130355835,0.0013190099271014333,-0.38993072509765625,0.3673935830593109,0.391767680644989,0.09199301153421402,0.7528767585754395,0.21927890181541443,-0.690076470375061
0.4551758749999989,0.0034223749999999996,133.0,2.5881053911762257,-0.8940710868032768,0.5316605788976273,-0.001837860977360487,-9.872609473503484e-5,-0.0009029197874766094,0.06826290371537237,-0.07437077164649963,0.14515869319438934,-0.1435244083404541,0.305233359336853,0.0013224262511357665,-0.39240050315856934,0.3737809360027313,0.3835027813911438,0.0900043174624443,0.7566039562225342,0.20158915221691132,-0.6921964883804321
0.4551758749999989,0.0034223749999999996,133.0,2.563473310200807,-0.8693356728830124,0.5314558014402334,-0.0016400673554122823,-8.716166957761615e-5,-0.0008073228036129999,0.06825564115246972,-0.07577744126319885,0.14755041897296906,-0.1452195942401886,0.309916615486145,-0.0028863283805549145,-0.3950784206390381,0.3776104748249054,0.378998339176178,0.07390817999839783,0.7639148235321045,0.2108076512813568,-0.6924452781677246
0.4551758749999989,0.0034223749999999996,133.0,2.53795460119185,-0.8439842411356037,0.5314251274452194,-0.001456776548959666,-8.049402825357243e-5,-0.0007193010793158702,0.068245717990533,-0.07741326093673706,0.14749620854854584,-0.1460040807723999,0.3058842122554779,-0.0013380057644098997,-0.3800690174102783,0.3852683901786804,0.3807186484336853,0.0818314477801323,0.769669771194458,0.21418507397174835,-0.6901928782463074
0.4551758749999989,0.0034223749999999996,133.0,2.5116743054980715,-0.8180018402565887,0.5313599694423102,-0.0012761013044990503,-7.246658934743924e-5,-0.0006305743519130171,0.06823892141290747,-0.07870075106620789,0.14610835909843445,-0.146482914686203,0.29806655645370483,0.00153830973431468,-0.36008477210998535,0.39410722255706787,0.38460659980773926,0.09916918724775314,0.7738037109375,0.21844616532325745,-0.68630051612854
0.4551758749999989,0.0034223749999999996,133.0,2.4845985050802892,-0.7910202020301231,0.5311856508730597,-0.0011263708181243096,-6.541114103891454e-5,-0.0005568023614846721,0.06823214327164492,-0.07954752445220947,0.14608511328697205,-0.1479719579219818,0.2948002815246582,0.00099908746778965,-0.3465559482574463,0.40168845653533936,0.38357171416282654,0.11265016347169876,0.7751450538635254,0.2159305214881897,-0.6820151805877686
0.4551758749999989,0.0034223749999999996,133.0,2.4567955086604103,-0.7632641259112201,0.5310083907759954,-0.0009928546348836448,-5.832135050074008e-5,-0.0004911480240802137,0.06822922472228624,-0.07948201894760132,0.14564889669418335,-0.14943325519561768,0.29094576835632324,-0.0032606059685349464,-0.3378181457519531,0.4072195887565613,0.38154882192611694,0.11963632702827454,0.775331974029541,0.22231575846672058,-0.676140546798706
0.4551758749999989,0.0034223749999999996,133.0,2.4279877995103623,-0.734687079637826,0.5308080005196205,-0.0008198586987603559,-4.9049657793209765e-5,-0.00040474447492049774,0.06822164651213841,-0.0809316337108612,0.14506524801254272,-0.1509312093257904,0.2859441637992859,6.401492282748222e-5,-0.31848645210266113,0.4164339601993561,0.38252174854278564,0.14742526412010193,0.7765040397644043,0.21303915977478027,-0.6721100807189941
0.4551758749999989,0.0034223749999999996,133.0,2.398357310411454,-0.7053528779933449,0.5306786411223099,-0.0006883052063305341,-4.260607949009702e-5,-0.0003397381043393214,0.06821445863197062,-0.08231949806213379,0.14388719201087952,-0.15190765261650085,0.27828076481819153,0.003420547815039754,-0.29610395431518555,0.42711687088012695,0.38640978932380676,0.17280375957489014,0.7790615558624268,0.21152585744857788,-0.668352484703064
0.4551758749999989,0.0034223749999999996,133.0,2.3678613657516077,-0.67501120902171,0.5304941177770256,-0.0005166549466564536,-3.2879276098955325e-5,-0.0002553391267408329,0.06820480715878684,-0.08402913808822632,0.14429795742034912,-0.15335506200790405,0.27541497349739075,0.004425575491040945,-0.281343936920166,0.4366104304790497,0.38681164383888245,0.18332935869693756,0.7844619750976562,0.21199819445610046,-0.665936291217804
0.4551758749999989,0.0034223749999999996,133.0,2.3365696564852056,-0.643582511866673,0.5302207584558635,-0.0003245869915295176,-2.033170058949034e-5,-0.00016051766530794895,0.06819529141842302,-0.08550086617469788,0.1469525396823883,-0.15573111176490784,0.2806307077407837,0.00045174313709139824,-0.2827777862548828,0.4404519498348236,0.3790345788002014,0.17241127789020538,0.7918479442596436,0.2135924994945526,-0.6634223461151123
0.4551758749999989,0.0034223749999999996,133.0,2.304389705628744,-0.6113909455961616,0.529983396642292,-0.00015170364980067631,-9.629021659302153e-6,-7.522042805470491e-5,0.06818329409563958,-0.08748811483383179,0.1489645540714264,-0.15772435069084167,0.2829171419143677,0.0003767992602661252,-0.2765958309173584,0.4470664858818054,0.37453213334083557,0.16980984807014465,0.8000802993774414,0.2130911648273468,-0.6612627506256104
0.4551758749999989,0.0034223749999999996,133.0,2.271372185282597,-0.5788278982583668,0.5299016942793411,1.6817425250548745e-5,1.126924496751262e-6,8.378606130762129e-6,0.06817364125836822,-0.08949154615402222,0.1470729112625122,-0.1581544578075409,0.2723845839500427,0.006995090749114752,-0.2534160614013672,0.45925819873809814,0.3817679286003113,0.1870192587375641,0.8086435794830322,0.22648128867149353,-0.6580321788787842
0.4551758749999989,0.0034223749999999996,133.0,2.2375020564268397,-0.5451317543471188,0.5296953747637296,0.0001857913300811898,1.275976688511777e-5,9.26819272043689e-5,0.06816225031869237,-0.09165671467781067,0.1476750522851944,-0.15988126397132874,0.269624799489975,0.009041831828653812,-0.23795485496520996,0.47065865993499756,0.3821784257888794,0.19742628931999207,0.8160009384155273,0.22689196467399597,-0.6557419300079346
0.4551758749999989,0.0034223749999999996,133.0,2.202720972164174,-0.5103027514846248,0.5293191019510202,0.00036896296606978084,2.552833832918176e-5,0.0001840754631970239,0.06814698069272661,-0.09446471929550171,0.1508028507232666,-0.1629449427127838,0.2755310833454132,0.008978042751550674,-0.2326219081878662,0.4798141121864319,0.37533068656921387,0.19892121851444244,0.8244121074676514,0.21594172716140747,-0.6548635959625244
0.4551758749999989,0.0034223749999999996,133.0,2.167138485434638,-0.4749239024979492,0.5290975338163284,0.0005130214887395123,3.635798878748765e-5,0.00025631949224570185,0.06813445664298845,-0.09702259302139282,0.1516275554895401,-0.1647697389125824,0.2730152904987335,0.011153279803693295,-0.2170579433441162,0.4922686815261841,0.3761906623840332,0.20752178132534027,0.8337259292602539,0.21764302253723145,-0.6532814502716064
0.4551758749999989,0.0034223749999999996,133.0,2.130742602372764,-0.4387284387354484,0.5288702235827173,0.0006755014364197934,4.909321719769604e-5,0.0003379769755655473,0.06812216514431667,-0.0994366705417633,0.15230059623718262,-0.1666480004787445,0.27014651894569397,0.012993107549846172,-0.20111703872680664,0.5050040483474731,0.3768649697303772,0.21787084639072418,0.8423929214477539,0.2186751514673233,-0.6511502861976624
0.4551758749999989,0.0034223749999999996,133.0,2.093553874609268,-0.4017221826678839,0.5286492766978839,0.0008485744310420594,6.33579396851174e-5,0.00042511579790096736,0.06811065872881442,-0.10151469707489014,0.15270619094371796,-0.16858652234077454,0.26668477058410645,0.01414236705750227,-0.1848146915435791,0.517833411693573,0.37724167108535767,0.23131152987480164,0.8495011329650879,0.21844510734081268,-0.6481094360351562
0.4551758749999989,0.0034223749999999996,133.0,2.055592251292038,-0.3639300682822414,0.5284057789837665,0.0010450809527494547,8.063279411744153e-5,0.0005243528880312381,0.06810068322426717,-0.10312598943710327,0.15270990133285522,-0.17065581679344177,0.26258584856987,0.01349472813308239,-0.16878294944763184,0.5310238599777222,0.3774866461753845,0.2477019727230072,0.8544731140136719,0.2183331847190857,-0.6442803144454956
0.4551758749999989,0.0034223749999999996,133.0,2.016821302455856,-0.325313406532183,0.5281866798353367,0.0012317040692936424,9.792980937773269e-5,0.0006185603191169487,0.06809164831462333,-0.1044706404209137,0.1525021344423294,-0.17279496788978577,0.25804781913757324,0.011785941198468208,-0.1528174877166748,0.5446149110794067,0.3778233528137207,0.2661796510219574,0.8581893444061279,0.21791324019432068,-0.6400911808013916
0.4551758749999989,0.0034223749999999996,133.0,1.9771182042192852,-0.2862124406199879,0.528018256969059,0.0013524909937816776,0.00011402016068170012,0.0006799696059406864,0.06808441683550363,-0.10658517479896545,0.14953553676605225,-0.17411425709724426,0.24424201250076294,0.018655646592378616,-0.12382864952087402,0.5667681097984314,0.389287531375885,0.3097061514854431,0.8628499507904053,0.2266915738582611,-0.6377713084220886
0.4551758749999989,0.0034223749999999996,133.0,1.936610032623767,-0.2459134533168662,0.5277852618555672,0.0015072493956915563,0.00013089987753711187,0.0007588457789507667,0.06807336984571767,-0.10861513018608093,0.14966914057731628,-0.17609736323356628,0.24050873517990112,0.019477754831314087,-0.10855221748352051,0.5826805830001831,0.3904907703399658,0.3247392773628235,0.8696341514587402,0.2282126247882843,-0.6352847218513489
0.4551758749999989,0.0034223749999999996,133.0,1.8951200959888304,-0.20423087669857767,0.5272954006815984,0.0016582322541085818,0.00014599668248041383,0.0008361047759316981,0.06805238520934045,-0.1115831732749939,0.15418782830238342,-0.1799231469631195,0.25207215547561646,0.01763162761926651,-0.10997271537780762,0.5915661454200745,0.37644633650779724,0.32147762179374695,0.8787591457366943,0.20547915995121002,-0.6328532695770264
0.4551758749999989,0.0034223749999999996,133.0,1.8537682400728241,-0.16105030285076438,0.5296865608897341,0.0018002350471098634,0.00014870518211966416,0.0009137671656062004,0.06797057597714809,-0.11201965808868408,0.15180736780166626,-0.1806018054485321,0.2374410629272461,0.014810865744948387,-0.08708477020263672,0.6025120615959167,0.38387829065322876,0.3268527686595917,0.8868474960327148,0.23039382696151733,-0.6256821751594543
0.4551758749999989,0.0034223749999999996,133.0,1.8105131228030134,-0.11800948643863254,0.5293192552490887,0.0018976109121595901,0.00016759356291285016,0.000966742302244777,0.06794682685541929,-0.11635467410087585,0.1518857628107071,-0.1831342577934265,0.23181737959384918,0.025505896657705307,-0.0635838508605957,0.627973198890686,0.3898804187774658,0.36160850524902344,0.9012601375579834,0.22587457299232483,-0.6261147856712341
0.4551758749999989,0.0034223749999999996,133.0,1.7661075817137113,-0.07486063732564328,0.5293663836447989,0.0018711093626474608,0.0001770732600736496,0.0009604106314455272,0.06792594862887234,-0.12488412857055664,0.14901752769947052,-0.18299010396003723,0.20942172408103943,0.05321314185857773,-0.02329540252685547,0.6664334535598755,0.4186704158782959,0.3917788565158844,0.9413037300109863,0.267040491104126,-0.6327286958694458
0.4551758749999989,0.0034223749999999996,133.0,1.7187821158618928,-0.027176441804482167,0.5262138432323208,0.0017520373597798562,9.23921871825648e-5,0.0009207609075691641,0.06785150427616418,-0.15527814626693726,0.21054206788539886,-0.18993866443634033,0.35783064365386963,0.06942574679851532,-0.08298921585083008,0.3953341841697693,0.3765920400619507,-0.3321099281311035,1.2472083568572998,0.09370125085115433,-0.7389051914215088
0.4551758749999989,0.0034223749999999996,133.0,1.6692305779075824,0.025176175699897115,0.5268243289755156,0.00010311133627754926,-5.260653401053645e-6,5.6625289001443945e-5,0.06754098090882041,-0.2096356749534607,0.2844122350215912,-0.17774656414985657,0.4242039918899536,0.026677045971155167,0.1091456413269043,-0.06896813213825226,0.5882970690727234,-1.4821209907531738,1.734114170074463,-0.018322471529245377,-1.0156830549240112
0.4551758749999989,0.0034223749999999996,133.0,1.7100734824699457,0.0560893625777611,0.5286997912164054,-0.0017118356849743675,-0.0001416482086515793,-0.0009670467842290593,0.06699827837318212,-0.23308822512626648,0.12937472760677338,-0.18193259835243225,0.6466535329818726,-0.16915307939052582,0.21302080154418945,0.9170086979866028,-0.0439913272857666,-0.6728401780128479,1.5679571628570557,-0.023603837937116623,-0.6027908325195312
0.4551758749999989,0.0034223749999999996,133.0,1.7471721408158516,0.10453096596578207,0.5341641861460713,-0.0019423700097463206,2.282618856787366e-5,-0.0011018376179659087,0.06636687826905956,-0.3026290833950043,0.1654212474822998,-0.11401024460792542,0.9736692309379578,-0.4141739308834076,0.4884207248687744,0.46986833214759827,0.07087317109107971,-1.5401482582092285,1.9707441329956055,0.31225913763046265,-1.0436654090881348
0.4551758749999989,0.0034223749999999996,133.0,1.785364455589905,0.15184629502888639,0.5402694527808488,-0.001968427681172109,0.00012939281015186048,-0.0010662435661924336,0.06599785541876486,-0.3612779676914215,0.20137950778007507,-0.041566699743270874,1.2434806823730469,-0.801378071308136,0.5927032232284546,0.03724253922700882,0.23770025372505188,-1.916166067123413,2.0485620498657227,0.5273155570030212,-1.4808716773986816
0.4551758749999989,0.0034223749999999996,133.0,1.827020345069238,0.19650572144171607,0.5421399611380382,-0.001868296770140553,0.00013757560423215628,-0.0009890227877015886,0.06591456315637281,-0.3707021176815033,0.21722334623336792,-0.020344555377960205,1.3209779262542725,-0.9043676853179932,0.5962872505187988,-0.02598821371793747,0.2667887508869171,-1.996051549911499,1.9939007759094238,0.5480433106422424,-1.587982177734375
0.4551758749999989,0.0034223749999999996,133.0,1.8686388366102706,0.239361161636525,0.543210688481635,-0.0017153619154737954,0.00013331176592177874,-0.0008946854306655742,0.065882465090353,-0.3741671144962311,0.22355714440345764,-0.011965155601501465,1.3472023010253906,-0.9503453373908997,0.6046428680419922,-0.043360836803913116,0.27970021963119507,-2.0219411849975586,1.9643816947937012,0.5761178731918335,-1.6273527145385742
0.4551758749999989,0.0034223749999999996,133.0,1.9094767234284193,0.2809158488054516,0.5433129893928753,-0.001522266307159011,0.0001175584827369591,-0.0007906947020308137,0.06588544237427651,-0.37196770310401917,0.22722366452217102,-0.00260201096534729,1.387418508529663,-0.9570848941802979,0.597732424736023,-0.055689189583063126,0.26602983474731445,-2.023977279663086,1.9117155075073242,0.6176828742027283,-1.6540248394012451
0.4551758749999989,0.0034223749999999996,133.0,1.9498003941174924,0.3215756292331576,0.5434966424171874,-0.0014350306163688333,0.00010699786872794014,-0.0007401939377675276,0.06588008194062561,-0.37389370799064636,0.2299797236919403,-0.0018104016780853271,1.3851335048675537,-0.9819628596305847,0.6154671907424927,-0.026427600532770157,0.27819424867630005,-2.041769504547119,1.896228313446045,0.6420955061912537,-1.6641837358474731
0.4551758749999989,0.0034223749999999996,133.0,1.9894510196388546,0.3614647097475329,0.5441079869559502,-0.001230925333969791,9.124460441104507e-5,-0.0006267917463799231,0.06586013214763453,-0.3742484152317047,0.2327820211648941,0.002643078565597534,1.402944564819336,-0.9982843995094299,0.6235934495925903,-0.017450472339987755,0.27744534611701965,-2.0523324012756348,1.8644566535949707,0.6723341345787048,-1.6814379692077637
0.4551758749999989,0.0034223749999999996,133.0,2.028085527686095,0.4004891774323658,0.5445394184129074,-0.0010732340635722288,7.87982531794722e-5,-0.0005411087599704707,0.06585106288682888,-0.3701518476009369,0.2352861762046814,0.014203101396560669,1.4584509134292603,-0.9894533753395081,0.6062138080596924,-0.035814445465803146,0.24821314215660095,-2.047560214996338,1.7984051704406738,0.7200606465339661,-1.7077524662017822
0.4551758749999989,0.0034223749999999996,133.0,2.065844395591319,0.43867192760411816,0.5448933459156996,-0.0008740900188192252,6.354801001540406e-5,-0.00043687264996961805,0.0658431854067404,-0.37195226550102234,0.23743247985839844,0.013460785150527954,1.4530954360961914,-1.009520173072815,0.6258074045181274,0.0009372825734317303,0.2582686245441437,-2.067378282546997,1.7847070693969727,0.7437040209770203,-1.712762475013733
0.4551758749999989,0.0034223749999999996,133.0,2.102775824428732,0.47599035950708823,0.5451941960785632,-0.0006967039944036408,4.998995669619459e-5,-0.00034547808205562757,0.06583672154115396,-0.37189605832099915,0.23950958251953125,0.016872107982635498,1.4664939641952515,-1.020871639251709,0.6318056583404541,0.013354849070310593,0.25611886382102966,-2.0745739936828613,1.7557616233825684,0.772154688835144,-1.7241846323013306
0.4551758749999989,0.0034223749999999996,133.0,2.1388809922373886,0.5124630211366558,0.5454993669418862,-0.0005270294449716618,3.731744859031702e-5,-0.0002593136493348809,0.0658300692228324,-0.3719283640384674,0.24142704904079437,0.019952893257141113,1.4789384603500366,-1.029381513595581,0.6374890804290771,0.02579527162015438,0.2532028257846832,-2.0803890228271484,1.7294540405273438,0.7980232238769531,-1.733872652053833
0.4551758749999989,0.0034223749999999996,133.0,2.1741463159720382,0.5480748807655195,0.5457186677338838,-0.0003627001126219524,2.522105485569196e-5,-0.00017727507717283134,0.06582469354408244,-0.3719553053379059,0.24323315918445587,0.022828012704849243,1.4906178712844849,-1.0352997779846191,0.6422544717788696,0.03760096803307533,0.24967816472053528,-2.0845682621002197,1.7048897743225098,0.8221895098686218,-1.7421739101409912
0.4551758749999989,0.0034223749999999996,133.0,2.2085608330358553,0.582854878121421,0.5459781740297622,-0.00020369827920160496,1.3920962128583496e-5,-9.891237315330112e-5,0.06581669043837365,-0.3721628487110138,0.24493759870529175,0.025332361459732056,1.501428484916687,-1.0373815298080444,0.6465559005737305,0.048448171466588974,0.24531763792037964,-2.086803913116455,1.684011459350586,0.8426879644393921,-1.7487473487854004
0.4551758749999989,0.0034223749999999996,133.0,2.241697935200343,0.6168380662918104,0.5458737513222979,-6.075589673659098e-5,4.041935942338863e-6,-2.9476784622871283e-5,0.06581054281453728,-0.3757005035877228,0.2473682314157486,0.02384844422340393,1.489903450012207,-1.0560274124145508,0.6704611778259277,0.07040093839168549,0.26016589999198914,-2.0989935398101807,1.686192512512207,0.8463312387466431,-1.7522635459899902
0.4551758749999989,0.0034223749999999996,133.0,2.2739868799049328,0.6500543788920091,0.546101149271371,0.00013135012271716978,-8.71102347087085e-6,6.342648957285885e-5,0.06579245542093662,-0.3792479932308197,0.24992159008979797,0.024941474199295044,1.4911456108093262,-1.0722368955612183,0.6876037120819092,0.07405051589012146,0.2692023515701294,-2.1075384616851807,1.6827492713928223,0.8497093915939331,-1.7626545429229736
0.4551758749999989,0.0034223749999999996,133.0,2.3064179820575346,0.6803495935863848,0.5440255110650195,0.0003098997195607441,-1.9124701574181652e-5,0.00014778142903317215,0.06594986558697755,-0.3746643364429474,0.25013092160224915,0.03139495849609375,1.5098817348480225,-1.0807276964187622,0.6607983112335205,0.05354667082428932,0.2602417767047882,-2.088649034500122,1.636152744293213,0.8934946060180664,-1.7724888324737549
0.4551758749999989,0.0034223749999999996,133.0,2.3371192182713423,0.7118712421533784,0.544230629286783,0.0004905582886502596,-3.018297198365933e-5,0.00023277989194270724,0.0659395035953554,-0.3779531419277191,0.2525757849216461,0.033083558082580566,1.5111794471740723,-1.1052801609039307,0.6792312860488892,0.061766140162944794,0.2707768678665161,-2.1033504009246826,1.6268649101257324,0.9065894484519958,-1.7844822406768799
0.4551758749999989,0.0034223749999999996,133.0,2.367520295293373,0.7424761799042322,0.5448490652126583,0.0007057562072441549,-4.280131396418022e-5,0.000331205019390901,0.06591940798171375,-0.3767225444316864,0.25396424531936646,0.038916170597076416,1.5408669710159302,-1.0970549583435059,0.6746240854263306,0.06990470737218857,0.2507645785808563,-2.1115224361419678,1.592968463897705,0.9385085701942444,-1.7942285537719727
0.4551758749999989,0.0034223749999999996,133.0,2.3971192409942472,0.772182887721798,0.545277503736461,0.0008599826189732017,-5.093632805667429e-5,0.0003999866394377783,0.06590997378807707,-0.3753996193408966,0.2549227178096771,0.043263524770736694,1.5617297887802124,-1.092726230621338,0.671822190284729,0.0845712423324585,0.23503124713897705,-2.118377208709717,1.5614433288574219,0.9714173078536987,-1.799468994140625
0.4551758749999989,0.0034223749999999996,133.0,2.4258426842459744,0.8010939144664874,0.5459947529660151,0.0010576561869512504,-6.339976532978066e-5,0.0004866700254889638,0.06589373461124583,-0.3747204840183258,0.25611498951911926,0.05022662878036499,1.590804100036621,-1.0954670906066895,0.6611454486846924,0.07270455360412598,0.2208263874053955,-2.1190989017486572,1.5281221866607666,1.0014923810958862,-1.8143341541290283
0.4551758749999989,0.0034223749999999996,133.0,2.4533992671265925,0.8291617496703576,0.5461198891698217,0.001209303478066722,-7.226323751190211e-5,0.0005542959165590809,0.0658933014582949,-0.3770221769809723,0.2578350901603699,0.05120918154716492,1.5873258113861084,-1.1209204196929932,0.6771241426467896,0.08521175384521484,0.23177212476730347,-2.1310954093933105,1.5164427757263184,1.0195136070251465,-1.8219974040985107
0.4551758749999989,0.0034223749999999996,133.0,2.4803558763069904,0.8563519230948017,0.5465383943255492,0.0013795666223614233,-8.259551186665996e-5,0.000627564034050689,0.06588643648460185,-0.37748464941978455,0.25900357961654663,0.05441245436668396,1.5996381044387817,-1.1269882917404175,0.6793338060379028,0.09222240746021271,0.2262479066848755,-2.1373023986816406,1.4953672885894775,1.0416736602783203,-1.8288869857788086
0.4551758749999989,0.0034223749999999996,133.0,2.5066695385544815,0.8825984154934681,0.5466129300292827,0.0015828454100264328,-9.079001231804771e-5,0.000716706675128425,0.06588752272820154,-0.37616613507270813,0.25955215096473694,0.05895417928695679,1.6189508438110352,-1.1246939897537231,0.6702593564987183,0.0926060676574707,0.21264439821243286,-2.13639235496521,1.466392993927002,1.0681376457214355,-1.8346376419067383
0.4551758749999989,0.0034223749999999996,133.0,2.5319847924676275,0.9080934431126324,0.5468252628477831,0.0017897745228293213,-0.0001015886790923158,0.0008064938220613156,0.06588164282524205,-0.3760826885700226,0.2605140209197998,0.06266793608665466,1.6346485614776611,-1.1243171691894531,0.6653015613555908,0.08879643678665161,0.20433008670806885,-2.1359410285949707,1.4471614360809326,1.0853995084762573,-1.8420319557189941
0.4551758749999989,0.0034223749999999996,133.0,2.5562360770623735,0.932796913815549,0.5470120144717826,0.002019687902846401,-0.00011455868327401824,0.0009062575313671552,0.06587640565409472,-0.3778055012226105,0.2617124617099762,0.06240686774253845,1.6317516565322876,-1.135815143585205,0.6807762384414673,0.10624508559703827,0.20879638195037842,-2.1451330184936523,1.4394776821136475,1.095910906791687,-1.8437669277191162
0.4551758749999989,0.0034223749999999996,133.0,2.5796775929710973,0.9566337514794431,0.5469942471950114,0.0021894619976995104,-0.0001226957896063563,0.000980720835670386,0.0658764253300361,-0.3796063959598541,0.262937068939209,0.06269422173500061,1.6293165683746338,-1.1491854190826416,0.6927087306976318,0.11552254855632782,0.21492168307304382,-2.150588035583496,1.4323060512542725,1.1055107116699219,-1.8475887775421143
0.4551758749999989,0.0034223749999999996,133.0,2.6022150838103557,0.9796567515818265,0.5469817756882519,0.002405696616013177,-0.00013291019302613314,0.00107560226819363,0.0658745234052331,-0.38156649470329285,0.2642606794834137,0.06208363175392151,1.6236847639083862,-1.1618268489837646,0.7091689109802246,0.1316009759902954,0.22177740931510925,-2.1594395637512207,1.4275932312011719,1.1134803295135498,-1.848975419998169
0.4551758749999989,0.0034223749999999996,133.0,2.6241068230658104,1.0018025100720451,0.5471144768406693,0.0026256421593412924,-0.00014423394676697673,0.0011699441472808267,0.06587202652160021,-0.3806709945201874,0.2646833658218384,0.06611421704292297,1.6425164937973022,-1.1561473608016968,0.6995168924331665,0.12872840464115143,0.2082359492778778,-2.158947229385376,1.4055194854736328,1.1338342428207397,-1.8542704582214355
0.4551758749999989,0.0034223749999999996,133.0,2.645119214467072,1.0231505357125408,0.5471539818447925,0.00285750510072417,-0.00015460031660128012,0.0012703469767997692,0.06586810836787538,-0.3838331997394562,0.26643577218055725,0.06392565369606018,1.6266659498214722,-1.1806235313415527,0.7272688150405884,0.1489398330450058,0.22522512078285217,-2.17299222946167,1.4069619178771973,1.1371583938598633,-1.8556389808654785
0.4551758749999989,0.0034223749999999996,133.0,2.6655842804162395,1.0436029832315503,0.5478701555399915,0.0030962545278965443,-0.00017360736640617818,0.0013618475378515914,0.06585113934052046,-0.3823089301586151,0.2668391466140747,0.07082673907279968,1.6605613231658936,-1.164219617843628,0.7038395404815674,0.13062827289104462,0.2017468512058258,-2.1698548793792725,1.3814198970794678,1.1582461595535278,-1.8659327030181885
0.4551758749999989,0.0034223749999999996,133.0,2.684992430798064,1.0633404754411624,0.5483390303817336,0.003280444188663769,-0.0001845192838537956,0.0014354384009270303,0.06584051283456001,-0.38298484683036804,0.2678178548812866,0.07479432225227356,1.6765766143798828,-1.1652969121932983,0.6980651617050171,0.12137444317340851,0.19459781050682068,-2.171902656555176,1.3668653964996338,1.170474648475647,-1.8747813701629639
0.4551758749999989,0.0034223749999999996,133.0,2.7037138778988123,1.0821387014155868,0.5488317087519489,0.003490080954487912,-0.00019747531253554488,0.0015163979279328049,0.06582920846923596,-0.3833777606487274,0.2684410512447357,0.07747921347618103,1.6884686946868896,-1.1655677556991577,0.6970938444137573,0.12383238971233368,0.186813622713089,-2.1764588356018066,1.3516063690185547,1.1846131086349487,-1.878934621810913
0.4551758749999989,0.0034223749999999996,133.0,2.721035507660983,1.1001938339803998,0.548627895654662,0.0036671835903137546,-0.00020992779952794485,0.001595354473360958,0.06583619053275286,-0.38635990023612976,0.26999419927597046,0.0783374011516571,1.6829240322113037,-1.191133975982666,0.7085467576980591,0.11344552040100098,0.20263943076133728,-2.178887367248535,1.3507277965545654,1.184499740600586,-1.88930082321167
0.4551758749999989,0.0034223749999999996,133.0,2.738117309130032,1.1172819806431622,0.5488601134663694,0.003879144055007909,-0.00021951656493977446,0.0016797343390397026,0.06583062197740011,-0.3861880600452423,0.27044692635536194,0.08053013682365417,1.693206548690796,-1.188780665397644,0.7068184614181519,0.11873194575309753,0.19418612122535706,-2.183161497116089,1.335869550704956,1.1986160278320312,-1.8911802768707275
0.4551758749999989,0.0034223749999999996,133.0,2.75413070145038,1.1335852757267617,0.5490455333452694,0.004065229159101603,-0.00023106623287180342,0.0017546388362767397,0.06582688060181872,-0.38830384612083435,0.2714438736438751,0.08158627152442932,1.691555142402649,-1.2100839614868164,0.717607855796814,0.11712242662906647,0.203799307346344,-2.188751697540283,1.3286468982696533,1.2049809694290161,-1.899247169494629
0.4551758749999989,0.0034223749999999996,133.0,2.769352073798433,1.1489347144850235,0.5488542253110057,0.004248909902193393,-0.0002391235034746613,0.001830081646165702,0.06583305791005029,-0.3870289623737335,0.2713741064071655,0.08375141024589539,1.7011823654174805,-1.2074629068374634,0.7130184173583984,0.1249922513961792,0.1938348114490509,-2.1914565563201904,1.3100111484527588,1.2241212129592896,-1.8989601135253906
0.4551758749999989,0.0034223749999999996,133.0,2.7838384691709597,1.163513779611076,0.549071695195729,0.00439489930518402,-0.0002479386690605094,0.0018852948789866515,0.06583163017338393,-0.38853707909584045,0.2720660865306854,0.08371374011039734,1.6936757564544678,-1.2315720319747925,0.7277069091796875,0.13242816925048828,0.20614752173423767,-2.199030637741089,1.303088665008545,1.2354704141616821,-1.9039089679718018
0.4551758749999989,0.0034223749999999996,133.0,2.7973594327350293,1.1772615104908477,0.5492242388095544,0.004524998705398916,-0.0002607157410956532,0.0019344950708803739,0.06583760178177972,-0.38980576395988464,0.27238014340400696,0.08522811532020569,1.6898170709609985,-1.2630833387374878,0.7351734638214111,0.12613779306411743,0.22069931030273438,-2.2029776573181152,1.2913010120391846,1.2526594400405884,-1.9146976470947266
0.4551758749999989,0.0034223749999999996,133.0,2.8105140078538335,1.1900910204716033,0.5497288239417473,0.0046674329537860805,-0.0002737684283765144,0.0019808386123121233,0.06583488915797112,-0.38831809163093567,0.27183231711387634,0.0888424813747406,1.7027251720428467,-1.2696502208709717,0.7245862483978271,0.11896105110645294,0.2150440216064453,-2.204636573791504,1.2698068618774414,1.278663158416748,-1.921933650970459
0.4551758749999989,0.0034223749999999996,133.0,2.823016021813145,1.2020145625874126,0.5498791241816378,0.0048171581360379545,-0.00027114771174149117,0.0020340875498617164,0.06583666296804884,-0.38322576880455017,0.270430326461792,0.09322074055671692,1.7300333976745605,-1.2353765964508057,0.6965370178222656,0.12978975474834442,0.18044611811637878,-2.203216314315796,1.2396962642669678,1.3109498023986816,-1.9145562648773193
0.4551758749999989,0.0034223749999999996,133.0,2.8347967342493945,1.2130690083386433,0.5502597300361677,0.004972074721159282,-0.0002738164689295831,0.0020837459745154645,0.06583279176620066,-0.37865135073661804,0.26908954977989197,0.09726831316947937,1.755134105682373,-1.203726053237915,0.6709573268890381,0.13979926705360413,0.1485539972782135,-2.2026374340057373,1.2121055126190186,1.3403775691986084,-1.9076735973358154
0.4551758749999989,0.0034223749999999996,133.0,2.8458174597880497,1.2232836070580206,0.550517711918915,0.005121173252022526,-0.0002694532346607386,0.002132536702103778,0.06583117010488233,-0.3737874925136566,0.26778170466423035,0.09963259100914001,1.7749336957931519,-1.1670721769332886,0.6510937213897705,0.16241122782230377,0.11609071493148804,-2.205780029296875,1.1881182193756104,1.3683726787567139,-1.8949692249298096
0.4551758749999989,0.0034223749999999996,133.0,2.855793881406874,1.2327740469741613,0.5507575015128799,0.0052910933401634054,-0.00026681306876009757,0.0021942328286435908,0.06583070799335093,-0.3697609007358551,0.26659083366394043,0.10124394297599792,1.7903449535369873,-1.1365338563919067,0.6371579170227051,0.18623043596744537,0.08854451775550842,-2.2102582454681396,1.1669976711273193,1.3929173946380615,-1.8828277587890625
0.4551758749999989,0.0034223749999999996,133.0,2.864190791180003,1.2436333734268217,0.5537294763833083,0.005536815323720133,-0.0002902657005847136,0.0022823352294712488,0.06563325299380478,-0.3724800646305084,0.26806899905204773,0.100934237241745,1.8081854581832886,-1.1104025840759277,0.6586887836456299,0.22024479508399963,0.07032462954521179,-2.241903305053711,1.1730318069458008,1.3877469301223755,-1.8824620246887207
0.4551758749999989,0.0034223749999999996,133.0,2.8728082546051543,1.2513679003566054,0.5542579416420107,0.005799013481780288,-0.00029709591209605264,0.002373770396521534,0.06562766313776286,-0.367024689912796,0.2665765583515167,0.10508021712303162,1.8384733200073242,-1.0593088865280151,0.6234819889068604,0.22779373824596405,0.028875648975372314,-2.238942861557007,1.149627447128296,1.4083501100540161,-1.8710837364196777
0.4551758749999989,0.0034223749999999996,133.0,2.8802214670056743,1.2583133001904294,0.5543253461806907,0.006193378378829997,-0.00030771019685524976,0.002525985774839879,0.06563045580395782,-0.3639355003833771,0.2657552659511566,0.10634639859199524,1.8480454683303833,-1.0433337688446045,0.6140341758728027,0.24168720841407776,0.012693196535110474,-2.24413800239563,1.1311910152435303,1.4274324178695679,-1.864485502243042
0.4551758749999989,0.0034223749999999996,133.0,2.8869500751765225,1.2644602205221587,0.5545463574241943,0.006852789906482621,-0.0003318476691388002,0.0027813716565302307,0.06562895896424024,-0.3602474629878998,0.2649692893028259,0.10690489411354065,1.8596267700195312,-1.015840768814087,0.6049461364746094,0.2622716426849365,-0.009252548217773438,-2.2524046897888184,1.1144986152648926,1.443062663078308,-1.8541219234466553
0.4551758749999989,0.0034223749999999996,133.0,2.8927834357397804,1.2698321690955705,0.5545422476488227,0.008346220984029354,-0.0003960086597793973,0.0033701780959888377,0.06563123072491234,-0.35646751523017883,0.2645533084869385,0.10826721787452698,1.8744440078735352,-0.9966859817504883,0.597149133682251,0.2750053107738495,-0.028410017490386963,-2.2674591541290283,1.089674949645996,1.4591784477233887,-1.8498151302337646
0.4551758749999989,0.0034223749999999996,133.0,2.8978640081930087,1.2749523088716939,0.5547490407259337,0.015532088184197351,-0.0007844490465027599,0.006134433532362388,0.0656084817155195,-0.35261479020118713,0.2677469551563263,0.10984167456626892,1.9016419649124146,-1.0107792615890503,0.6248664855957031,0.2846081256866455,-0.03265178203582764,-2.3441667556762695,1.029029130935669,1.4677430391311646,-1.8731484413146973
0.4551758749999989,0.0034223749999999996,133.0,2.8979434353482603,-1.231216353041813,0.5221937536303362,-0.013815695093126799,-0.0004626447204521453,-0.006883308532925418,0.06836871175329262,-0.059726715087890625,0.14532624185085297,-0.13079053163528442,0.33956223726272583,0.03194185718894005,-0.6528010368347168,0.2827013432979584,0.4379866421222687,-0.1550302356481552,0.7466831207275391,0.4589386284351349,-0.7808537483215332
0.4551758749999989,0.0034223749999999996,133.0,2.89335331074265,-1.2262408135814777,0.5226133684886505,-0.007461248488383373,-0.00019997086928553968,-0.0037157925853149127,0.06833018824491083,-0.06012865900993347,0.150046244263649,-0.12729695439338684,0.35756558179855347,-0.014413039200007915,-0.6466038227081299,0.27001726627349854,0.41850876808166504,-0.2175227403640747,0.7613945007324219,0.4431445896625519,-0.7792830467224121
0.4551758749999989,0.0034223749999999996,133.0,2.8878084960048436,-1.220742623869924,0.5226002662465236,-0.006131611858298137,-0.00016084783780457218,-0.003050378255209351,0.06831334437637344,-0.061904340982437134,0.1505824774503708,-0.1264496147632599,0.3573213517665863,-0.013712208718061447,-0.6285021305084229,0.2682284414768219,0.41494888067245483,-0.20716901123523712,0.767770528793335,0.40742945671081543,-0.7754831910133362
0.4551758749999989,0.0034223749999999996,133.0,2.881605146378605,-1.2147145869045064,0.5226113307360781,-0.0055458532939053964,-0.0001458004525990892,-0.0027568060156552437,0.06830771432073184,-0.06206482648849487,0.1498948335647583,-0.12660735845565796,0.3541451096534729,-0.015665192157030106,-0.6173298358917236,0.2700382173061371,0.41192662715911865,-0.19333934783935547,0.7674136161804199,0.3906198740005493,-0.769267737865448
0.4551758749999989,0.0034223749999999996,133.0,2.8744065731012585,-1.2077188551737112,0.5225652209616674,-0.005206581307580584,-0.00014348109478747894,-0.0025857696363148323,0.06829643010604523,-0.06340685486793518,0.1483609527349472,-0.12606194615364075,0.34700971841812134,-0.008816053159534931,-0.5948643684387207,0.2732190489768982,0.41272425651550293,-0.1643492728471756,0.7703404426574707,0.36123937368392944,-0.7629410028457642
0.4551758749999989,0.0034223749999999996,133.0,2.8656705322429743,-1.2015671432475592,0.5199989372419265,-0.0049669498075521476,-0.00019217027648209804,-0.0024625337307305627,0.06836788440230207,-0.06343397498130798,0.14666101336479187,-0.12581855058670044,0.34296852350234985,-0.0027312031015753746,-0.5858659744262695,0.2795185148715973,0.4117852449417114,-0.139593705534935,0.7653300762176514,0.3427513837814331,-0.7579711079597473
0.4551758749999989,0.0034223749999999996,133.0,2.8568849149704643,-1.193216594946314,0.5200109736391977,-0.004770840748678176,-0.0001934600239209079,-0.0023648902499477965,0.06836049507923118,-0.06455031037330627,0.14401978254318237,-0.12478417158126831,0.331831693649292,0.004113730043172836,-0.5576756000518799,0.2847156822681427,0.41536957025527954,-0.10521381348371506,0.7675864696502686,0.31942808628082275,-0.7504224181175232
0.4551758749999989,0.0034223749999999996,133.0,2.8473192189618626,-1.183843513039902,0.5198745336662157,-0.0046245447922295,-0.00019282587569152533,-0.002287599993012249,0.06835489911130123,-0.06496977806091309,0.14301639795303345,-0.125374436378479,0.3272940218448639,0.007808884605765343,-0.5402688980102539,0.2897188663482666,0.414167582988739,-0.07809798419475555,0.763716459274292,0.2945947051048279,-0.7446725368499756
0.4551758749999989,0.0034223749999999996,133.0,2.8368408885092222,-1.173620575078974,0.519814233569972,-0.0044943093370055,-0.0001951734831768061,-0.002217565744514814,0.06834567278156893,-0.0658559799194336,0.14096678793430328,-0.12501269578933716,0.3184756934642792,0.014819938689470291,-0.5122427940368652,0.29623928666114807,0.41650253534317017,-0.04066354036331177,0.7613260746002197,0.26562631130218506,-0.7381767630577087
0.4551758749999989,0.0034223749999999996,133.0,2.8256180086722904,-1.1627590114210689,0.5198804798565767,-0.004362289990164558,-0.00019868620000361344,-0.002150023972057696,0.06834024730515639,-0.06656640768051147,0.138185054063797,-0.12414976954460144,0.30699291825294495,0.0212559774518013,-0.4811074733734131,0.30341097712516785,0.4209131598472595,-0.003089820733293891,0.7589101791381836,0.24371612071990967,-0.7310909032821655
0.4551758749999989,0.0034223749999999996,133.0,2.8136332289247457,-1.1508867400636569,0.5198331190148926,-0.004240520763191576,-0.00019868670636624065,-0.002085807268253963,0.06833729044328504,-0.06648126244544983,0.13684585690498352,-0.1246408224105835,0.30120059847831726,0.02249462530016899,-0.4617190361022949,0.30974796414375305,0.4209083020687103,0.022860461845993996,0.7526519298553467,0.22655025124549866,-0.7252727150917053
0.4551758749999989,0.0034223749999999996,133.0,2.8008514896004706,-1.1381641310836432,0.519660158913359,-0.004117508490154488,-0.00019622409341953537,-0.002017316656339859,0.06833632409272339,-0.06563299894332886,0.1355009526014328,-0.12608438730239868,0.29743194580078125,0.02293659746646881,-0.45001983642578125,0.316231369972229,0.4174690842628479,0.0494973286986351,0.7416985034942627,0.21076078712940216,-0.7180274128913879
0.4551758749999989,0.0034223749999999996,133.0,2.7873636663658132,-1.1245349091475576,0.5194716159560377,-0.004009744159080142,-0.00019065849376615247,-0.001961056020842702,0.06834010431437886,-0.06383821368217468,0.13421405851840973,-0.12773415446281433,0.2947799563407898,0.016788873821496964,-0.4491574764251709,0.31843066215515137,0.41210874915122986,0.06309230625629425,0.7312042713165283,0.21101228892803192,-0.7099598050117493
0.4551758749999989,0.0034223749999999996,133.0,2.7730128569644554,-1.1100149842082587,0.5192593561657591,-0.0038727592334465853,-0.00018214239445488533,-0.0018910761744946555,0.06834326386074706,-0.06216639280319214,0.13469889760017395,-0.12992936372756958,0.2971131503582001,0.0058231959119439125,-0.457566499710083,0.31929320096969604,0.40433645248413086,0.05945327505469322,0.7240602970123291,0.21903637051582336,-0.7044880986213684
0.4551758749999989,0.0034223749999999996,133.0,2.757659913157534,-1.0946358592483758,0.5190787679808809,-0.0036982157505969586,-0.00017752899958392996,-0.001806845820282449,0.06834006436131086,-0.06257021427154541,0.13428208231925964,-0.13067927956581116,0.2944846749305725,0.006952262483537197,-0.4449756145477295,0.3238299787044525,0.4035744071006775,0.07692306488752365,0.7209699153900146,0.20799601078033447,-0.7010899186134338
0.4551758749999989,0.0034223749999999996,133.0,2.741432282859252,-1.0783676074097372,0.5189165406820623,-0.0035363041433667036,-0.00016931353535490126,-0.0017260026126049404,0.06833622598217706,-0.06295710802078247,0.13627874851226807,-0.13277089595794678,0.2996358573436737,0.002671856200322509,-0.44994282722473145,0.32535502314567566,0.3974452018737793,0.07405207306146622,0.7205488681793213,0.20541848242282867,-0.7001208662986755
0.4551758749999989,0.0034223749999999996,133.0,2.7243506827277897,-1.061377066535127,0.5188659646607224,-0.0033507611586249477,-0.00016275891777765033,-0.0016368391772890558,0.06833083621498867,-0.06398138403892517,0.13675589859485626,-0.13329187035560608,0.29835575819015503,0.00225304183550179,-0.4391148090362549,0.3303733468055725,0.39771702885627747,0.0782296285033226,0.7233281135559082,0.20394812524318695,-0.6991519927978516
0.4551758749999989,0.0034223749999999996,133.0,2.7065095808876354,-1.0433914350615243,0.5187141378658113,-0.003174390813722735,-0.00015106527028004087,-0.0015530816223191196,0.06832955646394762,-0.06402581930160522,0.13875621557235718,-0.1349058747291565,0.3037239611148834,-0.006356323137879372,-0.4536752700805664,0.3306482136249542,0.39200037717819214,0.05317372828722,0.7284371852874756,0.22646450996398926,-0.6988551616668701
0.4551758749999989,0.0034223749999999996,133.0,2.687655402546026,-1.0245455045486993,0.5185811462324222,-0.0029925183910562455,-0.00014468743089045456,-0.0014634301904878752,0.06832002413526819,-0.06568875908851624,0.13938647508621216,-0.13580948114395142,0.30288323760032654,-0.002515444066375494,-0.4401261806488037,0.33695465326309204,0.391887903213501,0.06671705096960068,0.7307779788970947,0.21432359516620636,-0.6979390978813171
0.4551758749999989,0.0034223749999999996,133.0,2.668063056017989,-1.005022828933085,0.5184646885556129,-0.002829032818036499,-0.00014008160734185244,-0.0013845883346229667,0.06831386840658663,-0.06664195656776428,0.14068931341171265,-0.1372157633304596,0.3044930696487427,-0.004251866601407528,-0.435652494430542,0.3418884575366974,0.38905197381973267,0.06674054265022278,0.7331976890563965,0.2127164751291275,-0.6967518925666809
0.4551758749999989,0.0034223749999999996,133.0,2.6476710299179453,-0.9845537077757212,0.5183134657734518,-0.0026144765338508673,-0.00012931676859683698,-0.0012812380450184747,0.06830905339415566,-0.06733590364456177,0.14107540249824524,-0.1380622386932373,0.3038119971752167,-0.005919929593801498,-0.4304981231689453,0.3464919924736023,0.3875753879547119,0.06669972836971283,0.736391544342041,0.21810382604599,-0.694627583026886
0.4551758749999989,0.0034223749999999996,133.0,2.626395515283934,-0.9638383042011491,0.5184446553640736,-0.0024013608659300286,-0.00012427455992365555,-0.0011782004705856862,0.06830319707709424,-0.06850063800811768,0.1372382491827011,-0.1365930140018463,0.28863829374313354,0.0021451793145388365,-0.3972620964050293,0.35406196117401123,0.3972545862197876,0.09795275330543518,0.7397458553314209,0.22015917301177979,-0.6891507506370544
0.4551758749999989,0.0034223749999999996,133.0,2.604283809108945,-0.941686462924137,0.5182630467219909,-0.002199667488203696,-0.00011303859372664987,-0.0010795135749925003,0.06829733669928575,-0.06945842504501343,0.13869281113147736,-0.13817927241325378,0.2910712957382202,-0.0013964902609586716,-0.3970968723297119,0.35905832052230835,0.3939359188079834,0.09065525978803635,0.7438619136810303,0.2266274392604828,-0.6883193850517273
0.4551758749999989,0.0034223749999999996,133.0,2.581237085747939,-0.9186190375921891,0.5180272861235772,-0.00199884076786576,-0.00010384341924123372,-0.0009805830141450189,0.0682873960188321,-0.07141619920730591,0.1408890187740326,-0.1401970088481903,0.2949463129043579,-0.0011512741912156343,-0.39189910888671875,0.3665083050727844,0.3907792270183563,0.09175822138786316,0.7480583190917969,0.2194255143404007,-0.6891027688980103
0.4551758749999989,0.0034223749999999996,133.0,2.5572909935805614,-0.8945012670144703,0.5176432255037869,-0.0018381555627843475,-9.597026023912675e-5,-0.0009008883883039854,0.06827557020598372,-0.07388350367546082,0.14507578313350677,-0.14344611763954163,0.3052870035171509,-0.0011810706928372383,-0.3944845199584961,0.37288108468055725,0.382601797580719,0.08940982818603516,0.7519595623016357,0.20193153619766235,-0.691327691078186
0.4551758749999989,0.0034223749999999996,133.0,2.532663417508073,-0.8697720289766822,0.5174438811013026,-0.001640340291098418,-8.470036896317892e-5,-0.0008054697210754579,0.06826846653298738,-0.07530108094215393,0.14747820794582367,-0.14514154195785522,0.30998513102531433,-0.005419214256107807,-0.39723896980285645,0.37667253613471985,0.37816113233566284,0.07304158061742783,0.7593832015991211,0.21131394803524017,-0.6916554570198059
0.4551758749999989,0.0034223749999999996,133.0,2.507148941892092,-0.8444199916356055,0.5174152651558107,-0.0014570177831839276,-7.825432856068349e-5,-0.0007176462848544698,0.06825881659782491,-0.07694533467292786,0.14743183553218842,-0.14592936635017395,0.30599284172058105,-0.0038786749355494976,-0.38230037689208984,0.3842868208885193,0.3799416422843933,0.08074744045734406,0.7652122974395752,0.2148749977350235,-0.6895039677619934
0.4551758749999989,0.0034223749999999996,133.0,2.480871399953841,-0.8184331392733982,0.5173513507745597,-0.0012763121360122433,-7.044268208249147e-5,-0.0006291168509974448,0.06825225614104373,-0.07824239134788513,0.1460515558719635,-0.14640969038009644,0.29822492599487305,-0.0010007868986576796,-0.36237263679504395,0.3930850625038147,0.3838924169540405,0.09787660092115402,0.7694294452667236,0.21931512653827667,-0.6857249736785889
0.4551758749999989,0.0034223749999999996,133.0,2.4537972218641277,-0.7914510036951644,0.517181705603521,-0.0011265536165691132,-6.357676027098875e-5,-0.0005555149764790376,0.06824569080682225,-0.07910168170928955,0.14604230225086212,-0.1479014754295349,0.2949928343296051,-0.0015829391777515411,-0.348905086517334,0.40061554312705994,0.38292109966278076,0.1111043393611908,0.770871639251709,0.21695566177368164,-0.6815378665924072
0.4551758749999989,0.0034223749999999996,133.0,2.4259928386219967,-0.7636929662942321,0.51700916623022,-0.0009930171016826748,-5.6681995594881115e-5,-0.0004900095935793967,0.06824285432437904,-0.07905250787734985,0.14561885595321655,-0.14935699105262756,0.2911739647388458,-0.0058845109306275845,-0.3402111530303955,0.40609854459762573,0.3809667229652405,0.11779384315013885,0.7711973190307617,0.22350037097930908,-0.6757675409317017
0.4551758749999989,0.0034223749999999996,133.0,2.397188529466039,-0.7351142414171836,0.516813635614421,-0.0008199896268582433,-4.7639519991230605e-5,-0.0004038032872425152,0.0682355428538252,-0.08051487803459167,0.1450529396533966,-0.15086504817008972,0.28621426224708557,-0.0025843693874776363,-0.3209412097930908,0.41527581214904785,0.381994366645813,0.1453845202922821,0.7724528312683105,0.2143596112728119,-0.6718339323997498
0.4551758749999989,0.0034223749999999996,133.0,2.367561104390612,-0.7057765747569725,0.516687078828111,-0.0006884133810873753,-4.137727125170613e-5,-0.0003389472868544498,0.06822863306012718,-0.08191454410552979,0.14388616383075714,-0.15184757113456726,0.27859827876091003,0.0007556925993412733,-0.29863858222961426,0.4259311854839325,0.38593924045562744,0.17056895792484283,0.7750980854034424,0.213030606508255,-0.6681814193725586
0.4551758749999989,0.0034223749999999996,133.0,2.3370696922742615,-0.6754356848975285,0.5165067430801723,-0.0005167357585242764,-3.19330939850589e-5,-0.0002547408913274911,0.06821929517079285,-0.08363553881645203,0.14430959522724152,-0.15330061316490173,0.27577343583106995,0.0017379600321874022,-0.2839682102203369,0.435389906167984,0.3863946199417114,0.18086010217666626,0.7805821895599365,0.21368318796157837,-0.6658599376678467
0.4551758749999989,0.0034223749999999996,133.0,2.30578241906435,-0.6440135933287371,0.5162410760990306,-0.00032463959050068003,-1.9734262802910497e-5,-0.00016013232245697944,0.06820998829254955,-0.0851210355758667,0.14698441326618195,-0.15567806363105774,0.2810252904891968,-0.002275408711284399,-0.2854766845703125,0.4391576647758484,0.3786637783050537,0.16961276531219482,0.7880675792694092,0.21540725231170654,-0.6634279489517212
0.4551758749999989,0.0034223749999999996,133.0,2.273608308935708,-0.6118269376451674,0.5160098275431764,-0.00015172866207817688,-9.345531510788557e-6,-7.503726381242946e-5,0.06819830227125585,-0.08711889386177063,0.14901424944400787,-0.15767520666122437,0.2833586633205414,-0.002379357349127531,-0.2793762683868408,0.4457031786441803,0.3742016553878784,0.16671667993068695,0.7963724136352539,0.2150547355413437,-0.6613563895225525
0.4551758749999989,0.0034223749999999996,133.0,2.2405956169177568,-0.5792579588297497,0.5159285263254714,1.682022967687208e-5,1.0945556494091068e-6,8.35812954588993e-6,0.06818896457721937,-0.08913326263427734,0.14712560176849365,-0.1581040322780609,0.2728905975818634,0.004247554577887058,-0.25626420974731445,0.45790326595306396,0.3814854025840759,0.1837339699268341,0.8050241470336914,0.22869232296943665,-0.6582390069961548
0.4551758749999989,0.0034223749999999996,133.0,2.20673162620643,-0.5455630045084565,0.5157272879829744,0.00018582325443631403,1.2391881400428463e-5,9.245288459740116e-5,0.06817792392234723,-0.09130814671516418,0.1477421224117279,-0.15983745455741882,0.2701866924762726,0.0062725418247282505,-0.24089717864990234,0.4692685604095459,0.38193124532699585,0.1939033418893814,0.8124375343322754,0.2292734980583191,-0.6560404300689697
0.4551758749999989,0.0034223749999999996,133.0,2.171959507177925,-0.5107422112267211,0.5153608387920183,0.00036902715318972817,2.477889157246719e-5,0.00018361125832800536,0.06816306097827421,-0.09412410855293274,0.15089865028858185,-0.16291651129722595,0.27615177631378174,0.00618265476077795,-0.23567581176757812,0.4783329367637634,0.3750954270362854,0.1951216757297516,0.8208601474761963,0.21836982667446136,-0.6552321910858154
0.4551758749999989,0.0034223749999999996,133.0,2.1363846658708368,-0.47536512328093444,0.5151445713230853,0.0005131133984395732,3.5285478204646276e-5,0.000255662123619834,0.06815092263782789,-0.09668928384780884,0.1517390012741089,-0.16474956274032593,0.27370569109916687,0.008343287743628025,-0.22022342681884766,0.4907521605491638,0.3759757876396179,0.20348197221755981,0.8301968574523926,0.2202240377664566,-0.6537404656410217
0.4551758749999989,0.0034223749999999996,133.0,2.099995936616846,-0.43917099195199716,0.5149227332083617,0.0006756258598824168,4.7639666447490865e-5,0.00033709689973455265,0.06813901320675128,-0.0991109311580658,0.15242880582809448,-0.1666361689567566,0.270913302898407,0.010166973806917667,-0.20439362525939941,0.503452718257904,0.3766658902168274,0.21358560025691986,0.8388867378234863,0.22139407694339752,-0.6517019271850586
0.4551758749999989,0.0034223749999999996,133.0,2.062813199309422,-0.4021653305646656,0.5147074794649815,0.0008487345059398436,6.147839223620308e-5,0.00042399577261902007,0.06812786857878196,-0.10119703412055969,0.15285256505012512,-0.1685817539691925,0.2675316631793976,0.011292906478047371,-0.1882030963897705,0.5162532925605774,0.3770520091056824,0.2267816960811615,0.8460173606872559,0.2212776392698288,-0.648750901222229
0.4551758749999989,0.0034223749999999996,133.0,2.0248558410035318,-0.364372707199856,0.5144701237710935,0.0010452809891615025,7.825152263348028e-5,0.0005229641078024262,0.06811822675179353,-0.10281765460968018,0.152875617146492,-0.17065709829330444,0.2635122537612915,0.010618186555802822,-0.17227578163146973,0.5294299125671387,0.37730395793914795,0.24293768405914307,0.8510196208953857,0.22126087546348572,-0.6450082659721375
0.4551758749999989,0.0034223749999999996,133.0,1.9860882964452236,-0.32575494696662993,0.5142575137309354,0.001231944311774546,9.504131156038758e-5,0.0006169139335994856,0.06810948722211642,-0.10417211055755615,0.15268783271312714,-0.172801673412323,0.2590551972389221,0.008880676701664925,-0.15640926361083984,0.5430117845535278,0.3776420056819916,0.26118895411491394,0.8547630310058594,0.22091667354106903,-0.640902042388916
0.4551758749999989,0.0034223749999999996,133.0,1.9463906259598351,-0.28664591505674686,0.5140922612686305,0.0013527664536753974,0.00011068234958716165,0.0006781601916729357,0.06810261381458228,-0.10629603266716003,0.14972776174545288,-0.17413082718849182,0.24532917141914368,0.015749242156744003,-0.12752437591552734,0.5652536749839783,0.3891104459762573,0.30464813113212585,0.8594632148742676,0.229868084192276,-0.6386669874191284
0.4551758749999989,0.0034223749999999996,133.0,1.9058887006231526,-0.24634680173914522,0.5138650331407708,0.0015075679746898855,0.0001270663523884862,0.000756804198988903,0.06809193546851044,-0.1083342432975769,0.14987917244434357,-0.1761208474636078,0.241690531373024,0.01657482236623764,-0.11236286163330078,0.581161379814148,0.39030152559280396,0.3194660544395447,0.8662567138671875,0.23146694898605347,-0.6362631916999817
0.4551758749999989,0.0034223749999999996,133.0,1.8644095175978552,-0.2046757493006281,0.5133876523471025,0.0016585901088350772,0.00014168234734257163,0.0008338087615447251,0.06807146045948534,-0.1113012433052063,0.15444111824035645,-0.1799623668193817,0.2533798813819885,0.014732460491359234,-0.1139063835144043,0.5898507833480835,0.3761812448501587,0.3158741593360901,0.8752713203430176,0.2084970623254776,-0.6338804960250854
0.4551758749999989,0.0034223749999999996,133.0,1.823055954698164,-0.1614857226838741,0.5157784301770214,0.0018006514448951573,0.000143974916304581,0.0009112099566749068,0.06798946245401431,-0.1118151843547821,0.15209217369556427,-0.18061110377311707,0.2388753741979599,0.012179562821984291,-0.09099245071411133,0.6010028719902039,0.38365739583969116,0.3208163380622864,0.883732795715332,0.23379045724868774,-0.6268845200538635
0.4551758749999989,0.0034223749999999996,133.0,1.7798148017298783,-0.11844346771266925,0.5154181464650814,0.0018980782026502769,0.0001622988027554485,0.0009640021650322526,0.0679664339474038,-0.11610868573188782,0.15214669704437256,-0.18316176533699036,0.23329314589500427,0.022816676646471024,-0.06759476661682129,0.6264349222183228,0.389640748500824,0.35570889711380005,0.8978722095489502,0.22931411862373352,-0.627338707447052
0.4551758749999989,0.0034223749999999996,133.0,1.7354437300632266,-0.07530146978921884,0.515463342978742,0.0018716466344004794,0.00017165182243786777,0.0009574901702265924,0.06794685841460306,-0.12447521090507507,0.1491481512784958,-0.18302664160728455,0.21090243756771088,0.05016830563545227,-0.027525663375854492,0.6648392677307129,0.41842174530029297,0.38647571206092834,0.9371321201324463,0.27100494503974915,-0.6339470148086548
0.4551758749999989,0.0034223749999999996,133.0,1.6882176322643854,-0.027764419607174132,0.5123297886289783,0.0017525422842044518,8.990838931124223e-5,0.0009168185664464441,0.06787713934978425,-0.15427154302597046,0.2102901041507721,-0.1899670660495758,0.35848331451416016,0.06648596376180649,-0.08839273452758789,0.3931244909763336,0.3767121732234955,-0.3340323269367218,1.2383360862731934,0.0992124006152153,-0.7396612763404846
0.4551758749999989,0.0034223749999999996,133.0,1.6388556635383003,0.024305720655778424,0.5129215628792531,0.00010315077094278181,-5.0193826210123406e-6,5.62938140256561e-5,0.06757974567631878,-0.20784729719161987,0.2836724817752838,-0.1777382791042328,0.4241393208503723,0.024874243885278702,0.10001635551452637,-0.07001650333404541,0.5878558158874512,-1.4784793853759766,1.7203445434570312,-0.008215878158807755,-1.015166997909546
0.4551758749999989,0.0034223749999999996,133.0,1.679802688393775,0.05572270371115354,0.5148605421299525,-0.0017118377105878732,-0.00013813526716426841,-0.0009622145642954029,0.06704274490351643,-0.23118716478347778,0.128836989402771,-0.18207529187202454,0.6435655951499939,-0.16820360720157623,0.20642423629760742,0.9150779247283936,-0.045210838317871094,-0.6640521883964539,1.558117151260376,-0.020479323342442513,-0.5984678864479065
0.4551758749999989,0.0034223749999999996,133.0,1.7171466527182437,0.10404085544021402,0.5201369732283353,-0.0019407660145037862,2.0787773627203168e-5,-0.0010958474212776782,0.06643184966851672,-0.30004599690437317,0.16456936299800873,-0.11526134610176086,0.9658691883087158,-0.40892109274864197,0.4805452823638916,0.4734085500240326,0.06899476051330566,-1.531904697418213,1.9624037742614746,0.3122616112232208,-1.0339432954788208
0.4551758749999989,0.0034223749999999996,133.0,1.755550131961243,0.15122258235501562,0.5260093407266546,-0.0019652946217802035,0.00012335342653478707,-0.0010615492472122003,0.0660763127360426,-0.3583238422870636,0.2004694938659668,-0.04359149932861328,1.2333863973617554,-0.7926234602928162,0.5865602493286133,0.045480627566576004,0.23498126864433289,-1.9114487171173096,2.042900562286377,0.5275565981864929,-1.4680131673812866
0.4551758749999989,0.0034223749999999996,133.0,1.797242682219853,0.1958234948541894,0.5278130734446271,-0.0018649020306800747,0.0001313538938230198,-0.0009851703208978845,0.06599541677700053,-0.3676548898220062,0.21622563898563385,-0.02271711826324463,1.3100208044052124,-0.8938366174697876,0.5908868312835693,-0.01671236753463745,0.2639155089855194,-1.9914997816085815,1.989809513092041,0.5483245849609375,-1.5741081237792969
0.4551758749999989,0.0034223749999999996,133.0,1.8388662916521001,0.23865252392343528,0.5288400641250348,-0.0017119972271614485,0.0001274374942686335,-0.0008915360126686244,0.06596457320389229,-0.37110576033592224,0.2225567102432251,-0.014592140913009644,1.3355706930160522,-0.9384748339653015,0.5994373559951782,-0.03362710401415825,0.2767822742462158,-2.017174005508423,1.9615559577941895,0.5752456784248352,-1.6127574443817139
0.4551758749999989,0.0034223749999999996,133.0,1.8797062969006477,0.28019476146347083,0.5289289295773875,-0.0015191871601972179,0.00011238484254707448,-0.0007880826698129519,0.06596747991189857,-0.3688795864582062,0.22619563341140747,-0.0055592358112335205,1.3749868869781494,-0.9439664483070374,0.5928351879119873,-0.04529768228530884,0.2630922794342041,-2.0186665058135986,1.910304069519043,0.6155638098716736,-1.6386120319366455
0.4551758749999989,0.0034223749999999996,133.0,1.920037857697508,0.3208431104246088,0.5291114538260995,-0.0014320924057148016,0.00010224480767817394,-0.0007377761861385694,0.06596204975143286,-0.37077316641807556,0.22891995310783386,-0.004999488592147827,1.37211275100708,-0.9673153758049011,0.6106605529785156,-0.015673525631427765,0.2750464379787445,-2.0358896255493164,1.895909309387207,0.6388705968856812,-1.6479649543762207
0.4551758749999989,0.0034223749999999996,133.0,1.9596915942619137,0.36071982239589734,0.5297082478996624,-0.0012283265059702575,8.723141204710815e-5,-0.0006248318956114138,0.06594253040809256,-0.37116149067878723,0.2318287044763565,-0.00042438507080078125,1.3904389142990112,-0.9842379689216614,0.6187387704849243,-0.00776435062289238,0.27461832761764526,-2.047288656234741,1.8639640808105469,0.6691300868988037,-1.6660597324371338
0.4551758749999989,0.0034223749999999996,133.0,1.998319850440609,0.3997333668028694,0.5301140804150364,-0.001070862057469919,7.533632418964202e-5,-0.0005395813701813426,0.06593381569253849,-0.36709704995155334,0.2344459891319275,0.011137068271636963,1.4460748434066772,-0.9762973189353943,0.6015536785125732,-0.026797689497470856,0.2459610104560852,-2.0431671142578125,1.798081398010254,0.7166784405708313,-1.6930912733078003
0.4551758749999989,0.0034223749999999996,133.0,2.0360803245587293,0.43790589598142726,0.5304563942886847,-0.0008721057465228077,6.0780449934525575e-5,-0.0004357184462729044,0.06592611819295725,-0.36889752745628357,0.236654132604599,0.010460913181304932,1.4409513473510742,-0.996398389339447,0.6210477352142334,0.009187748655676842,0.2561531364917755,-2.0633809566497803,1.7843012809753418,0.7401592135429382,-1.6984670162200928
0.4551758749999989,0.0034223749999999996,133.0,2.0730129177679024,0.47521472972197903,0.5307451581788584,-0.0006950845629570732,4.782001393653336e-5,-0.00034462399026138267,0.06591980015821139,-0.3688252866268158,0.23880714178085327,0.013920396566390991,1.4545748233795166,-1.008143424987793,0.627037525177002,0.021015815436840057,0.2542645335197449,-2.07108211517334,1.7550673484802246,0.7686437964439392,-1.7103803157806396
0.4551758749999989,0.0034223749999999996,133.0,2.109113931739467,0.5116779434273553,0.5310240917156261,-0.0005257598782961807,3.5670818425961004e-5,-0.00025874759020210006,0.0659134810525472,-0.3687787353992462,0.240679532289505,0.016724318265914917,1.4662598371505737,-1.0156656503677368,0.6328831911087036,0.034206632524728775,0.2513294816017151,-2.0764031410217285,1.7295575141906738,0.7937602400779724,-1.7192902565002441
0.4551758749999989,0.0034223749999999996,133.0,2.1443857778326696,0.5472824769282527,0.531249923331737,-0.00036182460256758124,2.4133067162225896e-5,-0.00017688543335714872,0.06590803596605087,-0.3688012659549713,0.242521271109581,0.019543588161468506,1.4778947830200195,-1.0213490724563599,0.6377546787261963,0.04576437547802925,0.24793735146522522,-2.0806922912597656,1.7052793502807617,0.8174550533294678,-1.72767972946167
0.4551758749999989,0.0034223749999999996,133.0,2.1787968852128956,0.582053814320196,0.5314843263803867,-0.00020319127207255394,1.3306312950066568e-5,-9.872051811653862e-5,0.06590038272031765,-0.36896976828575134,0.24424171447753906,0.02195712924003601,1.4884607791900635,-1.0232001543045044,0.6420997381210327,0.05660659074783325,0.24375298619270325,-2.0829429626464844,1.6845932006835938,0.8376114368438721,-1.7341878414154053
0.4551758749999989,0.0034223749999999996,133.0,2.2119519812864263,0.6160279286830385,0.5314006825478819,-6.060670652761943e-5,3.865949176131907e-6,-2.941494007807554e-5,0.06589397466517173,-0.3725033700466156,0.24668289721012115,0.02045750617980957,1.4769957065582275,-1.0413358211517334,0.6659427881240845,0.07826787233352661,0.25852376222610474,-2.095210075378418,1.6869821548461914,0.8409083485603333,-1.7376816272735596
0.4551758749999989,0.0034223749999999996,133.0,2.24424822840521,0.6492334861946746,0.5316081513400339,0.00013102027879517136,-8.32326139227879e-6,6.330433190324167e-5,0.06587641262085413,-0.37601611018180847,0.24924704432487488,0.021496117115020752,1.4780797958374023,-1.0572576522827148,0.6829894781112671,0.08185373246669769,0.26761043071746826,-2.1038594245910645,1.683687686920166,0.8441845774650574,-1.747964859008789
0.4551758749999989,0.0034223749999999996,133.0,2.2766766695154885,0.6795242158240953,0.5295350191440285,0.00030912988892494597,-1.824021478974333e-5,0.00014748856730374753,0.06603324616337655,-0.3714621961116791,0.24950817227363586,0.02789708971977234,1.4967923164367676,-1.0659315586090088,0.6565312147140503,0.06125512719154358,0.25888141989707947,-2.08524227142334,1.6374320983886719,0.8875876069068909,-1.7580113410949707
0.4551758749999989,0.0034223749999999996,133.0,2.3073816109935943,0.7110347263633395,0.5297069333916714,0.0004892944842092541,-2.8738143723504372e-5,0.00023239236841818224,0.06602358688995928,-0.37469932436943054,0.25196361541748047,0.029525727033615112,1.4979028701782227,-1.0901962518692017,0.6748672723770142,0.06939412653446198,0.26947569847106934,-2.1000382900238037,1.628248691558838,0.9006017446517944,-1.769878625869751
0.4551758749999989,0.0034223749999999996,133.0,2.337780595287897,0.741632610720115,0.5303055948866192,0.0007038916648153108,-4.0763564904557644e-5,0.0003307170523904495,0.06600406117373672,-0.37344470620155334,0.2533985674381256,0.03528568148612976,1.5273895263671875,-1.0821884870529175,0.6704235076904297,0.07731398940086365,0.24984240531921387,-2.10825777053833,1.5944955348968506,0.9320593476295471,-1.7798054218292236
0.4551758749999989,0.0034223749999999996,133.0,2.3673846303214643,0.7713349400062138,0.5307433497104233,0.0008577138066826677,-4.860104248982664e-5,0.00039938423198817495,0.06599446545891052,-0.3721427023410797,0.25442585349082947,0.03963521122932434,1.5483348369598389,-1.078119158744812,0.6677802801132202,0.09137088060379028,0.23444706201553345,-2.1153335571289062,1.5630927085876465,0.9643850922584534,-1.7854700088500977
0.4551758749999989,0.0034223749999999996,133.0,2.396100922723156,0.800238242639527,0.5314112945888451,0.0010547390872164169,-6.042028597304594e-5,0.00048615074137870395,0.06597927112953343,-0.3714127242565155,0.25565215945243835,0.04650557041168213,1.5770659446716309,-1.0811541080474854,0.6572287082672119,0.07954388856887817,0.2205970585346222,-2.116145133972168,1.5298330783843994,0.9943538904190063,-1.80035400390625
0.4551758749999989,0.0034223749999999996,133.0,2.423670276567042,0.8282994525211728,0.5315453546169584,0.0012059758658522189,-6.896773741861234e-5,0.0005536966828695079,0.06597865240339287,-0.3737044036388397,0.2573966085910797,0.047467708587646484,1.5736180543899536,-1.1062809228897095,0.6732195615768433,0.09174811840057373,0.23155415058135986,-2.1282992362976074,1.5183472633361816,1.0120997428894043,-1.8080573081970215
0.4551758749999989,0.0034223749999999996,133.0,2.450629040895938,0.8554841685649658,0.5319437430474679,0.0013757030169389921,-7.882148921098422e-5,0.0006270120032089521,0.06597213071255363,-0.373886376619339,0.25857824087142944,0.05309361219406128,1.5942316055297852,-1.114966869354248,0.665992021560669,0.07945311069488525,0.22438660264015198,-2.127822160720825,1.4917125701904297,1.035537838935852,-1.8215179443359375
0.4551758749999989,0.0034223749999999996,133.0,2.476937696426461,0.881726450774456,0.5319981765092346,0.0015783225643556393,-8.64919592023988e-5,0.0007162334053142847,0.06597343129339171,-0.37277743220329285,0.2591640055179596,0.055048614740371704,1.6047463417053223,-1.1100807189941406,0.6666593551635742,0.09914503991603851,0.21291980147361755,-2.133669137954712,1.4686012268066406,1.060213565826416,-1.8206980228424072
0.4551758749999989,0.0034223749999999996,133.0,2.502259567349262,0.9072181404123183,0.5322179205702988,0.0017846736650271363,-9.689144210442076e-5,0.0008059465922479081,0.06596737321733283,-0.3727080523967743,0.2601735293865204,0.05876272916793823,1.6204782724380493,-1.1099576950073242,0.6618131399154663,0.09497420489788055,0.2048380970954895,-2.1334362030029297,1.449425220489502,1.0771970748901367,-1.828361988067627
0.4551758749999989,0.0034223749999999996,133.0,2.526515603674166,0.9319154348247783,0.5323949071175155,0.0020138583508391527,-0.00010930348703372798,0.0009057548042197331,0.0659624953106914,-0.37439534068107605,0.26137930154800415,0.05845600366592407,1.6174423694610596,-1.1211669445037842,0.6772620677947998,0.11230029165744781,0.2093682885169983,-2.1426587104797363,1.4418494701385498,1.0875242948532104,-1.8300209045410156
0.4551758749999989,0.0034223749999999996,133.0,2.5499672154285613,0.9557474576237796,0.5323843945214078,0.002183156990681653,-0.00011714080446338717,0.00098016228847546,0.06596231462572452,-0.3761724531650543,0.2626064717769623,0.05867829918861389,1.6148804426193237,-1.1341369152069092,0.6892532110214233,0.12159600853919983,0.21549755334854126,-2.148137092590332,1.4349265098571777,1.0968877077102661,-1.8337187767028809
0.4551758749999989,0.0034223749999999996,133.0,2.572510573004289,0.9787641149803183,0.5323638260615616,0.002398696709426213,-0.00012683053464602881,0.0010751049354144316,0.06596062282944966,-0.3781000077724457,0.26393356919288635,0.05802804231643677,1.6091314554214478,-1.1464722156524658,0.7056816816329956,0.13756553828716278,0.22239181399345398,-2.15701961517334,1.4303147792816162,1.104693055152893,-1.8350236415863037
0.4551758749999989,0.0034223749999999996,133.0,2.5944008302764168,1.000907273115073,0.5324816384322825,0.002617892560346396,-0.0001376153512401202,0.0011696126828249877,0.06595834317036778,-0.377188116312027,0.2643886208534241,0.062005311250686646,1.6277767419815063,-1.1410508155822754,0.6962215900421143,0.13465406000614166,0.20913994312286377,-2.1566061973571777,1.4082939624786377,1.124837875366211,-1.8404254913330078
0.4551758749999989,0.0034223749999999996,133.0,2.6154256593221916,1.0222481878874645,0.5325279303692687,0.0028490823615453676,-0.0001475516178216167,0.0012699515539415578,0.06595439474618915,-0.3803309500217438,0.2661365270614624,0.059800803661346436,1.6119205951690674,-1.165037751197815,0.7238647937774658,0.15466353297233582,0.22604778409004211,-2.170689105987549,1.4098875522613525,1.1279678344726562,-1.8417041301727295
0.4551758749999989,0.0034223749999999996,133.0,2.635884942986522,1.0426975857642544,0.5332098323075917,0.003086912849415491,-0.00016581379582456074,0.001361776900653244,0.0659383927081547,-0.3787825405597687,0.2665773034095764,0.06663438677787781,1.6455122232437134,-1.149278998374939,0.7007097005844116,0.13646188378334045,0.20300588011741638,-2.1676061153411865,1.3842809200286865,1.1489486694335938,-1.8521380424499512
0.4551758749999989,0.0034223749999999996,133.0,2.655299397458191,1.0624303581680559,0.5336668722936359,0.0032704610244688836,-0.0001762234362250968,0.0014355180154508314,0.06592807647323143,-0.37944599986076355,0.26758208870887756,0.07056787610054016,1.6614009141921997,-1.1505942344665527,0.6950720548629761,0.12715362012386322,0.196078360080719,-2.169757127761841,1.369751214981079,1.1610983610153198,-1.861083984375
0.4551758749999989,0.0034223749999999996,133.0,2.67402226840527,1.0812264439362083,0.5341552613777666,0.003479398750593264,-0.0001888745218442766,0.0015165817798075396,0.06591702289314656,-0.3798348605632782,0.26823675632476807,0.0732211172580719,1.6731951236724854,-1.1510188579559326,0.6942746639251709,0.12950362265110016,0.18851783871650696,-2.174433469772339,1.3545506000518799,1.175029993057251,-1.8653643131256104
0.4551758749999989,0.0034223749999999996,133.0,2.6913572843628764,1.0992759316030702,0.5339547754503411,0.0036559816410765365,-0.00020083654316062076,0.0015955664599088223,0.06592380982559988,-0.38281676173210144,0.2697948217391968,0.07406184077262878,1.6676340103149414,-1.1763653755187988,0.7057374715805054,0.11909566819667816,0.2042904794216156,-2.1770377159118652,1.3538267612457275,1.1749534606933594,-1.8756592273712158
0.4551758749999989,0.0034223749999999996,133.0,2.7084375777379455,1.1163614866309175,0.534172245641049,0.0038671528108076116,-0.00020991815809276785,0.0016802064585444826,0.06591856408158024,-0.38263240456581116,0.2702735960483551,0.07622209191322327,1.6777912378311157,-1.174198031425476,0.7041795253753662,0.124322310090065,0.19606301188468933,-2.1813857555389404,1.3389623165130615,1.188889503479004,-1.8776419162750244
0.4551758749999989,0.0034223749999999996,133.0,2.7244583049068134,1.1326600878153663,0.5343460271060875,0.004052557442125712,-0.0002208788696700806,0.0017553399430143336,0.06591508294744007,-0.38473305106163025,0.2712806165218353,0.07725051045417786,1.676059365272522,-1.195341944694519,0.7149922847747803,0.1226537823677063,0.20569941401481628,-2.187080144882202,1.3318378925323486,1.1952494382858276,-1.885650873184204
0.4551758749999989,0.0034223749999999996,133.0,2.7396780704300023,1.1480091655123101,0.5341533429590198,0.0042356021941439065,-0.00022873590378314973,0.001830993640113854,0.06592111289673608,-0.3834558427333832,0.2712363004684448,0.07939180731773376,1.6856383085250854,-1.1928845643997192,0.7105820178985596,0.13040868937969208,0.19593149423599243,-2.1898133754730225,1.3132388591766357,1.214151382446289,-1.885511875152588
0.4551758749999989,0.0034223749999999996,133.0,2.7541712005140893,1.1625849454903256,0.5343697909586128,0.00438111007382005,-0.00023731497434521768,0.00188632884386799,0.06591967885510329,-0.3849579393863678,0.27193477749824524,0.07936421036720276,1.6782060861587524,-1.2168362140655518,0.7252185344696045,0.13760784268379211,0.2081966996192932,-2.197507858276367,1.3063552379608154,1.2255027294158936,-1.8904874324798584
0.4551758749999989,0.0034223749999999996,133.0,2.767698600353166,1.1763304454395183,0.5345157046094535,0.004510733444108135,-0.000249707431734304,0.0019358060349418651,0.0659256228181043,-0.3862225115299225,0.2722591459751129,0.08087971806526184,1.6744240522384644,-1.2482002973556519,0.7326581478118896,0.1311674565076828,0.2226625680923462,-2.2016329765319824,1.2946608066558838,1.24284827709198,-1.9012656211853027
0.4551758749999989,0.0034223749999999996,133.0,2.7808481650831927,1.1891608665391373,0.5350014081725251,0.004652544992722498,-0.00026232473921104473,0.0019825860457188954,0.06592325329304799,-0.38472577929496765,0.27173805236816406,0.08446112275123596,1.687265157699585,-1.254931926727295,0.7222194671630859,0.12394078075885773,0.21712079644203186,-2.2033751010894775,1.273226261138916,1.2688223123550415,-1.9085500240325928
0.4551758749999989,0.0034223749999999996,133.0,2.793333703222918,1.2010892626858118,0.535140952354904,0.004801657583054365,-0.00025972162450406297,0.0020361904266348887,0.06592497146403953,-0.3796357810497284,0.2703820466995239,0.0888073742389679,1.7144644260406494,-1.2213183641433716,0.6945409774780273,0.13467352092266083,0.18296405673027039,-2.2018918991088867,1.243025541305542,1.3007001876831055,-1.9015111923217773
0.4551758749999989,0.0034223749999999996,133.0,2.805099231296763,1.2121486235627483,0.5355107440149297,0.004955959174642991,-0.00026241985057443755,0.0020861666037255283,0.06592120825777713,-0.3750612437725067,0.26908454298973083,0.09282627701759338,1.7394663095474243,-1.1902889013290405,0.6692938804626465,0.14459095895290375,0.15147840976715088,-2.2012553215026855,1.2153379917144775,1.3297559022903442,-1.894942045211792
0.4551758749999989,0.0034223749999999996,133.0,2.816102614672654,1.2223678757913654,0.5357599794421938,0.005104461045937598,-0.00025820746036606823,0.002135229812274042,0.06591967762259275,-0.37019291520118713,0.2678110599517822,0.09516248106956482,1.7591607570648193,-1.1542028188705444,0.6497395038604736,0.1671033799648285,0.11941996216773987,-2.204223871231079,1.1912331581115723,1.3572492599487305,-1.8825407028198242
0.4551758749999989,0.0034223749999999996,133.0,2.8260642313494397,1.2318616607264448,0.5359888876271319,0.005273658767397823,-0.00025558408237986936,0.0021973022590393927,0.06591938598304371,-0.36615481972694397,0.2666536271572113,0.09677359461784363,1.7745320796966553,-1.1242040395736694,0.6359994411468506,0.19071243703365326,0.09222874045372009,-2.208592176437378,1.16990327835083,1.3814362287521362,-1.8707165718078613
0.4551758749999989,0.0034223749999999996,133.0,2.8344702129412234,1.2427167930540974,0.5389634910035691,0.005518341878368053,-0.0002791831505539962,0.002285531022256392,0.06572299069173383,-0.3688623607158661,0.26813697814941406,0.09648397564888,1.7923864126205444,-1.0982764959335327,0.6574056148529053,0.22433246672153473,0.07418149709701538,-2.240034818649292,1.1757681369781494,1.3758925199508667,-1.870537281036377
0.4551758749999989,0.0034223749999999996,133.0,2.8430677070235277,1.2504569890545794,0.5394767075411971,0.0057794985236995725,-0.00028581927280464447,0.002377373928122864,0.06571778124813674,-0.3634021580219269,0.2666792869567871,0.1006154716014862,1.8225352764129639,-1.0481810569763184,0.622498631477356,0.23189836740493774,0.03323587775230408,-2.2368786334991455,1.1520648002624512,1.3961259126663208,-1.8595316410064697
0.4551758749999989,0.0034223749999999996,133.0,2.850470025163689,1.2574050462589166,0.5395389314619077,0.0061724320225743255,-0.0002959831692814288,0.00253008939043198,0.06572055491255031,-0.36030837893486023,0.26588407158851624,0.10187140107154846,1.832082986831665,-1.0325223207473755,0.6131976842880249,0.24567128717899323,0.017264187335968018,-2.241997003555298,1.1335606575012207,1.414926528930664,-1.853121280670166
0.4551758749999989,0.0034223749999999996,133.0,2.8571852873250223,1.263554835498218,0.5397572935964685,0.006829501951553518,-0.00031938673211580993,0.0027860931302700364,0.06571921569824289,-0.35661694407463074,0.2651214599609375,0.10241881012916565,1.843606948852539,-1.0054514408111572,0.6042464971542358,0.26614314317703247,-0.004421889781951904,-2.2500720024108887,1.1167550086975098,1.4301304817199707,-1.8429629802703857
0.4551758749999989,0.0034223749999999996,133.0,2.863005236398156,1.2689280568637804,0.539747924157217,0.0083176081507926,-0.0003811604607833888,0.0033764720357246573,0.06572166653280456,-0.3528279960155487,0.26474010944366455,0.10375729203224182,1.8583499193191528,-0.9866519570350647,0.5965662002563477,0.27877673506736755,-0.023364484310150146,-2.2650341987609863,1.0918805599212646,1.445942997932434,-1.8387982845306396
0.4551758749999989,0.0034223749999999996,133.0,2.868072623177568,1.274035784698062,0.5399481598915865,0.015477373285366136,-0.0007568912833820746,0.00614933098538315,0.06570012460308851,-0.3489550054073334,0.26801934838294983,0.10531756281852722,1.8855456113815308,-1.0008925199508667,0.623960018157959,0.2876704931259155,-0.027629613876342773,-2.342020273208618,1.031294345855713,1.4544808864593506,-1.8621020317077637
0.4551758749999989,0.0034223749999999996,133.0,2.8671013488371395,-1.2316493559314667,0.5081361793314118,-0.01382045109413539,-0.00045007175091099996,-0.0068670907791432275,0.06837609904549515,-0.059092938899993896,0.1449798345565796,-0.13050255179405212,0.33899542689323425,0.03002873808145523,-0.6547191143035889,0.2826818525791168,0.43602505326271057,-0.15177322924137115,0.7411236763000488,0.45719635486602783,-0.7783042192459106
0.4551758749999989,0.0034223749999999996,133.0,2.8625119478840917,-1.2266892149459598,0.5085447156248998,-0.007463538696800009,-0.00019443862166349435,-0.0037069205694235476,0.0683385101528401,-0.059506237506866455,0.14970780909061432,-0.12704390287399292,0.3569040596485138,-0.01649610325694084,-0.6484298706054688,0.2702207863330841,0.41653889417648315,-0.2142968475818634,0.7559444904327393,0.44111883640289307,-0.776627779006958
0.4551758749999989,0.0034223749999999996,133.0,2.8569722480796536,-1.2211930893016172,0.5085285692482677,-0.006133402712344709,-0.0001562694963229322,-0.003043039792268055,0.06832215561745103,-0.061277568340301514,0.15025164186954498,-0.12621980905532837,0.3566820025444031,-0.015814878046512604,-0.6302921772003174,0.2684202790260315,0.4130061864852905,-0.20393311977386475,0.7622301578521729,0.4054392874240875,-0.7728769183158875
0.4551758749999989,0.0034223749999999996,133.0,2.850768379300274,-1.2151631636234153,0.5085402191875327,-0.005547427380102859,-0.00014155932568416912,-0.0027501882763454545,0.06831670605678732,-0.06144145131111145,0.14957387745380402,-0.12638461589813232,0.35353872179985046,-0.01778707280755043,-0.6190643310546875,0.27018484473228455,0.41002047061920166,-0.19021157920360565,0.7618591785430908,0.38865405321121216,-0.766730785369873
0.4551758749999989,0.0034223749999999996,133.0,2.843573022018545,-1.208162802326643,0.5084919090809608,-0.005208014827188885,-0.00013923161820699172,-0.0025795419828157215,0.0683057438982206,-0.06277790665626526,0.14804719388484955,-0.125853031873703,0.346463143825531,-0.010917828418314457,-0.5965542793273926,0.27327343821525574,0.4108555018901825,-0.1612754911184311,0.7646777629852295,0.3593621850013733,-0.760501503944397
0.4551758749999989,0.0034223749999999996,133.0,2.8348366331542634,-1.2020071757155237,0.5059246063319418,-0.004968269731675152,-0.0001878747169025694,-0.002456700087086079,0.06837745025144208,-0.06280869245529175,0.14635194838047028,-0.12561431527137756,0.34243521094322205,-0.004834810737520456,-0.5874748229980469,0.2794877588748932,0.40995126962661743,-0.13659481704235077,0.7596900463104248,0.3409020006656647,-0.7555792927742004
0.4551758749999989,0.0034223749999999996,133.0,2.8260530065127645,-1.1936487949080106,0.5059328557671393,-0.004772060997069466,-0.00018905648812165827,-0.002359307450383452,0.06837037921389903,-0.06392276287078857,0.14372003078460693,-0.12458950281143188,0.3313934803009033,0.0020637987181544304,-0.559248685836792,0.2845643162727356,0.41358482837677,-0.10234556347131729,0.7618482112884521,0.3177008628845215,-0.7481760382652283
0.4551758749999989,0.0034223749999999996,133.0,2.816487635255362,-1.184272987932087,0.5057984134628039,-0.004625666290370333,-0.00018831548913990346,-0.0022822632712226083,0.06836498906820335,-0.06436118483543396,0.14274591207504272,-0.1251872181892395,0.32692965865135193,0.00577023159712553,-0.5418238639831543,0.289496511220932,0.4124600887298584,-0.07552006095647812,0.7580325603485107,0.2930273115634918,-0.7425777912139893
0.4551758749999989,0.0034223749999999996,133.0,2.8060108691977814,-1.1740439361014738,0.5057367974306429,-0.004495335896659939,-0.00019046018760737125,-0.0022124405921320786,0.06835606505148364,-0.06524679064750671,0.14070655405521393,-0.12484243512153625,0.3181706666946411,0.012804882600903511,-0.5137701034545898,0.29592078924179077,0.41484034061431885,-0.03820464015007019,0.7555763721466064,0.26418739557266235,-0.7361868619918823
0.4551758749999989,0.0034223749999999996,133.0,2.7947888456065533,-1.1631763116366367,0.50580197654646,-0.0043632171938478665,-0.00019381659988203944,-0.0021451405455137165,0.06835092138381792,-0.06595665216445923,0.13793422281742096,-0.12399372458457947,0.3067598044872284,0.019275832921266556,-0.4826045036315918,0.3029825687408447,0.4192953109741211,-0.0007699425332248211,0.753110408782959,0.24241337180137634,-0.7292181849479675
0.4551758749999989,0.0034223749999999996,133.0,2.782801512319118,-1.1512962642525328,0.5057536710296506,-0.004241384116595256,-0.00019374134615287973,-0.0020811249020920223,0.06834808424481048,-0.06587815284729004,0.13660505414009094,-0.12449368834495544,0.30100154876708984,0.020519718527793884,-0.4632084369659424,0.30926087498664856,0.4193403422832489,0.02502366155385971,0.7468733787536621,0.2253495156764984,-0.7234845161437988
0.4551758749999989,0.0034223749999999996,133.0,2.7700172198629356,-1.1385714343884235,0.5055867159694332,-0.004118290399970799,-0.00019117637055870372,-0.0020128829765802656,0.06834718492807913,-0.0650462806224823,0.13528332114219666,-0.1259438693523407,0.297269731760025,0.02092299982905388,-0.4514486789703369,0.3156718909740448,0.4159609079360962,0.05139927938580513,0.7360429763793945,0.20963352918624878,-0.7163363695144653
0.4551758749999989,0.0034223749999999996,133.0,2.756522897116544,-1.124937720196753,0.5054041640801517,-0.004010496987905074,-0.00018565019999184628,-0.0019568086668031418,0.06835079697244088,-0.06326261162757874,0.13400912284851074,-0.12759152054786682,0.29462572932243347,0.014730016700923443,-0.45051097869873047,0.31780970096588135,0.4106388986110687,0.0648033544421196,0.7256691455841064,0.2098512053489685,-0.708314836025238
0.4551758749999989,0.0034223749999999996,133.0,2.742166143666714,-1.1104189689107329,0.5051996581327106,-0.003873486399956233,-0.00017733416255509438,-0.0018870045638570304,0.0683538077772548,-0.06161844730377197,0.13451723754405975,-0.1297791600227356,0.2969745695590973,0.0036997459828853607,-0.4589354991912842,0.3186664581298828,0.40294045209884644,0.06080355495214462,0.7187414169311523,0.2179553359746933,-0.7029328942298889
0.4551758749999989,0.0034223749999999996,133.0,2.7268136891284795,-1.095040705551273,0.5050231092448506,-0.0036988772035250546,-0.00017282634676367363,-0.0018030103185817975,0.06835073872710058,-0.061968207359313965,0.13488805294036865,-0.13103285431861877,0.29680001735687256,0.0026742657646536827,-0.45116114616394043,0.32284221053123474,0.400459885597229,0.07193130999803543,0.7158832550048828,0.20867766439914703,-0.7002779245376587
0.4551758749999989,0.0034223749999999996,133.0,2.7105870565425794,-1.0787760680486391,0.5048663282602553,-0.003536926450247749,-0.00016477058801799582,-0.0017223340901650456,0.06834698618347244,-0.06242048740386963,0.13611793518066406,-0.13264095783233643,0.2994996905326843,0.0004473879234865308,-0.45139217376708984,0.324693500995636,0.3961344361305237,0.07508176565170288,0.7153599262237549,0.20454001426696777,-0.6986530423164368
0.4551758749999989,0.0034223749999999996,133.0,2.69350678672829,-1.0617841283674003,0.5048156299472426,-0.0033513490539681173,-0.00015840927311703816,-0.0016333406382681023,0.06834174945574141,-0.06342747807502747,0.13658326864242554,-0.13317182660102844,0.2982100546360016,-7.885973900556564e-6,-0.44060850143432617,0.32966187596321106,0.39640963077545166,0.07927776873111725,0.7180807590484619,0.20310837030410767,-0.6976768970489502
0.4551758749999989,0.0034223749999999996,133.0,2.675666948398766,-1.043806342225903,0.5046707605183769,-0.003174970736233305,-0.00014701854474209603,-0.0015497081800960367,0.0683404715614126,-0.06348076462745667,0.1385885775089264,-0.1347772777080536,0.30357879400253296,-0.00868260208517313,-0.4552326202392578,0.3299308717250824,0.3907312750816345,0.05400475859642029,0.7233304977416992,0.22569796442985535,-0.6974185705184937
0.4551758749999989,0.0034223749999999996,133.0,2.656817544940118,-1.0249617181889805,0.5045405684361469,-0.0029930453203807577,-0.00014073063228011915,-0.0014602478403705746,0.068331212163084,-0.065145343542099,0.1392284333705902,-0.13569357991218567,0.30275848507881165,-0.00486851017922163,-0.4417440891265869,0.3361983299255371,0.39066460728645325,0.0674123615026474,0.725700855255127,0.21369944512844086,-0.6965688467025757
0.4551758749999989,0.0034223749999999996,133.0,2.6372275408228876,-1.0054398506775595,0.5044267770033936,-0.0028295187953457385,-0.00013625512656260006,-0.0013815799103841977,0.06832526336842461,-0.06608971953392029,0.1395999938249588,-0.13659432530403137,0.30130064487457275,-0.004917141515761614,-0.43111109733581543,0.3423352539539337,0.39014971256256104,0.07398273795843124,0.7276427745819092,0.21125413477420807,-0.6946325898170471
0.4551758749999989,0.0034223749999999996,133.0,2.61683748770877,-0.9849739655832712,0.5042799849739977,-0.0026149332075485086,-0.0001257638127861157,-0.0012784259208790227,0.06832055101844722,-0.06679132580757141,0.14092105627059937,-0.1379532516002655,0.3037045896053314,-0.008377215825021267,-0.43221163749694824,0.34565505385398865,0.38643115758895874,0.06710205227136612,0.7314102649688721,0.21767814457416534,-0.6933528780937195
0.4551758749999989,0.0034223749999999996,133.0,2.59556384814575,-0.9642472467396199,0.5044059853790933,-0.0024017693060974293,-0.00012087416705895885,-0.001175624154441994,0.06831495720135247,-0.06795662641525269,0.13708345592021942,-0.13648536801338196,0.28861474990844727,-0.00024508172646164894,-0.39899778366088867,0.3531416654586792,0.39615148305892944,0.09824353456497192,0.7347760200500488,0.21986599266529083,-0.6880021691322327
0.4551758749999989,0.0034223749999999996,133.0,2.5734549840537193,-0.9420991036127748,0.5042295038077507,-0.0022000495159285385,-0.00010989738683424273,-0.0010771174579942394,0.06830922292692872,-0.06894490122795105,0.1385601907968521,-0.1380693018436432,0.2910843789577484,-0.003797294106334448,-0.3989284038543701,0.35815316438674927,0.3929356336593628,0.09055867791175842,0.7390999794006348,0.22658774256706238,-0.6873116493225098
0.4551758749999989,0.0034223749999999996,133.0,2.5504143433520103,-0.9190379103113998,0.5040001609213028,-0.0019991800952840694,-0.00010092001805627507,-0.0009783884649948664,0.06829957115550261,-0.07091084122657776,0.1407700479030609,-0.1400979459285736,0.29496291279792786,-0.003599759191274643,-0.3938140869140625,0.3655778467655182,0.38984087109565735,0.09145896881818771,0.7433743476867676,0.21954795718193054,-0.6881600022315979
0.4551758749999989,0.0034223749999999996,133.0,2.5264764405449407,-0.8949323675750462,0.5036267474286603,-0.001838457444738483,-9.321637828006494e-5,-0.0008988533102902618,0.06828806811043014,-0.0734061598777771,0.1449933648109436,-0.14336207509040833,0.3053176701068878,-0.003661105874925852,-0.39650654792785645,0.3719390630722046,0.38175225257873535,0.08875597268342972,0.7474474906921387,0.20225916802883148,-0.6904881000518799
0.4551758749999989,0.0034223749999999996,133.0,2.5018534153750003,-0.8702094194753359,0.503432763868821,-0.0016406188924678283,-8.224269649033316e-5,-0.0008036141787041081,0.06828112947884982,-0.07483404874801636,0.1474062204360962,-0.14505767822265625,0.31002944707870483,-0.007927337661385536,-0.3993406295776367,0.37569329142570496,0.37737250328063965,0.0721258670091629,0.7549741268157959,0.2118005007505417,-0.6908903121948242
0.4551758749999989,0.0034223749999999996,133.0,2.4763432128279437,-0.844856858773836,0.503406174150498,-0.0014572638282431152,-7.60190761434305e-5,-0.0007159892518858354,0.0682717535093076,-0.07648539543151855,0.1473671942949295,-0.14584898948669434,0.3060764968395233,-0.006392126902937889,-0.3844766616821289,0.38326317071914673,0.37921273708343506,0.07962377369403839,0.7608675956726074,0.21554026007652283,-0.6888383626937866
0.4551758749999989,0.0034223749999999996,133.0,2.4500685196023064,-0.8188655616090894,0.503343514304341,-0.0012765271663548396,-6.842321478514348e-5,-0.0006276569761259021,0.06826542912374903,-0.07779225707054138,0.14599403738975525,-0.14633071422576904,0.29835644364356995,-0.0035144872963428497,-0.36460161209106445,0.3920203745365143,0.38322460651397705,0.09655293077230453,0.7651669979095459,0.22015510499477386,-0.6851690411567688
0.4551758749999989,0.0034223749999999996,133.0,2.4229960471703476,-0.7918829997694096,0.5031785533429547,-0.0011267402831522384,-6.174694986740507e-5,-0.0005542251057243116,0.06825907601022818,-0.07866328954696655,0.14599841833114624,-0.1478252410888672,0.2951582968235016,-0.004136606119573116,-0.3511960506439209,0.3995039165019989,0.38231486082077026,0.1095309630036354,0.7667036056518555,0.21795213222503662,-0.6810778379440308
0.4551758749999989,0.0034223749999999996,133.0,2.395190373184997,-0.7641230667710507,0.5030107058289099,-0.000993183048526007,-5.5047323632311945e-5,-0.0004888685714021653,0.06825632330898566,-0.07862907648086548,0.1455872505903244,-0.14927566051483154,0.29137638211250305,-0.008478663861751556,-0.3425440788269043,0.40493863821029663,0.38042545318603516,0.11593148857355118,0.7671554088592529,0.224651038646698,-0.6754097938537598
0.4551758749999989,0.0034223749999999996,133.0,2.3663895811130757,-0.7355427304028762,0.502820120121275,-0.000820123652732172,-4.623332343957383e-5,-0.0004028588927410363,0.06824927485863864,-0.0801037847995758,0.14503905177116394,-0.15079382061958313,0.28645768761634827,-0.005202867090702057,-0.32333970069885254,0.41407936811447144,0.38150545954704285,0.14332963526248932,0.7684926986694336,0.21563996374607086,-0.6715701818466187
0.4551758749999989,0.0034223749999999996,133.0,2.336765313284301,-0.7062016351135522,0.50269638481499,-0.0006885241634710213,-4.015204760904451e-5,-0.0003381535248910158,0.06824264501319628,-0.08151483535766602,0.14388349652290344,-0.15178245306015015,0.2788887321949005,-0.0018778841476887465,-0.3011147975921631,0.42471233010292053,0.38550421595573425,0.16832679510116577,0.7712156772613525,0.2144881933927536,-0.6680192351341248
0.4551758749999989,0.0034223749999999996,133.0,2.306278559470945,-0.6758615851041573,0.5025203129564497,-0.0005168188904643708,-3.09895061478522e-5,-0.00025413981273481723,0.06823361253435288,-0.08324643969535828,0.14431938529014587,-0.15324124693870544,0.2761046290397644,-0.0009200852364301682,-0.28653860092163086,0.434135764837265,0.3860110640525818,0.17838649451732635,0.7767775058746338,0.2153233289718628,-0.6657902002334595
0.4551758749999989,0.0034223749999999996,133.0,2.274995820844426,-0.6444462259520497,0.5022624053258609,-0.00032469365504710307,-1.913883036781156e-5,-0.00015974511137435474,0.06822451514192397,-0.08474504947662354,0.14701437950134277,-0.15562012791633606,0.2813928723335266,-0.004971418064087629,-0.28812074661254883,0.4378291666507721,0.37832388281822205,0.1668182611465454,0.784353494644165,0.21717137098312378,-0.6634383201599121
0.4551758749999989,0.0034223749999999996,133.0,2.2428276283476225,-0.6122646346889608,0.5020372453450013,-0.00015175434270740045,-9.063138421466857e-6,-7.485321737872342e-5,0.06821314211187111,-0.0867529809474945,0.14906170964241028,-0.15762141346931458,0.28377339243888855,-0.00510365841910243,-0.2821063995361328,0.44430917501449585,0.37390023469924927,0.16363348066806793,0.792724609375,0.21696443855762482,-0.6614516377449036
0.4551758749999989,0.0034223749999999996,133.0,2.2098198240187963,-0.5796897407915723,0.5019562813218508,1.6823252414520612e-5,1.0623239546545672e-6,8.337646267407512e-6,0.06820412585820901,-0.08877736330032349,0.1471758633852005,-0.15804898738861084,0.27337101101875305,0.0015335698844864964,-0.2590608596801758,0.45651620626449585,0.38122791051864624,0.1804608553647995,0.8014571666717529,0.23084348440170288,-0.6584454774856567
0.4551758749999989,0.0034223749999999996,133.0,2.1759620665109782,-0.5459960587269562,0.5017601665822724,0.00018585581216529415,1.2025505472862605e-5,9.222285369675445e-5,0.06819343486976143,-0.0909612774848938,0.14780651032924652,-0.15978899598121643,0.2707218825817108,0.00353721110150218,-0.2437911033630371,0.46784818172454834,0.38170796632766724,0.1903969943523407,0.8089184761047363,0.23159223794937134,-0.65633624792099
0.4551758749999989,0.0034223749999999996,133.0,2.1411989920685337,-0.5111836312563973,0.501403632196353,0.0003690924493131476,2.4032978808260517e-5,0.00018314520256986128,0.06817898119413594,-0.0937846302986145,0.1509915590286255,-0.16288310289382935,0.27674442529678345,0.003420366905629635,-0.2386789321899414,0.47682255506515503,0.3748832941055298,0.19134174287319183,0.8173465728759766,0.22073478996753693,-0.6555961966514587
0.4551758749999989,0.0034223749999999996,133.0,2.105631884511324,-0.4758083987986132,0.5011927189404081,0.0005132066849842917,3.4218201002323675e-5,0.00025500202026800195,0.06816722701022795,-0.0963563323020935,0.15184731781482697,-0.1647246778011322,0.27436915040016174,0.005569472908973694,-0.22334051132202148,0.4892033636569977,0.37578290700912476,0.19946390390396118,0.8267004489898682,0.22273807227611542,-0.6541945934295654
0.4551758749999989,0.0034223749999999996,133.0,2.0692503972906504,-0.43961568713422666,0.5009764067977864,0.0006757519829768097,4.619330895815452e-5,0.00033621306472666665,0.0681556982159755,-0.0987849235534668,0.15255382657051086,-0.1666191816329956,0.2716529965400696,0.007378112990409136,-0.2076261043548584,0.5018713474273682,0.3764861822128296,0.2093265801668167,0.8354034423828125,0.22404026985168457,-0.6522458791732788
0.4551758749999989,0.0034223749999999996,133.0,2.032073738052764,-0.4026107240792653,0.500766897091226,0.0008488964435173044,5.960821781149459e-5,0.0004228708977242857,0.06814491410817379,-0.10087850689888,0.152995303273201,-0.1685718595981598,0.2683507204055786,0.008481557480990887,-0.1915452480316162,0.5146446228027344,0.3768809139728546,0.2222830206155777,0.8425536155700684,0.2240380048751831,-0.6493829488754272
0.4551758749999989,0.0034223749999999996,133.0,1.994120760522225,-0.3648176687668037,0.5005357584856834,0.0010454836467487046,7.588173263179434e-5,0.0005215686718127209,0.06813559986567623,-0.10250815749168396,0.15303780138492584,-0.17065337300300598,0.2644103169441223,0.0077801854349672794,-0.1757209300994873,0.5278030037879944,0.377136766910553,0.2382066696882248,0.8475785255432129,0.22410598397254944,-0.6457235813140869
0.4551758749999989,0.0034223749999999996,133.0,1.9553567129549922,-0.326198906358927,0.5003296769237603,0.0012321874780762377,9.21664521686877e-5,0.0006152596680327395,0.06812715467325621,-0.10387152433395386,0.1528697907924652,-0.17280316352844238,0.26003366708755493,0.006013219244778156,-0.159959077835083,0.541374683380127,0.37747663259506226,0.2562350928783417,0.851346492767334,0.2238343358039856,-0.6416997909545898
0.4551758749999989,0.0034223749999999996,133.0,1.9156645530405028,-0.2870817913927384,0.5001675856859027,0.001353044650073657,0.00010735840751711087,0.0006763414566157188,0.0681206370942735,-0.10600358247756958,0.14991559088230133,-0.17414206266403198,0.24638612568378448,0.012880765832960606,-0.13118386268615723,0.563703715801239,0.38894814252853394,0.2996298372745514,0.8560857772827148,0.23295259475708008,-0.6395473480224609
0.4551758749999989,0.0034223749999999996,133.0,1.8751689355674706,-0.24678262386494126,0.4999461747250791,0.0015078891127255746,0.0001232484798809232,0.0007547522247339764,0.0681103250118423,-0.10804864764213562,0.15008415281772614,-0.1761385202407837,0.24284183979034424,0.013707353733479977,-0.1161353588104248,0.579599142074585,0.39012613892555237,0.31423288583755493,0.8628799915313721,0.23462903499603271,-0.6372250318527222
0.4551758749999989,0.0034223749999999996,133.0,1.8337005276726988,-0.205123328664138,0.49948132398314143,0.0016589491684398548,0.00013738854777234957,0.0008315030297259314,0.06809036038816603,-0.11101287603378296,0.15468858182430267,-0.17999547719955444,0.2546539902687073,0.011863384395837784,-0.11779999732971191,0.5880921483039856,0.3759315311908722,0.31031760573387146,0.8717761039733887,0.21142399311065674,-0.634889543056488
0.4551758749999989,0.0034223749999999996,133.0,1.792345650367009,-0.16192465539373735,0.5018722568450396,0.0018010584603227507,0.0001392623569398869,0.0009086521143681968,0.06800825998335118,-0.11153239011764526,0.1523275524377823,-0.18062227964401245,0.2402271032333374,0.009274175390601158,-0.09494495391845703,0.5993639826774597,0.3834485709667206,0.3150622546672821,0.8802993297576904,0.23710420727729797,-0.6280137300491333
0.4551758749999989,0.0034223749999999996,133.0,1.7491183669471533,-0.11888085487099515,0.5015190885909657,0.0018985355068825915,0.00015702022514128011,0.0009612605686734256,0.06798593530660284,-0.11578783392906189,0.1523631066083908,-0.1831878125667572,0.23469677567481995,0.01985735073685646,-0.07165408134460449,0.6247569918632507,0.3894091248512268,0.3500649631023407,0.8941798210144043,0.2326529324054718,-0.6284963488578796
0.4551758749999989,0.0034223749999999996,133.0,1.7047752674353007,-0.0757316619082957,0.5015606288997879,0.0018721850729187303,0.00016610625385439916,0.0009546169893350614,0.06796730415046452,-0.12406834959983826,0.14926718175411224,-0.18305668234825134,0.21232716739177704,0.04721108451485634,-0.03169870376586914,0.6632611155509949,0.41821974515914917,0.38128143548965454,0.9329767227172852,0.2748908996582031,-0.6351557970046997
0.4551758749999989,0.0034223749999999996,133.0,1.657658947780849,-0.028393004415974515,0.4984568077967104,0.0017530092409945531,8.799621323283821e-5,0.0009128019456281684,0.0679033642426996,-0.1533874273300171,0.21020375192165375,-0.1899764984846115,0.3593740165233612,0.06372200697660446,-0.0934450626373291,0.3904150128364563,0.37686437368392944,-0.3375241458415985,1.2300753593444824,0.10410330444574356,-0.7406883835792542
0.4551758749999989,0.0034223749999999996,133.0,1.608476780350354,0.023435263928746803,0.4990198721133555,0.00010319012503014831,-4.778227510789228e-6,5.596358343369848e-5,0.0676180500686134,-0.20610126852989197,0.2829558551311493,-0.1777157485485077,0.4239269495010376,0.02324393019080162,0.0910944938659668,-0.07116043567657471,0.5874010324478149,-1.4745628833770752,1.706894874572754,0.0011924933642148972,-1.014488935470581
0.4551758749999989,0.0034223749999999996,133.0,1.6495253459503958,0.05535702639076349,0.5010219460137162,-0.0017118489492083323,-0.00013459762299179335,-0.0009573753094592324,0.06708699966995244,-0.2292974591255188,0.12829795479774475,-0.1822119653224945,0.6404868364334106,-0.16732072830200195,0.19989299774169922,0.9131743311882019,-0.046431660652160645,-0.6552436351776123,1.5482583045959473,-0.017389582470059395,-0.5941542387008667
0.4551758749999989,0.0034223749999999996,133.0,1.6871121195246013,0.10355234255998831,0.5061129083777265,-0.0019392050521807825,1.881815878407008e-5,-0.0010898306513328615,0.06649647715567497,-0.2975102961063385,0.16377736628055573,-0.11648768186569214,0.9581696391105652,-0.40385884046554565,0.47314023971557617,0.4769248962402344,0.06734493374824524,-1.5243499279022217,1.9539837837219238,0.3129437267780304,-1.0245530605316162
0.4551758749999989,0.0034223749999999996,133.0,1.7257247000872922,0.15060177637776057,0.5117554846207958,-0.0019622289091829077,0.00011741425532276025,-0.0010567912043172394,0.06615427541492502,-0.3552839457988739,0.19941139221191406,-0.045740723609924316,1.2227522134780884,-0.7832249999046326,0.5805022716522217,0.05440274626016617,0.2319898009300232,-1.9060120582580566,2.0372352600097656,0.52842116355896,-1.454338550567627
0.4551758749999989,0.0034223749999999996,133.0,1.7674548041909706,0.19514302803261774,0.5134918838904099,-0.001861566992186096,0.00012520967591930622,-0.0009812587060009563,0.0660758199135232,-0.36462995409965515,0.21521170437335968,-0.025068551301956177,1.2990798950195312,-0.8834499716758728,0.5855536460876465,-0.007415052503347397,0.26104646921157837,-1.9868108034133911,1.9856581687927246,0.5485891103744507,-1.560253381729126
0.4551758749999989,0.0034223749999999996,133.0,1.809092108862665,0.23794753211371714,0.5144937517406019,-0.0017087899467541085,0.00012172363539961935,-0.0008881556474024849,0.066045963098284,-0.36808064579963684,0.2215481549501419,-0.017170965671539307,1.3240821361541748,-0.9268006086349487,0.5943182706832886,-0.024004001170396805,0.2738415598869324,-2.012314796447754,1.9586553573608398,0.5743446946144104,-1.5982825756072998
0.4551758749999989,0.0034223749999999996,133.0,1.8499254265212084,0.27947547759218294,0.5145518302897822,-0.0015161617005458366,0.0001072726137638298,-0.0007854145913739596,0.06604904990135158,-0.3658440411090851,0.22522327303886414,-0.008276313543319702,1.3632681369781494,-0.9319666028022766,0.5878924131393433,-0.035683635622262955,0.26036587357521057,-2.013911724090576,1.9080219268798828,0.6140388250350952,-1.6241258382797241
0.4551758749999989,0.0034223749999999996,133.0,1.8902646416140592,0.3201126745522938,0.514734122398504,-0.0014292092654283434,9.755430556285148e-5,-0.0007352974967188665,0.06604354816217833,-0.3676805794239044,0.22788794338703156,-0.007984817028045654,1.3596975803375244,-0.953740656375885,0.6058346033096313,-0.005394643172621727,0.27204233407974243,-2.0304453372955322,1.8946547508239746,0.6363492012023926,-1.632498025894165
0.4551758749999989,0.0034223749999999996,133.0,1.9299215271635441,0.3599767494793873,0.5153160000498009,-0.0012257736642581351,8.32648420606411e-5,-0.0006228228959043521,0.06602446602583727,-0.36810657382011414,0.2309015393257141,-0.003302544355392456,1.3784972429275513,-0.9711105227470398,0.6138501167297363,0.0014499854296445847,0.2719128727912903,-2.0426130294799805,1.862668514251709,0.666524350643158,-1.6513700485229492
0.4551758749999989,0.0034223749999999996,133.0,1.9685373781320499,0.39897891866988144,0.5156830530495169,-0.0010684882927539838,7.185576678213248e-5,-0.0005380941212506577,0.06601620852230435,-0.36406782269477844,0.23360410332679749,0.00816681981086731,1.4339280128479004,-0.9635841250419617,0.5968366861343384,-0.018018599599599838,0.24377921223640442,-2.038822650909424,1.7973899841308594,0.7135025858879089,-1.6787303686141968
0.4551758749999989,0.0034223749999999996,133.0,2.0063055591754377,0.4371411556629277,0.5160254671839786,-0.0008701552146729485,5.8029032801002965e-5,-0.0004345299823370973,0.06600858700994464,-0.3658624589443207,0.23585088551044464,0.00748482346534729,1.4288485050201416,-0.9833996295928955,0.6163088083267212,0.017511945217847824,0.2540082335472107,-2.059213638305664,1.783808708190918,0.7366535663604736,-1.6841846704483032
0.4551758749999989,0.0034223749999999996,133.0,2.0432392906457197,0.47444018852654946,0.5163017050002157,-0.0006934914867670515,4.5658763184667436e-5,-0.0003437451614733674,0.06600240692060533,-0.36579838395118713,0.23811540007591248,0.011093765497207642,1.442986249923706,-0.9959569573402405,0.6222271919250488,0.028305331245064735,0.25247690081596375,-2.06770658493042,1.7540020942687988,0.7653874158859253,-1.696974754333496
0.4551758749999989,0.0034223749999999996,133.0,2.0793412717312485,0.5108949722660682,0.5165727451653641,-0.0005245302702594998,3.4073564393371527e-5,-0.00025812369115717736,0.06599623188178261,-0.3657122552394867,0.2399904727935791,0.013743281364440918,1.454304575920105,-1.002903938293457,0.6281843185424805,0.04166850075125694,0.24960166215896606,-2.0728611946105957,1.7290000915527344,0.7899084091186523,-1.7055766582489014
0.4551758749999989,0.0034223749999999996,133.0,2.1146141359357773,0.5464913697498996,0.5167893852210202,-0.0003609632372594659,2.3053811910066388e-5,-0.0001764820867239178,0.06599089997305398,-0.3656775653362274,0.24179057776927948,0.016298800706863403,1.465254783630371,-1.0075994729995728,0.6332759857177734,0.05393804609775543,0.24617385864257812,-2.0766847133636475,1.705580234527588,0.8128027319908142,-1.7132455110549927
0.4551758749999989,0.0034223749999999996,133.0,2.149026683685482,0.5812550151588042,0.5170156992721718,-0.00020270013678867508,1.2711099154179522e-5,-9.850600825300324e-5,0.06598337517141235,-0.36582300066947937,0.24353156983852386,0.018633157014846802,1.4756648540496826,-1.0091733932495117,0.6376978158950806,0.06470336765050888,0.24213376641273499,-2.0789639949798584,1.685135841369629,0.8325285911560059,-1.719743013381958
0.4551758749999989,0.0034223749999999996,133.0,2.182194583156601,0.6152192788712918,0.516936659481467,-6.046007032908251e-5,3.6914529218065837e-6,-2.935058042614956e-5,0.06597692332031134,-0.3693335950374603,0.2459724098443985,0.017096608877182007,1.4641635417938232,-1.0267586708068848,0.6614484786987305,0.08620357513427734,0.2568347156047821,-2.0912439823150635,1.6876935958862305,0.8355286717414856,-1.7231287956237793
0.4551758749999989,0.0034223749999999996,133.0,2.214503506791536,0.6484145441974165,0.517140886983314,0.00013070070597775895,-7.94786781903627e-6,6.316736953835964e-5,0.06595967986633565,-0.37282881140708923,0.24855288863182068,0.01809459924697876,1.4651790857315063,-1.042368769645691,0.6784313917160034,0.08964256942272186,0.26594769954681396,-2.1000208854675293,1.6845874786376953,0.838629961013794,-1.733368992805481
0.4551758749999989,0.0034223749999999996,133.0,2.246914634297571,0.6787004481505038,0.5150294261903214,0.0003083536683545118,-1.7331739528011193e-5,0.00014721767511690912,0.0661164934917712,-0.3682631552219391,0.24884745478630066,0.02440190315246582,1.4836444854736328,-1.0512199401855469,0.6522598266601562,0.0692211240530014,0.257485568523407,-2.0815937519073486,1.6385836601257324,0.8818190097808838,-1.7434403896331787
0.4551758749999989,0.0034223749999999996,133.0,2.277636664991529,0.7102011885642269,0.5152094597278956,0.0004880674224870981,-2.733814049855932e-5,0.0002319562803754444,0.06610688627844291,-0.37149152159690857,0.25132837891578674,0.02600690722465515,1.4847958087921143,-1.0751471519470215,0.6705734729766846,0.0770544707775116,0.26808440685272217,-2.096543073654175,1.6296148300170898,0.8945622444152832,-1.7553513050079346
0.4551758749999989,0.0034223749999999996,133.0,2.308033003950697,0.7407918523065773,0.5157877399233143,0.000702078271128234,-3.8786276716939745e-5,0.00033016328585818924,0.06608793208774778,-0.37021395564079285,0.2528092861175537,0.03169339895248413,1.5140823125839233,-1.067338228225708,0.6662930250167847,0.08476996421813965,0.24882256984710693,-2.104811191558838,1.5960121154785156,0.9255512356758118,-1.7654554843902588
0.4551758749999989,0.0034223749999999996,133.0,2.337634160897165,0.7704886491949064,0.5162100438725029,0.0008554581151108115,-4.625020537345808e-5,0.00039878652389603445,0.06607863291080852,-0.3688909113407135,0.25387927889823914,0.03597867488861084,1.5348650217056274,-1.0633798837661743,0.6638177633285522,0.09861047565937042,0.23375123739242554,-2.111936569213867,1.5647470951080322,0.9573952555656433,-1.7712833881378174
0.4551758749999989,0.0034223749999999996,133.0,2.3663495896075446,0.7993858703418584,0.5168539188122349,0.0010518974074599382,-5.7527249543305683e-5,0.0004855370319602836,0.06606398590331644,-0.36815503239631653,0.2551653981208801,0.04282045364379883,1.5635069608688354,-1.0668303966522217,0.6533883810043335,0.08645503222942352,0.22025853395462036,-2.1130101680755615,1.5315539836883545,0.9871499538421631,-1.7864418029785156
0.4551758749999989,0.0034223749999999996,133.0,2.393925634305264,0.8274384935427543,0.5169710524080742,0.0012026706234123802,-6.56358726263317e-5,0.0005530996009689824,0.06606366021240254,-0.3703974783420563,0.2569092810153961,0.04370105266571045,1.5598540306091309,-1.0914843082427979,0.669387936592102,0.09871143102645874,0.23121407628059387,-2.1251566410064697,1.520291805267334,1.0047345161437988,-1.793935775756836
0.4551758749999989,0.0034223749999999996,133.0,2.4208866618970646,0.8546174864586465,0.5173497204648605,0.0013718655620986115,-7.500573939601909e-5,0.000626461514130371,0.06605746755021394,-0.3705576956272125,0.2581290006637573,0.04926839470863342,1.58030104637146,-1.1003248691558838,0.6622971296310425,0.08632439374923706,0.22429034113883972,-2.1248624324798584,1.4937903881072998,1.0280585289001465,-1.807478904724121
0.4551758749999989,0.0034223749999999996,133.0,2.4471955587471017,0.8808572354761962,0.5174087016673399,0.0015739064888667168,-8.230645233866046e-5,0.0007156333176519614,0.06605851736565546,-0.36944183707237244,0.25874999165534973,0.05118083953857422,1.5907355546951294,-1.095432162284851,0.663129448890686,0.10577206313610077,0.21306610107421875,-2.1307528018951416,1.4708309173583984,1.0522397756576538,-1.8068218231201172
0.4551758749999989,0.0034223749999999996,133.0,2.4725185589554775,0.9063441571157415,0.5176148852239859,0.0017796132667223276,-9.21658660634238e-5,0.0008053876196645312,0.06605272886748631,-0.3693525493144989,0.2597849667072296,0.05483967065811157,1.606292486190796,-1.095426321029663,0.65839684009552,0.1015520989894867,0.20520266890525818,-2.1305994987487793,1.4517567157745361,1.0690397024154663,-1.8145322799682617
0.4551758749999989,0.0034223749999999996,133.0,2.496779335587132,0.9310352604485106,0.517780586973046,0.002008076796613572,-0.00010399111327968213,0.0009052406601165245,0.06604818566137984,-0.3710022270679474,0.26099687814712524,0.054488182067871094,1.6031215190887451,-1.106350064277649,0.673804759979248,0.11875243484973907,0.2097925841808319,-2.1398470401763916,1.4442718029022217,1.0791888236999512,-1.8161139488220215
0.4551758749999989,0.0034223749999999996,133.0,2.5202409552677425,0.9548624841408041,0.5177792934759681,0.0021769051706176288,-0.0001115452194119568,0.0009795860152546404,0.06604781325693579,-0.3727681338787079,0.2622397840023041,0.054684579372406006,1.6005401611328125,-1.1190602779388428,0.68581223487854,0.12787042558193207,0.21594882011413574,-2.145439863204956,1.4375009536743164,1.0883411169052124,-1.8198180198669434
0.4551758749999989,0.0034223749999999996,133.0,2.542792322081098,0.97787348701189,0.5177602607506673,0.0023918071342750556,-0.00012079458646221753,0.0010745047599581155,0.06604611385637355,-0.3746754825115204,0.2635735869407654,0.05400547385215759,1.5947307348251343,-1.1310837268829346,0.7022154331207275,0.1436731368303299,0.22286292910575867,-2.154371500015259,1.4330151081085205,1.0959562063217163,-1.8210809230804443
0.4551758749999989,0.0034223749999999996,133.0,2.564678400425433,1.0000137138693002,0.5178533212459806,0.00261021525084944,-0.00013092500386206185,0.001169250587299964,0.06604423179667188,-0.3737352192401886,0.26405712962150574,0.05792105197906494,1.613140344619751,-1.1259125471115112,0.6929278373718262,0.1407797783613205,0.20990505814552307,-2.154015064239502,1.4110240936279297,1.115936517715454,-1.8265442848205566
0.4551758749999989,0.0034223749999999996,133.0,2.5857204310852455,1.0213479930689977,0.5179242972318839,0.0028408418009547623,-0.00014063601356485952,0.0012693513829385378,0.06603989724331165,-0.3768816292285919,0.26580744981765747,0.05571815371513367,1.597383737564087,-1.1493935585021973,0.7204798460006714,0.16048850119113922,0.22670650482177734,-2.168175220489502,1.4128296375274658,1.1187913417816162,-1.8278107643127441
0.4551758749999989,0.0034223749999999996,133.0,2.606173429630745,1.0417943759817732,0.5185731937798124,0.0030777641075926394,-0.0001581762888394184,0.0013614957365668343,0.06602483146695931,-0.3753090798854828,0.2662859857082367,0.0624832808971405,1.630676507949829,-1.1342533826828003,0.6975953578948975,0.14238953590393066,0.2040916383266449,-2.1651461124420166,1.3871793746948242,1.1396535634994507,-1.8383808135986328
0.4551758749999989,0.0034223749999999996,133.0,2.625591275018979,1.0615227303311514,0.5190156692253846,0.0032606595288646525,-0.00016808287581490284,0.0014354104091491647,0.0660148802713267,-0.37595829367637634,0.2673163115978241,0.066377192735672,1.646416187286377,-1.13579523563385,0.6920980215072632,0.13305474817752838,0.1973876655101776,-2.167404890060425,1.3726773262023926,1.151725172996521,-1.8474056720733643
0.4551758749999989,0.0034223749999999996,133.0,2.644317894272132,1.080316479757181,0.5195012284659231,0.0034689317217139514,-0.00018041145705285574,0.001516537422321015,0.0660040170208348,-0.3763420879840851,0.26800185441970825,0.0690021812915802,1.658126950263977,-1.136351227760315,0.6914530992507935,0.13527898490428925,0.1900406777858734,-2.1721925735473633,1.3575413227081299,1.1654493808746338,-1.8518166542053223
0.4551758749999989,0.0034223749999999996,133.0,2.661659714501705,1.0983593028338505,0.5192863623024908,0.0036448560372951033,-0.00019169504648956442,0.0015957721982257029,0.06601104416067688,-0.3793080151081085,0.2695614993572235,0.069817453622818,1.652472734451294,-1.1615325212478638,0.7029023170471191,0.124897301197052,0.20578411221504211,-2.1749725341796875,1.3568918704986572,1.1655137538909912,-1.8619894981384277
0.4551758749999989,0.0034223749999999996,133.0,2.678744112144433,1.1154419451473927,0.5194990147724535,0.003855330843924286,-0.0002003460528569641,0.001680529267813269,0.06600589911619753,-0.3791112005710602,0.2700634300708771,0.0719461739063263,1.6625367403030396,-1.1594794988632202,0.7014836072921753,0.13003793358802795,0.19775351881980896,-2.1793415546417236,1.3420639038085938,1.1792349815368652,-1.8640756607055664
0.4551758749999989,0.0034223749999999996,133.0,2.6947729534014995,1.1317365696595842,0.5196688934094134,0.004040121645601405,-0.0002108432607359056,0.0017557968774276958,0.06600248621620118,-0.38120749592781067,0.2710847854614258,0.07295206189155579,1.6607694625854492,-1.1804335117340088,0.7123368978500366,0.1282794028520584,0.20739594101905823,-2.185171127319336,1.3350772857666016,1.1855275630950928,-1.8720555305480957
0.4551758749999989,0.0034223749999999996,133.0,2.7099907728653707,1.147085334436716,0.5194737610830081,0.004222541500103169,-0.00021848018105558424,0.0018316511326100455,0.06600837432723541,-0.3799313008785248,0.27107036113739014,0.07508566975593567,1.670340657234192,-1.1781951189041138,0.7080765962600708,0.13582758605480194,0.19782957434654236,-2.1879799365997314,1.3164701461791992,1.20421302318573,-1.8721120357513428
0.4551758749999989,0.0034223749999999996,133.0,2.724489379658109,1.1616574504582944,0.5196836076781388,0.004367524365414103,-0.00022672226603337388,0.0018871814150566,0.06600707171856365,-0.3814162313938141,0.2717655897140503,0.07503113150596619,1.6628695726394653,-1.201852560043335,0.7226889133453369,0.14296060800552368,0.2100372016429901,-2.195692539215088,1.3097188472747803,1.2155287265777588,-1.8769888877868652
0.4551758749999989,0.0034223749999999996,133.0,2.7380231766062146,1.1754006548122535,0.5198228767807493,0.004496678027461426,-0.00023872342925062445,0.0019369293247307952,0.06601298222217167,-0.3826722204685211,0.27209949493408203,0.07654914259910583,1.6591711044311523,-1.233077883720398,0.7300939559936523,0.13637280464172363,0.22441092133522034,-2.200011730194092,1.2980928421020508,1.233056664466858,-1.88775634765625
0.4551758749999989,0.0034223749999999996,133.0,2.7511714916969003,1.1882318608632636,0.5202975414549421,0.004637945865084421,-0.0002509898144600241,0.0019840334624550145,0.06601075516956911,-0.3811745345592499,0.2716086804866791,0.08011618256568909,1.6720212697982788,-1.239984154701233,0.7197650671005249,0.12899422645568848,0.21896526217460632,-2.2018556594848633,1.2767081260681152,1.258994460105896,-1.895148754119873
0.4551758749999989,0.0034223749999999996,133.0,2.7636367902077636,1.2001648935880536,0.5204186043974879,0.0047863751160634824,-0.00024830659442625963,0.0020381040170040937,0.0660126145698723,-0.37607869505882263,0.2702968418598175,0.08441963791847229,1.6990578174591064,-1.207027792930603,0.6924606561660767,0.13968195021152496,0.18526241183280945,-2.200303554534912,1.2464079856872559,1.2904832363128662,-1.8884072303771973
0.4551758749999989,0.0034223749999999996,133.0,2.775386272675762,1.2112274383322652,0.5207691039596323,0.004939969422397813,-0.0002508914234652243,0.0020885346144950924,0.06600922109920013,-0.3714922368526459,0.2690379023551941,0.08840259909629822,1.7239158153533936,-1.1766191720962524,0.667522668838501,0.14954036474227905,0.15418782830238342,-2.199579954147339,1.2185940742492676,1.3192189931869507,-1.8821110725402832
0.4551758749999989,0.0034223749999999996,133.0,2.7863723844692365,1.2214521803248592,0.5210139601414661,0.0050879273854447776,-0.0002468851884173101,0.0021378058586196875,0.06600764560596406,-0.3666243851184845,0.26780104637145996,0.09071317315101624,1.7435308694839478,-1.141070008277893,0.6482789516448975,0.17192861437797546,0.12252485752105713,-2.202383518218994,1.1943962574005127,1.3461697101593018,-1.8700292110443115
0.4551758749999989,0.0034223749999999996,133.0,2.796320175965301,1.2309494710225588,0.5212404112735253,0.005256473021795944,-0.0002444932777994395,0.0022001296779729424,0.0660073974253141,-0.36258557438850403,0.26667720079421997,0.09230419993400574,1.7588392496109009,-1.1115080118179321,0.6347969770431519,0.19538670778274536,0.09567981958389282,-2.2066056728363037,1.1729850769042969,1.3698654174804688,-1.8584914207458496
0.4551758749999989,0.0034223749999999996,133.0,2.8047345192884703,1.2418002228808438,0.5242125729982866,0.0055001383977095605,-0.00026802990299309434,0.0022884977769107836,0.0658120350059743,-0.3652706444263458,0.2681594789028168,0.09201523661613464,1.776639699935913,-1.0857343673706055,0.656086802482605,0.22871313989162445,0.07780712842941284,-2.237793445587158,1.1787068843841553,1.363960862159729,-1.858433723449707
0.4551758749999989,0.0034223749999999996,133.0,2.813312131743393,1.2495458898782739,0.5247106742239382,0.005760264077895026,-0.00027446588317335926,0.0023807476878175667,0.06580719559822744,-0.3598068654537201,0.26673611998558044,0.09612014889717102,1.8066256046295166,-1.0365849733352661,0.6215004920959473,0.2363213151693344,0.03736460208892822,-2.234405755996704,1.1547679901123047,1.3837616443634033,-1.8477747440338135
0.4551758749999989,0.0034223749999999996,133.0,2.8207034827989634,1.2564966391313321,0.5247681489643576,0.006151788060365201,-0.00028417710360719524,0.0025339439839385304,0.06580994039706678,-0.3567092716693878,0.26596686244010925,0.09736201167106628,1.8161392211914062,-1.0212262868881226,0.6123560667037964,0.2499886453151703,0.021604329347610474,-2.239436626434326,1.1362099647521973,1.4022598266601562,-1.8415439128875732
0.4551758749999989,0.0034223749999999996,133.0,2.827404968941026,1.2626497607422245,0.5249880761059494,0.006806585755310454,-0.00030698123158012276,0.002790472508643575,0.06580869296563724,-0.3530217111110687,0.265229731798172,0.09789815545082092,1.8276246786117554,-0.9945544004440308,0.6035593748092651,0.27034273743629456,0.0001723170280456543,-2.2473325729370117,1.119321584701538,1.4169964790344238,-1.8316023349761963
0.4551758749999989,0.0034223749999999996,133.0,2.833212645601098,1.2680229096915339,0.5249690051326279,0.00828941813756125,-0.0003661033596209361,0.0033824119316719615,0.0658113724743859,-0.3494044244289398,0.26504355669021606,0.09928163886070251,1.8415213823318481,-0.9781240820884705,0.5956317186355591,0.2798996865749359,-0.016553640365600586,-2.2612996101379395,1.0961568355560303,1.4303938150405884,-1.8287947177886963
0.4551758749999989,0.0034223749999999996,133.0,2.838266587436117,1.2731179685572735,0.5251634813269797,0.01542346153204605,-0.0007289351564106175,0.006163529893985084,0.06579101083816052,-0.3454606235027313,0.26841282844543457,0.10065069794654846,1.868481159210205,-0.99131840467453,0.6231667995452881,0.28959497809410095,-0.021245062351226807,-2.339167594909668,1.0361618995666504,1.4388089179992676,-1.8514363765716553
0.4551758749999989,0.0034223749999999996,133.0,2.836258010544785,-1.232082082517418,0.49407858820335815,-0.013825226516471866,-0.00043738665884705396,-0.006850932544540112,0.06838333519921343,-0.058474570512771606,0.14464367926120758,-0.13021188974380493,0.3384286165237427,0.028115637600421906,-0.6565830707550049,0.28261688351631165,0.43413588404655457,-0.14870457351207733,0.7357301712036133,0.4554888606071472,-0.775827169418335
0.4551758749999989,0.0034223749999999996,133.0,2.8316694311592316,-1.2271342386786903,0.4944742415433738,-0.007465873200272133,-0.00018882112191847018,-0.003698026406284127,0.06834666477271918,-0.0588991641998291,0.14937739074230194,-0.12678781151771545,0.35624516010284424,-0.018558964133262634,-0.6502077579498291,0.2703801989555359,0.4146413207054138,-0.21123695373535156,0.7506508827209473,0.43911421298980713,-0.774048924446106
0.4551758749999989,0.0034223749999999996,133.0,2.826134782745451,-1.2216432567557276,0.494457129582698,-0.00613520887783799,-0.00015163050935267046,-0.003035718546413422,0.06833081443360488,-0.06066671013832092,0.14993071556091309,-0.12598654627799988,0.3560454249382019,-0.017908260226249695,-0.6320295333862305,0.26855772733688354,0.41113540530204773,-0.20088723301887512,0.7568604946136475,0.40348175168037415,-0.7703457474708557
0.4551758749999989,0.0034223749999999996,133.0,2.8199306188953392,-1.2156085601468591,0.4944676392209592,-0.0055490381971699245,-0.00013723577243591502,-0.002743548359546904,0.06832552742014279,-0.06090298295021057,0.14841587841510773,-0.12564897537231445,0.35042259097099304,-0.018573638051748276,-0.6186835765838623,0.27081260085105896,0.4097757041454315,-0.1852499395608902,0.757789134979248,0.39069023728370667,-0.7633560299873352
0.4551758749999989,0.0034223749999999996,133.0,2.8127395613031534,-1.2086088554411163,0.4944198277665884,-0.005209443609185843,-0.0001349354405684909,-0.0025733422272058103,0.0683149617122643,-0.062168896198272705,0.14774934947490692,-0.12563985586166382,0.3459385335445404,-0.013009377755224705,-0.5982072353363037,0.27326810359954834,0.40906524658203125,-0.15845122933387756,0.7592072486877441,0.35753634572029114,-0.7581632137298584
0.4551758749999989,0.0034223749999999996,133.0,2.804001641804062,-1.2024485161638176,0.4918509249243538,-0.004969557938213605,-0.00018357039247821912,-0.002450939143227084,0.06838693979836045,-0.06220605969429016,0.14605973660945892,-0.12540611624717712,0.34192538261413574,-0.00692768394947052,-0.5890498161315918,0.2794075608253479,0.40820515155792236,-0.1338716745376587,0.754248857498169,0.3391331434249878,-0.7532997727394104
0.4551758749999989,0.0034223749999999996,133.0,2.7952200205828106,-1.194082268987789,0.49185546603540947,-0.004773250777785733,-0.00018464591862972943,-0.002353794781810705,0.06838018382707,-0.06331449747085571,0.14343200623989105,-0.124392569065094,0.33096158504486084,2.022506669163704e-5,-0.560783863067627,0.28437313437461853,0.4118766188621521,-0.09969675540924072,0.7562971115112305,0.3160301744937897,-0.7460126876831055
0.4551758749999989,0.0034223749999999996,133.0,2.7856550284397894,-1.184703787480737,0.49172306943923505,-0.0046267576900656604,-0.00018380100682920366,-0.0022769951873321103,0.06837499956310045,-0.0637635886669159,0.14247874915599823,-0.12500014901161194,0.326551228761673,0.003724995069205761,-0.5433349609375,0.2892332375049591,0.41081151366233826,-0.07308221608400345,0.7525045871734619,0.29147809743881226,-0.740528404712677
0.4551758749999989,0.0034223749999999996,133.0,2.7751811484248963,-1.1744705526170407,0.49166098678121595,-0.004496316594415523,-0.00018573650352422555,-0.0022073982474346424,0.06836643084887842,-0.06502124667167664,0.14101152122020721,-0.12490853667259216,0.31930428743362427,0.012059347704052925,-0.5148334503173828,0.29557234048843384,0.41268572211265564,-0.034683700650930405,0.7501282691955566,0.2566641867160797,-0.7351480722427368
0.4551758749999989,0.0034223749999999996,133.0,2.7639586770768325,-1.1635928788416263,0.49172252703129765,-0.004364122504304718,-0.00018894135569368426,-0.0021403082026539397,0.06836151424633256,-0.06535473465919495,0.13768304884433746,-0.1238349974155426,0.30650562047958374,0.017307914793491364,-0.4840526580810547,0.30250847339630127,0.41772523522377014,0.0014720530016347766,0.7474575042724609,0.24107691645622253,-0.7273723483085632
0.4551758749999989,0.0034223749999999996,133.0,2.7519700809927317,-1.1517089511702796,0.4916760075440839,-0.00424220615790296,-0.00018877997119123128,-0.0020765203734857208,0.0683588384225777,-0.06529116630554199,0.13637301325798035,-0.12434357404708862,0.3007971942424774,0.018549729138612747,-0.4646592140197754,0.30873507261276245,0.4178357720375061,0.027018969878554344,0.7412827014923096,0.22417128086090088,-0.7217550277709961
0.4551758749999989,0.0034223749999999996,133.0,2.7391821785353176,-1.1389801630949563,0.491514185164316,-0.004119041219214122,-0.00018613386850909228,-0.0020085171428874454,0.06835796366174389,-0.06447520852088928,0.13507236540317535,-0.12579983472824097,0.2970994710922241,0.018920637667179108,-0.45284175872802734,0.31507882475852966,0.41451573371887207,0.05315510556101799,0.7305698394775391,0.20852136611938477,-0.7147005796432495
0.4551758749999989,0.0034223749999999996,133.0,2.7256814838725947,-1.1253420101694325,0.4913376025162027,-0.004011220331030093,-0.0001806495467826474,-0.001952624490095363,0.06836141065737068,-0.06270861625671387,0.13381560146808624,-0.12744426727294922,0.2944735884666443,0.012687133625149727,-0.4518399238586426,0.31716176867485046,0.40924811363220215,0.06631206721067429,0.7203464508056641,0.20874769985675812,-0.7067516446113586
0.4551758749999989,0.0034223749999999996,133.0,2.7113201876797937,-1.110826531741085,0.4911420493595699,-0.0038741719740397057,-0.0001725009779646825,-0.0018830091316138502,0.0683643247452525,-0.06108742952346802,0.13434439897537231,-0.12962695956230164,0.29683342576026917,0.0015741696115583181,-0.4602847099304199,0.3180161416530609,0.40161511301994324,0.061973411589860916,0.7136075496673584,0.21693231165409088,-0.7014467716217041
0.4551758749999989,0.0034223749999999996,133.0,2.6959669901100005,-1.0954472175299939,0.49096829114932833,-0.003699513133948419,-0.0001681318784522838,-0.0017992292555977934,0.06836133504666743,-0.061424314975738525,0.13470986485481262,-0.13089507818222046,0.29663708806037903,0.0004830216057598591,-0.4525120258331299,0.3221440315246582,0.3991435766220093,0.07309556752443314,0.7107126712799072,0.20767275989055634,-0.6987781524658203
0.4551758749999989,0.0034223749999999996,133.0,2.6797412227453346,-1.079186131407121,0.490817044092423,-0.003537524406961547,-0.000160235913996431,-0.0017187179617017007,0.06835766493773547,-0.061882615089416504,0.13595183193683624,-0.13250970840454102,0.2993388772010803,-0.001784252468496561,-0.45278024673461914,0.3239695727825165,0.3948507308959961,0.07610177248716354,0.7102665901184082,0.2035924792289734,-0.6971871256828308
0.4551758749999989,0.0034223749999999996,133.0,2.6626636053038193,-1.0621954390448483,0.49076784214399255,-0.0033518982162244067,-0.0001540406509657849,-0.001629910844070612,0.06835264323317755,-0.06289255619049072,0.13642224669456482,-0.13304710388183594,0.29807204008102417,-0.0022590963635593653,-0.4420802593231201,0.328910768032074,0.39516758918762207,0.08014462143182755,0.7130303382873535,0.20230521261692047,-0.6962757706642151
0.4551758749999989,0.0034223749999999996,133.0,2.644823759426685,-1.044222974554523,0.4906283069371494,-0.0031755273591939272,-0.000142982835056984,-0.001546382708019505,0.06835131174093992,-0.06294721364974976,0.13842502236366272,-0.1346438229084015,0.3034226596355438,-0.010996946133673191,-0.45674777030944824,0.32916930317878723,0.38951796293258667,0.05472594499588013,0.7183811664581299,0.22493276000022888,-0.6960272192955017
0.4551758749999989,0.0034223749999999996,133.0,2.6259793272928356,-1.0253797796931627,0.49050097580690166,-0.0029935535844281716,-0.00013678293379004196,-0.0014571050803440643,0.06834231794559885,-0.06461319327354431,0.1390744000673294,-0.13557299971580505,0.3026238679885864,-0.007208125665783882,-0.44332051277160645,0.3353968560695648,0.3894938826560974,0.06800467520952225,0.7207741737365723,0.21306762099266052,-0.6952414512634277
0.4551758749999989,0.0034223749999999996,133.0,2.606391639373774,-1.0058587422147969,0.4903898553099617,-0.002829985728963412,-0.00013243933132984752,-0.0013786104427679056,0.06833657916863889,-0.06554901599884033,0.1394425332546234,-0.13648152351379395,0.30117350816726685,-0.007314665243029594,-0.43273067474365234,0.34147998690605164,0.3890056312084198,0.0744912326335907,0.722710132598877,0.2107088565826416,-0.6933389902114868
0.4551758749999989,0.0034223749999999996,133.0,2.586003517325746,-0.9853960895882693,0.4902474722064611,-0.0026153711776664506,-0.00012222322030052167,-0.0012756506382897118,0.0683319757632103,-0.06625679135322571,0.14076970517635345,-0.1378394067287445,0.3035840690135956,-0.01081814430654049,-0.4338803291320801,0.34476885199546814,0.385336697101593,0.0674193874001503,0.7265725135803223,0.21723595261573792,-0.6921153664588928
0.4551758749999989,0.0034223749999999996,133.0,2.564732026893535,-0.964658084952013,0.4903683166763101,-0.002402161921924942,-0.00011748595164575375,-0.00117307824398184,0.0683266432570318,-0.06744280457496643,0.13694410026073456,-0.13637050986289978,0.2886016070842743,-0.002587514463812113,-0.40071678161621094,0.3522146940231323,0.3951387405395508,0.09830162674188614,0.7300374507904053,0.21966293454170227,-0.6869559288024902
0.4551758749999989,0.0034223749999999996,133.0,2.542626062103504,-0.9425137322550622,0.49019694718248263,-0.0022004170402713957,-0.00010676849992079436,-0.0010747485957671938,0.06832103807093469,-0.06844103336334229,0.1384294182062149,-0.13795414566993713,0.2910790741443634,-0.006179670803248882,-0.4007110595703125,0.3572008013725281,0.3919844627380371,0.0903913751244545,0.7344706058502197,0.22652938961982727,-0.6863345503807068
0.4551758749999989,0.0034223749999999996,133.0,2.5195915935104685,-0.9194588513306022,0.48997409666813774,-0.0019995069644367703,-9.800742628550574e-5,-0.0009762172283032636,0.0683116706313726,-0.07043325901031494,0.14066588878631592,-0.13999047875404358,0.29498621821403503,-0.0059855179861187935,-0.39569926261901855,0.36462515592575073,0.38898059725761414,0.09096658229827881,0.7389092445373535,0.21972398459911346,-0.6873034834861755
0.4551758749999989,0.0034223749999999996,133.0,2.4956619105601283,-0.8953657186746871,0.48961129919425267,-0.0018387467173206582,-9.047427250017232e-5,-0.0008968409052574045,0.0683004965461982,-0.07293790578842163,0.14491257071495056,-0.14327269792556763,0.3053283095359802,-0.0061182789504528046,-0.3984818458557129,0.37095609307289124,0.38094931840896606,0.08804313093423843,0.7430572509765625,0.2025660276412964,-0.6896753907203674
0.4551758749999989,0.0034223749999999996,133.0,2.471043529209928,-0.8706491375445666,0.48942276653839906,-0.0016408870931639262,-7.97964004569238e-5,-0.00080177705307857,0.06829372159372975,-0.07437506318092346,0.14733542501926422,-0.14496856927871704,0.3100537061691284,-0.0104132778942585,-0.40139222145080566,0.374670147895813,0.3766295611858368,0.07115568965673447,0.750680685043335,0.21226508915424347,-0.6901510953903198
0.4551758749999989,0.0034223749999999996,133.0,2.4455377006045773,-0.8452960456800473,0.4893982750555188,-0.001457501023665139,-7.37940767085872e-5,-0.0007143473965868966,0.06828461611081606,-0.07603353261947632,0.1473035216331482,-0.14576345682144165,0.30613839626312256,-0.008883077651262283,-0.3865993022918701,0.3821980953216553,0.3785262703895569,0.0784502625465393,0.756633996963501,0.21618373692035675,-0.688193678855896
0.4551758749999989,0.0034223749999999996,133.0,2.4192659405431853,-0.8193003327557605,0.48933688065789155,-0.0012767348900452524,-6.641289147040405e-5,-0.000626209383939283,0.06827852645281107,-0.07734924554824829,0.14593705534934998,-0.14624688029289246,0.29846638441085815,-0.006004680879414082,-0.366776704788208,0.3909170925617218,0.38259637355804443,0.09518874436616898,0.761005163192749,0.22096826136112213,-0.6846315860748291
0.4551758749999989,0.0034223749999999996,133.0,2.3921952753557236,-0.7923173911642278,0.489176627466938,-0.0011269206780184257,-5.992553935907091e-5,-0.0005529453869970659,0.06827238561025205,-0.07823142409324646,0.14595456421375275,-0.14774441719055176,0.29530099034309387,-0.0066664377227425575,-0.35343027114868164,0.39835357666015625,0.3817463517189026,0.10792458057403564,0.7626314163208008,0.21891574561595917,-0.6806331276893616
0.4551758749999989,0.0034223749999999996,133.0,2.3643884173136356,-0.7645556138972858,0.48901346253063027,-0.0009933436257392146,-5.342031813496748e-5,-0.0004877358898575438,0.06826971768689993,-0.07821175456047058,0.1455557942390442,-0.1491895616054535,0.291555255651474,-0.0110483942553401,-0.34482526779174805,0.40374070405960083,0.3799196481704712,0.11404240131378174,0.76320481300354,0.22576463222503662,-0.6750643253326416
0.4551758749999989,0.0034223749999999996,133.0,2.3355912250434696,-0.7359736905422178,0.4888278289727852,-0.0008202530812219972,-4.483375047848376e-5,-0.0004019214206940121,0.06826293271441193,-0.07969778776168823,0.1450251042842865,-0.15071815252304077,0.28667932748794556,-0.007796205580234528,-0.32568955421447754,0.4128454029560089,0.3810492753982544,0.14125393331050873,0.7646114826202393,0.21688027679920197,-0.6713171601295471
0.4551758749999989,0.0034223749999999996,133.0,2.305970225227617,-0.7066291667512753,0.48870695931023966,-0.0006886314954455354,-3.8932157555767226e-5,-0.0003373651028228261,0.0682565779171123,-0.08111938834190369,0.14388038218021393,-0.15171271562576294,0.27915722131729126,-0.004485725425183773,-0.3035428524017334,0.423456609249115,0.3851005434989929,0.16606518626213074,0.7674098014831543,0.21590664982795715,-0.6678663492202759
0.4551758749999989,0.0034223749999999996,133.0,2.2754881867323014,-0.6762900179927507,0.48853514409947263,-0.0005168991660169477,-3.0050474253900703e-5,-0.000253542911740106,0.06824785737377013,-0.0828615128993988,0.1443287879228592,-0.15317726135253906,0.2764141261577606,-0.0035499059595167637,-0.2890598773956299,0.4328465461730957,0.38565653562545776,0.17590191960334778,0.7730424404144287,0.216914102435112,-0.6657279133796692
0.4551758749999989,0.0034223749999999996,133.0,2.2442100681607564,-0.6448815514655386,0.4882849636910992,-0.00032474598618589844,-1.8546595108075918e-5,-0.00015936049262693205,0.06823897479606797,-0.08437216281890869,0.14704348146915436,-0.15555790066719055,0.2817394733428955,-0.0076402099803090096,-0.29071974754333496,0.43646764755249023,0.378010094165802,0.1640165001153946,0.7806997299194336,0.21888703107833862,-0.6634534001350403
0.4551758749999989,0.0034223749999999996,133.0,2.2120478980443723,-0.6127051129248627,0.48806597581891215,-0.00015177941343259076,-8.78234889514052e-6,-7.467037924666616e-5,0.0682279164617957,-0.08638960123062134,0.14910843968391418,-0.15756329894065857,0.28416553139686584,-0.007799486629664898,-0.2847902774810791,0.4428809881210327,0.37362128496170044,0.16054601967334747,0.7891311645507812,0.21882079541683197,-0.6615475416183472
0.4551758749999989,0.0034223749999999996,133.0,2.1790451429643127,-0.5801242725311295,0.4879854408875614,1.6825834254970592e-5,1.030238066637646e-6,8.317066338912249e-6,0.06821921443942235,-0.08842399716377258,0.14722499251365662,-0.1579897403717041,0.2738279700279236,-0.0011513419449329376,-0.261812686920166,0.45509710907936096,0.3809909224510193,0.17719325423240662,0.7979354858398438,0.23293572664260864,-0.658649206161499
0.4551758749999989,0.0034223749999999996,133.0,2.1451937017857037,-0.5464319311106529,0.4877945056440112,0.00018588715376601072,1.1660985008194117e-5,9.199345677117531e-5,0.06820887186157354,-0.0906161367893219,0.1478700190782547,-0.15973663330078125,0.2712354063987732,0.0008325481903739274,-0.24664020538330078,0.4663960933685303,0.3815031349658966,0.18689636886119843,0.8054382801055908,0.23384788632392883,-0.6566286087036133
0.4551758749999989,0.0034223749999999996,133.0,2.1104397551570124,-0.5116280554131495,0.48744794552605103,0.00036915556172058506,2.329097710733035e-5,0.00018268034536310227,0.06819482485815791,-0.093446284532547,0.1510833203792572,-0.1628454625606537,0.2773147225379944,0.0006897307466715574,-0.2416393756866455,0.47528162598609924,0.37468791007995605,0.1875728815793991,0.8138687610626221,0.22303277254104614,-0.6559544801712036
0.4551758749999989,0.0034223749999999996,133.0,2.074880459681629,-0.47625475626534053,0.4872424424781975,0.0005132970751158078,3.315651167401955e-5,0.0002543434070704029,0.06818345370938954,-0.0960240364074707,0.15195420384407043,-0.1646953523159027,0.2750098705291748,0.0028282031416893005,-0.22641587257385254,0.4876258671283722,0.3756048381328583,0.19546063244342804,0.823232889175415,0.2251826524734497,-0.6546412110328674
0.4551758749999989,0.0034223749999999996,133.0,2.0385063034336706,-0.4400635489721222,0.4870317092429387,0.0006758745279687505,4.47544906903393e-5,0.00033533108427534453,0.06817230453664647,-0.09845873713493347,0.15267707407474518,-0.16659796237945557,0.2723681330680847,0.00462104007601738,-0.2108156681060791,0.5002594590187073,0.37632086873054504,0.20508649945259094,0.8319454193115234,0.2266119420528412,-0.6527795195579529
0.4551758749999989,0.0034223749999999996,133.0,2.0013357969254586,-0.4030593511580693,0.48682799763040113,0.0008490536340953615,5.774755863773012e-5,0.000421747771500571,0.0681618793114247,-0.10055917501449585,0.15313632786273956,-0.1685575246810913,0.26914480328559875,0.00570310465991497,-0.19484806060791016,0.5130031704902649,0.37672334909439087,0.21780267357826233,0.8391096591949463,0.22671997547149658,-0.6500038504600525
0.4551758749999989,0.0034223749999999996,133.0,1.9633872737084674,-0.3652659434793382,0.4866030873326236,0.0010456802339680468,7.352384387507403e-5,0.000520175616239598,0.06815289560208528,-0.1021970808506012,0.15319761633872986,-0.17064473032951355,0.26528429985046387,0.004975985735654831,-0.17912745475769043,0.5261439681053162,0.3769824504852295,0.23349852859973907,0.844153881072998,0.22687187790870667,-0.6464278101921082
0.4551758749999989,0.0034223749999999996,133.0,1.924626808603887,-0.32664623695730766,0.4864035776986876,0.0012324233448894524,8.930530765987132e-5,0.0006136074800812745,0.06814474225474704,-0.10356906056404114,0.15304920077323914,-0.17279976606369019,0.26098763942718506,0.0031806030310690403,-0.16347098350524902,0.5397038459777832,0.3773217797279358,0.25130629539489746,0.847942590713501,0.22666716575622559,-0.642483651638031
0.4551758749999989,0.0034223749999999996,133.0,1.8849402634989025,-0.28752095040339354,0.48624479108985746,0.0013533154704132586,0.0001040475803810692,0.0006745236919327276,0.06813857031242734,-0.10570892691612244,0.1501009315252304,-0.17414817214012146,0.24741984903812408,0.010046599432826042,-0.13480234146118164,0.562116265296936,0.3887960612773895,0.2946392297744751,0.8527143001556396,0.23594632744789124,-0.6404144763946533
0.4551758749999989,0.0034223749999999996,133.0,1.8444510213080305,-0.24722179136665728,0.4860292536991523,0.0015082017847854476,0.00011944497411740445,0.0007527006014839583,0.06812862175680473,-0.10775867104530334,0.15028566122055054,-0.17615091800689697,0.24396640062332153,0.010869918391108513,-0.1198725700378418,0.5779957175254822,0.3899608552455902,0.3090326189994812,0.8595001697540283,0.2376953363418579,-0.6381703019142151
0.4551758749999989,0.0034223749999999996,133.0,1.8029933662069408,-0.20557453072721976,0.485577035411647,0.0016592984535328374,0.00013311287931564637,0.0008291979442831486,0.06810916455413092,-0.11072021722793579,0.15493275225162506,-0.18002286553382874,0.2559019923210144,0.009024161845445633,-0.1216590404510498,0.5862856507301331,0.3756906986236572,0.3047851324081421,0.8682796955108643,0.21425579488277435,-0.6358814239501953
0.4551758749999989,0.0034223749999999996,133.0,1.761637055875394,-0.162366223519752,0.4879674699273285,0.0018014671101587994,0.00013456894202587408,0.000906081266891447,0.06802687721537992,-0.11124438047409058,0.15255863964557648,-0.18062761425971985,0.2415512055158615,0.006402011029422283,-0.0988614559173584,0.5976769328117371,0.38325005769729614,0.30933552980422974,0.8768579959869385,0.24032169580459595,-0.6291254162788391
0.4551758749999989,0.0034223749999999996,133.0,1.7184235073709306,-0.11932082767204702,0.4876215496222661,0.00189899280764826,0.00015176231893447069,0.0009585064020179499,0.06800524682127626,-0.11546701192855835,0.15257814526557922,-0.18320870399475098,0.2360738217830658,0.01695183850824833,-0.07567715644836426,0.6230463981628418,0.3891894221305847,0.3444291353225708,0.8905050754547119,0.2358931303024292,-0.6296392679214478
0.4551758749999989,0.0034223749999999996,133.0,1.674108574313826,-0.07616449490024127,0.4876593307115796,0.0018727206627306187,0.0001605832992246442,0.0009517305483476937,0.06798757062741663,-0.12366142868995667,0.14938397705554962,-0.18308120965957642,0.2137201577425003,0.044309113174676895,-0.03583359718322754,0.6616500020027161,0.41803044080734253,0.37612006068229675,0.9288330078125,0.2786608934402466,-0.6363455653190613
0.4551758749999989,0.0034223749999999996,133.0,1.6270989472594013,-0.02902284437183711,0.48458587639541034,0.0017534515427410282,8.611751611315001e-5,0.00090883163749801,0.06792942626303422,-0.15250945091247559,0.210119366645813,-0.1899784803390503,0.3602307438850403,0.06099335104227066,-0.09841489791870117,0.38769593834877014,0.3770262598991394,-0.34102174639701843,1.2218811511993408,0.10890082269906998,-0.7416914105415344
0.4551758749999989,0.0034223749999999996,133.0,1.5780940170791518,0.022564791953504085,0.4851197177959667,0.00010322603827060346,-4.536337090992463e-6,5.563688767613029e-5,0.06765600490167867,-0.2045227587223053,0.2824411988258362,-0.17766883969306946,0.4239414632320404,0.021674882620573044,0.08306646347045898,-0.0728020966053009,0.5873363018035889,-1.472656011581421,1.693922519683838,0.009921761229634285,-1.0144307613372803
0.4551758749999989,0.0034223749999999996,133.0,1.6192554137296358,0.054980588805579156,0.4872064037647385,-0.0017120315495239024,-0.00013106316463959948,-0.000952156828450267,0.06713170879889796,-0.22752732038497925,0.12788711488246918,-0.18230736255645752,0.6377570629119873,-0.1665303111076355,0.19389772415161133,0.911169707775116,-0.0474696159362793,-0.6477561593055725,1.5390260219573975,-0.014840022660791874,-0.5903727412223816
0.4551758749999989,0.0034223749999999996,133.0,1.6570697889363755,0.10306541559571179,0.49209232532098024,-0.0019376887994523282,1.691174806545735e-5,-0.0010837890420015925,0.0665607585698007,-0.2949925363063812,0.1629866510629654,-0.11765438318252563,0.9507555365562439,-0.39921143651008606,0.4658682346343994,0.48035022616386414,0.06573241949081421,-1.5170419216156006,1.9453139305114746,0.31390807032585144,-1.0154881477355957
0.4551758749999989,0.0034223749999999996,133.0,1.6958899895493915,0.1499828769878639,0.49750720742229965,-0.0019592265676334508,0.00011154408234828398,-0.001051978719616728,0.06623179315455244,-0.3523302376270294,0.1984042376279831,-0.04777100682258606,1.2124090194702148,-0.7743525505065918,0.5744885206222534,0.06273089349269867,0.2291935384273529,-1.900802731513977,2.03155517578125,0.5290470123291016,-1.4411511421203613
0.4551758749999989,0.0034223749999999996,133.0,1.737656733625423,0.19446548177894396,0.4991776560880122,-0.0018582988440560874,0.0001191518312571149,-0.000977289718787955,0.06615569578121958,-0.36162421107292175,0.21418124437332153,-0.027401745319366455,1.2881523370742798,-0.8731814026832581,0.5802901983261108,0.0019227680750191212,0.2581789195537567,-1.9819849729537964,1.9814391136169434,0.548825204372406,-1.546412706375122
0.4551758749999989,0.0034223749999999996,133.0,1.7793077580152974,0.23724545490520552,0.5001549302566115,-0.001705648033806307,0.0001160890714192168,-0.0008847149487991321,0.06612683013767304,-0.36507371068000793,0.22051534056663513,-0.01973623037338257,1.3125684261322021,-0.9151235818862915,0.5892670154571533,-0.014295948669314384,0.27087169885635376,-2.0072054862976074,1.9557442665100098,0.5734161734580994,-1.5837507247924805
0.4551758749999989,0.0034223749999999996,133.0,1.8201343862479333,0.27875905334694684,0.5001826709853843,-0.0015131965988287642,0.00010222701085376272,-0.0007826918367795,0.06613009139315307,-0.3628470003604889,0.22423216700553894,-0.010966241359710693,1.351559042930603,-0.9200459718704224,0.5830045938491821,-0.026090912520885468,0.2576322555541992,-2.0089783668518066,1.905808448791504,0.612447202205658,-1.6096405982971191
0.4551758749999989,0.0034223749999999996,133.0,1.8604810165611407,0.31938518071776684,0.5003650981351198,-0.0014263843061325468,9.292769450906537e-5,-0.000732767002547698,0.06612452534096763,-0.3646237552165985,0.22686469554901123,-0.010852783918380737,1.3476048707962036,-0.9407463669776917,0.6010044813156128,0.004573983605951071,0.26911279559135437,-2.0251641273498535,1.8929800987243652,0.6340827345848083,-1.6174302101135254
0.4551758749999989,0.0034223749999999996,133.0,1.9001409446132167,0.3592366265562535,0.5009326458338076,-0.0012232738771993045,7.93529266499431e-5,-0.0006207667586924312,0.0661058759471574,-0.3650710880756378,0.22995233535766602,-0.006159663200378418,1.3665916919708252,-0.9580876231193542,0.6090087890625,0.010731527581810951,0.26918381452560425,-2.0377657413482666,1.8612799644470215,0.663911759853363,-1.6366920471191406
0.4551758749999989,0.0034223749999999996,133.0,1.9387443438619372,0.3982272570327281,0.5012613596290857,-0.001066162422340187,6.841941734125103e-5,-0.0005365664217151067,0.06609806781283432,-0.3610447347164154,0.2327282875776291,0.0051927268505096436,1.421770691871643,-0.9508112072944641,0.5921891927719116,-0.008974848315119743,0.24152037501335144,-2.0342330932617188,1.7966418266296387,0.7103889584541321,-1.6642792224884033
0.4551758749999989,0.0034223749999999996,133.0,1.976514244944334,0.43637863587154413,0.5015900585331345,-0.0008682106061744897,5.526445180516779e-5,-0.0004333774321694011,0.06609065232141068,-0.3611583411693573,0.2352815568447113,0.009218811988830566,1.4373623132705688,-0.9662335515022278,0.5980936288833618,-5.701463669538498e-5,0.24104276299476624,-2.0451385974884033,1.7659268379211426,0.7402761578559875,-1.6795871257781982
0.4551758749999989,0.0034223749999999996,133.0,2.0134549002243993,0.47366835330212015,0.501869324062726,-0.0006919318373201989,4.353162283703399e-5,-0.00034284309363136146,0.06608449045886897,-0.3628133237361908,0.23740290105342865,0.008289217948913574,1.4314439296722412,-0.9838148355484009,0.6174744367599487,0.035602979362010956,0.2506557106971741,-2.064166307449341,1.7530360221862793,0.7620382905006409,-1.683579683303833
0.4551758749999989,0.0034223749999999996,133.0,2.0495578478119247,0.5101143105202984,0.5021305572312609,-0.0005233284540231063,3.249357408230001e-5,-0.00025748467643739464,0.06607845730762629,-0.3626770079135895,0.23928235471248627,0.01079753041267395,1.4424235820770264,-0.9903265237808228,0.6235278844833374,0.04916604980826378,0.2478494644165039,-2.0692036151885986,1.728384017944336,0.7861246466636658,-1.691913366317749
0.4551758749999989,0.0034223749999999996,133.0,2.0848314600457516,0.5457027975993922,0.5023389111336197,-0.0003601248923178246,2.1987550157866866e-5,-0.00017606855389330395,0.06607323311139121,-0.36258426308631897,0.24104049801826477,0.013091742992401123,1.4526978731155396,-0.9940260648727417,0.6288224458694458,0.06213438883423805,0.24438011646270752,-2.0725464820861816,1.7058043479919434,0.8082084059715271,-1.6988638639450073
0.4551758749999989,0.0034223749999999996,133.0,2.119245419402423,0.5804584876748818,0.5025568361187974,-0.00020222644923227306,1.212259274615979e-5,-9.82888780402101e-5,0.06606584278235603,-0.3627084791660309,0.24280332028865814,0.015351802110671997,1.462962031364441,-0.9953479170799255,0.6333144903182983,0.07280433177947998,0.24048346281051636,-2.074859857559204,1.6855907440185547,0.8275326490402222,-1.7053594589233398
0.4551758749999989,0.0034223749999999996,133.0,2.152425904614393,0.6144131679631895,0.502483205006263,-6.032674174914143e-5,3.5196037747988716e-6,-2.928899802615825e-5,0.06605934493324463,-0.3661944568157196,0.24524110555648804,0.013772815465927124,1.4514203071594238,-1.012342095375061,0.6569764614105225,0.09417425096035004,0.2551048696041107,-2.0871286392211914,1.6883201599121094,0.8302136063575745,-1.7086222171783447
0.4551758749999989,0.0034223749999999996,133.0,2.1847475333240043,0.6475977663241926,0.5026832453187429,0.00013037410158690357,-7.575269469414938e-6,6.301996561295354e-5,0.0660424261326774,-0.36966952681541443,0.24783417582511902,0.01472511887550354,1.4523581266403198,-1.0275983810424805,0.6738947629928589,0.09749089181423187,0.26423388719558716,-2.096006155014038,1.6854071617126465,0.8331238627433777,-1.718801498413086
0.4551758749999989,0.0034223749999999996,133.0,2.2171457278991515,0.6778786109310363,0.5005474504207285,0.00030758643854218287,-1.6448342806869435e-5,0.0001469094455701626,0.06619902698296332,-0.36510565876960754,0.24816566705703735,0.020949631929397583,1.4706546068191528,-1.03658926486969,0.6480324268341064,0.0771847814321518,0.2560126483440399,-2.077780246734619,1.639695644378662,0.8760340213775635,-1.7289495468139648
0.4551758749999989,0.0034223749999999996,133.0,2.2478800340660134,0.7093693233765774,0.5007221796207342,0.00048684646803442673,-2.594979513525786e-5,0.00023148962216503494,0.06618968136801175,-0.3683113157749176,0.25066474080085754,0.022515475749969482,1.471765398979187,-1.0601682662963867,0.6663060188293457,0.08481810986995697,0.2666267156600952,-2.0928492546081543,1.6309070587158203,0.8885619044303894,-1.7408349514007568
0.4551758749999989,0.0034223749999999996,133.0,2.2782734898383463,0.739952596428302,0.5012801228843281,0.0007002781098764188,-3.682346239053084e-5,0.00032956994709535016,0.06617128398479495,-0.3670104444026947,0.2521894872188568,0.028125762939453125,1.500860333442688,-1.0525219440460205,0.6621896028518677,0.09234365820884705,0.2477201521396637,-2.1011412143707275,1.5974600315093994,0.9190726280212402,-1.7511061429977417
0.4551758749999989,0.0034223749999999996,133.0,2.307867903913672,0.7696431034550513,0.5016737752918663,0.0008531962654782122,-4.3864807744766844e-5,0.00039818508142986893,0.06616248774027439,-0.3656506836414337,0.2532942295074463,0.03233295679092407,1.5214107036590576,-1.0486563444137573,0.6598590612411499,0.10606111586093903,0.23297667503356934,-2.10827898979187,1.5663044452667236,0.9504919052124023,-1.7570332288742065
0.4551758749999989,0.0034223749999999996,133.0,2.3365862243784403,0.7985345088628921,0.5023066357194583,0.0010490788378468244,-5.464796706896739e-5,0.00048487000733899707,0.06614816834403342,-0.3649260103702545,0.25464701652526855,0.03915810585021973,1.5500402450561523,-1.052499771118164,0.6495788097381592,0.09350956976413727,0.21982192993164062,-2.109647274017334,1.5332260131835938,0.9799704551696777,-1.7725224494934082
0.4551758749999989,0.0034223749999999996,133.0,2.3641716254600875,0.8265795718069349,0.5024201463607391,0.0011994252416597567,-6.238612708851096e-5,0.0005523861060837362,0.06614788466948225,-0.3671359121799469,0.25639522075653076,0.03996896743774414,1.5462563037872314,-1.0766651630401611,0.6656126976013184,0.1057552844285965,0.230758935213089,-2.1218109130859375,1.5222265720367432,0.9973251819610596,-1.7798655033111572
0.4551758749999989,0.0034223749999999996,133.0,2.3911345324066544,0.8537529137561924,0.5027793279177015,0.0013680974574227602,-7.127945163240378e-5,0.0006257785281289614,0.06614200917035874,-0.367274671792984,0.25765261054039,0.045476555824279785,1.5665372610092163,-1.085645079612732,0.6586596965789795,0.09328438341617584,0.22407621145248413,-2.121696710586548,1.4958655834197998,1.020524263381958,-1.7934870719909668
0.4551758749999989,0.0034223749999999996,133.0,2.417440763318621,0.8799890203891885,0.5028304251320759,0.00156953112307752,-7.813729192306785e-5,0.0007149503469384036,0.06614304282685099,-0.3661375939846039,0.2583027482032776,0.0473368763923645,1.5768330097198486,-1.0807491540908813,0.659625768661499,0.11255408823490143,0.21309572458267212,-2.127592086791992,1.473015308380127,1.0442849397659302,-1.7929365634918213
0.4551758749999989,0.0034223749999999996,133.0,2.442762380478552,0.9054709107310385,0.503019762832279,0.0017745830957445437,-8.74585176538341e-5,0.0008047528096663671,0.06613765091058137,-0.3660256564617157,0.25936147570610046,0.050937116146087646,1.592198133468628,-1.0808615684509277,0.655005693435669,0.10830946266651154,0.20545461773872375,-2.1275174617767334,1.4540398120880127,1.060918927192688,-1.8006796836853027
0.4551758749999989,0.0034223749999999996,133.0,2.467032241372211,0.9301571529953058,0.5031897550913605,0.0020023971052320288,-9.879593119840858e-5,0.000904542402042691,0.06613307180273909,-0.36765769124031067,0.26058652997016907,0.050557464361190796,1.5889815092086792,-1.0914918184280396,0.670390248298645,0.1252974271774292,0.21008256077766418,-2.1368234157562256,1.4466979503631592,1.070833444595337,-1.802253007888794
0.4551758749999989,0.0034223749999999996,133.0,2.4905013085035157,0.9539788459217458,0.5031865922349976,0.0021707168326701278,-0.00010596998080324055,0.000978888001743141,0.06613272062080248,-0.3693905174732208,0.26182734966278076,0.0506855845451355,1.5862396955490112,-1.1038146018981934,0.6824268102645874,0.13447143137454987,0.21624109148979187,-2.142420530319214,1.4401423931121826,1.0798124074935913,-1.8057966232299805
0.4551758749999989,0.0034223749999999996,133.0,2.513062525763234,0.9769817132857403,0.5031689566334139,0.002384964276351367,-0.00011481031786668723,0.0010737722002554923,0.06613125810220698,-0.37128522992134094,0.26317882537841797,0.05001610517501831,1.5804662704467773,-1.115679144859314,0.698737382888794,0.14990787208080292,0.2232019603252411,-2.1514737606048584,1.435671329498291,1.0872883796691895,-1.8071415424346924
0.4551758749999989,0.0034223749999999996,133.0,2.5349450047137907,0.999121489836447,0.5032476420944508,0.002602663064171045,-0.00012436251290857175,0.0011686631530380565,0.06612932364430417,-0.37033215165138245,0.2636953294277191,0.05387723445892334,1.5987001657485962,-1.11072838306427,0.6896532773971558,0.14699393510818481,0.21051719784736633,-2.1512057781219482,1.413764476776123,1.1070425510406494,-1.8127050399780273
0.4551758749999989,0.0034223749999999996,133.0,2.5559986129986068,1.0204461095748973,0.503316512399296,0.0028325567285597485,-0.0001335729760361524,0.001268767878558352,0.06612536178099898,-0.3734486401081085,0.2654366195201874,0.05165398120880127,1.5828957557678223,-1.1337367296218872,0.7170617580413818,0.16653861105442047,0.22724002599716187,-2.165374994277954,1.4156806468963623,1.1097748279571533,-1.8138411045074463
0.4551758749999989,0.0034223749999999996,133.0,2.5764432642959743,1.040893601323305,0.5039460660559708,0.003068672381985189,-0.00015057673309220354,0.0013611038057809726,0.06611070531734073,-0.3718737065792084,0.26596057415008545,0.05835682153701782,1.6159545183181763,-1.1191712617874146,0.6945055723190308,0.14850576221942902,0.20503920316696167,-2.1624646186828613,1.3900649547576904,1.1304142475128174,-1.8245985507965088
0.4551758749999989,0.0034223749999999996,133.0,2.595869316587603,1.0606160604796833,0.5043778624500471,0.0032509545245960596,-0.0001599527544033754,0.0014351155174655646,0.06610106169543203,-0.37250831723213196,0.26701676845550537,0.062218815088272095,1.6315820217132568,-1.1209263801574707,0.6891157627105713,0.13909584283828735,0.19854092597961426,-2.164818525314331,1.375593662261963,1.1424167156219482,-1.8337182998657227
0.4551758749999989,0.0034223749999999996,133.0,2.6145981687092354,1.0794066615835987,0.504853626117381,0.0034585132075594252,-0.00017185911784933962,0.0015163752560077032,0.06609056022472298,-0.3728781044483185,0.2677295207977295,0.06480947136878967,1.643174409866333,-1.1216086149215698,0.6885963678359985,0.14122167229652405,0.19140514731407166,-2.1696953773498535,1.360496997833252,1.1559782028198242,-1.8382246494293213
0.4551758749999989,0.0034223749999999996,133.0,2.6319557611987983,1.0974426082270365,0.5046386321545604,0.0036339120705775616,-0.0001825365367790218,0.0015956431910666652,0.06609746905804782,-0.3758377134799957,0.2692934572696686,0.06561842560768127,1.6375244855880737,-1.1465898752212524,0.6999903917312622,0.1307561695575714,0.20708277821540833,-2.1726434230804443,1.3599481582641602,1.1561378240585327,-1.8483355045318604
0.4551758749999989,0.0034223749999999996,133.0,2.649034721910816,1.1145228953804271,0.5048318695210056,0.003843563665156609,-0.00019065340754972806,0.0016807150847310646,0.06609273421246357,-0.375619500875473,0.2698172926902771,0.06770595908164978,1.6474226713180542,-1.144690990447998,0.698722243309021,0.1358719915151596,0.19927746057510376,-2.1770637035369873,1.3451132774353027,1.169706106185913,-1.8504838943481445
0.4551758749999989,0.0034223749999999996,133.0,2.665077886490831,1.1308125764123798,0.5050088037449295,0.004027820678333516,-0.0002007962182037535,0.0017559636195471713,0.0660892093748628,-0.37771812081336975,0.2708539664745331,0.06870272755622864,1.6456856727600098,-1.1654388904571533,0.7095755338668823,0.13393466174602509,0.20890334248542786,-2.183013916015625,1.3382799625396729,1.1759135723114014,-1.8584742546081543
0.4551758749999989,0.0034223749999999996,133.0,2.6802791550670033,1.1461639682675957,0.5047849520503831,0.0042093714750176415,-0.00020790755869060562,0.0018324485358497337,0.06609537229228152,-0.37641391158103943,0.27085617184638977,0.07076975703239441,1.6550134420394897,-1.1633214950561523,0.7055277824401855,0.14157570898532867,0.19956764578819275,-2.1858038902282715,1.319704532623291,1.194412350654602,-1.8585205078125
0.4551758749999989,0.0034223749999999996,133.0,2.694794351301448,1.1607308577735789,0.5050159911090758,0.004354070184484811,-0.00021619814163519063,0.001887710118730749,0.0660937162681218,-0.3779127895832062,0.271563321352005,0.07075104117393494,1.6477621793746948,-1.1867793798446655,0.7200547456741333,0.14833422005176544,0.2116793394088745,-2.1936614513397217,1.3130462169647217,1.2056660652160645,-1.8635177612304688
0.4551758749999989,0.0034223749999999996,133.0,2.7083319524487353,1.1744712251443163,0.5051378028968782,0.004482645866872202,-0.00022760480814296995,0.0019378582003638269,0.06609982911467055,-0.37914666533470154,0.27190250158309937,0.0722593367099762,1.644083023071289,-1.2178544998168945,0.7274067401885986,0.14166808128356934,0.22596609592437744,-2.198146343231201,1.301461935043335,1.2234277725219727,-1.874218463897705
0.4551758749999989,0.0034223749999999996,133.0,2.7214763688931267,1.18730695741515,0.5056219594039907,0.004623506808800625,-0.0002399661404665543,0.0019850264207145222,0.06609722276545814,-0.37767747044563293,0.27145326137542725,0.07582226395606995,1.6570450067520142,-1.2249207496643066,0.7172845602035522,0.13409854471683502,0.2206062376499176,-2.200218439102173,1.2802140712738037,1.2491888999938965,-1.881810188293457
0.4551758749999989,0.0034223749999999996,133.0,2.7339241710252002,1.1992408091575677,0.505705656273751,0.004771052089120245,-0.00023675117663055903,0.0020397582047586454,0.06609968871085867,-0.37254807353019714,0.27017447352409363,0.08006921410560608,1.6838206052780151,-1.1925842761993408,0.6902624368667603,0.14478056132793427,0.18735405802726746,-2.198474645614624,1.2497575283050537,1.2803912162780762,-1.8752636909484863
0.4551758749999989,0.0034223749999999996,133.0,2.7456602652578694,1.2103076278886569,0.5060507745943057,0.004923975500998969,-0.00023943694486638185,0.0020903918248575373,0.066096326177748,-0.36796537041664124,0.26895737648010254,0.08401063084602356,1.7085658311843872,-1.162706732749939,0.6656736135482788,0.1545715630054474,0.15667173266410828,-2.19765305519104,1.2219302654266357,1.3086663484573364,-1.8692529201507568
0.4551758749999989,0.0034223749999999996,133.0,2.756627282211256,1.2205368134853494,0.5062827559822453,0.005071048583281273,-0.00023549292197018245,0.0021399110117058,0.06609493213446012,-0.36308756470680237,0.2677527368068695,0.08628740906715393,1.7280501127243042,-1.12769615650177,0.6467263698577881,0.17688122391700745,0.1254119873046875,-2.2002687454223633,1.1976144313812256,1.3351218700408936,-1.8574471473693848
0.4551758749999989,0.0034223749999999996,133.0,2.7665607954660363,1.2300370432629901,0.5064978434742267,0.0052375798177905055,-0.00023300558751082883,0.002202062534519829,0.06609484237716721,-0.3590342104434967,0.26665669679641724,0.08785167336463928,1.7432481050491333,-1.0985593795776367,0.6334667205810547,0.2002251148223877,0.09891241788864136,-2.204296350479126,1.1760923862457275,1.3583831787109375,-1.8461482524871826
0.4551758749999989,0.0034223749999999996,133.0,2.7749841343158033,1.2408839055525116,0.5094725655725214,0.005484086263862293,-0.0002568446211978911,0.0022921470663899287,0.06590051878151361,-0.3617013394832611,0.268142431974411,0.08756682276725769,1.7610353231430054,-1.072938323020935,0.6546553373336792,0.23322105407714844,0.08120900392532349,-2.2352821826934814,1.1816682815551758,1.3520827293395996,-1.8462464809417725
0.4551758749999989,0.0034223749999999996,133.0,2.783541988964942,1.248635390838918,0.5099611174402299,0.005742001687957548,-0.00026315103195454664,0.00238422564673899,0.06589594784762089,-0.3562435209751129,0.2667568325996399,0.09164759516716003,1.7908765077590942,-1.024715542793274,0.6204028129577637,0.2408486157655716,0.04126867651939392,-2.231668710708618,1.1575300693511963,1.3713963031768799,-1.8359525203704834
0.4551758749999989,0.0034223749999999996,133.0,2.790922421893382,1.25558856052875,0.5100135393620682,0.006131891320379459,-0.0002723842731447788,0.002537807703185136,0.0658986704452363,-0.3531418740749359,0.26601263880729675,0.09287431836128235,1.8003523349761963,-1.0096427202224731,0.6114078760147095,0.2544051706790924,0.025715231895446777,-2.236607074737549,1.1389269828796387,1.3895912170410156,-1.829892873764038
0.4551758749999989,0.0034223749999999996,133.0,2.7976106262826064,1.2617443008541587,0.5102308817533874,0.006784324900506741,-0.00029442940730620593,0.0027948894906727976,0.06589758052928182,-0.34945377707481384,0.2653011083602905,0.09340730309486389,1.8118053674697876,-0.9834045171737671,0.6027326583862305,0.2746030390262604,0.004544377326965332,-2.2443273067474365,1.1219146251678467,1.4039069414138794,-1.8201806545257568
0.4551758749999989,0.0034223749999999996,133.0,2.8034054875097136,1.2671180126103487,0.5102067200194473,0.00826199437993686,-0.0003510486691656293,0.003388262776715708,0.06590041262590011,-0.345834881067276,0.2651469111442566,0.09478506445884705,1.8256752490997314,-0.9673794507980347,0.5948683023452759,0.28398463129997253,-0.011990964412689209,-2.2582204341888428,1.098665475845337,1.4170451164245605,-1.8175389766693115
0.4551758749999989,0.0034223749999999996,133.0,2.808445862414646,1.2722001559862972,0.5103956026191959,0.015370881711654107,-0.0007009044251060691,0.006177527534443493,0.06588120690588402,-0.3418711721897125,0.26859620213508606,0.09613201022148132,1.8526082038879395,-0.980692982673645,0.6220771074295044,0.2930324673652649,-0.016705691814422607,-2.3362858295440674,1.0387828350067139,1.4254035949707031,-1.8401265144348145
0.4551758749999989,0.0034223749999999996,133.0,2.8054133020553227,-1.232516094185883,0.4800211643466504,-0.01382988231334405,-0.00042473290500621313,-0.006835014269809946,0.06839051250934834,-0.05787080526351929,0.14431767165660858,-0.12991932034492493,0.33786171674728394,0.026204317808151245,-0.6583986282348633,0.28250473737716675,0.4323171377182007,-0.14582018554210663,0.7304971218109131,0.45381584763526917,-0.773421049118042
0.4551758749999989,0.0034223749999999996,133.0,2.8008255668800928,-1.227583734013073,0.48040596728403506,-0.00746811874100369,-0.0001832200262210609,-0.0036893018154695837,0.06835478571000422,-0.058311671018600464,0.14906466007232666,-0.12652689218521118,0.3556083142757416,-0.02062349021434784,-0.6519355773925781,0.2704719603061676,0.412826806306839,-0.20845414698123932,0.7455432415008545,0.43719950318336487,-0.7715749740600586
0.4551758749999989,0.0034223749999999996,133.0,2.7952960581843955,-1.2220948666192102,0.4803860022249706,-0.0061369643499292964,-0.00014699327930016155,-0.0030285011401215882,0.06833941985501317,-0.06007516384124756,0.14962518215179443,-0.1257483959197998,0.3554297089576721,-0.019988294690847397,-0.6337263584136963,0.2686381936073303,0.40934425592422485,-0.1980951428413391,0.7516677379608154,0.4015932083129883,-0.7679161429405212
0.4551758749999989,0.0034223749999999996,133.0,2.789091691058798,-1.216055422665957,0.48039541001423836,-0.005550603874395456,-0.00013291319184945667,-0.002737001382699937,0.06833429396102178,-0.06031295657157898,0.1481163203716278,-0.12541437149047852,0.3498491942882538,-0.020637355744838715,-0.6203088760375977,0.2708253860473633,0.4080200791358948,-0.18252882361412048,0.7525734901428223,0.388799250125885,-0.7610042095184326
0.4551758749999989,0.0034223749999999996,133.0,2.7819036646477886,-1.2090540257912625,0.4803472764605323,-0.005210848105066205,-0.00013063940051405787,-0.0025672170527466505,0.06832406156388375,-0.061575740575790405,0.14745980501174927,-0.1254221498966217,0.3454080820083618,-0.015078856609761715,-0.5998070240020752,0.27321237325668335,0.40734490752220154,-0.15579602122306824,0.7539064884185791,0.35574036836624146,-0.7558894753456116
0.4551758749999989,0.0034223749999999996,133.0,2.773165488325986,-1.2028898114284488,0.47777742363944653,-0.004970852181410121,-0.0001792327225365583,-0.002445201319859136,0.06839628814674027,-0.061618804931640625,0.14577648043632507,-0.12519419193267822,0.34141451120376587,-0.009001155383884907,-0.590578556060791,0.27927619218826294,0.4065241813659668,-0.13132022321224213,0.7489755153656006,0.33738967776298523,-0.7510854005813599
0.4551758749999989,0.0034223749999999996,133.0,2.764385903021403,-1.1945157116276934,0.4777782828429939,-0.00477444675049557,-0.00018020440143307322,-0.002348304745858717,0.06838984195457021,-0.06272193789482117,0.1431528627872467,-0.12419158220291138,0.33052510023117065,-0.0020033486653119326,-0.5622735023498535,0.2841337323188782,0.41023460030555725,-0.09721436351537704,0.7509214878082275,0.31437811255455017,-0.7439119219779968
0.4551758749999989,0.0034223749999999996,133.0,2.7548213558813592,-1.1851346107941578,0.4776479688770699,-0.004627856380373048,-0.00017925790143505398,-0.002271746702524763,0.06838486092094989,-0.06318134069442749,0.14221976697444916,-0.12480902671813965,0.3261670172214508,0.0016986725386232138,-0.5447993278503418,0.2889261841773987,0.40922781825065613,-0.07080099731683731,0.7471487522125244,0.28994762897491455,-0.7385387420654297
0.4551758749999989,0.0034223749999999996,133.0,2.7443503732305645,-1.174897210389475,0.47758555626612165,-0.004497306395000664,-0.00018098511538101587,-0.0022023727015485282,0.06837663995682595,-0.06443729996681213,0.14076447486877441,-0.12473833560943604,0.3189730942249298,0.010045117698609829,-0.516284704208374,0.29517972469329834,0.41114652156829834,-0.032500915229320526,0.7447021007537842,0.25526633858680725,-0.7332561016082764
0.4551758749999989,0.0034223749999999996,133.0,2.7331274581034593,-1.1640094945706072,0.477643415220663,-0.004365035958307123,-0.000184041069525476,-0.0021354927374266255,0.06837195018709681,-0.06477096676826477,0.13744059205055237,-0.12367352843284607,0.3062497079372406,0.015351095236837864,-0.48546814918518066,0.3020106256008148,0.41622665524482727,0.003535959403961897,0.7419881820678711,0.2397814691066742,-0.7255971431732178
0.4551758749999989,0.0034223749999999996,133.0,2.7211376341048883,-1.1521217116517204,0.47759873245442286,-0.0042430371978472835,-0.00018379634441195185,-0.002071929805300563,0.06836943447354943,-0.0647135078907013,0.13614244759082794,-0.12419238686561584,0.30057859420776367,0.016578149050474167,-0.4660673141479492,0.3081769049167633,0.4163857400417328,0.02890869416296482,0.7358403205871582,0.2229892462491989,-0.7200659513473511
0.4551758749999989,0.0034223749999999996,133.0,2.7083463208419407,-1.1393890730971095,0.47744215127748985,-0.004119806205349353,-0.0001810687032086511,-0.002004155226250532,0.06836857793393634,-0.06391257047653198,0.1348620057106018,-0.12565487623214722,0.2969124913215637,0.016915932297706604,-0.4541912078857422,0.31445515155792236,0.41312241554260254,0.05481762811541557,0.7252364158630371,0.20740126073360443,-0.7131004333496094
0.4551758749999989,0.0034223749999999996,133.0,2.694839422758163,-1.1257465949068648,0.47727149176893024,-0.004011957146485793,-0.00017562973869445823,-0.0019484428857679944,0.06837186437948009,-0.0621795654296875,0.13363738358020782,-0.12729161977767944,0.29434439539909363,0.010667168535292149,-0.4531714916229248,0.3164982795715332,0.4079406261444092,0.06758281588554382,0.7152385711669922,0.2077091932296753,-0.7052961587905884
0.4551758749999989,0.0034223749999999996,133.0,2.680472271456289,-1.1112324410839838,0.4770836498213412,-0.0038748840754144736,-0.0001676851994916787,-0.001878998740762349,0.0683746349449162,-0.060566097497940063,0.1341744363307953,-0.12947019934654236,0.2966877818107605,-0.000530727906152606,-0.4615960121154785,0.3173174262046814,0.4003368318080902,0.06306292861700058,0.7086193561553955,0.2158752828836441,-0.7000033855438232
0.4551758749999989,0.0034223749999999996,133.0,2.6651195691728713,-1.095854011116144,0.4769140047522971,-0.003700160943455376,-0.00016342323309306514,-0.0017954513818539493,0.06837177132566831,-0.060900717973709106,0.1345442533493042,-0.13075095415115356,0.2964864671230316,-0.0016767517663538456,-0.45384645462036133,0.32141247391700745,0.39789456129074097,0.07408398389816284,0.7057392597198486,0.2066916972398758,-0.6973584294319153
0.4551758749999989,0.0034223749999999996,133.0,2.6488948246112924,-1.07959666473179,0.4767682505192085,-0.003538133776813687,-0.00015569017393657773,-0.0017151030760835925,0.06836818780506099,-0.061366111040115356,0.13579875230789185,-0.13237148523330688,0.2991904020309448,-0.0039811525493860245,-0.45415449142456055,0.32320865988731384,0.39363691210746765,0.07693998515605927,0.7053725719451904,0.20267198979854584,-0.6958044767379761
0.4551758749999989,0.0034223749999999996,133.0,2.6318198949347185,-1.0626072314943722,0.47672062469523396,-0.0033524601911361575,-0.00014966122129036834,-0.0016264794462783813,0.06836337501354689,-0.06236863136291504,0.13626453280448914,-0.1329176425933838,0.29792308807373047,-0.004495431203395128,-0.4435126781463623,0.32812216877937317,0.3939797878265381,0.08091461658477783,0.708125114440918,0.20149855315685272,-0.6949183940887451
0.4551758749999989,0.0034223749999999996,133.0,2.6139815073781323,-1.0446405952120132,0.4765878943723254,-0.0031760353861830025,-0.00013922699408581285,-0.0015431498155334016,0.06836201100382265,-0.06242483854293823,0.13826654851436615,-0.13450655341148376,0.30325847864151,-0.013294876553118229,-0.4582240581512451,0.3283649981021881,0.3883548676967621,0.055355142802000046,0.7135748863220215,0.22415056824684143,-0.694678544998169
0.4551758749999989,0.0034223749999999996,133.0,2.5951404563693528,-1.025798281789049,0.47646193711099777,-0.002994070608189837,-0.000132830377346623,-0.0014539642750105465,0.0683532680225721,-0.06407850980758667,0.1389131397008896,-0.13545095920562744,0.30246323347091675,-0.009556938894093037,-0.444840669631958,0.33454111218452454,0.3883492648601532,0.06860269606113434,0.7159256935119629,0.2123703509569168,-0.6939141750335693
0.4551758749999989,0.0034223749999999996,133.0,2.5755551367677625,-1.0062780906883915,0.47635355313247835,-0.0028304626354376124,-0.00012861886486300613,-0.001375640208050331,0.06834773311356036,-0.06501880288124084,0.13928820192813873,-0.13636353611946106,0.30103588104248047,-0.009693331085145473,-0.4343075752258301,0.34058257937431335,0.3879103660583496,0.07491222769021988,0.7179183959960938,0.21014507114887238,-0.6920841932296753
0.4551758749999989,0.0034223749999999996,133.0,2.55516923412491,-0.9858188955299862,0.4762155648796,-0.002615819773854216,-0.00011867955722448757,-0.0012728711694449278,0.06834323917561859,-0.06575116515159607,0.14063355326652527,-0.13771817088127136,0.3034777045249939,-0.013212976045906544,-0.4355354309082031,0.343875527381897,0.3843279182910919,0.06750688701868057,0.7219510078430176,0.2168806493282318,-0.69097900390625
0.4551758749999989,0.0034223749999999996,133.0,2.5339035285274076,-0.9650703429819484,0.47633237290828323,-0.002402559525406146,-0.00011405302920706529,-0.001170524085114485,0.06833826684994092,-0.06693929433822632,0.13680924475193024,-0.13625189661979675,0.28858113288879395,-0.004911564756184816,-0.4024021625518799,0.35124972462654114,0.394168496131897,0.09828206896781921,0.7254316806793213,0.2194293588399887,-0.6859451532363892
0.4551758749999989,0.0034223749999999996,133.0,2.5117968546700604,-0.9429289993078205,0.4761650235364661,-0.002200793876376953,-0.00010363730917059528,-0.0010723750583896486,0.06833268875869998,-0.06794649362564087,0.13830040395259857,-0.13783439993858337,0.29105961322784424,-0.008542126044631004,-0.4024472236633301,0.3562118113040924,0.39107850193977356,0.09015876799821854,0.7299661636352539,0.22645151615142822,-0.6853890419006348
0.4551758749999989,0.0034223749999999996,133.0,2.488768646819111,-0.9198805596816052,0.4759486772256123,-0.001999841525806691,-9.509566205546638e-5,-0.0009740415652015975,0.06832361161749588,-0.06996476650238037,0.1405629813671112,-0.13987848162651062,0.2949923574924469,-0.008348912931978703,-0.3975369930267334,0.36363664269447327,0.3881656527519226,0.0904141515493393,0.7345612049102783,0.2198844701051712,-0.6864755153656006
0.4551758749999989,0.0034223749999999996,133.0,2.4648472783766016,-0.8957999393813355,0.4755966757911705,-0.001839044342994173,-8.773405655216498e-5,-0.0008948220670491675,0.06831276091602025,-0.07247799634933472,0.14483307301998138,-0.14317849278450012,0.3053218126296997,-0.008551979437470436,-0.40041112899780273,0.36993685364723206,0.3801915645599365,0.08727402240037918,0.7387807369232178,0.20285746455192566,-0.6888914704322815
0.4551758749999989,0.0034223749999999996,133.0,2.4402335655288665,-0.8710898392764057,0.47541351458541314,-0.001641161679664195,-7.735385679980006e-5,-0.0007999353174015833,0.06830615574657392,-0.07392406463623047,0.14726553857326508,-0.1448747217655182,0.31005698442459106,-0.012873109430074692,-0.4033966064453125,0.3736116588115692,0.37592846155166626,0.07013781368732452,0.7464926242828369,0.21271248161792755,-0.6894333362579346
0.4551758749999989,0.0034223749999999996,133.0,2.4147321619645763,-0.8457362948867998,0.4753910918615016,-0.0014577437125168392,-7.157354055378679e-5,-0.0007127015342033196,0.06829732203818292,-0.07558917999267578,0.1472403109073639,-0.14567330479621887,0.3061800003051758,-0.011349346488714218,-0.3886733055114746,0.3810994327068329,0.37788069248199463,0.07723747938871384,0.7525014877319336,0.2168007493019104,-0.6875701546669006
0.4551758749999989,0.0034223749999999996,133.0,2.388463416765205,-0.819736171098718,0.47533097423381726,-0.0012769473269372599,-6.440695730180424e-5,-0.000624757974901791,0.06829146619889165,-0.07691293954849243,0.14588022232055664,-0.1461583375930786,0.2985551059246063,-0.00846864189952612,-0.36890578269958496,0.38977882266044617,0.3820067048072815,0.09379183501005173,0.75693678855896,0.2217511236667633,-0.6841117739677429
0.4551758749999989,0.0034223749999999996,133.0,2.3613946360322466,-0.7927529132470476,0.47517543442300714,-0.001127105203022608,-5.8108637475083415e-5,-0.0005516618241716315,0.06828553706791218,-0.07780542969703674,0.14591099321842194,-0.1476590633392334,0.2954237163066864,-0.009168045595288277,-0.3556227684020996,0.3971685767173767,0.3812131881713867,0.10629278421401978,0.7586476802825928,0.21984542906284332,-0.6802039742469788
0.4551758749999989,0.0034223749999999996,133.0,2.3335866780790635,-0.7649893603284724,0.4750169350313172,-0.0009935079212309136,-5.1797869545617556e-5,-0.0004865995007909976,0.06828295488701339,-0.07779964804649353,0.14552390575408936,-0.14909902215003967,0.29171305894851685,-0.013590319082140923,-0.3470616340637207,0.40251055359840393,0.3794477581977844,0.11213286221027374,0.7593357563018799,0.22684454917907715,-0.6747320890426636
0.4551758749999989,0.0034223749999999996,133.0,2.3047931974988667,-0.736405909372938,0.47483633736092973,-0.0008203860093002815,-4.343794529013788e-5,-0.00040097988752249076,0.06827642987513205,-0.07929706573486328,0.14501065015792847,-0.15063780546188354,0.28687959909439087,-0.01036195456981659,-0.3279917240142822,0.41158053278923035,0.38062384724617004,0.13916225731372833,0.7608106136322021,0.21808013319969177,-0.671074390411377
0.4551758749999989,0.0034223749999999996,133.0,2.275175545863786,-0.707058004584419,0.4747183576168679,-0.0006887414831844911,-3.77157302188838e-5,-0.0003365729331002881,0.06827035114080593,-0.08072876930236816,0.14387676119804382,-0.15163901448249817,0.2794053554534912,-0.007063905708491802,-0.3059260845184326,0.4221729338169098,0.384725958108902,0.1637948602437973,0.7636725902557373,0.21727654337882996,-0.6677223443984985
0.4551758749999989,0.0034223749999999996,133.0,2.2446983302909502,-0.676719815468746,0.47455087014419595,-0.0005169818409923247,-2.9113895674609086e-5,-0.00025294256111414975,0.06826193422229877,-0.08248019218444824,0.14433734118938446,-0.15310925245285034,0.27670398354530334,-0.006150111556053162,-0.2915382385253906,0.4315299689769745,0.38532698154449463,0.17341257631778717,0.76936936378479,0.2184542566537857,-0.6656710505485535
0.4551758749999989,0.0034223749999999996,133.0,2.2134249325451605,-0.6453183625321706,0.4743084857024812,-0.0003247997857137063,-1.7956220510008706e-5,-0.00015897361419453762,0.06825326777790626,-0.08400243520736694,0.14707212150096893,-0.15549156069755554,0.28206580877304077,-0.010278197936713696,-0.2932755947113037,0.43507853150367737,0.37771880626678467,0.16121147572994232,0.7771024703979492,0.2205497920513153,-0.6634713411331177
0.4551758749999989,0.0034223749999999996,133.0,2.181268849065872,-0.6131472263911624,0.47409565718962615,-0.00015180493478850548,-8.502580351528798e-6,-7.4486388202633e-5,0.06824252535017146,-0.08602893352508545,0.14915411174297333,-0.15750139951705933,0.28453749418258667,-0.010464171878993511,-0.2874317169189453,0.4414275586605072,0.37336352467536926,0.15746216475963593,0.7855865955352783,0.2206256091594696,-0.6616449952125549
0.4551758749999989,0.0034223749999999996,133.0,2.148271190050154,-0.5805604535508581,0.4740154756699912,1.68285699109245e-5,9.982781083122117e-7,8.296433975970177e-6,0.06823414196885949,-0.08807256817817688,0.1472727656364441,-0.15792644023895264,0.27426281571388245,-0.0038031991571187973,-0.26452088356018066,0.45365220308303833,0.3807751536369324,0.17392975091934204,0.794457197189331,0.23497292399406433,-0.6588521003723145
0.4551758749999989,0.0034223749999999996,133.0,2.1144261538341738,-0.5468695364356899,0.47382975725253673,0.00018591945102769273,1.1297925488874243e-5,9.176307365550118e-5,0.0682241471011015,-0.09027260541915894,0.14793166518211365,-0.15967994928359985,0.27172616124153137,-0.0018391849007457495,-0.24944829940795898,0.4649202525615692,0.3813169598579407,0.18340764939785004,0.8019955158233643,0.23604363203048706,-0.6569175720214844
0.4551758749999989,0.0034223749999999996,133.0,2.0796814089654077,-0.5120743622394968,0.4734932597299667,0.00036922005617580567,2.255237169323486e-5,0.0001822134733975916,0.06821050927526552,-0.09310862421989441,0.15117338299751282,-0.16280388832092285,0.27786344289779663,-0.0020064255222678185,-0.24455952644348145,0.4737151563167572,0.37450799345970154,0.18381883203983307,0.8104207515716553,0.22526684403419495,-0.65630704164505
0.4551758749999989,0.0034223749999999996,133.0,2.0441300094115116,-0.4767030855705508,0.4732932195194813,0.0005133893402754192,3.209984072289317e-5,0.00025368198610603847,0.0681995199360823,-0.09569206833839417,0.1520594358444214,-0.16466200351715088,0.27562832832336426,0.00012156041339039803,-0.22945284843444824,0.4860228896141052,0.3754420876502991,0.19147542119026184,0.8197910785675049,0.22755572199821472,-0.655081033706665
0.4551758749999989,0.0034223749999999996,133.0,2.0077632520647555,-0.44051347676413083,0.4730881198607571,0.0006759991507260437,4.3322613033496514e-5,0.00033444514643414037,0.06818874833900306,-0.09813240170478821,0.1527983695268631,-0.16657200455665588,0.2730616629123688,0.0019000197062268853,-0.21396636962890625,0.4986211955547333,0.3761690855026245,0.20086677372455597,0.8285071849822998,0.2291131615638733,-0.6533056497573853
0.4551758749999989,0.0034223749999999996,133.0,1.9705989853897126,-0.40351013743966235,0.47289025448375194,0.0008492135079839448,5.589598087099988e-5,0.00042061975980697185,0.06817868037830227,-0.10023927688598633,0.15327468514442444,-0.16853848099708557,0.26991671323776245,0.0029599573463201523,-0.19811248779296875,0.5113365054130554,0.37657809257507324,0.21334831416606903,0.8356800079345703,0.22932621836662292,-0.6506147980690002
0.4551758749999989,0.0034223749999999996,133.0,1.9326550135852434,-0.36571646008688335,0.4726716489897816,0.0010458800734232617,7.117694467248173e-5,0.0005187756075777709,0.06817002041602445,-0.10188481211662292,0.15335498750209808,-0.17063161730766296,0.26613402366638184,0.0022087995894253254,-0.18250036239624023,0.5244588851928711,0.3768407106399536,0.22881518304347992,0.8407413959503174,0.2295592725276947,-0.647120475769043
0.4551758749999989,0.0034223749999999996,133.0,1.8938982130490694,-0.3270959010419598,0.47247874789993843,0.001232662892487113,8.645722221989944e-5,0.0006119469926768726,0.06816215772782423,-0.10326454043388367,0.15322577953338623,-0.17279157042503357,0.26191744208335876,0.0003851024666801095,-0.1669459342956543,0.538005530834198,0.37717920541763306,0.24640735983848572,0.84454345703125,0.22941985726356506,-0.6432557702064514
0.4551758749999989,0.0034223749999999996,133.0,1.8542173640433852,-0.28796242948801504,0.47232325266082215,0.0013535899242171693,0.00010075017395013466,0.000672696548716875,0.0681563290015574,-0.10541138052940369,0.15028339624404907,-0.17414957284927368,0.248428076505661,0.007252874784171581,-0.13838863372802734,0.5604984760284424,0.38865599036216736,0.28967833518981934,0.8493449687957764,0.23884916305541992,-0.6412681937217712
0.4551758749999989,0.0034223749999999996,133.0,1.8137345446642155,-0.24766335783525734,0.4721136393276231,0.0015085179660092735,0.00011565690115823125,0.0007506387001433001,0.06814674114786622,-0.10746407508850098,0.15048320591449738,-0.17615821957588196,0.24506504833698273,0.00806462112814188,-0.12357664108276367,0.5763535499572754,0.38980555534362793,0.3038680851459503,0.856116533279419,0.24066776037216187,-0.6390994787216187
0.4551758749999989,0.0034223749999999996,133.0,1.7722876895803605,-0.20602837937487484,0.47167410561385376,0.0016596497352624722,0.00012885768081905732,0.0008268829375819429,0.06812779335209734,-0.11042207479476929,0.15517306327819824,-0.18004468083381653,0.2571226954460144,0.006217575632035732,-0.1254878044128418,0.5844413042068481,0.3754604458808899,0.2992848753929138,0.8647778034210205,0.2169947624206543,-0.636856198310852
0.4551758749999989,0.0034223749999999996,133.0,1.7309299857969085,-0.16281107352997085,0.4740646201953926,0.0018018653216018666,0.00012989591328999942,0.0009035146776731013,0.0680453939418356,-0.11095315217971802,0.15278738737106323,-0.180627703666687,0.24285082519054413,0.0035653789527714252,-0.10274791717529297,0.5959500670433044,0.38305968046188354,0.30362415313720703,0.8734176158905029,0.24344033002853394,-0.630220890045166
0.4551758749999989,0.0034223749999999996,133.0,1.68773125131201,-0.11976478201560552,0.47372596109865617,0.0018994394591188046,0.00014652574660760782,0.0009557496451069725,0.0680244757878498,-0.11514586210250854,0.1527920961380005,-0.18322467803955078,0.2374284863471985,0.014099527150392532,-0.07966828346252441,0.6212978959083557,0.3889782428741455,0.338805228471756,0.8868441581726074,0.23903322219848633,-0.6307685971260071
0.4551758749999989,0.0034223749999999996,133.0,1.6434438469366506,-0.07660047922314585,0.4737603243447988,0.0018732461074101666,0.00015507734335524104,0.0009488433449467146,0.06800771296159754,-0.12325343489646912,0.149499773979187,-0.1830998659133911,0.21508583426475525,0.041444845497608185,-0.03993725776672363,0.6600047945976257,0.4178488552570343,0.37099412083625793,0.9246973991394043,0.2823129892349243,-0.6375161409378052
0.4551758749999989,0.0034223749999999996,133.0,1.5965379501475134,-0.02965444985635624,0.47071639897988543,0.0017538905214197706,8.427843684774841e-5,0.0009048791050305701,0.06795526732875352,-0.1516360342502594,0.21003466844558716,-0.18997301161289215,0.3610542416572571,0.05830031633377075,-0.10331940650939941,0.3849726915359497,0.37719690799713135,-0.34448784589767456,1.2137377262115479,0.11360100656747818,-0.7426705956459045
0.4551758749999989,0.0034223749999999996,133.0,1.5477180406388176,0.021671325420934705,0.47122744399886207,0.0001032607578290231,-4.275108538362955e-6,5.531122084563489e-5,0.06769432369683165,-0.20307657122612,0.28208011388778687,-0.17753669619560242,0.4242174029350281,0.019952304661273956,0.07564139366149902,-0.07490649819374084,0.5874729752540588,-1.4720045328140259,1.6814851760864258,0.017764544114470482,-1.014835000038147
0.4551758749999989,0.0034223749999999996,133.0,1.5889701273252563,0.05461215732168179,0.4733676516985707,-0.001712029346426673,-0.00012751278003403924,-0.0009473196323100896,0.0671758244883733,-0.22582674026489258,0.1275264024734497,-0.1823486089706421,0.6352227926254272,-0.16591520607471466,0.18813633918762207,0.9092186689376831,-0.048409342765808105,-0.6407151818275452,1.5301215648651123,-0.012932345271110535,-0.5868838429450989
0.4551758749999989,0.0034223749999999996,133.0,1.6270203924597186,0.10257787918746634,0.4780728266721293,-0.0019361917734661018,1.5057416242594874e-5,-0.0010777370925702458,0.06662485924256518,-0.2924862205982208,0.16219070553779602,-0.11880883574485779,0.9433553814888,-0.39467349648475647,0.4586348533630371,0.4837762117385864,0.06413218379020691,-1.5096435546875,1.9365530014038086,0.3148359954357147,-1.0064504146575928
0.4551758749999989,0.0034223749999999996,133.0,1.666039148546036,0.1493620496427144,0.4832525363786035,-0.0019561688233695825,0.00010568672498443829,-0.0010472157350536139,0.06630966270759096,-0.34937193989753723,0.19734154641628265,-0.049917787313461304,1.2015259265899658,-0.7648841142654419,0.5684784650802612,0.07156015932559967,0.226296067237854,-1.8948997259140015,2.026284694671631,0.5292192101478577,-1.4273189306259155
0.4551758749999989,0.0034223749999999996,133.0,1.7078508445523821,0.19378693786388634,0.4848675662115292,-0.0018550806955127009,0.00011314196637451801,-0.0009732183949813923,0.06623555809504407,-0.3586236536502838,0.21308770775794983,-0.02984297275543213,1.2767601013183594,-0.8623048663139343,0.5750783681869507,0.011714700609445572,0.2551703453063965,-1.9764765501022339,1.9777073860168457,0.5486069321632385,-1.531963586807251
0.4551758749999989,0.0034223749999999996,133.0,1.7495133931220266,0.2365451514869232,0.48582228506307673,-0.001702560021122018,0.00011052692315012497,-0.0008812127881421025,0.06620726137335795,-0.3620811402797699,0.21946175396442413,-0.022279977798461914,1.3010735511779785,-0.9035665988922119,0.5842448472976685,-0.004556691274046898,0.2678891718387604,-2.0019290447235107,1.9527339935302734,0.5724995136260986,-1.5692256689071655
0.4551758749999989,0.0034223749999999996,133.0,1.7903332870510784,0.2780444683215545,0.48582040489235156,-0.0015102818001378308,9.72444678416554e-5,-0.000779909958363424,0.06621068975972207,-0.35986557602882385,0.22322018444538116,-0.01363515853881836,1.339874029159546,-0.9082314372062683,0.5781388282775879,-0.016452426090836525,0.2548784613609314,-2.003880739212036,1.9034943580627441,0.6108605861663818,-1.5951601266860962
0.4551758749999989,0.0034223749999999996,133.0,1.8306870533230903,0.31865979429820734,0.4860036862478924,-0.0014236101173315582,8.836399860640537e-5,-0.0007301747737795071,0.06620504995291598,-0.36159446835517883,0.22580018639564514,-0.01376807689666748,1.3352726697921753,-0.9274311661720276,0.5962001085281372,0.01472390629351139,0.26610708236694336,-2.019409656524658,1.8916378021240234,0.6314305663108826,-1.6020429134368896
0.4551758749999989,0.0034223749999999996,133.0,1.8703499018920664,0.35849849089830443,0.4865569148054124,-0.001220816387846147,7.54914764340244e-5,-0.0006186590645517642,0.06618683489457285,-0.36203107237815857,0.2289508432149887,-0.009084045886993408,1.3544321060180664,-0.9447838664054871,0.6042498350143433,0.02047879435122013,0.2663463354110718,-2.0324602127075195,1.8600339889526367,0.661140501499176,-1.6216503381729126
0.4551758749999989,0.0034223749999999996,133.0,1.9089470629395364,0.39747758934141353,0.4868608120606282,-0.0010639147348843762,6.507803875901015e-5,-0.00053491091131035,0.06617938211548233,-0.3598422706127167,0.23175305128097534,-0.0016687214374542236,1.3899891376495361,-0.944725751876831,0.6005315780639648,0.020470786839723587,0.2508409917354584,-2.037566900253296,1.8136091232299805,0.6986808180809021,-1.6418483257293701
0.4551758749999989,0.0034223749999999996,133.0,1.9467125817166604,0.43561760867093846,0.4871622256423421,-0.0008662939483706329,5.2526630533236366e-5,-0.00043218978027205,0.06617226006135189,-0.3581882417201996,0.23447267711162567,0.006331771612167358,1.4254971742630005,-0.9539270401000977,0.5934557914733887,0.008188948035240173,0.23904088139533997,-2.0409436225891113,1.7651591300964355,0.736958920955658,-1.6656889915466309
0.4551758749999989,0.0034223749999999996,133.0,1.98366007451897,0.4728979829259039,0.4874446139443706,-0.0006903932688814874,4.142465933820542e-5,-0.0003419120580172274,0.06616612353452395,-0.3598177134990692,0.23659665882587433,0.0053095221519470215,1.4193692207336426,-0.9709094166755676,0.6128838062286377,0.04377652332186699,0.24860796332359314,-2.0598621368408203,1.7526969909667969,0.7582111358642578,-1.669421911239624
0.4551758749999989,0.0034223749999999996,133.0,2.019763811749643,0.5093349673623083,0.4876957517772092,-0.0005221404217269723,3.092640887536235e-5,-0.00025682464985782576,0.06616022552029317,-0.3597063720226288,0.23861949145793915,0.008075952529907227,1.4311590194702148,-0.9787116050720215,0.6187578439712524,0.05583387240767479,0.24625861644744873,-2.065959930419922,1.7271027565002441,0.7827944755554199,-1.6790285110473633
0.4551758749999989,0.0034223749999999996,133.0,2.055043611799329,0.5449159541064482,0.4879096846889257,-0.00035930740001904784,2.094908948351812e-5,-0.00017561389330045767,0.06615494256661937,-0.35956814885139465,0.24034707248210907,0.010132282972335815,1.4408502578735352,-0.9814291000366211,0.624251127243042,0.06937715411186218,0.24273142218589783,-2.0688557624816895,1.7053422927856445,0.8040714859962463,-1.6853374242782593
0.4551758749999989,0.0034223749999999996,133.0,2.0894533008409333,0.5796633154968406,0.4881062171988901,-0.0002017538080937795,1.153868889046855e-5,-9.806060692978412e-5,0.0661478455723706,-0.35964152216911316,0.24208886921405792,0.012212663888931274,1.4506219625473022,-0.9821673631668091,0.6288535594940186,0.08046257495880127,0.23890024423599243,-2.070910692214966,1.6856346130371094,0.8228471279144287,-1.6914072036743164
0.4551758749999989,0.0034223749999999996,133.0,2.122651438279628,0.6136086144125132,0.48805073451740655,-6.019022351381104e-5,3.3518218858119094e-6,-2.9217591807757126e-5,0.06614114373770057,-0.3631145656108856,0.24452616274356842,0.010601192712783813,1.4391016960144043,-0.9985666871070862,0.652446985244751,0.10164031386375427,0.25342005491256714,-2.0831711292266846,1.6885671615600586,0.8251746892929077,-1.6945860385894775
0.4551758749999989,0.0034223749999999996,133.0,2.1549802529254602,0.6467827442391298,0.48823517024922375,0.0001300615279173055,-7.206968537718688e-6,6.287079265726057e-5,0.06612469581237533,-0.36653849482536316,0.24709255993366241,0.011392176151275635,1.4396148920059204,-1.0129902362823486,0.6693671941757202,0.10538096725940704,0.2624800205230713,-2.0918304920196533,1.6861343383789062,0.8276996612548828,-1.7042698860168457
0.4551758749999989,0.0034223749999999996,133.0,2.187365335262997,0.677059375392966,0.4860765161918775,0.0003068416198328388,-1.5575645412391597e-5,0.00014659334121541441,0.06628102804938704,-0.36197683215141296,0.24745893478393555,0.01753118634223938,1.4577488899230957,-1.0220725536346436,0.6438218355178833,0.0852074921131134,0.2544826567173004,-2.0737972259521484,1.6407275199890137,0.8703132271766663,-1.714484691619873
0.4551758749999989,0.0034223749999999996,133.0,2.218111986259172,0.708539664181797,0.48624515090119474,0.00048565559341711675,-2.4575079510475404e-5,0.00023101065508825198,0.06627195107001987,-0.36515697836875916,0.2499731183052063,0.019052833318710327,1.4588210582733154,-1.0452574491500854,0.6620550155639648,0.0926668643951416,0.265095055103302,-2.088959217071533,1.632120132446289,0.8826081156730652,-1.7263288497924805
0.4551758749999989,0.0034223749999999996,133.0,2.2485021875838815,0.7391159313689849,0.48678441495319846,0.000698520103819942,-3.488360263606604e-5,0.000328952336355629,0.0662540945273423,-0.3638339340686798,0.25154027342796326,0.02458399534225464,1.487721562385559,-1.0377447605133057,0.6581089496612549,0.10002388060092926,0.24653908610343933,-2.097273588180542,1.5988430976867676,0.9126179218292236,-1.7367613315582275
0.4551758749999989,0.0034223749999999996,133.0,2.2780936138257895,0.7688002529257526,0.4871619895245582,0.0008510065034326992,-4.155099751609217e-5,0.00039751624649784974,0.06624559051249908,-0.3624536097049713,0.2526843845844269,0.028723478317260742,1.5081169605255127,-1.0339375734329224,0.655948281288147,0.11355386674404144,0.23209941387176514,-2.1044394969940186,1.5678465366363525,0.9435423612594604,-1.7428408861160278
0.4551758749999989,0.0034223749999999996,133.0,2.3068108364193582,0.7976853367006572,0.48777132864307615,0.0010463192537246457,-5.1796796695598114e-5,0.0004841689500192714,0.06623180270570836,-0.3617096245288849,0.2540823221206665,0.03547891974449158,1.5365619659423828,-1.038021206855774,0.6458392143249512,0.10090997815132141,0.21925699710845947,-2.1059539318084717,1.5349254608154297,0.9727847576141357,-1.7584624290466309
0.4551758749999989,0.0034223749999999996,133.0,2.334405502293669,0.8257227254597407,0.4878812150038667,0.001196247064330913,-5.916564915262134e-5,0.0005516339341345766,0.06623155842039344,-0.3639030158519745,0.2558490037918091,0.03626042604446411,1.532757043838501,-1.0618332624435425,0.6618630886077881,0.1129327118396759,0.230200856924057,-2.1182384490966797,1.5241129398345947,0.9899260997772217,-1.7657885551452637
0.4551758749999989,0.0034223749999999996,133.0,2.361370170281126,0.8528901933289057,0.4882207900132166,0.0013644044592138224,-6.758205604185634e-5,0.0006250539951419454,0.06622599020322127,-0.3640212118625641,0.257143497467041,0.04170787334442139,1.5528782606124878,-1.0709359645843506,0.6550455093383789,0.10038536787033081,0.22375047206878662,-2.1182968616485596,1.4979016780853271,1.0130033493041992,-1.7794883251190186
0.4551758749999989,0.0034223749999999996,133.0,2.3876725529321896,0.8791241861722643,0.4882723268248477,0.0015652643943798584,-7.407672685083001e-5,0.0007141799837078137,0.06622685677398293,-0.3628760278224945,0.25782719254493713,0.04352053999900818,1.563075304031372,-1.0660226345062256,0.6561795473098755,0.11945797502994537,0.21300795674324036,-2.124236583709717,1.475200891494751,1.0362881422042847,-1.7790770530700684
0.4551758749999989,0.0034223749999999996,133.0,2.4129958464773895,0.9046000214443869,0.48844143835949533,0.0017696705205318638,-8.278894933199968e-5,0.0008040386273810707,0.06622185331257309,-0.3627345860004425,0.25890645384788513,0.04706379771232605,1.578246831893921,-1.0662434101104736,0.6516299247741699,0.11518594622612,0.2055756151676178,-2.1242051124572754,1.4562969207763672,1.0528008937835693,-1.7868385314941406
0.4551758749999989,0.0034223749999999996,133.0,2.4372724261714396,0.9292809311695438,0.4886119693547041,0.0019968292423132813,-9.364076504886376e-5,0.0009037764843495453,0.06621738477873519,-0.36434701085090637,0.260142982006073,0.04665350914001465,1.5749671459197998,-1.076594591140747,0.6669905185699463,0.1319868564605713,0.21024486422538757,-2.1335713863372803,1.4490923881530762,1.0625039339065552,-1.788388967514038
0.4551758749999989,0.0034223749999999996,133.0,2.4607460594025046,0.95309683222364,0.4885967454183477,0.002164609167700683,-0.00010033675383605956,0.0009781873783273002,0.06621723256168036,-0.3660350739955902,0.26137739419937134,0.0467066764831543,1.572011947631836,-1.0885447263717651,0.6790345907211304,0.14126978814601898,0.21641194820404053,-2.1391427516937256,1.4427103996276855,1.071376919746399,-1.7917263507843018
0.4551758749999989,0.0034223749999999996,133.0,2.483317604647885,0.9760945309540434,0.48859155031712737,0.0023782831084218792,-0.00010883825448063032,0.0010729520625147547,0.06621557193343433,-0.367924302816391,0.26274004578590393,0.04602143168449402,1.5662472248077393,-1.1000999212265015,0.695325493812561,0.15647584199905396,0.22337841987609863,-2.1482772827148438,1.4384102821350098,1.0786190032958984,-1.7930824756622314
0.4551758749999989,0.0034223749999999996,133.0,2.505198463922238,0.9982310062415488,0.4886551114906521,0.0025952560753703777,-0.00011783783864053827,0.0011679933525788606,0.06621383458951824,-0.3669638931751251,0.263299822807312,0.04986509680747986,1.5843979120254517,-1.0955055952072144,0.6863727569580078,0.15333977341651917,0.21098926663398743,-2.1481659412384033,1.416471242904663,1.098205327987671,-1.7988636493682861
0.4551758749999989,0.0034223749999999996,133.0,2.526264284647216,1.019548573350882,0.4887311743613742,0.002824513309280167,-0.00012662079642982568,0.0012679921249113305,0.06620985565871415,-0.3700660169124603,0.2650364935398102,0.047629326581954956,1.5686010122299194,-1.118030309677124,0.7136657238006592,0.17269369959831238,0.227618008852005,-2.162383556365967,1.4185452461242676,1.1007691621780396,-1.7999088764190674
0.4551758749999989,0.0034223749999999996,133.0,2.546704451440597,1.039993442967951,0.4893371032863262,0.003059797164183964,-0.0001430036660119369,0.0013605365028904958,0.06619591550067203,-0.368476539850235,0.26560133695602417,0.054271191358566284,1.6014153957366943,-1.1040316820144653,0.6913748979568481,0.1547088772058487,0.20581868290901184,-2.1595449447631836,1.3929290771484375,1.1212438344955444,-1.8108294010162354
0.4551758749999989,0.0034223749999999996,133.0,2.566135402538778,1.0597120020501098,0.48976244300645216,0.0032414986136063695,-0.0001519743477761411,0.0014346131299849399,0.06618644993264361,-0.36910679936408997,0.2666865289211273,0.058100491762161255,1.616938591003418,-1.1059863567352295,0.6861293315887451,0.14522798359394073,0.19952866435050964,-2.16202712059021,1.378523349761963,1.1331284046173096,-1.820056438446045
0.4551758749999989,0.0034223749999999996,133.0,2.584864779525255,1.0784985148485413,0.4902206586856693,0.0034482993037964955,-0.0001633568492697188,0.0015160945400058024,0.06617648451117945,-0.36945274472236633,0.267423152923584,0.0606500506401062,1.628373384475708,-1.106791615486145,0.6857248544692993,0.1472974419593811,0.1926080882549286,-2.166975975036621,1.3634474277496338,1.14656662940979,-1.8246228694915771
0.4551758749999989,0.0034223749999999996,133.0,2.602230423070279,1.0965284530338388,0.4899982931562328,0.003623107036433582,-0.00017344675763729525,0.0015955151811754115,0.06618344134123012,-0.37240269780158997,0.26899078488349915,0.06143921613693237,1.6226712465286255,-1.1315747499465942,0.6971002817153931,0.1368241161108017,0.20823949575424194,-2.1701080799102783,1.363013505935669,1.1468321084976196,-1.8346319198608398
0.4551758749999989,0.0034223749999999996,133.0,2.61931360677181,1.113605396341232,0.49018644761565344,0.0038320699787121526,-0.00018112147379346517,0.0016806990842945407,0.06617883069762101,-0.37217047810554504,0.26953816413879395,0.06350603699684143,1.6325010061264038,-1.1298052072525024,0.6959203481674194,0.14178381860256195,0.20062142610549927,-2.1745548248291016,1.348172903060913,1.1602246761322021,-1.8369019031524658
0.4551758749999989,0.0034223749999999996,133.0,2.6353651073805446,1.1298908442861935,0.4903593498861791,0.004015724154822811,-0.00019078903574959411,0.001756063759574196,0.06617539803113409,-0.37425950169563293,0.27058663964271545,0.06449225544929504,1.6307567358016968,-1.150390625,0.706758975982666,0.13971130549907684,0.21024248003959656,-2.1806416511535645,1.3414273262023926,1.1664472818374634,-1.844878911972046
0.4551758749999989,0.0034223749999999996,133.0,2.6505630560284787,1.1452413530710948,0.4901276369483509,0.004196611190311276,-0.00019757277197087467,0.0018328199098851911,0.0661815377348019,-0.37294867634773254,0.27061453461647034,0.06652948260307312,1.6400039196014404,-1.1483932733535767,0.7028564214706421,0.14722022414207458,0.2011013925075531,-2.1834397315979004,1.3229014873504639,1.184685468673706,-1.8450415134429932
0.4551758749999989,0.0034223749999999996,133.0,2.6650846883339416,1.1598050337210968,0.49035776233831424,0.004340844647431914,-0.0002056147254975878,0.0018881792434891408,0.06617988465175781,-0.37443801760673523,0.27132415771484375,0.06650784611701965,1.6328045129776,-1.1716121435165405,0.7173299789428711,0.15380804240703583,0.21314123272895813,-2.191390037536621,1.316331386566162,1.1959333419799805,-1.85001540184021
0.4551758749999989,0.0034223749999999996,133.0,2.6786283398082036,1.1735432061653928,0.490473206187576,0.004468958089558634,-0.00021662138818647644,0.0019385807720963466,0.06618593947740645,-0.3756618797779083,0.27167215943336487,0.0680142343044281,1.6292026042938232,-1.2025138139724731,0.7246392965316772,0.14700916409492493,0.22732508182525635,-2.1960599422454834,1.3048348426818848,1.213865041732788,-1.8606905937194824
0.4551758749999989,0.0034223749999999996,133.0,2.6917718134133706,1.1863766403931213,0.4909260609221533,0.004609055966007189,-0.00022828925759725622,0.001986331746024257,0.06618419321982094,-0.3741517961025238,0.2712389826774597,0.07154133915901184,1.6420615911483765,-1.2097431421279907,0.7145580053329468,0.13942579925060272,0.22205400466918945,-2.1981499195098877,1.283522129058838,1.2397427558898926,-1.8682711124420166
0.4551758749999989,0.0034223749999999996,133.0,2.7041984718353627,1.1983180844187344,0.4910094833241144,0.004756120777236258,-0.00022523000942874412,0.0020412857916180375,0.06618605465425227,-0.36904552578926086,0.27001339197158813,0.07575258612632751,1.6687648296356201,-1.1779907941818237,0.6879746913909912,0.14999926090240479,0.18923437595367432,-2.1964101791381836,1.253084421157837,1.2703943252563477,-1.8620901107788086
0.4551758749999989,0.0034223749999999996,133.0,2.715920772301681,1.209388055194744,0.4913474043870348,0.0049084263297983054,-0.00022798374289727252,0.002092168006046601,0.0661828406118637,-0.3650988042354584,0.26907166838645935,0.0785466730594635,1.6873095035552979,-1.1547644138336182,0.6710690259933472,0.16328079998493195,0.16492119431495667,-2.1985602378845215,1.2289495468139648,1.296502709388733,-1.856297492980957
0.4551758749999989,0.0034223749999999996,133.0,2.726868287252047,1.2196220734034124,0.4915669399708845,0.005054800463112042,-0.00022413353098601582,0.0021420078774424044,0.06618159508267045,-0.3595813810825348,0.26766830682754517,0.0819043219089508,1.7127668857574463,-1.1141632795333862,0.6450461149215698,0.18187563121318817,0.1280854046344757,-2.197920083999634,1.2008039951324463,1.3241695165634155,-1.8448481559753418
0.4551758749999989,0.0034223749999999996,133.0,2.7367880620216174,1.2291268560215027,0.4917776912592091,0.005220330724455567,-0.00022168707853378308,0.0022042644298801662,0.06618140526451506,-0.35550299286842346,0.26660558581352234,0.08450338244438171,1.7314481735229492,-1.0863122940063477,0.6270545721054077,0.19748644530773163,0.10124841332435608,-2.19981050491333,1.1772491931915283,1.3478935956954956,-1.8366572856903076
0.4551758749999989,0.0034223749999999996,133.0,2.745219324025462,1.2399682978014652,0.49475265080121933,0.005466965669072656,-0.0002456654036220667,0.0022949323239529577,0.06598823773550692,-0.3581754267215729,0.26809558272361755,0.08317205309867859,1.7456680536270142,-1.059988021850586,0.6530840396881104,0.23770421743392944,0.0843992829322815,-2.2325704097747803,1.1846332550048828,1.34026038646698,-1.8340814113616943
0.4551758749999989,0.0034223749999999996,133.0,2.7537593173586923,1.2477234454123924,0.49522201868545274,0.005723445517564248,-0.00025165482816451117,0.002387314801723606,0.06598423154404313,-0.3527067005634308,0.2667403221130371,0.08721432089805603,1.7752981185913086,-1.012656331062317,0.6191458702087402,0.24540142714977264,0.0449596643447876,-2.2286646366119385,1.160273551940918,1.359117031097412,-1.824084997177124
0.4551758749999989,0.0034223749999999996,133.0,2.7611273171303896,1.2546800430428737,0.49527326022236073,0.00611193343654251,-0.00026048956969405417,0.0025412983332960544,0.06598674520454277,-0.3496062457561493,0.26602309942245483,0.08842805027961731,1.7847551107406616,-0.9978662729263306,0.6103094816207886,0.25883200764656067,0.02961146831512451,-2.233527421951294,1.1416409015655518,1.3769874572753906,-1.8182134628295898
0.4551758749999989,0.0034223749999999996,133.0,2.767802255881941,1.2608383022299643,0.4954880608031863,0.006762086020390993,-0.00028176287391268106,0.002798940142836163,0.06598580853969355,-0.345915287733078,0.2653340697288513,0.08894851803779602,1.7961511611938477,-0.972023069858551,0.6017642021179199,0.27891409397125244,0.008693516254425049,-2.241041898727417,1.1245229244232178,1.3908671140670776,-1.8086998462677002
0.4551758749999989,0.0034223749999999996,133.0,2.773584367564677,1.2662123124227138,0.49545860238128153,0.008234650365836373,-0.00033583828933261064,0.003393710137800252,0.06598878626999276,-0.3422921597957611,0.265209823846817,0.09031203389167786,1.8099699020385742,-0.9563686847686768,0.5939736366271973,0.28816401958465576,-0.007648825645446777,-2.254836320877075,1.10121488571167,1.4037318229675293,-1.8062021732330322
0.4551758749999989,0.0034223749999999996,133.0,2.7786111349456197,1.2712812636991853,0.49564194717754056,0.015318519358869636,-0.0006725027517170578,0.006190811185439733,0.06597070777854142,-0.3383093774318695,0.26873716711997986,0.09163746237754822,1.83687424659729,-0.9698053002357483,0.620843768119812,0.2965746521949768,-0.012389123439788818,-2.3330771923065186,1.0414643287658691,1.412047028541565,-1.8287303447723389
0.4551758749999989,0.0034223749999999996,133.0,2.7745674553047497,-1.2329498663962348,0.4659637126453831,-0.01383456441111046,-0.0004119790501966405,-0.006819136813293971,0.06839754505356653,-0.057285845279693604,0.14400725066661835,-0.12962070107460022,0.33731451630592346,0.02430715784430504,-0.6601729393005371,0.28234079480171204,0.4305766522884369,-0.1431683748960495,0.7254412174224854,0.4521952271461487,-0.7711136937141418
0.4551758749999989,0.0034223749999999996,133.0,2.769980703052666,-1.228029920485648,0.4663358294791109,-0.007470411492208528,-0.0001775420960842621,-0.003680545097465594,0.06836274764052518,-0.05773782730102539,0.14875923097133636,-0.12626200914382935,0.3549688756465912,-0.022657040506601334,-0.653618335723877,0.27051621675491333,0.41107872128486633,-0.20582066476345062,0.7405822277069092,0.43530037999153137,-0.769166111946106
0.4551758749999989,0.0034223749999999996,133.0,2.7644562889933875,-1.2225462764710406,0.4663150976237184,-0.0061387379499736,-0.00014230325398040833,-0.0030212916844026107,0.06834788174042322,-0.05949804186820984,0.14932917058467865,-0.12550657987594604,0.35481423139572144,-0.022048361599445343,-0.6353719234466553,0.2686624526977539,0.4076196849346161,-0.19547240436077118,0.7466354370117188,0.3997288644313812,-0.7655541300773621
0.4551758749999989,0.0034223749999999996,133.0,2.7582517024771436,-1.216502073749993,0.46632340641984465,-0.005552185719535004,-0.0001285442729692393,-0.002730461885663619,0.06834291630744514,-0.05973753333091736,0.14782556891441345,-0.12517660856246948,0.3492753803730011,-0.022688135504722595,-0.6218874454498291,0.27079126238822937,0.4063306450843811,-0.17998133599758148,0.7475144863128662,0.3869458734989166,-0.7587188482284546
0.4551758749999989,0.0034223749999999996,133.0,2.751066704595442,-1.2094990482490602,0.46627498564899844,-0.005212268160941929,-0.00012630168441008375,-0.0025610985096987298,0.06833301514159025,-0.06099724769592285,0.14717869460582733,-0.12520185112953186,0.34487733244895935,-0.017135314643383026,-0.6013598442077637,0.2731124460697174,0.40568944811820984,-0.1533101350069046,0.748765230178833,0.3539738953113556,-0.753681480884552
0.4551758749999989,0.0034223749999999996,133.0,2.7423283163286083,-1.2033324846162912,0.4637045274892314,-0.004972115298996456,-0.00017489535942169618,-0.00243953312974552,0.06840556662427748,-0.06104585528373718,0.1455020010471344,-0.12497943639755249,0.34090152382850647,-0.011063349433243275,-0.5920653343200684,0.2790987491607666,0.4049069881439209,-0.12893788516521454,0.7438628673553467,0.3356762230396271,-0.748932957649231
0.4551758749999989,0.0034223749999999996,133.0,2.733550820589915,-1.194950514953699,0.46370178984886934,-0.004775612914162017,-0.00017576484773154357,-0.0023428815593746705,0.06839942764552523,-0.062143951654434204,0.14288204908370972,-0.12398788332939148,0.33008599281311035,-0.004017250146716833,-0.5637228488922119,0.2838522493839264,0.4086553454399109,-0.09489874541759491,0.7457070350646973,0.31275370717048645,-0.7418718338012695
0.4551758749999989,0.0034223749999999996,133.0,2.723986756496881,-1.1855668285794319,0.4635736235858292,-0.004628925476214024,-0.00017471883460988883,-0.00226656433576355,0.06839464888361606,-0.06260654330253601,0.1419622004032135,-0.12461826205253601,0.325765460729599,-0.0003307722508907318,-0.5462198257446289,0.28857800364494324,0.4076918363571167,-0.06861765682697296,0.7419235706329346,0.28841570019721985,-0.736579418182373
0.4551758749999989,0.0034223749999999996,133.0,2.7135187342429195,-1.1753252856080738,0.4635109348751657,-0.004498266397309682,-0.00017623976636917785,-0.002197413231813662,0.0683867739752195,-0.06386810541152954,0.1405247449874878,-0.12456491589546204,0.31863701343536377,0.00804106891155243,-0.5176966190338135,0.2947518825531006,0.4096660315990448,-0.0304719191044569,0.7394418716430664,0.2538933753967285,-0.7314186096191406
0.4551758749999989,0.0034223749999999996,133.0,2.702295569534728,-1.1644295548908754,0.4635671078569342,-0.004365915553715618,-0.0001791517936203624,-0.002130754458526852,0.0683822980060639,-0.06420835852622986,0.13721396028995514,-0.12350726127624512,0.3060067892074585,0.013407804071903229,-0.48685550689697266,0.3014686405658722,0.41479775309562683,0.0053818970918655396,0.7367229461669922,0.23852533102035522,-0.7239052653312683
0.4551758749999989,0.0034223749999999996,133.0,2.6903046055411406,-1.1525379990596876,0.46352414115191015,-0.004243833042447651,-0.0001788375014616494,-0.002067416037414538,0.06837994646191767,-0.06418251991271973,0.13653801381587982,-0.12454810738563538,0.30246827006340027,0.014117966406047344,-0.4705159664154053,0.30712762475013733,0.4133980870246887,0.029115857556462288,0.7298665046691895,0.2191390097141266,-0.7189467549324036
0.4551758749999989,0.0034223749999999996,133.0,2.6775097258287075,-1.1397994024323306,0.463370977716153,-0.004120540259458427,-0.00017601451544237623,-0.001999859606220166,0.0683791153681951,-0.06337630748748779,0.1346694529056549,-0.12550336122512817,0.29674404859542847,0.014940187335014343,-0.4555339813232422,0.31380417943000793,0.4118131399154663,0.05623330920934677,0.7201273441314697,0.2063504457473755,-0.7116040587425232
0.4551758749999989,0.0034223749999999996,133.0,2.6639967280525125,-1.1261526960508395,0.4632061949395478,-0.004012663301116849,-0.0001706248250180114,-0.0019443253614570334,0.0683822450752181,-0.06166350841522217,0.13346391916275024,-0.12713545560836792,0.2942023277282715,0.008657112717628479,-0.4544687271118164,0.3158071041107178,0.40669041872024536,0.06873554736375809,0.7102887630462646,0.20668984949588776,-0.7038857340812683
0.4551758749999989,0.0034223749999999996,133.0,2.6496237921199177,-1.1116400040163308,0.4630259579225008,-0.0038755666352176844,-0.0001628845425268464,-0.0018750495003528856,0.0683848749960113,-0.06006866693496704,0.13401676714420319,-0.1293078064918518,0.2965485453605652,-0.0026108291931450367,-0.46290111541748047,0.31661155819892883,0.3991415798664093,0.0639406368136406,0.7038347721099854,0.21490365266799927,-0.6986503601074219
0.4551758749999989,0.0034223749999999996,133.0,2.634273880820103,-1.0962632692517869,0.4628610590759008,-0.0037007752596904817,-0.00015869011024742215,-0.0017917271819126647,0.06838220512205069,-0.06040990352630615,0.13439974188804626,-0.13059738278388977,0.29636162519454956,-0.003783651627600193,-0.4551854133605957,0.320671021938324,0.3967350125312805,0.07481412589550018,0.7010164260864258,0.2057969868183136,-0.69605553150177
0.4551758749999989,0.0034223749999999996,133.0,2.6180480049330552,-1.0800089115168066,0.46272033144875,-0.003538717950089728,-0.0001511601633025334,-0.001711540631001936,0.0683786375318317,-0.06086006760597229,0.135649636387825,-0.1322295069694519,0.29903271794319153,-0.006167544052004814,-0.4554932117462158,0.3224123418331146,0.392474502325058,0.07767869532108307,0.7006242275238037,0.20175667107105255,-0.694464385509491
0.4551758749999989,0.0034223749999999996,133.0,2.6009757665912403,-1.0630207566047531,0.46267426930587513,-0.003352996943340062,-0.00014529869725521158,-0.0016230992553886855,0.06837403650699515,-0.061865806579589844,0.13611972332000732,-0.13278189301490784,0.2977854311466217,-0.006697353906929493,-0.4449286460876465,0.3273000121116638,0.39285725355148315,0.08150911331176758,0.7034127712249756,0.20072180032730103,-0.693638265132904
0.4551758749999989,0.0034223749999999996,133.0,2.5831373147779786,-1.0450594496231704,0.46254683026521043,-0.0031765797934196894,-0.00013520047146458122,-0.0015398717278964295,0.06837262563580715,-0.06188678741455078,0.1380888670682907,-0.1343715488910675,0.30303335189819336,-0.015628214925527573,-0.4596242904663086,0.32750403881073,0.38719916343688965,0.05608201026916504,0.7087810039520264,0.2232816070318222,-0.6932756900787354
0.4551758749999989,0.0034223749999999996,133.0,2.5643013495320774,-1.0262186536776956,0.46242385298370714,-0.0029945679808759057,-0.00012889274419719147,-0.001450863750961021,0.06836414230919978,-0.06355753540992737,0.13875502347946167,-0.1353256106376648,0.3022799789905548,-0.011892539449036121,-0.44632411003112793,0.333670973777771,0.38726940751075745,0.06908510625362396,0.7112226486206055,0.21172022819519043,-0.6926295161247253
0.4551758749999989,0.0034223749999999996,133.0,2.544718455874974,-1.0066993715285126,0.46231817461920705,-0.0028309199472428843,-0.00012481476775078154,-0.0013727087701496292,0.06835881564687973,-0.06450244784355164,0.1391368806362152,-0.13624194264411926,0.3008754253387451,-0.012057709507644176,-0.43584752082824707,0.3396739065647125,0.38687974214553833,0.07522083818912506,0.7132723331451416,0.20962989330291748,-0.6908717751502991
0.4551758749999989,0.0034223749999999996,133.0,2.524334724189801,-0.9862436742281381,0.462184552964413,-0.0026162488055895966,-0.00011515374129574881,-0.0012701284843894514,0.068354438274785,-0.0652550756931305,0.14050069451332092,-0.13759255409240723,0.30335989594459534,-0.015588846988976002,-0.4371521472930908,0.34294167160987854,0.38336557149887085,0.06751356273889542,0.7174580097198486,0.2165142148733139,-0.6898781061172485
0.4551758749999989,0.0034223749999999996,133.0,2.503071247380989,-0.9654837037533317,0.4622962445298075,-0.0024029445669616458,-0.00011067836163304241,-0.001168006544618328,0.06834972072844736,-0.06644481420516968,0.1366748809814453,-0.1361280381679535,0.28854191303253174,-0.007218805141746998,-0.4040384292602539,0.3502468466758728,0.39324694871902466,0.0981864258646965,0.7209489345550537,0.21919703483581543,-0.6849647164344788
0.4551758749999989,0.0034223749999999996,133.0,2.4809676170461787,-0.9433462614793556,0.46213403966982786,-0.0022011558035599206,-0.00010052156652426626,-0.001070028494486407,0.06834427388106865,-0.06747907400131226,0.13818611204624176,-0.1377069056034088,0.29104509949684143,-0.010843347758054733,-0.4041633605957031,0.3552119731903076,0.39024925231933594,0.08973082154989243,0.7256686687469482,0.22644034028053284,-0.6845265626907349
0.4551758749999989,0.0034223749999999996,133.0,2.457945757856767,-0.9203043520397878,0.46192426722486085,-0.0020001634970000207,-9.219770547155015e-5,-0.0009718889957740616,0.0683354819056385,-0.06950509548187256,0.14046260714530945,-0.13976189494132996,0.29498186707496643,-0.010690734721720219,-0.39933156967163086,0.36261510848999023,0.387394517660141,0.08979451656341553,0.7303290367126465,0.22003060579299927,-0.6856746673583984
0.4551758749999989,0.0034223749999999996,133.0,2.4340327227911125,-0.8962364291135916,0.4615830328633611,-0.0018393288534334533,-8.500868218446497e-5,-0.0008928261926994566,0.06832496091059749,-0.07202601432800293,0.14475546777248383,-0.143079936504364,0.30529922246932983,-0.010964389890432358,-0.4022958278656006,0.36888110637664795,0.3794730305671692,0.08644931018352509,0.734609842300415,0.20312611758708954,-0.6881304383277893
0.4551758749999989,0.0034223749999999996,133.0,2.409423771159046,-0.8715328817106436,0.46140533959470825,-0.0016414253886999992,-7.492536434640037e-5,-0.0007981121400129179,0.068318523998924,-0.07348069548606873,0.1471976637840271,-0.1447766125202179,0.31004610657691956,-0.0153108024969697,-0.40536046028137207,0.3725176155567169,0.37526488304138184,0.06906864047050476,0.7424054145812988,0.21313436329364777,-0.6887392997741699
0.4551758749999989,0.0034223749999999996,133.0,2.383926888612849,-0.846178882348076,0.46138505151835607,-0.001457977266671857,-6.936555064560073e-5,-0.0007110709864855956,0.06830995927667348,-0.07515159249305725,0.14717884361743927,-0.14557886123657227,0.30620497465133667,-0.013791688717901707,-0.39070582389831543,0.3799624741077423,0.3772697448730469,0.0759788304567337,0.7484626770019531,0.2173927128314972,-0.6869650483131409
0.4551758749999989,0.0034223749999999996,133.0,2.357661242421146,-0.8201743606750287,0.4613262286116867,-0.00127715213518761,-6.24120662027446e-5,-0.0006233191309232107,0.06830433544630453,-0.07648301124572754,0.14582476019859314,-0.14606571197509766,0.29862627387046814,-0.010908563621342182,-0.37099289894104004,0.3886067867279053,0.3814498782157898,0.0923537015914917,0.7529580593109131,0.22250480949878693,-0.683607280254364
0.4551758749999989,0.0034223749999999996,133.0,2.3305944286564215,-0.7931908427368144,0.4611754330854207,-0.001127283143158493,-5.63017775353314e-5,-0.0005503887766956769,0.06829861694327513,-0.07738536596298218,0.14586851000785828,-0.1475697159767151,0.2955288290977478,-0.01164763979613781,-0.3577735424041748,0.3959521949291229,0.38071054220199585,0.10462348908185959,0.754746675491333,0.2207426130771637,-0.6797881722450256
0.4551758749999989,0.0034223749999999996,133.0,2.3027854743167895,-0.7654255559334462,0.4610215977084278,-0.0009936665284871766,-5.018460045659841e-5,-0.00048547175421115383,0.06829612177472878,-0.07739296555519104,0.1454930603504181,-0.14900478720664978,0.29185351729393005,-0.016109663993120193,-0.3492565155029297,0.40125003457069397,0.3790040612220764,0.11019326746463776,0.7555396556854248,0.22788983583450317,-0.6744107604026794
0.4551758749999989,0.0034223749999999996,133.0,2.27399579049016,-0.7368406162884327,0.46084603398759816,-0.0008205139476867608,-4.205001166326818e-5,-0.00040004568486572747,0.06828985708191823,-0.07890051603317261,0.14499729871749878,-0.15055423974990845,0.2870645821094513,-0.01290273666381836,-0.3302578926086426,0.4102879464626312,0.3802245259284973,0.13704560697078705,0.7570750713348389,0.21924033761024475,-0.6708420515060425
0.4551758749999989,0.0034223749999999996,133.0,2.244381591580445,-0.7074893209913286,0.46073098485791447,-0.0006888475565793949,-3.6505638152476206e-5,-0.0003357864073169676,0.0682840484461956,-0.08034217357635498,0.14387403428554535,-0.15156137943267822,0.2796372175216675,-0.00961802527308464,-0.3082718849182129,0.42085880041122437,0.38437414169311523,0.1615041196346283,0.7600009441375732,0.2186020314693451,-0.6675851941108704
0.4551758749999989,0.0034223749999999996,133.0,2.213909264410695,-0.6771521480745799,0.46056782114554334,-0.0005170611496338177,-2.8182600289855132e-5,-0.0002523466748926171,0.06827594217677384,-0.08210274577140808,0.14434657990932465,-0.15303745865821838,0.2769760489463806,-0.008725034072995186,-0.293978214263916,0.4301850497722626,0.38502073287963867,0.1709073781967163,0.7657556533813477,0.21994681656360626,-0.6656200289726257
0.4551758749999989,0.0034223749999999996,133.0,2.182640649503455,-0.6457578744445679,0.46033321247553216,-0.00032485132162748736,-1.736952604421155e-5,-0.00015858942049217937,0.06826749690034968,-0.08363601565361023,0.14710085093975067,-0.155421644449234,0.2823735773563385,-0.012890643440186977,-0.2957942485809326,0.4336623251438141,0.3774477541446686,0.1583976149559021,0.7735576629638672,0.22216518223285675,-0.663491427898407
0.4551758749999989,0.0034223749999999996,133.0,2.1504907561859046,-0.6135921259708177,0.46012661451432635,-0.00015182943135058923,-8.224638350908252e-6,-7.430358194451388e-5,0.06825707132455008,-0.08567053079605103,0.14920024573802948,-0.15743586421012878,0.284891813993454,-0.013102534227073193,-0.2900371551513672,0.43994805216789246,0.37312453985214233,0.15437063574790955,0.7820868492126465,0.222375750541687,-0.6617428660392761
0.4551758749999989,0.0034223749999999996,133.0,2.1174983440847277,-0.5809994020189058,0.4600468966627023,1.6831337312783105e-5,9.665185816633671e-7,8.275957302065438e-6,0.068248999579395,-0.08772283792495728,0.14732086658477783,-0.15786001086235046,0.27468186616897583,-0.006426945328712463,-0.2671973705291748,0.452181875705719,0.3805736005306244,0.17066432535648346,0.7910172939300537,0.23694881796836853,-0.6590536832809448
0.4551758749999989,0.0034223749999999996,133.0,2.0836598006488285,-0.5473099671930486,0.45986644688466344,0.0001859507567655874,1.0937023907746685e-5,9.153365555600428e-5,0.0682393511407835,-0.08992990851402283,0.14799338579177856,-0.15961995720863342,0.2722001373767853,-0.004482603166252375,-0.25222229957580566,0.46341654658317566,0.38114333152770996,0.17992070317268372,0.7985870838165283,0.238174170255661,-0.6572023034095764
0.4551758749999989,0.0034223749999999996,133.0,2.048924324142544,-0.5125236864267343,0.4595400721343695,0.0003692826974507426,2.181827361207172e-5,0.00018174838834736189,0.06822612009355812,-0.09277167916297913,0.1512632817029953,-0.16275852918624878,0.2783944606781006,-0.004673826042562723,-0.24744629859924316,0.47212278842926025,0.3743409514427185,0.18006771802902222,0.807002067565918,0.22743508219718933,-0.656654953956604
0.4551758749999989,0.0034223749999999996,133.0,2.0133808987400865,-0.4771545136539388,0.4593455484104766,0.0005134787670530059,3.1049572312546537e-5,0.00025302277930146314,0.06821551117505076,-0.09536027908325195,0.15216432511806488,-0.1646246612071991,0.2762284278869629,-0.0025566434487700462,-0.23245620727539062,0.48439323902130127,0.3752898573875427,0.18749672174453735,0.8163723945617676,0.22986271977424622,-0.6555127501487732
0.4551758749999989,0.0034223749999999996,133.0,1.9770216183204983,-0.44096657376167453,0.45914614454506847,0.0006761200982065473,4.189931184788952e-5,0.0003335620238798284,0.06820511562123224,-0.09780606627464294,0.15291886031627655,-0.16654258966445923,0.2737363278865814,-0.0007908649276942015,-0.2170872688293457,0.49695825576782227,0.37602701783180237,0.19665679335594177,0.8250887393951416,0.23154252767562866,-0.6538224220275879
0.4551758749999989,0.0034223749999999996,133.0,1.939863672156448,-0.4039641705192757,0.45895417793087806,0.0008493686986997412,5.4055297435680486e-5,0.00041949489056951344,0.06819540359060923,-0.09991854429244995,0.15341241657733917,-0.16851571202278137,0.2706693708896637,0.0002500679111108184,-0.20134425163269043,0.5096418857574463,0.37644124031066895,0.20890535414218903,0.8322658538818359,0.2318570911884308,-0.6512150764465332
0.4551758749999989,0.0034223749999999996,133.0,1.9019243137772939,-0.3661703056746965,0.45874188458433507,0.001046073667697679,6.884382139381826e-5,0.000517379678859672,0.06818707033162669,-0.10157117247581482,0.15351122617721558,-0.17061451077461243,0.2669655680656433,-0.0005259881727397442,-0.18584132194519043,0.5227438807487488,0.37670522928237915,0.22414831817150116,0.8373372554779053,0.23216697573661804,-0.6478010416030884
0.4551758749999989,0.0034223749999999996,133.0,1.8631712611392135,-0.3275489512239255,0.45855563528434684,0.0012328950365811428,8.362511093171135e-5,0.0006102908362127037,0.06817949524627795,-0.10295820236206055,0.15340088307857513,-0.1727794110774994,0.26282745599746704,-0.0023774453438818455,-0.17039108276367188,0.5362771153450012,0.377042680978775,0.24152445793151855,0.8411509990692139,0.232089102268219,-0.6440139412879944
0.4551758749999989,0.0034223749999999996,133.0,1.8234962066577365,-0.2884072019312471,0.45840358042923485,0.0013538567603645292,9.746818822157717e-5,0.0006708726141265117,0.06817399906605512,-0.1051119863986969,0.15046463906764984,-0.17414644360542297,0.2494165152311325,0.0044908588752150536,-0.14194488525390625,0.5588478446006775,0.3885219693183899,0.28473564982414246,0.8459780216217041,0.24166348576545715,-0.6421083807945251
0.4551758749999989,0.0034223749999999996,133.0,1.7830198624135616,-0.2481082715156821,0.45819993603122017,0.0015088256330002448,0.000111885827623803,0.0007485797588851291,0.06816476893713207,-0.10716679692268372,0.15067914128303528,-0.17616072297096252,0.2461424171924591,0.005294403526932001,-0.12725329399108887,0.5746781826019287,0.3896562159061432,0.2987252473831177,0.8527326583862305,0.24354708194732666,-0.6400133371353149
0.4551758749999989,0.0034223749999999996,133.0,1.74158382794988,-0.20648588764419126,0.45777321346663835,0.0016599911652496564,0.0001246236718134434,0.0008245712554968525,0.06814632918281142,-0.11012381315231323,0.15541325509548187,-0.18006151914596558,0.2583271563053131,0.0034520751796662807,-0.1292862892150879,0.5825628638267517,0.3752360939979553,0.2937813699245453,0.861285924911499,0.219642773270607,-0.6378211379051208
0.4551758749999989,0.0034223749999999996,133.0,1.7002244839892833,-0.16325848998240955,0.46016309721081483,0.0018022668691190812,0.00012524139289757087,0.0009009353612152491,0.06806372859438395,-0.1106601357460022,0.1530141979455948,-0.180622398853302,0.24412846565246582,0.0007731474470347166,-0.10660576820373535,0.5941908359527588,0.38287830352783203,0.29792529344558716,0.8699824810028076,0.2464703619480133,-0.6313034296035767
0.4551758749999989,0.0034223749999999996,133.0,1.657041149891615,-0.12021184916161605,0.45983171645751725,0.0018998875234846437,0.0001413132677871703,0.0009529768146962274,0.0680435430070987,-0.11490046977996826,0.15306870639324188,-0.1832272708415985,0.23893889784812927,0.011552036739885807,-0.08364224433898926,0.6195142865180969,0.3887384533882141,0.3327460289001465,0.8835325241088867,0.24198207259178162,-0.6320276260375977
0.4551758749999989,0.0034223749999999996,133.0,1.6127797719177208,-0.07703817539998394,0.4598627887419252,0.0018737701755274514,0.00014958912310720647,0.0009459493866696625,0.06802763495386134,-0.12293648719787598,0.1496819257736206,-0.18310871720314026,0.21660739183425903,0.038919754326343536,-0.04400205612182617,0.6583688259124756,0.41764500737190247,0.36538225412368774,0.9209704399108887,0.2858070135116577,-0.6388235092163086
0.4551758749999989,0.0034223749999999996,133.0,1.5659769493638165,-0.030304268385584036,0.4568467559249304,0.0017543287991500852,8.301899475831656e-5,0.0009008313899727578,0.06798133668980127,-0.15064820647239685,0.20982572436332703,-0.18998311460018158,0.3614342510700226,0.0552944652736187,-0.10834336280822754,0.38248154520988464,0.3773631453514099,-0.34663307666778564,1.2052538394927979,0.11850430816411972,-0.7431976199150085
0.4551758749999989,0.0034223749999999996,133.0,1.5173215563235045,0.02081826827969774,0.45733245183839794,0.0001032953043369686,-4.062347933229505e-6,5.499411407085195e-5,0.06773080197271483,-0.20163500308990479,0.2816808521747589,-0.1774207055568695,0.4244113266468048,0.018394865095615387,0.0683283805847168,-0.07678376138210297,0.5875405073165894,-1.470901608467102,1.6691312789916992,0.02542388252913952,-1.0150880813598633
0.4551758749999989,0.0034223749999999996,133.0,1.5586808908692407,0.05424293943297074,0.45952940695415573,-0.0017120234967510205,-0.00012395206383752935,-0.0009424850515047248,0.06721980804084482,-0.22412872314453125,0.12715768814086914,-0.182390958070755,0.6326602101325989,-0.1653156727552414,0.1824054718017578,0.9072791934013367,-0.04935187101364136,-0.6335723400115967,1.5211999416351318,-0.011061848141252995,-0.5833644866943359
0.4551758749999989,0.0034223749999999996,133.0,1.5969747220542856,0.10208930972566806,0.46405524929787717,-0.0019347671017581572,1.3112021601304083e-5,-0.0010715883062271526,0.06668873256824805,-0.2933930456638336,0.16216114163398743,-0.11955034732818604,0.9273156523704529,-0.4172608554363251,0.4587686061859131,0.4741820991039276,0.07831093668937683,-1.5204664468765259,1.944486141204834,0.31825530529022217,-1.004478096961975
0.4551758749999989,0.0034223749999999996,133.0,1.6361843986969136,0.14874841042667122,0.46901608057250216,-0.001953293182291807,0.00010001698885583821,-0.0010422795355520505,0.0663862237021345,-0.3464326560497284,0.196274533867836,-0.05204010009765625,1.1907362937927246,-0.7554630041122437,0.5625400543212891,0.0803510844707489,0.22337141633033752,-1.8888773918151855,2.020902156829834,0.5292880535125732,-1.4135541915893555
0.4551758749999989,0.0034223749999999996,133.0,1.6780223567125367,0.19311720088718284,0.47056171146193304,-0.0018518849305585992,0.00010732673065327674,-0.0009691960553859537,0.06631458681325166,-0.35272011160850525,0.21131615340709686,-0.030634969472885132,1.280822515487671,-0.8255995512008667,0.563962459564209,0.02479240484535694,0.2338661253452301,-1.9613035917282104,1.9603590965270996,0.5538718104362488,-1.5146327018737793
0.4551758749999989,0.0034223749999999996,133.0,1.719700068429685,0.23584640506908594,0.47148011019658065,-0.0016994387853773712,0.00010495876647611707,-0.0008778159442290171,0.06628737723322087,-0.3565129339694977,0.21883204579353333,-0.01985904574394226,1.31508469581604,-0.8799538612365723,0.5677924156188965,-0.01562243327498436,0.2487783133983612,-1.9871326684951782,1.9279561042785645,0.580781877040863,-1.5640021562576294
0.4551758749999989,0.0034223749999999996,133.0,1.760522058146305,0.27733284869074043,0.471465758519096,-0.0015074208280306178,9.232914129876264e-5,-0.0007770749532948727,0.06629076658485565,-0.35689130425453186,0.2222021222114563,-0.016219675540924072,1.328452706336975,-0.8968616127967834,0.5733363628387451,-0.006871582008898258,0.2521512806415558,-1.9988652467727661,1.900719165802002,0.6096547245979309,-1.5809698104858398
0.4551758749999989,0.0034223749999999996,133.0,1.8008827210975025,0.31793767395367134,0.47165098042623854,-0.0014208909792518243,8.386934156278808e-5,-0.000727524111687592,0.06628505474922727,-0.35859522223472595,0.22475245594978333,-0.0165594220161438,1.3232918977737427,-0.9146839380264282,0.5913940668106079,0.024537576362490654,0.2631874084472656,-2.0138261318206787,1.889808177947998,0.629098117351532,-1.5870952606201172
0.4551758749999989,0.0034223749999999996,133.0,1.8405483520825237,0.35776348209258013,0.47218996684860576,-0.001218405232618668,7.168641673458523e-5,-0.0006165030368525157,0.0662672721012888,-0.35898080468177795,0.22789351642131805,-0.012070387601852417,1.3420394659042358,-0.9312502145767212,0.5995525121688843,0.03065512701869011,0.26339447498321533,-2.026681423187256,1.8588619232177734,0.6582317352294922,-1.6062586307525635
0.4551758749999989,0.0034223749999999996,133.0,1.8791392989994953,0.39673083706726336,0.47246911131046104,-0.001061706919571009,6.1781272608056e-5,-0.0005332146139918832,0.0662601761859215,-0.3568311035633087,0.23080800473690033,-0.004582524299621582,1.3779715299606323,-0.931869387626648,0.5958720445632935,0.029683711007237434,0.2483595907688141,-2.032517910003662,1.8124475479125977,0.6955612897872925,-1.6273112297058105
0.4551758749999989,0.0034223749999999996,133.0,1.91690041956017,0.43485936470233616,0.47274356085321834,-0.0008644097297914334,4.9822850451770054e-5,-0.000430968347552225,0.0662533414057643,-0.3551931083202362,0.23359377682209015,0.0033424198627471924,1.4133461713790894,-0.9411409497261047,0.5889360904693604,0.017106659710407257,0.23686107993125916,-2.0362014770507812,1.7645673751831055,0.7334912419319153,-1.6513252258300781
0.4551758749999989,0.0034223749999999996,133.0,1.9538490506235913,0.47212953739410163,0.47301341655364787,-0.0006888535517565014,3.9295327806806834e-5,-0.0003410068083667294,0.06624736933357794,-0.3552016317844391,0.2360163778066635,0.006997555494308472,1.4278209209442139,-0.9539954662322998,0.5942717790603638,0.0258246511220932,0.23590484261512756,-2.0456385612487793,1.7357230186462402,0.7612907886505127,-1.6650270223617554
0.4551758749999989,0.0034223749999999996,133.0,1.9899594252628618,0.508557823057556,0.47326789063387864,-0.0005209711632448835,2.936873572001584e-5,-0.0002561452991358654,0.0662414775957562,-0.3567562997341156,0.2379295825958252,0.005369812250137329,1.4199291467666626,-0.9671568274497986,0.614031195640564,0.06262534856796265,0.24461916089057922,-2.0625569820404053,1.7257790565490723,0.7794979810714722,-1.6661295890808105
0.4551758749999989,0.0034223749999999996,133.0,2.0252343726076147,0.5441300669670248,0.47345971282354116,-0.0003584746238349931,1.9876181959913968e-5,-0.0001751977452134299,0.06623647378583011,-0.3566085398197174,0.23971670866012573,0.007469803094863892,1.4297418594360352,-0.9702442288398743,0.6194372177124023,0.07553675770759583,0.2413633167743683,-2.0658085346221924,1.7038469314575195,0.8007256984710693,-1.6728341579437256
0.4551758749999989,0.0034223749999999996,133.0,2.059655631726616,0.5788712297811154,0.47367912631970793,-0.0002012947227707611,1.0972527057807613e-5,-9.780989902054697e-5,0.06622915919687539,-0.35665664076805115,0.24142681062221527,0.009323716163635254,1.4389933347702026,-0.9700248837471008,0.6242775917053223,0.08717261254787445,0.23745587468147278,-2.067432165145874,1.6850132942199707,0.8186302185058594,-1.6783063411712646
0.4551758749999989,0.0034223749999999996,133.0,2.092855201987179,0.6128059437864222,0.4735994761925802,-6.004955770695759e-5,3.1784330276150446e-6,-2.9150888291550014e-5,0.06622275662556754,-0.3600552976131439,0.24381114542484283,0.007540106773376465,1.4269788265228271,-0.9854283928871155,0.647813081741333,0.10887797176837921,0.2518269419670105,-2.079317331314087,1.6883559226989746,0.8205797076225281,-1.6808382272720337
0.4551758749999989,0.0034223749999999996,133.0,2.125206780019299,0.6459702602927504,0.4738091606161012,0.00012976086247898922,-6.849428979651643e-6,6.271019602593328e-5,0.06620629915108601,-0.3634820282459259,0.2463989555835724,0.008301764726638794,1.42756187915802,-0.9993956685066223,0.6647161245346069,0.11237168312072754,0.26084986329078674,-2.08807110786438,1.6861815452575684,0.8227640986442566,-1.6905534267425537
0.4551758749999989,0.0034223749999999996,133.0,2.157573828465859,0.6762417749323008,0.47161498271465835,0.0003061122900017553,-1.4711432193246591e-5,0.00014626532905691477,0.06636254754092465,-0.3588894307613373,0.24675805866718292,0.014239072799682617,1.4451720714569092,-1.008088231086731,0.6395388841629028,0.09287755191326141,0.25298458337783813,-2.069897174835205,1.6413626670837402,0.8648918867111206,-1.7003817558288574
0.4551758749999989,0.0034223749999999996,133.0,2.188336827992207,0.7077121828803389,0.471790051455097,0.00048450360189142137,-2.3238653055912567e-5,0.0002304832313009901,0.06635356146995346,-0.36204084753990173,0.24926084280014038,0.015635639429092407,1.4460184574127197,-1.0304690599441528,0.6578235626220703,0.10050094127655029,0.2634974420070648,-2.0849175453186035,1.6332707405090332,0.8766881823539734,-1.711896538734436
0.4551758749999989,0.0034223749999999996,133.0,2.218723689397714,0.7382809115355482,0.47230908403781935,0.0006968138120505756,-3.299021978386906e-5,0.0003282730405462111,0.06633623371128995,-0.3606928884983063,0.25086626410484314,0.02108210325241089,1.4747244119644165,-1.0230305194854736,0.6540447473526001,0.10771970450878143,0.24527081847190857,-2.0932207107543945,1.600170612335205,0.906182050704956,-1.722468376159668
0.4551758749999989,0.0034223749999999996,133.0,2.248307410550261,0.7679593362674018,0.4726614564270688,0.0008488589642444866,-3.926082600148786e-5,0.00039680839565337526,0.06632817591598707,-0.35928067564964294,0.25204306840896606,0.02513885498046875,1.494903802871704,-1.0192458629608154,0.6520460844039917,0.1211567372083664,0.23113512992858887,-2.1003804206848145,1.569307565689087,0.9366337060928345,-1.728639006614685
0.4551758749999989,0.0034223749999999996,133.0,2.2770269627033026,0.7968386029772647,0.4732580674201041,0.0010436390609320887,-4.9016009241954986e-5,0.0004833727837804649,0.0663146988503812,-0.3585297763347626,0.25348997116088867,0.03183281421661377,1.5232264995574951,-1.023536205291748,0.642127513885498,0.10837015509605408,0.21858450770378113,-2.1020607948303223,1.5365917682647705,0.9655751585960388,-1.7444353103637695
0.4551758749999989,0.0034223749999999996,133.0,2.3046273151914067,0.8248674980747867,0.4733534252445602,0.0011931269718633685,-5.597110320295998e-5,0.0005508285553130456,0.06631470679741598,-0.3606801927089691,0.2552551031112671,0.03253600001335144,1.5192424058914185,-1.0468623638153076,0.6581677198410034,0.12044814229011536,0.2295113205909729,-2.1143293380737305,1.5260112285614014,0.982539176940918,-1.751564383506775
0.4551758749999989,0.0034223749999999996,133.0,2.3315935963274064,0.852028878235912,0.47367338462876685,0.0013607769767568876,-6.391025535184018e-5,0.0006242708935392189,0.06630943431814455,-0.36077818274497986,0.2565869688987732,0.03792440891265869,1.539210319519043,-1.0560801029205322,0.6514785289764404,0.10781757533550262,0.22329053282737732,-2.1145639419555664,1.4999523162841797,1.0054904222488403,-1.7653437852859497
0.4551758749999989,0.0034223749999999996,133.0,2.357895995501612,0.87826002129571,0.4737280834808029,0.0015610899750830571,-7.003315191715081e-5,0.0007133138282664198,0.0663100789932962,-0.3596421778202057,0.25731799006462097,0.03973379731178284,1.5494376420974731,-1.0512735843658447,0.6527197360992432,0.1264616996049881,0.21280083060264587,-2.120636224746704,1.4773223400115967,1.0283324718475342,-1.7652173042297363
0.4551758749999989,0.0034223749999999996,133.0,2.3832170643379134,0.9037307931927978,0.4738818756120332,0.0017648642166691122,-7.823137265439938e-5,0.0008032031442571458,0.06630544817190581,-0.35950967669487,0.25829994678497314,0.04107174277305603,1.5565986633300781,-1.0494985580444336,0.656658411026001,0.138568714261055,0.2071208357810974,-2.125089645385742,1.4628052711486816,1.042954444885254,-1.7667899131774902
0.4551758749999989,0.0034223749999999996,133.0,2.407500055012276,0.9284060600089027,0.47404584712261133,0.0019913595203340886,-8.851131993394e-5,0.0009029231542373095,0.0663011432869017,-0.3610517680644989,0.25965261459350586,0.04273998737335205,1.5609688758850098,-1.061538815498352,0.6636302471160889,0.13899919390678406,0.21026098728179932,-2.129991054534912,1.4515118598937988,1.0541812181472778,-1.774393081665039
0.4551758749999989,0.0034223749999999996,133.0,2.4309805512642657,0.9522169000338413,0.47403024162399515,0.0021586570003889,-9.483958772755056e-5,0.0009773079770368728,0.06630098424394948,-0.36272481083869934,0.26089856028556824,0.042765647172927856,1.5579577684402466,-1.0732449293136597,0.6756576299667358,0.1481393426656723,0.21645158529281616,-2.1356658935546875,1.4452738761901855,1.0629321336746216,-1.7776978015899658
0.4551758749999989,0.0034223749999999996,133.0,2.4535599692783334,0.9752084737771354,0.4740255481328232,0.0023717178336152334,-0.00010288774335059219,0.0010720306401019834,0.0662993383907868,-0.3645957410335541,0.26226723194122314,0.0420566201210022,1.5521489381790161,-1.0845013856887817,0.6919049024581909,0.1631765067577362,0.22342655062675476,-2.1448490619659424,1.4410982131958008,1.0700069665908813,-1.7790157794952393
0.4551758749999989,0.0034223749999999996,133.0,2.4754389175795546,0.9973419618941886,0.47407527433413027,0.0025879835856032797,-0.00011134407191700758,0.0011671998536171941,0.06629776833267505,-0.36363938450813293,0.2628714144229889,0.045863837003707886,1.5701643228530884,-1.0801478624343872,0.6831166744232178,0.15983808040618896,0.21133407950401306,-2.144838333129883,1.419278860092163,1.089277744293213,-1.784961223602295
0.4551758749999989,0.0034223749999999996,133.0,2.4965167553228085,1.0186524831060573,0.4741581953300324,0.002816614343106997,-0.0001196926376750481,0.0012670872790340852,0.06629377715875967,-0.3667256534099579,0.2646024525165558,0.043618619441986084,1.5543814897537231,-1.1021997928619385,0.7102818489074707,0.17899549007415771,0.2278653085231781,-2.159104585647583,1.4214959144592285,1.0916942358016968,-1.7859177589416504
0.4551758749999989,0.0034223749999999996,133.0,2.5169541545913714,1.0390951619784674,0.47474815392124425,0.0030511295741705137,-0.00013554585186957726,0.0013597486274151973,0.0662803732029404,-0.36512234807014465,0.26521098613739014,0.050223737955093384,1.5870519876480103,-1.0888420343399048,0.6882377862930298,0.16099905967712402,0.20644858479499817,-2.1564066410064697,1.3957843780517578,1.1120984554290771,-1.7970845699310303
0.4551758749999989,0.0034223749999999996,133.0,2.5363865264760457,1.0588083166152373,0.4751520456810274,0.0032321536308048443,-0.00014391875276796215,0.0014340548186646286,0.06627141935630797,-0.3657290041446686,0.2663183808326721,0.054007381200790405,1.6023914813995361,-1.0909982919692993,0.6831034421920776,0.1515251100063324,0.20037344098091125,-2.158979654312134,1.3814034461975098,1.1239558458328247,-1.8063468933105469
0.4551758749999989,0.0034223749999999996,133.0,2.555122305467302,1.077590651199838,0.4756006665126547,0.0034382845016775678,-0.00015477847602098297,0.0015156392739424402,0.06626174322020259,-0.3660564720630646,0.267080694437027,0.056527167558670044,1.6137280464172363,-1.091907262802124,0.6827818155288696,0.15347273647785187,0.19364312291145325,-2.163994550704956,1.3663513660430908,1.1372560262680054,-1.8110060691833496
0.4551758749999989,0.0034223749999999996,133.0,2.5724956339067298,1.0956147598257417,0.4753743465458095,0.0036125238059245947,-0.00016436439970352713,0.0015951664171831535,0.06626874684251381,-0.3689972460269928,0.2686486542224884,0.057293325662612915,1.607966661453247,-1.1164478063583374,0.6941328048706055,0.14299754798412323,0.2092166244983673,-2.1672799587249756,1.3660643100738525,1.1376221179962158,-1.8208982944488525
0.4551758749999989,0.0034223749999999996,133.0,2.5895776075428665,1.1126899624911901,0.47555878686738895,0.003820806329517245,-0.0001717188984712327,0.0016804681554589166,0.06626419816462306,-0.36876168847084045,0.26922401785850525,0.05933406949043274,1.617723822593689,-1.1147922277450562,0.6931048631668091,0.14784054458141327,0.20179539918899536,-2.1718053817749023,1.3512768745422363,1.1507798433303833,-1.8232924938201904
0.4551758749999989,0.0034223749999999996,133.0,2.6056397941387384,1.1289707244925868,0.47572940088630217,0.004003894675272373,-0.0001808969753907337,0.001755894573406811,0.06626082257710621,-0.3708449900150299,0.27028509974479675,0.060301125049591064,1.6159567832946777,-1.1351616382598877,0.7039320468902588,0.14562876522541046,0.2114066183567047,-2.1780004501342773,1.3446810245513916,1.156941294670105,-1.8312366008758545
0.4551758749999989,0.0034223749999999996,133.0,2.6208315545628316,1.1443195893265434,0.475477509924428,0.00418403077293102,-0.0001871312758506695,0.001833073859395677,0.06626719810261908,-0.36950644850730896,0.2703307271003723,0.06230422854423523,1.6250791549682617,-1.1333287954330444,0.7001432180404663,0.1530819833278656,0.20246097445487976,-2.180793523788452,1.326101303100586,1.1750611066818237,-1.8314714431762695
0.4551758749999989,0.0034223749999999996,133.0,2.6353611310332874,1.158880230329808,0.4757132250331953,0.004327857510791101,-0.0001950368125524686,0.0018884475131448356,0.06626542107134163,-0.37099531292915344,0.2710479497909546,0.06229546666145325,1.61799156665802,-1.1563359498977661,0.714544415473938,0.15941476821899414,0.21442362666130066,-2.1888747215270996,1.3196122646331787,1.1862847805023193,-1.8364787101745605
0.4551758749999989,0.0034223749999999996,133.0,2.648910602326448,1.172616180003103,0.4758220964444965,0.004455516211697158,-0.00020563653375319137,0.0019391049686620998,0.06627141532648094,-0.37220945954322815,0.27140483260154724,0.06379905343055725,1.6144670248031616,-1.1870498657226562,0.7218101024627686,0.15248516201972961,0.2285011112689972,-2.193727493286133,1.308211326599121,1.2043811082839966,-1.8471221923828125
0.4551758749999989,0.0034223749999999996,133.0,2.662050575676707,1.185450923639087,0.47626607621023953,0.004595097485811283,-0.0002170204017760572,0.0019871398834680003,0.06626975751736487,-0.37069639563560486,0.2710017263889313,0.06730851531028748,1.6273442506790161,-1.1944301128387451,0.7118475437164307,0.14477616548538208,0.22331219911575317,-2.195953845977783,1.2869508266448975,1.2302136421203613,-1.8548059463500977
0.4551758749999989,0.0034223749999999996,133.0,2.674458878516369,1.197395777246299,0.4763300558681129,0.004741478930749902,-0.00021378119544292028,0.002042577352572053,0.06627176788698813,-0.3655780851840973,0.2698172330856323,0.07147541642189026,1.6538867950439453,-1.163271427154541,0.6855956315994263,0.15528592467308044,0.19092199206352234,-2.19411039352417,1.2564125061035156,1.2604751586914062,-1.8488991260528564
0.4551758749999989,0.0034223749999999996,133.0,2.6861673566578146,1.208468840502312,0.47665757877300463,0.004893174370622783,-0.00021650203786223636,0.0020937628689920254,0.06626872443295309,-0.3616245687007904,0.2689093053340912,0.07423815131187439,1.672345757484436,-1.1404445171356201,0.6689362525939941,0.1684475541114807,0.16691985726356506,-2.1961796283721924,1.2322232723236084,1.2862019538879395,-1.843337059020996
0.4551758749999989,0.0034223749999999996,133.0,2.697095427130181,1.2187075109962846,0.4768648209328817,0.005038906537744013,-0.0002127412405998891,0.0021439468346095055,0.06626762554428853,-0.35610154271125793,0.26754647493362427,0.07756027579307556,1.6976639032363892,-1.100504755973816,0.6432551145553589,0.18695850670337677,0.13055700063705444,-2.1953511238098145,1.2039422988891602,1.3133363723754883,-1.8322257995605469
0.4551758749999989,0.0034223749999999996,133.0,2.707003169786258,1.2282149412953909,0.47707043801083543,0.005203692024881688,-0.00021031994334273866,0.002206433072615694,0.06626744780861904,-0.35264310240745544,0.266733855009079,0.07882151007652283,1.709492564201355,-1.078951358795166,0.6340304613113403,0.20824483036994934,0.10999923944473267,-2.200239896774292,1.1843328475952148,1.3349990844726562,-1.823523759841919
0.4551758749999989,0.0034223749999999996,133.0,2.7154410373763502,1.2390528886341456,0.48004734483609873,0.005449647782475881,-0.0002344550042469281,0.002297384921747795,0.06607538366171667,-0.35467520356178284,0.26800772547721863,0.07880356907844543,1.730441689491272,-1.0468348264694214,0.6513873338699341,0.2422894835472107,0.08738091588020325,-2.229562282562256,1.1876108646392822,1.3285140991210938,-1.8218481540679932
0.4551758749999989,0.0034223749999999996,133.0,2.723961253932772,1.246813005020004,0.480502014566773,0.005705018313097346,-0.000240234570029589,0.0023901293184065775,0.06607172406424434,-0.34920212626457214,0.26668789982795715,0.08281728625297546,1.7599056959152222,-1.0004082918167114,0.617772102355957,0.25001055002212524,0.048439234495162964,-2.2254223823547363,1.1630208492279053,1.3469047546386719,-1.8121922016143799
0.4551758749999989,0.0034223749999999996,133.0,2.7313180297971655,1.253772233808356,0.4805491942658289,0.0060921336137986365,-0.00024860425701499656,0.0025445424090600735,0.06607418026818104,-0.3461013734340668,0.2659973204135895,0.08401688933372498,1.7693383693695068,-0.9858881235122681,0.6090866327285767,0.26332318782806396,0.03329205513000488,-2.2302050590515137,1.1443595886230469,1.364447832107544,-1.8064978122711182
0.4551758749999989,0.0034223749999999996,133.0,2.737979717190304,1.2599329235296963,0.4807615950128153,0.006740048855880345,-0.0002691065692719719,0.0028027327747051018,0.06607339575490337,-0.34240683913230896,0.2653307020664215,0.08452501893043518,1.7806800603866577,-0.9604325890541077,0.6006649732589722,0.2832844853401184,0.01262703537940979,-2.2375190258026123,1.1271417140960693,1.3778860569000244,-1.797184944152832
0.4551758749999989,0.0034223749999999996,133.0,2.743749073208979,1.2653071218007157,0.4807268312333948,0.008207566769084655,-0.0003206286397895379,0.0033988582916781307,0.06607651414285703,-0.33877989649772644,0.2652355134487152,0.08587506413459778,1.7944512367248535,-0.9451487064361572,0.5929436683654785,0.2923997640609741,-0.003527402877807617,-2.251206874847412,1.103773593902588,1.3904850482940674,-1.7948272228240967
0.4551758749999989,0.0034223749999999996,133.0,2.7487621237276,1.2703626405761461,0.4809048147790297,0.015266661829402796,-0.000644027869006703,0.006203553403665723,0.06605953689667776,-0.33478060364723206,0.2688400149345398,0.08718100190162659,1.821327567100525,-0.9587090015411377,0.6194664239883423,0.300179123878479,-0.008293390274047852,-2.3296103477478027,1.0441663265228271,1.3987635374069214,-1.8172993659973145
0.4551758749999989,0.0034223749999999996,133.0,2.7437203883913064,-1.2333850843052918,0.45190639159935614,-0.01383912678233473,-0.0003992844593156266,-0.006803492401437682,0.06840452537519767,-0.05671390891075134,0.1437055915594101,-0.1293204426765442,0.3367641568183899,0.02241256833076477,-0.6619062423706055,0.28213611245155334,0.4288995862007141,-0.1406778246164322,0.7205300331115723,0.45061182975769043,-0.7688671946525574
0.4551758749999989,0.0034223749999999996,133.0,2.7391345660251103,-1.2284806794326566,0.45226787446325556,-0.007472615702902199,-0.00017189381480494487,-0.0036719545138711586,0.06837068085834552,-0.05717736482620239,0.1484643965959549,-0.12599492073059082,0.3543296456336975,-0.024696417152881622,-0.6552567481994629,0.2705056965351105,0.409396767616272,-0.20337967574596405,0.7357752323150635,0.43346208333969116,-0.7668240070343018
0.4551758749999989,0.0034223749999999996,133.0,2.7336153117768798,-1.2229991670057674,0.45224448350343754,-0.00614046077805561,-0.00013762435828518002,-0.0030141839890875655,0.0683562954032147,-0.05893436074256897,0.14904159307479858,-0.1252618134021759,0.354196697473526,-0.024101458489894867,-0.6369752883911133,0.26863893866539,0.4059596359729767,-0.19301757216453552,0.7417507171630859,0.39791008830070496,-0.7632550001144409
0.4551758749999989,0.0034223749999999996,133.0,2.727410592565498,-1.2169502390986866,0.4522517284946023,-0.005553722370202012,-0.00012418488362595916,-0.00272401319313904,0.0683514889767616,-0.05917537212371826,0.14754317700862885,-0.12493664026260376,0.34870076179504395,-0.024731449782848358,-0.6234254837036133,0.27070921659469604,0.4047043025493622,-0.17760483920574188,0.7426049709320068,0.3851354122161865,-0.7564966082572937
0.4551758749999989,0.0034223749999999996,133.0,2.7202299614858734,-1.2099479066518959,0.45220409940679646,-0.005213628273045056,-0.00012197462374045707,-0.00255507987110048,0.06834197215003633,-0.06043216586112976,0.14690755307674408,-0.12497922778129578,0.3443470299243927,-0.019190382212400436,-0.6028773784637451,0.2729608714580536,0.4040956199169159,-0.15100349485874176,0.7437770366668701,0.3522483706474304,-0.7515355944633484
0.4551758749999989,0.0034223749999999996,133.0,2.7114901053109812,-1.203775166601178,0.44963180778988726,-0.004973385512669331,-0.00017052827099822666,-0.0024338826004664093,0.06841471131139296,-0.060486555099487305,0.14523494243621826,-0.12476211786270142,0.3403868079185486,-0.013111470267176628,-0.5935120582580566,0.27888014912605286,0.4033523201942444,-0.1267073154449463,0.7389006614685059,0.3339889645576477,-0.7468420267105103
0.4551758749999989,0.0034223749999999996,133.0,2.7027146932224873,-1.1953853142254154,0.4496254930925919,-0.004776786638338916,-0.0001712967812698538,-0.002337475305755663,0.06840887359825118,-0.06157928705215454,0.1426185667514801,-0.1237814724445343,0.3296441435813904,-0.006017622537910938,-0.5651309490203857,0.2835296094417572,0.4071364402770996,-0.09273042529821396,0.7406466007232666,0.31115105748176575,-0.7398902773857117
0.4551758749999989,0.0034223749999999996,133.0,2.693151186326625,-1.185999108428495,0.4494995281816601,-0.004630003192985649,-0.0001701534838794535,-0.0022613960976360916,0.06840429470087367,-0.0620514452457428,0.14171834290027618,-0.12442180514335632,0.32537761330604553,-0.0023321397602558136,-0.547609806060791,0.2881872355937958,0.40622636675834656,-0.066639244556427,0.7368826866149902,0.28692010045051575,-0.7347055673599243
0.4551758749999989,0.0034223749999999996,133.0,2.682686188216204,-1.1757534498680664,0.44943665088275325,-0.004499236898870551,-0.0001714694925826017,-0.002192464254092333,0.06839676009556211,-0.06331712007522583,0.140297070145607,-0.12438824772834778,0.3183104395866394,0.006057212594896555,-0.5190832614898682,0.2942822277545929,0.40825599431991577,-0.028638871386647224,0.7343587875366211,0.2525581121444702,-0.7296616435050964
0.4551758749999989,0.0034223749999999996,133.0,2.671462670198295,-1.164847667851394,0.44948922273683445,-0.004366810915949433,-0.00017423620238637,-0.002126012325829166,0.06839250435511016,-0.06365707516670227,0.13698993623256683,-0.12333929538726807,0.3057519793510437,0.011477760970592499,-0.48821234703063965,0.3009035587310791,0.4134284257888794,0.0071104783564805984,0.7315988540649414,0.2372831404209137,-0.7222620844841003
0.4551758749999989,0.0034223749999999996,133.0,2.65946958961021,-1.1529525702534484,0.44944908985319626,-0.004244653455074527,-0.0001738735531860701,-0.0020628962250771004,0.0683902572809299,-0.06363657116889954,0.13632532954216003,-0.12439045310020447,0.30223241448402405,0.012163318693637848,-0.4718594551086426,0.30651459097862244,0.41207098960876465,0.030712570995092392,0.7247698307037354,0.21798183023929596,-0.717364490032196
0.4551758749999989,0.0034223749999999996,133.0,2.6466724318456407,-1.1402099437890818,0.44930028128613064,-0.004121289914269915,-0.00017093931295846583,-0.0019955620630680245,0.06838949603460556,-0.06285092234611511,0.134480282664299,-0.1253480613231659,0.296559602022171,0.012980698607861996,-0.4568367004394531,0.31312471628189087,0.4105544686317444,0.05755594000220299,0.7151651382446289,0.20529435575008392,-0.7101423740386963
0.4551758749999989,0.0034223749999999996,133.0,2.633153419848604,-1.1265590971102974,0.44914134678495204,-0.004013383783849411,-0.00016560115918491872,-0.0019402067324532854,0.06839247096113495,-0.061155110597610474,0.13329198956489563,-0.12697499990463257,0.2940421402454376,0.006671910639852285,-0.4557180404663086,0.31506988406181335,0.40547916293144226,0.0698336660861969,0.7054734230041504,0.20563039183616638,-0.7024957537651062
0.4551758749999989,0.0034223749999999996,133.0,2.6187761005907895,-1.1120498780726074,0.44897007439010117,-0.0038762493686663978,-0.00015803676669235358,-0.00187111495484752,0.06839501247034381,-0.05957832932472229,0.13386209309101105,-0.1291411817073822,0.29639074206352234,-0.004671733360737562,-0.464158296585083,0.31585580110549927,0.3979814350605011,0.06476113945245743,0.6991837024688721,0.21389390528202057,-0.6973139643669128
0.4551758749999989,0.0034223749999999996,133.0,2.603425585788198,-1.0966722319342137,0.4488080190543858,-0.0037014090368518923,-0.00015398502371739137,-0.001788002590969958,0.06839241999119268,-0.05992990732192993,0.13425736129283905,-0.13043975830078125,0.2962200939655304,-0.00587440887466073,-0.45649218559265137,0.31990519165992737,0.3956301808357239,0.07545503973960876,0.6964337825775146,0.2049165964126587,-0.6947908401489258
0.4551758749999989,0.0034223749999999996,133.0,2.587200719648908,-1.0804216074865842,0.44867288308393877,-0.0035393138356927295,-0.0001466203217733723,-0.0017079767134085915,0.06838893825877457,-0.06036865711212158,0.13550357520580292,-0.13208431005477905,0.2988583445549011,-0.00833767931908369,-0.45680856704711914,0.32161274552345276,0.39137741923332214,0.07829759269952774,0.6960244178771973,0.2008906900882721,-0.6931735277175903
0.4551758749999989,0.0034223749999999996,133.0,2.5701311963046263,-1.06343473967144,0.44862843623149296,-0.0033535465485938147,-0.00014092706957819813,-0.0016197150653851824,0.06838454372431378,-0.061369866132736206,0.13597315549850464,-0.1326436996459961,0.2976204752922058,-0.008890170603990555,-0.4463019371032715,0.3264612555503845,0.39178362488746643,0.08204822242259979,0.6988136768341064,0.19994433224201202,-0.6923801898956299
0.4551758749999989,0.0034223749999999996,133.0,2.552292685640409,-1.0454788084237336,0.4485062537948667,-0.0031771359324721912,-0.00013116731376759672,-0.0015365899228330269,0.06838308945403523,-0.06138575077056885,0.13793566823005676,-0.13422736525535583,0.30284446477890015,-0.017901189625263214,-0.46103358268737793,0.3266407549381256,0.386142760515213,0.05651114881038666,0.7042431831359863,0.22253604233264923,-0.6920098066329956
0.4551758749999989,0.0034223749999999996,133.0,2.533461740574778,-1.026639498107896,0.44838626893654376,-0.002995074580644086,-0.00012495114877458043,-0.0014477621066544745,0.06837486858043969,-0.06304541230201721,0.13860058784484863,-0.13519611954689026,0.30209073424339294,-0.01421124953776598,-0.44777369499206543,0.3327646553516388,0.3862336575984955,0.06948887556791306,0.7066447734832764,0.2110491544008255,-0.691383421421051
0.4551758749999989,0.0034223749999999996,133.0,2.5138813333450343,-1.0071211589509257,0.44828336788835293,-0.002831387372716252,-0.00012100732441690355,-0.0013697740845587455,0.06836974484093997,-0.06399467587471008,0.13898906111717224,-0.13611635565757751,0.30070745944976807,-0.014403355307877064,-0.43735432624816895,0.3387269675731659,0.38589152693748474,0.0754539743065834,0.7087438106536865,0.2090933620929718,-0.6896945238113403
0.4551758749999989,0.0034223749999999996,133.0,2.4934998918493716,-0.9866690311853725,0.44815413751436667,-0.0026166886920878734,-0.00011162488134600994,-0.0012673805391232424,0.0683654798876504,-0.06476917862892151,0.14036962389945984,-0.137462317943573,0.30321669578552246,-0.01793709397315979,-0.438723087310791,0.3419877290725708,0.38245296478271484,0.06745589524507523,0.7130866050720215,0.216152161359787,-0.6888023018836975
0.4551758749999989,0.0034223749999999996,133.0,2.4722385521359924,-0.9658976412793754,0.4482606795701824,-0.002403342250877403,-0.00010729576391564627,-0.0011654790098869845,0.0683610131233517,-0.0659598708152771,0.13654161989688873,-0.13599929213523865,0.28847458958625793,-0.00949560385197401,-0.4056258201599121,0.3492257297039032,0.3923757076263428,0.09803776443004608,0.7165882587432861,0.2189618945121765,-0.6840068697929382
0.4551758749999989,0.0034223749999999996,133.0,2.4501382056232854,-0.9437641880700168,0.4481036397229795,-0.0022015279232944834,-9.740357223779264e-5,-0.001067674078693771,0.06835570188876,-0.0670204758644104,0.13807395100593567,-0.13757550716400146,0.2910175919532776,-0.013121923431754112,-0.4058401584625244,0.3541836738586426,0.38946133852005005,0.08923899382352829,0.7214818000793457,0.2264149785041809,-0.6836925148963928
0.4551758749999989,0.0034223749999999996,133.0,2.4271227295696303,-0.9207288891889372,0.4479004717423161,-0.0020004940249196863,-8.93001377410369e-5,-0.0009697297309013096,0.0683471992221477,-0.06905314326286316,0.1403638869524002,-0.13964146375656128,0.2949577867984772,-0.01300797425210476,-0.4010903835296631,0.36156168580055237,0.386662095785141,0.08912087976932526,0.7262017726898193,0.2201530784368515,-0.6848996877670288
0.4551758749999989,0.0034223749999999996,133.0,2.403218137015183,-0.8966737654785455,0.4475701542840071,-0.0018396223654383818,-8.228497171770036e-5,-0.0008908217355901876,0.06833700423112025,-0.07158157229423523,0.14467987418174744,-0.1429772973060608,0.3052627742290497,-0.013350725173950195,-0.4041447639465332,0.367794007062912,0.3787921071052551,0.08557537943124771,0.7305374145507812,0.20337100327014923,-0.6873936653137207
0.4551758749999989,0.0034223749999999996,133.0,2.378613951290543,-0.8719768752966718,0.44739787999499125,-0.0016416961115282333,-7.250019632155328e-5,-0.0007962826614698351,0.06833073983703462,-0.07304435968399048,0.14713133871555328,-0.14467453956604004,0.31001943349838257,-0.01772455871105194,-0.4072856903076172,0.3713930547237396,0.3746362328529358,0.06795378774404526,0.7384111881256104,0.21353548765182495,-0.6880645751953125
0.4551758749999989,0.0034223749999999996,133.0,2.3531216127112558,-0.8466224916944839,0.44737969831366003,-0.0014582168619714441,-6.716162121894807e-5,-0.0007094349833471442,0.06832244398216207,-0.07472026348114014,0.14711861312389374,-0.14548051357269287,0.3062141537666321,-0.016209665685892105,-0.3927001953125,0.3787979781627655,0.376691997051239,0.07468581199645996,0.7445089817047119,0.21795737743377686,-0.6863772869110107
0.4551758749999989,0.0034223749999999996,133.0,2.326859144165149,-0.8206135911839846,0.44732217471776803,-0.0012773621220816425,-6.042119135098408e-5,-0.0006218751178028562,0.06831705162603795,-0.07605898380279541,0.1457703560590744,-0.14596927165985107,0.29868149757385254,-0.01332342904061079,-0.37303876876831055,0.3874073922634125,0.38092464208602905,0.09088451415300369,0.7490601539611816,0.2232254445552826,-0.6831188797950745
0.4551758749999989,0.0034223749999999996,133.0,2.299794376108587,-0.79362986856786,0.4471761370413443,-0.001127465770993664,-5.449900526108318e-5,-0.0005491108914761291,0.06831154305112315,-0.07697048783302307,0.1458268016576767,-0.14747634530067444,0.2956174314022064,-0.014100366272032261,-0.35988354682922363,0.3947090804576874,0.3802383542060852,0.10293146222829819,0.7509188652038574,0.22160477936267853,-0.67938631772995
0.4551758749999989,0.0034223749999999996,133.0,2.271984498002745,-0.7658629127228428,0.4470269347746474,-0.000993829284835302,-4.857543218757145e-5,-0.00048433942447238506,0.06830913574906347,-0.07699090242385864,0.14546288549900055,-0.14890703558921814,0.29197877645492554,-0.018601655960083008,-0.35141491889953613,0.3999633193016052,0.3785870671272278,0.10822997242212296,0.7518165111541748,0.22889715433120728,-0.6741013526916504
0.4551758749999989,0.0034223749999999996,133.0,2.243198710782518,-0.7372765417858803,0.4468564973085998,-0.0008206456543451644,-4.066536298025845e-5,-0.0003991066390685829,0.0683031273180115,-0.07850843667984009,0.14498426020145416,-0.15046679973602295,0.2872318625450134,-0.015415848232805729,-0.3324868679046631,0.40896904468536377,0.3798511028289795,0.1349126249551773,0.7534058094024658,0.22035861015319824,-0.6706184148788452
0.4551758749999989,0.0034223749999999996,133.0,2.213588039258306,-0.7079218995064401,0.44674440113013886,-0.0006889566627118833,-3.5298659480762046e-5,-0.0003349955968288468,0.06829759028054229,-0.07995954155921936,0.14387165009975433,-0.15148037672042847,0.2798530161380768,-0.01214350201189518,-0.31058287620544434,0.4195220172405243,0.38404518365859985,0.15920086205005646,0.7563879489898682,0.2198806256055832,-0.6674553155899048
0.4551758749999989,0.0034223749999999996,133.0,2.1831207052402233,-0.677585806764806,0.4465856355322217,-0.0005171431691824257,-2.7253440141903733e-5,-0.00025174690173183315,0.06828978546941793,-0.08172860741615295,0.1443561613559723,-0.15296247601509094,0.2772337794303894,-0.01126907393336296,-0.2963848114013672,0.4288182258605957,0.38473400473594666,0.1683938354253769,0.7621946334838867,0.2213887870311737,-0.6655745506286621
0.4551758749999989,0.0034223749999999996,133.0,2.1518569608869993,-0.6461988318006812,0.4463588693384631,-0.00032490453549556753,-1.6784450611010084e-5,-0.00015820270859452483,0.06828156211209481,-0.08327218890190125,0.1471300572156906,-0.15534862875938416,0.2826676070690155,-0.01547205913811922,-0.2982785701751709,0.43222418427467346,0.3771950304508209,0.15557755529880524,0.7700588703155518,0.22372525930404663,-0.6635158658027649
0.4551758749999989,0.0034223749999999996,133.0,2.1197133133183055,-0.6140386213854074,0.4461584906074918,-0.00015185459895815373,-7.947602057605837e-6,-7.411957166687433e-5,0.06827145503947042,-0.08531466126441956,0.14924636483192444,-0.15736693143844604,0.2852299213409424,-0.01570984348654747,-0.29261040687561035,0.4384458363056183,0.37290069460868835,0.15127913653850555,0.7786273956298828,0.22407174110412598,-0.661840558052063
0.4551758749999989,0.0034223749999999996,133.0,2.08672618699166,-0.5814399455824284,0.4460791573779686,1.683416270866317e-5,9.348658177014043e-7,8.25536604163347e-6,0.06826369853250765,-0.08737504482269287,0.14736860990524292,-0.15779003500938416,0.2750835716724396,-0.009018983691930771,-0.2698385715484619,0.4506918787956238,0.3803870975971222,0.1674022525548935,0.787614107131958,0.23886796832084656,-0.6592531204223633
0.4551758749999989,0.0034223749999999996,133.0,2.052894208446112,-0.5477520801748738,0.44590401265146107,0.00018598276366172919,1.0577400513340667e-5,9.13029785513847e-5,0.06825439579802366,-0.08958861231803894,0.14805451035499573,-0.1595565676689148,0.272656112909317,-0.0070926733314991,-0.25496578216552734,0.4618946611881256,0.3809841275215149,0.17643992602825165,0.7952077388763428,0.2402457594871521,-0.6574835777282715
0.4551758749999989,0.0034223749999999996,133.0,2.0181680691487474,-0.5129748437396318,0.4455878477769373,0.00036934658882291864,2.108727424471574e-5,0.00018128098704915964,0.06824157371353551,-0.09243550896644592,0.1513526290655136,-0.16270971298217773,0.27890869975090027,-0.007309506647288799,-0.2503037452697754,0.47051146626472473,0.37418580055236816,0.17632722854614258,0.8036069869995117,0.229539692401886,-0.6569979786872864
0.4551758749999989,0.0034223749999999996,133.0,1.9826326847042737,-0.47760785760620533,0.44539889459684046,0.0005135700104136315,3.000391228000201e-5,0.0002523603744641901,0.06823134279503239,-0.09502846002578735,0.15226800739765167,-0.16458407044410706,0.2768116593360901,-0.005199993960559368,-0.23543119430541992,0.4827442467212677,0.3751485049724579,0.18353131413459778,0.8129744529724121,0.23210319876670837,-0.6559386849403381
0.4551758749999989,0.0034223749999999996,133.0,1.9462809494463185,-0.44142168186566866,0.4452052286485687,0.0006762431905969168,4.0482409827577036e-5,0.00033267448686192077,0.06822132206016306,-0.09747901558876038,0.1530384123325348,-0.1665094494819641,0.2743928134441376,-0.003447428345680237,-0.22017645835876465,0.49527451395988464,0.37589412927627563,0.1924622654914856,0.8216845989227295,0.23389992117881775,-0.6543304920196533
0.4551758749999989,0.0034223749999999996,133.0,1.9091293921297285,-0.40442030106937116,0.44501920751077584,0.0008495264008000949,5.222294063968592e-5,0.0004183644624739281,0.06821196324202952,-0.09959679841995239,0.1535487025976181,-0.168489009141922,0.27140358090400696,-0.0024240859784185886,-0.20454812049865723,0.5079265832901001,0.376312255859375,0.20448242127895355,0.8288605213165283,0.23431211709976196,-0.6518049836158752
0.4551758749999989,0.0034223749999999996,133.0,1.8711947424389594,-0.3666263244895734,0.44481330454161294,0.0010462706980343018,6.652079734322627e-5,0.0005159761924207738,0.06820395006298982,-0.10125607252120972,0.15366579592227936,-0.17059338092803955,0.26777663826942444,-0.003225244116038084,-0.18915081024169922,0.5210070610046387,0.3765782415866852,0.2195027768611908,0.8339388370513916,0.23469659686088562,-0.6484701037406921
0.4551758749999989,0.0034223749999999996,133.0,1.8324455130730746,-0.3280042690545692,0.4446337505832267,0.001233130946362867,8.080501788471341e-5,0.0006086256707594498,0.06819666054642307,-0.10264971852302551,0.1535743921995163,-0.17276287078857422,0.2637181878089905,-0.005104031879454851,-0.17381024360656738,0.5345238447189331,0.3769141435623169,0.2366635948419571,0.8377621173858643,0.2346765100955963,-0.6447611451148987
0.4551758749999989,0.0034223749999999996,133.0,1.7927763191063917,-0.2888542397792734,0.4444851156111797,0.0013541271340449528,9.419867195207885e-5,0.0006690385879284999,0.06819149402858247,-0.10480999946594238,0.15064355731010437,-0.17413923144340515,0.2503845989704132,0.0017667384818196297,-0.145477294921875,0.5571720004081726,0.3883938193321228,0.2798195481300354,0.842613697052002,0.244391530752182,-0.6429340839385986
0.4551758749999989,0.0034223749999999996,133.0,1.7523065015045465,-0.24855553390509158,0.4442874915536894,0.0015091365682722163,0.00010812908612964536,0.0007465098861810555,0.0681826188681365,-0.10686874389648438,0.1508740484714508,-0.1761588752269745,0.24720130860805511,0.0025693331845104694,-0.13090229034423828,0.5729783773422241,0.3895138204097748,0.2935910224914551,0.8493540287017822,0.2463412880897522,-0.6409158706665039
0.4551758749999989,0.0034223749999999996,133.0,1.710881333354672,-0.2069459894098276,0.44387361777434775,0.0016603345298540056,0.000120409268697834,0.0008222490096603551,0.06816469031086074,-0.10982561111450195,0.15565326809883118,-0.18007385730743408,0.25951310992240906,0.0007372988620772958,-0.1330585479736328,0.580661416053772,0.37501996755599976,0.2882835566997528,0.8578038215637207,0.22220274806022644,-0.638775646686554
0.4551758749999989,0.0034223749999999996,133.0,1.6695210858228255,-0.16370965800475262,0.4462634296122444,0.001802655716304962,0.00012061261285959844,0.0008983595198136818,0.06808198907240572,-0.11044690012931824,0.1533089429140091,-0.18060293793678284,0.24556544423103333,-0.0016917744651436806,-0.1104428768157959,0.5923982858657837,0.382673978805542,0.29175516963005066,0.8669157028198242,0.24933332204818726,-0.6325251460075378
0.4551758749999989,0.0034223749999999996,133.0,1.6263527586167403,-0.12066237703957845,0.4459394707089614,0.0019003220537000753,0.00013612572626172913,0.00095020945389117,0.06806250701713785,-0.11464956402778625,0.15333852171897888,-0.18322521448135376,0.24040740728378296,0.009027352556586266,-0.08759212493896484,0.6177104115486145,0.38851499557495117,0.32674461603164673,0.8801984786987305,0.24486714601516724,-0.6332615613937378
0.4551758749999989,0.0034223749999999996,133.0,1.5821176951794078,-0.07747898432827724,0.44596744745352407,0.0018742814644641035,0.00014411940897702996,0.0009430586714153795,0.06804742934091534,-0.1226176917552948,0.14985880255699158,-0.18311229348182678,0.21808937191963196,0.03642735630273819,-0.04804205894470215,0.6567234992980957,0.4174594283103943,0.35982441902160645,0.9172391891479492,0.2892305552959442,-0.6401097178459167
0.4551758749999989,0.0034223749999999996,133.0,1.5354149206773,-0.030940443080705166,0.4429804612037419,0.0017547482994440969,8.125426079296713e-5,0.0008969232518044667,0.0680068524390345,-0.14960145950317383,0.20953427255153656,-0.18997791409492493,0.3616700768470764,0.05215113237500191,-0.11348986625671387,0.38011372089385986,0.3774508237838745,-0.34787121415138245,1.1967103481292725,0.12331678718328476,-0.7434974908828735
0.4551758749999989,0.0034223749999999996,133.0,1.4869331451965049,0.019940905795950432,0.4434343585283784,0.00010332934819151668,-3.815101547044706e-6,5.4674387126903205e-5,0.06776785837826077,-0.19999045133590698,0.28105199337005615,-0.17734286189079285,0.4241962134838104,0.016484098508954048,0.06025052070617676,-0.07807563245296478,0.587367057800293,-1.4678033590316772,1.6562671661376953,0.03399072587490082,-1.0146870613098145
0.4551758749999989,0.0034223749999999996,133.0,1.5283867409194365,0.05387301436384725,0.4456908396004318,-0.001712012357469713,-0.0001203806239197974,-0.0009376534060960239,0.06726368217277047,-0.22243329882621765,0.12678077816963196,-0.18243485689163208,0.630064845085144,-0.16473250091075897,0.17670297622680664,0.9053552150726318,-0.05029398202896118,-0.6263218522071838,1.5122549533843994,-0.00923430547118187,-0.5798125863075256
0.4551758749999989,0.0034223749999999996,133.0,1.5669218724442844,0.10160060088808065,0.4500398667480711,-0.001933371512377005,1.1224450991431814e-5,-0.0010654178422159393,0.06675238103618353,-0.2909652292728424,0.16141574084758759,-0.12070658802986145,0.9196093082427979,-0.4124692678451538,0.45166945457458496,0.47782766819000244,0.07671552896499634,-1.512632966041565,1.9361028671264648,0.31804317235946655,-0.9951333999633789
0.4551758749999989,0.0034223749999999996,133.0,1.6063204091458276,0.14813598494783287,0.4547844364694571,-0.001950474024136029,9.443138875042063e-5,-0.001037286257401838,0.06646238512036755,-0.34346452355384827,0.19515345990657806,-0.05425584316253662,1.1795549392700195,-0.7456198334693909,0.556577205657959,0.08955420553684235,0.22032380104064941,-1.8822047710418701,2.015608787536621,0.5290412902832031,-1.3992705345153809
0.4551758749999989,0.0034223749999999996,133.0,1.6481841689705372,0.1924493609613312,0.4562621795692098,-0.0018487508791419165,0.00010159734178302813,-0.0009651058162241921,0.06639319112524081,-0.3497754633426666,0.21019944548606873,-0.03315609693527222,1.269007921218872,-0.8143661618232727,0.558701753616333,0.0345923975110054,0.23094972968101501,-1.9549086093902588,1.9571332931518555,0.5525548458099365,-1.4998507499694824
0.4551758749999989,0.0034223749999999996,133.0,1.6898767790568863,0.23514988086127797,0.45714510943491665,-0.0016963777524897164,9.947278838755131e-5,-0.0008743504368172022,0.06636704597570355,-0.3535424768924713,0.21770702302455902,-0.022527724504470825,1.3031136989593506,-0.8681255578994751,0.5628757476806641,-0.005340459756553173,0.24579840898513794,-1.9811066389083862,1.9254350662231445,0.5793694257736206,-1.5490052700042725
0.4551758749999989,0.0034223749999999996,133.0,1.730700839674364,0.27662323988589266,0.4571179542578486,-0.0015046106469348724,8.747983116466413e-5,-0.0007741845912517736,0.06637040293913418,-0.35392990708351135,0.2211635708808899,-0.018788635730743408,1.317047357559204,-0.8855495452880859,0.5685575008392334,0.002759381663054228,0.24940404295921326,-1.9936810731887817,1.89784574508667,0.6084320545196533,-1.566774845123291
0.4551758749999989,0.0034223749999999996,133.0,1.7710684099121976,0.317217488449032,0.45730512089837616,-0.001418220829649506,7.943421210656536e-5,-0.0007248196590902184,0.06636462726973895,-0.35562166571617126,0.22370979189872742,-0.019244730472564697,1.3116203546524048,-0.9024384617805481,0.5865623950958252,0.03406382352113724,0.26032716035842896,-2.008389472961426,1.8875532150268555,0.6270045042037964,-1.572516918182373
0.4551758749999989,0.0034223749999999996,133.0,1.8107283081818137,0.3570302212214232,0.45781904456541983,-0.0012159895517412488,6.791297675637754e-5,-0.0006143812355710355,0.06634743097632123,-0.35353216528892517,0.2269311249256134,-0.011607259511947632,1.3498891592025757,-0.9021943211555481,0.5842177867889404,0.031557876616716385,0.2447790801525116,-2.0147883892059326,1.8410210609436035,0.6630957722663879,-1.5953967571258545
0.4551758749999989,0.0034223749999999996,133.0,1.8493213431347577,0.3959859545603768,0.4580849934599764,-0.0010595370539304946,5.852572622074225e-5,-0.0005314767464571792,0.06634053215408232,-0.35382041335105896,0.22980867326259613,-0.007571965456008911,1.365686297416687,-0.9185876846313477,0.5912812948226929,0.03933807834982872,0.24574622511863708,-2.0269477367401123,1.8115239143371582,0.6921833157539368,-1.6123714447021484
0.4551758749999989,0.0034223749999999996,133.0,1.8870840160551166,0.4341033075515944,0.45834651435562496,-0.0008625916380872989,4.7198907494557146e-5,-0.00042964358463295344,0.06633388181237543,-0.35221537947654724,0.23269115388393402,0.00037026405334472656,1.4012881517410278,-0.9282788038253784,0.584465742111206,0.02607324905693531,0.23460125923156738,-2.031231164932251,1.763890266418457,0.7298989295959473,-1.6369725465774536
0.4551758749999989,0.0034223749999999996,133.0,1.9240336234120246,0.4713632958152728,0.45860399799414997,-0.0006873664509744548,3.7227607604751073e-5,-0.00034002039785812943,0.06632804619996684,-0.3522532284259796,0.2351672649383545,0.0040091872215271,1.4157556295394897,-0.9411861896514893,0.5898199081420898,0.034255754202604294,0.23383980989456177,-2.04093861579895,1.7354660034179688,0.7572923302650452,-1.6508629322052002
0.4551758749999989,0.0034223749999999996,133.0,1.9601446561212506,0.5077824437204893,0.45884980456281343,-0.0005198204025982848,2.7834166794126462e-5,-0.0002554454031985967,0.06632229288822916,-0.35383298993110657,0.23717482388019562,0.002567499876022339,1.4084028005599976,-0.955029308795929,0.6094299554824829,0.06990432739257812,0.24281489849090576,-2.0586161613464355,1.7250094413757324,0.7757797837257385,-1.6527674198150635
0.4551758749999989,0.0034223749999999996,133.0,1.9954200469390584,0.5433465072451883,0.45903364036166966,-0.000357668269413059,1.8838743239235383e-5,-0.0001747413961104117,0.06631739567611175,-0.35368701815605164,0.23906521499156952,0.004833340644836426,1.418747901916504,-0.959088146686554,0.6147099733352661,0.08174489438533783,0.23992514610290527,-2.0626373291015625,1.7023749351501465,0.7973368763923645,-1.6603741645812988
0.4551758749999989,0.0034223749999999996,133.0,2.0298370451265093,0.57807913825169,0.45923013513358596,-0.00020082750051254796,1.0385586722480016e-5,-9.757985428565033e-5,0.06631036495803594,-0.3537043631076813,0.24079643189907074,0.00662916898727417,1.4278138875961304,-0.9588277339935303,0.6195359230041504,0.09326846897602081,0.2361932396888733,-2.064318895339966,1.683657169342041,0.8150426745414734,-1.6658369302749634
0.4551758749999989,0.0034223749999999996,133.0,2.0630538451516527,0.6120053451321303,0.45917255391067535,-5.991283627912865e-5,3.0109296498086354e-6,-2.9077264243080545e-5,0.06630375392910387,-0.3570576012134552,0.24311673641204834,0.0046263933181762695,1.4152823686599731,-0.9728851914405823,0.6431480646133423,0.1156175285577774,0.25028184056282043,-2.075650930404663,1.6877975463867188,0.8162381052970886,-1.667564868927002
0.4551758749999989,0.0034223749999999996,133.0,2.0954117658276212,0.6451592209486319,0.4593643233690662,0.00012945748695216943,-6.479996423416208e-6,6.256125974969093e-5,0.06628774835133829,-0.36042580008506775,0.2456708699464798,0.005218535661697388,1.4154142141342163,-0.985986590385437,0.6600415706634521,0.11959488689899445,0.2592165470123291,-2.0841305255889893,1.6860847473144531,0.8180482983589172,-1.6767401695251465
0.4551758749999989,0.0034223749999999996,133.0,2.127775707514918,0.6754272083046734,0.45717612888605796,0.00030540585282812737,-1.3873013409727121e-5,0.00014590759857336486,0.06644338775151458,-0.3558579385280609,0.246070995926857,0.01108446717262268,1.432993769645691,-0.9946295022964478,0.6352165937423706,0.1001196801662445,0.25151169300079346,-2.06613826751709,1.6416549682617188,0.8597257733345032,-1.6867001056671143
0.4551758749999989,0.0034223749999999996,133.0,2.1585411963244754,0.7068865743549877,0.45731969747422524,0.0004833419077266615,-2.186375386816769e-5,0.00022999275542770185,0.06643500441588915,-0.35893914103507996,0.2485417127609253,0.012314677238464355,1.4333950281143188,-1.0161821842193604,0.6534907817840576,0.10817404091358185,0.2619481682777405,-2.080902576446533,1.6339759826660156,0.8711672425270081,-1.6976938247680664
0.4551758749999989,0.0034223749999999996,133.0,2.188925164139689,0.7374478173624849,0.4578207676642715,0.0006950975867716411,-3.1047095057917e-5,0.0003276374826159303,0.0664182145520197,-0.35755226016044617,0.2501557767391205,0.017590075731277466,1.461673378944397,-1.0084280967712402,0.6499483585357666,0.11562831699848175,0.24396488070487976,-2.0889482498168945,1.6013507843017578,0.8999279737472534,-1.7080847024917603
0.4551758749999989,0.0034223749999999996,133.0,2.218509614962486,0.767120814547143,0.4581720998093399,0.0008467468368803297,-3.699467656330597e-5,0.00039606872634430693,0.06641023953606286,-0.35613325238227844,0.25137317180633545,0.021583884954452515,1.4817748069763184,-1.004613995552063,0.6481436491012573,0.1288381665945053,0.23009327054023743,-2.0961318016052246,1.5706984996795654,0.9297775030136108,-1.7144434452056885
0.4551758749999989,0.0034223749999999996,133.0,2.247224760739501,0.7959924432801732,0.4587327358356186,0.0010409461231518382,-4.615914359434872e-5,0.0004826357457754514,0.06639747196428807,-0.35534706711769104,0.2528553605079651,0.028190970420837402,1.5098483562469482,-1.0090771913528442,0.6383761167526245,0.11606229841709137,0.21784427762031555,-2.0978970527648926,1.538118600845337,0.9585193395614624,-1.7302987575531006
0.4551758749999989,0.0034223749999999996,133.0,2.274840497091687,0.8240149438185314,0.45884096396620105,0.0011900750387211746,-5.280666568476784e-5,0.0005499502187228581,0.06639720459908331,-0.3574840724468231,0.2546292245388031,0.02884209156036377,1.5058428049087524,-1.0318902730941772,0.6544630527496338,0.1280464380979538,0.2287125587463379,-2.110198736190796,1.5278396606445312,0.9751850366592407,-1.7373452186584473
0.4551758749999989,0.0034223749999999996,133.0,2.3018078642674955,0.851170935853424,0.45914929513601854,0.0013572447544389229,-6.033610601739767e-5,0.0006233718672548944,0.06639210929730148,-0.35757455229759216,0.25600215792655945,0.0341755747795105,1.5256937742233276,-1.0412088632583618,0.6479372978210449,0.1153109073638916,0.22271233797073364,-2.1106343269348145,1.5019795894622803,0.997957706451416,-1.7512321472167969
0.4551758749999989,0.0034223749999999996,133.0,2.32810424004134,0.8773974222931422,0.45918653769319384,0.001556945431885113,-6.596682864761203e-5,0.0007124479448113735,0.06639296501119277,-0.35640910267829895,0.2567572593688965,0.035924941301345825,1.535746455192566,-1.036383867263794,0.6492898464202881,0.13384327292442322,0.21246543526649475,-2.1166892051696777,1.4794411659240723,1.0204246044158936,-1.7511736154556274
0.4551758749999989,0.0034223749999999996,133.0,2.353425887187719,0.9028637801136005,0.45933512860352055,0.0017601341871006624,-7.371635430287748e-5,0.0008022981653909901,0.06638849431560497,-0.3562622368335724,0.25775715708732605,0.03722083568572998,1.5427964925765991,-1.0345630645751953,0.6532862186431885,0.14581765234470367,0.20694419741630554,-2.1211488246917725,1.4650287628173828,1.0347392559051514,-1.7527961730957031
0.4551758749999989,0.0034223749999999996,133.0,2.377717593107181,0.9275343027981543,0.4595026551401715,0.0019860230292952355,-8.351006641606196e-5,0.0009019121879958794,0.06638414893508418,-0.35779890418052673,0.259133517742157,0.03886204957962036,1.5471348762512207,-1.0464550256729126,0.6602840423583984,0.14608128368854523,0.21014681458473206,-2.1262099742889404,1.4539172649383545,1.0458426475524902,-1.7604284286499023
0.4551758749999989,0.0034223749999999996,133.0,2.4012025069546175,0.9513389487345576,0.4594764687089836,0.0021527974632986197,-8.938663455835603e-5,0.0009763454373857477,0.06638418762919383,-0.35944464802742004,0.2603856027126312,0.038852572441101074,1.5440212488174438,-1.0579193830490112,0.6722772121429443,0.15513479709625244,0.2163654863834381,-2.1319563388824463,1.4477863311767578,1.0545272827148438,-1.7636587619781494
0.4551758749999989,0.0034223749999999996,133.0,2.423789514396027,0.974324746720673,0.45947343752780845,0.002365261324301536,-9.699478986829386e-5,0.0010710042630063055,0.06638254774529792,-0.3613085448741913,0.2617616057395935,0.038101524114608765,1.5381115674972534,-1.0687646865844727,0.6885043382644653,0.1700182408094406,0.2233525812625885,-2.1411314010620117,1.4438796043395996,1.0612868070602417,-1.764885663986206
0.4551758749999989,0.0034223749999999996,133.0,2.445663396415364,0.9964565827781985,0.4595116444450907,0.0025808323489573347,-0.00010498943305304401,0.0011662939378927573,0.06638106955600574,-0.36034563183784485,0.2624069154262543,0.04189744591712952,1.5560773611068726,-1.0647917985916138,0.6798583269119263,0.16649048030376434,0.21153920888900757,-2.1413135528564453,1.4220201969146729,1.0804651975631714,-1.771064043045044
0.4551758749999989,0.0034223749999999996,133.0,2.466756282664051,1.017758569173634,0.45959891990170526,0.00280884368327862,-0.00011282060796413155,0.0012660625419681163,0.06637713414738708,-0.3634195029735565,0.2641408443450928,0.03967517614364624,1.5403883457183838,-1.0864962339401245,0.7068331241607666,0.1852901726961136,0.22798830270767212,-2.1556849479675293,1.4242663383483887,1.0828120708465576,-1.7720286846160889
0.4551758749999989,0.0034223749999999996,133.0,2.487189035868988,1.0381983003985487,0.4601656534785135,0.003042549016930474,-0.00012805194326238453,0.001358917084033946,0.06636442115680319,-0.36180898547172546,0.264791339635849,0.04620686173439026,1.5727849006652832,-1.0736253261566162,0.685078501701355,0.16735300421714783,0.20696863532066345,-2.15303111076355,1.3986485004425049,1.1029472351074219,-1.7833261489868164
0.4551758749999989,0.0034223749999999996,133.0,2.5066243409179076,1.0579067978542673,0.4605562293172244,0.003222958942800013,-0.0001359279100809773,0.0014333574535954539,0.06635579012065665,-0.36239781975746155,0.2659239172935486,0.049966245889663696,1.5880283117294312,-1.0760307312011719,0.6800471544265747,0.1578207165002823,0.20109468698501587,-2.1557507514953613,1.384244680404663,1.1148321628570557,-1.7926950454711914
0.4551758749999989,0.0034223749999999996,133.0,2.525360473014894,1.0766850100161502,0.46098706359507774,0.00342835703341049,-0.00014623801744538965,0.0015151457642501073,0.06634660415663542,-0.3626961410045624,0.2666989862918854,0.052403420209884644,1.5991017818450928,-1.0768499374389648,0.6798704862594604,0.15987972915172577,0.19454434514045715,-2.1607136726379395,1.369375467300415,1.1279054880142212,-1.7972743511199951
0.4551758749999989,0.0034223749999999996,133.0,2.5427475013855285,1.0947028680994388,0.46076472142243297,0.003602106236840596,-0.0001553360335574864,0.001594667473541601,0.06635345356250293,-0.36562588810920715,0.26827195286750793,0.05317983031272888,1.5934016704559326,-1.1012591123580933,0.691132664680481,0.14929388463497162,0.21004042029380798,-2.1642262935638428,1.3690965175628662,1.1284840106964111,-1.8071489334106445
0.4551758749999989,0.0034223749999999996,133.0,2.559829311218141,1.1117754238488318,0.46094162657786064,0.003809693648930241,-0.00016226878314383673,0.0016801136164476527,0.06634906727000948,-0.36537966132164,0.26887211203575134,0.05519130825996399,1.6030709743499756,-1.0997068881988525,0.6902289390563965,0.15403017401695251,0.2028089463710785,-2.1688072681427,1.354341983795166,1.141436219215393,-1.8096473217010498
0.4551758749999989,0.0034223749999999996,133.0,2.5758997206285863,1.128051820782066,0.4611080966531698,0.003992198386819167,-0.0001709629411200295,0.0017556411519557974,0.06634578076698318,-0.3674515187740326,0.2699459493160248,0.0561617910861969,1.6013386249542236,-1.1199594736099243,0.7010104656219482,0.1516488641500473,0.21240487694740295,-2.175180673599243,1.347775936126709,1.147688865661621,-1.8176100254058838
0.4551758749999989,0.0034223749999999996,133.0,2.5910910314599414,1.143398866132157,0.4608540564584907,0.004171739849407335,-0.0001769267419735618,0.0018329835399311337,0.06635205596574449,-0.36610791087150574,0.2700185179710388,0.05816042423248291,1.6104719638824463,-1.1183021068572998,0.6973161697387695,0.15887871384620667,0.203632652759552,-2.1780338287353516,1.329179048538208,1.1656334400177002,-1.8180296421051025
0.4551758749999989,0.0034223749999999996,133.0,2.605622338780848,1.1579569341145404,0.46107729128895225,0.0043150240057150705,-0.0001843980395767554,0.0018886166615794111,0.06635046034124835,-0.3675757944583893,0.27073025703430176,0.05810898542404175,1.603293538093567,-1.1409485340118408,0.7116917371749878,0.16519571840763092,0.21552792191505432,-2.18609619140625,1.3228681087493896,1.1767750978469849,-1.822876214981079
0.4551758749999989,0.0034223749999999996,133.0,2.6191790306884326,1.1716910437010384,0.46118630467690813,0.004442288130354521,-0.00019470687667612552,0.0019394347880782507,0.0663562666466216,-0.36879298090934753,0.2711014449596405,0.05961400270462036,1.5998778343200684,-1.1714578866958618,0.7189255952835083,0.15807603299617767,0.22949570417404175,-2.191152572631836,1.3116204738616943,1.194952368736267,-1.8335192203521729
0.4551758749999989,0.0034223749999999996,133.0,2.6323171593621333,1.1845260947491165,0.4616218933367831,0.004581352580389544,-0.00020580312209452802,0.0019877518059861427,0.06635473626675192,-0.36727216839790344,0.2707270681858063,0.06310895085334778,1.6127835512161255,-1.1790014505386353,0.7090581655502319,0.15023669600486755,0.22438213229179382,-2.1935105323791504,1.2903807163238525,1.2207655906677246,-1.8413076400756836
0.4551758749999989,0.0034223749999999996,133.0,2.6447053818886905,1.1964750007086713,0.46166596240077445,0.004727063331795344,-0.00020237569899698266,0.002043677837610126,0.06635685088568632,-0.3621438443660736,0.2695840001106262,0.06722763180732727,1.6391575336456299,-1.1484144926071167,0.6831512451171875,0.16069594025611877,0.1924220621585846,-2.191568613052368,1.2597570419311523,1.2506181001663208,-1.8356690406799316
0.4551758749999989,0.0034223749999999996,133.0,2.656397526595179,1.2075524036361633,0.4619907374658313,0.004878248642066817,-0.00020516286515924478,0.002095093966058361,0.066353628081001,-0.358197957277298,0.26871493458747864,0.06996205449104309,1.6575684547424316,-1.1259665489196777,0.6667740345001221,0.17372123897075653,0.16872522234916687,-2.193596601486206,1.2355735301971436,1.27589750289917,-1.8303663730621338
0.4551758749999989,0.0034223749999999996,133.0,2.6673083940255844,1.2177934552989393,0.46217316634947714,0.005023227051439919,-0.0002012722147315538,0.002145773740944972,0.06635312422009954,-0.35264626145362854,0.26738426089286804,0.07324215769767761,1.682689905166626,-1.0866897106170654,0.6413743495941162,0.19217227399349213,0.132833331823349,-2.1925156116485596,1.2070777416229248,1.3025884628295898,-1.819535493850708
0.4551758749999989,0.0034223749999999996,133.0,2.677203316352952,1.2273042880400131,0.46237993729373317,0.005187415830038461,-0.0001989898742055555,0.0022084659713816905,0.06635273732905428,-0.3491910398006439,0.2666013240814209,0.07448640465736389,1.6944987773895264,-1.0654237270355225,0.6323548555374146,0.21328216791152954,0.11253997683525085,-2.1972930431365967,1.1874420642852783,1.3237849473953247,-1.8110802173614502
0.4551758749999989,0.0034223749999999996,133.0,2.685648781529964,1.2381378161514085,0.46535601765575524,0.005432459899975895,-0.0002231957286129593,0.0022995629493863623,0.0661618867735969,-0.3512003719806671,0.26788127422332764,0.07446691393852234,1.7153741121292114,-1.0335382223129272,0.6495922803878784,0.24699898064136505,0.09016060829162598,-2.2263283729553223,1.1905624866485596,1.316864013671875,-1.8095712661743164
0.4551758749999989,0.0034223749999999996,133.0,2.6941492608835382,1.2459027141518768,0.4657961163182956,0.005686808282160211,-0.00022876402947740617,0.0023927010457948767,0.06615856196363283,-0.3457227051258087,0.2665964663028717,0.07845094799995422,1.7446703910827637,-0.9880032539367676,0.616296648979187,0.2547388970851898,0.05171579122543335,-2.2219455242156982,1.16575026512146,1.3347808122634888,-1.8002500534057617
0.4551758749999989,0.0034223749999999996,133.0,2.701495156766827,1.25286410288248,0.46583857039784177,0.006072566678695174,-0.00023664516189817684,0.0025475614459762263,0.06616098862087712,-0.34261777997016907,0.2659306824207306,0.0796370804309845,1.7540745735168457,-0.973751425743103,0.6077450513839722,0.26792484521865845,0.036768436431884766,-2.2266335487365723,1.147038221359253,1.352016568183899,-1.794729232788086
0.4551758749999989,0.0034223749999999996,133.0,2.7081436093246998,1.259027137054526,0.46604864780703087,0.006718276142523797,-0.00025636403192470954,0.002806286817922736,0.0661603526277717,-0.33892008662223816,0.2652861773967743,0.08013316988945007,1.7653635740280151,-0.9486779570579529,0.5994435548782349,0.28776153922080994,0.016352415084838867,-2.2337422370910645,1.1297152042388916,1.365009069442749,-1.7856144905090332
0.4551758749999989,0.0034223749999999996,133.0,2.7138998788084328,1.264401832549821,0.4660096012691881,0.00818082859750072,-0.0003053382467044962,0.003403692539749263,0.06616357637255965,-0.33529308438301086,0.2652219235897064,0.08146843314170837,1.7790923118591309,-0.9337465167045593,0.5918080806732178,0.2967519760131836,0.0003848075866699219,-2.2473413944244385,1.1063146591186523,1.3773139715194702,-1.783402919769287
0.4551758749999989,0.0034223749999999996,133.0,2.718899139232514,1.2694437116729278,0.466182316787376,0.015215468853172029,-0.0006153167111781802,0.006215702657279677,0.06614765909425485,-0.33128127455711365,0.2689017355442047,0.08275440335273743,1.8059372901916504,-0.9474195241928101,0.6179728507995605,0.3038969337940216,-0.004411101341247559,-2.325864791870117,1.046891450881958,1.3855414390563965,-1.8058099746704102
0.4551758749999989,0.0034223749999999996,133.0,2.7128722840895314,-1.2338201033756362,0.43784906014986735,-0.013843719828441054,-0.00038649737435712497,-0.006787872891435866,0.06841136771816611,-0.05615237355232239,0.1434100866317749,-0.12901777029037476,0.33620426058769226,0.02052769437432289,-0.6635932922363281,0.2818863093852997,0.42727482318878174,-0.13830293715000153,0.7157561779022217,0.44902822375297546,-0.7666638493537903
0.4551758749999989,0.0034223749999999996,133.0,2.7082882166445432,-1.2289264046850927,0.4381965941134436,-0.007474880891786313,-0.00016615304931806384,-0.0036632903381369508,0.06837848005722912,-0.05662888288497925,0.14817452430725098,-0.12572512030601501,0.3536898195743561,-0.026700850576162338,-0.6568582057952881,0.2704622447490692,0.4077748656272888,-0.20105919241905212,0.731093168258667,0.4316326081752777,-0.764541745185852
0.4551758749999989,0.0034223749999999996,133.0,2.702773461485539,-1.2234519706919855,0.43817409111968453,-0.006142203843620104,-0.0001328984445641472,-0.0030070761884773327,0.06836457290606203,-0.05838322639465332,0.1487620323896408,-0.12501472234725952,0.35357901453971863,-0.02613944560289383,-0.6385369300842285,0.2685699760913849,0.40435999631881714,-0.19072012603282928,0.7370054721832275,0.39611849188804626,-0.7610167860984802
0.4551758749999989,0.0034223749999999996,133.0,2.69656859784963,-1.2173983042630627,0.43818028444325957,-0.005555277188895833,-0.00011978387835905296,-0.0027175644237834046,0.06835992520713861,-0.05862605571746826,0.14726845920085907,-0.12469413876533508,0.3481241762638092,-0.026760034263134003,-0.6249208450317383,0.27058374881744385,0.4031381905078888,-0.17537690699100494,0.7378385066986084,0.3833496570587158,-0.754332959651947
0.4551758749999989,0.0034223749999999996,133.0,2.6893910713873828,-1.21039439852217,0.43813252612813985,-0.005215023736520016,-0.00011760959159229928,-0.0025490463855485047,0.06835073347032555,-0.05988597869873047,0.14664869010448456,-0.12475249171257019,0.34382545948028564,-0.021214555948972702,-0.6043603420257568,0.27276983857154846,0.4025786519050598,-0.14890189468860626,0.7389543056488037,0.3505794405937195,-0.7494763135910034
0.4551758749999989,0.0034223749999999996,133.0,2.680651070685969,-1.2042193662420448,0.43555968108786297,-0.004974625881027825,-0.00016616970761686945,-0.002428296690905875,0.0684237924433474,-0.059951841831207275,0.14498946070671082,-0.12453797459602356,0.3399009108543396,-0.015126378275454044,-0.5949418544769287,0.27861180901527405,0.4018837809562683,-0.12476400285959244,0.7341313362121582,0.3323916792869568,-0.7448675036430359
0.4551758749999989,0.0034223749999999996,133.0,2.671877777129868,-1.1958215840570476,0.43554986633965026,-0.004777931667889373,-0.0001668377494805941,-0.00233213118131663,0.06841825349309473,-0.061038315296173096,0.14237374067306519,-0.12356826663017273,0.32922133803367615,-0.007983570918440819,-0.5665199756622314,0.28316235542297363,0.40569669008255005,-0.0908118262887001,0.735781192779541,0.3096149265766144,-0.7380074858665466
0.4551758749999989,0.0034223749999999996,133.0,2.662314839262565,-1.1864328608263741,0.4354261521462726,-0.0046310527411820256,-0.00016559830181330502,-0.002256289089041994,0.06841387246410961,-0.06151312589645386,0.1414850652217865,-0.12422144412994385,0.32498931884765625,-0.004314615856856108,-0.5489716529846191,0.287757933139801,0.40482640266418457,-0.06483770161867142,0.7320084571838379,0.2854703962802887,-0.7328972220420837
0.4551758749999989,0.0034223749999999996,133.0,2.6518529032377205,-1.176183107611291,0.43536315092377786,-0.004500178880749437,-0.00016671100975456136,-0.0021875770220741633,0.06840667596460565,-0.06277662515640259,0.1400744765996933,-0.124208003282547,0.3179728388786316,0.004086037632077932,-0.5204346179962158,0.2937746047973633,0.40689438581466675,-0.026913737878203392,0.7294163703918457,0.2512207329273224,-0.7279428839683533
0.4551758749999989,0.0034223749999999996,133.0,2.6406292060150816,-1.1652692819082748,0.43541411360711274,-0.0043676739247459784,-0.0001693360900542561,-0.002121342847434941,0.06840262711257548,-0.06311503052711487,0.13677161931991577,-0.12316793203353882,0.30548346042633057,0.009558293968439102,-0.4895210266113281,0.30028408765792847,0.412098228931427,0.008749152533710003,0.7266170978546143,0.23601633310317993,-0.7206440567970276
0.4551758749999989,0.0034223749999999996,133.0,2.6286350825309546,-1.153370434601829,0.4353757581855137,-0.004245434130061976,-0.00016890530687667726,-0.002058447685452305,0.06840054045630643,-0.06310051679611206,0.13611876964569092,-0.12422984838485718,0.30198904871940613,0.010221396572887897,-0.47316718101501465,0.3058551549911499,0.4107876718044281,0.032204918563365936,0.7198145389556885,0.2168099731206894,-0.7158187627792358
0.4551758749999989,0.0034223749999999996,133.0,2.615834199409124,-1.1406232816371509,0.4352318067091559,-0.00412201035329308,-0.00016589412570650348,-0.001991331551976183,0.06839978229020617,-0.06232699751853943,0.13429035246372223,-0.12519189715385437,0.29635560512542725,0.011019217781722546,-0.4580874443054199,0.3123858571052551,0.4093223512172699,0.05884122475981712,0.7103047370910645,0.20418502390384674,-0.7086878418922424
0.4551758749999989,0.0034223749999999996,133.0,2.602309544044059,-1.1269670260252094,0.4350773077544946,-0.004014080880613511,-0.0001605864217197311,-0.001936138201280507,0.06840262298873667,-0.06064853072166443,0.13311812281608582,-0.1268141269683838,0.29386258125305176,0.0046819113194942474,-0.45693016052246094,0.31429415941238403,0.4042998254299164,0.07088984549045563,0.7007541656494141,0.20453888177871704,-0.7011184692382812
0.4551758749999989,0.0034223749999999996,133.0,2.587926638841248,-1.1124594445637954,0.4349136120376478,-0.003876924164796334,-0.0001532304050087897,-0.001867209390140784,0.0684050298002834,-0.05907890200614929,0.1336936056613922,-0.12897738814353943,0.2961854338645935,-0.006748056039214134,-0.46535277366638184,0.31505724787712097,0.39683768153190613,0.06564068049192429,0.6945686340332031,0.21281790733337402,-0.695946455001831
0.4551758749999989,0.0034223749999999996,133.0,2.572576819030698,-1.0970828346917894,0.43475580916792184,-0.0037020235711378736,-0.00014928722157158374,-0.0017843199178323845,0.06840255938088687,-0.05943688750267029,0.13410058617591858,-0.13028454780578613,0.2960282862186432,-0.007984181866049767,-0.45772361755371094,0.3190807104110718,0.39452868700027466,0.076178640127182,0.6918730735778809,0.20393747091293335,-0.6934789419174194
0.4551758749999989,0.0034223749999999996,133.0,2.5563530324035555,-1.080836019135098,0.43462629188277974,-0.003539892426692689,-0.00014208848805868086,-0.0017044504439457657,0.06839916330164661,-0.059876590967178345,0.13535498082637787,-0.1319357454776764,0.2986617684364319,-0.010497667826712132,-0.4580698013305664,0.3207555115222931,0.390299916267395,0.07891791313886642,0.6915075778961182,0.1999487727880478,-0.6918799877166748
0.4551758749999989,0.0034223749999999996,133.0,2.5392849925725223,-1.0638478212832658,0.4345818159618382,-0.003354093032302643,-0.00013659257525696936,-0.0016163498594225314,0.06839492000199465,-0.06088227033615112,0.13582804799079895,-0.13250118494033813,0.2974453866481781,-0.011061347089707851,-0.4476447105407715,0.3255932033061981,0.39075592160224915,0.0825195237994194,0.6943349838256836,0.1991610825061798,-0.6911581754684448
0.4551758749999989,0.0034223749999999996,133.0,2.5214454115756837,-1.0458997408753787,0.4344692949753556,-0.003177934688372193,-0.0001266738753655645,-0.0015328421317165174,0.06839349158848547,-0.06090879440307617,0.13779763877391815,-0.13407516479492188,0.3026644289493561,-0.020146574825048447,-0.46241068840026855,0.3257531523704529,0.3851547837257385,0.05673586577177048,0.6999053955078125,0.22184863686561584,-0.6908224821090698
0.4551758749999989,0.0034223749999999996,133.0,2.502621811762028,-1.0270621671726938,0.43434963078844213,-0.0029955684284119623,-0.00012101708351826435,-0.0014446880709078202,0.06838551662534574,-0.06255632638931274,0.13846038281917572,-0.13505956530570984,0.3019139766693115,-0.016483977437019348,-0.44921112060546875,0.331839382648468,0.38526445627212524,0.06970854848623276,0.7022519111633301,0.2104271650314331,-0.6902173757553101
0.4551758749999989,0.0034223749999999996,133.0,2.483043903708983,-1.0075448211893396,0.43424947839604355,-0.002831841370120016,-0.00011720931797221965,-0.0013668669255050934,0.06838059953712249,-0.063510000705719,0.13885527849197388,-0.13598337769508362,0.3005511462688446,-0.016701489686965942,-0.43884754180908203,0.33776307106018066,0.38496893644332886,0.07550735026597977,0.7044026851654053,0.20860250294208527,-0.6885958909988403
0.4551758749999989,0.0034223749999999996,133.0,2.462664766886085,-0.9870963530964457,0.4341245964650815,-0.0026171147257136886,-0.00010810767694997954,-0.0012646588008346931,0.06837645483323183,-0.06429117918014526,0.14024221897125244,-0.1373283565044403,0.3030664920806885,-0.020270317792892456,-0.4402632713317871,0.3409971296787262,0.3815793991088867,0.06731882691383362,0.7088267803192139,0.21577468514442444,-0.6877585053443909
0.4551758749999989,0.0034223749999999996,133.0,2.4414057846787336,-0.9663134527544665,0.4342260388867374,-0.002403725566449459,-0.00010392867438718267,-0.0011629784058624156,0.06837223797913076,-0.06548336148262024,0.13641227781772614,-0.1358669102191925,0.28839972615242004,-0.01175580732524395,-0.4071841239929199,0.3481720983982086,0.39154335856437683,0.09780995547771454,0.7123394012451172,0.21870946884155273,-0.6830806136131287
0.4551758749999989,0.0034223749999999996,133.0,2.419308830306529,-0.94418411878049,0.4340741406955199,-0.002201885558905554,-9.43028775754149e-5,-0.00106534564627132,0.06836706737001418,-0.06656986474990845,0.1379649043083191,-0.13744071125984192,0.29097768664360046,-0.015381584875285625,-0.4074859619140625,0.35312652587890625,0.3887118101119995,0.08868174254894257,0.717400074005127,0.2263762354850769,-0.6828852891921997
0.4551758749999989,0.0034223749999999996,133.0,2.3962998379554246,-0.9211555301577403,0.4338776202209337,-0.002000811777689919,-8.641881200103526e-5,-0.0009675931044529071,0.06835885194229854,-0.06860867142677307,0.14026811718940735,-0.1395176351070404,0.2949214279651642,-0.015306980349123478,-0.4028160572052002,0.36047878861427307,0.3859655559062958,0.08838596940040588,0.7221720218658447,0.22026191651821136,-0.6841485500335693
0.4551758749999989,0.0034223749999999996,133.0,2.3724036722049977,-0.8971133812470692,0.43355821334214184,-0.0018399026701924961,-7.957827628566836e-5,-0.0008888399888381683,0.06834898648619823,-0.07114371657371521,0.14460694789886475,-0.1428712010383606,0.3052148222923279,-0.01571744680404663,-0.4059607982635498,0.3666764497756958,0.3781436085700989,0.08464746177196503,0.7265572547912598,0.20359347760677338,-0.6866783499717712
0.4551758749999989,0.0034223749999999996,133.0,2.3478043322496505,-0.8724232224619324,0.4333914561516871,-0.0016419560388092843,-7.009081546667235e-5,-0.0007944714396131007,0.06834289338708825,-0.07261419296264648,0.14706756174564362,-0.14456871151924133,0.3099803924560547,-0.02011837437748909,-0.4091782569885254,0.3702368140220642,0.3740392327308655,0.06679059565067291,0.7345011234283447,0.2139110565185547,-0.6874094605445862
0.4551758749999989,0.0034223749999999996,133.0,2.3223166490155074,-0.8470684521212525,0.433375447773915,-0.0014584472963304889,-6.497180358570653e-5,-0.0007078141581390068,0.06833486327663547,-0.0742948055267334,0.14706063270568848,-0.1453787386417389,0.3062104880809784,-0.01860644295811653,-0.39466238021850586,0.37760263681411743,0.3761427402496338,0.07334453612565994,0.7406365871429443,0.21849241852760315,-0.6858059763908386
0.4551758749999989,0.0034223749999999996,133.0,2.2960574280833805,-0.821055181774337,0.43331925031341284,-0.0012775644000883812,-5.844264766591967e-5,-0.0006204436694299074,0.06832970016483784,-0.07564014196395874,0.14571812748908997,-0.14586958289146423,0.2987242043018341,-0.015716880559921265,-0.37505388259887695,0.3861772119998932,0.38042551279067993,0.08937598764896393,0.7452385425567627,0.22391554713249207,-0.6826443076133728
0.4551758749999989,0.0034223749999999996,133.0,2.268994789370652,-0.7940713079000379,0.43317799006981816,-0.0011276416096417667,-5.270748798070267e-5,-0.0005478434490194923,0.06832440122264075,-0.07656091451644897,0.14578722417354584,-0.14737996459007263,0.29569369554519653,-0.016529768705368042,-0.36196160316467285,0.3934369385242462,0.3797892928123474,0.10120189189910889,0.7471632957458496,0.2224300056695938,-0.6789960265159607
0.4551758749999989,0.0034223749999999996,133.0,2.241184085617527,-0.766302731256876,0.43303342958296887,-0.0009939862336627015,-4.697639757040309e-5,-0.0004832158745805144,0.06832208200137924,-0.07659333944320679,0.1454344540834427,-0.1488063633441925,0.29209011793136597,-0.02106936275959015,-0.35354137420654297,0.3986499607563019,0.37819215655326843,0.10623765736818314,0.748157262802124,0.2298671305179596,-0.6738003492355347
0.4551758749999989,0.0034223749999999996,133.0,2.2124022710917624,-0.7377149635786772,0.4328681165357981,-0.0008207722127847747,-3.9289441867169755e-5,-0.00039817501952483944,0.0683163304491207,-0.07812079787254333,0.1449730396270752,-0.15037652850151062,0.28738805651664734,-0.017905883491039276,-0.3346848487854004,0.40762609243392944,0.37949591875076294,0.13275261223316193,0.74979567527771,0.22143572568893433,-0.6704020500183105
0.4551758749999989,0.0034223749999999996,133.0,2.1827952328235773,-0.7083569682992121,0.43275902145006917,-0.0006890618307514066,-3.409865560479122e-5,-0.00033421061198754087,0.06831105885564719,-0.07958018779754639,0.14387091994285583,-0.15139630436897278,0.2800571024417877,-0.014642949216067791,-0.3128666877746582,0.41816049814224243,0.3837353587150574,0.15687550604343414,0.7528300285339355,0.22111397981643677,-0.6673325896263123
0.4551758749999989,0.0034223749999999996,133.0,2.1523329364268626,-0.6780220149406291,0.43260464784692276,-0.000517221823141217,-2.6330115163834873e-5,-0.00025115181335038267,0.0683035623347502,-0.08135774731636047,0.14436733722686768,-0.15288430452346802,0.2774789035320282,-0.013789867982268333,-0.2987632751464844,0.42742720246315,0.38446396589279175,0.16586031019687653,0.758683443069458,0.22278304398059845,-0.665533185005188
0.4551758749999989,0.0034223749999999996,133.0,2.1210741369818007,-0.6466424980346461,0.4323856973048043,-0.00032495560279668603,-1.6203423785619583e-5,-0.00015781893279970033,0.0682955659748448,-0.08291122317314148,0.14716075360774994,-0.15527251362800598,0.2829480767250061,-0.018028520047664642,-0.3007383346557617,0.4307635426521301,0.3769565224647522,0.1527440845966339,0.7666037082672119,0.22523540258407593,-0.6635411381721497
0.4551758749999989,0.0034223749999999996,133.0,2.0889368158398,-0.6144879126793468,0.4321916275594239,-0.00015187881331506803,-7.672560199814956e-6,-7.393688316075914e-5,0.0682857781517016,-0.08496063947677612,0.14929358661174774,-0.15729516744613647,0.28555601835250854,-0.018291473388671875,-0.29515552520751953,0.43692347407341003,0.3726891875267029,0.1481761783361435,0.7752053737640381,0.2257133424282074,-0.6619385480880737
0.4551758749999989,0.0034223749999999996,133.0,2.0559551319515763,-0.5818832625609622,0.4321127822726559,1.6836859676561484e-5,9.034202684107747e-7,8.234861330330411e-6,0.06827832939257775,-0.08702871203422546,0.14741741120815277,-0.15771740674972534,0.27547207474708557,-0.011583815328776836,-0.27245521545410156,0.4491785764694214,0.38021114468574524,0.16413404047489166,0.7842414379119873,0.24072667956352234,-0.6594499349594116
0.4551758749999989,0.0034223749999999996,133.0,2.0221298000961463,-0.54819703307227,0.43194299716485723,0.000186013774521912,1.0220133307690049e-5,9.10733900115349e-5,0.06826937091412137,-0.0892488956451416,0.14811675250530243,-0.15949025750160217,0.27309954166412354,-0.009674225002527237,-0.25768208503723145,0.4603494703769684,0.3808331787586212,0.1729552298784256,0.7918562889099121,0.24225273728370667,-0.657760739326477
0.4551758749999989,0.0034223749999999996,133.0,1.987413068690045,-0.5134290284089019,0.43163710356692647,0.00036940838778164186,2.0361146181220368e-5,0.00018081555860037046,0.0682569553673331,-0.09210005402565002,0.151442751288414,-0.1626579761505127,0.27940991520881653,-0.00991540215909481,-0.25313711166381836,0.4688754975795746,0.374037504196167,0.17258484661579132,0.800234317779541,0.23157694935798645,-0.6573350429534912
0.4551758749999989,0.0034223749999999996,133.0,1.9518857854824359,-0.47806430905719877,0.4314537803935487,0.0005136582414518566,2.8965188517018942e-5,0.00025170056449854154,0.0682471012633641,-0.09469717741012573,0.1523725986480713,-0.1645401120185852,0.2773808240890503,-0.007814283482730389,-0.23838019371032715,0.4810727834701538,0.37501344084739685,0.1795678734779358,0.8095920085906982,0.23427364230155945,-0.6563573479652405
0.4551758749999989,0.0034223749999999996,133.0,1.9155416749419982,-0.44187997585133454,0.4312659123353106,0.0006763621908986259,3.907485849015978e-5,0.00033179020983603184,0.06823745352954635,-0.09715145826339722,0.15315820276737213,-0.16647282242774963,0.2750355303287506,-0.00607252074405551,-0.22324109077453613,0.4935669004917145,0.37576645612716675,0.18827460706233978,0.8182930946350098,0.23618459701538086,-0.6548298597335815
0.4551758749999989,0.0034223749999999996,133.0,1.8783965759312742,-0.4048796943286638,0.43108588654933566,0.0008496789694645417,5.040246353783894e-5,0.00041723787726002427,0.0682284466311526,-0.09927406907081604,0.1536850780248642,-0.16845878958702087,0.27212247252464294,-0.005070038139820099,-0.20773029327392578,0.5061860680580139,0.37618911266326904,0.20006535947322845,0.8254673480987549,0.23669227957725525,-0.6523854732513428
0.4551758749999989,0.0034223749999999996,133.0,1.8404666905160154,-0.3670856856205281,0.43088638374904575,0.0010464609920669441,6.421281422886448e-5,0.0005145779007787438,0.06822075607102981,-0.10093951225280762,0.1538202315568924,-0.1705685257911682,0.26857274770736694,-0.005893323104828596,-0.19244027137756348,0.5192446708679199,0.3764551281929016,0.21486450731754303,0.8305485248565674,0.23714691400527954,-0.6491279602050781
0.4551758749999989,0.0034223749999999996,133.0,1.8017213547986854,-0.32846298731278406,0.4307135641962406,0.0012333587205918205,7.800243468610988e-5,0.0006069660482083592,0.06821374943212331,-0.10233962535858154,0.1537473350763321,-0.17274245619773865,0.2645922005176544,-0.007799792103469372,-0.17720603942871094,0.5327449440956116,0.3767879009246826,0.23181548714637756,0.8343756198883057,0.23718446493148804,-0.6454940438270569
0.4551758749999989,0.0034223749999999996,133.0,1.7620581291552169,-0.2893045880955257,0.4305684958776649,0.0013543892436711463,9.094626018307485e-5,0.000667209132157676,0.06820890153790611,-0.10450616478919983,0.15082205832004547,-0.17412784695625305,0.2513361871242523,-0.0009238747879862785,-0.1489882469177246,0.5554670095443726,0.3882688581943512,0.2749173045158386,0.8392491340637207,0.24702948331832886,-0.6437467336654663
0.4551758749999989,0.0034223749999999996,133.0,1.7215948999025086,-0.2490061665316343,0.4303769468298706,0.0015094380897097387,0.00010439134820964138,0.0007444444410133297,0.06820037829043472,-0.10657024383544922,0.1510697454214096,-0.17615297436714172,0.24824641644954681,-0.00011588423512876034,-0.13453054428100586,0.5712519288063049,0.38937318325042725,0.28846174478530884,0.8459827899932861,0.2490384876728058,-0.6418066024780273
0.4551758749999989,0.0034223749999999996,133.0,1.6801805961285423,-0.20740976632582214,0.42997604218954266,0.001660666932468714,0.00011621836901812167,0.0008199319212609344,0.06818295961962419,-0.1095280647277832,0.15589408576488495,-0.1800818145275116,0.26068487763404846,-0.0019317078404128551,-0.13680577278137207,0.5787367820739746,0.374805748462677,0.2827762961387634,0.8543329238891602,0.22467368841171265,-0.6397182941436768
0.4551758749999989,0.0034223749999999996,133.0,1.6388194208526943,-0.1641635712150671,0.43236500053559657,0.001803048194102298,0.00011600260958768803,0.0008957687916790734,0.0681000774800887,-0.11023309826850891,0.15359877049922943,-0.18058031797409058,0.24696661531925201,-0.004112013150006533,-0.1142578125,0.59060138463974,0.38248708844184875,0.28561288118362427,0.863847017288208,0.25214681029319763,-0.6337287425994873
0.4551758749999989,0.0034223749999999996,133.0,1.595665241742628,-0.12111494674990193,0.43204865686432326,0.0019007586326743407,0.00013095514656099965,0.0009474316132137483,0.0680812639674366,-0.1143944263458252,0.15360133349895477,-0.18321800231933594,0.24183502793312073,0.006531140301376581,-0.0915215015411377,0.6158941388130188,0.38831064105033875,0.3208038806915283,0.8768503665924072,0.2476949691772461,-0.6344735622406006
0.4551758749999989,0.0034223749999999996,133.0,1.551456594428599,-0.07792190064603992,0.43207342730277076,0.001874793108327507,0.0001386682030708791,0.0009401562858440725,0.06806701927457556,-0.12218108773231506,0.14993424713611603,-0.1831170916557312,0.21923258900642395,0.03357984125614166,-0.05201864242553711,0.6551197171211243,0.41735056042671204,0.35513725876808167,0.9129383563995361,0.2926943600177765,-0.641130268573761
0.4551758749999989,0.0034223749999999996,133.0,1.5048465722957458,-0.031540645817913625,0.4291069800873569,0.0017551959029678342,7.895573028417758e-5,0.0008931121705000237,0.06803143278434207,-0.14864033460617065,0.20929843187332153,-0.189959317445755,0.3620917797088623,0.04938186705112457,-0.11846804618835449,0.37778663635253906,0.3775594234466553,-0.34957027435302734,1.1884305477142334,0.1278810054063797,-0.7440080046653748
0.4551758749999989,0.0034223749999999996,133.0,1.4565414669745373,0.019062312541879702,0.42953742194051336,0.00010336169504425334,-3.5672151688767315e-6,5.435779517624991e-5,0.06780461467724166,-0.1981343924999237,0.2801602780818939,-0.17730531096458435,0.4235216975212097,0.014430105686187744,0.051294565200805664,-0.07882054150104523,0.5867912173271179,-1.4621912240982056,1.6429877281188965,0.04327715188264847,-1.0134176015853882
0.4551758749999989,0.0034223749999999996,133.0,1.498075871892629,0.05349694232775042,0.43185285708444987,-0.0017119062951489149,-0.00011660815747102532,-0.0009330266587404563,0.06730733265423307,-0.22065696120262146,0.1262887865304947,-0.1825297474861145,0.6267229318618774,-0.16427390277385712,0.17074108123779297,0.9034916162490845,-0.0512540340423584,-0.6176007390022278,1.5027718544006348,-0.007269673049449921,-0.5754925608634949
0.4551758749999989,0.0034223749999999996,133.0,1.536870260234264,0.1011138720485537,0.4360297541636123,-0.0019321151868059569,9.410953655847809e-6,-0.0010591336946944119,0.06681500667524881,-0.2885356843471527,0.16065563261508942,-0.12184584140777588,0.9119407534599304,-0.40773892402648926,0.4445493221282959,0.4814133644104004,0.07509076595306396,-1.5045912265777588,1.9275870323181152,0.31784695386886597,-0.9857974052429199
0.4551758749999989,0.0034223749999999996,133.0,1.5764550926433936,0.14752840625823516,0.4405688781581786,-0.0019478220118988932,8.900544699553354e-5,-0.0010320994192005262,0.06653759327582962,-0.34050676226615906,0.1940227448940277,-0.056438833475112915,1.1684596538543701,-0.7358776330947876,0.5506306886672974,0.09866578876972198,0.21724757552146912,-1.875362515449524,2.0101523399353027,0.5287591814994812,-1.3850440979003906
0.4551758749999989,0.0034223749999999996,133.0,1.6183359875815808,0.19178488390349416,0.4419701844745542,-0.0018456855881342818,9.596239020482567e-5,-0.000960946238579407,0.06647127514336754,-0.3468342125415802,0.20906277000904083,-0.03566795587539673,1.2572011947631836,-0.8031312823295593,0.5534417629241943,0.04443971812725067,0.22800442576408386,-1.9483131170272827,1.9537615776062012,0.5511745810508728,-1.485048532485962
0.4551758749999989,0.0034223749999999996,133.0,1.6600431459912406,0.23445710970229786,0.44281855975201784,-0.0016933834221562962,9.407771224036197e-5,-0.0008708155132610055,0.06644616475157851,-0.3505770266056061,0.2165597528219223,-0.02518400549888611,1.2911583185195923,-0.8563066720962524,0.557970404624939,0.004996063187718391,0.24278485774993896,-1.974876046180725,1.92277193069458,0.5779069066047668,-1.5339891910552979
0.4551758749999989,0.0034223749999999996,133.0,1.7008776888103987,0.2759171565286479,0.44278807148939425,-0.0015019163280814234,8.270994757128146e-5,-0.0007711307958599024,0.06644942471356062,-0.35340240597724915,0.22000332176685333,-0.024391621351242065,1.286367416381836,-0.8894780278205872,0.5737860202789307,0.017590347677469254,0.26189473271369934,-1.9928160905838013,1.913620948791504,0.5983467102050781,-1.5485451221466064
0.4551758749999989,0.0034223749999999996,133.0,1.7412438759997886,0.31650050267184754,0.44296723021822837,-0.001415602765212304,7.506521076942878e-5,-0.0007220634120086799,0.06644368993591379,-0.3526560962200165,0.2226436734199524,-0.021915674209594727,1.2999664545059204,-0.8902268409729004,0.5817432403564453,0.043653782457113266,0.25743183493614197,-2.0027518272399902,1.8851828575134277,0.6248869299888611,-1.5579214096069336
0.4551758749999989,0.0034223749999999996,133.0,1.7808977767756964,0.3563004179203812,0.44345741134964345,-0.001213622432451403,6.420036036202455e-5,-0.0006122083951747879,0.06642706776799488,-0.35051044821739197,0.22580841183662415,-0.014655739068984985,1.337198257446289,-0.8886285424232483,0.5795862674713135,0.0420195609331131,0.24186745285987854,-2.0082619190216064,1.8400611877441406,0.6596875190734863,-1.5797467231750488
0.4551758749999989,0.0034223749999999996,133.0,1.8194927222937922,0.39524450065710426,0.44371050340137663,-0.0010574099542793869,5.5322328511223456e-5,-0.0005296943543023072,0.06642036396101178,-0.35076597332954407,0.228714257478714,-0.01071658730506897,1.3529086112976074,-0.904646635055542,0.586772084236145,0.04981638863682747,0.24290788173675537,-2.020565986633301,1.8108673095703125,0.6884631514549255,-1.596710205078125
0.4551758749999989,0.0034223749999999996,133.0,1.857257055892233,0.43335026908767404,0.443958469504312,-0.0008608065449377802,4.461147420284513e-5,-0.00042828647388346437,0.0664139065113649,-0.35096266865730286,0.2315976917743683,-0.00660291314125061,1.3691493272781372,-0.9209464192390442,0.5932172536849976,0.05612145736813545,0.24348312616348267,-2.0334181785583496,1.7807354927062988,0.7174138426780701,-1.6137350797653198
0.4551758749999989,0.0034223749999999996,133.0,1.8942018270673535,0.4705995428566902,0.4441906610013808,-0.0006858796177755628,3.515061559324844e-5,-0.00033905830798308656,0.06640833427868252,-0.3492862284183502,0.23424746096134186,0.0009042918682098389,1.4033218622207642,-0.9277388453483582,0.5854302644729614,0.04333198815584183,0.23161736130714417,-2.035623788833618,1.7354912757873535,0.7529608011245728,-1.6361722946166992
0.4551758749999989,0.0034223749999999996,133.0,1.9303138744200825,0.5070089961634775,0.4444251752242786,-0.0005186694933351749,2.6281672729494173e-5,-0.0002547650850546715,0.0664027355289249,-0.34927961230278015,0.23657245934009552,0.004193037748336792,1.4167674779891968,-0.9383075833320618,0.5904808044433594,0.05181808024644852,0.23033925890922546,-2.044186592102051,1.708747386932373,0.77840256690979,-1.6485153436660767
0.4551758749999989,0.0034223749999999996,133.0,1.965595270075218,0.5425652996236602,0.44461597450886314,-0.000356874713873773,1.7812032794829716e-5,-0.00017427365944605618,0.06639780961534394,-0.3507831394672394,0.23838338255882263,0.0022002458572387695,1.407776951789856,-0.9478839635848999,0.610039234161377,0.08812278509140015,0.23841646313667297,-2.059272289276123,1.700883388519287,0.7939242720603943,-1.6478655338287354
0.4551758749999989,0.0034223749999999996,133.0,2.0000131592885695,0.5772901000362952,0.4448055840250035,-0.00020037481893208267,9.818689719499235e-6,-9.732910577582373e-5,0.06639090420943214,-0.35079148411750793,0.24014580249786377,0.003961026668548584,1.4167559146881104,-0.947647213935852,0.6148849725723267,0.0994139164686203,0.234853595495224,-2.061084270477295,1.6823172569274902,0.8113996386528015,-1.6534132957458496
0.4551758749999989,0.0034223749999999996,133.0,2.0332418231359135,0.6112072032247349,0.44475474465328874,-5.977810118782826e-5,2.8452424606107584e-6,-2.900141935061126e-5,0.06638424842960833,-0.35410597920417786,0.24243256449699402,0.001834481954574585,1.4039145708084106,-0.9608626365661621,0.638455867767334,0.12201756238937378,0.24878311157226562,-2.072136640548706,1.6868906021118164,0.8121955990791321,-1.6546664237976074
0.4551758749999989,0.0034223749999999996,133.0,2.0656115721399173,0.6443511253252133,0.44494505099737675,0.00012916411116127563,-6.12400816832484e-6,6.239848922192149e-5,0.06636853754362936,-0.3574284613132477,0.24495507776737213,0.0022708773612976074,1.4036669731140137,-0.9731305837631226,0.6553477048873901,0.1263888031244278,0.25760772824287415,-2.0803439617156982,1.6856741905212402,0.8135635256767273,-1.663351058959961
0.4551758749999989,0.0034223749999999996,133.0,2.0979577145240973,0.6746133014809097,0.4427196988168027,0.00030469202759924994,-1.300786558099691e-5,0.00014557384465477857,0.06652410853154717,-0.3528369963169098,0.2453727424144745,0.008018076419830322,1.4209617376327515,-0.981680691242218,0.6307973861694336,0.10722857713699341,0.2500922381877899,-2.0623977184295654,1.6415247917175293,0.8549546003341675,-1.673221230506897
0.4551758749999989,0.0034223749999999996,133.0,2.128739399891694,0.7060632770300628,0.442873111935642,0.00048221595646489955,-2.0532932031449353e-5,0.00022945230350942137,0.06651579027315432,-0.355875164270401,0.24780216813087463,0.009038776159286499,1.4209147691726685,-1.0020115375518799,0.649177074432373,0.11582373082637787,0.26032987236976624,-2.076749801635742,1.6346254348754883,0.8656767010688782,-1.6835639476776123
0.4551758749999989,0.0034223749999999996,133.0,2.1591198011554287,0.7366170307690324,0.44335581981170213,0.0006934310542277595,-2.9164365889084036e-5,0.00032693410093071677,0.06649952727367268,-0.35444900393486023,0.24942311644554138,0.01414191722869873,1.4487696886062622,-0.9939127564430237,0.6458615064620972,0.12352241575717926,0.2425767481327057,-2.0845232009887695,1.6024737358093262,0.8936890363693237,-1.6937644481658936
0.4551758749999989,0.0034223749999999996,133.0,2.1887043660083263,0.7662848315775365,0.443704765994214,0.0008446960801564172,-3.4792767903468245e-5,0.00039524639700397817,0.06649162761398793,-0.3530217707157135,0.25067904591560364,0.01806989312171936,1.468783974647522,-0.9900501370429993,0.6442512273788452,0.13652868568897247,0.2289634346961975,-2.091719388961792,1.5720295906066895,0.9229469895362854,-1.7002969980239868
0.4551758749999989,0.0034223749999999996,133.0,2.2174142996510042,0.795148867721386,0.44423059203746196,0.0010383255696316792,-4.3385478245200825e-5,0.0004818037777599254,0.06647954050003772,-0.3522011339664459,0.2521958649158478,0.024587512016296387,1.4966177940368652,-0.9946472644805908,0.6346384286880493,0.123776376247406,0.21700534224510193,-2.093564510345459,1.5396063327789307,0.9514585733413696,-1.7162082195281982
0.4551758749999989,0.0034223749999999996,133.0,2.245035356251936,0.8231632289788474,0.4443240263434354,0.0011870284725647932,-4.9609225775847574e-5,0.0005490958542048866,0.06647949451382892,-0.35430529713630676,0.2539774179458618,0.025194644927978516,1.4925315380096436,-1.0170871019363403,0.6506925821304321,0.13565197587013245,0.22787132859230042,-2.1059279441833496,1.5294642448425293,0.9679683446884155,-1.7231714725494385
0.4551758749999989,0.0034223749999999996,133.0,2.2720072232309363,0.850314019180868,0.444626297190797,0.0013537387453846042,-5.673729291879061e-5,0.0006224661753597543,0.06647447659653626,-0.3543812334537506,0.2553788423538208,0.03044167160987854,1.5122050046920776,-1.0263445377349854,0.6443654298782349,0.1229734867811203,0.22204425930976868,-2.1064538955688477,1.5039091110229492,0.9905235767364502,-1.7370566129684448
0.4551758749999989,0.0034223749999999996,133.0,2.298297651488488,0.8765358936231983,0.4446450444328678,0.001552835077122808,-6.185410004994692e-5,0.0007115720736176541,0.06647550182886137,-0.35318663716316223,0.25615671277046204,0.03213110566139221,1.5220818519592285,-1.021491289138794,0.6458276510238647,0.14140048623085022,0.2120315432548523,-2.1124815940856934,1.4814534187316895,1.012620210647583,-1.7370595932006836
0.4551758749999989,0.0034223749999999996,133.0,2.32362538200813,0.901999270494883,0.4448097659106446,0.0017555244718722037,-6.930696286595883e-5,0.0008012419381225184,0.06647081956712012,-0.3530517518520355,0.25718438625335693,0.03340443968772888,1.529142141342163,-1.019610047340393,0.649914026260376,0.15313158929347992,0.2066453993320465,-2.1170034408569336,1.4672341346740723,1.0265229940414429,-1.7388255596160889
0.4551758749999989,0.0034223749999999996,133.0,2.3479177253946117,0.9266628418310792,0.4449511562995056,0.0019806906095251164,-7.837504951911241e-5,0.0009009527137655005,0.06646699857557112,-0.3545478880405426,0.2585708498954773,0.03499293327331543,1.533292293548584,-1.031368613243103,0.6568924188613892,0.15339230000972748,0.20993679761886597,-2.1221508979797363,1.456200122833252,1.0376567840576172,-1.746361255645752
0.4551758749999989,0.0034223749999999996,133.0,2.3714120751818575,0.9504628083515819,0.44493516985059944,0.002147038704135769,-8.397707381765377e-5,0.0009752743798611015,0.06646685828901219,-0.35620078444480896,0.25983890891075134,0.03494700789451599,1.5301258563995361,-1.042463779449463,0.6689029932022095,0.16226398944854736,0.21616575121879578,-2.1279501914978027,1.450380563735962,1.0460175275802612,-1.7495462894439697
0.4551758749999989,0.0034223749999999996,133.0,2.3939934639379628,0.9734479864647682,0.4449490959041047,0.002358998827553597,-9.127869156467153e-5,0.0010697316665133911,0.0664648697293062,-0.3580886423587799,0.2612406313419342,0.03420892357826233,1.5243135690689087,-1.0531785488128662,0.6851937770843506,0.17686547338962555,0.2231999933719635,-2.1374027729034424,1.4466142654418945,1.052585244178772,-1.7509140968322754
0.4551758749999989,0.0034223749999999996,133.0,2.4158757513424294,0.9955709891163091,0.4449477945534331,0.0025737473689203287,-9.847259805179093e-5,0.0011653510892561591,0.0664640613671043,-0.35707899928092957,0.26191970705986023,0.03800812363624573,1.5421879291534424,-1.04965078830719,0.676479697227478,0.17302720248699188,0.2116672694683075,-2.137660026550293,1.4244966506958008,1.0718567371368408,-1.7572886943817139
0.4551758749999989,0.0034223749999999996,133.0,2.4369720613499806,1.0168711686242287,0.445064707126707,0.0028012966660700524,-0.00010607830939930369,0.0012647845260582318,0.06645952430226305,-0.3601824939250946,0.2636624872684479,0.03577965497970581,1.5265876054763794,-1.0708668231964111,0.7034755945205688,0.1916211098432541,0.22802641987800598,-2.152207136154175,1.4270637035369873,1.0738754272460938,-1.7582459449768066
0.4551758749999989,0.0034223749999999996,133.0,2.4574111920809636,1.0373028943853242,0.44559564912327043,0.003034110248130717,-0.00012059462710815081,0.0013579398560145072,0.06644791359020327,-0.3585219085216522,0.26434198021888733,0.04226848483085632,1.558768630027771,-1.0585843324661255,0.6818162202835083,0.17367759346961975,0.20736163854599,-2.149540662765503,1.4012606143951416,1.0940887928009033,-1.7696890830993652
0.4551758749999989,0.0034223749999999996,133.0,2.476847403658981,1.0570061514541638,0.4459640538590516,0.003213861409683259,-0.00012784105982460757,0.0014325985530743003,0.06643974660432128,-0.35908737778663635,0.2654934525489807,0.04595997929573059,1.573770523071289,-1.0610544681549072,0.6769136190414429,0.1642172634601593,0.2016850709915161,-2.1522724628448486,1.3869881629943848,1.1058533191680908,-1.7790181636810303
0.4551758749999989,0.0034223749999999996,133.0,2.495587192062801,1.0757814204563179,0.446394836527575,0.0034186450448911933,-0.0001378559642218084,0.001514396825040671,0.06643073492604065,-0.35938408970832825,0.266299307346344,0.04836893081665039,1.5847795009613037,-1.0619415044784546,0.6768679618835449,0.16613832116127014,0.1953202188014984,-2.1573450565338135,1.3722188472747803,1.1187069416046143,-1.7837190628051758
0.4551758749999989,0.0034223749999999996,133.0,2.5130068518091817,1.0937901883109091,0.4461811598266031,0.003592058908680485,-0.0001461656098898683,0.0015936826551814112,0.06643716072936555,-0.3623003661632538,0.2678670287132263,0.04913210868835449,1.579102873802185,-1.0859944820404053,0.6879875659942627,0.1554604023694992,0.21067661046981812,-2.16089129447937,1.3721089363098145,1.119335651397705,-1.793475866317749
0.4551758749999989,0.0034223749999999996,133.0,2.5300693940226435,1.1108627380426135,0.4463438546692323,0.003798818075404333,-0.00015294795967528806,0.0016794882254624536,0.06643319169265978,-0.3620428144931793,0.2684958577156067,0.05112093687057495,1.5886762142181396,-1.0846891403198242,0.6872771978378296,0.16015367209911346,0.20367968082427979,-2.1656713485717773,1.357292652130127,1.1322145462036133,-1.7961137294769287
0.4551758749999989,0.0034223749999999996,133.0,2.5461463914762437,1.1271342793130652,0.4464999615707031,0.003980696042740401,-0.00016105660164070405,0.0017551931112060276,0.06643012638146122,-0.3640888035297394,0.26957276463508606,0.052067697048187256,1.5868909358978271,-1.104745864868164,0.6980197429656982,0.15774357318878174,0.21324780583381653,-2.1721599102020264,1.350795030593872,1.1385716199874878,-1.8039958477020264
0.4551758749999989,0.0034223749999999996,133.0,2.5613342063364692,1.1424802116967385,0.4462382903348322,0.00415960122649855,-0.00016667514813291717,0.0018327899910713014,0.0664363654184844,-0.36273470520973206,0.2696678042411804,0.05404013395309448,1.5959630012512207,-1.1031991243362427,0.6944459676742554,0.16484564542770386,0.2046486735343933,-2.17503023147583,1.3322222232818604,1.1563071012496948,-1.8045291900634766
0.4551758749999989,0.0034223749999999996,133.0,2.5758715499090763,1.1570351808754455,0.4464608154860106,0.004302447805777215,-0.0001738893350533066,0.001888499383063139,0.06643476396013946,-0.3641926348209381,0.27038100361824036,0.053982824087142944,1.5888334512710571,-1.125575065612793,0.7087528705596924,0.1710013449192047,0.21645912528038025,-2.183173418045044,1.3260180950164795,1.1674351692199707,-1.809335708618164
0.4551758749999989,0.0034223749999999996,133.0,2.5894349595971047,1.1707675603254544,0.44656869408067723,0.00442932262361001,-0.000183881142812192,0.0019394702931769287,0.0664403993920707,-0.365407258272171,0.2707599699497223,0.05546417832374573,1.5854533910751343,-1.1557711362838745,0.7159713506698608,0.1637958437204361,0.23030629754066467,-2.1883468627929688,1.3150017261505127,1.1856343746185303,-1.8198933601379395
0.4551758749999989,0.0034223749999999996,133.0,2.602493224770716,1.1837157753347505,0.44711142972707035,0.004567249260580198,-0.0001932219536013747,0.0019905622374869997,0.06643656197184748,-0.36414971947669983,0.2705233097076416,0.058920472860336304,1.5988880395889282,-1.162986397743225,0.7074334621429443,0.15627580881118774,0.22515803575515747,-2.1920268535614014,1.2948455810546875,1.2101093530654907,-1.8281762599945068
0.4551758749999989,0.0034223749999999996,133.0,2.6149389841524786,1.1955558467030987,0.4470201201751685,0.0047129230791151345,-0.0001910602613622543,0.002044481170724174,0.06644119914292147,-0.3587473928928375,0.26931530237197876,0.06301185488700867,1.6245890855789185,-1.1334184408187866,0.6806385517120361,0.16620175540447235,0.1937345564365387,-2.1887857913970947,1.2631416320800781,1.2407922744750977,-1.822408676147461
0.4551758749999989,0.0034223749999999996,133.0,2.6266139668188857,1.2066360422461084,0.44732623346973244,0.004863439718085416,-0.0001936535873004373,0.0020963322713819514,0.06643830168864477,-0.3540685474872589,0.2683515250682831,0.0669192373752594,1.6493737697601318,-1.1050280332565308,0.6563166379928589,0.17366236448287964,0.16476759314537048,-2.1876959800720215,1.2359528541564941,1.2667533159255981,-1.8181564807891846
0.4551758749999989,0.0034223749999999996,133.0,2.637507798070693,1.2168810115261983,0.447500877300155,0.005007839639418691,-0.00018990847929892675,0.0021473065053912257,0.06643787508226653,-0.34922847151756287,0.26718753576278687,0.06896737217903137,1.6679121255874634,-1.0727620124816895,0.639399528503418,0.19744214415550232,0.1349163055419922,-2.1894733905792236,1.210204839706421,1.29192054271698,-1.8068468570709229
0.4551758749999989,0.0034223749999999996,133.0,2.647391498938625,1.2263949848887865,0.44770748393091225,0.005171459558273322,-0.00018772999722785068,0.0022101841551246428,0.06643737280455814,-0.3457737863063812,0.26643168926239014,0.07018354535102844,1.6796733140945435,-1.0517303943634033,0.6305899620056152,0.218414306640625,0.11487853527069092,-2.1941025257110596,1.1905784606933594,1.3126195669174194,-1.7986013889312744
0.4551758749999989,0.0034223749999999996,133.0,2.6558432920722463,1.2372239479203637,0.45067991186190065,0.005415478600039455,-0.00021193893939573408,0.0023015190602140097,0.06624774431376126,-0.34775564074516296,0.26771655678749084,0.07015946507453918,1.7004575729370117,-1.0200766324996948,0.6477012634277344,0.2518126964569092,0.09274041652679443,-2.2228407859802246,1.1935338973999023,1.3052688837051392,-1.7972428798675537
0.4551758749999989,0.0034223749999999996,133.0,2.664323430414207,1.244993439865157,0.4511058356038113,0.0056688237021415,-0.0002173215171570675,0.002395073203433275,0.06624477923404622,-0.34227535128593445,0.26646801829338074,0.07411250472068787,1.7295852899551392,-0.9754174947738647,0.6147329807281494,0.2595682144165039,0.05479395389556885,-2.2182226181030273,1.1685049533843994,1.3226971626281738,-1.7882590293884277
0.4551758749999989,0.0034223749999999996,133.0,2.671658495885832,1.251956857780776,0.4511435771191719,0.0060532435148565435,-0.00022470837627067714,0.002550374109306399,0.06624717792705263,-0.33916547894477844,0.2658264636993408,0.07528474926948547,1.7389626502990723,-0.9614307880401611,0.6063083410263062,0.272624671459198,0.04004225134849548,-2.2228124141693115,1.1497461795806885,1.3396247625350952,-1.7829091548919678
0.4551758749999989,0.0034223749999999996,133.0,2.678293725847804,1.2581221094200952,0.4513513109956091,0.0066967729242149165,-0.00024363915396884996,0.0028096223267241134,0.06624668944810574,-0.33546552062034607,0.2652042806148529,0.07576873898506165,1.750200629234314,-0.9367294907569885,0.5981292724609375,0.29233792424201965,0.019872725009918213,-2.2297163009643555,1.1323275566101074,1.3521714210510254,-1.773991346359253
0.4551758749999989,0.0034223749999999996,133.0,2.68403728842096,1.2634967476963495,0.45130712127186035,0.008154399517749737,-0.0002900278622562129,0.0034082963280920374,0.0662500391052884,-0.3318345248699188,0.2651682496070862,0.07709077000617981,1.7638819217681885,-0.9221563935279846,0.5905551910400391,0.3011927306652069,0.004090070724487305,-2.2431976795196533,1.1088716983795166,1.3642020225524902,-1.7719194889068604
0.4551758749999989,0.0034223749999999996,133.0,2.689022728560059,1.2685246821009186,0.45147457947204667,0.015164839515790446,-0.0005864970030652541,0.006227446490316251,0.06623516879071242,-0.3278084099292755,0.26892176270484924,0.0783599317073822,1.790701150894165,-0.9359615445137024,0.6163574457168579,0.3077189326286316,-0.0007329583168029785,-2.3218414783477783,1.0496118068695068,1.3724119663238525,-1.7942674160003662
0.4551758749999989,0.0034223749999999996,133.0,2.6820231151668352,-1.234256686586056,0.4237918443623946,-0.013848196243254264,-0.00037378997537024586,-0.006772475389007485,0.06841816355599142,-0.05560898780822754,0.1431303471326828,-0.12871164083480835,0.3356564939022064,0.018656328320503235,-0.6652507781982422,0.28159648180007935,0.4257306754589081,-0.13616327941417694,0.7111427783966064,0.4475325644016266,-0.7645537257194519
0.4551758749999989,0.0034223749999999996,133.0,2.677440119176414,-1.2293786185868243,0.42412895589319805,-0.0074770477239997505,-0.00016047529630480376,-0.003654818814754391,0.0683862382085466,-0.056096792221069336,0.14790084958076477,-0.1254514455795288,0.3530557155609131,-0.028708234429359436,-0.658414363861084,0.27035433053970337,0.40622478723526,-0.19896981120109558,0.7265744209289551,0.42988821864128113,-0.7623381614685059
0.4551758749999989,0.0034223749999999996,133.0,2.6719305560587903,-1.223906363532485,0.4241039746316576,-0.006143897225821218,-0.00012819377145928304,-0.0030000658780614834,0.06837280748112042,-0.05784827470779419,0.14849546551704407,-0.12476295232772827,0.3529665470123291,-0.02815607190132141,-0.6400623321533203,0.2684473693370819,0.40283119678497314,-0.1886194795370102,0.7324130535125732,0.39438772201538086,-0.7588552832603455
0.4551758749999989,0.0034223749999999996,133.0,2.665725598179759,-1.2178479479487696,0.42410916422516287,-0.005556787994444828,-0.00011540091425418875,-0.002711202380306711,0.06836831653159028,-0.05809226632118225,0.1470063328742981,-0.12444740533828735,0.34755203127861023,-0.028766099363565445,-0.6263835430145264,0.27040624618530273,0.401639461517334,-0.17334100604057312,0.7332231998443604,0.38161927461624146,-0.7522420287132263
0.4551758749999989,0.0034223749999999996,133.0,2.6585512435494065,-1.2108424760024084,0.42406136072638057,-0.0052163781211874,-0.00011326161968288827,-0.002543094951761138,0.06835944611959537,-0.0593547523021698,0.1464015245437622,-0.124518483877182,0.3433076739311218,-0.023208536207675934,-0.6058042049407959,0.2725223898887634,0.40111884474754333,-0.14695920050144196,0.7342908382415771,0.34892702102661133,-0.7474784255027771
0.4551758749999989,0.0034223749999999996,133.0,2.649811116374537,-1.204663603901446,0.4214876924866939,-0.004975876227513439,-0.00016178474980429254,-0.0024227203763769667,0.06843274524586748,-0.059425413608551025,0.14474670588970184,-0.1243101954460144,0.3393988013267517,-0.017121095210313797,-0.5963237285614014,0.2782976031303406,0.40045827627182007,-0.12289685755968094,0.7294900417327881,0.33077916502952576,-0.7429196834564209
0.4551758749999989,0.0034223749999999996,133.0,2.641039967767464,-1.196257898434877,0.42147440155432914,-0.004779086918122078,-0.00016235359425661246,-0.0023267962380306836,0.06842749967404392,-0.0605069100856781,0.142133429646492,-0.12335199117660522,0.3287889361381531,-0.0099311713129282,-0.5678679943084717,0.2827511429786682,0.4043036699295044,-0.08899430185556412,0.7310478687286377,0.30807557702064514,-0.7361623644828796
0.4551758749999989,0.0034223749999999996,133.0,2.6314776622674434,-1.1868667098387535,0.4213529774484689,-0.004632113482786415,-0.00016101990288614005,-0.0022511887240477192,0.06842331384638593,-0.06098407506942749,0.1412561535835266,-0.12401795387268066,0.324590802192688,-0.00628021452575922,-0.5502946376800537,0.2872864902019501,0.40347281098365784,-0.06313043087720871,0.7272615432739258,0.2840117812156677,-0.73112553358078
0.4551758749999989,0.0034223749999999996,133.0,2.621017210775793,-1.1766124424137232,0.4212911939409727,-0.004501281939648489,-0.00016163480793936978,-0.0021824222353656205,0.068416411522648,-0.06224653124809265,0.1398567259311676,-0.1240239143371582,0.31762439012527466,0.002125179162248969,-0.5217344760894775,0.2932213544845581,0.40557861328125,-0.025287901982665062,0.7246129512786865,0.24987319111824036,-0.7262589931488037
0.4551758749999989,0.0034223749999999996,133.0,2.6097948791605012,-1.165688966428986,0.42133738582113545,-0.00436855568468799,-0.00016441061184461992,-0.002116661608296432,0.06841261328367464,-0.06258398294448853,0.13655634224414825,-0.12299317121505737,0.30520713329315186,0.007661508396267891,-0.4908008575439453,0.2996429204940796,0.4108191430568695,0.010289141908288002,0.7217671871185303,0.2347533404827118,-0.7190700173377991
0.4551758749999989,0.0034223749999999996,133.0,2.597799843843551,-1.1537884767015136,0.4213027791135888,-0.004246228599625801,-0.0001639187083692559,-0.002053998707249371,0.06841067829158613,-0.06257542967796326,0.13591712713241577,-0.12406635284423828,0.3017394542694092,0.008293954655528069,-0.47444605827331543,0.30516648292541504,0.40955251455307007,0.03359036147594452,0.7149951457977295,0.21564148366451263,-0.7143153548240662
0.4551758749999989,0.0034223749999999996,133.0,2.5849957540076254,-1.1410355666446925,0.421162380011441,-0.004122749489393596,-0.00016081389638098446,-0.001987085341733516,0.06840993862344896,-0.061813682317733765,0.13410380482673645,-0.12503284215927124,0.29614555835723877,0.009079094976186752,-0.4593162536621094,0.3116289973258972,0.40813761949539185,0.060037415474653244,0.7055726051330566,0.2030717432498932,-0.7072747349739075
0.4551758749999989,0.0034223749999999996,133.0,2.5714651122662766,-1.1273780805174138,0.42101555452777617,-0.0040147899063483605,-0.00015559079948243782,-0.0019320680958136711,0.06841262767199738,-0.060133665800094604,0.13378213346004486,-0.127191960811615,0.2961755096912384,0.0008279214962385595,-0.4623830318450928,0.3133662939071655,0.40134450793266296,0.06690902262926102,0.6960723400115967,0.20335668325424194,-0.700463056564331
0.4551758749999989,0.0034223749999999996,133.0,2.5570767955294444,-1.1128696848576243,0.42085678668597504,-0.003877615553761349,-0.00014840658232618116,-0.0018632914301936828,0.06841491148545199,-0.05858820676803589,0.13352881371974945,-0.12881073355674744,0.2959746718406677,-0.008807274512946606,-0.4665250778198242,0.3142331838607788,0.3957390785217285,0.06642922013998032,0.6900763511657715,0.2117430567741394,-0.6946184635162354
0.4551758749999989,0.0034223749999999996,133.0,2.5417276008445526,-1.0974937552139232,0.4207040602976066,-0.00370265307587893,-0.00014457804396979265,-0.0017806300485325483,0.06841255013686046,-0.058946460485458374,0.1339433640241623,-0.13012677431106567,0.295821875333786,-0.010084125213325024,-0.45891308784484863,0.3182127773761749,0.3934556245803833,0.07687333971261978,0.6874034404754639,0.202907994389534,-0.6921805739402771
0.4551758749999989,0.0034223749999999996,133.0,2.525504914026511,-1.0812508060986934,0.4205801875024343,-0.0035404842859072068,-0.000137548256697031,-0.0017009186669562626,0.06840924174433899,-0.05939286947250366,0.1352095752954483,-0.13178396224975586,0.2984588146209717,-0.012640981934964657,-0.4593040943145752,0.3198697566986084,0.3892650902271271,0.07945872843265533,0.6871085166931152,0.19899746775627136,-0.6906233429908752
0.4551758749999989,0.0034223749999999996,133.0,2.50843969434957,-1.0642639646236884,0.42053739673830737,-0.00335463950739707,-0.00013222221265043836,-0.0016129944932813832,0.06840520242573969,-0.06040045619010925,0.1356867253780365,-0.13235554099082947,0.29726219177246094,-0.013220328837633133,-0.44895243644714355,0.32467907667160034,0.38975703716278076,0.08293022215366364,0.6899631023406982,0.19833743572235107,-0.689957320690155
0.4551758749999989,0.0034223749999999996,133.0,2.490600156394502,-1.0463214065160922,0.420430058817668,-0.0031784883981387933,-0.00012264685012552785,-0.0015295818005762417,0.06840374048570183,-0.06043776869773865,0.13766130805015564,-0.13392052054405212,0.30247753858566284,-0.022360555827617645,-0.46378231048583984,0.32484331727027893,0.38420647382736206,0.05691223219037056,0.6956593990325928,0.22114568948745728,-0.6896682977676392
0.4551758749999989,0.0034223749999999996,133.0,2.4717815399410235,-1.0274853332322795,0.4203134533505047,-0.0029960718356013185,-0.00011708271036916738,-0.0014416105444959749,0.0683960225383636,-0.06207495927810669,0.13832351565361023,-0.13491925597190857,0.30173107981681824,-0.01873895525932312,-0.4506218433380127,0.33088168501853943,0.38433289527893066,0.06985901296138763,0.6979668140411377,0.209786519408226,-0.6890832185745239
0.4551758749999989,0.0034223749999999996,133.0,2.45220620103306,-1.0079690006939923,0.42021612855781415,-0.0028323062892428833,-0.00011341046452660331,-0.0013639533692961895,0.06839130681727926,-0.06303328275680542,0.13872486352920532,-0.1358470916748047,0.30038878321647644,-0.018979284912347794,-0.4403109550476074,0.33676883578300476,0.38408446311950684,0.0754934772849083,0.7001667022705078,0.20809265971183777,-0.6875296831130981
0.4551758749999989,0.0034223749999999996,133.0,2.431829437117394,-0.9875242215462423,0.42009564270141153,-0.0026175522451235525,-0.00010458968356947321,-0.001261929161557917,0.06838727807438004,-0.0638212263584137,0.14011836051940918,-0.1371910274028778,0.30290931463241577,-0.022582795470952988,-0.4417738914489746,0.33997640013694763,0.38074272871017456,0.06711681932210922,0.7046704292297363,0.21537622809410095,-0.6867448687553406
0.4551758749999989,0.0034223749999999996,133.0,2.4105728414845693,-0.9667297972284812,0.4201919323496576,-0.0024041188087894415,-0.00010056125157760987,-0.001160470957312509,0.06838331067414258,-0.0650145411491394,0.13628576695919037,-0.13573092222213745,0.2883172333240509,-0.013993953354656696,-0.40871143341064453,0.34709107875823975,0.39074504375457764,0.09752249717712402,0.7081916332244873,0.21843235194683075,-0.682181179523468
0.4551758749999989,0.0034223749999999996,133.0,2.388479357686804,-0.9446046839236385,0.42004517999620905,-0.0022022542715726726,-9.120024437805116e-5,-0.0010630066266856984,0.0683782807577308,-0.06612652540206909,0.1378582864999771,-0.13730266690254211,0.29092827439308167,-0.017617501318454742,-0.4091033935546875,0.3520437180995941,0.38799628615379333,0.08806860446929932,0.7134151458740234,0.2263163924217224,-0.682102382183075
0.4551758749999989,0.0034223749999999996,133.0,2.3654768443464933,-0.9215828708613415,0.419855368632512,-0.0020011393712083487,-8.353735785106203e-5,-0.0009654467138034301,0.06837035319276405,-0.06817132234573364,0.1401744931936264,-0.1393904983997345,0.29487350583076477,-0.017581302672624588,-0.404510498046875,0.3593708872795105,0.3853015899658203,0.087603360414505,0.7182340621948242,0.22034603357315063,-0.6834188103675842
0.4551758749999989,0.0034223749999999996,133.0,2.3415891939315077,-0.8975537941553514,0.419547052353924,-0.0018401935518688917,-7.687208380038179e-5,-0.0008868466128058704,0.06836081208475782,-0.07071259617805481,0.1445363610982895,-0.1427617371082306,0.3051568567752838,-0.018060341477394104,-0.40775012969970703,0.36553239822387695,0.3775253891944885,0.08367383480072021,0.7226614952087402,0.20378993451595306,-0.6859835386276245
0.4551758749999989,0.0034223749999999996,133.0,2.3169947216743205,-0.8728704764622757,0.41938572362861587,-0.0016422241516183993,-6.768405581980772e-5,-0.0007926514358947466,0.06835489578284262,-0.0721898078918457,0.14700573682785034,-0.14445984363555908,0.3099305033683777,-0.022486452013254166,-0.4110391139984131,0.369054913520813,0.3734702467918396,0.06558806449174881,0.7306704521179199,0.21425801515579224,-0.6867719888687134
0.4551758749999989,0.0034223749999999996,133.0,2.291511704902749,-0.847515391442377,0.41937185815997585,-0.0014586846151578342,-6.27854332170076e-5,-0.0007061858367945355,0.06834713232562016,-0.0738750696182251,0.14700478315353394,-0.14527380466461182,0.3061968982219696,-0.02097756415605545,-0.3965909481048584,0.3763831555843353,0.3756204843521118,0.07196824997663498,0.7368390560150146,0.21899698674678802,-0.685251772403717
0.4551758749999989,0.0034223749999999996,133.0,2.265255811344471,-0.8214977565117729,0.4193169908126572,-0.001277772693742388,-5.646746331964747e-5,-0.000619005301809501,0.06834219736141156,-0.07522675395011902,0.14566770195960999,-0.14576688408851624,0.2987554371356964,-0.01808283105492592,-0.37703895568847656,0.38492584228515625,0.379952073097229,0.08783546090126038,0.7414870262145996,0.22456896305084229,-0.6821846961975098
0.4551758749999989,0.0034223749999999996,133.0,2.238195366232252,-0.7945137950750033,0.4191805261569526,-0.0011278228248249686,-5.091944843211631e-5,-0.000546569619144234,0.06833710705805186,-0.07615634799003601,0.14574922621250153,-0.1472807228565216,0.29575827717781067,-0.018933255225419998,-0.3640117645263672,0.39214444160461426,0.3793638348579407,0.09944413602352142,0.7434735298156738,0.22322045266628265,-0.6786173582077026
0.4551758749999989,0.0034223749999999996,133.0,2.2103839102680456,-0.7667436591620138,0.4190405820532645,-0.0009941478896399673,-4.5380949257729356e-5,-0.0004820863903351866,0.06833487650719491,-0.07620003819465637,0.1454075425863266,-0.14870262145996094,0.29218998551368713,-0.023512020707130432,-0.3556394577026367,0.39731550216674805,0.37781840562820435,0.10422207415103912,0.7445554733276367,0.23079714179039001,-0.6735093593597412
0.4551758749999989,0.0034223749999999996,133.0,2.1816061629858527,-0.7381545516811328,0.41888048797407923,-0.0008209032775574843,-3.791628082983554e-5,-0.0003972375260695693,0.06832937682360406,-0.07773646712303162,0.1449631303548813,-0.15028342604637146,0.28753241896629333,-0.02036873623728752,-0.336855411529541,0.40626221895217896,0.37916111946105957,0.13057470321655273,0.7462401390075684,0.22246795892715454,-0.6701948046684265
0.4551758749999989,0.0034223749999999996,133.0,2.1520028160086904,-0.7087932522571138,0.41877441040223257,-0.0006891706891358832,-3.29012871724152e-5,-0.0003334204353124503,0.06832437111774974,-0.07920446991920471,0.14387135207653046,-0.1513097584247589,0.2802492380142212,-0.01711605116724968,-0.31512022018432617,0.4167814552783966,0.3834429383277893,0.15453627705574036,0.749321699142456,0.2222995162010193,-0.6672157049179077
0.4551758749999989,0.0034223749999999996,133.0,2.1215456690195613,-0.6784594942001896,0.41862450896170905,-0.0005173036440512771,-2.5408513713587776e-5,-0.00025055217580252,0.06831717453655495,-0.08098968863487244,0.14437945187091827,-0.15280354022979736,0.27771180868148804,-0.0162808857858181,-0.3011131286621094,0.42601969838142395,0.3842090368270874,0.16331838071346283,0.7552175521850586,0.2241252064704895,-0.6654946208000183
0.4551758749999989,0.0034223749999999996,133.0,2.0902918871029046,-0.6470875558846119,0.41841344801740515,-0.00032500850591029136,-1.5623738183781133e-5,-0.00015743215646082164,0.0683094056180373,-0.0825527012348175,0.1471923291683197,-0.15519356727600098,0.2832172214984894,-0.020556531846523285,-0.30317139625549316,0.4292862117290497,0.3767307996749878,0.14990265667438507,0.7631874084472656,0.22669118642807007,-0.6635682582855225
0.4551758749999989,0.0034223749999999996,133.0,2.058160949810622,-0.6149387429971621,0.41822565971904047,-0.00015190385716899965,-7.398313797007121e-6,-7.375282934183073e-5,0.06829993798618585,-0.08460882306098938,0.14934183657169342,-0.15722063183784485,0.2858702540397644,-0.020843546837568283,-0.29767823219299316,0.4353823661804199,0.3724890947341919,0.14506812393665314,0.771817684173584,0.2273007333278656,-0.6620365381240845
0.4551758749999989,0.0034223749999999996,133.0,2.025184731411629,-0.5823281255245107,0.41814721782140235,1.683977623869562e-5,8.720800738240894e-7,8.214301575081898e-6,0.0682928014835266,-0.08668383955955505,0.14746655523777008,-0.15764179825782776,0.2758479118347168,-0.014117640443146229,-0.27504777908325195,0.4476476013660431,0.3800452947616577,0.16086511313915253,0.7808966636657715,0.24252831935882568,-0.659644603729248
0.4551758749999989,0.0034223749999999996,133.0,1.991366111318951,-0.5486436107966024,0.41798282792847036,0.00018604569350151386,9.864037132160965e-6,9.08424478654864e-5,0.06828418570786846,-0.08890959620475769,0.1481790691614151,-0.15942126512527466,0.2735305428504944,-0.012225006707012653,-0.2603764533996582,0.4587889015674591,0.38069164752960205,0.16947340965270996,0.7885282039642334,0.2441989779472351,-0.6580349802970886
0.4551758749999989,0.0034223749999999996,133.0,1.956658833905728,-0.5138849839870496,0.41768729322060005,0.0003694716297883537,1.9637874877201197e-5,0.00018034746955115813,0.06827217837132983,-0.09176495671272278,0.15153300762176514,-0.1626032590866089,0.279898464679718,-0.012489363551139832,-0.25594592094421387,0.4672251343727112,0.3738960027694702,0.16884633898735046,0.7968802452087402,0.2335522472858429,-0.6576663851737976
0.4551758749999989,0.0034223749999999996,133.0,1.9211397286350167,-0.47852261398179874,0.41750964340169905,0.0005137484879284981,2.7930695334793438e-5,0.00025103702442635635,0.0682626994533851,-0.09436586499214172,0.15247681736946106,-0.16449305415153503,0.2779366970062256,-0.01039543841034174,-0.24130511283874512,0.4793833792209625,0.3748837411403656,0.17561142146587372,0.8062252998352051,0.2363746166229248,-0.6567680835723877
0.4551758749999989,0.0034223749999999996,133.0,1.884803292177542,-0.44234020964913945,0.4173276263727451,0.0006764836801654096,3.7673179435137006e-5,0.00033090097485931314,0.06825342246551895,-0.09682372212409973,0.15327760577201843,-0.16643309593200684,0.275663822889328,-0.00866459310054779,-0.22628283500671387,0.491842657327652,0.3756445050239563,0.18409420549869537,0.8149142265319824,0.2384001910686493,-0.6553210616111755
0.4551758749999989,0.0034223749999999996,133.0,1.8476647074677877,-0.40534111302466574,0.41715364856786474,0.0008498345699722816,4.8589747848980386e-5,0.00041610511164371906,0.06824476473441125,-0.09895074367523193,0.1538206934928894,-0.16842538118362427,0.2728258967399597,-0.0076798368245363235,-0.21088552474975586,0.5044301152229309,0.3760707378387451,0.19566208124160767,0.8220791816711426,0.2390006184577942,-0.652955174446106
0.4551758749999989,0.0034223749999999996,133.0,1.8097396784292727,-0.36754715049464093,0.4169606203925963,0.0010466552087167768,6.191408677191225e-5,0.0005131710962727866,0.06823738969557488,-0.10062152147293091,0.15397368371486664,-0.1705402135848999,0.2693532705307007,-0.008527453988790512,-0.1957075595855713,0.5174633860588074,0.3763367235660553,0.21024413406848907,0.8271598815917969,0.23952248692512512,-0.6497752070426941
0.4551758749999989,0.0034223749999999996,133.0,1.7709983110206318,-0.3289238983810491,0.41679456166200507,0.0012335906841227425,7.52109444429194e-5,0.0006052963816290745,0.06823066424486142,-0.10202714800834656,0.15391910076141357,-0.17271867394447327,0.26545000076293945,-0.01045881025493145,-0.18058061599731445,0.530943751335144,0.37666618824005127,0.22698360681533813,0.8309891223907471,0.23960986733436584,-0.6462152004241943
0.4551758749999989,0.0034223749999999996,133.0,1.731341101943885,-0.28975712710543755,0.4166530343962255,0.0013546555948078323,8.770552612185108e-5,0.0006653688169233901,0.0682261308370476,-0.10419955849647522,0.15099914371967316,-0.17411276698112488,0.25227096676826477,-0.0035795443691313267,-0.15247654914855957,0.5537389516830444,0.3881477415561676,0.2700328528881073,0.8358793258666992,0.24958238005638123,-0.644546389579773
0.4551758749999989,0.0034223749999999996,133.0,1.6908845157094865,-0.2494590829475203,0.41646761237543617,0.0015097436417785797,0.00010066728233865584,0.0007423670206474584,0.06821795768093575,-0.10627126693725586,0.15126480162143707,-0.17614299058914185,0.2492753267288208,-0.0027570854872465134,-0.13813519477844238,0.5695040225982666,0.3892376720905304,0.2833392024040222,0.8426153659820557,0.25165387988090515,-0.6426863074302673
0.4551758749999989,0.0034223749999999996,133.0,1.6494810880408213,-0.2078760477732393,0.4160797145101744,0.0016610019440737244,0.0001120461011229792,0.0008176034802495032,0.06820105046277211,-0.10922902822494507,0.1561339646577835,-0.180085688829422,0.26183751225471497,-0.004559074062854052,-0.1405315399169922,0.5767884254455566,0.37459778785705566,0.2772855758666992,0.8508584499359131,0.2270612120628357,-0.6406482458114624
0.4551758749999989,0.0034223749999999996,133.0,1.6081198321891417,-0.16462124892311733,0.41846845152767936,0.0018034270664839007,0.00011142064882872964,0.0008931836647039175,0.06811809265391695,-0.11001619696617126,0.1538836658000946,-0.1805538535118103,0.2483336180448532,-0.006500769406557083,-0.11805152893066406,0.5887923240661621,0.3823123574256897,0.2795059084892273,0.8607602119445801,0.2549106478691101,-0.6349113583564758
0.4551758749999989,0.0034223749999999996,133.0,1.5649792809000096,-0.12157083598048288,0.4181598886258507,0.0019011801506881366,0.00012581113031139078,0.000944662465711391,0.06809991317370764,-0.11413770914077759,0.1538621485233307,-0.18320602178573608,0.24323511123657227,0.004061490297317505,-0.09543251991271973,0.6140661835670471,0.3881162106990814,0.31487005949020386,0.8734951019287109,0.2504614591598511,-0.6356683373451233
0.4551758749999989,0.0034223749999999996,133.0,1.5207964296833634,-0.07836720381881365,0.4181817417092341,0.0018752915234920055,0.00013323332724767616,0.000937263163581899,0.06808644709755422,-0.12159338593482971,0.14987517893314362,-0.18313449621200562,0.22006139159202576,0.03033994883298874,-0.05604982376098633,0.6536142230033875,0.41737428307533264,0.35121971368789673,0.907916784286499,0.29654839634895325,-0.6419654488563538
0.4551758749999989,0.0034223749999999996,133.0,1.474283524069978,-0.032181554751098664,0.4152435624843146,0.0017555898023216179,7.726964014098659e-5,0.0008892555941153131,0.06805664923697778,-0.14766234159469604,0.20908665657043457,-0.18991327285766602,0.3625066578388214,0.046430278569459915,-0.1234276294708252,0.37526190280914307,0.37765634059906006,-0.3514334559440613,1.1801581382751465,0.13228289783000946,-0.744498610496521
0.4551758749999989,0.0034223749999999996,133.0,1.4261444447390537,0.018185611340919505,0.41564152070108223,0.00010339371593142907,-3.32011571017343e-6,5.4043362013699106e-5,0.06784086761828502,-0.19627010822296143,0.2792591154575348,-0.17724239826202393,0.4228300452232361,0.012285773642361164,0.04236721992492676,-0.0795743316411972,0.5862352252006531,-1.4564012289047241,1.6297411918640137,0.05250345170497894,-1.0121508836746216
0.4551758749999989,0.0034223749999999996,133.0,1.4677843161786057,0.05312365224872303,0.4180096051130944,-0.0017119092432310427,-0.0001133290615643413,-0.0009280419566595482,0.06735160688018361,-0.22240173816680908,0.12646076083183289,-0.18120861053466797,0.6221318244934082,-0.18127749860286713,0.17804241180419922,0.8815049529075623,-0.04173457622528076,-0.6711587309837341,1.529247760772705,0.02317112497985363,-0.5801902413368225
0.4551758749999989,0.0034223749999999996,133.0,1.506828828015558,0.10061549339725515,0.42199429058674154,-0.0019306606710495554,7.002848016942678e-6,-0.0010529008621956222,0.06687992401203247,-0.28605857491493225,0.15985555946826935,-0.12297266721725464,0.9042271375656128,-0.403093546628952,0.437211275100708,0.4849785268306732,0.07343801856040955,-1.4961769580841064,1.9187307357788086,0.31789177656173706,-0.9763890504837036
0.4551758749999989,0.0034223749999999996,133.0,1.546571547236072,0.1469210243164586,0.4263491396951692,-0.001945126549687651,8.361400584390532e-5,-0.0010269838480190582,0.06661284842722293,-0.3375405967235565,0.19285495579242706,-0.058680832386016846,1.157015323638916,-0.7258538603782654,0.5445504188537598,0.10792550444602966,0.21413451433181763,-1.8679933547973633,2.004819393157959,0.5281095504760742,-1.3704288005828857
0.4551758749999989,0.0034223749999999996,133.0,1.5884880228294158,0.19112231297403953,0.42769719405665063,-0.0018427746152763927,9.047302544333003e-5,-0.0009565491540257869,0.06654882898357845,-0.3465881049633026,0.2077229619026184,-0.04211804270744324,1.221018671989441,-0.8062511682510376,0.5599477291107178,0.06988319009542465,0.24135202169418335,-1.949386715888977,1.9723129272460938,0.539615273475647,-1.4621639251708984
0.4551758749999989,0.0034223749999999996,133.0,1.6301998089436525,0.23376646906009058,0.4284987461066152,-0.00169044581210704,8.876341224211805e-5,-0.0008672169008490295,0.06652485233265201,-0.34761306643486023,0.21538956463336945,-0.027827680110931396,1.2792083024978638,-0.8445063829421997,0.5530589818954468,0.015376230701804161,0.2397419810295105,-1.9684336185455322,1.9199519157409668,0.5764089226722717,-1.5189481973648071
0.4551758749999989,0.0034223749999999996,133.0,1.6710447945945284,0.27521328227511066,0.4284653134603257,-0.0014992747228387746,7.801188772248779e-5,-0.0007680157089602422,0.06652801780932582,-0.3504413068294525,0.2188315987586975,-0.0271359384059906,1.2742279767990112,-0.876739501953125,0.5688309669494629,0.02792838029563427,0.2586597502231598,-1.9862717390060425,1.9115142822265625,0.5961261987686157,-1.5331181287765503
0.4551758749999989,0.0034223749999999996,133.0,1.7114095767046111,0.31578552109097174,0.4286360884269119,-0.001413032585595114,7.075742409885449e-5,-0.0007192545013980136,0.06652233106436815,-0.34969809651374817,0.2215552031993866,-0.02456843852996826,1.2883310317993164,-0.8780872225761414,0.5769187211990356,0.053281351923942566,0.25451332330703735,-1.996931552886963,1.882674217224121,0.6227736473083496,-1.543319821357727
0.4551758749999989,0.0034223749999999996,133.0,1.7510573300545713,0.3555727160166192,0.4291032001878712,-0.0012112982341526064,6.053993835412397e-5,-0.0006099880059349906,0.06650627756001669,-0.34750673174858093,0.22468729317188263,-0.017602384090423584,1.3247971534729004,-0.8755033016204834,0.5749038457870483,0.05221449211239815,0.23899883031845093,-2.001823902130127,1.8386411666870117,0.6565026044845581,-1.564431071281433
0.4551758749999989,0.0034223749999999996,133.0,1.7896539670531535,0.3945052398443671,0.42934403859357345,-0.0010553216418693434,5.2165184073678696e-5,-0.0005278683413006807,0.06649976356855718,-0.3477141559123993,0.22758781909942627,-0.013844341039657593,1.3401403427124023,-0.8907459378242493,0.5822447538375854,0.06035757437348366,0.24001973867416382,-2.013922691345215,1.8100385665893555,0.6847346425056458,-1.5810067653656006
0.4551758749999989,0.0034223749999999996,133.0,1.8274199405227538,0.4325993725639358,0.4295787242696005,-0.0008590537537790434,4.206007266389937e-5,-0.0004268926999112277,0.06649349989015634,-0.34794148802757263,0.2305443435907364,-0.009726554155349731,1.356560468673706,-0.9069452881813049,0.5887372493743896,0.06608036160469055,0.24078965187072754,-2.027209758758545,1.780257225036621,0.713303804397583,-1.59840989112854
0.4551758749999989,0.0034223749999999996,133.0,1.8643599501762202,0.46983769419058496,0.42978557609567214,-0.0006844183874691141,3.309894452959192e-5,-0.00033806800996461866,0.06648818649914073,-0.34630224108695984,0.23329104483127594,-0.002200216054916382,1.3909105062484741,-0.9142338037490845,0.5810374021530151,0.052597709000110626,0.2293241024017334,-2.0300381183624268,1.7352538108825684,0.7486073970794678,-1.621431827545166
0.4551758749999989,0.0034223749999999996,133.0,1.900472999117131,0.5062373812476498,0.430009004512118,-0.0005175380128365405,2.4747373024963686e-5,-0.00025406304694439917,0.0664827418609699,-0.34631893038749695,0.23565611243247986,0.0010477006435394287,1.4042781591415405,-0.9247321486473083,0.5861750841140747,0.06078634783625603,0.2282021939754486,-2.038792610168457,1.7089824676513672,0.773748517036438,-1.6338552236557007
0.4551758749999989,0.0034223749999999996,133.0,1.9357550803807941,0.5417848641021858,0.43019027697959344,-0.0003560806114431186,1.676983683361893e-5,-0.00017381889587112566,0.0664779342782598,-0.34629157185554504,0.2378082275390625,0.0038802623748779297,1.4163166284561157,-0.9316787719726562,0.5906323194503784,0.06939844787120819,0.22623023390769958,-2.045118570327759,1.6849312782287598,0.7964457869529724,-1.6440813541412354
0.4551758749999989,0.0034223749999999996,133.0,1.9701792545089827,0.5765024654722791,0.43038860163883663,-0.00019992940537564614,9.25704092145233e-6,-9.707098556320863e-5,0.06647101229584416,-0.34788522124290466,0.2394334077835083,0.001196742057800293,1.405423641204834,-0.9358997941017151,0.610345721244812,0.10611855983734131,0.2333507537841797,-2.0573294162750244,1.6813569068908691,0.8074541091918945,-1.6405491828918457
0.4551758749999989,0.0034223749999999996,133.0,2.003414011317093,0.6104101887670077,0.4303291984841877,-5.964333923920086e-5,2.676822571564104e-6,-2.8927490793913143e-5,0.06646445252020582,-0.34952959418296814,0.24181818962097168,0.003541707992553711,1.4128648042678833,-0.9442110061645508,0.6175421476364136,0.102455273270607,0.2365090250968933,-2.0584182739257812,1.6715517044067383,0.8154140710830688,-1.651207685470581
0.4551758749999989,0.0034223749999999996,133.0,2.035795398122989,0.6435440688750307,0.4305175829417089,0.00012887076508486748,-5.761701722484623e-6,6.224027686003238e-5,0.06644902984919665,-0.3527890741825104,0.24432551860809326,0.0039481520652771,1.4125856161117554,-0.9561998248100281,0.6339296102523804,0.10706664621829987,0.24529346823692322,-2.0669734477996826,1.6704554557800293,0.8171369433403015,-1.659822702407837
0.4551758749999989,0.0034223749999999996,133.0,2.0681336738581693,0.6738023220586912,0.42828668704195116,0.00030399938014847417,-1.2170613688665048e-5,0.0001452116030878683,0.06660415218772417,-0.34987059235572815,0.2446821928024292,0.005074203014373779,1.4092986583709717,-0.9691904783248901,0.6263598203659058,0.11397664248943329,0.24867746233940125,-2.05877423286438,1.6411070823669434,0.8503968715667725,-1.660114049911499
0.4551758749999989,0.0034223749999999996,133.0,2.0989265619181694,0.7052426570156207,0.4284367412705699,0.0004811090096739411,-1.9217638641668926e-5,0.00022889370493475107,0.06659606779867767,-0.3528624475002289,0.24709120392799377,0.005955100059509277,1.4089540243148804,-0.9886738657951355,0.6447508335113525,0.1228330135345459,0.2588070034980774,-2.0728960037231445,1.6346559524536133,0.860655665397644,-1.6700485944747925
0.4551758749999989,0.0034223749999999996,133.0,2.129303051480286,0.7357890964070132,0.4289022075506614,0.000691793073990728,-2.7306096701057253e-5,0.00032620223104228984,0.06658032232777372,-0.3513816297054291,0.24868977069854736,0.01080438494682312,1.4361579418182373,-0.979842483997345,0.6417059898376465,0.13113060593605042,0.24119561910629272,-2.0801475048065186,1.6032330989837646,0.8877198696136475,-1.6797432899475098
0.4551758749999989,0.0034223749999999996,133.0,2.158883891689886,0.7654509220586563,0.4292375358057264,0.0008426555810753751,-3.257838210475601e-5,0.0003944328602623598,0.06657269684863307,-0.3499217927455902,0.24995243549346924,0.0145779550075531,1.455810785293579,-0.9755803942680359,0.6403268575668335,0.14434337615966797,0.22777503728866577,-2.0871098041534424,1.573239803314209,0.9162406921386719,-1.6861093044281006
0.4551758749999989,0.0034223749999999996,133.0,2.187592146703409,0.7943081410792039,0.4297408692586776,0.001035749203927986,-4.0647692683547964e-5,0.00048092710276262276,0.0665610765761738,-0.3490798771381378,0.2515072822570801,0.02101314067840576,1.4834680557250977,-0.9802696108818054,0.6308947801589966,0.1315673589706421,0.21608319878578186,-2.089043617248535,1.5410194396972656,0.9444576501846313,-1.7021163702011108
0.4551758749999989,0.0034223749999999996,133.0,2.215221712928077,0.8223149856315588,0.42983152441243627,0.0011840620352542716,-4.651437948875603e-5,0.0005481392265208677,0.066561054673687,-0.35116448998451233,0.2532997727394104,0.02158379554748535,1.4793680906295776,-1.0022988319396973,0.646937370300293,0.14328652620315552,0.22692552208900452,-2.1014840602874756,1.5310535430908203,0.9607354998588562,-1.7090392112731934
0.4551758749999989,0.0034223749999999996,133.0,2.2421917329866345,0.849458814795723,0.4301036069636548,0.0013502558377920368,-5.3106469649792875e-5,0.0006215640652481498,0.06655649230242824,-0.3512069880962372,0.2547300159931183,0.026758432388305664,1.498835802078247,-1.0116194486618042,0.6407208442687988,0.13062021136283875,0.22131294012069702,-2.1021316051483154,1.5056343078613281,0.9832152128219604,-1.7229377031326294
0.4551758749999989,0.0034223749999999996,133.0,2.268481879330771,0.8756776336801395,0.43012764293810146,0.0015488257767550656,-5.78645705711283e-5,0.0007105709008307766,0.06655730805510567,-0.3500012457370758,0.2555275857448578,0.028372257947921753,1.5085698366165161,-1.0065780878067017,0.6423693895339966,0.14900150895118713,0.2114783525466919,-2.108079195022583,1.4834389686584473,1.0047962665557861,-1.722975492477417
0.4551758749999989,0.0034223749999999996,133.0,2.2938101440987717,0.901136381419322,0.43028746754722863,0.0017509476501679393,-6.487827012042493e-5,0.0008001824513296109,0.06655280525401995,-0.3498537838459015,0.2565731406211853,0.029604971408843994,1.515526533126831,-1.0046501159667969,0.6465053558349609,0.16060271859169006,0.20624542236328125,-2.1126091480255127,1.469332218170166,1.0183982849121094,-1.7247931957244873
0.4551758749999989,0.0034223749999999996,133.0,2.3181105246694313,0.9257919089926799,0.4304247114426174,0.001975464445658353,-7.343624433437178e-5,0.0008998425151459337,0.06654935197903454,-0.35133615136146545,0.25797921419143677,0.031162679195404053,1.5196120738983154,-1.016274333000183,0.6534887552261353,0.1607261300086975,0.20960533618927002,-2.117889404296875,1.458451271057129,1.0294615030288696,-1.7323312759399414
0.4551758749999989,0.0034223749999999996,133.0,2.3416123357786502,0.9495890499023721,0.430414842127228,0.0021414110638789336,-7.86986776423684e-5,0.0009740482934525581,0.0665488280261696,-0.3529949486255646,0.2592679560184479,0.031115740537643433,1.5164836645126343,-1.0271601676940918,0.6654644012451172,0.16931432485580444,0.2158547341823578,-2.123828887939453,1.4527950286865234,1.037657380104065,-1.735573410987854
0.4551758749999989,0.0034223749999999996,133.0,2.36419855928862,0.9725678546712971,0.430421516865896,0.002352747743746324,-8.54827846506648e-5,0.0010684997106897146,0.06654702743643917,-0.3548588454723358,0.2606719136238098,0.030349701642990112,1.5105913877487183,-1.0375947952270508,0.6816990375518799,0.1838034987449646,0.22289949655532837,-2.1333224773406982,1.4491312503814697,1.0441256761550903,-1.7368711233139038
0.4551758749999989,0.0034223749999999996,133.0,2.386078548547987,0.994687637502423,0.43040687011767714,0.0025668179123003888,-9.213347828895081e-5,0.0011642241476484453,0.06654634378489578,-0.3538528382778168,0.26140210032463074,0.03415560722351074,1.52846360206604,-1.034482717514038,0.6730877161026001,0.17962756752967834,0.21166130900382996,-2.133805513381958,1.4269559383392334,1.0632585287094116,-1.7435414791107178
0.4551758749999989,0.0034223749999999996,133.0,2.407186605899762,1.0159809576612255,0.43053091752781536,0.002793775979420259,-9.931447041414613e-5,0.0012635066274552585,0.0665418113677802,-0.35694387555122375,0.26313817501068115,0.03191804885864258,1.5128772258758545,-1.0552281141281128,0.699957013130188,0.19805525243282318,0.22791126370429993,-2.14839768409729,1.4296770095825195,1.0651549100875854,-1.7443997859954834
0.4551758749999989,0.0034223749999999996,133.0,2.4276187261254485,1.0364090533281316,0.43103037599724703,0.003025751102750152,-0.00011309219885552462,0.0013569265854962529,0.06653098714454868,-0.35525450110435486,0.26385408639907837,0.03835254907608032,1.5448230504989624,-1.04351806640625,0.678520917892456,0.18017637729644775,0.20762699842453003,-2.1458122730255127,1.403796672821045,1.0853455066680908,-1.7559964656829834
0.4551758749999989,0.0034223749999999996,133.0,2.4470598183549575,1.0561078359394673,0.43139420015001473,0.003204953407951302,-0.00011994750239050212,0.0014316214580608702,0.06652298179453468,-0.35581889748573303,0.26503220200538635,0.041990846395492554,1.5596812963485718,-1.046033501625061,0.6737684011459351,0.1706893891096115,0.20213088393211365,-2.1485958099365234,1.3897285461425781,1.096890926361084,-1.7653629779815674
0.4551758749999989,0.0034223749999999996,133.0,2.465801142187337,1.0748796976549038,0.431816207294559,0.0034090784495689978,-0.0001295386887180955,0.0015135138404083317,0.06651429259575763,-0.35610154271125793,0.265863299369812,0.044364333152770996,1.5705831050872803,-1.0469861030578613,0.6738276481628418,0.1725190281867981,0.19594889879226685,-2.153752326965332,1.3750247955322266,1.109582543373108,-1.7701420783996582
0.4551758749999989,0.0034223749999999996,133.0,2.48323221820307,1.0928822198626282,0.43159925646098124,0.003581982137602288,-0.00013725454935150887,0.001592841797481365,0.0665206559785988,-0.3590090572834015,0.26743587851524353,0.04512849450111389,1.5649255514144897,-1.0708750486373901,0.6848764419555664,0.16176676750183105,0.21123602986335754,-2.1575052738189697,1.3749735355377197,1.1103860139846802,-1.779846429824829
0.4551758749999989,0.0034223749999999996,133.0,2.5002949703216752,1.1099515657360897,0.4317538204882757,0.0037880556062334834,-0.00014359130011141685,0.001678791207401054,0.06651687273459006,-0.358736127614975,0.26808086037635803,0.047061413526535034,1.5743350982666016,-1.0695449113845825,0.6842986345291138,0.1664469987154007,0.20440950989723206,-2.1622462272644043,1.3602941036224365,1.1229914426803589,-1.7824926376342773
0.4551758749999989,0.0034223749999999996,133.0,2.516379815045278,1.1262187781465056,0.4319060146681797,0.003969367856826453,-0.00015121688270946073,0.001754580813472572,0.06651388001409775,-0.3607628047466278,0.26916995644569397,0.0480208694934845,1.572618007659912,-1.0895344018936157,0.6949703693389893,0.16387149691581726,0.21395152807235718,-2.168952226638794,1.353743076324463,1.1295416355133057,-1.790416955947876
0.4551758749999989,0.0034223749999999996,133.0,2.531564023984062,1.1415635755329003,0.43163700287208884,0.004147645857786904,-0.00015649215749694994,0.001832423714689697,0.06652007603232012,-0.35939303040504456,0.26928097009658813,0.04994949698448181,1.5815885066986084,-1.0880112648010254,0.6915313005447388,0.17094074189662933,0.20550408959388733,-2.171795606613159,1.3352537155151367,1.1470471620559692,-1.791001558303833
0.4551758749999989,0.0034223749999999996,133.0,2.546107343019517,1.15611548670582,0.43185904212040627,0.004290062859725793,-0.00016345091211005734,0.001888198493629755,0.0665184716666889,-0.36084070801734924,0.269995778799057,0.049887001514434814,1.5745104551315308,-1.1101176738739014,0.7057660818099976,0.17693424224853516,0.21722683310508728,-2.180020809173584,1.3291542530059814,1.1581658124923706,-1.7957699298858643
0.4551758749999989,0.0034223749999999996,133.0,2.5596763285550654,1.1698458283012627,0.4319611300666646,0.004416511085746473,-0.00017303432440112242,0.0019393864246936665,0.06652403210765373,-0.36204448342323303,0.2703823745250702,0.051363229751586914,1.5712045431137085,-1.1401004791259766,0.712926983833313,0.1696072518825531,0.2309548556804657,-2.1853675842285156,1.318253755569458,1.1765254735946655,-1.8062808513641357
0.4551758749999989,0.0034223749999999996,133.0,2.5727311108128723,1.1827942198634251,0.4324909141171366,0.004553886802262768,-0.00018197156658603605,0.001990824912948512,0.06652037536926796,-0.3607769310474396,0.2701723575592041,0.054794877767562866,1.5846232175827026,-1.1474332809448242,0.7044775485992432,0.1619795709848404,0.22588303685188293,-2.189147710800171,1.298154354095459,1.200962781906128,-1.8146264553070068
0.4551758749999989,0.0034223749999999996,133.0,2.5851581876172185,1.194638041271756,0.43238151580109613,0.004698928554655646,-0.0001796184031412827,0.002045203884585105,0.06652505093307098,-0.3553648293018341,0.26900380849838257,0.05882909893989563,1.610148310661316,-1.1183547973632812,0.6780214309692383,0.17186857759952545,0.1948680281639099,-2.185765504837036,1.2664241790771484,1.2311756610870361,-1.8090975284576416
0.4551758749999989,0.0034223749999999996,133.0,2.59681702982269,1.2057211686530807,0.4326767531943488,0.0048488445274737085,-0.0001821946186689937,0.0020973718861361816,0.06652236259747461,-0.3506845533847809,0.2680789530277252,0.06270131468772888,1.6348294019699097,-1.0904982089996338,0.6539922952651978,0.1792323887348175,0.16626980900764465,-2.184579372406006,1.2391743659973145,1.256713628768921,-1.805114984512329
0.4551758749999989,0.0034223749999999996,133.0,2.607693584800321,1.2159690516164259,0.4328389212342331,0.004992623497020581,-0.0001784956514336041,0.0021487168974477803,0.06652212191743373,-0.3458351194858551,0.2669466733932495,0.06469777226448059,1.6532032489776611,-1.0586143732070923,0.6373676061630249,0.20291809737682343,0.136810302734375,-2.1861093044281006,1.2134077548980713,1.281262993812561,-1.7940363883972168
0.4551758749999989,0.0034223749999999996,133.0,2.6175655193530107,1.2254861519332323,0.4330453393787423,0.005155675793679856,-0.00017642590640705886,0.002211792722444929,0.06652153954325161,-0.3423776924610138,0.2662198841571808,0.06590935587882996,1.6649760007858276,-1.037909746170044,0.6287213563919067,0.22367674112319946,0.11702930927276611,-2.1906487941741943,1.193678617477417,1.3015706539154053,-1.7860605716705322
0.4551758749999989,0.0034223749999999996,133.0,2.626023583326198,1.2363109366489846,0.4360182789152616,0.0053987304341731705,-0.00020069131313277814,0.0023032408142864102,0.0663329984351144,-0.34434130787849426,0.267515629529953,0.06589046120643616,1.6857064962387085,-1.0065120458602905,0.6457029581069946,0.25669559836387634,0.09513795375823975,-2.2191312313079834,1.1964735984802246,1.2937753200531006,-1.784897804260254
0.4551758749999989,0.0034223749999999996,133.0,2.6344840246512238,1.2440849475719777,0.43643008291568786,0.005651102992073085,-0.00020586312483921904,0.002397196341688471,0.06633034977436263,-0.3388565480709076,0.2663024663925171,0.0698138177394867,1.7146708965301514,-0.962712824344635,0.6130480766296387,0.26445499062538147,0.05767834186553955,-2.2142703533172607,1.1712260246276855,1.3107177019119263,-1.7762439250946045
0.4551758749999989,0.0034223749999999996,133.0,2.641808203206108,1.2510503647881588,0.43646337684915376,0.006034204553052809,-0.00021275354137687517,0.0025529214113185453,0.0663327146924469,-0.3357430398464203,0.2656831443309784,0.07096049189567566,1.7239934206008911,-0.9489391446113586,0.6047741174697876,0.27742838859558105,0.04311910271644592,-2.2187306880950928,1.152472972869873,1.327286720275879,-1.7710319757461548
0.4551758749999989,0.0034223749999999996,133.0,2.648429979656122,1.2572182158649903,0.4366728746223317,0.0066756197003209556,-0.00023104053469734186,0.002812596815535329,0.06633232744776309,-0.33204737305641174,0.26508498191833496,0.07143393158912659,1.7351994514465332,-0.9246018528938293,0.5967258214950562,0.29700350761413574,0.023193180561065674,-2.225445508956909,1.1349802017211914,1.3393568992614746,-1.7623281478881836
0.4551758749999989,0.0034223749999999996,133.0,2.6541610684786376,1.262592268691536,0.4366196890660021,0.008128353763587129,-0.0002746808153635377,0.0034125543598325864,0.06633583235154746,-0.32840636372566223,0.26507487893104553,0.07274100184440613,1.7488175630569458,-0.9103836417198181,0.5891990661621094,0.30573320388793945,0.0075945258140563965,-2.2387890815734863,1.1114532947540283,1.351144552230835,-1.7603766918182373
0.4551758749999989,0.0034223749999999996,133.0,2.6591326689537635,1.267606024197679,0.43678195532680475,0.015114927934539913,-0.0005575360105249624,0.006238546945890917,0.06632197762031905,-0.324367493391037,0.26889997720718384,0.07399579882621765,1.7756102085113525,-0.9243292808532715,0.6146260499954224,0.3116501271724701,0.002740323543548584,-2.317537307739258,1.052372932434082,1.3593500852584839,-1.7826635837554932
0.4551758749999989,0.0034223749999999996,133.0,2.651172997591224,-1.2346930779953993,0.4097346338786477,-0.013852712943567934,-0.0003609944864225549,-0.006757080910117195,0.06842482387846834,-0.055070728063583374,0.14285209774971008,-0.12840551137924194,0.3350905179977417,0.01678236946463585,-0.6668667793273926,0.2812690734863281,0.4242251515388489,-0.13409171998500824,0.7066349983215332,0.44602078199386597,-0.7624646425247192
0.4551758749999989,0.0034223749999999996,133.0,2.6465911217068485,-1.2298306164382329,0.41006143741475737,-0.007479241161050705,-0.00015474126413356527,-0.0036463404906159165,0.06839386546491254,-0.055568695068359375,0.1476266235113144,-0.12517622113227844,0.35239726305007935,-0.03071075677871704,-0.6599254608154297,0.27020153403282166,0.404710978269577,-0.196926549077034,0.7221601009368896,0.42812129855155945,-0.7601459622383118
0.4551758749999989,0.0034223749999999996,133.0,2.641086791938468,-1.2243605846903676,0.4100340915075572,-0.0061456156791209185,-0.0001234409751035822,-0.002993044873334181,0.06838090779800543,-0.05731719732284546,0.14822842180728912,-0.12450963258743286,0.35233163833618164,-0.030167892575263977,-0.6415383815765381,0.268280029296875,0.4013369381427765,-0.18656212091445923,0.7279279232025146,0.39262741804122925,-0.7567055821418762
0.4551758749999989,0.0034223749999999996,133.0,2.634881811620598,-1.2182974813781824,0.4100382560540953,-0.005558321094544607,-0.00011097713102515582,-0.0027048303639363373,0.06837657501882505,-0.05756989121437073,0.1467520296573639,-0.12419554591178894,0.34697774052619934,-0.030749116092920303,-0.6278071403503418,0.2701762914657593,0.4001929759979248,-0.1714274287223816,0.7287437915802002,0.3798900544643402,-0.7502013444900513
0.4551758749999989,0.0034223749999999996,133.0,2.6277090377044656,-1.2112873416178198,0.40998892589829783,-0.00521777341924618,-0.00010886584447312433,-0.0025371241302746136,0.06836794590536353,-0.05883437395095825,0.1461583971977234,-0.12428203225135803,0.3427838385105133,-0.025178249925374985,-0.6072120666503906,0.27224087715148926,0.3997143507003784,-0.14512178301811218,0.7297496795654297,0.3472871482372284,-0.7455306053161621
0.4551758749999989,0.0034223749999999996,133.0,2.6189704683969954,-1.2051094417305568,0.407416280257705,-0.004977095606876549,-0.00015741854429710794,-0.0024172082994580388,0.06844164125968515,-0.058904677629470825,0.1445065587759018,-0.12408137321472168,0.3388829827308655,-0.01911243051290512,-0.5976698398590088,0.27793869376182556,0.39907291531562805,-0.12111017853021622,0.7249565124511719,0.32915928959846497,-0.7409983277320862
0.4551758749999989,0.0034223749999999996,133.0,2.6102015118605078,-1.1966957749128848,0.4073995822936104,-0.004780212748848778,-0.00015788825343897845,-0.0023215226115874442,0.06843668608623067,-0.059986263513565063,0.14189939200878143,-0.12313368916511536,0.32835161685943604,-0.01186913438141346,-0.5691871643066406,0.28230369091033936,0.4029613435268402,-0.0873001217842102,0.7264444828033447,0.3065536618232727,-0.7343635559082031
0.4551758749999989,0.0034223749999999996,133.0,2.6006398737119607,-1.1873021305643152,0.40728051783566854,-0.004633144961338591,-0.00015646118996158782,-0.002246148999496123,0.06843269513648222,-0.0604652464389801,0.1410333663225174,-0.12381228804588318,0.3241885006427765,-0.00823410414159298,-0.5515909194946289,0.28677964210510254,0.4021669328212738,-0.06154254078865051,0.7226443290710449,0.282568097114563,-0.729398250579834
0.4551758749999989,0.0034223749999999996,133.0,2.5901825634537934,-1.1770437873026582,0.4072187797158241,-0.004502207800752011,-0.0001568740884003361,-0.002177597248116562,0.06842612245114887,-0.061726003885269165,0.1396443396806717,-0.12383824586868286,0.3172728717327118,0.00018514669500291348,-0.523019552230835,0.2926391363143921,0.4043087661266327,-0.02376769855618477,0.7199313640594482,0.24853003025054932,-0.7246189117431641
0.4551758749999989,0.0034223749999999996,133.0,2.5789601768633457,-1.166112277780054,0.40726341627845486,-0.004369403662817365,-0.00015951084784521138,-0.002112053009292802,0.06842252415420814,-0.06206342577934265,0.136348694562912,-0.12281656265258789,0.30492690205574036,0.005766419228166342,-0.492053747177124,0.29896220564842224,0.40958520770072937,0.011704366654157639,0.7170529365539551,0.23349621891975403,-0.717537522315979
0.4551758749999989,0.0034223749999999996,133.0,2.566964134756483,-1.154208061037906,0.4072306633250001,-0.004246995652016536,-0.00015895155286628547,-0.002049607960217825,0.06842074480046195,-0.06206011772155762,0.13572077453136444,-0.12390053272247314,0.3014836609363556,0.006380189675837755,-0.47569990158081055,0.3044480085372925,0.4083629548549652,0.03487361967563629,0.7103025913238525,0.21447136998176575,-0.7128519415855408
0.4551758749999989,0.0034223749999999996,133.0,2.5541568372885126,-1.141449411738017,0.4070937304115214,-0.004123457107070591,-0.00015575791086625394,-0.001982902424101696,0.06842003145756904,-0.06130450963973999,0.13391830027103424,-0.12487220764160156,0.29592078924179077,0.007145996671169996,-0.4605104923248291,0.3108313977718353,0.40698501467704773,0.061179570853710175,0.7009413242340088,0.20192773640155792,-0.7058793902397156
0.4551758749999989,0.0034223749999999996,133.0,2.540620261494177,-1.1277907410950234,0.4069545700352857,-0.004015468773255974,-0.00015062015279563616,-0.0019280583423788454,0.06842256904432885,-0.05963161587715149,0.13360661268234253,-0.12703019380569458,0.29594090580940247,-0.0011782650835812092,-0.46352219581604004,0.31252607703208923,0.4002259373664856,0.0678885355591774,0.691537618637085,0.20219582319259644,-0.6990917921066284
0.4551758749999989,0.0034223749999999996,133.0,2.5262265076226424,-1.1132812164811419,0.40680146820434115,-0.0038782770064167207,-0.00014361243614894006,-0.0018594358334072668,0.06842472065845372,-0.0580996572971344,0.13336458802223206,-0.1286424696445465,0.29575154185295105,-0.01086266990751028,-0.46765947341918945,0.3133619725704193,0.3946644365787506,0.06718307733535767,0.6856718063354492,0.2106178104877472,-0.693302571773529
0.4551758749999989,0.0034223749999999996,133.0,2.5108781129843605,-1.0979064262969895,0.40665307954955054,-0.003703255695063898,-0.00013989372328166143,-0.0017769933678046745,0.06842247839054229,-0.05846351385116577,0.13379043340682983,-0.12996640801429749,0.29561179876327515,-0.012171567417681217,-0.4600844383239746,0.3173152804374695,0.39242231845855713,0.07748132944107056,0.6830501556396484,0.20187193155288696,-0.6909187436103821
0.4551758749999989,0.0034223749999999996,133.0,2.494656544946437,-1.0816673832991686,0.4065348739891717,-0.0035410517684485083,-0.00013303162717088403,-0.0016974351388960452,0.06841925623663797,-0.05891641974449158,0.13506869971752167,-0.1316295564174652,0.2982531189918518,-0.014772134833037853,-0.46051859855651855,0.31894880533218384,0.38826656341552734,0.07991797477006912,0.6828184127807617,0.19803482294082642,-0.6894001960754395
0.4551758749999989,0.0034223749999999996,133.0,2.4775941234947227,-1.064681916993515,0.4064937584883713,-0.0033551612854625817,-0.00012787655858236604,-0.0016096868798808502,0.06841542416266408,-0.05992606282234192,0.1355493664741516,-0.13220682740211487,0.29707351326942444,-0.015366007573902607,-0.4502382278442383,0.3237331211566925,0.38879647850990295,0.0832609087228775,0.6857013702392578,0.19750426709651947,-0.6887890100479126
0.4551758749999989,0.0034223749999999996,133.0,2.4597542792495,-1.0467412993610241,0.40638941217495456,-0.0031790211761470477,-0.00011860548816733081,-0.0015263647848139258,0.06841392865234469,-0.0598524808883667,0.1364586502313614,-0.13312959671020508,0.2989846169948578,-0.02316787838935852,-0.45900702476501465,0.3246805667877197,0.38558781147003174,0.06270243227481842,0.6911296844482422,0.22115446627140045,-0.6875367164611816
0.4551758749999989,0.0034223749999999996,133.0,2.440941122471555,-1.0279104146762676,0.4062781867254443,-0.002996556240829061,-0.00011316953971935328,-0.0014385704198015155,0.06840646107660044,-0.06160080432891846,0.13819094002246857,-0.13477614521980286,0.3015443980693817,-0.020977947860956192,-0.4520096778869629,0.32988983392715454,0.38343584537506104,0.06993194669485092,0.6937835216522217,0.2091285139322281,-0.6879803538322449
0.4551758749999989,0.0034223749999999996,133.0,2.4213683684158553,-1.0083951433930751,0.40618364985651456,-0.0028327517801488146,-0.00010963421674292913,-0.0013610768010437152,0.06840195009780473,-0.0625639259815216,0.1385987401008606,-0.13570773601531982,0.3002225160598755,-0.02124129608273506,-0.44175267219543457,0.3357440233230591,0.38323360681533813,0.0754011869430542,0.6960325241088867,0.20756682753562927,-0.6864929795265198
0.4551758749999989,0.0034223749999999996,133.0,2.4009940239170193,-0.987954146745129,0.4060675371258586,-0.002617970654812383,-0.00010109557335582772,-0.0012592344713221522,0.06839804429788914,-0.06335806846618652,0.13999851047992706,-0.137050598859787,0.30274760723114014,-0.02487558126449585,-0.44326305389404297,0.3389227092266083,0.37993884086608887,0.06684029847383499,0.7006139755249023,0.21495966613292694,-0.685759961605072
0.4551758749999989,0.0034223749999999996,133.0,2.379739893700639,-0.967148073227564,0.40615873937931235,-0.0024044955243318115,-9.721492715001694e-5,-0.0011579933077700342,0.0683943205751034,-0.06455284357070923,0.13616307079792023,-0.13559240102767944,0.28822940587997437,-0.016213692724704742,-0.4102165699005127,0.3459782004356384,0.38997822999954224,0.09716837853193283,0.7041399478912354,0.2181324064731598,-0.6813083291053772
0.4551758749999989,0.0034223749999999996,133.0,2.3576499812481044,-0.9450273150718986,0.40601709767545313,-0.0022026077165864942,-8.811875110339984e-5,-0.0010606945081188964,0.0683894357445692,-0.06568998098373413,0.13775484263896942,-0.13716182112693787,0.29086920619010925,-0.01983455941081047,-0.410693883895874,0.350935161113739,0.38731276988983154,0.08739279955625534,0.7095191478729248,0.22624176740646362,-0.6813424229621887
0.4551758749999989,0.0034223749999999996,133.0,2.334654016988964,-0.9220123693398052,0.4058340566194797,-0.002001453392220497,-8.067522636994062e-5,-0.0009633239435222119,0.06838179295998366,-0.06773993372917175,0.1400841325521469,-0.13926076889038086,0.2948186993598938,-0.019835609942674637,-0.40618348121643066,0.3582358956336975,0.38466668128967285,0.08676187694072723,0.7143819332122803,0.22040636837482452,-0.682711124420166
0.4551758749999989,0.0034223749999999996,133.0,2.310774896494664,-0.8979965531207554,0.40553680381049906,-0.0018404702017046804,-7.418623911785824e-5,-0.0008848771784831628,0.06837258205449845,-0.0702870786190033,0.144468754529953,-0.14264941215515137,0.30509015917778015,-0.020383644849061966,-0.4095120429992676,0.36436182260513306,0.37693458795547485,0.08264763653278351,0.7188458442687988,0.2039589285850525,-0.6853079199790955
0.4551758749999989,0.0034223749999999996,133.0,2.2861853641478995,-0.8733201468706011,0.4053810080949284,-0.00164248056152422,-6.529608642710905e-5,-0.000790850832540527,0.06836684115925531,-0.07177078723907471,0.14694710075855255,-0.14434805512428284,0.3098718523979187,-0.024835295975208282,-0.41287732124328613,0.36784628033638,0.3729260563850403,0.06433633714914322,0.7269129753112793,0.214577317237854,-0.6861507892608643
0.4551758749999989,0.0034223749999999996,133.0,2.260707113691732,-0.8479647399553562,0.4053693649893098,-0.0014589120959133098,-6.0615611586260586e-5,-0.0007045736033316172,0.06835934039061045,-0.07346054911613464,0.14695197343826294,-0.14516595005989075,0.3061729371547699,-0.0233287513256073,-0.3984980583190918,0.3751388490200043,0.37512195110321045,0.07054660469293594,0.733112096786499,0.21947045624256134,-0.684711217880249
0.4551758749999989,0.0034223749999999996,133.0,2.2344546232893827,-0.8219427588001128,0.40531585141795057,-0.0012779725729674973,-5.4506829997516655e-5,-0.0006175803692547055,0.06835463158919695,-0.07481846213340759,0.14562010765075684,-0.1456613540649414,0.2987770736217499,-0.02042865753173828,-0.3789973258972168,0.38364964723587036,0.37950003147125244,0.08625427633523941,0.737799882888794,0.2251923680305481,-0.6817367076873779
0.4551758749999989,0.0034223749999999996,133.0,2.207396450619594,-0.7949587547295499,0.40518420662488003,-0.0011279967543924995,-4.9144541106706245e-5,-0.0005453071912726617,0.06834974867020174,-0.07575586438179016,0.1457141637802124,-0.14717867970466614,0.29581397771835327,-0.021313808858394623,-0.36603617668151855,0.39082661271095276,0.37895822525024414,0.0976523905992508,0.7398436069488525,0.22397074103355408,-0.6782500147819519
0.4551758749999989,0.0034223749999999996,133.0,2.1795843268959345,-0.7671871031239775,0.40504887961831615,-0.0009943032499665138,-4.379730400308934e-5,-0.00048096650444936665,0.06834760770604217,-0.07581061124801636,0.14538316428661346,-0.1485966444015503,0.29228097200393677,-0.02593217045068741,-0.3577144145965576,0.39595967531204224,0.37746208906173706,0.1021730899810791,0.7410116195678711,0.23169150948524475,-0.6732268929481506
0.4551758749999989,0.0034223749999999996,133.0,2.1508107310029643,-0.7385966986781974,0.40489400838291595,-0.0008210287800615917,-3.655321917225355e-5,-0.0003963082683735986,0.06834236030322186,-0.07735610008239746,0.14495603740215302,-0.15018779039382935,0.2876679003238678,-0.022807538509368896,-0.3390052318572998,0.4048774540424347,0.37884169816970825,0.12836816906929016,0.7427372932434082,0.22345848381519318,-0.6699941754341125
0.4551758749999989,0.0034223749999999996,133.0,2.121211177515535,-0.7092320844511774,0.4047909986083503,-0.0006892748782211372,-3.1712127068771606e-5,-0.0003326367927376788,0.06833761558600511,-0.07883217930793762,0.1438743621110916,-0.15122056007385254,0.28043434023857117,-0.019564669579267502,-0.3173539638519287,0.41538339853286743,0.38316160440444946,0.1521734744310379,0.7458598613739014,0.2234381139278412,-0.6671033501625061
0.4551758749999989,0.0034223749999999996,133.0,2.0907592169580753,-0.6788995811078385,0.40464556820850744,-0.0005173816347287868,-2.449363302697921e-5,-0.0002499577734415241,0.06833072392640074,-0.08062461018562317,0.14439426362514496,-0.1527203619480133,0.27793827652931213,-0.018747631460428238,-0.30344462394714355,0.42459261417388916,0.3839647173881531,0.16075526177883148,0.751793384552002,0.2254139482975006,-0.6654608845710754
0.4551758749999989,0.0034223749999999996,133.0,2.0595105185604115,-0.6475353869965967,0.40444236738554323,-0.00032505903115336433,-1.5048689735497372e-5,-0.0001570487448036676,0.06832318765460758,-0.08219635486602783,0.14722606539726257,-0.15511229634284973,0.28347817063331604,-0.023059271275997162,-0.30558180809020996,0.42778852581977844,0.3765147626399994,0.14704304933547974,0.7598066329956055,0.228098064661026,-0.6635966897010803
0.4551758749999989,0.0034223749999999996,133.0,2.0273860501814442,-0.6153924339354756,0.4042609569192075,-0.00015192775563727614,-7.126323571610113e-6,-7.357024976546692e-5,0.06831404099288246,-0.08425846695899963,0.14939215779304504,-0.15714365243911743,0.28617537021636963,-0.023370686918497086,-0.30017900466918945,0.4338231086730957,0.3722968101501465,0.14194390177726746,0.768460750579834,0.22883403301239014,-0.662132978439331
0.4551758749999989,0.0034223749999999996,133.0,1.9944154447560525,-0.5827758241708492,0.4041830309108785,1.6842603105790812e-5,8.409753630991007e-7,8.193871072314098e-6,0.06830720844872931,-0.08634048700332642,0.14751775562763214,-0.1575639247894287,0.276215136051178,-0.01662561669945717,-0.2776193618774414,0.4461010992527008,0.3798864483833313,0.15758413076400757,0.7775824069976807,0.2442714273929596,-0.659837543964386
0.4551758749999989,0.0034223749999999996,133.0,1.960603619041854,-0.5490930892508584,0.40402409130996403,0.00018607638862770705,9.510583180546138e-6,9.061274917702712e-5,0.06829893406076563,-0.08857131004333496,0.14824309945106506,-0.15934965014457703,0.273951917886734,-0.01474865060299635,-0.263049840927124,0.45720991492271423,0.38055419921875,0.1659831702709198,0.785222053527832,0.24608290195465088,-0.6583037376403809
0.4551758749999989,0.0034223749999999996,133.0,1.9259058605921453,-0.5143440279654129,0.4037389759750248,0.0003695325870158698,1.892009892082765e-5,0.0001798819082773882,0.06828733381084748,-0.09143045544624329,0.1516248881816864,-0.16254577040672302,0.2803758382797241,-0.0150362653657794,-0.25873398780822754,0.46555566787719727,0.37375903129577637,0.16510477662086487,0.7935459613800049,0.23546147346496582,-0.6579909920692444
0.4551758749999989,0.0034223749999999996,133.0,1.8903949860915967,-0.4789840947925871,0.40356706570517603,0.0005138354062976597,2.690409784402487e-5,0.00025037692294621215,0.06827822849740466,-0.09403440356254578,0.1525825709104538,-0.16444328427314758,0.27848222851753235,-0.012948902323842049,-0.24421143531799316,0.47767725586891174,0.3747571110725403,0.17165416479110718,0.8028740882873535,0.2384079098701477,-0.6571716070175171
0.4551758749999989,0.0034223749999999996,133.0,1.854066298785205,-0.44280369605866404,0.4033909518248097,0.0006766006762793147,3.628207723645785e-5,0.00033001614877000134,0.06826932035385036,-0.09649550914764404,0.1533982753753662,-0.16639038920402527,0.27628135681152344,-0.011227637529373169,-0.22930669784545898,0.49009671807289124,0.3755236268043518,0.17991656064987183,0.8115441799163818,0.24054011702537537,-0.6558024287223816
0.4551758749999989,0.0034223749999999996,133.0,1.8169343006906777,-0.4058058579980759,0.4032230721824274,0.0008499842069040911,4.679046428715319e-5,0.0004149774929608544,0.0682610105149779,-0.09862637519836426,0.15395720303058624,-0.16838884353637695,0.27351897954940796,-0.010260505601763725,-0.21402478218078613,0.5026510953903198,0.37595134973526,0.19126304984092712,0.8186993598937988,0.24123212695121765,-0.6535143256187439
0.4551758749999989,0.0034223749999999996,133.0,1.779014169744749,-0.3680120221199988,0.4030365264857742,0.001046841465910462,5.9632429945355815e-5,0.0005117711148237442,0.06825395272867044,-0.1003020703792572,0.1541278213262558,-0.17050868272781372,0.2701210677623749,-0.011128190904855728,-0.19895505905151367,0.515658438205719,0.37621819972991943,0.20562827587127686,0.8237738609313965,0.24181750416755676,-0.6504096984863281
0.4551758749999989,0.0034223749999999996,133.0,1.7402768321476174,-0.32938828132418985,0.4028772842665159,0.001233813595928464,7.243943398146474e-5,0.0006036344902984344,0.06824750534333585,-0.10171324014663696,0.15409113466739655,-0.17269128561019897,0.2662956118583679,-0.013087227940559387,-0.18393754959106445,0.5291197896003723,0.3765432834625244,0.22215934097766876,0.8276007175445557,0.2419552206993103,-0.646923303604126
0.4551758749999989,0.0034223749999999996,133.0,1.700625755503595,-0.29021304249766516,0.4027394517595798,0.0013549121730679207,8.448448562998382e-5,0.0006635352837434578,0.0682432758100258,-0.10389202833175659,0.15117725729942322,-0.17409417033195496,0.2531939446926117,-0.006198324263095856,-0.15594863891601562,0.5519868731498718,0.3880253732204437,0.2651519477367401,0.8325140476226807,0.2520450949668884,-0.645332932472229
0.4551758749999989,0.0034223749999999996,133.0,1.6601758820518964,-0.2499154430877382,0.40256019858363196,0.001510038196909905,9.696512842606937e-5,0.0007402967074548854,0.06823544976963565,-0.10596972703933716,0.15145981311798096,-0.1761295199394226,0.2502903938293457,-0.005366691388189793,-0.14172625541687012,0.5677309036254883,0.38910093903541565,0.27822697162628174,0.8392446041107178,0.25417691469192505,-0.6435509920120239
0.4551758749999989,0.0034223749999999996,133.0,1.6187836078121838,-0.20834630438849244,0.4021853815416056,0.001661324011279067,0.00010790201492440958,0.0008152819336453722,0.06821906514607932,-0.10901176929473877,0.1564401537179947,-0.1800755262374878,0.2631334662437439,-0.006861642003059387,-0.14424562454223633,0.5748364925384521,0.3743804097175598,0.2713272273540497,0.8477439880371094,0.22934210300445557,-0.6417150497436523
0.4551758749999989,0.0034223749999999996,133.0,1.5774218391310373,-0.16508157979440047,0.4045730751530933,0.001803810393638812,0.00010685634406101633,0.0008905826406404247,0.06813593271068648,-0.10979560017585754,0.15416301786899567,-0.1805233359336853,0.2496677041053772,-0.00885843951255083,-0.12183308601379395,0.5869762301445007,0.38215047121047974,0.273436576128006,0.8576562404632568,0.2576214671134949,-0.6360732913017273
0.4551758749999989,0.0034223749999999996,133.0,1.534297767027319,-0.12204236378146856,0.40427501699377905,0.0019015835601553246,0.00012081521870616471,0.0009418698571208675,0.06811862072452854,-0.11475372314453125,0.15792803466320038,-0.18394440412521362,0.25522762537002563,-0.002283825073391199,-0.107452392578125,0.604783833026886,0.37778711318969727,0.2858908176422119,0.8743267059326172,0.2359178066253662,-0.6373395919799805
0.4551758749999989,0.0034223749999999996,133.0,1.49013650248384,-0.07881398831194801,0.40429136705387303,0.001875790149984888,0.00012781239570203517,0.0009343638536040167,0.06810563514580673,-0.12099394202232361,0.14982034265995026,-0.18314015865325928,0.22089742124080658,0.02709611877799034,-0.06006765365600586,0.6520228981971741,0.41737663745880127,0.34730952978134155,0.9028651714324951,0.3001979887485504,-0.6427860856056213
0.4551758749999989,0.0034223749999999996,133.0,1.4437148211547663,-0.0328066035558419,0.40138127452382755,0.001756004683324974,7.529981619843726e-5,0.0008854302838894269,0.06808137661502865,-0.14543932676315308,0.2035408914089203,-0.1896657794713974,0.34914886951446533,0.04662247374653816,-0.12014627456665039,0.3959353566169739,0.3836318254470825,-0.2992859482765198,1.1631622314453125,0.15466460585594177,-0.7371282577514648
0.4551758749999989,0.0034223749999999996,133.0,1.395741912850624,0.017309590138778086,0.40174705483338913,0.00010342518372888036,-3.074662478463625e-6,5.373085907763423e-5,0.0678766984661688,-0.1943991780281067,0.2783486247062683,-0.1771586537361145,0.4221091568470001,0.010070773772895336,0.03346371650695801,-0.08033959567546844,0.5856956243515015,-1.450446605682373,1.6165258884429932,0.06167066842317581,-1.0108710527420044
0.4551758749999989,0.0034223749999999996,133.0,1.4375006232377858,0.05274112249323033,0.40416056443123094,-0.001711867053759701,-0.00011043516951409987,-0.0009229308869725958,0.06739705589171122,-0.22040921449661255,0.12576064467430115,-0.18134170770645142,0.6184244155883789,-0.18083162605762482,0.1713709831237793,0.8797326683998108,-0.043103575706481934,-0.6607181429862976,1.5185315608978271,0.026295961812138557,-0.5750960111618042
0.4551758749999989,0.0034223749999999996,133.0,1.4767537523274712,0.10012932091344406,0.40798652286096604,-0.0019293673271577173,5.299978960377101e-6,-0.0010466711814991862,0.06694262462504018,-0.2836471498012543,0.1590808779001236,-0.12403109669685364,0.8968493342399597,-0.3989070951938629,0.4301466941833496,0.48829981684684753,0.0718933641910553,-1.4882866144180298,1.9098849296569824,0.3179650604724884,-0.9674268960952759
0.4551758749999989,0.0034223749999999996,133.0,1.516678838826817,0.14631588044489047,0.41213503674659446,-0.0019424909152027886,7.831320962751449e-5,-0.001021813351042878,0.06668763514538989,-0.3346843421459198,0.1918051540851593,-0.060771435499191284,1.1460747718811035,-0.7168014645576477,0.5386092662811279,0.11665484309196472,0.2113507091999054,-1.86113440990448,1.9992704391479492,0.5269249677658081,-1.356648564338684
0.4551758749999989,0.0034223749999999996,133.0,1.558629453277915,0.19046369235120728,0.41343182947820734,-0.0018399305302494178,8.508716633999176e-5,-0.0009520886555452664,0.06662583567503452,-0.3435826003551483,0.2064860463142395,-0.04457119107246399,1.2093161344528198,-0.7951611876487732,0.5546845197677612,0.08010098338127136,0.23812559247016907,-1.9423362016677856,1.967984676361084,0.538837194442749,-1.4471797943115234
0.4551758749999989,0.0034223749999999996,133.0,1.6003462234662877,0.23307941613326527,0.41418668120431457,-0.0016875696042600937,8.353673802166123e-5,-0.0008635575589736842,0.06660300591816595,-0.34465524554252625,0.21419945359230042,-0.03045421838760376,1.2672741413116455,-0.8327646255493164,0.5481460094451904,0.025783684104681015,0.2366788387298584,-1.9618011713027954,1.9169788360595703,0.5748844742774963,-1.5039019584655762
0.4551758749999989,0.0034223749999999996,133.0,1.6412017374204582,0.2745130031825692,0.41415068430869206,-0.0014966904117296636,7.339176889267035e-5,-0.000764840419491988,0.06660608760339255,-0.34748682379722595,0.21763774752616882,-0.02985745668411255,1.2621073722839355,-0.8641021847724915,0.5638669729232788,0.03828559070825577,0.2554031312465668,-1.9795337915420532,1.90924072265625,0.5939143896102905,-1.517687201499939
0.4551758749999989,0.0034223749999999996,133.0,1.6815649824700654,0.31507404746560436,0.4143131624125348,-0.0014105149163249865,6.652015655417901e-5,-0.0007163923815828136,0.0666004598586272,-0.34672781825065613,0.22040604054927826,-0.027293235063552856,1.2764108180999756,-0.8656200766563416,0.572074294090271,0.06326892971992493,0.2514609694480896,-1.9905706644058228,1.8803224563598633,0.6203702688217163,-1.528296947479248
0.4551758749999989,0.0034223749999999996,133.0,1.721206499250688,0.3548484610245233,0.414757592892959,-0.0012090197958966793,5.693795646515149e-5,-0.0006077219288745968,0.06658497115896496,-0.34452423453330994,0.22356989979743958,-0.02044573426246643,1.3126976490020752,-0.8628451228141785,0.5701800584793091,0.062120597809553146,0.2361798882484436,-1.995513677597046,1.8367791175842285,0.6535386443138123,-1.5494681596755981
0.4551758749999989,0.0034223749999999996,133.0,1.7598046321038796,0.3937694983085526,0.41498681124385006,-0.0010532743428518356,4.906005662055002e-5,-0.0005260004271632412,0.06657864369724598,-0.3446846306324005,0.22646407783031464,-0.01686766743659973,1.327663540840149,-0.8773044347763062,0.5776805877685547,0.07063037157058716,0.23717722296714783,-2.007380247116089,1.8087587356567383,0.6812448501586914,-1.5656415224075317
0.4551758749999989,0.0034223749999999996,133.0,1.7975721028560139,0.4318520510062389,0.4152088173438825,-0.0008573354490716083,3.955134528625131e-5,-0.00042546292827850266,0.06657257094686796,-0.3448871672153473,0.22942446172237396,-0.012920469045639038,1.3437438011169434,-0.8926603198051453,0.5842950344085693,0.07654419541358948,0.2379508912563324,-2.0204734802246094,1.7797117233276367,0.7090860605239868,-1.5827083587646484
0.4551758749999989,0.0034223749999999996,133.0,1.8345132570942637,0.46907971933505915,0.41540397006923274,-0.0006830118742293172,3.1117763606146787e-5,-0.00033699595847673703,0.06656741091818573,-0.34500035643577576,0.2320990413427353,-0.009376853704452515,1.3581862449645996,-0.9053740501403809,0.5902084112167358,0.08333848416805267,0.2378528118133545,-2.0310630798339844,1.7524662017822266,0.7350332140922546,-1.5972485542297363
0.4551758749999989,0.0034223749999999996,133.0,1.870627161974889,0.5054696046992369,0.4156165701139077,-0.0005164479491285964,2.3265582265825116e-5,-0.0002532999021411248,0.06656210799977998,-0.3433670699596405,0.23471109569072723,-0.0020926594734191895,1.3918728828430176,-0.9109503626823425,0.5818856954574585,0.06983977556228638,0.22595858573913574,-2.0331172943115234,1.7091174125671387,0.7688921689987183,-1.619170069694519
0.4551758749999989,0.0034223749999999996,133.0,1.9059099886159898,0.5410079199110803,0.41578788228670077,-0.0003553141192335251,1.576196570638811e-5,-0.00017332373055096778,0.066557416487339,-0.3433423936367035,0.23687200248241425,0.0006135404109954834,1.4035649299621582,-0.9174838066101074,0.5864942073822021,0.07857820391654968,0.22407406568527222,-2.0393569469451904,1.685750961303711,0.7911447882652283,-1.6291375160217285
0.4551758749999989,0.0034223749999999996,133.0,1.9403294342688162,0.575716864020075,0.4159654321507729,-0.00019948405458670876,8.688069411284106e-6,-9.682008153351804e-5,0.06655075858540446,-0.3434136211872101,0.23883028328418732,0.002760469913482666,1.4136326313018799,-0.9195245504379272,0.5906574726104736,0.08755776286125183,0.22130385041236877,-2.0429093837738037,1.6661314964294434,0.8094959855079651,-1.6365734338760376
0.4551758749999989,0.0034223749999999996,133.0,1.9735808776176123,0.6096160335273533,0.4159254871414149,-5.951289623004488e-5,2.513614740601527e-6,-2.8847533734649376e-5,0.06654402546119265,-0.34661737084388733,0.24105492234230042,0.0006299614906311035,1.4011895656585693,-0.9317111968994141,0.6130919456481934,0.10962863266468048,0.23487606644630432,-2.0541810989379883,1.6711692810058594,0.8109450936317444,-1.6378693580627441
0.4551758749999989,0.0034223749999999996,133.0,2.005968528327432,0.642739728085347,0.4160997634848499,0.00012858243294302252,-5.403787315745629e-6,6.20773183583825e-5,0.06652901648159835,-0.3498493731021881,0.2435632050037384,0.000985473394393921,1.4007573127746582,-0.9434647560119629,0.6293931007385254,0.1142229288816452,0.2436806857585907,-2.062796115875244,1.6702332496643066,0.8126107454299927,-1.6463515758514404
0.4551758749999989,0.0034223749999999996,133.0,2.038299352124153,0.6729929772039037,0.41386198834700444,0.00030331816509101417,-1.1341605396761344e-5,0.00014483752366979127,0.06668375349070359,-0.3469172418117523,0.24393416941165924,0.002064257860183716,1.3974276781082153,-0.9563234448432922,0.6219997406005859,0.12117312848567963,0.24712005257606506,-2.0547120571136475,1.6409902572631836,0.8456479907035828,-1.6466553211212158
0.4551758749999989,0.0034223749999999996,133.0,2.0691034063624474,0.7044235222993335,0.4140083757633336,0.0004800198752301553,-1.791370294846106e-5,0.00022831710678194458,0.06667590190851845,-0.34986892342567444,0.24635037779808044,0.002894848585128784,1.3970388174057007,-0.9754080772399902,0.6403270959854126,0.12993863224983215,0.2572195529937744,-2.0688629150390625,1.6346120834350586,0.8557140827178955,-1.6565155982971191
0.4551758749999989,0.0034223749999999996,133.0,2.09947573107204,0.7349628610220947,0.41445762233258715,0.0006901823154611872,-2.546539378762999e-5,0.0003254421284160762,0.06666065810177847,-0.34836241602897644,0.24798506498336792,0.007657080888748169,1.4240572452545166,-0.966560423374176,0.6374200582504272,0.13810627162456512,0.23990148305892944,-2.0760762691497803,1.603372573852539,0.8822558522224426,-1.666321039199829
0.4551758749999989,0.0034223749999999996,133.0,2.1290488343699265,0.7646177646998599,0.4147658072419719,0.0008406228678088648,-3.0330327113567542e-5,0.00039363265128310307,0.06665347069747109,-0.3468373715877533,0.2492171823978424,0.011182576417922974,1.4430478811264038,-0.9615408778190613,0.6362854242324829,0.15195110440254211,0.22659561038017273,-2.082498788833618,1.5740461349487305,0.9098884463310242,-1.6721408367156982
0.4551758749999989,0.0034223749999999996,133.0,2.1577590652252283,0.7934690206499212,0.41526093613740367,0.0010332143647933873,-3.793465816946246e-5,0.00048000772854993323,0.06664213524861277,-0.34597858786582947,0.25078919529914856,0.0174693763256073,1.4703923463821411,-0.965955913066864,0.6271146535873413,0.13941828906536102,0.2150823473930359,-2.0843350887298584,1.5423388481140137,0.9375367164611816,-1.688016653060913
0.4551758749999989,0.0034223749999999996,133.0,2.1853970139882057,0.8214683329429731,0.4153489655390114,0.0011811435945307122,-4.344598130358754e-5,0.0005471332383632195,0.0666421340887641,-0.3480435907840729,0.25259098410606384,0.018002212047576904,1.4662774801254272,-0.987562894821167,0.6431491374969482,0.1509956270456314,0.22589462995529175,-2.096837282180786,1.5325477123260498,0.9535845518112183,-1.6948933601379395
0.4551758749999989,0.0034223749999999996,133.0,2.212368082552515,0.8486059950472045,0.41560289619135804,0.0013468614602699434,-4.957232459161997e-5,0.0006205476988924569,0.06663781821723463,-0.34806588292121887,0.25405341386795044,0.023110657930374146,1.4856020212173462,-0.9969001412391663,0.6370645761489868,0.1382947415113449,0.22047469019889832,-2.097615957260132,1.507314682006836,0.9759069681167603,-1.708844542503357
0.4551758749999989,0.0034223749999999996,133.0,2.2386548077896484,0.8748209882625497,0.41562096700442513,0.0015448817619659703,-5.390764000864038e-5,0.0007095016693062724,0.06663861527066742,-0.3468461334705353,0.2548772096633911,0.02467373013496399,1.4952313899993896,-0.9918019771575928,0.6388397216796875,0.1565239280462265,0.21084997057914734,-2.1035549640655518,1.485255241394043,0.9970575571060181,-1.7089892625808716
0.4551758749999989,0.0034223749999999996,133.0,2.263983384865494,0.9002752194204078,0.41577618063611094,0.0017464461405309632,-6.048367870926357e-5,0.0007990452576558813,0.06663427774295581,-0.3466862738132477,0.2559388279914856,0.025864481925964355,1.502084732055664,-0.9898107051849365,0.6430273056030273,0.1680087149143219,0.20576176047325134,-2.1080784797668457,1.47127103805542,1.0103634595870972,-1.7108485698699951
0.4551758749999989,0.0034223749999999996,133.0,2.2882896507356647,0.9249249598131785,0.4159076493862899,0.0019703413505799527,-6.848475975746574e-5,0.0008986452695268735,0.06663096439647234,-0.34814390540122986,0.2573511004447937,0.027354329824447632,1.5060063600540161,-1.0011541843414307,0.650057315826416,0.16819676756858826,0.20915824174880981,-2.1133923530578613,1.4606287479400635,1.0213251113891602,-1.7182611227035522
0.4551758749999989,0.0034223749999999996,133.0,2.3117974142569233,0.9487138049820681,0.4158880260095478,0.002135769300169712,-7.332635888708492e-5,0.0009728777532385884,0.06663083468606698,-0.34979256987571716,0.2586452066898346,0.027251482009887695,1.502708911895752,-1.0116289854049683,0.6620059013366699,0.17669814825057983,0.21542906761169434,-2.1192872524261475,1.4552884101867676,1.029262900352478,-1.7213531732559204
0.4551758749999989,0.0034223749999999996,133.0,2.33439184467029,0.9716894856016274,0.4159056185693586,0.002346601909325167,-7.973045173550446e-5,0.001067155593517523,0.06662866889341078,-0.3516661822795868,0.2600705027580261,0.026506245136260986,1.4969233274459839,-1.0218969583511353,0.6781814098358154,0.1908360868692398,0.22248715162277222,-2.1289632320404053,1.4517083168029785,1.0355851650238037,-1.7227693796157837
0.4551758749999989,0.0034223749999999996,133.0,2.3562694680600593,0.9938057552245164,0.41587714470251586,0.002559999244275487,-8.583002839887174e-5,0.0011629849915630005,0.06662810563392253,-0.35065069794654846,0.260848730802536,0.03032982349395752,1.5148314237594604,-1.0193012952804565,0.6696645021438599,0.18635530769824982,0.21153569221496582,-2.1297202110290527,1.4293532371520996,1.0547316074371338,-1.7297663688659668
0.4551758749999989,0.0034223749999999996,133.0,2.3773890871256653,1.015092209659533,0.4160081071508894,0.002786374203459629,-9.258587897740296e-5,0.0012621101094494201,0.06662358440411163,-0.35373035073280334,0.26257774233818054,0.028084933757781982,1.499267578125,-1.0395824909210205,0.6963976621627808,0.20460791885852814,0.22767195105552673,-2.144355297088623,1.4322237968444824,1.0565170049667358,-1.7305290699005127
0.4551758749999989,0.0034223749999999996,133.0,2.397820776117664,1.0355158731457468,0.41648885468837193,0.00301760870770561,-0.00010572031242930804,0.0013556303985795997,0.06661333295755384,-0.353369802236557,0.2636755406856537,0.03339013457298279,1.5230066776275635,-1.0381368398666382,0.6829745769500732,0.18613313138484955,0.21683672070503235,-2.1440277099609375,1.412893533706665,1.0719807147979736,-1.7433998584747314
0.4551758749999989,0.0034223749999999996,133.0,2.4172599557421233,1.0552109683928568,0.4168361540640847,0.003196186360667196,-0.00011209195443331203,0.0014305030980676914,0.06660566937473243,-0.3525722920894623,0.2645357549190521,0.038071632385253906,1.545758605003357,-1.0310709476470947,0.670540452003479,0.17722517251968384,0.2024414837360382,-2.1447372436523438,1.3923087120056152,1.0881242752075195,-1.7517372369766235
0.4551758749999989,0.0034223749999999996,133.0,2.436002757070062,1.0739793719772084,0.41724978142417535,0.0033996648401114684,-0.00012126204446467893,0.0015124747751506695,0.06659729704375328,-0.3528461158275604,0.26539114117622375,0.04038819670677185,1.5564970970153809,-1.0319880247116089,0.6707439422607422,0.17902769148349762,0.19643953442573547,-2.149920701980591,1.3777852058410645,1.1005306243896484,-1.7565351724624634
0.4551758749999989,0.0034223749999999996,133.0,2.4534451143141354,1.0919757138146855,0.4170296424395436,0.0035720676589287067,-0.0001283820991039269,0.0015918343276825851,0.066603589716048,-0.3557463586330414,0.26696494221687317,0.04113277792930603,1.5508041381835938,-1.055602788925171,0.6817477941513062,0.16826249659061432,0.21164679527282715,-2.153822660446167,1.377899169921875,1.1014304161071777,-1.7661231756210327
0.4551758749999989,0.0034223749999999996,133.0,2.470507489868224,1.10904223423033,0.4171771522058057,0.0037774762757361757,-0.00013428989568477125,0.0016779027711275886,0.06659995125169994,-0.3554627597332001,0.26763325929641724,0.04303690791130066,1.5601338148117065,-1.0543450117111206,0.6812765598297119,0.17283783853054047,0.2049931287765503,-2.1586103439331055,1.3632638454437256,1.1138356924057007,-1.7688632011413574
0.4551758749999989,0.0034223749999999996,133.0,2.486594344091861,1.125305666512318,0.417318544838551,0.003958158524982047,-0.00014141620968988482,0.001753883323914275,0.06659718550287158,-0.356268972158432,0.26845473051071167,0.045013487339019775,1.5657150745391846,-1.0651204586029053,0.6839958429336548,0.16887693107128143,0.2066093385219574,-2.162885904312134,1.3521525859832764,1.1235530376434326,-1.776115894317627
0.4551758749999989,0.0034223749999999996,133.0,2.5017826020171636,1.1406486055548573,0.4170531875133882,0.004135925639211608,-0.00014641311767959935,0.0018317925740614855,0.0666030999801709,-0.35708776116371155,0.26914602518081665,0.044502973556518555,1.5592679977416992,-1.0794520378112793,0.6975362300872803,0.18163703382015228,0.2134699523448944,-2.171499252319336,1.3440124988555908,1.1340306997299194,-1.7766776084899902
0.4551758749999989,0.0034223749999999996,133.0,2.516330125683083,1.1551972774773687,0.4172701323292772,0.00427787663672102,-0.00015304681952170733,0.0018876943137536518,0.06660159425127796,-0.3575133979320526,0.26956942677497864,0.04581189155578613,1.5602866411209106,-1.0945504903793335,0.7027219533920288,0.18304158747196198,0.21782824397087097,-2.176603317260742,1.332279920578003,1.1489750146865845,-1.782135009765625
0.4551758749999989,0.0034223749999999996,133.0,2.529904619749636,1.1689254772856212,0.41736627357520106,0.004403901682968686,-0.00016221314544908626,0.0019390966325030217,0.06660707973653235,-0.35870710015296936,0.26996418833732605,0.047283321619033813,1.5570576190948486,-1.1243181228637695,0.7098261117935181,0.17559073865413666,0.2314339280128479,-2.182131052017212,1.321498155593872,1.1674984693527222,-1.7925994396209717
0.4551758749999989,0.0034223749999999996,133.0,2.542955902160515,1.1818738261119928,0.4178801299257272,0.004540711066953036,-0.00017066083345019845,0.0019909173354039733,0.06660363462506837,-0.3574238121509552,0.2697790861129761,0.05068877339363098,1.5704525709152222,-1.131761908531189,0.7014451026916504,0.16786417365074158,0.2264355719089508,-2.185990810394287,1.3014369010925293,1.1919108629226685,-1.8009979724884033
0.4551758749999989,0.0034223749999999996,133.0,2.5553642323347603,1.1937214120435586,0.4177596004155831,0.004685169099794212,-0.00016829448353848853,0.002045660105223605,0.06660828735230159,-0.35201385617256165,0.26865699887275696,0.05468785762786865,1.5958786010742188,-1.103233814239502,0.6753267049789429,0.17761170864105225,0.1958327293395996,-2.1825408935546875,1.2696559429168701,1.221656084060669,-1.7957863807678223
0.4551758749999989,0.0034223749999999996,133.0,2.5670061095539496,1.204807040743473,0.4180361273868598,0.00483443218554951,-0.0001706520690888392,0.0020982543534463433,0.06660590164517106,-0.3473200500011444,0.26776671409606934,0.058517515659332275,1.620418667793274,-1.0759021043777466,0.6515693664550781,0.1849144846200943,0.16760358214378357,-2.1812286376953125,1.2423160076141357,1.2468187808990479,-1.7920379638671875
0.4551758749999989,0.0034223749999999996,133.0,2.5778663143694907,1.215058993092278,0.4181955836930418,0.004977682710533979,-0.0001671887105060973,0.002149830425571996,0.06660565176591744,-0.3424747884273529,0.2666720449924469,0.06047961115837097,1.6387048959732056,-1.0444179773330688,0.6352373361587524,0.20843829214572906,0.1385229527950287,-2.182582378387451,1.21653151512146,1.270735740661621,-1.7812530994415283
0.4551758749999989,0.0034223749999999996,133.0,2.5877262341477913,1.2245782965970984,0.4183971216960357,0.005140128812071714,-0.00016512737544509593,0.0022131771830802725,0.06660509260298086,-0.3390105664730072,0.2659706771373749,0.06167107820510864,1.650434970855713,-1.023983120918274,0.6267572641372681,0.22903065383434296,0.118997722864151,-2.1869778633117676,1.1967496871948242,1.2906204462051392,-1.7734923362731934
0.4551758749999989,0.0034223749999999996,133.0,2.596190340084386,1.2353994417331524,0.4213720260589003,0.005382208065259173,-0.00018949388401468963,0.0023047594910302104,0.0664176543626811,-0.3409535586833954,0.26727551221847534,0.06165233254432678,1.6711044311523438,-0.9928181171417236,0.6436111927032471,0.26170241832733154,0.09734654426574707,-2.2151875495910645,1.1993951797485352,1.2823747396469116,-1.7725095748901367
0.4551758749999989,0.0034223749999999996,133.0,2.604631139061651,1.243177761627212,0.4217697310227709,0.0056336174302413404,-0.00019445155479359634,0.0023991192456676246,0.0664153154186344,-0.3354639708995819,0.2660977244377136,0.06554463505744934,1.6999034881591797,-0.9498640298843384,0.6112715005874634,0.2694621980190277,0.06037372350692749,-2.2100818157196045,1.173935890197754,1.298822045326233,-1.7641834020614624
0.4551758749999989,0.0034223749999999996,133.0,2.6119444663979454,1.250144995879384,0.4217983809325057,0.006015411949953808,-0.0002008382898263697,0.00255526689516276,0.06641764755631138,-0.332346111536026,0.2655021548271179,0.06667771935462952,1.709200382232666,-0.9363436102867126,0.6031197309494019,0.282301127910614,0.04600760340690613,-2.214445114135742,1.1551380157470703,1.31508469581604,-1.759141206741333
0.4551758749999989,0.0034223749999999996,133.0,2.6185530936882624,1.2563148489086398,0.422005614422831,0.0066547004886504954,-0.0002183284532686942,0.0028154296535759186,0.06641740715977705,-0.328647643327713,0.26492542028427124,0.0671403706073761,1.720360517501831,-0.9123691916465759,0.5951775312423706,0.3017410337924957,0.026321470737457275,-2.2209455966949463,1.137547254562378,1.3267134428024292,-1.7506322860717773
0.4551758749999989,0.0034223749999999996,133.0,2.624271453365344,1.261688679488684,0.4219475382195296,0.008102635526559447,-0.0002593703304299594,0.0034165533092023986,0.06642101820523313,-0.32500460743904114,0.26494088768959045,0.06842127442359924,1.7339026927947998,-0.8984518647193909,0.5877398252487183,0.31038787961006165,0.010901927947998047,-2.234137535095215,1.1140291690826416,1.3381762504577637,-1.7487860918045044
0.4551758749999989,0.0034223749999999996,133.0,2.629229141352264,1.2666880327279606,0.4221046821013497,0.015065625895337614,-0.0005285697240264464,0.006249170026995051,0.0664081525399512,-0.32095465064048767,0.26883652806282043,0.0696626603603363,1.7606728076934814,-0.9125389456748962,0.6127886772155762,0.3157062232494354,0.006014645099639893,-2.312967538833618,1.0551354885101318,1.3463830947875977,-1.7710130214691162
0.4551758749999989,0.0034223749999999996,133.0,2.620321884751106,-1.235131082655277,0.395677568329402,-0.013857108650865996,-0.00034830735303655367,-0.006741914088690545,0.06843144321685418,-0.054540395736694336,0.14257827401161194,-0.1280965805053711,0.33451104164123535,0.014913988299667835,-0.6684455871582031,0.28090187907218933,0.42276450991630554,-0.13211406767368317,0.7022449970245361,0.4445169270038605,-0.7604068517684937
0.4551758749999989,0.0034223749999999996,133.0,2.6157412650337424,-1.2302811844766182,0.39599215310167607,-0.007481400860087388,-0.00014903793721536071,-0.0036379335353106473,0.06840143847995499,-0.05504965782165527,0.14735713601112366,-0.12489837408065796,0.351736843585968,-0.032693278044462204,-0.6614093780517578,0.27001386880874634,0.40324896574020386,-0.19499638676643372,0.7178575992584229,0.42637553811073303,-0.7580043077468872
0.4551758749999989,0.0034223749999999996,133.0,2.6102420844689522,-1.2248164906480825,0.39596448978689763,-0.006147281462576128,-0.0001187263760899166,-0.0029861246515439496,0.06838897314360479,-0.05679556727409363,0.14796805381774902,-0.12425416707992554,0.35169515013694763,-0.03216911479830742,-0.6429858207702637,0.2680675685405731,0.39989370107650757,-0.18463803827762604,0.7235567569732666,0.3908956050872803,-0.7546061277389526
0.4551758749999989,0.0034223749999999996,133.0,2.6040371386252987,-1.218748701698319,0.395967655295123,-0.005559807268408843,-0.00010658658958476084,-0.0026985484079699545,0.06838479681969997,-0.057057350873947144,0.14650438725948334,-0.12394163012504578,0.346400648355484,-0.03272370994091034,-0.6292002201080322,0.2699066996574402,0.3987972140312195,-0.16964739561080933,0.7243850231170654,0.3781938850879669,-0.7482092380523682
0.4551758749999989,0.0034223749999999996,133.0,2.596868879301595,-1.211739393322445,0.39591939475798693,-0.005219087615347695,-0.00010451522327081286,-0.0025312614657922615,0.06837654152164808,-0.05832049250602722,0.14592306315898895,-0.1240462064743042,0.34225982427597046,-0.027165241539478302,-0.6085960865020752,0.27190929651260376,0.39834949374198914,-0.14342643320560455,0.7253208160400391,0.3456766903400421,-0.743622362613678
0.4551758749999989,0.0034223749999999996,133.0,2.5881289392870372,-1.2055553616909198,0.3933450351980671,-0.0049783241581930725,-0.00015303072292178766,-0.002411705113911978,0.06845041641617243,-0.05839511752128601,0.1442738175392151,-0.12385112047195435,0.3383726179599762,-0.02109038084745407,-0.5989928245544434,0.2775459587574005,0.3977420926094055,-0.1194719597697258,0.7205455303192139,0.32757633924484253,-0.7391378879547119
0.4551758749999989,0.0034223749999999996,133.0,2.5793621921602434,-1.197133735434548,0.3933249527430764,-0.004781348022045882,-0.00015340251265334989,-0.002316257146082836,0.06844574701172329,-0.05947220325469971,0.14166872203350067,-0.1229146420955658,0.32790908217430115,-0.013800829648971558,-0.5704774856567383,0.2818203270435333,0.4016605615615845,-0.08570478111505508,0.7219464778900146,0.30503910779953003,-0.7326012849807739
0.4551758749999989,0.0034223749999999996,133.0,2.5698012918415256,-1.1877376955104186,0.3932082787354596,-0.004634187181207292,-0.00015188375199653325,-0.0022411145885710753,0.06844194730320577,-0.059953272342681885,0.14081379771232605,-0.12360605597496033,0.3237806260585785,-0.010181387886404991,-0.5528562068939209,0.2862382233142853,0.400902658700943,-0.06004629284143448,0.7181339263916016,0.281121164560318,-0.7277071475982666
0.4551758749999989,0.0034223749999999996,133.0,2.559347180035878,-1.1774752904619061,0.39314668555011667,-0.00450314699178388,-0.00015209408767069245,-0.002172772993933046,0.06843569728134126,-0.06121203303337097,0.13943496346473694,-0.12365180253982544,0.31691649556159973,-0.0017490147147327662,-0.5242772102355957,0.29202374815940857,0.4030783176422119,-0.022334564477205276,0.7153539657592773,0.24718251824378967,-0.7230129837989807
0.4551758749999989,0.0034223749999999996,133.0,2.548124645553082,-1.1665336750726503,0.3931878372590437,-0.004370269675309393,-0.00015458930258548968,-0.0021074318521334314,0.06843230607567856,-0.06154891848564148,0.13614198565483093,-0.12263870239257812,0.3046397864818573,0.003889215411618352,-0.4932830333709717,0.29825666546821594,0.4083910882472992,0.013053481467068195,0.7124390602111816,0.23222288489341736,-0.7160381078720093
0.4551758749999989,0.0034223749999999996,133.0,2.5361267190937093,-1.154626024780144,0.393158051740062,-0.004247790200922419,-0.0001539835830748563,-0.0020452013340200937,0.06843062235110149,-0.06123444437980652,0.1349826604127884,-0.12348079681396484,0.29980403184890747,0.0035030143335461617,-0.4773404598236084,0.3033280074596405,0.40772512555122375,0.034852005541324615,0.7057545185089111,0.21873335540294647,-0.7105149030685425
0.4551758749999989,0.0034223749999999996,133.0,2.523317411513738,-1.141863517759343,0.393025569876299,-0.004124182538054252,-0.00015068520407980057,-0.001978709583698353,0.06842997836334218,-0.06080341339111328,0.13373704254627228,-0.12470918893814087,0.29569289088249207,0.005228282883763313,-0.46168065071105957,0.3100051283836365,0.4058706760406494,0.06223960965871811,0.6964247226715088,0.20076797902584076,-0.7045197486877441
0.4551758749999989,0.0034223749999999996,133.0,2.509774946442095,-1.1282037362153237,0.39289406032823104,-0.00401616505150806,-0.00014563363637773002,-0.0019240380562821136,0.06843236660142958,-0.05913695693016052,0.13343487679958344,-0.12686607241630554,0.29570403695106506,-0.0031713293865323067,-0.4646420478820801,0.31165483593940735,0.399145245552063,0.06878956407308578,0.6871163845062256,0.20102401077747345,-0.6977558135986328
0.4551758749999989,0.0034223749999999996,133.0,2.4953757822604765,-1.1136930644667924,0.39274665153674476,-0.0038789559980325636,-0.0001388036609366905,-0.0018555680340533174,0.06843438722549762,-0.057618528604507446,0.13320398330688477,-0.12847164273262024,0.29552412033081055,-0.012903562746942043,-0.46877241134643555,0.3124614655971527,0.3936280608177185,0.06786182522773743,0.6813743114471436,0.20947934687137604,-0.6920204758644104
0.4551758749999989,0.0034223749999999996,133.0,2.4800282132694766,-1.0983194794012892,0.3926025658353313,-0.0037038744501806556,-0.00013519771018252982,-0.00177334585975962,0.06843226420696769,-0.057988256216049194,0.13364100456237793,-0.1298036277294159,0.29539811611175537,-0.014244790188968182,-0.46123528480529785,0.31638801097869873,0.39142468571662903,0.0780167356133461,0.6788010597229004,0.20082178711891174,-0.6896890997886658
0.4551758749999989,0.0034223749999999996,133.0,2.4638077919582226,-1.0820844137131953,0.3924900364852816,-0.0035416346242588127,-0.0001285050462965892,-0.0016939406419880466,0.06842912972159267,-0.05844753980636597,0.134931281208992,-0.13147243857383728,0.2980431914329529,-0.01688721403479576,-0.4617135524749756,0.31800246238708496,0.38730543851852417,0.080302394926548,0.6786348819732666,0.1970611959695816,-0.6882107257843018
0.4551758749999989,0.0034223749999999996,133.0,2.446746973659569,-1.0650976518450694,0.39244895872252866,-0.003355714347705055,-0.00012354808053664337,-0.0016063472673201948,0.06842544263097547,-0.05945885181427002,0.13541361689567566,-0.13205456733703613,0.296878844499588,-0.017484627664089203,-0.45150327682495117,0.3227669596672058,0.3878733217716217,0.08353499323129654,0.6815378665924072,0.1966523975133896,-0.6876529455184937
0.4551758749999989,0.0034223749999999996,133.0,2.4289080506306857,-1.0471616655889653,0.3923492681622365,-0.0031795698019028455,-0.00011455624382964759,-0.001523134180343978,0.06842397229052517,-0.05938374996185303,0.13631808757781982,-0.13297104835510254,0.2987886071205139,-0.025349099189043045,-0.4603104591369629,0.3236866891384125,0.3846855163574219,0.06282270699739456,0.6870241165161133,0.22036972641944885,-0.6864194869995117
0.4551758749999989,0.0034223749999999996,133.0,2.4101003575060638,-1.0283360296801518,0.3922434153867596,-0.0029970528410020914,-0.00010925260480484186,-0.0014355211060849966,0.0684167609838839,-0.06113460659980774,0.1380622684955597,-0.13463017344474792,0.3013553321361542,-0.023196261376142502,-0.45337581634521484,0.328872948884964,0.3825724124908447,0.06993278115987778,0.6897039413452148,0.20845402777194977,-0.6869086623191833
0.4551758749999989,0.0034223749999999996,133.0,2.3905302806078597,-1.0088218588435243,0.39215174089773813,-0.0028332105158706817,-0.00010585420400896252,-0.0013581888082757774,0.06841244940266339,-0.062101811170578,0.1384764313697815,-0.13556542992591858,0.3000524640083313,-0.023481592535972595,-0.44317197799682617,0.3346922695636749,0.3824153542518616,0.07524333894252777,0.6919956207275391,0.207017719745636,-0.6854860186576843
0.4551758749999989,0.0034223749999999996,133.0,2.370158398873605,-0.9883846724379475,0.3920400295453675,-0.0026184023003450302,-9.759780370640085e-5,-0.0012565275488866004,0.06840866332703355,-0.06290236115455627,0.13988226652145386,-0.13690721988677979,0.3025820851325989,-0.027150128036737442,-0.44472789764404297,0.33784428238868713,0.3791646957397461,0.0665021538734436,0.6966500282287598,0.21452230215072632,-0.6848016977310181
0.4551758749999989,0.0034223749999999996,133.0,2.3489067390714102,-0.9675669300355981,0.39212610901185946,-0.002404884122946023,-9.3865281681543e-5,-0.001155504969480443,0.0684051818572675,-0.06409767270088196,0.1360434591770172,-0.13545078039169312,0.2881369888782501,-0.018412310630083084,-0.4116954803466797,0.3448418974876404,0.38924065232276917,0.09675686806440353,0.7001776695251465,0.21780487895011902,-0.6804600954055786
0.4551758749999989,0.0034223749999999996,133.0,2.326820516685962,-0.9454506110982599,0.39198959794855553,-0.0022029725113365296,-8.503528802280348e-5,-0.0010583711341129024,0.06840044307920272,-0.06525996327400208,0.1376543939113617,-0.13701850175857544,0.2908022701740265,-0.022029321640729904,-0.4122617244720459,0.3498055934906006,0.3866587281227112,0.0866650715470314,0.70570969581604,0.22614502906799316,-0.6806044578552246
0.4551758749999989,0.0034223749999999996,133.0,2.303831132514387,-0.9224426057500906,0.3918133626944691,-0.002001777104278607,-7.781333833661196e-5,-0.0009611908851414417,0.06839308742320006,-0.067315012216568,0.13999642431735992,-0.13912823796272278,0.2947545647621155,-0.02206774801015854,-0.40782856941223145,0.3570806086063385,0.38405945897102356,0.085874043405056,0.7106080055236816,0.22044524550437927,-0.6820226311683655
0.4551758749999989,0.0034223749999999996,133.0,2.2799606146630094,-0.8984401525226773,0.3915273200235075,-0.0018407570141941903,-7.150141793642972e-5,-0.0008828957823992259,0.06838420270248613,-0.06986752152442932,0.14440444111824036,-0.1425343155860901,0.30501702427864075,-0.02268235757946968,-0.4112527370452881,0.36316969990730286,0.37636858224868774,0.08157986402511597,0.7151045799255371,0.20410022139549255,-0.6846505999565125
0.4551758749999989,0.0034223749999999996,133.0,2.255376043135587,-0.8737707691956771,0.3913769967328094,-0.0016427449524002201,-6.291104677283584e-5,-0.0007890409960059491,0.06837864208365667,-0.07135719060897827,0.14689138531684875,-0.1442338228225708,0.3098064959049225,-0.027159731835126877,-0.4146902561187744,0.3666163384914398,0.37240487337112427,0.06304501742124557,0.7232239246368408,0.21486671268939972,-0.6855463981628418
0.4551758749999989,0.0034223749999999996,133.0,2.229902576537915,-0.8484151083135717,0.3913675386601431,-0.0014591462892947684,-5.8449502320354205e-5,-0.0007029535775409257,0.06837140443292393,-0.07305073738098145,0.14690153300762177,-0.14505571126937866,0.30614134669303894,-0.025654781609773636,-0.4003784656524658,0.37387287616729736,0.3746448755264282,0.06909028440713882,0.7294483184814453,0.21991196274757385,-0.6841850280761719
0.4551758749999989,0.0034223749999999996,133.0,2.2036535605858125,-0.8223887819536368,0.3913153870243213,-0.0012781782800262067,-5.2549652509291934e-5,-0.0006161482723308655,0.06836692038631127,-0.07441455125808716,0.1455748975276947,-0.14555341005325317,0.29879072308540344,-0.022748839110136032,-0.380934476852417,0.3823545575141907,0.3790673613548279,0.0846431776881218,0.7341749668121338,0.22577425837516785,-0.6813004612922668
0.4551758749999989,0.0034223749999999996,133.0,2.176597725023107,-0.7954047992254697,0.391188578107056,-0.0011281758404145686,-4.737314056905808e-5,-0.0005440381660858744,0.06836224409214713,-0.07535949349403381,0.145681232213974,-0.14707434177398682,0.29586151242256165,-0.02366967871785164,-0.3680410385131836,0.3894934058189392,0.3785705268383026,0.0958300456404686,0.7362711429595947,0.22468331456184387,-0.6778929829597473
0.4551758749999989,0.0034223749999999996,133.0,2.148784999836566,-0.7676316972039376,0.39105784871662486,-0.000994463099114529,-4.221721581877394e-5,-0.0004798405357857325,0.06836019250365645,-0.07542529702186584,0.145361065864563,-0.14848822355270386,0.29236361384391785,-0.028324544429779053,-0.3597691059112549,0.39458799362182617,0.3771212100982666,0.1001054048538208,0.7375175952911377,0.23253965377807617,-0.6729519367218018
0.4551758749999989,0.0034223749999999996,133.0,2.1200156365206104,-0.7390400472240979,0.3909082905903391,-0.000821158356034597,-3.519286739001362e-5,-0.00039537293558361043,0.06835519334384402,-0.07697898149490356,0.1449507772922516,-0.1500900387763977,0.2877953052520752,-0.0252213291823864,-0.34113574028015137,0.4034789502620697,0.3785361349582672,0.12614229321479797,0.739281415939331,0.224403977394104,-0.6697994470596313
0.4551758749999989,0.0034223749999999996,133.0,2.0904199413915627,-0.709672163530731,0.3908083704399251,-0.0006893825365252654,-3.052541796923708e-5,-0.00033184784246142107,0.06835070876856436,-0.07846257090568542,0.14387917518615723,-0.15112927556037903,0.28060945868492126,-0.02198764681816101,-0.3195674419403076,0.41396933794021606,0.38289541006088257,0.14979293942451477,0.7424426078796387,0.22452789545059204,-0.6669963002204895
0.4551758749999989,0.0034223749999999996,133.0,2.0599732664046417,-0.6793409767352779,0.3906674747254705,-0.0005174624936924219,-2.3580431813948816e-5,-0.00024935876278964523,0.0683441152287715,-0.08026224374771118,0.14441066980361938,-0.15263497829437256,0.27815476059913635,-0.02118716761469841,-0.3057565689086914,0.42315155267715454,0.3837321996688843,0.1581793874502182,0.7484068870544434,0.22665348649024963,-0.6654289960861206
0.4551758749999989,0.0034223749999999996,133.0,2.0287297205763997,-0.6479846398640251,0.39047221215180367,-0.0003251112361710802,-1.4474934399346274e-5,-0.0001566623164012159,0.06833681180369297,-0.08184203505516052,0.1472615897655487,-0.15502887964248657,0.28373023867607117,-0.02553381770849228,-0.30797600746154785,0.4262782037258148,0.3763080835342407,0.1441722959280014,0.7564597129821777,0.22944870591163635,-0.6636260747909546
0.4551758749999989,0.0034223749999999996,133.0,1.996611760378718,-0.6158476885803891,0.3902971594245366,-0.00015195225584276596,-6.8550890913522735e-6,-7.338622912701098e-5,0.0683279874846762,-0.08391007781028748,0.14944398403167725,-0.1570644974708557,0.2864721119403839,-0.025867506861686707,-0.3026611804962158,0.43225061893463135,0.37211182713508606,0.1388157606124878,0.7651309967041016,0.230310320854187,-0.6622288823127747
0.4551758749999989,0.0034223749999999996,133.0,1.9636467947515392,-0.583225085248853,0.3902196631199763,1.684564392028595e-5,8.09971301739353e-7,8.173385098889722e-6,0.0683214618320727,-0.08599808812141418,0.1475699245929718,-0.15748390555381775,0.27657172083854675,-0.019102834165096283,-0.28017401695251465,0.44453975558280945,0.3797338008880615,0.1543007791042328,0.7742881774902344,0.2459522783756256,-0.6600264310836792
0.4551758749999989,0.0034223749999999996,133.0,1.9298418139032065,-0.5495442123445258,0.3900662121610945,0.00018610827762356296,9.15827166533227e-6,9.038187509751314e-5,0.06831352680898758,-0.08823391795158386,0.14830806851387024,-0.15927574038505554,0.27436313033103943,-0.01724155992269516,-0.26570630073547363,0.45561811327934265,0.38042110204696655,0.16249409317970276,0.7819347381591797,0.2479056715965271,-0.6585672497749329
0.4551758749999989,0.0034223749999999996,133.0,1.8951536228645052,-0.5148048653934891,0.38979160238462757,0.00036959541158232103,1.8205117506862082e-5,0.00017941393734848638,0.06830233484420238,-0.0910959243774414,0.1517173945903778,-0.16248592734336853,0.2808438241481781,-0.01755313202738762,-0.261507511138916,0.46387338638305664,0.373626708984375,0.16136208176612854,0.7902238368988037,0.23730894923210144,-0.6583115458488464
0.4551758749999989,0.0034223749999999996,133.0,1.8596510352312186,-0.4794474460081062,0.38962547919337154,0.0005139244669707915,2.5881558576892197e-5,0.0002497132861041104,0.06829360044275143,-0.09370261430740356,0.15268878638744354,-0.16439086198806763,0.27901652455329895,-0.015469062142074108,-0.2471022605895996,0.4759540259838104,0.3746337890625,0.16770020127296448,0.7995312213897705,0.2403739094734192,-0.6575672626495361
0.4551758749999989,0.0034223749999999996,133.0,1.8233301447074433,-0.4432691349021754,0.3894553160931287,0.0006767205364179105,3.489671392424008e-5,0.00032912668253356337,0.06828505920524791,-0.09616661071777344,0.15351901948451996,-0.16634494066238403,0.27688732743263245,-0.013757684268057346,-0.2323131561279297,0.4883366823196411,0.375405490398407,0.17574535310268402,0.8081812858581543,0.24261167645454407,-0.6562755703926086
0.4551758749999989,0.0034223749999999996,133.0,1.7862047851434566,-0.40627264263645907,0.3892935741871974,0.0008501371915212514,4.49987201405957e-5,0.000413844088373598,0.06827709473241528,-0.09830063581466675,0.15409375727176666,-0.16834932565689087,0.2741992771625519,-0.012806661427021027,-0.21714568138122559,0.5008561015129089,0.37583571672439575,0.1868710219860077,0.8153197765350342,0.24338963627815247,-0.6540635824203491
0.4551758749999989,0.0034223749999999996,133.0,1.7482896322539776,-0.36847900903941616,0.389113584303365,0.0010470321306431222,5.735985368528637e-5,0.0005103632883588923,0.06827034805465412,-0.09998109936714172,0.15428143739700317,-0.17047402262687683,0.27087682485580444,-0.013697265647351742,-0.20218873023986816,0.5138380527496338,0.37610021233558655,0.20102360844612122,0.8203885555267334,0.2440369427204132,-0.6510325074195862
0.4551758749999989,0.0034223749999999996,133.0,1.7095563899489672,-0.32985485914277346,0.3889611839921256,0.001234041167828315,6.967876522447982e-5,0.0006019632736825505,0.06826417631321917,-0.10139712691307068,0.15426254272460938,-0.17266079783439636,0.26712653040885925,-0.015682071447372437,-0.18727850914001465,0.5272775292396545,0.37642234563827515,0.21734760701656342,0.8242113590240479,0.24422380328178406,-0.6476186513900757
0.4551758749999989,0.0034223749999999996,133.0,1.6699114961230632,-0.29067116033844415,0.3888270284969515,0.0013551733217146346,8.127489341985215e-5,0.0006616915323530437,0.06826024624686668,-0.10358312726020813,0.1513553410768509,-0.17407211661338806,0.25410422682762146,-0.008778337389230728,-0.1594080924987793,0.5502170324325562,0.38790401816368103,0.2602781057357788,0.8291480541229248,0.25442859530448914,-0.6461082696914673
0.4551758749999989,0.0034223749999999996,133.0,1.6294683799237635,-0.2503740873487815,0.38865399608115925,0.0015103374494181841,9.327631558888255e-5,0.0007382153711169824,0.06825276453324623,-0.10566547513008118,0.1516537368297577,-0.17611214518547058,0.2512890696525574,-0.007937259040772915,-0.14530158042907715,0.5659359097480774,0.38896626234054565,0.27313032746315,0.8358654975891113,0.25661951303482056,-0.644401490688324
0.4551758749999989,0.0034223749999999996,133.0,1.5880875687689837,-0.2088192996130577,0.3882922748555922,0.001661649448380952,0.00010377751593241385,0.0008129487348017903,0.06823691593879294,-0.10879075527191162,0.15674161911010742,-0.18006235361099243,0.2643985450267792,-0.00913020595908165,-0.14794254302978516,0.5728776454925537,0.37417203187942505,0.2654098868370056,0.8446090221405029,0.23156896233558655,-0.6427607536315918
0.4551758749999989,0.0034223749999999996,133.0,1.5467258574088714,-0.16554569808673328,0.3906796115875439,0.0018041794251895391,0.00010232307830257332,0.0008879911115975281,0.06815369947259647,-0.10957112908363342,0.15443912148475647,-0.18048936128616333,0.2509740889072418,-0.011182976886630058,-0.12560224533081055,0.5851463675498962,0.3819965124130249,0.2673882842063904,0.8545317649841309,0.26027894020080566,-0.6372158527374268
0.4551758749999989,0.0034223749999999996,133.0,1.5036181040528669,-0.12251756349447974,0.3903922017793141,0.0019019725653307686,0.00011584907983399663,0.0009390878184626421,0.06813722959351873,-0.11425065994262695,0.15798740088939667,-0.183957040309906,0.2560875713825226,-0.0054251872934401035,-0.11137104034423828,0.602949857711792,0.37770283222198486,0.2812735438346863,0.8697366714477539,0.23885789513587952,-0.6380974650382996
0.4551758749999989,0.0034223749999999996,133.0,1.4594769602124,-0.07926297005190304,0.39040340181985567,0.0018762752651907254,0.00012240938971143746,0.0009314791704945943,0.06812464854148746,-0.12038430571556091,0.1497727632522583,-0.18313559889793396,0.22174812853336334,0.0238480381667614,-0.0640711784362793,0.6503356099128723,0.41734620928764343,0.34338968992233276,0.8977890014648438,0.3036244213581085,-0.6435877680778503
0.4551758749999989,0.0034223749999999996,133.0,1.4131434341464228,-0.03341670508491482,0.3875226958054349,0.001756405414041769,7.2804675260707e-5,0.0008817468184223111,0.06810546507431474,-0.14403864741325378,0.1986001431941986,-0.190302312374115,0.34280842542648315,0.048082638531923294,-0.11755776405334473,0.4365720748901367,0.3766888380050659,-0.20368364453315735,1.1240463256835938,0.1565861850976944,-0.7239691615104675
0.4551758749999989,0.0034223749999999996,133.0,1.3653463329225197,0.016406144952476023,0.3878514588641644,0.00010345888091577115,-2.790068855681509e-6,5.341332112547777e-5,0.06791304069451656,-0.19251316785812378,0.2774404287338257,-0.17704913020133972,0.42137762904167175,0.007741893175989389,0.024511337280273438,-0.08120690286159515,0.5851975679397583,-1.4444684982299805,1.603285551071167,0.0708356574177742,-1.009622573852539
0.4551758749999989,0.0034223749999999996,133.0,1.4071989512791494,0.05236783746294172,0.3903181920623676,-0.0017118683500924779,-0.00010712043498717706,-0.000917949571413755,0.06744099610943712,-0.21842634677886963,0.12505711615085602,-0.1814570128917694,0.6146918535232544,-0.18047644197940826,0.16478371620178223,0.877885103225708,-0.044456660747528076,-0.6501381993293762,1.5077974796295166,0.02935689128935337,-0.5699930191040039
0.4551758749999989,0.0034223749999999996,133.0,1.4466718520704676,0.09964290290283571,0.39398047884601045,-0.0019280943851855315,3.648336353186364e-6,-0.0010404250063899547,0.06700512526849771,-0.2812108099460602,0.1582757532596588,-0.12506935000419617,0.8895755410194397,-0.39493849873542786,0.4231235980987549,0.49165067076683044,0.07031512260437012,-1.4803448915481567,1.9007058143615723,0.3184453845024109,-0.9585381746292114
0.4551758749999989,0.0034223749999999996,133.0,1.4867772403535107,0.14571210901431608,0.3979259748872078,-0.0019399072604834517,7.310370570028492e-5,-0.00101658383502757,0.06676204338263127,-0.3317989408969879,0.19071154296398163,-0.06283515691757202,1.135206937789917,-0.7080082297325134,0.5327508449554443,0.1255349963903427,0.20852652192115784,-1.8541650772094727,1.993269443511963,0.5261979699134827,-1.3429031372070312
0.4551758749999989,0.0034223749999999996,133.0,1.528761426571699,0.18980704481629282,0.3991723536670961,-0.0018371399763800127,7.979264083972123e-5,-0.0009475645152813325,0.06670244636613103,-0.34057530760765076,0.20521509647369385,-0.04705759882926941,1.1973886489868164,-0.7838748097419739,0.5492836236953735,0.09036558866500854,0.23483940958976746,-1.9348112344741821,1.9637441635131836,0.5377464890480042,-1.4319082498550415
0.4551758749999989,0.0034223749999999996,133.0,1.5704831110698205,0.23239451544808912,0.39988146381974293,-0.001684746439280898,7.839379643312177e-5,-0.0008598318079614124,0.06668074484266485,-0.34166577458381653,0.2129305899143219,-0.033213019371032715,1.2548046112060547,-0.8203580379486084,0.543075442314148,0.03661314398050308,0.23342186212539673,-1.954290747642517,1.914351463317871,0.5727728605270386,-1.4881205558776855
0.4551758749999989,0.0034223749999999996,133.0,1.611349061736025,0.27381509766022666,0.3998433240149885,-0.001494155069553189,6.884729474406515e-5,-0.0007616013088885325,0.06668373790998593,-0.3445070683956146,0.21637889742851257,-0.032651543617248535,1.2496789693832397,-0.8511435389518738,0.5588366985321045,0.0489923357963562,0.2520122826099396,-1.9721909761428833,1.907036304473877,0.5914437174797058,-1.5018119812011719
0.4551758749999989,0.0034223749999999996,133.0,1.6517107379028013,0.31436480252693094,0.3999973605255754,-0.001408042267802569,6.234917318139972e-5,-0.0007134726200790783,0.06667817419322904,-0.3437494933605194,0.21921215951442719,-0.0300634503364563,1.2642713785171509,-0.8528878092765808,0.5671541690826416,0.07343316078186035,0.24831867218017578,-1.9837157726287842,1.8780474662780762,0.6176886558532715,-1.5129625797271729
0.4551758749999989,0.0034223749999999996,133.0,1.6913459946553004,0.35412633583523745,0.4004192532320402,-0.0012067784876206775,5.3389224090894536e-5,-0.0006054073054776306,0.06666325216173777,-0.34154751896858215,0.22242887318134308,-0.023265570402145386,1.3006219863891602,-0.850281834602356,0.5654287338256836,0.07204444706439972,0.23333323001861572,-1.9890103340148926,1.8347535133361816,0.6506006717681885,-1.534498929977417
0.4551758749999989,0.0034223749999999996,133.0,1.7299454469122282,0.393035906974493,0.4006371648559093,-0.001051258831989243,4.60005328763033e-5,-0.0005240894430371193,0.06665710746818192,-0.34165897965431213,0.22531136870384216,-0.019870907068252563,1.315198302268982,-0.863935112953186,0.5730878114700317,0.08094048500061035,0.23429709672927856,-2.0006027221679688,1.8073086738586426,0.6777633428573608,-1.5502500534057617
0.4551758749999989,0.0034223749999999996,133.0,1.7677142488994875,0.4311070352942438,0.40084729958613297,-0.0008556434289350419,3.708072528675757e-5,-0.0004239939112068945,0.06665122098842469,-0.34182843565940857,0.22824867069721222,-0.01616370677947998,1.3307145833969116,-0.8780795931816101,0.5797874927520752,0.08722274005413055,0.23499390482902527,-2.0132009983062744,1.7792730331420898,0.7045513987541199,-1.566673755645752
0.4551758749999989,0.0034223749999999996,133.0,1.8046564830578662,0.46832413120705146,0.4010313311128623,-0.0006816252741979772,2.9167025461991104e-5,-0.00033588975651815955,0.06664621223523998,-0.34195008873939514,0.23095819354057312,-0.012702733278274536,1.345068335533142,-0.8903330564498901,0.585800051689148,0.09385700523853302,0.2349996268749237,-2.023893117904663,1.7525782585144043,0.7299394607543945,-1.581231713294983
0.4551758749999989,0.0034223749999999996,133.0,1.8407656990370833,0.504703264083532,0.40121914266602404,-0.0005153496656199062,2.1773953616835955e-5,-0.00025255048793572073,0.06664118131417511,-0.34035858511924744,0.2336554378271103,-0.0054371654987335205,1.378831148147583,-0.8961611390113831,0.577643871307373,0.07988455891609192,0.22346046566963196,-2.0264525413513184,1.7096824645996094,0.7635135054588318,-1.6035908460617065
0.4551758749999989,0.0034223749999999996,133.0,1.8760491847680825,0.5402325987110064,0.4013812971406101,-0.00035453956569519085,1.4747935935405642e-5,-0.0001728344432999629,0.06663661112327302,-0.34034380316734314,0.23585614562034607,-0.002767115831375122,1.3904736042022705,-0.9026889801025391,0.5823434591293335,0.08840592205524445,0.221746027469635,-2.0329082012176514,1.6866240501403809,0.7855637073516846,-1.6136808395385742
0.4551758749999989,0.0034223749999999996,133.0,1.9104750887267743,0.5749337801036222,0.4015647170049854,-0.00019904448461147297,8.137365048500367e-6,-9.654137745238903e-5,0.06662993929232212,-0.34046199917793274,0.2378951907157898,-0.0005396008491516113,1.4008338451385498,-0.9052059054374695,0.5865585803985596,0.09667402505874634,0.21924597024917603,-2.0370254516601562,1.6670069694519043,0.8039261698722839,-1.6216819286346436
0.4551758749999989,0.0034223749999999996,133.0,1.9437325452764656,0.6088232878547711,0.4015172160225518,-5.937184790686391e-5,2.348537302695724e-6,-2.8764028219991235e-5,0.06662331495976632,-0.3436867296695709,0.24021509289741516,-0.002401679754257202,1.3891531229019165,-0.9185263514518738,0.6086935997009277,0.11746782064437866,0.23306918144226074,-2.049304962158203,1.6710968017578125,0.8061212301254272,-1.6239936351776123
0.4551758749999989,0.0034223749999999996,133.0,1.9761365975537153,0.641937226209524,0.4017023133941373,0.000128315197811248,-5.056963989208673e-6,6.190695123698932e-5,0.06660845469327435,-0.3469284474849701,0.24277353286743164,-0.001962810754776001,1.3890169858932495,-0.9306333661079407,0.6248728036880493,0.12145636975765228,0.24197623133659363,-2.0583910942077637,1.669957160949707,0.8079913258552551,-1.6328747272491455
0.4551758749999989,0.0034223749999999996,133.0,2.0084543034011215,0.6721864280244766,0.3994470798195422,0.00030266206821700386,-1.0523529040134738e-5,0.00014445862438940553,0.0667628598751043,-0.3439737856388092,0.24312417209148407,-0.0010227560997009277,1.385336995124817,-0.9429722428321838,0.6177109479904175,0.12885481119155884,0.24539566040039062,-2.0501582622528076,1.6411871910095215,0.8406149744987488,-1.6328074932098389
0.4551758749999989,0.0034223749999999996,133.0,2.039273754558822,0.7036074800630499,0.3996015707166202,0.0004789790692584889,-1.6651149184484502e-5,0.00022770212004641157,0.0667551020990525,-0.34691473841667175,0.24558325111865997,-0.00013902783393859863,1.3852125406265259,-0.962125301361084,0.6359237432479858,0.13705535233020782,0.25555098056793213,-2.064636707305908,1.6346335411071777,0.8506981134414673,-1.6429870128631592
0.4551758749999989,0.0034223749999999996,133.0,2.0696416655487684,0.734139477562626,0.4000337966104753,0.0006886342531942784,-2.3678520556672128e-5,0.0003246302890460799,0.06674034374542533,-0.34535863995552063,0.24722647666931152,0.004461854696273804,1.4118446111679077,-0.9529792070388794,0.6331994533538818,0.14545194804668427,0.23844987154006958,-2.071594715118408,1.6037306785583496,0.8765777945518494,-1.6526269912719727
0.4551758749999989,0.0034223749999999996,133.0,2.099206221280882,0.7637883204589586,0.40031901536806336,0.000838668110422289,-2.8165587581074185e-5,0.00039276191748562045,0.06673356060758333,-0.3437897264957428,0.24845844507217407,0.007825314998626709,1.4304206371307373,-0.9475529193878174,0.6322566270828247,0.15956200659275055,0.2253296971321106,-2.077742576599121,1.5748088359832764,0.9035287499427795,-1.6582207679748535
0.4551758749999989,0.0034223749999999996,133.0,2.127914694563115,0.792632531888483,0.4007922408967136,0.001030741888691321,-3.525505416679616e-5,0.00047905828669841184,0.06672268681325816,-0.34289780259132385,0.2500424087047577,0.013958275318145752,1.4573942422866821,-0.9517223238945007,0.623310923576355,0.14732007682323456,0.21400344371795654,-2.07944655418396,1.5435574054718018,0.9306982159614563,-1.6739165782928467
0.4551758749999989,0.0034223749999999996,133.0,2.1555608881715274,0.8206242594969454,0.4008775298021071,0.0011782954670463152,-4.0413372950122575e-5,0.0005460938103752854,0.066722705897795,-0.3449431359767914,0.2518521547317505,0.014450907707214355,1.4532661437988281,-0.9728806614875793,0.6393311023712158,0.15876717865467072,0.22477731108665466,-2.092000961303711,1.5339529514312744,0.9465038180351257,-1.680739164352417
0.4551758749999989,0.0034223749999999996,133.0,2.1825328183872585,0.8477557254217493,0.4011136714528062,0.0013435471918601869,-4.60776290669911e-5,0.00061949260128134,0.06671862045227644,-0.34494534134864807,0.2533451020717621,0.019490033388137817,1.4724476337432861,-0.9822012186050415,0.6333777904510498,0.1460527777671814,0.21954110264778137,-2.092902183532715,1.5089161396026611,0.9686548709869385,-1.6947352886199951
0.4551758749999989,0.0034223749999999996,133.0,2.2088152618859165,0.8739682459790233,0.40113340610579085,0.001541049964322427,-5.006600797245946e-5,0.0007083515854823052,0.06671927755517038,-0.343723863363266,0.2541976571083069,0.02100396156311035,1.4820009469985962,-0.9770200252532959,0.6353129148483276,0.1641157567501068,0.21011927723884583,-2.098849296569824,1.4870350360870361,0.9893158674240112,-1.695007562637329
0.4551758749999989,0.0034223749999999996,133.0,2.234142084040557,0.8994160184230361,0.4012662562724992,0.0017420107749736883,-5.605183784532167e-5,0.0007979214179635229,0.06671538316880479,-0.34352830052375793,0.255266010761261,0.022139281034469604,1.4886677265167236,-0.9749671816825867,0.6395050287246704,0.1755765974521637,0.20518213510513306,-2.1033058166503906,1.4731054306030273,1.0024237632751465,-1.6968326568603516
0.4551758749999989,0.0034223749999999996,133.0,2.258456810780986,0.9240605239366447,0.4014029052326686,0.0019653353943791794,-6.358786830270369e-5,0.0008973863876618206,0.0667120453098171,-0.3449876606464386,0.2566928267478943,0.023558825254440308,1.4924488067626953,-0.9859047532081604,0.6466072797775269,0.17574527859687805,0.20860517024993896,-2.1086251735687256,1.4628756046295166,1.0130689144134521,-1.704129695892334
0.4551758749999989,0.0034223749999999996,133.0,2.2819711486781045,0.9478441285146678,0.40138322433090284,0.002130323715384175,-6.806527243900895e-5,0.0009715542001873499,0.06671191228617715,-0.34663644433021545,0.2580011188983917,0.023440241813659668,1.4891252517700195,-0.9961305260658264,0.6585232019424438,0.1840461790561676,0.21489888429641724,-2.1146137714385986,1.4577255249023438,1.020859718322754,-1.7072186470031738
0.4551758749999989,0.0034223749999999996,133.0,2.304572929647174,0.9708139110343784,0.4014025727298715,0.00234060141915017,-7.403529686457206e-5,0.0010657305606545705,0.06670976951668588,-0.3485059440135956,0.2594313323497772,0.022657305002212524,1.483256459236145,-1.006008505821228,0.6746617555618286,0.1980399787425995,0.22195610404014587,-2.124276638031006,1.4544053077697754,1.0268999338150024,-1.7085468769073486
0.4551758749999989,0.0034223749999999996,133.0,2.3264501309827796,0.9929240236948116,0.4013614033758573,0.00255331140044924,-7.964342517309631e-5,0.001161670849884139,0.06670954139580872,-0.34747496247291565,0.2602540850639343,0.026515871286392212,1.5012578964233398,-1.0039960145950317,0.6662051677703857,0.19323381781578064,0.21127444505691528,-2.125337600708008,1.4317867755889893,1.0462058782577515,-1.7159112691879272
0.4551758749999989,0.0034223749999999996,133.0,2.347579327760862,1.0142058905091775,0.4014979434056624,0.002779141325466835,-8.592332238087368e-5,0.0012606245057052588,0.06670482855626428,-0.3505438268184662,0.26197585463523865,0.02426287531852722,1.4857122898101807,-1.023823618888855,0.6928156614303589,0.21134476363658905,0.22729721665382385,-2.1400296688079834,1.434807538986206,1.0478901863098145,-1.7165751457214355
0.4551758749999989,0.0034223749999999996,133.0,2.368005969849973,1.0346255636048436,0.40195136339499515,0.0030095972021853884,-9.831884447737827e-5,0.0013543415562425778,0.06669522629513622,-0.3488655984401703,0.26294127106666565,0.032061487436294556,1.5219565629959106,-1.0153169631958008,0.6655558347702026,0.18041463196277618,0.2078271210193634,-2.1340155601501465,1.4082086086273193,1.0672142505645752,-1.7332372665405273
0.4551758749999989,0.0034223749999999996,133.0,2.387448185449358,1.0543157061411927,0.40228574442506654,0.0031875902041168438,-0.00010419705188896843,0.001429332938828111,0.06668787555321581,-0.34934201836586,0.2640034556388855,0.03419718146324158,1.5319788455963135,-1.0161747932434082,0.6672391891479492,0.18385633826255798,0.20262393355369568,-2.140702724456787,1.3947160243988037,1.0795559883117676,-1.7381279468536377
0.4551758749999989,0.0034223749999999996,133.0,2.406193292877986,1.0730817965872195,0.4026978217713504,0.0033904896866402243,-0.00011302714171945479,0.001511304463608725,0.06667962952583874,-0.34956052899360657,0.26491156220436096,0.03813031315803528,1.5482159852981567,-1.0192694664001465,0.6604030132293701,0.17264500260353088,0.19576707482337952,-2.141695976257324,1.3775451183319092,1.0925662517547607,-1.747513771057129
0.4551758749999989,0.0034223749999999996,133.0,2.423645288011424,1.0910715423239612,0.40247379729774285,0.003562382796731935,-0.00011959202263865041,0.001590708674382762,0.06668595823875016,-0.35250094532966614,0.26645055413246155,0.03715267777442932,1.5367677211761475,-1.0402202606201172,0.6785712242126465,0.17496733367443085,0.21189582347869873,-2.149872303009033,1.3807883262634277,1.0925700664520264,-1.7523218393325806
0.4551758749999989,0.0034223749999999996,133.0,2.4407054566036925,1.108134663357478,0.4026065119134641,0.00376708770343893,-0.00012494008100964288,0.0016769886764870536,0.0666825844235211,-0.35219815373420715,0.2671414315700531,0.03903758525848389,1.5460247993469238,-1.0390989780426025,0.6781740188598633,0.1794164925813675,0.20542243123054504,-2.1547293663024902,1.366112232208252,1.1048744916915894,-1.7551721334457397
0.4551758749999989,0.0034223749999999996,133.0,2.456797738578514,1.1243949738869774,0.40274802561394557,0.003947244213421967,-0.00013170456712409092,0.0017530188353476147,0.06667982176496422,-0.3530072867870331,0.26798248291015625,0.04098692536354065,1.5515670776367188,-1.0498027801513672,0.6809616088867188,0.17535744607448578,0.20709994435310364,-2.1590936183929443,1.3551676273345947,1.1144284009933472,-1.762446641921997
0.4551758749999989,0.0034223749999999996,133.0,2.472000402646487,1.1397305928702368,0.40249601072848307,0.004124593548038217,-0.00013653509977547339,0.0018307651417423035,0.06668561881517009,-0.35381630063056946,0.2686766982078552,0.04047629237174988,1.5452044010162354,-1.0638562440872192,0.6944235563278198,0.1878831684589386,0.21390554308891296,-2.1677191257476807,1.3471267223358154,1.1247905492782593,-1.7630348205566406
0.4551758749999989,0.0034223749999999996,133.0,2.4865410437084887,1.154281693083115,0.4027005710391111,0.00426604425852179,-0.00014282002379641324,0.0018869808238422003,0.0666840389989086,-0.3542284667491913,0.26910996437072754,0.041758179664611816,1.546180009841919,-1.0788465738296509,0.6996545791625977,0.18925216794013977,0.21827682852745056,-2.172933340072632,1.3354802131652832,1.139721393585205,-1.768463373184204
0.4551758749999989,0.0034223749999999996,133.0,2.500119750769073,1.1680073408813998,0.40278563045637766,0.0043916269601149424,-0.0001514724578986276,0.001938679980172007,0.06668954370030439,-0.3553994596004486,0.2695064842700958,0.043217360973358154,1.5429948568344116,-1.1083908081054688,0.7066829204559326,0.1817438304424286,0.23175153136253357,-2.1786110401153564,1.3247902393341064,1.158474326133728,-1.7788403034210205
0.4551758749999989,0.0034223749999999996,133.0,2.513164694615892,1.18095610900808,0.4032818209128871,0.004527890888928028,-0.000159428222930409,0.0019909273097504115,0.06668631783105727,-0.35334697365760803,0.2692323923110962,0.04803347587585449,1.5637202262878418,-1.1104345321655273,0.6894879341125488,0.16690693795681,0.2213105857372284,-2.1789820194244385,1.3012595176696777,1.1843984127044678,-1.7890715599060059
0.4551758749999989,0.0034223749999999996,133.0,2.5255571017819483,1.1928066563564301,0.4031519171697392,0.004671839479437188,-0.00015704106637286645,0.0020460269562318327,0.06669093455825331,-0.34868887066841125,0.2682725489139557,0.05057916045188904,1.5817515850067139,-1.088031530380249,0.6725502014160156,0.1834639310836792,0.1966271698474884,-2.1790928840637207,1.2728509902954102,1.2122339010238647,-1.7824485301971436
0.4551758749999989,0.0034223749999999996,133.0,2.5371826802443906,1.2038950913391542,0.403414737988134,0.004820596235844695,-0.0001592823126581727,0.002099024918513437,0.06668875700651576,-0.34398940205574036,0.26741909980773926,0.054369717836380005,1.6061757802963257,-1.0612058639526367,0.6490710973739624,0.1906878501176834,0.16875934600830078,-2.1776647567749023,1.2454478740692139,1.2369825839996338,-1.7789475917816162
0.4551758749999989,0.0034223749999999996,133.0,2.5480266085380343,1.214151238118953,0.40357149418801125,0.004963584295502318,-0.0001560407229237169,0.0021509208352391376,0.06668845988298613,-0.3391433656215668,0.266361266374588,0.05630543828010559,1.624398946762085,-1.0301413536071777,0.633004903793335,0.21402637660503387,0.14005210995674133,-2.1788556575775146,1.219597578048706,1.260326623916626,-1.7684781551361084
0.4551758749999989,0.0034223749999999996,133.0,2.557873855879967,1.2236721150963665,0.40376395292674067,0.005126660351542763,-0.00015394990907679275,0.002215153683784476,0.0666880526187796,-0.3356698453426361,0.2656834125518799,0.05746623873710632,1.6360551118850708,-1.009945034980774,0.6247004270553589,0.2344801127910614,0.12078085541725159,-2.1830921173095703,1.199782371520996,1.2797560691833496,-1.7609000205993652
0.4551758749999989,0.0034223749999999996,133.0,2.5663440596730758,1.2344886718978072,0.40673910156696713,0.005364015571494412,-0.00017822147269951592,0.002305242891047003,0.06650171956933382,-0.3375926911830902,0.2669990360736847,0.05746445059776306,1.6566787958145142,-0.9790880680084229,0.6413798332214355,0.26673731207847595,0.09938645362854004,-2.2110331058502197,1.2022285461425781,1.2711316347122192,-1.7601275444030762
0.4551758749999989,0.0034223749999999996,133.0,2.5747652815792033,1.2422712198811177,0.407122882721216,0.005615675087679428,-0.00018300617693675847,0.0024005196371666196,0.06649967412538152,-0.33209750056266785,0.26585790514945984,0.06132662296295166,1.6853232383728027,-0.9369686245918274,0.6093538999557495,0.2744828164577484,0.06289637088775635,-2.2056996822357178,1.176548719406128,1.2870841026306152,-1.7521363496780396
0.4551758749999989,0.0034223749999999996,133.0,2.582067750965259,1.2492402484244574,0.407147052410745,0.0059964095483534255,-0.00018889131811723137,0.0025571730851692235,0.06650196745933348,-0.32897505164146423,0.26528626680374146,0.062448590993881226,1.6946043968200684,-0.9237024784088135,0.6013137102127075,0.287175714969635,0.048716962337493896,-2.2099709510803223,1.1577026844024658,1.303043007850647,-1.7472676038742065
0.4551758749999989,0.0034223749999999996,133.0,2.5886632394993407,1.2554120486349718,0.40735217155046105,0.006633676233460662,-0.00020558386886485987,0.002817834933115282,0.06650186901130742,-0.3252749741077423,0.2647278904914856,0.06288745999336243,1.7056878805160522,-0.90003901720047,0.5935089588165283,0.30653950572013855,0.02926608920097351,-2.21623158454895,1.1400606632232666,1.3141850233078003,-1.738918423652649
0.4551758749999989,0.0034223749999999996,133.0,2.59436887084695,1.2607854972447787,0.4072891405455068,0.008076868065844537,-0.00024401271453123265,0.003420080219260378,0.0665055754516798,-0.32162871956825256,0.26477041840553284,0.0641564428806305,1.719186782836914,-0.886468231678009,0.5861263275146484,0.3150436580181122,0.01402464509010315,-2.2292959690093994,1.1164944171905518,1.3253817558288574,-1.7372088432312012
0.4551758749999989,0.0034223749999999996,133.0,2.5993126118714454,1.2657702456556665,0.40744128046421785,0.015016330227504702,-0.0004994489575135328,0.0062589541112664454,0.06649366648787418,-0.3175692856311798,0.26873475313186646,0.06538692116737366,1.7459337711334229,-0.900701642036438,0.6107853651046753,0.31977102160453796,0.009105801582336426,-2.3081934452056885,1.0578043460845947,1.333604335784912,-1.759376049041748
0.4551758749999989,0.0034223749999999996,133.0,2.589469884352906,-1.2355689847849596,0.3816204997203147,-0.01386153806680793,-0.0003355513646375176,-0.006726751592425905,0.06843793742048888,-0.05402094125747681,0.1423136442899704,-0.1277865171432495,0.33394184708595276,0.013049001805484295,-0.6700010299682617,0.28050220012664795,0.4213595986366272,-0.13029928505420685,0.6979711055755615,0.44305622577667236,-0.7584153413772583
0.4551758749999989,0.0034223749999999996,133.0,2.5848905037694307,-1.230734770487861,0.381924973959679,-0.007483555251115159,-0.00014330505562656074,-0.0036295677296494513,0.06840890917459415,-0.05454200506210327,0.14709842205047607,-0.12461969256401062,0.3510865867137909,-0.034678298979997635,-0.6628599166870117,0.2697792053222656,0.40184342861175537,-0.1932479739189148,0.7136731147766113,0.42468616366386414,-0.755929708480835
0.4551758749999989,0.0034223749999999996,133.0,2.579396615914811,-1.2252723531560479,0.3818951090888029,-0.006148968950319002,-0.00011397378331858312,-0.0029791951165757096,0.0683969144403367,-0.05628511309623718,0.14771637320518494,-0.12399691343307495,0.35106801986694336,-0.034161511808633804,-0.6444053649902344,0.26781898736953735,0.398506760597229,-0.18287532031536102,0.7193036079406738,0.38920971751213074,-0.752572774887085
0.4551758749999989,0.0034223749999999996,133.0,2.573191739631558,-1.2191999183976432,0.3818972931018082,-0.005561313115849843,-0.00010216356870707089,-0.0026922575243508986,0.06839289447607041,-0.05654817819595337,0.1462564915418625,-0.12368988990783691,0.34581229090690613,-0.03470399230718613,-0.6305603981018066,0.2696031332015991,0.39743778109550476,-0.16794170439243317,0.7201082706451416,0.37650489807128906,-0.7462422847747803
0.4551758749999989,0.0034223749999999996,133.0,2.5660267425070775,-1.2121891274774705,0.381849169543585,-0.00522043932930886,-0.00010013207195818786,-0.002525374523344622,0.06838495195857905,-0.057808637619018555,0.14568407833576202,-0.12381088733673096,0.34171339869499207,-0.029147624969482422,-0.6099388599395752,0.27154555916786194,0.397017240524292,-0.1417596936225891,0.7209734916687012,0.3440457582473755,-0.7417243123054504
0.4551758749999989,0.0034223749999999996,133.0,2.557286779747699,-1.2060028722079916,0.3792743306084669,-0.004979525233132582,-0.00014866449498256905,-0.0024062595181583747,0.06845913374106698,-0.05789482593536377,0.14404693245887756,-0.12361899018287659,0.3378584086894989,-0.02305901050567627,-0.600290060043335,0.2771182358264923,0.3964565396308899,-0.11795023828744888,0.7162477970123291,0.32601404190063477,-0.7373191714286804
0.4551758749999989,0.0034223749999999996,133.0,2.548522289968116,-1.1975732453070511,0.3792509410765749,-0.004782457273676656,-0.00014893744861381214,-0.00231104667462608,0.06845474625877736,-0.05896705389022827,0.14144381880760193,-0.12269419431686401,0.3274628520011902,-0.01572168618440628,-0.5717430114746094,0.28130173683166504,0.40040379762649536,-0.08421725034713745,0.7175624370574951,0.3035321533679962,-0.7308798432350159
0.4551758749999989,0.0034223749999999996,133.0,2.5389621248273606,-1.1881747843596784,0.37913671412635425,-0.004635203621742653,-0.00014732686424840107,-0.002236134554188255,0.06845113684655516,-0.05944982171058655,0.14059972763061523,-0.12339812517166138,0.32336801290512085,-0.012116929516196251,-0.5540990829467773,0.2856614589691162,0.39968064427375793,-0.05865749716758728,0.7137374877929688,0.2796848714351654,-0.7260540723800659
0.4551758749999989,0.0034223749999999996,133.0,2.52851123013927,-1.1779083223435611,0.3790753199327163,-0.004504059398925844,-0.00014733611849307435,-0.0021680047413365757,0.06844520785301729,-0.06070655584335327,0.13923098146915436,-0.1234634518623352,0.31655454635620117,-0.003671524580568075,-0.525515079498291,0.2913738787174225,0.4018905460834503,-0.021004222333431244,0.7108943462371826,0.2458338737487793,-0.7214452624320984
0.4551758749999989,0.0034223749999999996,133.0,2.517288593559753,-1.166956504320162,0.37911306960765473,-0.004371111756085222,-0.0001496866146106029,-0.002102862665812437,0.06844201577977184,-0.06104305386543274,0.1359402984380722,-0.12245911359786987,0.3043483793735504,0.002020880114287138,-0.4944911003112793,0.2975216209888458,0.4072350263595581,0.014304975979030132,0.7079393863677979,0.23094919323921204,-0.7145729064941406
0.4551758749999989,0.0034223749999999996,133.0,2.505288809980467,-1.1550454177489398,0.37908625601091467,-0.004248560677260632,-0.00014903484614847752,-0.0020408465596201382,0.06844042712745844,-0.06073465943336487,0.1347920447587967,-0.1233082115650177,0.2995443642139435,0.0016166925197467208,-0.47853612899780273,0.30254173278808594,0.4066106677055359,0.035957224667072296,0.7012917995452881,0.21753178536891937,-0.7091232538223267
0.4551758749999989,0.0034223749999999996,133.0,2.492477557361124,-1.1422791316961531,0.3789581651219747,-0.0041248803007384064,-0.00014563672502557277,-0.001974573195974341,0.06843985851220989,-0.06031292676925659,0.13356171548366547,-0.12454479932785034,0.29546549916267395,0.003319201059639454,-0.4628441333770752,0.30915820598602295,0.40480247139930725,0.06318213790655136,0.6920268535614014,0.19963012635707855,-0.7032067179679871
0.4551758749999989,0.0034223749999999996,133.0,2.478929269308745,-1.1286182820378963,0.3788343058921008,-0.004016834515779842,-0.00014067352866572772,-0.0019200717054811767,0.06844209914810588,-0.05864977836608887,0.13326741755008698,-0.12669986486434937,0.295463502407074,-0.00515240291133523,-0.4657437801361084,0.31075379252433777,0.39809903502464294,0.06960633397102356,0.6827988624572754,0.1998404562473297,-0.6964512467384338
0.4551758749999989,0.0034223749999999996,133.0,2.464526000043515,-1.114108539333798,0.37869386813395306,-0.003879596666054586,-0.00013398693704480641,-0.0018517672208868722,0.068444036086878,-0.057144343852996826,0.13304927945137024,-0.12829959392547607,0.29529669880867004,-0.014939184300601482,-0.46987080574035645,0.31152620911598206,0.3926243484020233,0.06844708323478699,0.6771833896636963,0.20833638310432434,-0.6907714009284973
0.4551758749999989,0.0034223749999999996,133.0,2.4491780497962394,-1.0987342048875681,0.3785527786295247,-0.0037044708149009064,-0.00013052466614115897,-0.0017697432629799194,0.06844198431384663,-0.05751940608024597,0.13349558413028717,-0.129638671875,0.2951808273792267,-0.01630561426281929,-0.462369441986084,0.31543150544166565,0.3904604911804199,0.07847553491592407,0.6746523380279541,0.19976261258125305,-0.688489556312561
0.4551758749999989,0.0034223749999999996,133.0,2.432958802240258,-1.0825031614633704,0.3784459550682738,-0.0035421963525177048,-0.0001240018434296493,-0.0016904882313318343,0.06843893770544374,-0.05797392129898071,0.13478997349739075,-0.13131564855575562,0.29782024025917053,-0.019006580114364624,-0.4628732204437256,0.317008912563324,0.38635358214378357,0.08068926632404327,0.6744987964630127,0.19601517915725708,-0.6870169043540955
0.4551758749999989,0.0034223749999999996,133.0,2.4159008859974587,-1.0655178352474695,0.3784066102978606,-0.00335623142558089,-0.00011921676890870121,-0.0016030674976668874,0.06843545504312809,-0.05899089574813843,0.13527800142765045,-0.13190382719039917,0.29667824506759644,-0.019621536135673523,-0.4527430534362793,0.3217621147632599,0.3869669735431671,0.08376135677099228,0.6774387359619141,0.1957625448703766,-0.6865273714065552
0.4551758749999989,0.0034223749999999996,133.0,2.3980616689177894,-1.0475838341656565,0.37830988166432655,-0.0031800979578504845,-0.0001105312494506018,-0.0015199428711860966,0.06843395486685204,-0.058922529220581055,0.13618215918540955,-0.13281002640724182,0.29859066009521484,-0.027513965964317322,-0.46159911155700684,0.32266634702682495,0.3838171362876892,0.06286273896694183,0.6830198764801025,0.21957288682460785,-0.6853349804878235
0.4551758749999989,0.0034223749999999996,133.0,2.379259501357292,-1.0287635074136634,0.3782094967239595,-0.00299753280824588,-0.00010535741410198187,-0.0014325045212852962,0.06842699264846219,-0.06067541241645813,0.1379385143518448,-0.13448140025138855,0.30116426944732666,-0.02539699524641037,-0.4547252655029297,0.32782721519470215,0.38174086809158325,0.06985396146774292,0.685720682144165,0.20776209235191345,-0.685867428779602
0.4551758749999989,0.0034223749999999996,133.0,2.3596920845834584,-1.009250465786114,0.3781206770672371,-0.002833652235563383,-0.00010209685533971985,-0.0013553334736881074,0.06842288287990944,-0.06164717674255371,0.13835863769054413,-0.1354205310344696,0.29988008737564087,-0.025704238563776016,-0.4445765018463135,0.33361202478408813,0.38162654638290405,0.075009286403656,0.6880545616149902,0.20645298063755035,-0.6845061182975769
0.4551758749999989,0.0034223749999999996,133.0,2.339322681116984,-0.9888171554350008,0.3780133374126872,-0.0026188171829064602,-9.412374062525807e-5,-0.0012538513904761508,0.06841922156047825,-0.06245315074920654,0.13977035880088806,-0.13676121830940247,0.3024144768714905,-0.02940511703491211,-0.44617748260498047,0.33673587441444397,0.37841856479644775,0.06609269976615906,0.692774772644043,0.21406550705432892,-0.6838690042495728
0.4551758749999989,0.0034223749999999996,133.0,2.31807369214861,-0.9679877181137129,0.3780943048016635,-0.0024052585458492256,-9.053716153467416e-5,-0.0011530420550898766,0.06841598088070418,-0.06366699934005737,0.13593964278697968,-0.13530439138412476,0.2880607545375824,-0.020560353994369507,-0.41318726539611816,0.3437139093875885,0.388564795255661,0.09615415334701538,0.6963839530944824,0.2175520360469818,-0.6796913146972656
0.4551758749999989,0.0034223749999999996,133.0,2.2959911931825236,-0.945875914967241,0.3779629168313056,-0.002203323774344245,-8.197303303380338e-5,-0.0010560711044656612,0.06841139102421762,-0.06483614444732666,0.1375574767589569,-0.13687294721603394,0.29072993993759155,-0.024205826222896576,-0.41381120681762695,0.3486534059047699,0.38603031635284424,0.08587754517793655,0.7019810676574707,0.2260284721851349,-0.6798866987228394
0.4551758749999989,0.0034223749999999996,133.0,2.2730084457055835,-0.9228749436086529,0.37779355071782894,-0.0020020890421209915,-7.49709410329731e-5,-0.0009590784685851277,0.0684043191116736,-0.06689566373825073,0.13991251587867737,-0.1389935314655304,0.2946855127811432,-0.024280227720737457,-0.409456729888916,0.35590142011642456,0.38347652554512024,0.08493144065141678,0.7069108486175537,0.22045768797397614,-0.6813536286354065
0.4551758749999989,0.0034223749999999996,133.0,2.24914652223556,-0.8988860223271347,0.3775187545970028,-0.0018410315057646556,-6.88367900356125e-5,-0.000880935640450662,0.06839576323845768,-0.0694531798362732,0.1443435698747635,-0.14241677522659302,0.30493783950805664,-0.02496059238910675,-0.41297268867492676,0.36195510625839233,0.3758264183998108,0.08045602589845657,0.7114341259002686,0.2042165994644165,-0.6840114593505859
0.4551758749999989,0.0034223749999999996,133.0,2.2245669910833623,-0.8742237302342544,0.3773739605422376,-0.0016429990434824958,-6.054478024978423e-5,-0.000787248426606495,0.06839038298211886,-0.07094809412956238,0.14683897793293,-0.14411720633506775,0.30973485112190247,-0.029464278370141983,-0.4164860248565674,0.3653632402420044,0.3719041347503662,0.0617067888379097,0.7196009159088135,0.21512764692306519,-0.6849563121795654
0.4551758749999989,0.0034223749999999996,133.0,2.19909840299529,-0.8488678170427025,0.3773667620606668,-0.0014593718270768726,-5.6299992942021415e-5,-0.0007013478531484552,0.06838340489199606,-0.07264548540115356,0.146854966878891,-0.1449432075023651,0.3061044216156006,-0.027959510684013367,-0.40224194526672363,0.37258508801460266,0.37418562173843384,0.06759088486433029,0.7258458137512207,0.22031903266906738,-0.6836714744567871
0.4551758749999989,0.0034223749999999996,133.0,2.1728529269740386,-0.8228371655455382,0.3773159929633162,-0.0012783766134760826,-5.060706959880327e-5,-0.0006147280970358597,0.06837914383800052,-0.0740150511264801,0.14553314447402954,-0.14544332027435303,0.29879850149154663,-0.025046102702617645,-0.38285255432128906,0.3810400068759918,0.37865203619003296,0.08299156278371811,0.7306067943572998,0.22632324695587158,-0.6808757185935974
0.4551758749999989,0.0034223749999999996,133.0,2.1457995005266923,-0.7958532542391757,0.3771940514382256,-0.0011283485635675819,-4.561487030593725e-5,-0.0005427792915287064,0.06837467290512955,-0.07496726512908936,0.1456516832113266,-0.14696788787841797,0.2959027588367462,-0.02600378543138504,-0.3700244426727295,0.3881402909755707,0.3781962990760803,0.09397535026073456,0.7327511310577393,0.2253577709197998,-0.6775433421134949
0.4551758749999989,0.0034223749999999996,133.0,2.117986262408691,-0.7680787446394687,0.3770679189499636,-0.0009946174321086088,-4.0648914795303156e-5,-0.00047872314627509237,0.06837271117467854,-0.07504305243492126,0.1453419029712677,-0.1483778953552246,0.292439728975296,-0.030696120113134384,-0.36180543899536133,0.3931977152824402,0.37679433822631836,0.09800100326538086,0.7340710163116455,0.2333502173423767,-0.6726849675178528
0.4551758749999989,0.0034223749999999996,133.0,2.089221211429627,-0.739485888036556,0.376923683826281,-0.0008212831750912085,-3.384263344208458e-5,-0.00039444506690631664,0.06836796005711619,-0.07660490274429321,0.14494870603084564,-0.14999017119407654,0.2879176139831543,-0.02761111408472061,-0.3432493209838867,0.4020620286464691,0.37824147939682007,0.12388738244771957,0.7358665466308594,0.22530582547187805,-0.6696105599403381
0.4551758749999989,0.0034223749999999996,133.0,2.05962946064051,-0.7101147324544671,0.3768269034814223,-0.0006894862825574512,-2.9346959423845265e-5,-0.00033106476799767056,0.06836373090764986,-0.07809612154960632,0.14388714730739594,-0.15103599429130554,0.2807801365852356,-0.024385768920183182,-0.32176661491394043,0.4125412106513977,0.38263702392578125,0.14738726615905762,0.7390632629394531,0.22557026147842407,-0.6668925881385803
0.4551758749999989,0.0034223749999999996,133.0,2.0291881208955584,-0.6797849204203872,0.37669055020395514,-0.0005175399765599336,-2.267390008834395e-5,-0.000248764419074614,0.06835743861861608,-0.07990217208862305,0.14443011581897736,-0.15254753828048706,0.2783659100532532,-0.023601558059453964,-0.30805420875549316,0.4216955006122589,0.3835076093673706,0.15558180212974548,0.74505615234375,0.22784200310707092,-0.6653997302055359
0.4551758749999989,0.0034223749999999996,133.0,1.9979497756762508,-0.6484366023742628,0.37650320721455127,-0.0003251613126001893,-1.3905770017735992e-5,-0.00015627889282225104,0.06835037349660872,-0.08148962259292603,0.14729982614517212,-0.1549435257911682,0.2839769124984741,-0.027984078973531723,-0.31035733222961426,0.42475390434265137,0.37610772252082825,0.14128245413303375,0.7531435489654541,0.23074746131896973,-0.6636565923690796
0.4551758749999989,0.0034223749999999996,133.0,1.9658384046436657,-0.6163057457343079,0.37633459117026846,-0.0001519759738906319,-6.586114317162632e-6,-7.320365019079519e-5,0.06834187170096927,-0.08356288075447083,0.14949829876422882,-0.1569831669330597,0.2867625653743744,-0.02834109589457512,-0.3051304817199707,0.43066155910491943,0.37193214893341064,0.13566918671131134,0.7618284225463867,0.23173007369041443,-0.6623239517211914
0.4551758749999989,0.0034223749999999996,133.0,1.932879213651723,-0.5836771308847903,0.3762576342138033,1.6848451477897624e-5,7.79195294067056e-7,8.152941876642227e-6,0.06833564597958121,-0.08565711975097656,0.14762455224990845,-0.1574016809463501,0.2769230008125305,-0.021556105464696884,-0.2827141284942627,0.44296398758888245,0.3795834183692932,0.15100423991680145,0.7710158824920654,0.2475769817829132,-0.6602123975753784
0.4551758749999989,0.0034223749999999996,133.0,1.8990811556952194,-0.5499981789490785,0.3761097264641319,0.00018613885924025384,8.8086026122401e-6,9.015205138296661e-5,0.06832804889320507,-0.08789724111557007,0.1483752429485321,-0.1591997742652893,0.27476683259010315,-0.019707757979631424,-0.26834774017333984,0.4540102183818817,0.3802914619445801,0.15899476408958435,0.7786648273468018,0.2496623396873474,-0.6588265895843506
0.4551758749999989,0.0034223749999999996,133.0,1.8644025831668847,-0.5152687362466228,0.37584568099509763,0.00036965568668839157,1.7495652429403313e-5,0.00017894811478934397,0.06831726394185056,-0.09076198935508728,0.15181215107440948,-0.1624234914779663,0.2813055217266083,-0.020041629672050476,-0.2642645835876465,0.4621722102165222,0.37349289655685425,0.1576119363307953,0.7869162559509277,0.2390853464603424,-0.6586242318153381
0.4551758749999989,0.0034223749999999996,133.0,1.8289083379879816,-0.4799139061502781,0.3756854010815269,0.0005140101818950213,2.4866990033164484e-5,0.0002490526873808888,0.06830889925454178,-0.0933709442615509,0.1527969092130661,-0.16433584690093994,0.27954357862472534,-0.017962489277124405,-0.24997615814208984,0.47421541810035706,0.3745095431804657,0.16373994946479797,0.7961986064910889,0.2422696053981781,-0.6579551100730896
0.4551758749999989,0.0034223749999999996,133.0,1.7925953042197207,-0.44373776064730514,0.37552124955026267,0.0006768357856073844,3.352203355140063e-5,0.0003282411672583373,0.06830072324228194,-0.09583708643913269,0.1536414921283722,-0.16629686951637268,0.27748480439186096,-0.01625855639576912,-0.2353067398071289,0.48656028509140015,0.3752867579460144,0.1715707778930664,0.8048231601715088,0.2446092963218689,-0.6567394137382507
0.4551758749999989,0.0034223749999999996,133.0,1.7554766418332404,-0.40674269238091526,0.3753657027018164,0.0008502843572764637,4.3220617755335895e-5,0.0004127155056495893,0.0682931016731447,-0.09797412157058716,0.15423156321048737,-0.16830691695213318,0.2748703956604004,-0.01532320212572813,-0.22025346755981445,0.499042809009552,0.3757171928882599,0.18247783184051514,0.8119428157806396,0.24547186493873596,-0.6546018123626709
0.4551758749999989,0.0034223749999999996,133.0,1.7175665177935837,-0.3689493358525377,0.37519227862628746,0.0010472148447565445,5.510456634281752e-5,0.0005089617076398511,0.06828666739385152,-0.09965872764587402,0.15443648397922516,-0.17043641209602356,0.27162328362464905,-0.0162355937063694,-0.20540761947631836,0.5119978785514832,0.3759799301624298,0.19641990959644318,0.8170034885406494,0.24617841839790344,-0.6516441702842712
0.4551758749999989,0.0034223749999999996,133.0,1.6788374306515967,-0.3303248461094774,0.37504676499875095,0.0012342595957492775,6.69384262651561e-5,0.0006002992240608844,0.06828076846602622,-0.10107910633087158,0.15443500876426697,-0.17262709140777588,0.2679484188556671,-0.01824474334716797,-0.19060659408569336,0.5254126191139221,0.3762977123260498,0.21253950893878937,0.8208198547363281,0.24640697240829468,-0.6483014822006226
0.4551758749999989,0.0034223749999999996,133.0,1.6391988305120764,-0.2911326064965252,0.3749164210463783,0.0013554251099911448,7.808555967828929e-5,0.0006598542336136129,0.06827712751497522,-0.10327327251434326,0.1515348106622696,-0.17404714226722717,0.25500479340553284,-0.011322977021336555,-0.16285085678100586,0.5484247803688049,0.3877798318862915,0.25540095567703247,0.8257801532745361,0.2567256987094879,-0.6468706130981445
0.4551758749999989,0.0034223749999999996,133.0,1.598762521644583,-0.2508361250252595,0.37474966283597627,0.0015106257447078414,8.96102523666177e-5,0.0007361407753145164,0.0682699868509505,-0.10535892844200134,0.15184825658798218,-0.17609193921089172,0.2522765100002289,-0.010475722141563892,-0.1488642692565918,0.5641142129898071,0.3888261914253235,0.26804062724113464,0.8324770927429199,0.25896722078323364,-0.6452354788780212
0.4551758749999989,0.0034223749999999996,133.0,1.5573934578340298,-0.2092962038618811,0.37440111178102187,0.0016619620256256727,9.968204239582334e-5,0.0008106220393426705,0.06825468562236744,-0.10856437683105469,0.15703913569450378,-0.18004631996154785,0.26563355326652527,-0.011375658214092255,-0.1516282558441162,0.5709021687507629,0.37397027015686035,0.25952309370040894,0.8414485454559326,0.2337421178817749,-0.6437827348709106
0.4551758749999989,0.0034223749999999996,133.0,1.5160313654216309,-0.16601245092826153,0.37678731841144186,0.0018045519847352143,9.78072129765796e-5,0.0008853842959574591,0.06817129327295769,-0.10934329032897949,0.1547115594148636,-0.18045258522033691,0.25225287675857544,-0.01347003597766161,-0.12935400009155273,0.5833085179328918,0.3818507790565491,0.26136085391044617,0.851388692855835,0.2628803551197052,-0.6383395195007324
0.4551758749999989,0.0034223749999999996,133.0,1.472938887407324,-0.12299472482100278,0.3765107521721965,0.0019023637607776108,0.00011089903084361225,0.0009362970447164795,0.06815562246512281,-0.11373445391654968,0.1580478399991989,-0.1839604675769806,0.25695303082466125,-0.008564411662518978,-0.11528182029724121,0.6010392904281616,0.3775961399078369,0.2766820192337036,0.8651049137115479,0.24162566661834717,-0.6388378143310547
0.4551758749999989,0.0034223749999999996,133.0,1.4288177607452253,-0.07971372634704761,0.37651669948449945,0.001876759462221782,0.00011702265775810935,0.0009285868996350684,0.06814343422598786,-0.11976918578147888,0.14973168075084686,-0.1831243634223938,0.22261279821395874,0.020629197359085083,-0.06806373596191406,0.6485713124275208,0.4172857999801636,0.33945605158805847,0.8927056789398193,0.30683889985084534,-0.6443729400634766
0.4551758749999989,0.0034223749999999996,133.0,1.3825694332173164,-0.03402789540765671,0.37366607992449047,0.0017567901834415485,7.033300856737757e-5,0.0008781016134199421,0.0681293385199051,-0.14289337396621704,0.19825153052806854,-0.1902625560760498,0.3428654074668884,0.04454418271780014,-0.12258553504943848,0.43407899141311646,0.37680190801620483,-0.20437850058078766,1.115410327911377,0.16075368225574493,-0.7241120338439941
0.4551758749999989,0.0034223749999999996,133.0,1.3349367907327825,0.015529322275800625,0.37395872558083226,0.00010348903999513626,-2.5443821863092497e-6,5.31048796899196e-5,0.06794814246487767,-0.1905624270439148,0.27641499042510986,-0.17695868015289307,0.42052820324897766,0.00536209624260664,0.01517939567565918,-0.08173233270645142,0.5844243764877319,-1.4371919631958008,1.5899698734283447,0.08011619001626968,-1.0079810619354248
0.4551758749999989,0.0034223749999999996,133.0,1.3768907685893579,0.051996294120043085,0.3764768689132203,-0.0017118780966810796,-0.00010377180643577732,-0.0009129802355672233,0.0674845882116029,-0.2164413332939148,0.12434700131416321,-0.18155348300933838,0.6109734773635864,-0.18022075295448303,0.158219575881958,0.8759340643882751,-0.04581308364868164,-0.6394529342651367,1.4970026016235352,0.03244096785783768,-0.5649014711380005
0.4551758749999989,0.0034223749999999996,133.0,1.4165830259637884,0.09915702712167399,0.37997639210979095,-0.0019268477614202005,2.0483419963147907e-6,-0.0010341698167648415,0.06706734866419853,-0.2787807285785675,0.1574588567018509,-0.12609094381332397,0.8823010325431824,-0.3911013603210449,0.4161081314086914,0.49493634700775146,0.06874510645866394,-1.4722678661346436,1.8914341926574707,0.3189600706100464,-0.9496563673019409
0.4551758749999989,0.0034223749999999996,133.0,1.4568660678395366,0.1451111124011804,0.3837220574376642,-0.0019373799528520188,6.798486974331879e-5,-0.001011309372246774,0.0668359819768585,-0.3288324773311615,0.1895027756690979,-0.06489357352256775,1.1242563724517822,-0.6991891860961914,0.526803731918335,0.13451224565505981,0.20552009344100952,-1.8468559980392456,1.986764907836914,0.5264314413070679,-1.3288908004760742
0.4551758749999989,0.0034223749999999996,133.0,1.4988828358640338,0.18915451536932046,0.3849203858915401,-0.0018344176720863216,7.460336340962607e-5,-0.0009429770983157864,0.06677851552310081,-0.33757707476615906,0.20392782986164093,-0.04951193928718567,1.1854803562164307,-0.7727857828140259,0.5438697338104248,0.10058164596557617,0.23155781626701355,-1.9271079301834106,1.959317684173584,0.536686360836029,-1.4166600704193115
0.4551758749999989,0.0034223749999999996,133.0,1.5406097926733817,0.23171332941072725,0.3855841196118353,-0.0016819870718653741,7.334225009130136e-5,-0.0008560440723900838,0.06675795825815602,-0.3386874496936798,0.21166326105594635,-0.03587409853935242,1.2426230907440186,-0.8085669279098511,0.5380609035491943,0.04729369655251503,0.2302335500717163,-1.946973204612732,1.911191463470459,0.5710621476173401,-1.4726989269256592
0.4551758749999989,0.0034223749999999996,133.0,1.5814861627125179,0.2731208849078306,0.3855439126800281,-0.001491677757290717,6.438241544324813e-5,-0.0007583060317029015,0.06676086629949037,-0.34154072403907776,0.2151387631893158,-0.035321712493896484,1.2376182079315186,-0.8388611078262329,0.5538188219070435,0.05939234048128128,0.24873149394989014,-1.9650872945785522,1.9041948318481445,0.5893745422363281,-1.4864150285720825
0.4551758749999989,0.0034223749999999996,133.0,1.6218462112475034,0.3136592260324624,0.38568981205160746,-0.0014056248408773886,5.825140351079607e-5,-0.000710500236923107,0.06675537832867076,-0.34077903628349304,0.21799632906913757,-0.03280824422836304,1.252150535583496,-0.8402718901634216,0.5622118711471558,0.08360220491886139,0.2451559603214264,-1.9766725301742554,1.875607967376709,0.6150243878364563,-1.4976255893707275
0.4551758749999989,0.0034223749999999996,133.0,1.6614751041412497,0.353407740122347,0.38608932364800774,-0.0012045847802495484,4.990012045396572e-5,-0.000603050377918422,0.06674102119653606,-0.33856627345085144,0.22126778960227966,-0.02605941891670227,1.2885857820510864,-0.8379164934158325,0.5606625080108643,0.08200471103191376,0.23047533631324768,-1.9823758602142334,1.832448959350586,0.6477602124214172,-1.519559621810913
0.4551758749999989,0.0034223749999999996,133.0,1.700075785638582,0.3923058168132923,0.3862962176998949,-0.001049286136793689,4.2991768675352145e-5,-0.0005221414608032475,0.06673506110154755,-0.3386606276035309,0.22417160868644714,-0.022747159004211426,1.3030943870544434,-0.8511351943016052,0.5683799982070923,0.0907730758190155,0.23149234056472778,-1.9940191507339478,1.8053760528564453,0.6744640469551086,-1.5352959632873535
0.4551758749999989,0.0034223749999999996,133.0,1.7378457970792667,0.43036558771464384,0.3864950613082892,-0.0008539884468982106,3.465197566447205e-5,-0.00042249340995021084,0.06672935970615287,-0.3387753665447235,0.22704239189624786,-0.019379854202270508,1.317704200744629,-0.8636171817779541,0.5752336978912354,0.09791752696037292,0.23199781775474548,-2.005685329437256,1.7786450386047363,0.7000534534454346,-1.5506173372268677
0.4551758749999989,0.0034223749999999996,133.0,1.7747890466971084,0.46757205735822466,0.38666826946098926,-0.0006802699073611495,2.724893129806251e-5,-0.0003347586600525961,0.06672450470465296,-0.338876873254776,0.229749858379364,-0.016089588403701782,1.33171546459198,-0.8750288486480713,0.5813705921173096,0.104775071144104,0.23200345039367676,-2.0161619186401367,1.7526907920837402,0.7247007489204407,-1.5648317337036133
0.4551758749999989,0.0034223749999999996,133.0,1.8108992726280722,0.5039409615919065,0.38684524489078126,-0.0005142974416030516,2.033641947095325e-5,-0.00025174286688943426,0.06671962731504887,-0.3389885723590851,0.23237495124340057,-0.012721359729766846,1.345825433731079,-0.8862981200218201,0.5871134996414185,0.1110846996307373,0.23170062899589539,-2.0265750885009766,1.726672649383545,0.7493764758110046,-1.578831672668457
0.4551758749999989,0.0034223749999999996,133.0,1.846177751846096,0.5394606049867773,0.38698492758199415,-0.00035378513546695895,1.3749903647750024e-5,-0.00017233317007183427,0.0667152975646946,-0.33733776211738586,0.23480114340782166,-0.006152838468551636,1.3773856163024902,-0.887711226940155,0.5781583786010742,0.0983835905790329,0.2193267047405243,-2.0261223316192627,1.6873278617858887,0.77985680103302,-1.5981340408325195
0.4551758749999989,0.0034223749999999996,133.0,1.8806045423429203,0.5741535631568393,0.387161443321569,-0.0001986123316238671,7.584709461312445e-6,-9.627139117809835e-5,0.0667087593572739,-0.3374655544757843,0.23687796294689178,-0.003953844308853149,1.387702226638794,-0.8903008699417114,0.5824500322341919,0.10643543303012848,0.21701079607009888,-2.0304691791534424,1.667963981628418,0.7980298399925232,-1.6062778234481812
0.4551758749999989,0.0034223749999999996,133.0,1.9138735691739979,0.6080336935641465,0.38711900800905197,-5.924073467843014e-5,2.186186248677695e-6,-2.868180483958104e-5,0.06670210547859394,-0.34074684977531433,0.2393037974834442,-0.0055425167083740234,1.3768317699432373,-0.9046263694763184,0.60434889793396,0.12587687373161316,0.23106852173805237,-2.0437912940979004,1.6713309288024902,0.8008428812026978,-1.6096365451812744
0.4551758749999989,0.0034223749999999996,133.0,1.9462890925937624,0.6411373824691758,0.38730195308799137,0.00012804013759740965,-4.7073595755168235e-6,6.173609776051242e-5,0.06668752825320438,-0.34399065375328064,0.24191555380821228,-0.005014955997467041,1.3769639730453491,-0.9171831607818604,0.6203922033309937,0.12929336726665497,0.24011269211769104,-2.053406000137329,1.6699252128601074,0.8030660152435303,-1.6189241409301758
0.4551758749999989,0.0034223749999999996,133.0,1.9785990111440612,0.671381715821009,0.38503881227049425,0.00030200788613630547,-9.711154376273525e-6,0.00014406309216861862,0.0668415411187949,-0.33963826298713684,0.24243947863578796,-1.4007091522216797e-5,1.3918712139129639,-0.9258511066436768,0.5986406803131104,0.11330483853816986,0.23396289348602295,-2.0367343425750732,1.6285414695739746,0.8414255380630493,-1.6277835369110107
0.4551758749999989,0.0034223749999999996,133.0,2.009424675616303,0.7027924157011741,0.3851772087062544,0.00047791505167881876,-1.5345446272805527e-5,0.00022712099233730806,0.06683414960353833,-0.3424939811229706,0.24487049877643585,0.0008270144462585449,1.3917436599731445,-0.944462239742279,0.6161664724349976,0.12151572108268738,0.2440321147441864,-2.0513405799865723,1.622215747833252,0.8518242239952087,-1.6378768682479858
0.4551758749999989,0.0034223749999999996,133.0,2.039793055985966,0.7333175191734267,0.38560759033152653,0.000687080065536962,-2.187685393466813e-5,0.000323822408178446,0.06681974458317044,-0.34237053990364075,0.24645641446113586,0.0013508796691894531,1.3998202085494995,-0.939774751663208,0.6288950443267822,0.15263299643993378,0.2370094656944275,-2.06710147857666,1.6037249565124512,0.8711824417114258,-1.639132022857666
0.4551758749999989,0.0034223749999999996,133.0,2.069353137005587,0.7629606180329402,0.38588110233878914,0.0008367316149458363,-2.602091728700229e-5,0.0003918531360708143,0.06681319666597381,-0.3407692015171051,0.2476939857006073,0.0045670270919799805,1.4180506467819214,-0.9339524507522583,0.6281425952911377,0.16692061722278595,0.22406241297721863,-2.072997570037842,1.5752301216125488,0.8974168300628662,-1.644553780555725
0.4551758749999989,0.0034223749999999996,133.0,2.098063110630196,0.7917987332378663,0.3863440050835109,0.001028323483526183,-3.264908559564028e-5,0.0004780100363536429,0.0668025881012026,-0.3398580253124237,0.24929460883140564,0.01055532693862915,1.4447135925292969,-0.9378406405448914,0.619430661201477,0.1549205183982849,0.2128995656967163,-2.074601173400879,1.5444724559783936,0.9240694046020508,-1.6601080894470215
0.4551758749999989,0.0034223749999999996,133.0,2.125717146612868,0.8197829915177703,0.38642666303502227,0.001175509470605845,-3.7464749562421476e-5,0.0005449415479306688,0.06680263120828754,-0.3418726623058319,0.25108736753463745,0.010938137769699097,1.4403767585754395,-0.9582604765892029,0.6354870796203613,0.1665424257516861,0.2235727310180664,-2.086995840072632,1.5352880954742432,0.9394544363021851,-1.6666178703308105
0.4551758749999989,0.0034223749999999996,133.0,2.152686582649638,0.8469072112784704,0.38663449625431956,0.0013402677012332917,-4.261365797299142e-5,0.0006183736860490217,0.06679894695086769,-0.3418419063091278,0.25260481238365173,0.015897661447525024,1.4593617916107178,-0.967545211315155,0.6296476125717163,0.15387669205665588,0.2185196876525879,-2.0879786014556885,1.5104217529296875,0.9614776968955994,-1.6806058883666992
0.4551758749999989,0.0034223749999999996,133.0,2.178968396636868,0.8731168512497778,0.38665901578574846,0.001537277848801981,-4.6253142273773504e-5,0.0007070953568286162,0.06679940890887849,-0.3406181037425995,0.2534843683242798,0.017365366220474243,1.4688655138015747,-0.9622507095336914,0.6317163705825806,0.17175792157649994,0.20928126573562622,-2.0939180850982666,1.4887163639068604,0.9816436767578125,-1.6810122728347778
0.4551758749999989,0.0034223749999999996,133.0,2.204292421280242,0.8985591050653101,0.3867774294153622,0.0017376603382834083,-5.17401361687634e-5,0.0007966493564651202,0.06679584282146257,-0.34040024876594543,0.25456300377845764,0.018448948860168457,1.4753812551498413,-0.9601202011108398,0.635951042175293,0.18317317962646484,0.2044888436794281,-2.098329782485962,1.4748828411102295,0.9944915771484375,-1.6828333139419556
0.4551758749999989,0.0034223749999999996,133.0,2.228612707549037,0.9231981611028581,0.3869077916247903,0.0019603899564503216,-5.87125350888847e-5,0.0008960262571000794,0.06679261346121235,-0.34185364842414856,0.25599437952041626,0.019756734371185303,1.4788657426834106,-0.9704734086990356,0.6431219577789307,0.18345752358436584,0.20793604850769043,-2.103503942489624,1.465203046798706,1.0046974420547485,-1.689855694770813
0.4551758749999989,0.0034223749999999996,133.0,2.2521333801344174,0.9469765077509117,0.3868900034391005,0.0021249431022764384,-6.28525251812412e-5,0.0009701174615154376,0.06679249093829394,-0.3434954583644867,0.2573128342628479,0.019615232944488525,1.4755151271820068,-0.980448305606842,0.6550208330154419,0.19163256883621216,0.21423771977424622,-2.109590768814087,1.4602110385894775,1.012371301651001,-1.6929244995117188
0.4551758749999989,0.0034223749999999996,133.0,2.2747450880458953,0.969940825699344,0.38691973745074687,0.0023347201836011818,-6.847911217722941e-5,0.0010640985217380131,0.06679022371696443,-0.34537556767463684,0.2587589621543884,0.018840909004211426,1.4697160720825195,-0.9900921583175659,0.6710917949676514,0.20530705153942108,0.2213003933429718,-2.119361639022827,1.4570481777191162,1.018222689628601,-1.694325566291809
0.4551758749999989,0.0034223749999999996,133.0,2.2966196297671013,0.9920470101860097,0.38686386096763814,0.0025467740956171565,-7.353351948667461e-5,0.001160133941647275,0.06679011605131097,-0.3443293273448944,0.2596149444580078,0.022678464651107788,1.4876585006713867,-0.9883927702903748,0.6627681255340576,0.20039023458957672,0.2108624279499054,-2.120574474334717,1.4344072341918945,1.0374895334243774,-1.7018786668777466
0.4551758749999989,0.0034223749999999996,133.0,2.317760126744543,1.0133219305477643,0.3870070833857153,0.0027720433737589943,-7.940535806536894e-5,0.0012589068108371552,0.06678543151345605,-0.34739747643470764,0.26133763790130615,0.020446985960006714,1.4722059965133667,-1.0078879594802856,0.6892247200012207,0.21821007132530212,0.22679319977760315,-2.1353955268859863,1.4375081062316895,1.0391249656677246,-1.7025388479232788
0.4551758749999989,0.0034223749999999996,133.0,2.3381793134273754,1.0337371052171667,0.3874256713611578,0.0030016776900854353,-9.096697270894564e-5,0.0013528963872432357,0.06677658966057877,-0.34569522738456726,0.26234039664268494,0.028171896934509277,1.5081708431243896,-0.9999634623527527,0.662236213684082,0.18745499849319458,0.20769545435905457,-2.1294665336608887,1.4109220504760742,1.0584195852279663,-1.7193026542663574
0.4551758749999989,0.0034223749999999996,133.0,2.357625565161944,1.0534235204583546,0.38775982718688085,0.0031791658140415163,-9.656285983021071e-5,0.0014278678837686667,0.06676933470176062,-0.3461558520793915,0.2634226679801941,0.03026670217514038,1.5181103944778442,-1.0007840394973755,0.6640230417251587,0.1908525973558426,0.2026289999485016,-2.1362051963806152,1.3975310325622559,1.0706089735031128,-1.724247694015503
0.4551758749999989,0.0034223749999999996,133.0,2.3763700787772954,1.0721850918241875,0.38815059161383486,0.0033813587067286622,-0.0001047409268367172,0.0015100533700810664,0.06676156685211516,-0.34634360671043396,0.2643642723560333,0.0342002809047699,1.534313440322876,-1.0042837858200073,0.6572476625442505,0.1795198768377304,0.19599512219429016,-2.137446641921997,1.3801617622375488,1.0838474035263062,-1.7338261604309082
0.4551758749999989,0.0034223749999999996,133.0,2.3938348977072637,1.0901695885045,0.3879364217683768,0.00355285228350841,-0.00011095160146917118,0.0015893123790830792,0.06676766125353398,-0.3492872416973114,0.265901118516922,0.03320398926734924,1.5228674411773682,-1.0247832536697388,0.6753467321395874,0.18176445364952087,0.21200022101402283,-2.1456923484802246,1.383646011352539,1.0837377309799194,-1.738511085510254
0.4551758749999989,0.0034223749999999996,133.0,2.4108929231864114,1.107229247531132,0.38805591011638757,0.003756861581427898,-0.00011576924471165769,0.0016757829448487778,0.0667645431828421,-0.3489631116390228,0.26661187410354614,0.03506112098693848,1.5320343971252441,-1.0237488746643066,0.6750302314758301,0.18613572418689728,0.20569586753845215,-2.1505939960479736,1.3689639568328857,1.0959302186965942,-1.741441011428833
0.4551758749999989,0.0034223749999999996,133.0,2.426988713371728,1.1234861129848697,0.3881903489529026,0.0039364450817310475,-0.0001220497824746321,0.0017519353350335515,0.066761896016039,-0.3497617542743683,0.26746898889541626,0.03699064254760742,1.5375369787216187,-1.0344336032867432,0.6778466701507568,0.1819869726896286,0.20743447542190552,-2.1550605297088623,1.3580880165100098,1.1054513454437256,-1.748738408088684
0.4551758749999989,0.0034223749999999996,133.0,2.4421949878489055,1.138818744848673,0.3879396481674521,0.004113280371378316,-0.00012657622980848538,0.0018297418628928307,0.06676755565395964,-0.3505581319332123,0.2681625783443451,0.036445021629333496,1.531135082244873,-1.0481315851211548,0.6913096904754639,0.194450244307518,0.2141980230808258,-2.1636812686920166,1.3502323627471924,1.115624189376831,-1.7492425441741943
0.4551758749999989,0.0034223749999999996,133.0,2.456737810782028,1.1533676925649154,0.3881389790046385,0.004254277947057335,-0.00013255600065300812,0.0018861023578378253,0.06676600621514706,-0.35096004605293274,0.2686063349246979,0.03771507740020752,1.5321295261383057,-1.0630260705947876,0.6965334415435791,0.1956815868616104,0.21856778860092163,-2.1689810752868652,1.3386633396148682,1.1305396556854248,-1.754688024520874
0.4551758749999989,0.0034223749999999996,133.0,2.4703203516202614,1.1670909941785859,0.3882126985465978,0.004379413639524943,-0.00014068073724857812,0.0019380750856924217,0.06677151551392804,-0.3521120846271515,0.26900774240493774,0.03916364908218384,1.5289932489395142,-1.092348575592041,0.7034882307052612,0.18808692693710327,0.231917142868042,-2.1748199462890625,1.3280739784240723,1.149484395980835,-1.7649872303009033
0.4551758749999989,0.0034223749999999996,133.0,2.483358463656538,1.1800426916957063,0.38871227288203514,0.004515334145028784,-0.00014847984991662165,0.0019903941253197467,0.06676799215698458,-0.35008230805397034,0.2687789499759674,0.04397106170654297,1.5497920513153076,-1.0947034358978271,0.6864888668060303,0.17307071387767792,0.22161951661109924,-2.175386905670166,1.3046455383300781,1.1752617359161377,-1.775439977645874
0.4551758749999989,0.0034223749999999996,133.0,2.4957371649756976,1.191893364395572,0.3885571595111621,0.004658555846652989,-0.0001458136470344758,0.00204611086176772,0.06677300046832506,-0.34539106488227844,0.2678453028202057,0.046474963426589966,1.5676820278167725,-1.0726430416107178,0.6697274446487427,0.18951617181301117,0.19725587964057922,-2.1753249168395996,1.2761211395263672,1.2027777433395386,-1.7689974308013916
0.4551758749999989,0.0034223749999999996,133.0,2.5073464304021296,1.2029844715380467,0.38880644348791454,0.004806739403423401,-0.00014793081040836328,0.002099481033797919,0.06677102631527142,-0.34068563580513,0.2670283913612366,0.05022653937339783,1.5919948816299438,-1.046315312385559,0.646521806716919,0.19664907455444336,0.16974520683288574,-2.173783302307129,1.2486586570739746,1.2271089553833008,-1.7657485008239746
0.4551758749999989,0.0034223749999999996,133.0,2.518173338224366,1.2132439971990308,0.38895597907336643,0.0049492417189092195,-0.00014481651933993155,0.0021517031579514332,0.06677081141257903,-0.33583202958106995,0.26600855588912964,0.05215463042259216,1.610190987586975,-1.0157625675201416,0.6306769847869873,0.21975305676460266,0.1414164900779724,-2.174856424331665,1.2226297855377197,1.250002384185791,-1.7556344270706177
0.4551758749999989,0.0034223749999999996,133.0,2.528008583439254,1.2227669746557714,0.38914409151096085,0.005112106663044394,-0.00014274057904856708,0.002216358712087671,0.06677042644182982,-0.3323553502559662,0.26535558700561523,0.05328807234764099,1.6217910051345825,-0.9957893490791321,0.6225483417510986,0.240047886967659,0.12239289283752441,-2.17893123626709,1.2028100490570068,1.268946647644043,-1.7482495307922363
0.4551758749999989,0.0034223749999999996,133.0,2.5364844903693,1.2335806349090714,0.3921266863779409,0.005347464902136897,-0.00016715312141248978,0.0023060213922080817,0.06658495609827696,-0.3342665135860443,0.26668575406074524,0.05329981446266174,1.6424005031585693,-0.9652027487754822,0.6390905380249023,0.27190229296684265,0.10124287009239197,-2.2066543102264404,1.2051000595092773,1.2598894834518433,-1.747708797454834
0.4551758749999989,0.0034223749999999996,133.0,2.5448830723027545,1.2413695141128223,0.39250229438904527,0.005598589865942533,-0.0001719466046054203,0.0024017636671544228,0.06658310339252493,-0.328778475522995,0.2655852735042572,0.057130128145217896,1.6709080934524536,-0.9238874316215515,0.6074196100234985,0.2796379327774048,0.06523105502128601,-2.2011210918426514,1.1792614459991455,1.2752735614776611,-1.7400662899017334
0.4551758749999989,0.0034223749999999996,133.0,2.552177518579904,1.2483372842452707,0.39251133020355744,0.005977996357395905,-0.00017703279471942605,0.0025589982714817896,0.06658567799487657,-0.3256342113018036,0.26503071188926697,0.05823740363121033,1.680129885673523,-0.9108843207359314,0.5994473695755005,0.2922089993953705,0.051240116357803345,-2.2052457332611084,1.1603074073791504,1.2910102605819702,-1.7353273630142212
0.4551758749999989,0.0034223749999999996,133.0,2.5587598924285007,1.2545109300502986,0.39271433917444787,0.006613211886035841,-0.00019292584466657625,0.0028201205809503444,0.06658572120877047,-0.3219350278377533,0.26449596881866455,0.058674514293670654,1.6911906003952026,-0.887610912322998,0.5917371511459351,0.3113865554332733,0.03203132748603821,-2.211320161819458,1.142547369003296,1.3017213344573975,-1.7271997928619385
0.4551758749999989,0.0034223749999999996,133.0,2.564452793406743,1.2598839957719132,0.39264664446078074,0.008051727768966475,-0.00022875495776658372,0.0034234296520372475,0.06658951519002985,-0.3182869255542755,0.2645658552646637,0.059932708740234375,1.7046512365341187,-0.8743761777877808,0.5844030380249023,0.31974533200263977,0.01696637272834778,-2.2242591381073,1.1189377307891846,1.312646746635437,-1.7256296873092651
0.4551758749999989,0.0034223749999999996,133.0,2.569382521580223,1.264853954539977,0.39279386058423515,0.014968138343878067,-0.0004704475014820215,0.006268375483485422,0.06657853590805703,-0.31421998143196106,0.2685970664024353,0.06115451455116272,1.7313801050186157,-0.8887633085250854,0.6086686849594116,0.3238877058029175,0.012013226747512817,-2.303208112716675,1.0604619979858398,1.32090163230896,-1.7477388381958008
0.4551758749999989,0.0034223749999999996,133.0,2.558616946827188,-1.2360084688272996,0.3675635734958609,-0.013865860917839192,-0.00032290256523709147,-0.00671179250399616,0.0684443862284637,-0.05350974202156067,0.14205506443977356,-0.12747514247894287,0.33336853981018066,0.01118641346693039,-0.6715292930603027,0.2800673842430115,0.4199995994567871,-0.12859612703323364,0.6938059329986572,0.44161903858184814,-0.7564653158187866
0.4551758749999989,0.0034223749999999996,133.0,2.5540389623474846,-1.231186845702267,0.3678559466732998,-0.00748568356254788,-0.00013760437278194517,-0.0036212586257433886,0.0684163233265561,-0.05404171347618103,0.14684347808361053,-0.12433898448944092,0.3504336476325989,-0.03664383664727211,-0.6642887592315674,0.26951223611831665,0.40048301219940186,-0.19159336388111115,0.7095882892608643,0.42301109433174133,-0.7538983225822449
0.4551758749999989,0.0034223749999999996,133.0,2.5485502581706765,-1.2257298728997683,0.367826013975933,-0.006150610197436739,-0.0001092594249328537,-0.0029723549892560694,0.06840481681625837,-0.05578261613845825,0.1474706083536148,-0.12373796105384827,0.3504391014575958,-0.03614507243037224,-0.645801305770874,0.2675268054008484,0.3971640467643738,-0.18122680485248566,0.7151551246643066,0.38754454255104065,-0.7505825161933899
0.4551758749999989,0.0034223749999999996,133.0,2.5423455031591473,-1.2196527763705542,0.36782724158441993,-0.005562777641659205,-9.77740300944002e-5,-0.0026860465757375693,0.06840095221773415,-0.056046873331069946,0.14601454138755798,-0.12343645095825195,0.3452224135398865,-0.03667587786912918,-0.6318972110748291,0.26926088333129883,0.39612334966659546,-0.16635067760944366,0.7159395217895508,0.37483546137809753,-0.744319498538971
0.4551758749999989,0.0034223749999999996,133.0,2.535183809745744,-1.2126404960214399,0.36777935128812816,-0.005221752289418035,-9.578038056777163e-5,-0.002519563578263009,0.06839331868054356,-0.057304710149765015,0.14545099437236786,-0.12357410788536072,0.3411644995212555,-0.0311204195022583,-0.6112587451934814,0.27114421129226685,0.39572829008102417,-0.1402060091495514,0.7167322635650635,0.3424277603626251,-0.7398679256439209
0.4551758749999989,0.0034223749999999996,133.0,2.526443825261491,-1.2064506570908686,0.36520386060672966,-0.004980732314334076,-0.00014428467924439795,-0.0024008246863362094,0.06846773987341674,-0.057395219802856445,0.14381825923919678,-0.12338772416114807,0.33732670545578003,-0.025030434131622314,-0.6015520095825195,0.2766532897949219,0.395198255777359,-0.11646610498428345,0.7120256423950195,0.32442936301231384,-0.7355108857154846
0.4551758749999989,0.0034223749999999996,133.0,2.51768161751184,-1.1980130223802288,0.36517718296895496,-0.004783572968066124,-0.00014445948386205033,-0.0023058458222893264,0.06846363066907932,-0.05846291780471802,0.14121732115745544,-0.12247416377067566,0.32699987292289734,-0.017643801867961884,-0.5729739665985107,0.28074654936790466,0.39917314052581787,-0.08277016133069992,0.7132561206817627,0.3019988238811493,-0.7291675806045532
0.4551758749999989,0.0034223749999999996,133.0,2.5081222350785914,-1.188612184522332,0.3650654472398457,-0.0046362273973208174,-0.00014275817461690377,-0.0022311622328085048,0.06846020808273262,-0.05894795060157776,0.14038434624671936,-0.12319052219390869,0.3229403495788574,-0.014054597355425358,-0.5553107261657715,0.28504714369773865,0.39848417043685913,-0.05730665847659111,0.7094171047210693,0.27821704745292664,-0.7244113683700562
0.4551758749999989,0.0034223749999999996,133.0,2.497674604731611,-1.178341668343465,0.3650043505648147,-0.004504981405003506,-0.00014256545169672675,-0.0021632403538648913,0.06845459339517022,-0.06020236015319824,0.13902616500854492,-0.12327525019645691,0.3161804974079132,-0.005593830719590187,-0.526716947555542,0.2906871438026428,0.4007250666618347,-0.019710512831807137,0.7065095901489258,0.24445116519927979,-0.7198871970176697
0.4551758749999989,0.0034223749999999996,133.0,2.4864520305728686,-1.1673818264461986,0.36504058470016315,-0.004371955196123947,-0.00014478193130987467,-0.0020983137990552786,0.06845159536740487,-0.06054598093032837,0.13574521243572235,-0.12227797508239746,0.304053395986557,0.00015832530334591866,-0.49567317962646484,0.2967512309551239,0.406118243932724,0.015448298305273056,0.7035555839538574,0.22967547178268433,-0.7131440043449402
0.4551758749999989,0.0034223749999999996,133.0,2.4744503581532986,-1.1554652103840557,0.36501485428738206,-0.0042493403350638975,-0.00014407847488863196,-0.0020364940925576332,0.06845010530300838,-0.06024309992790222,0.13460563123226166,-0.12313362956047058,0.299280047416687,-0.00025664281565696,-0.47971367835998535,0.3017328083515167,0.405534029006958,0.03697101026773453,0.6969366073608398,0.21632835268974304,-0.7077650427818298
0.4551758749999989,0.0034223749999999996,133.0,2.461637235562705,-1.1426951619754235,0.3648912470864688,-0.004125591024077169,-0.0001405781718742374,-0.0019704317134446596,0.06844960621823755,-0.05983012914657593,0.13339073956012726,-0.12437823414802551,0.2952342629432678,0.0014241462340578437,-0.4639861583709717,0.3082887530326843,0.4037708640098572,0.06403830647468567,0.6877362728118896,0.1984831988811493,-0.7019270062446594
0.4551758749999989,0.0034223749999999996,133.0,2.4480831922540887,-1.129033308204616,0.3647750040065567,-0.0040175164009350174,-0.0001357049146313496,-0.001916099982638537,0.06845170150645048,-0.05818229913711548,0.133113294839859,-0.126529723405838,0.29524341225624084,-0.007108102552592754,-0.466860294342041,0.30985191464424133,0.39711612462997437,0.07023581117391586,0.6786408424377441,0.19872324168682098,-0.6952313184738159
0.4551758749999989,0.0034223749999999996,133.0,2.4336745264480566,-1.1145224679353032,0.36464022287575126,-0.0038802654173782907,-0.00012919235237721641,-0.0018479391520585945,0.06845350706316335,-0.05666723847389221,0.1328900158405304,-0.12812694907188416,0.2950558662414551,-0.016967881470918655,-0.47093868255615234,0.31055381894111633,0.391634076833725,0.06903855502605438,0.6730456352233887,0.20712308585643768,-0.6895222663879395
0.4551758749999989,0.0034223749999999996,133.0,2.418327523119793,-1.0991494435347946,0.36450349374772945,-0.0037050806188250636,-0.00012584388125396763,-0.0017661317413344474,0.06845157286961477,-0.05704757571220398,0.1333470493555069,-0.12947392463684082,0.29495400190353394,-0.01836579665541649,-0.46347594261169434,0.31443384289741516,0.3895062208175659,0.07893290370702744,0.6705548763275146,0.19863219559192657,-0.6872904896736145
0.4551758749999989,0.0034223749999999996,133.0,2.4021095162276254,-1.0829225038682806,0.36440239341637465,-0.003542770933664157,-0.00011949263261637,-0.0016870265271996935,0.0684486154638942,-0.05751052498817444,0.13465462625026703,-0.13115721940994263,0.29760104417800903,-0.021114520728588104,-0.46403050422668457,0.31600522994995117,0.3854432702064514,0.0809684544801712,0.6704671382904053,0.194986954331398,-0.6858692169189453
0.4551758749999989,0.0034223749999999996,133.0,2.3850545283553193,-1.0659386214641808,0.36436483161571587,-0.00335676216123651,-0.00011487961723238025,-0.001599776756139084,0.06844533287136347,-0.058529794216156006,0.1351466327905655,-0.13175079226493835,0.2964766025543213,-0.02173987403512001,-0.45397162437438965,0.3207341730594635,0.3860911726951599,0.08391395211219788,0.6734325885772705,0.19485852122306824,-0.685431957244873
0.4551758749999989,0.0034223749999999996,133.0,2.3672150530250105,-1.0480066618577484,0.3642710132996102,-0.0031806392548083826,-0.00010650259190381781,-0.0015167398505888288,0.06844380572739091,-0.05846819281578064,0.13605058193206787,-0.13264673948287964,0.2983919382095337,-0.029657255858182907,-0.46287059783935547,0.321621835231781,0.382977694272995,0.062828928232193,0.6791071891784668,0.2187596559524536,-0.6842785477638245
0.4551758749999989,0.0034223749999999996,133.0,2.3484184003191886,-1.0291916922510915,0.3641761222030071,-0.002998022967642885,-0.00010146175050984761,-0.001429480054119419,0.06843709633244624,-0.06022322177886963,0.13781870901584625,-0.13433000445365906,0.3009724020957947,-0.02757846564054489,-0.45605897903442383,0.326759397983551,0.3809373676776886,0.06970760971307755,0.6818277835845947,0.20705412328243256,-0.6848537921905518
0.4551758749999989,0.0034223749999999996,133.0,2.328853690281315,-1.0096797822039976,0.3640901737997342,-0.002834104993660215,-9.83388265458196e-5,-0.0013524680361008115,0.06843318470893385,-0.061198681592941284,0.1382448375225067,-0.1352730393409729,0.29970642924308777,-0.027906466275453568,-0.44596242904663086,0.3325110375881195,0.38086530566215515,0.07471361756324768,0.6841988563537598,0.205865740776062,-0.6835532784461975
0.4551758749999989,0.0034223749999999996,133.0,2.308486897573771,-0.9892504515594857,0.36398723225963836,-0.002619243315872077,-9.064955680458437e-5,-0.0012511640971132065,0.06842964742497594,-0.062026649713516235,0.13967379927635193,-0.13661059737205505,0.3022640645503998,-0.03160689398646355,-0.4476349353790283,0.33563679456710815,0.37773245573043823,0.06550256907939911,0.6890578269958496,0.21367208659648895,-0.6830152869224548
0.4551758749999989,0.0034223749999999996,133.0,2.2872405622021064,-0.968409253328674,0.3640630769636479,-0.0024056428775743773,-8.720851681183357e-5,-0.0011505692230083595,0.06842664404071802,-0.06324297189712524,0.1358392983675003,-0.13515561819076538,0.28797996044158936,-0.022686824202537537,-0.4146614074707031,0.3425680696964264,0.38791483640670776,0.09549406170845032,0.692673921585083,0.21728095412254333,-0.6789442300796509
0.4551758749999989,0.0034223749999999996,133.0,2.265161840100615,-0.9463020218661756,0.363936845030531,-0.0022036843308864073,-7.89111767048778e-5,-0.001053761312411332,0.06842220269541446,-0.06441819667816162,0.13746415078639984,-0.13672518730163574,0.29065170884132385,-0.026359129697084427,-0.4153423309326172,0.347484290599823,0.3854273557662964,0.0850391834974289,0.6983277797698975,0.22589033842086792,-0.6791893839836121
0.4551758749999989,0.0034223749999999996,133.0,2.2421857588967815,-0.9233081542870577,0.3637743830418548,-0.00200240919520032,-7.21306422526519e-5,-0.0009569573161654859,0.06841541598557423,-0.06648170948028564,0.13983193039894104,-0.1388566493988037,0.2946118116378784,-0.026469819247722626,-0.4110708236694336,0.3547084629535675,0.38291656970977783,0.08394017815589905,0.7032837867736816,0.22044572234153748,-0.6807034611701965
0.4551758749999989,0.0034223749999999996,133.0,2.2183325145657222,-0.8993328824493566,0.3635109493371692,-0.0018413145798222873,-6.617504002982094e-5,-0.0008789651238659856,0.06840718713095682,-0.06904414296150208,0.14428642392158508,-0.1422973871231079,0.3048548102378845,-0.02721567079424858,-0.4146766662597656,0.36072343587875366,0.37530311942100525,0.07929042726755142,0.707829475402832,0.20429876446723938,-0.6833878755569458
0.4551758749999989,0.0034223749999999996,133.0,2.193758025726649,-0.8746777840952918,0.36337165697976165,-0.001643259861559543,-5.818293912072283e-5,-0.0007854479984923152,0.06840199070905993,-0.07054382562637329,0.14679011702537537,-0.14399850368499756,0.309658408164978,-0.03174446150660515,-0.41826391220092773,0.36409321427345276,0.37142306566238403,0.06033134087920189,0.7160353660583496,0.21535277366638184,-0.6843813061714172
0.4551758749999989,0.0034223749999999996,133.0,2.168294333283293,-0.8493216790516667,0.36336669350855766,-0.0014596029101620034,-5.415538637894132e-5,-0.0006997355343992611,0.06839527214195623,-0.07224482297897339,0.14681129157543182,-0.14482873678207397,0.3060624301433563,-0.030240099877119064,-0.40408921241760254,0.3712819814682007,0.3737439513206482,0.06605470180511475,0.7223000526428223,0.22069159150123596,-0.6831703782081604
0.4551758749999989,0.0034223749999999996,133.0,2.1420524639994363,-0.8232867037942014,0.3633173205149766,-0.0012785799809077992,-4.866890363381649e-5,-0.0006133019403842574,0.06839123205426519,-0.07361960411071777,0.1454944610595703,-0.1453312635421753,0.2988007664680481,-0.027320150285959244,-0.38475513458251953,0.37971067428588867,0.3782516419887543,0.08130677044391632,0.7270903587341309,0.22683405876159668,-0.6804613471031189
0.4551758749999989,0.0034223749999999996,133.0,2.1150015090882204,-0.7963029227096013,0.3632002547456285,-0.0011285255445205508,-4.386093477386124e-5,-0.0005415148136535972,0.06838696535530173,-0.07457888126373291,0.14562515914440155,-0.14685964584350586,0.29593828320503235,-0.02831142395734787,-0.3719949722290039,0.38677459955215454,0.37783777713775635,0.09209034591913223,0.7292795181274414,0.22599193453788757,-0.677203893661499
0.4551758749999989,0.0034223749999999996,133.0,2.087187815359789,-0.7685270615268206,0.36307870692016886,-0.0009947756707611463,-3.908481511937244e-5,-0.00047760059504676827,0.06838509388299377,-0.07466444373130798,0.14532576501369476,-0.1482657492160797,0.2925109267234802,-0.033042602241039276,-0.3638284206390381,0.3917939364910126,0.37647879123687744,0.09587246179580688,0.730670690536499,0.2341194748878479,-0.6724245548248291
0.4551758749999989,0.0034223749999999996,133.0,2.0584271571914563,-0.7399330593701764,0.36293987894473584,-0.0008214114053962254,-3.2495672987138076e-5,-0.00039351195409653174,0.06838058632035825,-0.07623401284217834,0.14494934678077698,-0.14988857507705688,0.28803354501724243,-0.02997540310025215,-0.3453497886657715,0.4006330072879791,0.3779580593109131,0.12161058187484741,0.732494592666626,0.2261592447757721,-0.6694269180297852
0.4551758749999989,0.0034223749999999996,133.0,2.0288394219345873,-0.7105586681584902,0.36284625870238213,-0.0006895930493148366,-2.817139671161605e-5,-0.00033027713137183574,0.06837661109978589,-0.07773229479789734,0.14389769732952118,-0.15094095468521118,0.2809453010559082,-0.026758655905723572,-0.32395339012145996,0.4110995829105377,0.38238778710365295,0.1449650675058365,0.735720157623291,0.22656288743019104,-0.6667929887771606
0.4551758749999989,0.0034223749999999996,133.0,1.9984034936216624,-0.6802302868298896,0.362714512016583,-0.0005176201203859905,-2.1769389610281508e-5,-0.0002481661855281259,0.06837061448693355,-0.07954475283622742,0.14445196092128754,-0.1524582803249359,0.2785723805427551,-0.025989815592765808,-0.31033873558044434,0.42022770643234253,0.3832893967628479,0.15296797454357147,0.7417407035827637,0.22897621989250183,-0.6653725504875183
0.4551758749999989,0.0034223749999999996,133.0,1.9671704199996178,-0.648890111048007,0.3625351553159912,-0.00032521310436508887,-1.3338144562540256e-5,-0.0001558930153244718,0.06836378828255416,-0.08113929629325867,0.1473405361175537,-0.15485623478889465,0.2842174172401428,-0.03040594980120659,-0.31272339820861816,0.42321494221687317,0.375912606716156,0.1383807212114334,0.749854326248169,0.23199138045310974,-0.6636866331100464
0.4551758749999989,0.0034223749999999996,133.0,1.9350656672006243,-0.6167654855971676,0.3623729693250355,-0.00015200038120877587,-6.318013453669026e-6,-7.301994425137124e-5,0.06835561026812924,-0.08321720361709595,0.14955486357212067,-0.1569000780582428,0.28704676032066345,-0.030786052346229553,-0.3075850009918213,0.42906275391578674,0.371756374835968,0.13251179456710815,0.7585468292236328,0.2330952286720276,-0.6624166965484619
0.4551758749999989,0.0034223749999999996,133.0,1.9021122844001812,-0.5841308528804976,0.3622964769545344,1.6851239050060212e-5,7.485198492264363e-7,8.132355286117755e-6,0.06834968565194474,-0.0853167474269867,0.1476808786392212,-0.15731772780418396,0.2772664725780487,-0.023977860808372498,-0.28524208068847656,0.44137752056121826,0.3794364929199219,0.14770027995109558,0.7677624225616455,0.24914121627807617,-0.6603943705558777
0.4551758749999989,0.0034223749999999996,133.0,1.8683212003328686,-0.5504538990979071,0.36215413954466913,0.00018616994757793948,8.460163990016039e-6,8.992099469895982e-5,0.06834242519456765,-0.08756083250045776,0.14844384789466858,-0.15912160277366638,0.27516478300094604,-0.022143565118312836,-0.2709791660308838,0.45239052176475525,0.3801631033420563,0.1554902344942093,0.7754099369049072,0.25135916471481323,-0.6590816378593445
0.4551758749999989,0.0034223749999999996,133.0,1.8336522834409787,-0.515734506929965,0.3619007525241968,0.00036971701071525907,1.678914296150215e-5,0.0001784800159019912,0.06833204813188547,-0.09042802453041077,0.15190830826759338,-0.16235914826393127,0.28175899386405945,-0.02249940112233162,-0.2670106887817383,0.4604615569114685,0.3733610510826111,0.1538630574941635,0.7836177349090576,0.24079853296279907,-0.6589306592941284
0.4551758749999989,0.0034223749999999996,133.0,1.7981664366095709,-0.48038234733595625,0.3617463628058839,0.0005140974534148374,2.3856752813888697e-5,0.00024838904825801706,0.06832405062087753,-0.093038409948349,0.15290622413158417,-0.16427862644195557,0.28006288409233093,-0.02042555809020996,-0.252840518951416,0.47246459126472473,0.37438637018203735,0.15978005528450012,0.7928726673126221,0.24409770965576172,-0.6583361625671387
0.4551758749999989,0.0034223749999999996,133.0,1.7618612971308796,-0.4442084531880046,0.3615882675172869,0.0006769526773723987,3.2153419564849885e-5,0.00032735149085113386,0.06831623748474812,-0.09550681710243225,0.15376469492912292,-0.1662464141845703,0.27807295322418213,-0.0187285915017128,-0.23828411102294922,0.48477011919021606,0.3751670718193054,0.16739843785762787,0.8014702796936035,0.24653813242912292,-0.6571928262710571
0.4551758749999989,0.0034223749999999996,133.0,1.7247493823072992,-0.407214882025659,0.3614389563202259,0.0008504334811375245,4.1450477199067084e-5,0.0004115817721744026,0.06830895643766353,-0.09764611721038818,0.15437039732933044,-0.16826221346855164,0.27553310990333557,-0.017807308584451675,-0.22335171699523926,0.4972156882286072,0.37559664249420166,0.17809100449085236,0.8085708618164062,0.24747800827026367,-0.6551293134689331
0.4551758749999989,0.0034223749999999996,133.0,1.6868443508641677,-0.3694218799799413,0.36127216312563376,0.0010474004601357726,5.28588930526512e-5,0.0005075533087229227,0.06830282838777281,-0.099334716796875,0.15459175407886505,-0.17039620876312256,0.27235937118530273,-0.01874031126499176,-0.20861601829528809,0.5101419687271118,0.37585756182670593,0.19182342290878296,0.8136165142059326,0.2482423186302185,-0.6522436141967773
0.4551758749999989,0.0034223749999999996,133.0,1.648119476308233,-0.33079712520359317,0.3611335703500321,0.0012344808883899938,6.42095915373786e-5,0.0005986271304078868,0.06829719925387571,-0.10075914859771729,0.1546076536178589,-0.17259064316749573,0.26875877380371094,-0.02077426016330719,-0.19392681121826172,0.523533046245575,0.37617063522338867,0.20774142444133759,0.817420244216919,0.2485121786594391,-0.648970365524292
0.4551758749999989,0.0034223749999999996,133.0,1.6084872291140282,-0.2915963436345779,0.36100703590056626,0.0013556793794568367,7.490839312710062e-5,0.0006580080381139508,0.06829384231949612,-0.10296005010604858,0.1517135202884674,-0.17401880025863647,0.25589215755462646,-0.013837311416864395,-0.16628551483154297,0.546613335609436,0.3876519799232483,0.2505429983139038,0.8224029541015625,0.2589353919029236,-0.6476165652275085
0.4551758749999989,0.0034223749999999996,133.0,1.568057766438333,-0.2513005332885895,0.36084659075554426,0.0015109162012059924,8.595825397259203e-5,0.0007340565260430594,0.06828704034725477,-0.10504961013793945,0.15204215049743652,-0.17606833577156067,0.2532501220703125,-0.012977409176528454,-0.15241646766662598,0.5622748732566833,0.3886856138706207,0.26296600699424744,0.8290810585021973,0.2612338364124298,-0.646054744720459
0.4551758749999989,0.0034223749999999996,133.0,1.5267004275331653,-0.20977569959262854,0.3605112685181681,0.0016622754066862677,9.560600662040913e-5,0.000808286759034318,0.06827228726139697,-0.10824412107467651,0.1572711169719696,-0.18003472685813904,0.26672154664993286,-0.013891768641769886,-0.15531206130981445,0.5688387751579285,0.3737548589706421,0.2541311979293823,0.8378863334655762,0.2357746660709381,-0.6446402072906494
0.4551758749999989,0.0034223749999999996,133.0,1.4853387948109844,-0.16648295194837,0.3628968930647036,0.0018049099482516954,9.332322396193607e-5,0.0008827863643826499,0.06818880860477299,-0.10911139845848083,0.15498246252536774,-0.1804126799106598,0.2535077929496765,-0.015725724399089813,-0.13309311866760254,0.58145672082901,0.38170844316482544,0.25534701347351074,0.8482236862182617,0.26541867852211,-0.6394427418708801
0.4551758749999989,0.0034223749999999996,133.0,1.4422607318128862,-0.12347504191525513,0.362631272389166,0.001902738792743825,0.00010597977551378014,0.0009335207800215007,0.06817389699828647,-0.11331319808959961,0.15819187462329865,-0.18395233154296875,0.25803300738334656,-0.01133790984749794,-0.11920428276062012,0.5990652441978455,0.37746238708496094,0.2713959217071533,0.8609323501586914,0.24426192045211792,-0.6397693157196045
0.4551758749999989,0.0034223749999999996,133.0,1.3981599987916764,-0.08016729983843836,0.3626322239999322,0.0018772292737529218,0.00011165733203667479,0.0009257043712036019,0.06816207259548995,-0.1191486120223999,0.14969545602798462,-0.1831081509590149,0.22349043190479279,0.01745009794831276,-0.0720512866973877,0.6467319130897522,0.417189359664917,0.33553722500801086,0.8876080513000488,0.3098483383655548,-0.6451349258422852
0.4551758749999989,0.0034223749999999996,133.0,1.3519901586510532,-0.03462464751039121,0.35980574628489254,0.0017572130551091907,6.783078596036024e-5,0.0008744366586932931,0.06815265743513983,-0.14175108075141907,0.1978946179151535,-0.19022199511528015,0.3429187834262848,0.041119132190942764,-0.12760066986083984,0.4316248893737793,0.3769049346446991,-0.20496730506420135,1.1067886352539062,0.16476255655288696,-0.7242422699928284
0.4551758749999989,0.0034223749999999996,133.0,1.3045205819639567,0.01465597088753059,0.36006740553638306,0.0001035192339872011,-2.3013989173045684e-6,5.279793174402048e-5,0.06798268724092948,-0.1884748935699463,0.27517956495285034,-0.1769540011882782,0.4192334711551666,0.0030107381753623486,0.005293607711791992,-0.08155296742916107,0.5832447409629822,-1.4277935028076172,1.5763390064239502,0.0899638757109642,-1.0054881572723389
0.4551758749999989,0.0034223749999999996,133.0,1.346577757163393,0.05162410923033632,0.3626352426357562,-0.001711880194013136,-0.00010041053935901085,-0.0009080171296877274,0.06752808304161763,-0.21451476216316223,0.12369383871555328,-0.18163275718688965,0.6079134941101074,-0.17981265485286713,0.15181565284729004,0.8740003705024719,-0.04723864793777466,-0.6297029256820679,1.4865150451660156,0.03557925671339035,-0.5604057312011719
0.4551758749999989,0.0034223749999999996,133.0,1.3864873747782194,0.09867114404788956,0.3659742260362019,-0.0019256251410486981,5.047739577910107e-7,-0.0010278996122273292,0.06712934768123263,-0.276354044675827,0.15662851929664612,-0.12709635496139526,0.875019907951355,-0.3873867690563202,0.4090869426727295,0.4981466829776764,0.067181795835495,-1.4640347957611084,1.882068157196045,0.31950414180755615,-0.9407752752304077
0.4551758749999989,0.0034223749999999996,133.0,1.4269452494806112,0.14451257911359935,0.3695234523832721,-0.0019349084161949315,6.296476018597876e-5,-0.0010059806284747031,0.06690949784210774,-0.32587358355522156,0.1882816106081009,-0.06692349910736084,1.1133208274841309,-0.6905508637428284,0.5208518505096436,0.1434270739555359,0.20252671837806702,-1.8393882513046265,1.9800987243652344,0.5266896486282349,-1.3149067163467407
0.4551758749999989,0.0034223749999999996,133.0,1.4689948547062048,0.18850416172477802,0.3706742512961921,-0.0018317508552253814,6.950669204639169e-5,-0.0009383298999482478,0.06685418262914065,-0.33458325266838074,0.20262238383293152,-0.05193629860877991,1.1735799312591553,-0.761890172958374,0.5384279489517212,0.1107521653175354,0.22828447818756104,-1.9192148447036743,1.954688549041748,0.5356671810150146,-1.4014259576797485
0.4551758749999989,0.0034223749999999996,133.0,1.5107270434368671,0.23103438531937381,0.37129317832665865,-0.0016792814689025788,6.837325421153507e-5,-0.0008521979378707686,0.06683475395330618,-0.335713654756546,0.21037542819976807,-0.038504838943481445,1.2304563522338867,-0.7969534993171692,0.533021092414856,0.05795012786984444,0.22704175114631653,-1.9394652843475342,1.9078288078308105,0.569401741027832,-1.4572868347167969
0.4551758749999989,0.0034223749999999996,133.0,1.5516137549249658,0.2724290033978223,0.37125109917971466,-0.0014892490859391863,5.999063462351767e-5,-0.0007549573306218158,0.0668375773077464,-0.33858105540275574,0.21389980614185333,-0.037901371717453,1.2258251905441284,-0.8271300196647644,0.548846960067749,0.06966474652290344,0.2455134391784668,-1.9581505060195923,1.9008336067199707,0.5876988172531128,-1.4713517427444458
0.4551758749999989,0.0034223749999999996,133.0,1.5919721064717496,0.31295597481369064,0.37138906091396473,-0.0014032545729703984,5.4220338825118996e-5,-0.000707476979144558,0.06683216913855598,-0.3378145396709442,0.2167815864086151,-0.035462021827697754,1.2402896881103516,-0.8282087445259094,0.5573039054870605,0.0936487466096878,0.242054283618927,-1.9697779417037964,1.8726396560668945,0.6127652525901794,-1.4826107025146484
0.4551758749999989,0.0034223749999999996,133.0,1.6315945698221432,0.35269145112211314,0.3717665574593615,-0.0012024323736815324,4.646591253956526e-5,-0.0006006496428277257,0.06681837537444511,-0.3355928361415863,0.22008618712425232,-0.028823524713516235,1.2765777111053467,-0.8257008790969849,0.5558664798736572,0.09194900095462799,0.22760170698165894,-1.975570559501648,1.8299751281738281,0.6449719071388245,-1.5046319961547852
0.4551758749999989,0.0034223749999999996,133.0,1.6701963830529198,0.391578034945667,0.37196269749363126,-0.0010473503443871142,4.002946630418615e-5,-0.000520154873535783,0.06681259895141761,-0.33567097783088684,0.22300979495048523,-0.025593072175979614,1.2910171747207642,-0.8384866714477539,0.5636378526687622,0.1005963385105133,0.22866889834403992,-1.9872621297836304,1.8032779693603516,0.671225905418396,-1.5203497409820557
0.4551758749999989,0.0034223749999999996,133.0,1.7079674254562678,0.4296266591497173,0.37215110275807567,-0.0008523658263108278,3.226290947275783e-5,-0.0004209582154908265,0.06680707683098641,-0.3357425630092621,0.22584055364131927,-0.02248060703277588,1.304990291595459,-0.8497058153152466,0.5706062316894531,0.10829523205757141,0.22906240820884705,-1.9982913732528687,1.777522087097168,0.6958651542663574,-1.5349193811416626
0.4551758749999989,0.0034223749999999996,133.0,1.74491154753697,0.46682260232590783,0.3723140608490853,-0.0006789416102589982,2.536278149123326e-5,-0.0003335984943300358,0.06680237268383371,-0.33582159876823425,0.228542760014534,-0.019359499216079712,1.3186523914337158,-0.860274076461792,0.5768522024154663,0.11537668108940125,0.22906064987182617,-2.008517265319824,1.7522854804992676,0.7197825312614441,-1.5487771034240723
0.4551758749999989,0.0034223749999999996,133.0,1.781022717123113,0.5031812653714396,0.3724804888005738,-0.0005132665429341604,1.8922407332847485e-5,-0.0002509131863919115,0.0667976489341961,-0.33591213822364807,0.231162890791893,-0.01616513729095459,1.332409143447876,-0.8706891536712646,0.5827232599258423,0.12193574011325836,0.2287600338459015,-2.0186827182769775,1.727001667022705,0.7437117695808411,-1.5624256134033203
0.4551758749999989,0.0034223749999999996,133.0,1.816301824016661,0.5386917500481567,0.3726115436561664,-0.00035306011923240697,1.2788257074803799e-5,-0.00017179000242151243,0.06679343841188766,-0.33592912554740906,0.23348857462406158,-0.013548552989959717,1.3441354036331177,-0.8771445155143738,0.5880037546157837,0.12982961535453796,0.22748345136642456,-2.025750160217285,1.7044134140014648,0.7651666402816772,-1.573045253753662
0.4551758749999989,0.0034223749999999996,133.0,1.850723959066346,0.5733757047870307,0.3727675126607711,-0.00019819005955148386,7.040200774156411e-6,-9.599356785175977e-5,0.06678714850359539,-0.3344329297542572,0.23578353226184845,-0.00746077299118042,1.3743058443069458,-0.8748654127120972,0.5783216953277588,0.11670690774917603,0.21459388732910156,-2.023242473602295,1.6689696311950684,0.7918398976325989,-1.5904242992401123
0.4551758749999989,0.0034223749999999996,133.0,1.8840097538298974,0.6072469127469601,0.37274314979323697,-5.911619532659589e-5,2.029722296376589e-6,-2.8593765664682398e-5,0.06678035342885276,-0.33926501870155334,0.2381250262260437,-0.01274120807647705,1.3445653915405273,-0.8936983346939087,0.6142773628234863,0.15599258244037628,0.23885396122932434,-2.0434699058532715,1.6872258186340332,0.7859692573547363,-1.5851576328277588
0.4551758749999989,0.0034223749999999996,133.0,1.9164365044208007,0.6403401268449265,0.3729232466695344,0.0001277718364315656,-4.369619326745947e-6,6.154976004949462e-5,0.06676605584780011,-0.342466801404953,0.24084800481796265,-0.011928468942642212,1.3458466529846191,-0.9065201282501221,0.6298743486404419,0.15798012912273407,0.24765586853027344,-2.0536487102508545,1.6846661567687988,0.7889246344566345,-1.5953550338745117
0.4551758749999989,0.0034223749999999996,133.0,1.9487284886269725,0.6705795965783895,0.3706287122842517,0.00030135281539426124,-8.894321191562867e-6,0.00014367237336559413,0.06691987280417308,-0.33668163418769836,0.24151210486888885,-0.0032945573329925537,1.3792387247085571,-0.9116948246955872,0.5944972038269043,0.1220589131116867,0.23202699422836304,-2.0311331748962402,1.6292610168457031,0.8358238935470581,-1.6131815910339355
0.4551758749999989,0.0034223749999999996,133.0,1.9795647148567777,0.7019805540246,0.37076366129837146,0.0004768671321827869,-1.4059066554350739e-5,0.00022651776623602051,0.0669127020513422,-0.3395174443721771,0.24396102130413055,-0.00246313214302063,1.3791335821151733,-0.9302143454551697,0.6119577884674072,0.1300426423549652,0.242110937833786,-2.045923948287964,1.6229887008666992,0.8462313413619995,-1.623311161994934
0.4551758749999989,0.0034223749999999996,133.0,2.009929316933919,0.7324975590648435,0.37117724092493176,0.0006855264986312556,-2.0052196792597497e-5,0.00032302938472008187,0.06689879822517991,-0.339390367269516,0.24564765393733978,-0.0017576515674591064,1.387749195098877,-0.9265277981758118,0.6245527267456055,0.15997785329818726,0.23550397157669067,-2.0623486042022705,1.6036932468414307,0.8658265471458435,-1.6255264282226562
0.4551758749999989,0.0034223749999999996,133.0,2.0394892406776766,0.7621355315675796,0.37145322528428176,0.0008348226328349287,-2.390208846227681e-5,0.0003909124860276472,0.06689235018101553,-0.3377801477909088,0.24692577123641968,0.0014055371284484863,1.4059391021728516,-0.9207104444503784,0.6239621639251709,0.17404355108737946,0.22279182076454163,-2.0682952404022217,1.575321912765503,0.8915635347366333,-1.6311439275741577
0.4551758749999989,0.0034223749999999996,133.0,2.0681936553858904,0.7909657654872612,0.3718828967202973,0.0010258832458142346,-2.996689624632243e-5,0.0004770241560317341,0.06688233083283168,-0.33681944012641907,0.2485290765762329,0.007226049900054932,1.4321621656417847,-0.9243060946464539,0.6154277324676514,0.16241435706615448,0.21180257201194763,-2.069701671600342,1.544987678527832,0.9177809953689575,-1.646435022354126
0.4551758749999989,0.0034223749999999996,133.0,2.0958590943786013,0.8189429176928132,0.37196883390415064,0.0011727184592341406,-3.444306428754355e-5,0.0005438255603518389,0.06688231037355091,-0.33879712224006653,0.250282883644104,0.007441103458404541,1.4274652004241943,-0.943699300289154,0.6315573453903198,0.1744653880596161,0.22229722142219543,-2.0817389488220215,1.5364537239074707,0.932568371295929,-1.652404546737671
0.4551758749999989,0.0034223749999999996,133.0,2.122832076975885,0.8460625480989533,0.37217779783694793,0.0013370731905231706,-3.925694451044902e-5,0.0006171329429555715,0.06687858979765636,-0.33876970410346985,0.2518380582332611,0.012342780828475952,1.446403980255127,-0.9529239535331726,0.6258909702301025,0.16171173751354218,0.21740078926086426,-2.0828847885131836,1.511869192123413,0.9543132781982422,-1.6665050983428955
0.4551758749999989,0.0034223749999999996,133.0,2.1491070422214458,0.8722673813649456,0.37218653817274755,0.0015335233114154322,-4.242217218316375e-5,0.0007058394021648142,0.06687922223303451,-0.33752045035362244,0.2527340352535248,0.01374557614326477,1.4557491540908813,-0.9475147128105164,0.6280641555786133,0.17952607572078705,0.20836085081100464,-2.088752269744873,1.4902794361114502,0.9740731716156006,-1.6669526100158691
0.4551758749999989,0.0034223749999999996,133.0,2.1744309836371265,0.8977051408340024,0.37230117779361793,0.0017333752086940216,-4.748667029873302e-5,0.000795299804133263,0.06687579820252393,-0.33729395270347595,0.25381800532341003,0.014740020036697388,1.4620413780212402,-0.9450502991676331,0.6323883533477783,0.19098761677742004,0.2036752998828888,-2.0929911136627197,1.476790189743042,0.9864166975021362,-1.6686570644378662
0.4551758749999989,0.0034223749999999996,133.0,2.198744769374241,0.9223432277176927,0.37244387697876585,0.001955588810408926,-5.4043598008471576e-5,0.000894468012966038,0.0668723392787243,-0.33877965807914734,0.2552746832370758,0.01597827672958374,1.4653973579406738,-0.9550313353538513,0.6397377252578735,0.19125723838806152,0.20718801021575928,-2.0982892513275146,1.4676151275634766,0.9961856603622437,-1.675616979598999
0.4551758749999989,0.0034223749999999996,133.0,2.222283998063581,0.9461115225307994,0.37240903466340863,0.0021196419800748045,-5.769958793461293e-5,0.0009685874393204738,0.06687256482062867,-0.3403725326061249,0.25658828020095825,0.015816032886505127,1.4619860649108887,-0.9647555351257324,0.651459813117981,0.19931381940841675,0.2134648859500885,-2.1043343544006348,1.4626080989837646,1.0039297342300415,-1.6785974502563477
0.4551758749999989,0.0034223749999999996,133.0,2.2449028509094,0.969070021017314,0.3724407624679018,0.0023288800207794556,-6.290112320403053e-5,0.001062443416888421,0.06687032899504294,-0.34224680066108704,0.2580477297306061,0.015060961246490479,1.4562692642211914,-0.9742741584777832,0.6674433946609497,0.21271322667598724,0.22054040431976318,-2.1142630577087402,1.4594476222991943,1.0097719430923462,-1.6800923347473145
0.4551758749999989,0.0034223749999999996,133.0,2.2667716746024418,0.9911723489815051,0.3723617419541995,0.0025402412894965976,-6.729291851417979e-5,0.0011586459596796758,0.06687043930731004,-0.34117695689201355,0.25893285870552063,0.018867045640945435,1.4741045236587524,-0.9728676080703735,0.6592552661895752,0.20774854719638824,0.2103487253189087,-2.115604877471924,1.4367766380310059,1.0290331840515137,-1.687788963317871
0.4551758749999989,0.0034223749999999996,133.0,2.2879236612854386,1.012440574358641,0.37251238520234436,0.002764958811862752,-7.274395149059712e-5,0.0012572265377649545,0.06686577546716913,-0.34425273537635803,0.26065632700920105,0.016639739274978638,1.458693027496338,-0.9919283390045166,0.6855628490447998,0.22529202699661255,0.22618424892425537,-2.1304824352264404,1.4400835037231445,1.0304678678512573,-1.688389539718628
0.4551758749999989,0.0034223749999999996,133.0,2.308342480991256,1.032851955079331,0.37292057532574197,0.0029939258044195116,-8.37941167783323e-5,0.0013512273472814863,0.06685728387905646,-0.34255167841911316,0.26169997453689575,0.024295896291732788,1.4944698810577393,-0.984485924243927,0.6588894128799438,0.19466137886047363,0.2074165940284729,-2.1246464252471924,1.4136426448822021,1.049608826637268,-1.7053043842315674
0.4551758749999989,0.0034223749999999996,133.0,2.3277889807769907,1.0525332853736011,0.3732399657833833,0.0031708130400452776,-8.890994006487039e-5,0.0014263445976152663,0.06685039643915333,-0.34299156069755554,0.2627989649772644,0.026330649852752686,1.50422203540802,-0.9852182865142822,0.6607716083526611,0.19805465638637543,0.20251089334487915,-2.1313652992248535,1.4004175662994385,1.0615891218185425,-1.7102234363555908
0.4551758749999989,0.0034223749999999996,133.0,2.3465346102146123,1.0712907173345911,0.37361630315875227,0.00337235326963495,-9.653069878707092e-5,0.0015086611640037007,0.06684295713437607,-0.34315261244773865,0.2637798488140106,0.030281364917755127,1.5204689502716064,-0.9891804456710815,0.6540560722351074,0.18653854727745056,0.19608989357948303,-2.132924795150757,1.3827965259552002,1.0750749111175537,-1.7200634479522705
0.4551758749999989,0.0034223749999999996,133.0,2.3640105755358984,1.0892693735930719,0.3734054200932454,0.003543401736003243,-0.00010229163626705226,0.001587852482097118,0.06684894666588838,-0.34608617424964905,0.2653143107891083,0.029293328523635864,1.5090807676315308,-1.0093897581100464,0.6720418930053711,0.18867194652557373,0.21198394894599915,-2.1413156986236572,1.3863351345062256,1.0750782489776611,-1.724691390991211
0.4551758749999989,0.0034223749999999996,133.0,2.3810679445770115,1.1063261173045358,0.3735184544191692,0.0037467749600667405,-0.00010668167715774919,0.0016744163752849916,0.06684595501505576,-0.3457507789134979,0.26604163646698,0.03109562397003174,1.5181055068969727,-1.0082780122756958,0.6718436479568481,0.19302749633789062,0.20582538843154907,-2.146174192428589,1.371816635131836,1.0869866609573364,-1.7276251316070557
0.4551758749999989,0.0034223749999999996,133.0,2.3971671701485873,1.1225794328319347,0.3736457477093746,0.003925789148826454,-0.00011247685445047314,0.0017506867018268202,0.06684342004990768,-0.3465329110622406,0.2669181525707245,0.033032745122909546,1.5236493349075317,-1.0190695524215698,0.6746519804000854,0.18872563540935516,0.2076275646686554,-2.150824546813965,1.3608665466308594,1.0966278314590454,-1.735030174255371
0.4551758749999989,0.0034223749999999996,133.0,2.412375307661378,1.1379087888292234,0.3733897882799912,0.004102067126898773,-0.00011657492061003487,0.0018286289537341606,0.06684904130583254,-0.34731319546699524,0.2676071226596832,0.032437801361083984,1.5171469449996948,-1.032345175743103,0.6881082057952881,0.20116224884986877,0.21434935927391052,-2.1593801975250244,1.353250503540039,1.1065785884857178,-1.7353883981704712
0.4551758749999989,0.0034223749999999996,133.0,2.4269220229171204,1.1524558228184771,0.37359071105081554,0.00424266430633989,-0.00012237117867456348,0.0018850383808487138,0.0668474237299991,-0.34771737456321716,0.26806333661079407,0.033687978982925415,1.5181564092636108,-1.047078013420105,0.6933516263961792,0.20226123929023743,0.21870878338813782,-2.164748191833496,1.3418617248535156,1.1213585138320923,-1.7408387660980225
0.4551758749999989,0.0034223749999999996,133.0,2.4405096791986964,1.1661770839257175,0.37365883393833,0.00436739904254076,-0.00013007437785034134,0.0019372004929081282,0.06685283291547482,-0.3488549292087555,0.26846978068351746,0.03513282537460327,1.5151060819625854,-1.0761842727661133,0.7002280950546265,0.19455896317958832,0.23192092776298523,-2.170759677886963,1.3313813209533691,1.1405085325241089,-1.7510854005813599
0.4551758749999989,0.0034223749999999996,133.0,2.453541502240349,1.179129009707028,0.3741412446017673,0.004502756837861033,-0.00013737689895785735,0.001989913584948941,0.06684952196442015,-0.3468153178691864,0.2682732343673706,0.03990933299064636,1.535860538482666,-1.0788179636001587,0.6833696365356445,0.17947858572006226,0.22176280617713928,-2.171419143676758,1.3079845905303955,1.1662427186965942,-1.7616373300552368
0.4551758749999989,0.0034223749999999996,133.0,2.465903970079382,1.1909825225519513,0.37397368185698965,0.004645409769138602,-0.0001345743554493846,0.002046015679031647,0.06685447943326255,-0.34211602807044983,0.26737910509109497,0.042395442724227905,1.5537185668945312,-1.0571658611297607,0.6668328046798706,0.19570648670196533,0.19772449135780334,-2.1713109016418457,1.2793612480163574,1.1933808326721191,-1.7554924488067627
0.4551758749999989,0.0034223749999999996,133.0,2.4774971403305326,1.2020759981138909,0.3742128630524313,0.0047930222206363764,-0.00013666282571402462,0.0020996978575680545,0.06685270562451977,-0.3374103009700775,0.2666003108024597,0.04611015319824219,1.5779372453689575,-1.0313283205032349,0.6439093351364136,0.20273374021053314,0.17056870460510254,-2.1696648597717285,1.2518589496612549,1.2172701358795166,-1.752509355545044
0.4551758749999989,0.0034223749999999996,133.0,2.488306792481529,1.212339618863007,0.3743608684110526,0.004935059612137706,-0.00013375477367433614,0.002152157660409347,0.06685233793310373,-0.3325637876987457,0.2656177580356598,0.04800191521644592,1.5960549116134644,-1.001138687133789,0.6283501386642456,0.22567269206047058,0.14260640740394592,-2.170560359954834,1.2258350849151611,1.239506721496582,-1.7426855564117432
0.4551758749999989,0.0034223749999999996,133.0,2.498130289332246,1.221863641255686,0.37453884644897234,0.005097377294585156,-0.00013158991052379226,0.0022171921602910645,0.06685221892502063,-0.32906851172447205,0.2649898827075958,0.049138545989990234,1.6076610088348389,-0.9815425872802734,0.6203224658966064,0.24573403596878052,0.1238376796245575,-2.1745450496673584,1.2058069705963135,1.2581849098205566,-1.735564947128296
0.4551758749999989,0.0034223749999999996,133.0,2.5066121378628887,1.2326730925947431,0.3775222785906341,0.005331481873655296,-0.0001560386437470373,0.00230681128578484,0.06666783969930251,-0.3309588134288788,0.26632988452911377,0.04914763569831848,1.6281945705413818,-0.9511757493019104,0.6367193460464478,0.2772340178489685,0.10293212532997131,-2.201979875564575,1.2079730033874512,1.2486722469329834,-1.7351924180984497
0.4551758749999989,0.0034223749999999996,133.0,2.5149912175893334,1.2404657978245468,0.3778842224706819,0.00558177331404837,-0.0001606135518363242,0.002403001855706415,0.066666273182755,-0.32546648383140564,0.26526522636413574,0.05294632911682129,1.6565452814102173,-0.9106650948524475,0.6053551435470581,0.2849496603012085,0.06739649176597595,-2.1962039470672607,1.1819329261779785,1.2635468244552612,-1.7278759479522705
0.4551758749999989,0.0034223749999999996,133.0,2.52227471024519,1.2474352290430542,0.3778889988835637,0.005959941526172166,-0.00016518437029354758,0.0025606311259199267,0.06666879568439169,-0.3223188817501068,0.2647336423397064,0.05404171347618103,1.6657519340515137,-0.8979017734527588,0.597495436668396,0.29738014936447144,0.05358704924583435,-2.2002272605895996,1.1629416942596436,1.278975486755371,-1.7233049869537354
0.4551758749999989,0.0034223749999999996,133.0,2.528843853950278,1.2536110536593572,0.3780940014433114,0.006593151661387098,-0.00018042917501022538,0.002822110871136664,0.0666689481900363,-0.31862547993659973,0.26422178745269775,0.05446997284889221,1.6767902374267578,-0.8749698996543884,0.5899008512496948,0.31640633940696716,0.034610629081726074,-2.206104278564453,1.1451153755187988,1.2892093658447266,-1.7153892517089844
0.4551758749999989,0.0034223749999999996,133.0,2.5345241577642628,1.258983218665573,0.37801765237539603,0.008027016412815233,-0.0002134958912381693,0.0034265144556700207,0.06667284888107587,-0.3149690330028534,0.2643158435821533,0.055714935064315796,1.6901955604553223,-0.8620746731758118,0.5826077461242676,0.3246381878852844,0.019719094038009644,-2.2188942432403564,1.121446132659912,1.2998992204666138,-1.7139389514923096
0.4551758749999989,0.0034223749999999996,133.0,2.539439865335128,1.2639382208254477,0.3781600696471293,0.014920733097318548,-0.00044138247633761707,0.006277286005151272,0.06666276638416496,-0.3108958303928375,0.26841211318969727,0.05692964792251587,1.7169063091278076,-0.876617431640625,0.6064692735671997,0.3282068371772766,0.014729857444763184,-2.2978720664978027,1.0631945133209229,1.3081891536712646,-1.7359898090362549
0.4551758749999989,0.0034223749999999996,133.0,2.5277632096628424,-1.2364481069836648,0.353506690721159,-0.013870203660226656,-0.00031021621937057567,-0.00669685257188601,0.06845072336102091,-0.05300569534301758,0.14180201292037964,-0.127162903547287,0.3327912986278534,0.009330363012850285,-0.6730344295501709,0.27960023283958435,0.41868194937705994,-0.12699772417545319,0.689741849899292,0.44018933176994324,-0.754554271697998
0.4551758749999989,0.0034223749999999996,133.0,2.523185490981385,-1.231636736776176,0.35378610169522573,-0.007487845475446666,-0.00013183221117590307,-0.003612948674433892,0.0684235706849386,-0.053549110889434814,0.14659243822097778,-0.12405622005462646,0.3497755527496338,-0.03859047591686249,-0.6656875610351562,0.26920974254608154,0.3991664946079254,-0.19003191590309143,0.7056009769439697,0.42134442925453186,-0.7519059181213379
0.4551758749999989,0.0034223749999999996,133.0,2.5177032406226787,-1.2261876043080415,0.353757154878852,-0.00615226616463043,-0.00010452257461772628,-0.0029655130156334654,0.06841261048692732,-0.05528777837753296,0.1472306102514267,-0.1234775185585022,0.3498087525367737,-0.038116004317998886,-0.6471679210662842,0.2671958804130554,0.3958640694618225,-0.1796891987323761,0.7111063003540039,0.38589391112327576,-0.748633623123169
0.4551758749999989,0.0034223749999999996,133.0,2.5114986388072236,-1.2201058571764345,0.35375744760370714,-0.005564255899628276,-9.336457196402311e-5,-0.0026798329787620524,0.0684089005195778,-0.05555364489555359,0.14577820897102356,-0.1231810450553894,0.34463000297546387,-0.038634445518255234,-0.6332097053527832,0.2688797116279602,0.39485037326812744,-0.16487079858779907,0.7118737697601318,0.37317976355552673,-0.7424355745315552
0.4551758749999989,0.0034223749999999996,133.0,2.504338581185189,-1.2130970214441057,0.35370771660864825,-0.005222658018058686,-9.218575528565203e-5,-0.0025145061984300082,0.06840180102617484,-0.056805938482284546,0.14522100985050201,-0.12333530187606812,0.3406062126159668,-0.03307986631989479,-0.6125702857971191,0.27070653438568115,0.39448556303977966,-0.13875547051429749,0.7125844955444336,0.34085309505462646,-0.7380485534667969
0.4551758749999989,0.0034223749999999996,133.0,2.495600233818234,-1.2068999252830044,0.3511339047603915,-0.004981917662209446,-0.0001399241480647904,-0.002395437868214926,0.06847628431091714,-0.056903302669525146,0.14359529316425323,-0.12315493822097778,0.33679407835006714,-0.026989664882421494,-0.602794885635376,0.27615034580230713,0.3939799964427948,-0.11508944630622864,0.7079067230224609,0.3228525221347809,-0.733741283416748
0.4551758749999989,0.0034223749999999996,133.0,2.4868403514462747,-1.1984542465800367,0.3511040069452198,-0.004784668074624082,-0.0001400000569678306,-0.0023006911772526254,0.06847244931863818,-0.05796682834625244,0.1409965604543686,-0.12225258350372314,0.32653507590293884,-0.019556377083063126,-0.5741846561431885,0.2801564633846283,0.39798280596733093,-0.08143043518066406,0.709054708480835,0.3004755675792694,-0.7274944186210632
0.4551758749999989,0.0034223749999999996,133.0,2.477281795272277,-1.1890510488702317,0.3509948164944249,-0.004637231040196849,-0.00013820894854442247,-0.0022262349101018434,0.06846921260982686,-0.05844980478286743,0.1401701718568802,-0.12298274040222168,0.322500079870224,-0.01598934829235077,-0.5564944744110107,0.28440722823143005,0.39731940627098083,-0.05601949617266655,0.7051839828491211,0.27674195170402527,-0.7227881550788879
0.4551758749999989,0.0034223749999999996,133.0,2.4668374636386314,-1.1787764899010278,0.35093406394958954,-0.00450588272410489,-0.00013781531180186824,-0.0021585215740925734,0.06846391092543869,-0.059702157974243164,0.13882224261760712,-0.12308657169342041,0.3157925605773926,-0.0075140101835131645,-0.5278935432434082,0.2899743914604187,0.39959168434143066,-0.01847875490784645,0.7022113800048828,0.24305599927902222,-0.7183477282524109
0.4551758749999989,0.0034223749999999996,133.0,2.4556148525578,-1.1678063974575956,0.35096692930122936,-0.004372787367815106,-0.00013988666379489628,-0.0020937913104611796,0.06846110467352035,-0.06004476547241211,0.1355435699224472,-0.12209752202033997,0.3037356734275818,-0.001705417176708579,-0.49682164192199707,0.2959528863430023,0.40501588582992554,0.01660466194152832,0.6992194652557373,0.22834378480911255,-0.7117063999176025
0.4551758749999989,0.0034223749999999996,133.0,2.4436114695847304,-1.1558864072570212,0.35094420293902695,-0.004250102533019921,-0.0001391384980774794,-0.0020321819115349826,0.06845970704559494,-0.05974748730659485,0.1344146728515625,-0.12296050786972046,0.29899659752845764,-0.0021381794940680265,-0.4808533191680908,0.3008851110935211,0.40446874499320984,0.03798835352063179,0.692631721496582,0.2150610387325287,-0.7063992023468018
0.4551758749999989,0.0034223749999999996,133.0,2.4307960523168552,-1.1431139256367773,0.3508264705321687,-0.004126281769962998,-0.00013555405089378953,-0.001966339591242702,0.06845925842905361,-0.059342771768569946,0.13321562111377716,-0.12421345710754395,0.2949828505516052,-0.00048634991981089115,-0.4650886058807373,0.3073763847351074,0.4027484059333801,0.0648985356092453,0.6834943294525146,0.19727280735969543,-0.7006360292434692
0.4551758749999989,0.0034223749999999996,133.0,2.4172367672954285,-1.1294498273190956,0.3507164073125283,-0.0040181802786098736,-0.0001307553767777725,-0.0019121671404255202,0.06846123211655701,-0.05771303176879883,0.1329573541879654,-0.12635990977287292,0.2950133681297302,-0.00906339567154646,-0.46794891357421875,0.3089127838611603,0.39614632725715637,0.07084453850984573,0.674541711807251,0.19754992425441742,-0.6940146088600159
0.4551758749999989,0.0034223749999999996,133.0,2.4028228067393362,-1.1149379957630692,0.35058719611355016,-0.0038809132086571993,-0.00012442305348427752,-0.0018441540791270326,0.06846291192744916,-0.056208133697509766,0.13274292647838593,-0.1279500424861908,0.2948293387889862,-0.018965650349855423,-0.4720165729522705,0.3095764219760895,0.3906984031200409,0.06946584582328796,0.6690568923950195,0.2059621661901474,-0.6883429884910583
0.4551758749999989,0.0034223749999999996,133.0,2.38747681989048,-1.099566318942339,0.3504548959023888,-0.0037056714746340003,-0.00012118715806860744,-0.001762559461679072,0.06846109301412269,-0.056603074073791504,0.1332188844680786,-0.1293031871318817,0.2947629690170288,-0.020382501184940338,-0.4646153450012207,0.3134441375732422,0.38862472772598267,0.07914392650127411,0.6666474342346191,0.19759853184223175,-0.6862011551856995
0.4551758749999989,0.0034223749999999996,133.0,2.371260033671157,-1.08334350585483,0.3503595532751467,-0.003543327406062911,-0.00011500770962421402,-0.0016836019621165252,0.068458224400049,-0.05706092715263367,0.13453075289726257,-0.1309945285320282,0.2974008023738861,-0.023190956562757492,-0.4651942253112793,0.3149753212928772,0.3845710754394531,0.0811145231127739,0.6665658950805664,0.19396357238292694,-0.6847789883613586
0.4551758749999989,0.0034223749999999996,133.0,2.3542080173131112,-1.0663611100238182,0.35032377607615783,-0.0033572747940613756,-0.00011056744483460448,-0.0015965222695998108,0.06845514395605996,-0.058082789182662964,0.13502654433250427,-0.13159328699111938,0.2962937653064728,-0.023824002593755722,-0.45520639419555664,0.3196827471256256,0.38525378704071045,0.08393896371126175,0.6695561408996582,0.1939547210931778,-0.6843940019607544
0.4551758749999989,0.0034223749999999996,133.0,2.3363682815902793,-1.0484312075744537,0.350232853798219,-0.003181163020444601,-0.00010249864470201438,-0.0015135715754336834,0.06845359198740739,-0.05802047252655029,0.13592344522476196,-0.13248085975646973,0.29819121956825256,-0.031785253435373306,-0.46413183212280273,0.32055366039276123,0.38216692209243774,0.06272519379854202,0.6752851009368896,0.2179328352212906,-0.6832494139671326
0.4551758749999989,0.0034223749999999996,133.0,2.3175772866337403,-1.0296217213571022,0.3501434976492534,-0.0029984987278835577,-9.758947405702003e-5,-0.0014264839237709305,0.06844713258293934,-0.05979323387145996,0.13771404325962067,-0.13417410850524902,0.3007974624633789,-0.02971247211098671,-0.45740485191345215,0.32569649815559387,0.3801923990249634,0.06937951594591141,0.6780917644500732,0.20641128718852997,-0.6839166283607483
0.4551758749999989,0.0034223749999999996,133.0,2.2980153369810536,-1.0101110191060205,0.3500604559935939,-0.002834543194211533,-9.460481906644618e-5,-0.0013496305802487639,0.06844342030332531,-0.06077250838279724,0.13814614713191986,-0.1351211667060852,0.29954978823661804,-0.03006022423505783,-0.44736170768737793,0.3314172327518463,0.3801606297492981,0.07423695921897888,0.680499792098999,0.20534351468086243,-0.6826749444007874
0.4551758749999989,0.0034223749999999996,133.0,2.2776511310636725,-0.9896856915758985,0.3499619057343054,-0.0026196551013960125,-8.719981722500601e-5,-0.0012485034992627004,0.06844001015237608,-0.06160667538642883,0.13958151638507843,-0.13645794987678528,0.30211159586906433,-0.0337904691696167,-0.4490799903869629,0.3345174491405487,0.37707003951072693,0.06485006213188171,0.685417652130127,0.213265061378479,-0.6821832656860352
0.4551758749999989,0.0034223749999999996,133.0,2.2564075418999305,-0.9688326376824652,0.3500326718150684,-0.0024060150041974233,-8.390130212623375e-5,-0.0011481192259827184,0.06843723905013023,-0.06282481551170349,0.13574321568012238,-0.13500529527664185,0.28789567947387695,-0.024791788309812546,-0.4161229133605957,0.3414074182510376,0.3872884511947632,0.0947784036397934,0.6890368461608887,0.21698790788650513,-0.6782175302505493
0.4551758749999989,0.0034223749999999996,133.0,2.234332629709324,-0.9467300489942634,0.34991159357331414,-0.002204033393130439,-7.587036704156293e-5,-0.001051472381407422,0.06843294844577821,-0.06400614976882935,0.1373748481273651,-0.1365756094455719,0.2905711829662323,-0.02849273756146431,-0.41686296463012695,0.346298485994339,0.3848457634449005,0.08414396643638611,0.6947479248046875,0.22572943568229675,-0.6785111427307129
0.4551758749999989,0.0034223749999999996,133.0,2.2113632672038825,-0.9237433752559563,0.3497561003740925,-0.002002718972338309,-6.931003060951046e-5,-0.0009548546370583286,0.06842644479875055,-0.0660732090473175,0.13975539803504944,-0.13871800899505615,0.29453325271606445,-0.028638698160648346,-0.41266942024230957,0.3534969687461853,0.38237589597702026,0.08289635181427002,0.6997261047363281,0.22040942311286926,-0.6800678968429565
0.4551758749999989,0.0034223749999999996,133.0,2.1875187094574033,-0.8997819345656706,0.34950402806560055,-0.0018415867915041494,-6.353387466756852e-5,-0.0008770135180979793,0.06841854682864654,-0.0686396062374115,0.14423301815986633,-0.14217603206634521,0.3047688901424408,-0.02945181354880333,-0.41637253761291504,0.35947275161743164,0.37479767203330994,0.07807810604572296,0.7042849063873291,0.2043541818857193,-0.6827795505523682
0.4551758749999989,0.0034223749999999996,133.0,2.162949328310076,-0.8751341115207022,0.3493702968684742,-0.0016435115495446904,-5.584027614618299e-5,-0.0007836630243916253,0.06841353458400751,-0.07014402747154236,0.14674514532089233,-0.14387816190719604,0.309579074382782,-0.034004777669906616,-0.4200284481048584,0.36280307173728943,0.3709563612937927,0.05890601873397827,0.712529182434082,0.21555060148239136,-0.683817982673645
0.4551758749999989,0.0034223749999999996,133.0,2.1374906187169174,-0.8497778198012346,0.3493676353161756,-0.0014598263717590647,-5.202776301782756e-5,-0.0006981360200841757,0.06840707289240391,-0.07184821367263794,0.14677174389362335,-0.1447124481201172,0.30601727962493896,-0.03249942138791084,-0.40592288970947266,0.3699609935283661,0.37331622838974,0.06447630375623703,0.7188088893890381,0.22102954983711243,-0.6826807856559753
0.4551758749999989,0.0034223749999999996,133.0,2.1112524250169007,-0.8237385369496315,0.3493196760714511,-0.0012787766901320417,-4.6745665059923576e-5,-0.0006118864318965517,0.06840325157693103,-0.07322794198989868,0.1454596221446991,-0.14521753787994385,0.29880088567733765,-0.029572367668151855,-0.3866443634033203,0.3783646523952484,0.3778632879257202,0.07958511263132095,0.7236225605010986,0.22730794548988342,-0.6800567507743835
0.4551758749999989,0.0034223749999999996,133.0,2.0842040124261505,-0.7967549331318609,0.3492075234899084,-0.001128696847398884,-4.212042169063878e-5,-0.0005402593904242632,0.06839918763576523,-0.0741938054561615,0.14560233056545258,-0.1467496156692505,0.2959720194339752,-0.03059897944331169,-0.37395334243774414,0.3853917419910431,0.3774878680706024,0.09017005562782288,0.72585129737854,0.22658327221870422,-0.6768714785575867
0.4551758749999989,0.0034223749999999996,133.0,2.0563899443770857,-0.7689777721283299,0.34909056420305107,-0.0009949288289978048,-3.753280593256878e-5,-0.00047648573329122935,0.06839740674420348,-0.07428872585296631,0.1453130543231964,-0.14815202355384827,0.29257825016975403,-0.0353659950196743,-0.3658411502838135,0.3903767466545105,0.3761722147464752,0.09371200203895569,0.7273101806640625,0.23484498262405396,-0.6721692085266113
0.4551758749999989,0.0034223749999999996,133.0,2.0276337518437124,-0.7403826592236521,0.34895715184142906,-0.0008215353469440713,-3.1158940942014865e-5,-0.00039258546563173443,0.0683931423129872,-0.07586583495140076,0.14495356380939484,-0.1497853696346283,0.28814753890037537,-0.032317180186510086,-0.34743595123291016,0.39919114112854004,0.37768036127090454,0.11930554360151291,0.7291607856750488,0.226968914270401,-0.6692476272583008
0.4551758749999989,0.0034223749999999996,133.0,1.9980501186106165,-0.7110050352382202,0.34886673851715866,-0.0006896961511684877,-2.700423960706214e-5,-0.0003294947709342629,0.06838941659790918,-0.07737073302268982,0.1439116895198822,-0.15084445476531982,0.28110796213150024,-0.02910693734884262,-0.3261299133300781,0.4096454381942749,0.382143497467041,0.1425175815820694,0.7324118614196777,0.22750279307365417,-0.6666961312294006
0.4551758749999989,0.0034223749999999996,133.0,1.9676196484433037,-0.6806781507841754,0.3487396180060144,-0.0005176973410610933,-2.087164226991798e-5,-0.0002475722080706937,0.06838371808361969,-0.0791890025138855,0.14447718858718872,-0.15236768126487732,0.2787759304046631,-0.028353426605463028,-0.31261348724365234,0.41874757409095764,0.3830750286579132,0.1503312587738037,0.7384529113769531,0.23005899786949158,-0.6653466820716858
0.4551758749999989,0.0034223749999999996,133.0,1.9363918930301105,-0.6493462655158656,0.34856823219303157,-0.0003252628197409981,-1.2775162372433535e-5,-0.00015550978371181223,0.06837713486641361,-0.08079054951667786,0.14738430082798004,-0.15476718544960022,0.28445473313331604,-0.03280513361096382,-0.3150796890258789,0.4216664731502533,0.3757198452949524,0.1354585587978363,0.7465901374816895,0.23318269848823547,-0.6637154817581177
0.4551758749999989,0.0034223749999999996,133.0,1.9042938366946593,-0.6172279705205064,0.3484125542813662,-0.00015202380324749162,-6.052183919996257e-6,-7.283742372153886e-5,0.06836928108806362,-0.08287268877029419,0.14961445331573486,-0.1568152904510498,0.2873278856277466,-0.03320562466979027,-0.31003260612487793,0.4274517595767975,0.37158122658729553,0.1293376386165619,0.7552886009216309,0.23440197110176086,-0.662507176399231
0.4551758749999989,0.0034223749999999996,133.0,1.871346382541485,-0.5845872919901297,0.348336619210032,1.6853941238202148e-5,7.18083301155412e-7,8.111870265950604e-6,0.06836365150023338,-0.08497753739356995,0.14774015545845032,-0.157231867313385,0.27760595083236694,-0.026375193148851395,-0.28776025772094727,0.43977853655815125,0.379289448261261,0.14438436925411224,0.7645256519317627,0.25064364075660706,-0.6605721712112427
0.4551758749999989,0.0034223749999999996,133.0,1.8375623339681768,-0.5509124051561012,0.3481999137447859,0.00018620011106071005,8.11442233229586e-6,8.969104430857523e-5,0.0683567253739499,-0.08722499012947083,0.14851537346839905,-0.15904194116592407,0.27555716037750244,-0.02455313503742218,-0.2736012935638428,0.4507589638233185,0.38003304600715637,0.1519753634929657,0.7721688747406006,0.25298964977264404,-0.6593294143676758
0.4551758749999989,0.0034223749999999996,133.0,1.8029031177943988,-0.5162032490510751,0.3479572370881897,0.000369776301752076,1.6088328632500603e-5,0.00017801412975434683,0.06834675594648819,-0.09009391069412231,0.15200701355934143,-0.16229280829429626,0.2822074592113495,-0.024931464344263077,-0.26975011825561523,0.45873746275901794,0.3732265532016754,0.15010131895542145,0.7803318500518799,0.24244534969329834,-0.6592299938201904
0.4551758749999989,0.0034223749999999996,133.0,1.7674257156160864,-0.48085383773037726,0.34780879978191587,0.0005141816486060084,2.285469110612358e-5,0.00024772838597156765,0.06833912431133675,-0.0927058756351471,0.15301766991615295,-0.16421929001808167,0.2805764079093933,-0.02285906672477722,-0.2556939125061035,0.47069862484931946,0.37425899505615234,0.1558144986629486,0.7895541191101074,0.24585604667663574,-0.6587079167366028
0.4551758749999989,0.0034223749999999996,133.0,1.7311285294819143,-0.44468226941909333,0.34765681336526316,0.0006770656628514014,3.0795823461593834e-5,0.0003264658385750213,0.06833167139489504,-0.09517568349838257,0.15389008820056915,-0.16619375348091125,0.27865687012672424,-0.021168988198041916,-0.2412576675415039,0.48296400904655457,0.375042200088501,0.16322222352027893,0.798119306564331,0.24839156866073608,-0.6576374173164368
0.4551758749999989,0.0034223749999999996,133.0,1.6940234104647391,-0.4076902780020159,0.34751379412067407,0.0008505775006804065,3.9694390996339814e-5,0.00041045295344905404,0.06832472920786843,-0.09731712937355042,0.1545105129480362,-0.16821497678756714,0.27618837356567383,-0.02026291936635971,-0.22643733024597168,0.49537235498428345,0.3754732608795166,0.17370039224624634,0.8051924705505371,0.24941137433052063,-0.6556466817855835
0.4551758749999989,0.0034223749999999996,133.0,1.6561235233294533,-0.3698977068585051,0.34735365057404816,0.0010475792568547025,5.063107572974886e-5,0.0005061513660148266,0.06831890795415847,-0.09900885820388794,0.1547485589981079,-0.17035338282585144,0.2730874717235565,-0.021215878427028656,-0.21181368827819824,0.5082674622535706,0.37573033571243286,0.18722586333751678,0.8102247714996338,0.25022852420806885,-0.6528300642967224
0.4551758749999989,0.0034223749999999996,133.0,1.6174029172526803,-0.33127275360042563,0.3472220226101067,0.0012346938111298521,6.150178427772865e-5,0.0005969622247003199,0.06831354595766542,-0.1004369854927063,0.1547815203666687,-0.17255142331123352,0.269562304019928,-0.023273412138223648,-0.1972358226776123,0.5216314792633057,0.37603795528411865,0.20294058322906494,0.8140182495117188,0.25053855776786804,-0.6496266722679138
0.4551758749999989,0.0034223749999999996,133.0,1.577777112963138,-0.29206335352830726,0.3470994220971102,0.001355924901219426,7.175230700911564e-5,0.00065616846732529,0.0683104626944682,-0.10264331102371216,0.15189272165298462,-0.17398786544799805,0.25677040219306946,-0.016322948038578033,-0.16971445083618164,0.5447774529457092,0.3875185251235962,0.24569474160671234,0.8190112113952637,0.2610589563846588,-0.648347795009613
0.4551758749999989,0.0034223749999999996,133.0,1.5373545505364428,-0.25176828147112207,0.34694534081084,0.0015111966893128013,8.232999913519937e-5,0.0007319794063919897,0.06830399584078287,-0.10473743081092834,0.15223707258701324,-0.17604166269302368,0.2542140781879425,-0.015448247082531452,-0.15596246719360352,0.5604133605957031,0.3885386884212494,0.2578928768634796,0.8256745338439941,0.26341089606285095,-0.6468590497970581
0.4551758749999989,0.0034223749999999996,133.0,1.4960088987986144,-0.21025882202624077,0.3466233343925412,0.0016625768107243954,9.155945606781696e-5,0.0008059601295438726,0.06828979173093748,-0.1079225242137909,0.1575048863887787,-0.1800200343132019,0.2677997648715973,-0.016365062445402145,-0.158982515335083,0.5667524337768555,0.37353411316871643,0.24872976541519165,0.8343205451965332,0.2377212643623352,-0.6454830169677734
0.4551758749999989,0.0034223749999999996,133.0,1.454647668343621,-0.16695616806800656,0.3490077049139561,0.001805270163135154,8.885784233783598e-5,0.0008801759197755694,0.068206159679437,-0.10887506604194641,0.15525087714195251,-0.1803702414035797,0.25474032759666443,-0.017945215106010437,-0.13682055473327637,0.5795917510986328,0.38156986236572266,0.2493489384651184,0.8450357913970947,0.26789289712905884,-0.6405273675918579
0.4551758749999989,0.0034223749999999996,133.0,1.4115837787362315,-0.1239580959359067,0.34875311976147183,0.0019031144660198135,0.00010108310990014693,0.0009307342571610553,0.06819199760889719,-0.11302021145820618,0.15844735503196716,-0.1839216649532318,0.25931087136268616,-0.013684754259884357,-0.12307453155517578,0.5970391631126404,0.3772795796394348,0.26547783613204956,0.8573541641235352,0.24655601382255554,-0.6408527493476868
0.4551758749999989,0.0034223749999999996,133.0,1.3675013315329663,-0.08062177939995169,0.348749110858881,0.001877697631125352,0.00010630356635463806,0.0009228229917205144,0.0681804471347017,-0.11852142214775085,0.14968709647655487,-0.18308600783348083,0.22449442744255066,0.014416067861020565,-0.07601642608642578,0.6445920467376709,0.41691672801971436,0.3315967321395874,0.8825168609619141,0.31225642561912537,-0.6458451151847839
0.4551758749999989,0.0034223749999999996,133.0,1.3214144761349462,-0.03523990507670542,0.3459522268107487,0.0017575778482199047,6.542712360635021e-5,0.0008708366159197454,0.06817618338063734,-0.14067882299423218,0.19759252667427063,-0.19018395245075226,0.3431488275527954,0.03789781406521797,-0.13255572319030762,0.4291335940361023,0.37692224979400635,-0.2059723138809204,1.0984060764312744,0.16866937279701233,-0.7244669795036316
0.4551758749999989,0.0034223749999999996,133.0,1.2741011655630827,0.013781560539048165,0.34617680904249953,0.00010354771976984072,-2.0578760864294013e-6,5.249373409841449e-5,0.06801694822661776,-0.18666577339172363,0.27425289154052734,-0.17686176300048828,0.418312132358551,0.0007945729303173721,-0.0033309459686279297,-0.08189688622951508,0.5824822187423706,-1.4206657409667969,1.563584804534912,0.09836116433143616,-1.0037915706634521
0.4551758749999989,0.0034223749999999996,133.0,1.3162598795691889,0.05125203128209668,0.3487940871659341,-0.001711879406228358,-9.703166674227492e-5,-0.0009030612742058559,0.0675713996730338,-0.212558776140213,0.12299264967441559,-0.18174046277999878,0.6041747331619263,-0.17950314283370972,0.14529919624328613,0.8721674084663391,-0.048631250858306885,-0.618645966053009,1.4757027626037598,0.03836986422538757,-0.5552626848220825
0.4551758749999989,0.0034223749999999996,133.0,1.3563827651921319,0.09818856409871088,0.3519753733631867,-0.00192444341160361,-9.594870133201146e-7,-0.0010216123144205051,0.06719089963957586,-0.27383896708488464,0.1556805968284607,-0.1281464695930481,0.8673638701438904,-0.3834523558616638,0.4018220901489258,0.5014362335205078,0.06539842486381531,-1.4548650979995728,1.872349739074707,0.3207097053527832,-0.9312981963157654
0.4551758749999989,0.0034223749999999996,133.0,1.3970141465857795,0.14391786716031332,0.35533103198290333,-0.0019324993217970023,5.805146370555626e-5,-0.0010005978588550745,0.06698248505516734,-0.3229251205921173,0.18705111742019653,-0.06892171502113342,1.1024113893508911,-0.6821178197860718,0.5148971080780029,0.15227004885673523,0.19955229759216309,-1.8317861557006836,1.9732718467712402,0.5269756317138672,-1.3009685277938843
0.4551758749999989,0.0034223749999999996,133.0,1.4390968395115087,0.18785732995802362,0.3564347342204722,-0.0018291444905057885,6.450815116482061e-5,-0.0009336255675365867,0.06692934724976474,-0.33161357045173645,0.2013421654701233,-0.054232627153396606,1.1620912551879883,-0.7517123818397522,0.5330466032028198,0.12057143449783325,0.22513678669929504,-1.9116796255111694,1.9494986534118652,0.535054087638855,-1.386733055114746
0.4551758749999989,0.0034223749999999996,133.0,1.480834258939549,0.2303590107373439,0.35700954904317955,-0.0016766339229648834,6.349342282660406e-5,-0.0008482945695158515,0.06691103928282072,-0.3327609598636627,0.2091113030910492,-0.04100966453552246,1.2186717987060547,-0.7860226631164551,0.5280178785324097,0.06827562302350998,0.22397011518478394,-1.9322596788406372,1.9038848876953125,0.5681363344192505,-1.4423801898956299
0.4551758749999989,0.0034223749999999996,133.0,1.521731266182976,0.27174070863424626,0.3569657457774366,-0.001486873124069943,5.5677389268645146e-5,-0.0007515558656627648,0.066913781616258,-0.3356291949748993,0.21264252066612244,-0.04045423865318298,1.2140467166900635,-0.8155412077903748,0.5438600778579712,0.07992187142372131,0.2422885298728943,-1.9510399103164673,1.8973016738891602,0.5860574245452881,-1.4562950134277344
0.4551758749999989,0.0034223749999999996,133.0,1.562087850569185,0.31225628407771,0.35709607902036333,-0.001400934209561525,5.026159945041345e-5,-0.0007044039088342635,0.06690846373820959,-0.33485665917396545,0.21554607152938843,-0.03809088468551636,1.2284431457519531,-0.8162675499916077,0.5523772239685059,0.1036880612373352,0.23893782496452332,-1.962699055671692,1.8695030212402344,0.6105281710624695,-1.4675960540771484
0.4551758749999989,0.0034223749999999996,133.0,1.6017038003325743,0.3519786715563114,0.3574519318775433,-0.0012003235270283481,4.309171645493274e-5,-0.0005982062357522593,0.0668952313357617,-0.33262917399406433,0.21888449788093567,-0.03155893087387085,1.2645946741104126,-0.8136233687400818,0.5510458946228027,0.10188309848308563,0.2247132658958435,-1.9685934782028198,1.8273439407348633,0.6422240138053894,-1.489713430404663
0.4551758749999989,0.0034223749999999996,133.0,1.6403066575813383,0.39085374583633625,0.3576375726770135,-0.0010454529879596408,3.711821533053945e-5,-0.0005181307661590086,0.06688963978229483,-0.3326930105686188,0.2218283712863922,-0.02840656042098999,1.2789745330810547,-0.826000452041626,0.5588644742965698,0.11039626598358154,0.22582858800888062,-1.980347990989685,1.8010249137878418,0.668043851852417,-1.505420207977295
0.4551758749999989,0.0034223749999999996,133.0,1.6780786309925189,0.42889120906382405,0.3578158327303426,-0.0008507750134516148,2.9914550103986745e-5,-0.0004193920561807293,0.06688429803109136,-0.33274832367897034,0.22467757761478424,-0.0253770649433136,1.2928698062896729,-0.8367869257926941,0.5658897161483765,0.11799870431423187,0.22627994418144226,-1.991404414176941,1.775629997253418,0.692226231098175,-1.519971251487732
0.4551758749999989,0.0034223749999999996,133.0,1.7150234788676688,0.4660768097711045,0.35796941618036954,-0.0006776403154772944,2.3510667111462802e-5,-0.00033241100213054136,0.06687974212121621,-0.33277276158332825,0.22730572521686554,-0.022597849369049072,1.3056131601333618,-0.8456729054450989,0.5722726583480835,0.12597447633743286,0.22608333826065063,-2.000638246536255,1.7516741752624512,0.7149271965026855,-1.5327097177505493
0.4551758749999989,0.0034223749999999996,133.0,1.7511354680834061,0.5024253096034522,0.35812588475512813,-0.0005122567950169568,1.753445691084537e-5,-0.00025006165761376427,0.06687517251358557,-0.33284130692481995,0.22991859912872314,-0.01957520842552185,1.3190191984176636,-0.8552404046058655,0.5782549381256104,0.1327744722366333,0.22577819228172302,-2.0105464458465576,1.727118968963623,0.7381186485290527,-1.5460025072097778
0.4551758749999989,0.0034223749999999996,133.0,1.786415097393927,0.5379267024705541,0.3582488649944786,-0.0003523502670800632,1.1844787013112089e-5,-0.00017123116250671825,0.06687107984529825,-0.3328525722026825,0.23227058351039886,-0.01703217625617981,1.330674409866333,-0.8613631725311279,0.5836266279220581,0.14057660102844238,0.22461500763893127,-2.017704486846924,1.7048778533935547,0.7591449022293091,-1.5566661357879639
0.4551758749999989,0.0034223749999999996,133.0,1.8208381346889317,0.572601927736066,0.35839744244150173,-0.00019778369693099,6.51665408507249e-6,-9.569309343693162e-5,0.06686492397654847,-0.33297279477119446,0.23443591594696045,-0.01494055986404419,1.3408839702606201,-0.8637794256210327,0.5884745121002197,0.1484101414680481,0.22269469499588013,-2.022453546524048,1.6858997344970703,0.7768190503120422,-1.5651068687438965
0.4551758749999989,0.0034223749999999996,133.0,1.8541352431151465,0.6064636393243105,0.35837765730112897,-5.899491017831826e-5,1.8760134577120554e-6,-2.8503609165600844e-5,0.06685811701018805,-0.33623459935188293,0.23699034750461578,-0.01618427038192749,1.3313380479812622,-0.8778510093688965,0.6098438501358032,0.16594405472278595,0.23620635271072388,-2.036055326461792,1.6880455017089844,0.7796871066093445,-1.5692338943481445
0.4551758749999989,0.0034223749999999996,133.0,1.8865732478037933,0.6395462598933562,0.3585547721577074,0.0001275079795999057,-4.037436584764818e-6,6.135767982359645e-5,0.06684410231641254,-0.3394562304019928,0.23976658284664154,-0.015300005674362183,1.332852840423584,-0.8909862637519836,0.6253383159637451,0.16739197075366974,0.24514079093933105,-2.046760082244873,1.6854400634765625,0.7828429341316223,-1.5798001289367676
0.4551758749999989,0.0034223749999999996,133.0,1.9188479936778278,0.6697796649695876,0.35622748920474295,0.00030070815678569907,-8.08791319283265e-6,0.00014326896411779612,0.06699776986805163,-0.33369943499565125,0.24051479995250702,-0.006654709577560425,1.3663883209228516,-0.8970657587051392,0.5903339385986328,0.13127347826957703,0.22992098331451416,-2.0249505043029785,1.6300597190856934,0.8299430012702942,-1.5981881618499756
0.4551758749999989,0.0034223749999999996,133.0,1.9496946715108976,0.7011709591807466,0.3563591984584789,0.00047583653334928,-1.2788867870288381e-5,0.00022589407554360601,0.0669908120371114,-0.33655795454978943,0.24303945899009705,-0.0056743323802948,1.366746187210083,-0.9162123203277588,0.6076550483703613,0.13837413489818573,0.24017289280891418,-2.0404417514801025,1.6234261989593506,0.8407639861106873,-1.6089515686035156
0.4551758749999989,0.0034223749999999996,133.0,1.9800597490874376,0.7316805459917883,0.3567700196377534,0.0006840197575175515,-1.8294463524843174e-5,0.00032216645980214724,0.06697726415760526,-0.33642467856407166,0.2447567731142044,-0.00499802827835083,1.375329613685608,-0.9124559164047241,0.6203033924102783,0.1679767668247223,0.2337513267993927,-2.0568811893463135,1.6042723655700684,0.8599255681037903,-1.6113184690475464
0.4551758749999989,0.0034223749999999996,133.0,2.009619134503049,0.7613129601900962,0.35704510348569335,0.000832967225991046,-2.1846465009468445e-5,0.0003898961051428413,0.0669709140912278,-0.3348240554332733,0.24613016843795776,-0.0017296671867370605,1.3939170837402344,-0.9074312448501587,0.6197688579559326,0.1811763197183609,0.221432626247406,-2.0633862018585205,1.575446605682373,0.8856586813926697,-1.6177330017089844
0.4551758749999989,0.0034223749999999996,133.0,2.0383172149309763,0.7901355066145062,0.3574432562063979,0.001023507495189984,-2.7369874635443086e-5,0.0004759491678691082,0.0669614580025376,-0.3338209092617035,0.24776288866996765,0.00399935245513916,1.4199122190475464,-0.9111172556877136,0.6113578081130981,0.16961069405078888,0.21068799495697021,-2.0648422241210938,1.5452277660369873,0.9116636514663696,-1.6330466270446777
0.4551758749999989,0.0034223749999999996,133.0,2.0659866570125796,0.818105914622984,0.3575251303284625,0.0011699750645609277,-3.151225681424973e-5,0.0005426502907074488,0.06696152603808522,-0.3357468545436859,0.24945077300071716,0.003971904516220093,1.4146186113357544,-0.929206371307373,0.6276135444641113,0.18244430422782898,0.22095495462417603,-2.0763182640075684,1.5375535488128662,0.925714373588562,-1.6381871700286865
0.4551758749999989,0.0034223749999999996,133.0,2.092963764276465,0.8452190227215707,0.3577210071143518,0.0013338952630011502,-3.5880190519163504e-5,0.0006158956827412938,0.06695794690085081,-0.33570167422294617,0.2510359287261963,0.008810579776763916,1.4334546327590942,-0.9383864998817444,0.6220608949661255,0.16964808106422424,0.21621638536453247,-2.0775740146636963,1.5131738185882568,0.9472960233688354,-1.6523456573486328
0.4551758749999989,0.0034223749999999996,133.0,2.1192318356986948,0.8714192756595363,0.3577132334845375,0.0015297927854197226,-3.855367477474623e-5,0.0007045823625992211,0.06695870849955816,-0.3344251215457916,0.2519460618495941,0.01014721393585205,1.442642092704773,-0.9328457117080688,0.6243284940719604,0.1874058097600937,0.2073637843132019,-2.0833520889282227,1.4916977882385254,0.9666507840156555,-1.6528257131576538
0.4551758749999989,0.0034223749999999996,133.0,2.144558749648583,0.8968531553513213,0.35783548731747,0.0017291580280379693,-4.3277317016339435e-5,0.0007938761127688201,0.06695528186970263,-0.3342077434062958,0.25304344296455383,0.01107323169708252,1.44880211353302,-0.9300713539123535,0.6287378072738647,0.1987871378660202,0.20278245210647583,-2.0874621868133545,1.4785609245300293,0.9784220457077026,-1.6545000076293945
0.4551758749999989,0.0034223749999999996,133.0,2.1688781636585066,0.9214855169652209,0.3579739751405019,0.0019507940676485142,-4.930436469369215e-5,0.0008929304341820899,0.06695196205378288,-0.3356820046901703,0.2545059025287628,0.012231916189193726,1.4519661664962769,-0.9396268725395203,0.6361230611801147,0.199115589261055,0.20631453394889832,-2.0927162170410156,1.4697585105895996,0.9879250526428223,-1.6612870693206787
0.4551758749999989,0.0034223749999999996,133.0,2.1924114501352814,0.9452534168037623,0.35795500677387154,0.002114506696309413,-5.27206325402147e-5,0.0009668381300114176,0.06695181415634366,-0.337301641702652,0.25583940744400024,0.012040913105010986,1.4485530853271484,-0.9490700364112854,0.6479665040969849,0.20708638429641724,0.21261456608772278,-2.09896183013916,1.4650533199310303,0.9953842163085938,-1.66428804397583
0.4551758749999989,0.0034223749999999996,133.0,2.215046537685162,0.9682008553394876,0.357962440047295,0.002323086974196166,-5.7266571773099926e-5,0.001060768410580479,0.06695009247659542,-0.33911606669425964,0.25728562474250793,0.01126149296760559,1.4427374601364136,-0.9583028554916382,0.6637319326400757,0.22039318084716797,0.21966040134429932,-2.108781099319458,1.46183443069458,1.0013054609298706,-1.6656545400619507
0.4551758749999989,0.0034223749999999996,133.0,2.236920520883266,0.9902987477571613,0.35788851111016895,0.002533909949513486,-6.128932211032758e-5,0.0011568580379285806,0.06695007822571522,-0.3394888937473297,0.2584773600101471,0.01266130805015564,1.4474096298217773,-0.9642487168312073,0.6688076257705688,0.22517278790473938,0.21934470534324646,-2.115252733230591,1.4490997791290283,1.014061450958252,-1.6701123714447021
0.4551758749999989,0.0034223749999999996,133.0,2.258078690078396,1.0115613404757149,0.3580382218205604,0.002758035022350708,-6.626646974033718e-5,0.001255336919032117,0.06694550766290301,-0.3411204516887665,0.2599341571331024,0.012861579656600952,1.4453028440475464,-0.9759603142738342,0.6818448305130005,0.23252032697200775,0.22543549537658691,-2.1253416538238525,1.4425280094146729,1.0219365358352661,-1.67422354221344
0.4551758749999989,0.0034223749999999996,133.0,2.278492113651394,1.031968549408241,0.35842037493503937,0.0029862519309149516,-7.659288446317395e-5,0.0013494972657139442,0.06693760926159281,-0.3394105136394501,0.2610195279121399,0.02045390009880066,1.4808613061904907,-0.969062328338623,0.6554534435272217,0.20200444757938385,0.207023024559021,-2.1196229457855225,1.4161531925201416,1.0410051345825195,-1.6912811994552612
0.4551758749999989,0.0034223749999999996,133.0,2.297940789596542,1.0516452026834868,0.3587323608817691,0.003162595694586373,-8.132694766718488e-5,0.0014246690641580787,0.06693094437008786,-0.3398458659648895,0.262136310338974,0.02241826057434082,1.4904178380966187,-0.9696105718612671,0.6574493646621704,0.20537127554416656,0.2022656798362732,-2.1262688636779785,1.4032280445098877,1.052613615989685,-1.6961544752120972
0.4551758749999989,0.0034223749999999996,133.0,2.3166811216322363,1.070398640786109,0.3590810279047238,0.003363398902904839,-8.823462652951864e-5,0.0015072754758872196,0.06692400414598919,-0.3386509120464325,0.2629280686378479,0.027942568063735962,1.5162461996078491,-0.964913547039032,0.6404331922531128,0.1888585239648819,0.18726706504821777,-2.1238911151885986,1.3794958591461182,1.069118618965149,-1.7069458961486816
0.4551758749999989,0.0034223749999999996,133.0,2.334172411864656,1.0883708051824594,0.3588787588035548,0.0035340485095027288,-9.35767375458853e-5,0.0015863209386344271,0.06692981149799816,-0.34289219975471497,0.26468625664711,0.02540212869644165,1.4953486919403076,-0.9939741492271423,0.6686609983444214,0.19574490189552307,0.2118421494960785,-2.1366899013519287,1.3888978958129883,1.066540241241455,-1.710799217224121
0.4551758749999989,0.0034223749999999996,133.0,2.351231166198095,1.105424692531702,0.35899250678655614,0.0037368399010399792,-9.764878954890898e-5,0.0016728899522798543,0.06692683988040204,-0.3425527513027191,0.2654359042644501,0.027173280715942383,1.5043200254440308,-0.9928586483001709,0.6685703992843628,0.2000008523464203,0.20582714676856995,-2.1415789127349854,1.3744912147521973,1.0782020092010498,-1.7138253450393677
0.4551758749999989,0.0034223749999999996,133.0,2.367335147375632,1.1216750124740864,0.35911883326878125,0.003915345759453673,-0.00010306331513873877,0.0017491775288594096,0.06692430413669544,-0.3433316648006439,0.26632314920425415,0.02905765175819397,1.5097557306289673,-1.0034457445144653,0.6714485883712769,0.1957019567489624,0.20766469836235046,-2.1462302207946777,1.363797903060913,1.0876216888427734,-1.7211568355560303
0.4551758749999989,0.0034223749999999996,133.0,2.3825482842617682,1.137000327134462,0.35886426239555796,0.004091126239436376,-0.00010683158457276275,0.001827137904737742,0.06692984396860203,-0.3449920117855072,0.2672272026538849,0.026906967163085938,1.4949367046356201,-1.0210295915603638,0.6939510107040405,0.21453140676021576,0.22052255272865295,-2.158144950866699,1.36214280128479,1.0935852527618408,-1.7193710803985596
0.4551758749999989,0.0034223749999999996,133.0,2.397092488407428,1.1515456647474787,0.3590489256776024,0.004231184515646951,-0.00011213621674468742,0.0018838523438888856,0.06692839008565052,-0.3444846570491791,0.2674800157546997,0.029696881771087646,1.5042937994003296,-1.0311377048492432,0.6900554895401001,0.2089466154575348,0.2187131643295288,-2.160285472869873,1.3449041843414307,1.1123578548431396,-1.7269611358642578
0.4551758749999989,0.0034223749999999996,133.0,2.410686738647852,1.1652650862778946,0.35911738728959214,0.00435556733417151,-0.00011952719576563392,0.0019361188385305453,0.06693360635455661,-0.3456192910671234,0.2678927779197693,0.031128674745559692,1.5013200044631958,-1.059958815574646,0.6968860626220703,0.20115049183368683,0.23177877068519592,-2.1664507389068604,1.334634780883789,1.1315937042236328,-1.7371383905410767
0.4551758749999989,0.0034223749999999996,133.0,2.4237121025676807,1.1782171426124515,0.3595797453824926,0.004490346644579779,-0.00012624718741697564,0.001989260358225669,0.06693051911249127,-0.3435681164264679,0.26772910356521606,0.03587409853935242,1.5220228433609009,-1.0628715753555298,0.6801505088806152,0.18598514795303345,0.22176286578178406,-2.1671905517578125,1.3112671375274658,1.1572762727737427,-1.747785210609436
0.4551758749999989,0.0034223749999999996,133.0,2.436057691707971,1.1900729341214837,0.35940491683962666,0.004632451900429531,-0.0001234880311099585,0.0020456660517860314,0.06693547942609318,-0.3389274775981903,0.26690873503685,0.03736746311187744,1.5368139743804932,-1.0394264459609985,0.6682374477386475,0.20928910374641418,0.19826334714889526,-2.1692283153533936,1.2845191955566406,1.1824644804000854,-1.739142656326294
0.4551758749999989,0.0034223749999999996,133.0,2.4476363670810444,1.2011696179274387,0.3596363846841353,0.004779536554797597,-0.00012552283158103226,0.0020996199214289584,0.06693373469360407,-0.3341647684574127,0.2661363184452057,0.04202750325202942,1.564018964767456,-1.0162674188613892,0.6412028074264526,0.20888513326644897,0.1712358295917511,-2.165311336517334,1.2550277709960938,1.2074533700942993,-1.7392525672912598
0.4551758749999989,0.0034223749999999996,133.0,2.4584281132424453,1.2114358437237756,0.35977324181553455,0.004920982964607928,-0.00012264940031874502,0.0021524518349887493,0.06693354499011969,-0.3293115198612213,0.26518917083740234,0.043896228075027466,1.5820633172988892,-0.9865273833274841,0.6258774995803833,0.2316194325685501,0.1436513066291809,-2.1660423278808594,1.2288930416107178,1.2291698455810547,-1.729736328125
0.4551758749999989,0.0034223749999999996,133.0,2.4682394890402732,1.2209617968765623,0.3599469643276233,0.005082749457744452,-0.00012047827677401437,0.0022177593724172838,0.06693344489347923,-0.3258116543292999,0.2645859122276306,0.04501357674598694,1.5936399698257446,-0.9671758413314819,0.6180020570755005,0.2515031397342682,0.12512525916099548,-2.1698849201202393,1.2088243961334229,1.2474143505096436,-1.7228288650512695
0.4551758749999989,0.0034223749999999996,133.0,2.476727028876462,1.231767269299478,0.3629319803453398,0.005315834926776614,-0.00014499493546763295,0.0023074591112215385,0.06675016303285833,-0.32768014073371887,0.2659415006637573,0.045045822858810425,1.6141653060913086,-0.9371488690376282,0.6342188119888306,0.28255870938301086,0.10447162389755249,-2.1971209049224854,1.2107481956481934,1.2375571727752686,-1.7227022647857666
0.4551758749999989,0.0034223749999999996,133.0,2.4850860890786595,1.2395644460799358,0.36328398779746995,0.005565257639704619,-0.00014946125577439004,0.0024040095683419355,0.06674881627522983,-0.32218852639198303,0.2649117708206177,0.0488012433052063,1.642345666885376,-0.8973736763000488,0.6031982898712158,0.2903035581111908,0.06940004229545593,-2.1910815238952637,1.1845791339874268,1.251848578453064,-1.7156860828399658
0.4551758749999989,0.0034223749999999996,133.0,2.492359171949091,1.2465346603119318,0.36328099965806776,0.005942154022067992,-0.00015340278044566154,0.0025620729049179985,0.06675134634767155,-0.31903204321861267,0.2644008696079254,0.04988333582878113,1.6515228748321533,-0.8848531246185303,0.5954337120056152,0.3025970757007599,0.05577266216278076,-2.1949870586395264,1.16552734375,1.2669987678527832,-1.7112703323364258
0.4551758749999989,0.0034223749999999996,133.0,2.4989152493141935,1.2527121910959638,0.36348408175917446,0.006573342972990069,-0.00016784897138632946,0.002823967141174331,0.06675163761746705,-0.315336138010025,0.26390594244003296,0.05029049515724182,1.6624972820281982,-0.8622118234634399,0.5879523754119873,0.3215348720550537,0.03701907396316528,-2.200620174407959,1.1476552486419678,1.2767692804336548,-1.7035136222839355
0.4551758749999989,0.0034223749999999996,133.0,2.5045828398939234,1.2580837768741457,0.3634031577179555,0.008002648624151858,-0.00019831150516433374,0.003429342904540729,0.06675560790886498,-0.311678022146225,0.2640256881713867,0.051524460315704346,1.675866723060608,-0.849647045135498,0.58070969581604,0.3296263813972473,0.02229750156402588,-2.2132697105407715,1.1239488124847412,1.2871900796890259,-1.7021996974945068
0.4551758749999989,0.0034223749999999996,133.0,2.5094844742329023,1.2630236320016863,0.3635408203016826,0.014873962128980277,-0.00041239042638752403,0.0062857172235635415,0.06674639489188652,-0.30760136246681213,0.26818540692329407,0.05273321270942688,1.7025642395019531,-0.8643491268157959,0.6041659116744995,0.33263760805130005,0.017269492149353027,-2.2922606468200684,1.0659356117248535,1.2955257892608643,-1.7241926193237305
0.4551758749999989,0.0034223749999999996,133.0,2.496908581166613,-1.236889236481372,0.33944995594080035,-0.013874462572655278,-0.00029762208138107917,-0.006682079379938923,0.06845700830800985,-0.05251088738441467,0.1415574699640274,-0.12685075402259827,0.3322194516658783,0.007477084174752235,-0.674523115158081,0.27910447120666504,0.4174128472805023,-0.12553994357585907,0.6857779026031494,0.43880030512809753,-0.7526974081993103
0.4551758749999989,0.0034223749999999996,133.0,2.492332374760917,-1.2320904472719796,0.33971743434822416,-0.007489948172765709,-0.0001261381255326575,-0.0036047250002553023,0.0684308295437045,-0.05306538939476013,0.1463511884212494,-0.12377384305000305,0.3491252362728119,-0.040538985282182693,-0.6670737266540527,0.26887181401252747,0.3978990912437439,-0.18862880766391754,0.7017147541046143,0.4197312295436859,-0.7499707341194153
0.4551758749999989,0.0034223749999999996,133.0,2.4868536382224096,-1.2266432528820725,0.339687011566213,-0.0061539156728115454,-9.978865709081679e-5,-0.0029587265918734227,0.06842026412413565,-0.0547979474067688,0.14698968827724457,-0.12321841716766357,0.3491619825363159,-0.040082186460494995,-0.6485080718994141,0.26685214042663574,0.39460450410842896,-0.17821522057056427,0.7071349620819092,0.38425907492637634,-0.7467095255851746
0.4551758749999989,0.0034223749999999996,133.0,2.480649302919168,-1.2205570281311262,0.3396864130611778,-0.005565726572675666,-8.896218048894948e-5,-0.0026736703394190584,0.06841671437665554,-0.05506521463394165,0.14554132521152496,-0.12292692065238953,0.3440227210521698,-0.04058917984366417,-0.6344912052154541,0.26848387718200684,0.3936179280281067,-0.16345557570457458,0.7078826427459717,0.37154436111450195,-0.7405781149864197
0.4551758749999989,0.0034223749999999996,133.0,2.473495539799471,-1.2135525841895787,0.3396395654569403,-0.005223937256400786,-8.784796562915944e-5,-0.00250877058586541,0.0684100612041443,-0.05668002367019653,0.145692378282547,-0.12339052557945251,0.34171852469444275,-0.033868204802274704,-0.6136579513549805,0.26972174644470215,0.39260441064834595,-0.1367863416671753,0.7086365222930908,0.3325475752353668,-0.7372622489929199
0.4551758749999989,0.0034223749999999996,133.0,2.4647559971563586,-1.2073496589025583,0.33706420267692455,-0.004983107225658234,-0.0001355577881554319,-0.0023900610627312522,0.06848472938403714,-0.05641639232635498,0.14337441325187683,-0.12292319536209106,0.33625030517578125,-0.028950802981853485,-0.6040170192718506,0.27562838792800903,0.39279818534851074,-0.11379441618919373,0.7038679122924805,0.321292906999588,-0.731997549533844
0.4551758749999989,0.0034223749999999996,133.0,2.4559984684146308,-1.1988959220045,0.33703110528728963,-0.004785767843666086,-0.00013553509945374412,-0.002295545360784102,0.06848116484211804,-0.05747368931770325,0.14077627658843994,-0.12203112244606018,0.32605618238449097,-0.021464478224515915,-0.5753688812255859,0.2795412242412567,0.3968204855918884,-0.08014312386512756,0.7049310207366943,0.2989371418952942,-0.7258352041244507
0.4551758749999989,0.0034223749999999996,133.0,2.4464407565529513,-1.1894903764526652,0.3369245129480756,-0.004638240377848893,-0.00013365402406272293,-0.002221314469493373,0.06847811065552817,-0.05795899033546448,0.13996118307113647,-0.12277331948280334,0.32205867767333984,-0.017911460250616074,-0.5576615333557129,0.2837366759777069,0.39619049429893494,-0.05482503026723862,0.7010481357574463,0.27526482939720154,-0.7211999297142029
0.4551758749999989,0.0034223749999999996,133.0,2.4359997839115186,-1.179211787212976,0.3368641909229667,-0.004506791848138483,-0.0001330587268635694,-0.00215380598287082,0.0684731155756098,-0.05920904874801636,0.13862359523773193,-0.12289631366729736,0.3154056668281555,-0.009419212117791176,-0.5290541648864746,0.28923138976097107,0.3984910845756531,-0.017335787415504456,0.6980135440826416,0.24164888262748718,-0.716842532157898
0.4551758749999989,0.0034223749999999996,133.0,2.4247773040978946,-1.1682336356310015,0.3368955995859714,-0.004373619948780552,-0.0001349948561318798,-0.0020892872661085193,0.06847049560486901,-0.05955147743225098,0.13534899055957794,-0.12191608548164368,0.303418904542923,-0.0035635828971862793,-0.497952938079834,0.29512137174606323,0.40394625067710876,0.017662135884165764,0.6949882507324219,0.22700324654579163,-0.7103027701377869
0.4551758749999989,0.0034223749999999996,133.0,2.4127720864437476,-1.1563081073464518,0.33687399026997633,-0.004250872816463369,-0.00013419365334931793,-0.002027871283375449,0.06846919136302976,-0.05925905704498291,0.13422881066799164,-0.12278556823730469,0.2987115681171417,-0.004004953894764185,-0.4819788932800293,0.3000158965587616,0.40343642234802246,0.03892359882593155,0.6884241104125977,0.21378247439861298,-0.7050649523735046
0.4551758749999989,0.0034223749999999996,133.0,2.399954901709317,-1.1435319559305728,0.3367607917325483,-0.004126984392178747,-0.00013050746251103173,-0.0019622357084107464,0.06846881014776857,-0.058869361877441406,0.13305029273033142,-0.12404555082321167,0.2947477102279663,-0.0023697419092059135,-0.4662032127380371,0.3064578175544739,0.4017716944217682,0.06562317907810211,0.6793742179870605,0.19608353078365326,-0.699407696723938
0.4551758749999989,0.0034223749999999996,133.0,2.386389994738756,-1.1298669749250574,0.33665830876072717,-0.0040188552583275815,-0.00012579987558592156,-0.001908228863489464,0.06847064162696784,-0.05725404620170593,0.1328081637620926,-0.12618842720985413,0.29478999972343445,-0.011006391607224941,-0.4690382480621338,0.30796554684638977,0.3952154517173767,0.0713496282696724,0.6705479621887207,0.19638758897781372,-0.692844033241272
0.4551758749999989,0.0034223749999999996,133.0,2.3719721163613574,-1.115356185678606,0.3365360793045336,-0.0038815587117151545,-0.00011961760677033751,-0.0018403789106785382,0.06847224437031223,-0.05575922131538391,0.13260458409786224,-0.12777242064476013,0.2946150004863739,-0.020954996347427368,-0.4730947017669678,0.30858752131462097,0.3897974193096161,0.06977546960115433,0.6651709079742432,0.20481255650520325,-0.6872108578681946
0.4551758749999989,0.0034223749999999996,133.0,2.356625894516662,-1.0999839178494537,0.3364067974232123,-0.003706273005073995,-0.00011652785970218371,-0.001758979837673078,0.06847049485233243,-0.05616563558578491,0.13309486210346222,-0.12913089990615845,0.2945694029331207,-0.022381439805030823,-0.4657442569732666,0.312437504529953,0.38777345418930054,0.07928337901830673,0.6628336906433105,0.19655776023864746,-0.6851398944854736
0.4551758749999989,0.0034223749999999996,133.0,2.3404103811914814,-1.0837652974845242,0.3363172211696343,-0.003543894322904386,-0.00011052139225179845,-0.001680169811722643,0.06846771584727417,-0.05663171410560608,0.13442003726959229,-0.1308271586894989,0.2972155809402466,-0.025226283818483353,-0.4663729667663574,0.3139546513557434,0.3837553858757019,0.08109737187623978,0.6628167629241943,0.19300217926502228,-0.6837615370750427
0.4551758749999989,0.0034223749999999996,133.0,2.323360072633081,-1.0667816448745338,0.33628154361948986,-0.0033578135627039987,-0.00010627943307755215,-0.0015932396408656845,0.06846477657067258,-0.057656049728393555,0.1349174529314041,-0.1314307451248169,0.29612112045288086,-0.025858886539936066,-0.4564504623413086,0.31864839792251587,0.3844746947288513,0.08381612598896027,0.6658265590667725,0.19311167299747467,-0.683426022529602
0.4551758749999989,0.0034223749999999996,133.0,2.3055213927596188,-1.0488565744761733,0.33619520396445923,-0.003181697524717266,-9.849487395353835e-5,-0.0015103934353625423,0.06846325969211746,-0.05760201811790466,0.13581740856170654,-0.13230878114700317,0.2980248034000397,-0.03384959697723389,-0.4654221534729004,0.3194996118545532,0.3814242482185364,0.06238829344511032,0.6716518402099609,0.2172018140554428,-0.6823239922523499
0.4551758749999989,0.0034223749999999996,133.0,2.2867360584082195,-1.0300526229259743,0.33611144406195975,-0.0029989828915180814,-9.371982828845241e-5,-0.0014234810805623908,0.06845705151591859,-0.059378862380981445,0.1376212239265442,-0.13401395082473755,0.3006398677825928,-0.03180472180247307,-0.4587583541870117,0.32462167739868164,0.37948599457740784,0.06892049312591553,0.6744813919067383,0.2057846486568451,-0.6830363273620605
0.4551758749999989,0.0034223749999999996,133.0,2.267176878830216,-1.010543122351221,0.3360313597432957,-0.002834990397871688,-9.087311978828317e-5,-0.0013467853552818724,0.06845353381638128,-0.06035265326499939,0.13805155456066132,-0.13496753573417664,0.29938995838165283,-0.03219328820705414,-0.4487495422363281,0.33030933141708374,0.37948209047317505,0.07369967550039291,0.6768746376037598,0.2048054337501526,-0.6818198561668396
0.4551758749999989,0.0034223749999999996,133.0,2.246815305090654,-0.9901218611212199,0.3359371998468622,-0.0026200757863476796,-8.375252953383503e-5,-0.0012458345212422266,0.06845025030131009,-0.06119230389595032,0.13949348032474518,-0.1363036036491394,0.3019554615020752,-0.035951096564531326,-0.4505126476287842,0.33338484168052673,0.376432329416275,0.06414163112640381,0.6818523406982422,0.21283692121505737,-0.6813730001449585
0.4551758749999989,0.0034223749999999996,133.0,2.225576643801956,-0.9692580527511927,0.3360039504973725,-0.0024063868066312483,-8.055866649998215e-5,-0.001145668752459585,0.06844778041461433,-0.06241294741630554,0.13565286993980408,-0.13485419750213623,0.2878129780292511,-0.026878688484430313,-0.41757822036743164,0.3402305245399475,0.38668093085289,0.09400343894958496,0.6854727268218994,0.2166667878627777,-0.6775113344192505
0.4551758749999989,0.0034223749999999996,133.0,2.2035034559341393,-0.9471590233728425,0.33588695388044654,-0.0022043899913948184,-7.283230295692707e-5,-0.0010491755207836448,0.06844357053766217,-0.06359919905662537,0.13728924095630646,-0.13642460107803345,0.2904859483242035,-0.03060421720147133,-0.41837096214294434,0.3451003134250641,0.384285032749176,0.08320080488920212,0.6912326812744141,0.22554513812065125,-0.677849292755127
0.4551758749999989,0.0034223749999999996,133.0,2.1805408318120727,-0.9241796222917689,0.33573847016657393,-0.0020030352815829317,-6.649345514076302e-5,-0.0009527447422983395,0.06843735052148077,-0.06566968560218811,0.13968263566493988,-0.13857781887054443,0.2944527268409729,-0.03078530728816986,-0.41425561904907227,0.35227009654045105,0.3818545639514923,0.08180703967809677,0.6962275505065918,0.2203444242477417,-0.6794497966766357
0.4551758749999989,0.0034223749999999996,133.0,2.156705003487959,-0.9002321139021654,0.3354979212218957,-0.00184186583437467,-6.0897228704946735e-5,-0.0008750536929696622,0.06842977971287158,-0.06823945045471191,0.14418357610702515,-0.1420530080795288,0.3046807050704956,-0.031663838773965836,-0.41805195808410645,0.35820749402046204,0.37430787086486816,0.07682368904352188,0.7007977962493896,0.20437481999397278,-0.6821848154067993
0.4551758749999989,0.0034223749999999996,133.0,2.132140761752728,-0.8755916712718551,0.3353696928440691,-0.0016437684590357607,-5.3503481691739155e-5,-0.0007818717484676824,0.06842495632438347,-0.06974807381629944,0.14670409262180328,-0.14375609159469604,0.30949756503105164,-0.036242228001356125,-0.4217836856842041,0.36150050163269043,0.3705049753189087,0.05744675174355507,0.7090730667114258,0.21571074426174164,-0.683268129825592
0.4551758749999989,0.0034223749999999996,133.0,2.1066870530628403,-0.8502352463472796,0.3353693158715727,-0.0014600543652958141,-4.990628232005627e-5,-0.0006965313357482222,0.06841875013059184,-0.07145532965660095,0.1467357575893402,-0.14459460973739624,0.3059695065021515,-0.034735653549432755,-0.4077470302581787,0.3686283826828003,0.3729010224342346,0.06286284327507019,0.7153627872467041,0.22133100032806396,-0.6822012662887573
0.4551758749999989,0.0034223749999999996,133.0,2.080452601039238,-0.8241916551110801,0.3353227891427339,-0.0012789773102097072,-4.4827859887981894e-5,-0.000610466014691121,0.0684151459406557,-0.07283991575241089,0.14542827010154724,-0.14510244131088257,0.2987975478172302,-0.03179914504289627,-0.3885223865509033,0.37700605392456055,0.3774866461753845,0.07783174514770508,0.7202019691467285,0.22773990035057068,-0.6796603798866272
0.4551758749999989,0.0034223749999999996,133.0,2.0534067799304143,-0.7972082932502911,0.3352155677000681,-0.0011288715869442966,-4.038511383378345e-5,-0.0005389994590704262,0.06841128378502417,-0.07381221652030945,0.14558295905590057,-0.14663833379745483,0.2960018515586853,-0.03286018222570419,-0.3759019374847412,0.38399767875671387,0.3771488070487976,0.08822023123502731,0.7224669456481934,0.22713464498519897,-0.6765463948249817
0.4551758749999989,0.0034223749999999996,133.0,2.0255923991655282,-0.7694298821994329,0.3351031769608469,-0.00099508517010504,-3.59856809641249e-5,-0.00047536668559357195,0.0684095929047204,-0.07391595840454102,0.14530350267887115,-0.14803680777549744,0.2926429808139801,-0.03766506910324097,-0.3678412437438965,0.3889504373073578,0.37587469816207886,0.09152670204639435,0.7239890098571777,0.23552826046943665,-0.6719202995300293
0.4551758749999989,0.0034223749999999996,133.0,1.9968407515170152,-0.740833720100538,0.3349752656846144,-0.0008216621619967073,-2.982610669808498e-5,-0.0003916547400034748,0.06840556766304286,-0.07550019025802612,0.1449609398841858,-0.1496810019016266,0.2882581651210785,-0.03463335707783699,-0.3495190143585205,0.39773881435394287,0.377410352230072,0.11697641015052795,0.725860595703125,0.22773027420043945,-0.6690725088119507
0.4551758749999989,0.0034223749999999996,133.0,1.9672612789546577,-0.7114528953932029,0.3348880815132769,-0.0006898016777087343,-2.5840409771904593e-5,-0.00032870858549950693,0.06840208993029136,-0.07701176404953003,0.1439288854598999,-0.15074658393859863,0.28126731514930725,-0.03142974153161049,-0.32829976081848145,0.4081827998161316,0.38190537691116333,0.140047088265419,0.7291371822357178,0.22839611768722534,-0.6666017174720764
0.4551758749999989,0.0034223749999999996,133.0,1.9368363489367133,-0.6811275574851434,0.3347656399080591,-0.0005177765096532301,-1.997630160354774e-5,-0.00024697491448697173,0.06839668426731725,-0.07883566617965698,0.14450539648532867,-0.15227541327476501,0.2789754271507263,-0.030690599232912064,-0.3148825168609619,0.41726016998291016,0.382865309715271,0.14767922461032867,0.7351934909820557,0.23108726739883423,-0.6653216481208801
0.4551758749999989,0.0034223749999999996,133.0,1.905613960485848,-0.6498040917537314,0.3346022877094396,-0.00032531387630035203,-1.2213951274650443e-5,-0.0001551245034795004,0.06839034563906965,-0.08044320344924927,0.1474309265613556,-0.15467673540115356,0.28468888998031616,-0.03517647087574005,-0.3174319267272949,0.4201085865497589,0.3755296766757965,0.13252195715904236,0.7433509826660156,0.23431631922721863,-0.6637444496154785
0.4551758749999989,0.0034223749999999996,133.0,1.8735226271325698,-0.6176922520043964,0.3344531112474078,-0.00015204782306520563,-5.787338264417864e-6,-7.265398777914069e-5,0.06838281710461108,-0.08252939581871033,0.14967672526836395,-0.1567288637161255,0.28760385513305664,-0.035598866641521454,-0.3124716281890869,0.425831139087677,0.3714079260826111,0.12615041434764862,0.7520475387573242,0.2356533408164978,-0.6625946164131165
0.4551758749999989,0.0034223749999999996,133.0,1.8405811403846593,-0.5850455278133047,0.33437767544024305,1.685669496306981e-5,6.877617704621493e-7,8.091301289245745e-6,0.06837748201650093,-0.08463877439498901,0.14780180156230927,-0.15714454650878906,0.27794182300567627,-0.028743620961904526,-0.29027295112609863,0.4381697475910187,0.3791426122188568,0.14105534553527832,0.7613065242767334,0.2520875632762909,-0.6607471704483032
0.4551758749999989,0.0034223749999999996,133.0,1.8068041727950006,-0.5513727741734108,0.3342466364958271,0.00018623066790857606,7.770021219633247e-6,8.946008967258786e-5,0.06837088893007236,-0.08688947558403015,0.14858877658843994,-0.15896043181419373,0.27594536542892456,-0.02693304419517517,-0.2762174606323242,0.44911709427833557,0.37990206480026245,0.1484525203704834,0.7689409255981445,0.25455784797668457,-0.6595726013183594
0.4551758749999989,0.0034223749999999996,133.0,1.7721546952813714,-0.5166740060014413,0.33401475842854234,0.0003698365273091713,1.5390671053401845e-5,0.00017754646653063693,0.06836132739375353,-0.08975967764854431,0.15210750699043274,-0.16222456097602844,0.28265145421028137,-0.02733253687620163,-0.272479772567749,0.45700177550315857,0.373090922832489,0.14633455872535706,0.7770509719848633,0.24402588605880737,-0.6595233082771301
0.4551758749999989,0.0034223749999999996,133.0,1.7366857816138879,-0.48132741845565036,0.3338723179020124,0.0005142669617016504,2.185724587529207e-5,0.0002470652206537497,0.06835405910008878,-0.09237274527549744,0.15313103795051575,-0.16415810585021973,0.28108471632003784,-0.025262676179409027,-0.2585427761077881,0.46892330050468445,0.37412887811660767,0.15184377133846283,0.7862396240234375,0.24754518270492554,-0.6590713262557983
0.4551758749999989,0.0034223749999999996,133.0,1.7003965855423313,-0.4451582544914725,0.3337264924766073,0.0006771798763423435,2.9444631693423316e-5,0.00032557690306328366,0.0683469649572288,-0.0948438048362732,0.15401692688465118,-0.1661386787891388,0.279232919216156,-0.023578457534313202,-0.24422073364257812,0.4811468720436096,0.37491536140441895,0.15904487669467926,0.7947711944580078,0.2501758635044098,-0.6580720543861389
0.4551758749999989,0.0034223749999999996,133.0,1.6632983075152223,-0.4081679158478852,0.33358980363650104,0.0008507229420834097,3.794671204527476e-5,0.00040932008580813525,0.06834035841309745,-0.09698674082756042,0.15465207397937775,-0.16816550493240356,0.27683645486831665,-0.022686023265123367,-0.22951698303222656,0.4935153126716614,0.37534457445144653,0.16931118071079254,0.8018169403076172,0.25126972794532776,-0.6561518311500549
0.4551758749999989,0.0034223749999999996,133.0,1.6254036168070896,-0.3703758479208392,0.33343637185262764,0.0010477598663695032,4.8413509091869306e-5,0.0005047439016713516,0.06833483865563089,-0.09868139028549194,0.15490630269050598,-0.1703081727027893,0.27380871772766113,-0.02365836873650551,-0.21500563621520996,0.5063787698745728,0.3755987286567688,0.18263082206249237,0.8068280220031738,0.25213730335235596,-0.6534053087234497
0.4551758749999989,0.0034223749999999996,133.0,1.5866873278609601,-0.3317507741559943,0.33331173368905365,0.0012349087464848332,5.8806289056620584e-5,0.0005952909711572062,0.06832974075655446,-0.10011270642280579,0.15495598316192627,-0.1725095510482788,0.27035579085350037,-0.02573898807168007,-0.20053720474243164,0.5197153687477112,0.37590089440345764,0.1981472671031952,0.8106071949005127,0.2524830400943756,-0.6502692699432373
0.4551758749999989,0.0034223749999999996,133.0,1.5470680172694522,-0.2925327429079289,0.3331930723142573,0.0013561720533016536,6.860923048571095e-5,0.0006543218375101693,0.06832692463533732,-0.10232296586036682,0.15207181870937347,-0.17395427823066711,0.2576383054256439,-0.018777120858430862,-0.17313766479492188,0.5429224371910095,0.387378454208374,0.24086028337478638,0.815605640411377,0.2630919814109802,-0.6490620374679565
0.4551758749999989,0.0034223749999999996,133.0,1.5066523856901752,-0.2522384857885808,0.33304540588410064,0.0015114784623650917,7.871683856289724e-5,0.0007298947449700194,0.06832079011962426,-0.10442069172859192,0.15243077278137207,-0.1760120689868927,0.25516557693481445,-0.017889276146888733,-0.1594986915588379,0.5585269331932068,0.3883850574493408,0.25284507870674133,0.8222458362579346,0.26549428701400757,-0.6476438045501709
0.4551758749999989,0.0034223749999999996,133.0,1.4653183951110305,-0.2107446283999933,0.33273677535977075,0.0016628780352610302,8.753334022150718e-5,0.0008036270444657113,0.06830713690892538,-0.10759910941123962,0.1577395498752594,-0.1800028681755066,0.2688679099082947,-0.018797438591718674,-0.1626429557800293,0.5646464228630066,0.3733072280883789,0.2433329075574875,0.830747127532959,0.23958149552345276,-0.6463099718093872
0.4551758749999989,0.0034223749999999996,133.0,1.4239580288573268,-0.16743287482954755,0.33512035144428776,0.001805616405590853,8.442489554103887e-5,0.0008775763897161874,0.06822341513837422,-0.10854175686836243,0.15546323359012604,-0.18032881617546082,0.25587403774261475,-0.020429790019989014,-0.14056968688964844,0.5775594711303711,0.3813759982585907,0.24381379783153534,0.8414359092712402,0.27008211612701416,-0.6414535641670227
0.4551758749999989,0.0034223749999999996,133.0,1.3809084544133108,-0.12444490002204064,0.33487684342870344,0.0019034738587844439,9.622416275565136e-5,0.0009279591924403978,0.06821000495515274,-0.11272266507148743,0.15872451663017273,-0.18388226628303528,0.26067882776260376,-0.01591213047504425,-0.12691617012023926,0.5948013663291931,0.3769833743572235,0.2594917118549347,0.8537857532501221,0.2484329342842102,-0.6419121026992798
0.4551758749999989,0.0034223749999999996,133.0,1.3368436665763994,-0.08107910073843948,0.3348681720413366,0.0018781504393917535,0.00010097803237207378,0.0009199539377377107,0.06819867753469612,-0.11802750825881958,0.1497635543346405,-0.1830671727657318,0.22567874193191528,0.011862955056130886,-0.0799717903137207,0.6425426602363586,0.4166610538959503,0.3268972635269165,0.8780467510223389,0.31471964716911316,-0.6467587947845459
0.4551758749999989,0.0034223749999999996,133.0,1.2908365102629742,-0.03585539274311486,0.3321002475589183,0.0017579399524250787,6.303720918294695e-5,0.0008672581274427737,0.06819945015386311,-0.1396164894104004,0.19725210964679718,-0.19016902148723602,0.343189537525177,0.03468823805451393,-0.13743972778320312,0.42701128125190735,0.37693706154823303,-0.20639242231845856,1.0900261402130127,0.17263752222061157,-0.7245029807090759
0.4551758749999989,0.0034223749999999996,133.0,1.2436771651113763,0.012908279374144967,0.3322869693494613,0.00010357578066640891,-1.8153753719835953e-6,5.219124173473127e-5,0.06805077738161043,-0.18485313653945923,0.27332058548927307,-0.17674854397773743,0.4173852205276489,-0.001486592460423708,-0.011930227279663086,-0.08224949240684509,0.581728458404541,-1.4134067296981812,1.5508537292480469,0.10670553892850876,-1.002097725868225
0.4551758749999989,0.0034223749999999996,133.0,1.2859357471485928,0.050880976799905824,0.3349530552117214,-0.0017118763953249444,-9.362325381518837e-5,-0.0008981182267104036,0.0676144871007993,-0.21060293912887573,0.12228860706090927,-0.18183046579360962,0.6004554033279419,-0.17929314076900482,0.1388256549835205,0.8702405095100403,-0.0500255823135376,-0.607496440410614,1.4648308753967285,0.04116545617580414,-0.5501376390457153
0.4551758749999989,0.0034223749999999996,133.0,1.3262702302080838,0.09770740932179778,0.33797905882885537,-0.0019232925446952787,-2.3527543903653457e-6,-0.0010153073063691681,0.06725213647396573,-0.27132871747016907,0.15472351014614105,-0.12917593121528625,0.8597201108932495,-0.37965497374534607,0.3945446014404297,0.5046464800834656,0.0636187493801117,-1.4455429315567017,1.8625226020812988,0.32194310426712036,-0.9218375086784363
0.4551758749999989,0.0034223749999999996,133.0,1.3670738925204027,0.14332532096297726,0.34114371998824045,-0.0019301439349334914,5.3236012591093515e-5,-0.0009951605081275029,0.06705506607371521,-0.31998196244239807,0.18580549955368042,-0.07089298963546753,1.0915075540542603,-0.6738458871841431,0.5089303255081177,0.16104258596897125,0.19658571481704712,-1.8239977359771729,1.9662847518920898,0.5272918343544006,-1.2870419025421143
0.4551758749999989,0.0034223749999999996,133.0,1.4091894495738353,0.18721290404279728,0.34220090671639003,-0.0018265918088598721,5.9603050244928076e-5,-0.0009288651077740399,0.06700409709340374,-0.3286493122577667,0.2000465840101242,-0.056499093770980835,1.1506164073944092,-0.7417154908180237,0.5276399850845337,0.13033393025398254,0.2219972312450409,-1.9039740562438965,1.9441313743591309,0.5344798564910889,-1.3720612525939941
0.4551758749999989,0.0034223749999999996,133.0,1.450932069304827,0.2296861001948316,0.34273226760528097,-0.0016740382596498401,5.8698138858281033e-5,-0.0008443350744481449,0.06698690152233923,-0.32981374859809875,0.20783016085624695,-0.04348626732826233,1.2069056034088135,-0.7752432823181152,0.522986650466919,0.07856442034244537,0.220895916223526,-1.9248864650726318,1.8997654914855957,0.5669111609458923,-1.427488088607788
0.4551758749999989,0.0034223749999999996,133.0,1.4918393435410675,0.271054904224826,0.3426868971906179,-0.0014845441547874374,5.143842085208388e-5,-0.0007481027205072729,0.06698956663397548,-0.3326825797557831,0.2113664448261261,-0.042978256940841675,1.202286958694458,-0.8041073679924011,0.5388379096984863,0.0901508629322052,0.239056795835495,-1.9437510967254639,1.893585205078125,0.5844651460647583,-1.4412492513656616
0.4551758749999989,0.0034223749999999996,133.0,1.5321940958980622,0.3115590968022072,0.3428098190889866,-0.0013986592990817635,4.637094135415148e-5,-0.0007012815378566763,0.06698434247665015,-0.3319036662578583,0.21429023146629333,-0.04069116711616516,1.2166154384613037,-0.8044722080230713,0.547412633895874,0.1137055903673172,0.2358093559741974,-1.9554321765899658,1.866182804107666,0.6083457469940186,-1.4525859355926514
0.4551758749999989,0.0034223749999999996,133.0,1.5718034798531462,0.351268363067663,0.34314437279612436,-0.0011982544029823423,3.977358101429142e-5,-0.0005957203912064082,0.06697167101181307,-0.32967236638069153,0.21766245365142822,-0.03426462411880493,1.2526346445083618,-0.8016942739486694,0.546186089515686,0.11179468035697937,0.2218111753463745,-1.9614440202713013,1.8245353698730469,0.6395270228385925,-1.4748024940490723
0.4551758749999989,0.0034223749999999996,133.0,1.6104073017680012,0.39013193509678196,0.3433197652678141,-0.0010435907806590314,3.425448466239761e-5,-0.0005160690671881786,0.06696626431864829,-0.3297228515148163,0.22062668204307556,-0.03118845820426941,1.2669575214385986,-0.8136777281761169,0.5540487766265869,0.12017619609832764,0.22297638654708862,-1.9732662439346313,1.798595905303955,0.6649247407913208,-1.4905049800872803
0.4551758749999989,0.0034223749999999996,133.0,1.6481801207154352,0.4281582435183875,0.34348814305242387,-0.0008492133610436598,2.7603815321590755e-5,-0.00041779483813999597,0.06696110196102728,-0.32976385951042175,0.2234935164451599,-0.028240054845809937,1.2807790040969849,-0.8240454792976379,0.5611259937286377,0.12767930328845978,0.22348323464393616,-1.984355092048645,1.7735695838928223,0.6886649131774902,-1.5050373077392578
0.4551758749999989,0.0034223749999999996,133.0,1.6851255597520018,0.4653336215495604,0.34363290630478277,-0.0006763633259240678,2.1689003657868125e-5,-0.00033119728075145575,0.06695669140162265,-0.32976034283638,0.22610783576965332,-0.025626689195632935,1.2931615114212036,-0.8321101665496826,0.567581295967102,0.13588514924049377,0.22326481342315674,-1.9932658672332764,1.7502613067626953,0.7106666564941406,-1.5173921585083008
0.4551758749999989,0.0034223749999999996,133.0,1.7212382541592552,0.5016720546557321,0.3437799928949386,-0.0005112659554965911,1.616987539145115e-5,-0.0002491889676988855,0.06695227279682132,-0.32978954911231995,0.22867749631404877,-0.02286064624786377,1.3059282302856445,-0.8404070138931274,0.5736856460571289,0.14326420426368713,0.2228582799434662,-2.0025217533111572,1.7266969680786133,0.7328888773918152,-1.5299408435821533
0.4551758749999989,0.0034223749999999996,133.0,1.7565184242457967,0.5371641343336719,0.3438945738688433,-0.00035165308302615236,1.091582689708103e-5,-0.00017065880756468956,0.06694830341294752,-0.3297923505306244,0.23104898631572723,-0.020395606756210327,1.3175039291381836,-0.8461773991584778,0.5791217088699341,0.15098433196544647,0.2217877209186554,-2.0097405910491943,1.7048215866088867,0.7534693479537964,-1.5406203269958496
0.4551758749999989,0.0034223749999999996,133.0,1.7909422063062699,0.5718309645665192,0.34403685222376384,-0.000197385233742026,6.002049723688551e-6,-9.538389446184665e-5,0.06694227179192716,-0.32989856600761414,0.23320560157299042,-0.018455684185028076,1.3273627758026123,-0.8479259610176086,0.5840654373168945,0.1590474545955658,0.21990275382995605,-2.0142505168914795,1.6864886283874512,0.7704868912696838,-1.548744559288025
0.4551758749999989,0.0034223749999999996,133.0,1.8242506241113692,0.6056830805932111,0.3440214207281458,-5.887592793562299e-5,1.724829699548806e-6,-2.8410905189494162e-5,0.06693546027072682,-0.33315393328666687,0.2357516884803772,-0.01976892352104187,1.3176403045654297,-0.8613464832305908,0.6053587198257446,0.17661438882350922,0.23332199454307556,-2.027740716934204,1.6890597343444824,0.7730366587638855,-1.552599549293518
0.4551758749999989,0.0034223749999999996,133.0,1.8566998743302052,0.6387550517402275,0.34419554183561213,0.00012724880264183743,-3.710506097906718e-6,6.115990018136653e-5,0.06692172379470855,-0.33640214800834656,0.23859091103076935,-0.018806397914886475,1.3194291591644287,-0.8747555017471313,0.6207681894302368,0.1775047332048416,0.24239909648895264,-2.039032459259033,1.6864213943481445,0.776409387588501,-1.5635838508605957
0.4551758749999989,0.0034223749999999996,133.0,1.8889569443147396,0.668982899073001,0.34183635350534186,0.0003000749185553199,-7.293828740815461e-6,0.00014285334388408052,0.06707518863210575,-0.33073320984840393,0.23950530588626862,-0.00993695855140686,1.353757381439209,-0.8826740384101868,0.586074948310852,0.14028535783290863,0.22780311107635498,-2.018702507019043,1.6305136680603027,0.8241600394248962,-1.5834040641784668
0.4551758749999989,0.0034223749999999996,133.0,1.9198140619196842,0.7003643832277044,0.34196460371003917,0.0004748238778131826,-1.1536872629833262e-5,0.00022525163389661628,0.0670684446738169,-0.3335960805416107,0.24205884337425232,-0.008952319622039795,1.3541616201400757,-0.9017358422279358,0.6033575534820557,0.1471182256937027,0.23808130621910095,-2.034452438354492,1.6240487098693848,0.8350339531898499,-1.5942381620407104
0.4551758749999989,0.0034223749999999996,133.0,1.9501751406911123,0.7308658491169001,0.3423592540339479,0.0006825179215601243,-1.6517461173698142e-5,0.00032131704565952103,0.06705538614633519,-0.332157701253891,0.24400395154953003,-0.00431215763092041,1.3805450201034546,-0.8959327340126038,0.6011581420898438,0.15348714590072632,0.2231910228729248,-2.0431430339813232,1.5928149223327637,0.8599568009376526,-1.6058576107025146
0.4551758749999989,0.0034223749999999996,133.0,1.9797303867528793,0.7604917969007613,0.34262252138524,0.0008310941407962302,-1.9723951646812474e-5,0.0003889397937456318,0.0670492908038247,-0.3318401277065277,0.24526503682136536,-0.004939049482345581,1.3816032409667969,-0.8938624858856201,0.6155437231063843,0.188841313123703,0.21995145082473755,-2.0579795837402344,1.5756423473358154,0.879686176776886,-1.6039087772369385
0.4551758749999989,0.0034223749999999996,133.0,2.0084298779718197,0.7893080377564043,0.34301403853325035,0.0010211703962679135,-2.4806695923944393e-5,0.000474835848034755,0.0670400997412957,-0.33082690834999084,0.24694235622882843,0.0007292330265045166,1.4075233936309814,-0.8976860642433167,0.607298731803894,0.17715933918952942,0.20943933725357056,-2.059582471847534,1.5456047058105469,0.9054114818572998,-1.6193835735321045
0.4551758749999989,0.0034223749999999996,133.0,2.036106986384788,0.8172706100202815,0.34308698995295034,0.0011672717017309675,-2.855456504524043e-5,0.0005414444514994662,0.06704025357102603,-0.33272555470466614,0.24863487482070923,0.0006694197654724121,1.4021975994110107,-0.9153987169265747,0.6234811544418335,0.18986600637435913,0.21966463327407837,-2.0710930824279785,1.5380513668060303,0.9193515777587891,-1.6244487762451172
0.4551758749999989,0.0034223749999999996,133.0,2.063081083580404,0.8443776173045057,0.34326383125968146,0.0013307374568477207,-3.247570603234381e-5,0.0006146637262860945,0.06703694956109356,-0.3326413929462433,0.25020185112953186,0.00530630350112915,1.4205211400985718,-0.9239705204963684,0.6181583404541016,0.17766474187374115,0.2149728238582611,-2.0720765590667725,1.5143346786499023,0.9404339790344238,-1.638143539428711
0.4551758749999989,0.0034223749999999996,133.0,2.0893487156093675,0.8705742582013485,0.3432619956606502,0.0015261553318477606,-3.4812726808469655e-5,0.0007032048821619018,0.06703756366559621,-0.3313625752925873,0.2511351704597473,0.0065956711769104,1.4296677112579346,-0.9182808995246887,0.6205483675003052,0.1952465921640396,0.20628398656845093,-2.0778114795684814,1.4930431842803955,0.959283709526062,-1.6387465000152588
0.4551758749999989,0.0034223749999999996,133.0,2.1146755873334424,0.8960037211646429,0.3433796472876877,0.0017250094917258796,-3.910782481348923e-5,0.000792383950145744,0.06703426675623525,-0.33113154768943787,0.2522408664226532,0.007470518350601196,1.4357246160507202,-0.9153451323509216,0.6249996423721313,0.20657500624656677,0.2018134891986847,-2.081860065460205,1.4800443649291992,0.9707188606262207,-1.6404283046722412
0.4551758749999989,0.0034223749999999996,133.0,2.139000238160427,0.9206304959665877,0.34351590030434215,0.001946076999468521,-4.4629932981204144e-5,0.000891312733236175,0.06703109488529267,-0.3326011598110199,0.2537023723125458,0.008517026901245117,1.438607096672058,-0.9242785573005676,0.6324324607849121,0.20702838897705078,0.2053472399711609,-2.0869247913360596,1.471787452697754,0.9797500371932983,-1.6469345092773438
0.4551758749999989,0.0034223749999999996,133.0,2.1625398050642692,0.9443929641781469,0.34349687930843475,0.002109373871578975,-4.769122526901823e-5,0.0009651257242024848,0.06703094647041508,-0.3342110216617584,0.25504225492477417,0.008300751447677612,1.435164213180542,-0.9334473013877869,0.6442444324493408,0.21490386128425598,0.21164029836654663,-2.0932414531707764,1.467233657836914,0.9870965480804443,-1.6498973369598389
0.4551758749999989,0.0034223749999999996,133.0,2.1851816883185595,0.967334764802561,0.3435065980796131,0.002317434522633099,-5.182029039255782e-5,0.001058911872802674,0.06702923136180124,-0.3360156714916229,0.25649189949035645,0.007501482963562012,1.4293326139450073,-0.9423682689666748,0.6599560976028442,0.22808626294136047,0.21867185831069946,-2.103095054626465,1.4641525745391846,0.9928665161132812,-1.6512309312820435
0.4551758749999989,0.0034223749999999996,133.0,2.207052606983213,0.9894311892101861,0.343447922045345,0.002527810247589641,-5.5506925366727004e-5,0.0011547521726199522,0.06702883661649711,-0.3379829227924347,0.2580418884754181,0.007303416728973389,1.4233485460281372,-0.9579748511314392,0.6753201484680176,0.23546405136585236,0.22850564122200012,-2.1134252548217773,1.4601449966430664,0.9999672174453735,-1.6552112102508545
0.4551758749999989,0.0034223749999999996,133.0,2.228222157565503,1.0106847766616465,0.3435762689410399,0.0027512241344181143,-5.9871158560570926e-5,0.0012533299460672637,0.06702474552446565,-0.3380020558834076,0.2591663897037506,0.009077489376068115,1.4318994283676147,-0.9598487019538879,0.6780687570571899,0.23995187878608704,0.22455865144729614,-2.1198573112487793,1.4449913501739502,1.0133438110351562,-1.6599125862121582
0.4551758749999989,0.0034223749999999996,133.0,2.2486279490773624,1.0310871132042552,0.3439238456404047,0.0029786494481914756,-6.935630533373252e-5,0.0013477333916462311,0.06701753464308328,-0.33626553416252136,0.2602827548980713,0.016580283641815186,1.467155933380127,-0.9534133672714233,0.6519674062728882,0.20968963205814362,0.206484854221344,-2.1141793727874756,1.4186968803405762,1.0323610305786133,-1.6770163774490356
0.4551758749999989,0.0034223749999999996,133.0,2.268078637786376,1.0507592396987044,0.34422886524555324,0.0031544572404628747,-7.370394376270775e-5,0.001422950293113453,0.06701109384053452,-0.33669325709342957,0.26142996549606323,0.018542349338531494,1.476712703704834,-0.9540906548500061,0.6540217399597168,0.2128508985042572,0.2018997073173523,-2.1209824085235596,1.4057612419128418,1.0439162254333496,-1.6820623874664307
0.4551758749999989,0.0034223749999999996,133.0,2.2868173069001045,1.0695098776381993,0.3445671448199251,0.003354637220413707,-8.015513378195275e-5,0.0015056510074049065,0.06700440420495019,-0.33549764752388,0.2622588574886322,0.02400156855583191,1.502362847328186,-0.9496499300003052,0.6372506618499756,0.1963726431131363,0.18718290328979492,-2.1186585426330566,1.3822197914123535,1.0601812601089478,-1.6929618120193481
0.4551758749999989,0.0034223749999999996,133.0,2.304324190289778,1.087475126588336,0.34437240476522446,0.0035248912329859687,-8.506913260964849e-5,0.001584553008147153,0.06701003388812775,-0.33972588181495667,0.2640177011489868,0.02151593565940857,1.4816689491271973,-0.9784021377563477,0.6652445793151855,0.2029772847890854,0.21155744791030884,-2.131763219833374,1.3915276527404785,1.0579005479812622,-1.6968159675598145
0.4551758749999989,0.0034223749999999996,133.0,2.321382756340959,1.1045273390822319,0.3444902444705317,0.003727138060648334,-8.892817014977158e-5,0.0016710744200232933,0.06700700504060801,-0.33939287066459656,0.26479238271713257,0.02325311303138733,1.4905861616134644,-0.9772466421127319,0.6652836799621582,0.20711976289749146,0.20568561553955078,-2.136681079864502,1.3772966861724854,1.069235920906067,-1.6999313831329346
0.4551758749999989,0.0034223749999999996,133.0,2.3374890556545598,1.120772989298213,0.34460356203580145,0.003905036816799767,-9.376496690142062e-5,0.0017475394705108943,0.06700473067536988,-0.340028315782547,0.26557591557502747,0.02385127544403076,1.4915826320648193,-0.9856709241867065,0.6734169721603394,0.21286234259605408,0.20785290002822876,-2.1436872482299805,1.3682010173797607,1.0777369737625122,-1.7031879425048828
0.4551758749999989,0.0034223749999999996,133.0,2.3527090527057717,1.1360941947951853,0.34435133591926703,0.00408035133050552,-9.717262673295341e-5,0.0018254809021249795,0.06701011632456848,-0.34179261326789856,0.2665800452232361,0.02294638752937317,1.4811583757400513,-1.0048938989639282,0.69053053855896,0.2214919775724411,0.2202911376953125,-2.1532840728759766,1.365140438079834,1.084564208984375,-1.705338478088379
0.4551758749999989,0.0034223749999999996,133.0,2.3672522069177524,1.1506381372223853,0.3445262359604338,0.004219925417496978,-0.00010210374762925761,0.001882408423095842,0.06700872635808265,-0.3412763774394989,0.2668549418449402,0.025715619325637817,1.490502119064331,-1.0150617361068726,0.6867074966430664,0.21580509841442108,0.21856021881103516,-2.155536413192749,1.347973346710205,1.103317379951477,-1.712996006011963
0.4551758749999989,0.0034223749999999996,133.0,2.380851395946658,1.164355559146256,0.3445893176567653,0.00434391905160042,-0.00010907170300717625,0.001934843277199587,0.06701383623886817,-0.34240612387657166,0.2672789692878723,0.027156472206115723,1.487645149230957,-1.0437102317810059,0.6934504508972168,0.20781952142715454,0.23150044679641724,-2.1619069576263428,1.337813377380371,1.1227322816848755,-1.7231647968292236
0.4551758749999989,0.0034223749999999996,133.0,2.393870337462764,1.177307601099557,0.3450346837347845,0.0044781424278521244,-0.00011528489761445011,0.001988371340213942,0.06701093694403958,-0.3403463065624237,0.2671506404876709,0.03187817335128784,1.5083296298980713,-1.0469225645065308,0.6768481731414795,0.19255341589450836,0.2216256558895111,-2.162759304046631,1.3144645690917969,1.1483763456344604,-1.733938217163086
0.4551758749999989,0.0034223749999999996,133.0,2.4061939763186997,1.1891686364632867,0.3448630164163658,0.004619826942840238,-0.00011275966898473914,0.0020448897941849455,0.06701563296778253,-0.335724800825119,0.2663707733154297,0.03334882855415344,1.5231201648712158,-1.0237499475479126,0.6652288436889648,0.21564249694347382,0.1984359622001648,-2.164762496948242,1.2877624034881592,1.1729875802993774,-1.725606918334961
0.4551758749999989,0.0034223749999999996,133.0,2.417762229666979,1.2002647740874985,0.3450693055375503,0.004766196774074404,-0.00011437979522727463,0.002099417999065647,0.06701429854606895,-0.33093640208244324,0.2656312882900238,0.03796738386154175,1.55018949508667,-1.001127004623413,0.6384040117263794,0.21517151594161987,0.1717534065246582,-2.1606953144073486,1.258146047592163,1.1977018117904663,-1.725929856300354
0.4551758749999989,0.0034223749999999996,133.0,2.4285370314450345,1.2105339341700243,0.3451992215200648,0.00490709674835218,-0.00011161566405066758,0.0021525474608223797,0.06701419674852031,-0.32608267664909363,0.26472124457359314,0.03981578350067139,1.5681819915771484,-0.9718203544616699,0.6233112812042236,0.23767919838428497,0.14453908801078796,-2.161271810531616,1.2319200038909912,1.2188689708709717,-1.7167378664016724
0.4551758749999989,0.0034223749999999996,133.0,2.438336330455681,1.2200616530554573,0.34536863108329346,0.005068291481473827,-0.00010942993379808284,0.0022181181980989264,0.06701412089871217,-0.32257869839668274,0.264141708612442,0.0409141480922699,1.5797297954559326,-0.9527100324630737,0.6155846118927002,0.25738346576690674,0.1262502372264862,-2.1649653911590576,1.211815595626831,1.2366849184036255,-1.7100412845611572
0.4551758749999989,0.0034223749999999996,133.0,2.446829660736288,1.230862888413586,0.34835464481339073,0.005300449399691965,-0.00013398739601242342,0.0023079053385859916,0.06683193301035562,-0.3244260251522064,0.26551172137260437,0.04095819592475891,1.6002144813537598,-0.9229764938354492,0.6316330432891846,0.2880246937274933,0.10585358738899231,-2.191965103149414,1.2135505676269531,1.226434588432312,-1.7101322412490845
0.4551758749999989,0.0034223749999999996,133.0,2.4551692791123534,1.2386635830940378,0.348693317679415,0.005548956764644619,-0.0001382313441353048,0.0024048593039431012,0.06683085802541955,-0.3189307153224945,0.264517605304718,0.044681280851364136,1.6282451152801514,-0.8839807510375977,0.6009211540222168,0.29574257135391235,0.07124751806259155,-2.185680627822876,1.1871895790100098,1.240209937095642,-1.7034378051757812
0.4551758749999989,0.0034223749999999996,133.0,2.4624313636878026,1.24563539374744,0.34868647485344345,0.0059246279678657155,-0.0001416595633861553,0.0025632813263415212,0.06683332827373169,-0.3157719075679779,0.26402685046195984,0.04574066400527954,1.6373827457427979,-0.8716471791267395,0.593277096748352,0.3079286813735962,0.05779352784156799,-2.1894478797912598,1.1681501865386963,1.254997730255127,-1.6991565227508545
0.4551758749999989,0.0034223749999999996,133.0,2.468973106306545,1.2518145260526146,0.34888297176724903,0.006553784631695839,-0.00015516067890893655,0.002825639874935617,0.06683379270174257,-0.31169918179512024,0.2635658085346222,0.04753684997558594,1.6544954776763916,-0.8454800844192505,0.576676607131958,0.3184475004673004,0.03502491116523743,-2.1910336017608643,1.1480176448822021,1.2633538246154785,-1.6934542655944824
0.4551758749999989,0.0034223749999999996,133.0,2.474629267153617,1.257185464470288,0.3488021960263574,0.00797862463860071,-0.0001831614384391573,0.0034318717040301362,0.06683778444785826,-0.30841538310050964,0.26369866728782654,0.047373175621032715,1.6616854667663574,-0.8371576070785522,0.578680157661438,0.3346349596977234,0.02471652626991272,-2.207411289215088,1.1264002323150635,1.2745351791381836,-1.6904468536376953
0.4551758749999989,0.0034223749999999996,133.0,2.4795168506995453,1.262109983467277,0.34893510698192065,0.014827832901974654,-0.00038339740047060763,0.006293586382317773,0.06682941035105686,-0.3043365180492401,0.26792043447494507,0.04857853055000305,1.6883718967437744,-0.8520296812057495,0.6017247438430786,0.33709514141082764,0.019648075103759766,-2.286396026611328,1.0686366558074951,1.2829288244247437,-1.712383508682251
0.4551758749999989,0.0034223749999999996,133.0,2.4660532889907176,-1.2373307400702254,0.3253932713418456,-0.013878733753841835,-0.00028501847452111565,-0.006667327306824937,0.06846319462991417,-0.05201798677444458,0.14131200313568115,-0.12653997540473938,0.3316257894039154,0.005616339389234781,-0.6759839057922363,0.27858924865722656,0.41617003083229065,-0.12411973625421524,0.6818840503692627,0.43740007281303406,-0.750845193862915
0.4551758749999989,0.0034223749999999996,133.0,2.461478688185951,-1.2325445744672239,0.32564890347016234,-0.007492061068551827,-0.00012043352951290733,-0.003596505521668731,0.0684379957679249,-0.052583903074264526,0.14610916376113892,-0.12349256873130798,0.3484569787979126,-0.04248945042490959,-0.6684322357177734,0.26851049065589905,0.3966584801673889,-0.18726904690265656,0.6978938579559326,0.4181089997291565,-0.7480449676513672
0.4551758749999989,0.0034223749999999996,133.0,2.4560051965220935,-1.2271029200736931,0.3256186875334494,-0.0061555481604185155,-9.506865197412396e-5,-0.0029519550888024108,0.06842791339703322,-0.05431443452835083,0.14675705134868622,-0.12295851111412048,0.3485180139541626,-0.04204753413796425,-0.6498327255249023,0.26646557450294495,0.3933813273906708,-0.17686086893081665,0.7032558917999268,0.38263842463493347,-0.7448245882987976
0.4551758749999989,0.0034223749999999996,133.0,2.449801071939949,-1.2210120225620016,0.32561720024639745,-0.0055671843573267,-8.456715248119029e-5,-0.0026675190411642805,0.06842451584657276,-0.054583221673965454,0.14531227946281433,-0.12267228960990906,0.3434174656867981,-0.042541224509477615,-0.6357614994049072,0.2680477201938629,0.39242082834243774,-0.1621551215648651,0.7039844989776611,0.36991649866104126,-0.7387580275535583
0.4551758749999989,0.0034223749999999996,133.0,2.442651893381062,-1.214008587195273,0.3255717273270377,-0.00522522627466919,-8.349985231439344e-5,-0.0025030353063165557,0.06841821983551291,-0.05619466304779053,0.14547507464885712,-0.12315618991851807,0.34115174412727356,-0.035833295434713364,-0.6149277687072754,0.26923543214797974,0.39142894744873047,-0.13550902903079987,0.7046594619750977,0.3309726119041443,-0.735502302646637
0.4551758749999989,0.0034223749999999996,133.0,2.4339111756567426,-1.2078007908442678,0.32299499353395406,-0.004984276255530535,-0.0001312165925949884,-0.0023847303808179126,0.06849311219407597,-0.055936068296432495,0.14315907657146454,-0.12268996238708496,0.3357069492340088,-0.030901096761226654,-0.6052227020263672,0.2750738561153412,0.39165207743644714,-0.11259492486715317,0.6999201774597168,0.3197346329689026,-0.7302905917167664
0.4551758749999989,0.0034223749999999996,133.0,2.425156029715735,-1.1993389497005011,0.3229587587866373,-0.004786848393817625,-0.0001310941112954494,-0.002290443276555787,0.06848981455173653,-0.056989431381225586,0.1405632048845291,-0.12180915474891663,0.3255821168422699,-0.023366060107946396,-0.5765442848205566,0.27890151739120483,0.3956989645957947,-0.07897590100765228,0.700904130935669,0.29742053151130676,-0.7242221832275391
0.4551758749999989,0.0034223749999999996,133.0,2.4155997529198068,-1.189929441092703,0.3228535566354989,-0.0046392335397559105,-0.00012909557394669366,-0.0022164262823783478,0.06848696035493948,-0.057476431131362915,0.13975831866264343,-0.12256300449371338,0.32162103056907654,-0.019816413521766663,-0.5588221549987793,0.28304576873779297,0.3951007127761841,-0.05373619869351387,0.6970047950744629,0.27379581332206726,-0.7196553945541382
0.4551758749999989,0.0034223749999999996,133.0,2.405161654387679,-1.1796484936585212,0.32279495719926815,-0.004507681592994863,-0.00012832773681553818,-0.002149133522251231,0.06848225212048627,-0.05872449278831482,0.13843174278736115,-0.12270525097846985,0.3150198459625244,-0.011317208409309387,-0.5302071571350098,0.2884673476219177,0.3974304795265198,-0.016305966302752495,0.6939105987548828,0.24025863409042358,-0.7153787612915039
0.4551758749999989,0.0034223749999999996,133.0,2.3939392790166503,-1.1686600544043007,0.32282305297167224,-0.004374441383394542,-0.00013011983728745852,-0.0020848086440103655,0.06847981804393964,-0.05906665325164795,0.13515928387641907,-0.12173324823379517,0.3031039237976074,-0.005404983647167683,-0.49907898902893066,0.29427972435951233,0.4029143154621124,0.018624071031808853,0.6908509731292725,0.2256695032119751,-0.7089391350746155
0.4551758749999989,0.0034223749999999996,133.0,2.3819324465820486,-1.1567311892858898,0.32280449288991836,-0.004251625648892415,-0.00012927353999506768,-0.0020235997879277795,0.06847860210903718,-0.058784425258636475,0.1340540498495102,-0.12260803580284119,0.29844269156455994,-0.005851931404322386,-0.4831094741821289,0.2991285026073456,0.40244799852371216,0.03971206396818161,0.6843404769897461,0.21252579987049103,-0.7037912011146545
0.4551758749999989,0.0034223749999999996,133.0,2.3691135670013046,-1.1439514306481373,0.3226958023152611,-0.004127667582911223,-0.0001254885111260485,-0.001958173082798142,0.0684782914967621,-0.05840301513671875,0.13289007544517517,-0.12387624382972717,0.29451215267181396,-0.004237285349518061,-0.46730828285217285,0.30551835894584656,0.4008248746395111,0.0662662535905838,0.6753461360931396,0.19488254189491272,-0.6982091069221497
0.4551758749999989,0.0034223749999999996,133.0,2.3555429684192117,-1.1302855626200146,0.3226008813342043,-0.004019513334265671,-0.00012086783250375481,-0.0019043274244031699,0.0684799785905883,-0.056798845529556274,0.13266195356845856,-0.12601503729820251,0.2945607304573059,-0.012929105199873447,-0.4701077938079834,0.306986927986145,0.39430445432662964,0.07181010395288467,0.6666343212127686,0.1951856017112732,-0.6916874051094055
0.4551758749999989,0.0034223749999999996,133.0,2.34111992859885,-1.115773883852084,0.32248416367284577,-0.003882201390179849,-0.00011486810799239057,-0.0018366217219163545,0.06848146041313088,-0.0553167462348938,0.13246895372867584,-0.1275922954082489,0.29439565539360046,-0.022923637181520462,-0.4741673469543457,0.3075870871543884,0.38892805576324463,0.07002530246973038,0.6613714694976807,0.2036559283733368,-0.6861060261726379
0.4551758749999989,0.0034223749999999996,133.0,2.3257744864018166,-1.1004050041091418,0.3223608255340122,-0.0037068611306003978,-0.00011192357228380412,-0.001755432942302932,0.06847980450901782,-0.055729180574417114,0.1329716593027115,-0.1289587914943695,0.29436442255973816,-0.02438485249876976,-0.46685290336608887,0.31141024827957153,0.3869391083717346,0.07938467711210251,0.6590828895568848,0.19548824429512024,-0.6840842366218567
0.4551758749999989,0.0034223749999999996,133.0,2.3095606526237416,-1.0841887174344746,0.3222755624332837,-0.0035444471075779895,-0.00010605904038955267,-0.0016767672999222448,0.06847713654688452,-0.056208908557891846,0.1343136727809906,-0.13065838813781738,0.2970280945301056,-0.027243398129940033,-0.4675450325012207,0.3129192292690277,0.3829682469367981,0.08100899308919907,0.6591520309448242,0.19203196465969086,-0.682770848274231
0.4551758749999989,0.0034223749999999996,133.0,2.2925133362845322,-1.067206562387504,0.3222417255819067,-0.0033583231103039945,-0.00010198969946974143,-0.0015900051949177022,0.06847439594638803,-0.057236313819885254,0.1348152905702591,-0.13126727938652039,0.29595088958740234,-0.027882438153028488,-0.4576914310455322,0.31759247183799744,0.3837192952632904,0.0836065262556076,0.6621835231781006,0.1922612488269806,-0.6824847459793091
0.4551758749999989,0.0034223749999999996,133.0,2.274674471902616,-1.0492836458117114,0.32215822800983485,-0.003182218251946291,-9.451543395405596e-5,-0.001507243148265151,0.06847286004119894,-0.057190150022506714,0.13571566343307495,-0.13213491439819336,0.297854483127594,-0.03589431941509247,-0.4667036533355713,0.31843340396881104,0.380708247423172,0.06198399141430855,0.6680991649627686,0.21646426618099213,-0.6814217567443848
0.4551758749999989,0.0034223749999999996,133.0,2.255894833140542,-1.0304852893860357,0.3220801320782972,-0.0029994555668852643,-8.987293297456518e-5,-0.0014205019138265997,0.06846689895494601,-0.05897033214569092,0.13753293454647064,-0.13385269045829773,0.3004792332649231,-0.03387792408466339,-0.46010303497314453,0.3235339820384979,0.3788045644760132,0.06840088218450546,0.6709449291229248,0.20514413714408875,-0.6821783185005188
0.4551758749999989,0.0034223749999999996,133.0,2.236338466882987,-1.0109770380681489,0.3220029884714894,-0.0028354260858999484,-8.716457497330857e-5,-0.001343962898699854,0.06846357770135003,-0.05994775891304016,0.13796906173229218,-0.13481038808822632,0.29924654960632324,-0.034285832196474075,-0.4501473903656006,0.3291911780834198,0.3788383901119232,0.07303708791732788,0.6733713150024414,0.2042846977710724,-0.6810168027877808
0.4551758749999989,0.0034223749999999996,133.0,2.2159795232813497,-0.9905598719772774,0.3219132331151776,-0.0026204850320510112,-8.032866482400023e-5,-0.001243187287302806,0.06846042286508752,-0.06078338623046875,0.13941006362438202,-0.13614782691001892,0.301799476146698,-0.0380924791097641,-0.45193958282470703,0.3322351276874542,0.3758137822151184,0.06337466090917587,0.678351879119873,0.21238930523395538,-0.68058180809021
0.4551758749999989,0.0034223749999999996,133.0,2.1947416006384364,-0.9696829682497672,0.32197380461937936,-0.002406765773639824,-7.731176761199477e-5,-0.0011432217507020683,0.0684581091400898,-0.062005460262298584,0.13556312024593353,-0.1346997618675232,0.28771913051605225,-0.028940364718437195,-0.41901588439941406,0.3390440344810486,0.3860994577407837,0.09318707138299942,0.681973934173584,0.21633538603782654,-0.6768205761909485
0.4551758749999989,0.0034223749999999996,133.0,2.172674438210879,-0.9475898336564369,0.32186310372873017,-0.0022047375723361334,-6.981451422812593e-5,-0.0010468957685455511,0.0684541213126976,-0.06319698691368103,0.1372077614068985,-0.13627222180366516,0.290399968624115,-0.032695915549993515,-0.41986966133117676,0.34388798475265503,0.38374045491218567,0.08221007883548737,0.6877765655517578,0.22533464431762695,-0.6772031188011169
0.4551758749999989,0.0034223749999999996,133.0,2.1497186003077142,-0.9246177893527451,0.32172169314491383,-0.0020033434361133953,-6.369591105891858e-5,-0.0009506500920498913,0.0684481835274028,-0.06527024507522583,0.1396140158176422,-0.13843628764152527,0.2943701446056366,-0.03291355073451996,-0.415834903717041,0.3510298430919647,0.38134750723838806,0.08067285269498825,0.6927876472473145,0.2202506810426712,-0.6788445115089417
0.4551758749999989,0.0034223749999999996,133.0,2.125891522212888,-0.9006843930805203,0.32149266950194916,-0.0018421362823014668,-5.828045575140777e-5,-0.0008731093745835079,0.06844094318993017,-0.06784331798553467,0.14413858950138092,-0.14192894101142883,0.30459165573120117,-0.033856213092803955,-0.4197258949279785,0.3569256663322449,0.3738314211368561,0.07552450150251389,0.6973645687103271,0.2043643742799759,-0.6816024780273438
0.4551758749999989,0.0034223749999999996,133.0,2.1013324647674376,-0.8760514137355808,0.32137000952602923,-0.0016440180704367356,-5.118541177504149e-5,-0.0007800933762128038,0.06843630936665518,-0.06935581564903259,0.1466672569513321,-0.14363259077072144,0.3094145357608795,-0.03845995292067528,-0.42352986335754395,0.36018285155296326,0.370064914226532,0.0559418722987175,0.7056674957275391,0.21583908796310425,-0.6827282905578613
0.4551758749999989,0.0034223749999999996,133.0,2.0758838344968065,-0.8506948649384136,0.3213719763922691,-0.0014602759715021604,-4.780136076651985e-5,-0.0006949372819438113,0.06843035554758646,-0.07106611132621765,0.14670434594154358,-0.14447543025016785,0.3059210777282715,-0.03694983944296837,-0.4095621109008789,0.3672788441181183,0.3724966049194336,0.06120757758617401,0.7119641304016113,0.2215949445962906,-0.6817319989204407
0.4551758749999989,0.0034223749999999996,133.0,2.0496531911601528,-0.8246469802088483,0.32132690349621323,-0.0012791725761788946,-4.292454117715745e-5,-0.0006090545608328012,0.06842696630657617,-0.07245534658432007,0.14540117979049683,-0.14498603343963623,0.29879260063171387,-0.03400501608848572,-0.3903946876525879,0.3756351172924042,0.37711960077285767,0.07603723555803299,0.7168259620666504,0.22813376784324646,-0.6792727112770081
0.4551758749999989,0.0034223749999999996,133.0,2.022610033337538,-0.7976639099764705,0.32122463675320506,-0.00112904179466749,-3.866291871087622e-5,-0.0005377471881573355,0.06842330467259446,-0.07343366742134094,0.14556777477264404,-0.14652565121650696,0.2960317134857178,-0.03509989753365517,-0.3778421878814697,0.3825928568840027,0.3768168091773987,0.08623659610748291,0.7191226482391357,0.22764325141906738,-0.676228404045105
0.4551758749999989,0.0034223749999999996,133.0,1.9947954061534008,-0.7698842993401764,0.3211168208852933,-0.0009952374271152671,-3.4450356891667224e-5,-0.00047425408015476815,0.06842170416772979,-0.07354584336280823,0.14529800415039062,-0.14792054891586304,0.2927052974700928,-0.039940737187862396,-0.36983823776245117,0.38751012086868286,0.37558239698410034,0.08930688351392746,0.7207012176513672,0.23616784811019897,-0.671675443649292
0.4551758749999989,0.0034223749999999996,133.0,1.9660483761119865,-0.741287127289533,0.3209944318073579,-0.0008217853876040046,-2.850324033626669e-5,-0.0003907294866023372,0.06841791735467677,-0.07513722777366638,0.14497236907482147,-0.1495753526687622,0.2883675694465637,-0.036927688866853714,-0.351595401763916,0.3962760865688324,0.3771442770957947,0.11461959034204483,0.7225925922393799,0.2284454107284546,-0.6689004898071289
0.4551758749999989,0.0034223749999999996,133.0,1.9364731455101627,-0.7119031090254229,0.32091052431849393,-0.0006899043618139142,-2.468477121806321e-5,-0.0003279267998945629,0.06841468302016743,-0.07665491104125977,0.1439497023820877,-0.15064716339111328,0.2814252972602844,-0.03373046591877937,-0.3304636478424072,0.40670907497406006,0.38166913390159607,0.1375533938407898,0.7258899211883545,0.2292388379573822,-0.6665086150169373
0.4551758749999989,0.0034223749999999996,133.0,1.9060537963374797,-0.6815793781462212,0.32079278314008935,-0.0005178531072076692,-1.9087505369219253e-5,-0.00024638103628902533,0.06840957169282283,-0.07848411798477173,0.14453725516796112,-0.15218204259872437,0.27917420864105225,-0.0330037996172905,-0.31714487075805664,0.4157603979110718,0.38265594840049744,0.14500193297863007,0.7319595813751221,0.23206305503845215,-0.6652964353561401
0.4551758749999989,0.0034223749999999996,133.0,1.874836826764258,-0.6502644811954841,0.3206374623119495,-0.00032536328556506607,-1.1657261987343065e-5,-0.00015474148065353454,0.06840348132571032,-0.08009743690490723,0.14748096466064453,-0.154585063457489,0.2849215865135193,-0.03752336651086807,-0.3197758197784424,0.418537974357605,0.3753397464752197,0.12956352531909943,0.7401313781738281,0.23539620637893677,-0.6637722253799438
0.4551758749999989,0.0034223749999999996,133.0,1.8427522783039478,-0.6181591986613968,0.3204948511482477,-0.00015207107945878402,-5.5247165656947505e-6,-7.247158143792534e-5,0.06839627864422936,-0.0821867287158966,0.1497422456741333,-0.15664082765579224,0.28787925839424133,-0.0379672646522522,-0.31490540504455566,0.42419907450675964,0.3712340295314789,0.12294561415910721,0.7488248348236084,0.23684567213058472,-0.6626811027526855
0.4551758749999989,0.0034223749999999996,133.0,1.8098168645258383,-0.5855064022654645,0.3204199968129992,1.6859424555543596e-5,6.576764291179369e-7,8.070843088939264e-6,0.068391232393715,-0.084300696849823,0.1478663831949234,-0.15705567598342896,0.27827396988868713,-0.031085681170225143,-0.29277873039245605,0.4365506172180176,0.37899351119995117,0.13771255314350128,0.758098840713501,0.2534697949886322,-0.6609156131744385
0.4551758749999989,0.0034223749999999996,133.0,1.7760470377907314,-0.551835853572993,0.3202946724289283,0.00018626051527943763,7.4282959729786135e-6,8.923013033674927e-5,0.06838497042393882,-0.08655416965484619,0.14866504073143005,-0.15887725353240967,0.27632924914360046,-0.029287241399288177,-0.2788257598876953,0.4474642276763916,0.379768967628479,0.1449168473482132,0.7657196521759033,0.25606444478034973,-0.6598093509674072
0.4551758749999989,0.0034223749999999996,133.0,1.7414073318815486,-0.5171476514423663,0.3200736542497837,0.0003698949093646144,1.46986597246228e-5,0.00017708070309421165,0.06837581695755496,-0.08942535519599915,0.15221081674098969,-0.16215470433235168,0.2830914855003357,-0.029708851128816605,-0.2752053737640381,0.4552557170391083,0.37295079231262207,0.14255627989768982,0.7737796306610107,0.2455400824546814,-0.6598089337348938
0.4551758749999989,0.0034223749999999996,133.0,1.7059469488487145,-0.4818039707461833,0.3199372734337411,0.0005143496583403006,2.0867945933942658e-5,0.0002464047717360134,0.06836891016116554,-0.09203919768333435,0.15324674546718597,-0.16409483551979065,0.28158828616142273,-0.027639169245958328,-0.2613849639892578,0.4671335220336914,0.3739939033985138,0.14786545932292938,0.7829291820526123,0.24916476011276245,-0.6594254374504089
0.4551758749999989,0.0034223749999999996,133.0,1.6696657922052196,-0.4456372848202987,0.319797661628861,0.0006772905758246046,2.8104458949881345e-5,0.0003246915444694952,0.06836217236443341,-0.09451067447662354,0.15414617955684662,-0.166081964969635,0.27980536222457886,-0.02595912665128708,-0.2471785545349121,0.47931522130966187,0.37478163838386536,0.1548571139574051,0.7914214134216309,0.2518847584724426,-0.6584964990615845
0.4551758749999989,0.0034223749999999996,133.0,1.6325744027997133,-0.40864867381432807,0.31966735337464136,0.0008508637584308898,3.621316919515845e-5,0.0004081916530462777,0.06835589997605825,-0.09665524959564209,0.1547957807779312,-0.1681138575077057,0.27747952938079834,-0.025079552084207535,-0.23259258270263672,0.49164286255836487,0.3752095103263855,0.16491474211215973,0.7984378337860107,0.2530519366264343,-0.6566455960273743
0.4551758749999989,0.0034223749999999996,133.0,1.594684946868748,-0.3708571864157474,0.31952065130459145,0.0010479341466385068,4.621380455981867e-5,0.0005033421920266025,0.06835068073390231,-0.09835228323936462,0.15506595373153687,-0.17026051878929138,0.27452343702316284,-0.026070043444633484,-0.21819162368774414,0.5044735074043274,0.37545979022979736,0.1780308187007904,0.8034279346466064,0.2539680004119873,-0.6539672017097473
0.4551758749999989,0.0034223749999999996,133.0,1.5559730311503597,-0.33223206055709753,0.3194030462891423,0.0012351162495846822,5.6131868386471355e-5,0.0005936264077569171,0.06834584417551832,-0.09978634119033813,0.15513189136981964,-0.17246520519256592,0.27114245295524597,-0.02817557379603386,-0.20383405685424805,0.5177814960479736,0.37575748562812805,0.1933506280183792,0.8071908950805664,0.2543483078479767,-0.6508984565734863
0.4551758749999989,0.0034223749999999996,133.0,1.516360299524474,-0.29300532490087317,0.31928844134647766,0.0013564112479715043,6.548753862591853e-5,0.0006524813763556188,0.06834328533736664,-0.10200038552284241,0.15225236117839813,-0.17391809821128845,0.25849902629852295,-0.021200019866228104,-0.17655396461486816,0.5410454869270325,0.38723045587539673,0.23602719604969025,0.8121902942657471,0.26504141092300415,-0.6497613191604614
0.4551758749999989,0.0034223749999999996,133.0,1.4759516366326582,-0.25271194409468767,0.3191472332221866,0.0015117510327685502,7.512782165814281e-5,0.0007278167974307322,0.06833748005698773,-0.10409876704216003,0.15262450277805328,-0.17597994208335876,0.25610804557800293,-0.020306315273046494,-0.16303372383117676,0.5566132068634033,0.38822048902511597,0.24780896306037903,0.8187968730926514,0.2674877941608429,-0.6484081745147705
0.4551758749999989,0.0034223749999999996,133.0,1.4346292779397134,-0.21123398587302222,0.3188520703870766,0.001663168152277138,8.353734221677672e-5,0.0008013023008435815,0.06832437893386012,-0.10727259516716003,0.1579754799604416,-0.17998334765434265,0.26992785930633545,-0.021192677319049835,-0.16629624366760254,0.5625132322311401,0.3730708360671997,0.2379385232925415,0.8271596431732178,0.24134695529937744,-0.6471190452575684
0.4551758749999989,0.0034223749999999996,133.0,1.3932694456283838,-0.16791218709728684,0.3212343053429797,0.0018059633416325322,8.001133674857244e-5,0.0008749686569909067,0.06824050471697225,-0.10820987820625305,0.15567775070667267,-0.18028590083122253,0.25699999928474426,-0.02285432443022728,-0.1443042755126953,0.5755154490470886,0.38117456436157227,0.238266721367836,0.837841272354126,0.2721914052963257,-0.6423651576042175
0.4551758749999989,0.0034223749999999996,133.0,1.3502340187704114,-0.12493430369867901,0.3210020420416257,0.0019038323859363827,9.138864968112673e-5,0.0009251780489900474,0.06822783765679744,-0.11243137717247009,0.1590019017457962,-0.18384334444999695,0.2620213031768799,-0.018060103058815002,-0.13073945045471191,0.592576801776886,0.37669116258621216,0.25351306796073914,0.850231409072876,0.2502673268318176,-0.6429505944252014
0.4551758749999989,0.0034223749999999996,133.0,1.3061870880676232,-0.08153888963526269,0.3209885939353927,0.0018786000976462112,9.567373180066091e-5,0.0009170776178649494,0.06821672649577305,-0.11769986152648926,0.14995203912258148,-0.18302789330482483,0.22701257467269897,0.009795388206839561,-0.08385801315307617,0.6406437754631042,0.41641050577163696,0.32152071595191956,0.8743226528167725,0.3170304596424103,-0.6478322744369507
0.4551758749999989,0.0034223749999999996,133.0,1.2602556112267567,-0.036448105803818,0.318247101640448,0.001758305151886506,6.010878239282719e-5,0.0008637906912396735,0.06822197889332698,-0.13873758912086487,0.1970570832490921,-0.19010595977306366,0.34334737062454224,0.032130591571331024,-0.14174699783325195,0.4247846305370331,0.3768642544746399,-0.20732417702674866,1.0824971199035645,0.17548346519470215,-0.7245697975158691
0.4551758749999989,0.0034223749999999996,133.0,1.2132528637752364,0.012016347352184351,0.3184096795971245,0.0001035998580755464,-1.5705644625308735e-6,5.189296659591634e-5,0.06808485173493649,-0.18174651265144348,0.270981103181839,-0.1786768138408661,0.42369604110717773,0.004207158461213112,-0.028601408004760742,-0.061059463769197464,0.5562567710876465,-1.3421615362167358,1.5194106101989746,0.07583814114332199,-0.9829806685447693
0.4551758749999989,0.0034223749999999996,133.0,1.2556058852764218,0.05051113569793805,0.3211124649966546,-0.0017118752041839996,-9.019034043840905e-5,-0.0008931829595579415,0.06765731416000868,-0.20864653587341309,0.12158090621232986,-0.181902676820755,0.596750020980835,-0.17917929589748383,0.13239431381225586,0.8682090640068054,-0.051424622535705566,-0.5962275266647339,1.4538967609405518,0.04396683722734451,-0.5450229644775391
0.4551758749999989,0.0034223749999999996,133.0,1.2961512624168492,0.09722616292812457,0.32398340879014514,-0.0019221571819458588,-3.7068764085577e-6,-0.0010090001280066868,0.06731314813315736,-0.26880142092704773,0.15372490882873535,-0.1301918625831604,0.8520609736442566,-0.37590041756629944,0.3870553970336914,0.5077949166297913,0.06167197227478027,-1.4354201555252075,1.8525676727294922,0.32284656167030334,-0.912192702293396
0.4551758749999989,0.0034223749999999996,133.0,1.3371239440605869,0.14273591329626234,0.3269617957628295,-0.0019278446105080688,4.851925031510584e-5,-0.0009896746752145358,0.0671271618832189,-0.3170457184314728,0.18454520404338837,-0.0728369653224945,1.0806046724319458,-0.6657345294952393,0.502947211265564,0.1697358787059784,0.19362390041351318,-1.8160144090652466,1.9591450691223145,0.527634859085083,-1.2731213569641113
0.4551758749999989,0.0034223749999999996,133.0,1.3792646621922573,0.18656862974272692,0.3279576608155892,-0.0018239874872098593,5.468704228250539e-5,-0.0009242080868019749,0.06707883280156988,-0.32568010687828064,0.19872763752937317,-0.05874812602996826,1.139064073562622,-0.7319148778915405,0.5221757888793945,0.1401309072971344,0.2188912034034729,-1.8960638046264648,1.9385480880737305,0.5340075492858887,-1.3573452234268188
0.4551758749999989,0.0034223749999999996,133.0,1.421019927636995,0.22901673605983822,0.32846204359025133,-0.00167149857431367,5.3992482225042064e-5,-0.0008403202981671819,0.06706226358219154,-0.32687440514564514,0.20653370022773743,-0.045932620763778687,1.195160150527954,-0.7646243572235107,0.5179359912872314,0.08881013095378876,0.21782127022743225,-1.917358636856079,1.8954696655273438,0.5657235383987427,-1.4126160144805908
0.4551758749999989,0.0034223749999999996,133.0,1.4619375308788418,0.27037247369885076,0.3284149253940135,-0.0014822642226782656,4.7275442869359095e-5,-0.0007446011288835621,0.06706486292445032,-0.3297439515590668,0.21007461845874786,-0.04547068476676941,1.1905492544174194,-0.7928478717803955,0.5337924957275391,0.10033455491065979,0.2358262836933136,-1.9363049268722534,1.8896918296813965,0.5829238295555115,-1.4262263774871826
0.4551758749999989,0.0034223749999999996,133.0,1.5022902941347465,0.3108654614419383,0.3285310515879728,-0.0013964326845054213,4.255303466503136e-5,-0.0006981108170984497,0.06705973549682501,-0.32895854115486145,0.21301639080047607,-0.043261945247650146,1.2048063278198242,-0.7928333878517151,0.542418360710144,0.12369149923324585,0.23267623782157898,-1.9479964971542358,1.8626890182495117,0.6062070727348328,-1.4375898838043213
0.4551758749999989,0.0034223749999999996,133.0,1.5418930294618118,0.350561569623156,0.3288446652684881,-0.0011962271564910033,3.6515821648989534e-5,-0.0005931930209433577,0.06704762315981341,-0.3267225921154022,0.2164200395345688,-0.03694343566894531,1.2406938076019287,-0.7898939251899719,0.5412983894348145,0.12169411778450012,0.21889278292655945,-1.95411217212677,1.8215579986572266,0.63686603307724,-1.4598937034606934
0.4551758749999989,0.0034223749999999996,133.0,1.5804977324070852,0.3894136164525563,0.32901006705106783,-0.0010417657372779523,3.144209806202387e-5,-0.0005139707663019842,0.06704240370701596,-0.32676371932029724,0.21940577030181885,-0.03393873572349548,1.2549681663513184,-0.8015161752700806,0.5491981506347656,0.12992851436138153,0.22011128067970276,-1.9660229682922363,1.796003818511963,0.6618602871894836,-1.4756031036376953
0.4551758749999989,0.0034223749999999996,133.0,1.6182713240665423,0.42742875813489756,0.3291688168398029,-0.0008476822487310193,2.533399217069903e-5,-0.0004161674559720825,0.0670374214661505,-0.32679179310798645,0.22229091823101044,-0.03106752038002014,1.2687222957611084,-0.8114911317825317,0.5563197135925293,0.13732366263866425,0.22067609429359436,-1.9771575927734375,1.771345615386963,0.6851743459701538,-1.4901273250579834
0.4551758749999989,0.0034223749999999996,133.0,1.6552172840921524,0.46459389528390466,0.3293050337503255,-0.000675110932975264,1.9899220313838936e-5,-0.00032995914970030977,0.06703315757029192,-0.32677409052848816,0.22492095828056335,-0.028533130884170532,1.2810239791870117,-0.8191522359848022,0.5628211498260498,0.14544270932674408,0.2205188274383545,-1.9860838651657104,1.7483830451965332,0.7067413330078125,-1.5024631023406982
0.4551758749999989,0.0034223749999999996,133.0,1.6913305082599972,0.5009224762607978,0.3294436010272466,-0.0005102949811808762,1.4830655241618627e-5,-0.00024829590404429493,0.06702888642285744,-0.3267625868320465,0.22744299471378326,-0.026016443967819214,1.2931541204452515,-0.8262487649917603,0.5690106153488159,0.15337495505809784,0.22000935673713684,-1.9946637153625488,1.7257628440856934,0.7280248999595642,-1.5142691135406494
0.4551758749999989,0.0034223749999999996,133.0,1.7266111222275755,0.536405336941702,0.32955035247822845,-0.0003509700499092041,1.0004627539449375e-5,-0.00017007161610641127,0.06702504040897252,-0.326742023229599,0.22979959845542908,-0.023718059062957764,1.3043657541275024,-0.8312181830406189,0.5745368003845215,0.16134941577911377,0.21893519163131714,-2.0015780925750732,1.7045564651489258,0.7478968501091003,-1.5245792865753174
0.4551758749999989,0.0034223749999999996,133.0,1.7610356270226546,0.5710636231275941,0.32968631531989584,-0.0001969945421987632,5.496920619431806e-6,-9.506667134168991e-5,0.06701913979673704,-0.3268413245677948,0.23197674751281738,-0.021845579147338867,1.3141411542892456,-0.8326862454414368,0.579540491104126,0.1693345159292221,0.21716535091400146,-2.006143093109131,1.6865200996398926,0.7645274996757507,-1.5327367782592773
0.4551758749999989,0.0034223749999999996,133.0,1.7943552501720232,0.604906355384776,0.32967583373018355,-5.8759479412975435e-5,1.5766288577467625e-6,-2.8315616769886847e-5,0.06701232354689461,-0.330074280500412,0.23447468876838684,-0.023324698209762573,1.3039586544036865,-0.8449576497077942,0.6007604598999023,0.18729020655155182,0.23038101196289062,-2.019127130508423,1.6898460388183594,0.7664399743080139,-1.5359210968017578
0.4551758749999989,0.0034223749999999996,133.0,1.8268157349056162,0.6379676009707027,0.32984702452925585,0.00012699490708266618,-3.3898682601036074e-6,6.095636321057015e-5,0.06699886707176582,-0.33332666754722595,0.23734691739082336,-0.022364020347595215,1.305794596672058,-0.8582656383514404,0.6161121129989624,0.18795576691627502,0.2395167052745819,-2.0307281017303467,1.687385082244873,0.7698237299919128,-1.5470120906829834
0.4551758749999989,0.0034223749999999996,133.0,1.8590605492042245,0.6681893188285976,0.3274666736198774,0.000299463012166379,-6.528533961276846e-6,0.00014240580322253074,0.067152062335482,-0.32912036776542664,0.23827970027923584,-0.016808420419692993,1.3233749866485596,-0.8706692457199097,0.5951594114303589,0.16912008821964264,0.23437416553497314,-2.0179946422576904,1.6447234153747559,0.810082733631134,-1.5595905780792236
0.4551758749999989,0.0034223749999999996,133.0,1.889928041100434,0.6995606258988345,0.32759054549709704,0.000473843865494741,-1.0327538129413908e-5,0.00022456105666344547,0.06714553706043742,-0.33194658160209656,0.24093268811702728,-0.015598595142364502,1.3247087001800537,-0.8899136781692505,0.6121631860733032,0.174704447388649,0.2443825602531433,-2.0340776443481445,1.637343406677246,0.82133948802948,-1.5710844993591309
0.4551758749999989,0.0034223749999999996,133.0,1.920280471739291,0.7300534753248213,0.3279575694283173,0.000681041366188127,-1.4763348330234213e-5,0.000320440954094977,0.06713306469806249,-0.32918909192085266,0.24303558468818665,-0.007617533206939697,1.36790931224823,-0.8817625045776367,0.5969394445419312,0.1620762050151825,0.2213403284549713,-2.037043571472168,1.5934171676635742,0.8539562821388245,-1.5913370847702026
0.4551758749999989,0.0034223749999999996,133.0,1.9498355209512437,0.7596735437248654,0.32822203715550535,0.0008292755181175784,-1.7679770026915564e-5,0.0003879067325841478,0.06712709400792902,-0.3288743197917938,0.2443479597568512,-0.008189618587493896,1.369175672531128,-0.8799708485603333,0.6113147735595703,0.19676390290260315,0.21832191944122314,-2.052129030227661,1.576073169708252,0.8734570145606995,-1.5898172855377197
0.4551758749999989,0.0034223749999999996,133.0,1.9785324529185917,0.7884826391361938,0.3285939371484517,0.0010188708184654292,-2.227267712984969e-5,0.0004736841176531239,0.06711829787927649,-0.32785817980766296,0.24608847498893738,-0.0025371313095092773,1.3951035737991333,-0.8841849565505981,0.6032010316848755,0.1847805380821228,0.20811602473258972,-2.054044008255005,1.546067714691162,0.8990490436553955,-1.605612874031067
0.4551758749999989,0.0034223749999999996,133.0,2.0062168260077056,0.8164383714299513,0.3286665647349059,0.0011646288921481735,-2.5694409797542747e-5,0.0005401609854895855,0.0671184520714457,-0.3297336995601654,0.24779528379440308,-0.0025964677333831787,1.389869213104248,-0.9016967415809631,0.6193325519561768,0.19729338586330414,0.2183106541633606,-2.065730333328247,1.5384883880615234,0.91303551197052,-1.6107375621795654
0.4551758749999989,0.0034223749999999996,133.0,2.0331911696225733,0.8435390881386327,0.3288275906378813,0.0013276618670102105,-2.9176306304088992e-5,0.000613323482911127,0.06711533759735257,-0.3296109139919281,0.24934539198875427,0.0018509328365325928,1.4077181816101074,-0.9096857309341431,0.6142019033432007,0.18562297523021698,0.21365252137184143,-2.066443920135498,1.5154056549072266,0.9336477518081665,-1.6239941120147705
0.4551758749999989,0.0034223749999999996,133.0,2.059454833852817,0.8697317924471428,0.3288214384181798,0.0015225797856575876,-3.111738452437025e-5,0.0007017620027828006,0.06711593834466886,-0.3283213675022125,0.2502981722354889,0.003086090087890625,1.4167754650115967,-0.9038647413253784,0.616698145866394,0.20308256149291992,0.20513805747032166,-2.0721261501312256,1.4942715167999268,0.952043890953064,-1.6246811151504517
0.4551758749999989,0.0034223749999999996,133.0,2.0847834270438286,0.8951544380321491,0.328937239044983,0.0017209113421814669,-3.504374486458326e-5,0.0007908252549170926,0.06711301909927801,-0.32807716727256775,0.2514112591743469,0.003913015127182007,1.4227384328842163,-0.9007711410522461,0.6211791038513184,0.2143319845199585,0.2007768750190735,-2.0760905742645264,1.4814057350158691,0.9631420373916626,-1.6263798475265503
0.4551758749999989,0.0034223749999999996,133.0,2.109111762940159,0.9197776082895831,0.3290667504144311,0.0019414382756081764,-3.9988809496067275e-5,0.0008896146758122911,0.06710974621733863,-0.3295340836048126,0.25287625193595886,0.004882633686065674,1.4254395961761475,-0.9092645645141602,0.6286214590072632,0.21483978629112244,0.2043222188949585,-2.081092119216919,1.4734911918640137,0.9718879461288452,-1.6327162981033325
0.4551758749999989,0.0034223749999999996,133.0,2.1326574117893387,0.9435346455881223,0.3290493024831377,0.002104324319040358,-4.271861595344917e-5,0.0009633271542386828,0.06710960875277455,-0.33113500475883484,0.25421035289764404,0.00459560751914978,1.4218430519104004,-0.917905867099762,0.6404259204864502,0.22275930643081665,0.2105775773525238,-2.0873007774353027,1.4692859649658203,0.978918194770813,-1.6354856491088867
0.4551758749999989,0.0034223749999999996,133.0,2.1553059924251263,0.9664709061141664,0.32906164710846175,0.0023118759409014793,-4.643766082254543e-5,0.0010569562416233177,0.06710789981389004,-0.3329305350780487,0.25566205382347107,0.0037758350372314453,1.415996789932251,-0.9265120625495911,0.6560808420181274,0.23582185804843903,0.21759048104286194,-2.097182273864746,1.4663426876068115,0.9845361709594727,-1.6367833614349365
0.4551758749999989,0.0034223749999999996,133.0,2.1771844285088493,0.9885614052913452,0.3290032487038298,0.0025217278519379586,-4.9657032456007285e-5,0.0011526651523924136,0.06710745890834664,-0.33488938212394714,0.2572135627269745,0.0035632848739624023,1.410017728805542,-0.9418390393257141,0.6713863611221313,0.2431054711341858,0.22738102078437805,-2.1075823307037354,1.4624638557434082,0.9915568828582764,-1.6407222747802734
0.4551758749999989,0.0034223749999999996,133.0,2.1983544876368306,1.0098105086468003,0.3291253984001502,0.002744525503875156,-5.3546906996263785e-5,0.0012512054873208384,0.06710350594823408,-0.33490005135536194,0.2583618760108948,0.005323857069015503,1.4185651540756226,-0.9437776803970337,0.6742031574249268,0.2474542111158371,0.22357848286628723,-2.1141364574432373,1.44734787940979,1.0048325061798096,-1.6455678939819336
0.4551758749999989,0.0034223749999999996,133.0,2.218754836710265,1.030208175004033,0.3294468534349762,0.0029712150418150346,-6.230586449779295e-5,0.0013457606010572989,0.06709685552615013,-0.33315131068229675,0.2595193386077881,0.012759506702423096,1.4536099433898926,-0.937842071056366,0.6483849287033081,0.21731628477573395,0.20584499835968018,-2.1085662841796875,1.4211246967315674,1.023762583732605,-1.662807822227478
0.4551758749999989,0.0034223749999999996,133.0,2.2382074137495813,1.0498757019954457,0.32974492311969406,0.0031464962013087296,-6.627276096643622e-5,0.0014210140518034747,0.06709062720607403,-0.33356353640556335,0.26068180799484253,0.014671474695205688,1.4630458354949951,-0.9384366869926453,0.6505353450775146,0.22046655416488647,0.2013925313949585,-2.1153769493103027,1.4083430767059326,1.0351263284683228,-1.6678671836853027
0.4551758749999989,0.0034223749999999996,133.0,2.256942271524497,1.068622944938589,0.3300645484711826,0.003346010763182172,-7.214484702809231e-5,0.0015038903466278533,0.0670842956850396,-0.33235588669776917,0.2615474760532379,0.02007889747619629,1.4885386228561401,-0.9343410730361938,0.6339782476425171,0.2040058821439743,0.18696874380111694,-2.1131553649902344,1.3848636150360107,1.0512782335281372,-1.678907871246338
0.4551758749999989,0.0034223749999999996,133.0,2.2744644551425792,1.0865816481223847,0.3298778150022439,0.003515881366479203,-7.663775437611952e-5,0.001582630419013838,0.06708974605411117,-0.3365699350833893,0.2633034884929657,0.01763889193534851,1.4680272340774536,-0.9627399444580078,0.6617538928985596,0.21039247512817383,0.21113261580467224,-2.1265347003936768,1.3941123485565186,1.0493072271347046,-1.6827278137207031
0.4551758749999989,0.0034223749999999996,133.0,2.291522275408346,1.1036306208558944,0.32998933042275147,0.0037175153425302683,-8.006933623929984e-5,0.0016692230850067873,0.06708684698245433,-0.3362301290035248,0.2640979290008545,0.019336163997650146,1.476845622062683,-0.9615500569343567,0.6618890762329102,0.21446028351783752,0.20540884137153625,-2.131441116333008,1.3800158500671387,1.060383915901184,-1.685894250869751
0.4551758749999989,0.0034223749999999996,133.0,2.3076313820247067,1.119872993471452,0.33010008557459336,0.0038948906729862976,-8.45411699615152e-5,0.0017457331749818363,0.06708464065311515,-0.33685752749443054,0.26489269733428955,0.019923806190490723,1.4778437614440918,-0.9698752164840698,0.6700018644332886,0.2200520932674408,0.20760595798492432,-2.138502359390259,1.3709921836853027,1.0687782764434814,-1.6891822814941406
0.4551758749999989,0.0034223749999999996,133.0,2.3228580372914402,1.1351902855328924,0.3298505862869806,0.00406975032423221,-8.759518533631627e-5,0.0018236397028609068,0.06708987099512483,-0.3386114537715912,0.26589298248291016,0.01901346445083618,1.4674675464630127,-0.988735556602478,0.6870152950286865,0.22855329513549805,0.21992865204811096,-2.1481664180755615,1.3680596351623535,1.0756157636642456,-1.6912620067596436
0.4551758749999989,0.0034223749999999996,133.0,2.3374000711933824,1.1497327153783505,0.3300155593857393,0.00420884385953199,-9.214652652246039e-5,0.0018807796730970828,0.0670885382921992,-0.33808812499046326,0.2661929130554199,0.02177521586418152,1.476834774017334,-0.9990066885948181,0.6832408905029297,0.2227078378200531,0.21827900409698486,-2.1505625247955322,1.35093092918396,1.0943857431411743,-1.6990268230438232
0.4551758749999989,0.0034223749999999996,133.0,2.3510053350279945,1.1634483557603923,0.3300777132360748,0.004332495819910562,-9.877470440837042e-5,0.0019333025233543375,0.06709346370127486,-0.3392181098461151,0.26662832498550415,0.023212730884552002,1.4740787744522095,-1.0274238586425781,0.6899329423904419,0.2145722359418869,0.23108616471290588,-2.1571197509765625,1.340949296951294,1.1138886213302612,-1.7091612815856934
0.4551758749999989,0.0034223749999999996,133.0,2.3640176534147637,1.1764003427385363,0.33050601529093826,0.0044661678647063266,-0.00010447389763461014,0.001987213676239604,0.06709074163256855,-0.3371497094631195,0.26653414964675903,0.027912110090255737,1.4947497844696045,-1.030921220779419,0.6734524965286255,0.19921161234378815,0.22134307026863098,-2.158081293106079,1.3176181316375732,1.1395143270492554,-1.720057487487793
0.4551758749999989,0.0034223749999999996,133.0,2.3763238128230344,1.1882623257352396,0.33032018008952585,0.004607234540855562,-0.00010184481938342927,0.0020441625726412677,0.06709559097817942,-0.33251437544822693,0.26578181982040405,0.02934470772743225,1.5094505548477173,-1.0079926252365112,0.6620409488677979,0.22214780747890472,0.1984555721282959,-2.159925699234009,1.2908847332000732,1.1636483669281006,-1.7119417190551758
0.4551758749999989,0.0034223749999999996,133.0,2.38787614132722,1.199361603776975,0.3305146244615242,0.004753052377190586,-0.00010329213306462216,0.0020990167144639966,0.0670943202660212,-0.32772746682167053,0.2650837302207947,0.03392192721366882,1.5364261865615845,-0.9858792424201965,0.6355152130126953,0.22160033881664276,0.17212054133415222,-2.1557860374450684,1.2612543106079102,1.18795907497406,-1.7125251293182373
0.4551758749999989,0.0034223749999999996,133.0,2.3986339854626166,1.209633644088486,0.33063791517281166,0.004893410792050271,-0.00010063763506239314,0.0021524388325978453,0.06709430485781354,-0.3228707015514374,0.2642064392566681,0.035739898681640625,1.5543477535247803,-0.9569513201713562,0.6206645965576172,0.24393466114997864,0.145260751247406,-2.156176805496216,1.234971523284912,1.2085635662078857,-1.7036194801330566
0.4551758749999989,0.0034223749999999996,133.0,2.4084211805554845,1.2191630613900475,0.33080313550677887,0.005054032527972284,-9.843430162647418e-5,0.002218267051017096,0.06709425084482634,-0.3193661868572235,0.263654500246048,0.03682929277420044,1.5658972263336182,-0.9381152391433716,0.6130738258361816,0.263406902551651,0.12721595168113708,-2.159750461578369,1.2148056030273438,1.225956678390503,-1.6971685886383057
0.4551758749999989,0.0034223749999999996,133.0,2.416919960006167,1.229960297535085,0.3337908102209419,0.005285287507426426,-0.00012304730811666536,0.0023081633813653523,0.06691315463293296,-0.32119396328926086,0.2650395631790161,0.03688383102416992,1.5863395929336548,-0.9086663722991943,0.6289583444595337,0.29363539814949036,0.10707429051399231,-2.1865146160125732,1.216367483139038,1.215301752090454,-1.6974751949310303
0.4551758749999989,0.0034223749999999996,133.0,2.425239740408594,1.2377650638448823,0.3341197911403999,0.005532910587805809,-0.00012718204493795764,0.00240546371678069,0.06691229630589304,-0.31570109724998474,0.26408326625823975,0.040576279163360596,1.614238977432251,-0.8704310655593872,0.5985651016235352,0.3013121485710144,0.07292813062667847,-2.1800003051757812,1.1898422241210938,1.2285256385803223,-1.6911154985427856
0.4551758749999989,0.0034223749999999996,133.0,2.4324912409916295,1.2447376892321318,0.3341055664463454,0.005907337228856929,-0.00012998117899596414,0.0025642904742982317,0.0669147556541404,-0.312534898519516,0.2636125385761261,0.041622549295425415,1.6233524084091187,-0.858329176902771,0.5910137891769409,0.3133622407913208,0.05965206027030945,-2.1836462020874023,1.170760154724121,1.2430258989334106,-1.6869893074035645
0.4551758749999989,0.0034223749999999996,133.0,2.4390186651831667,1.2509183019907102,0.3342954885763116,0.006534483312912151,-0.0001425381347913231,0.002827100598565281,0.06691538815242253,-0.30846115946769714,0.2631751000881195,0.04340273141860962,1.6403878927230835,-0.8326759338378906,0.5745675563812256,0.3238011598587036,0.037176311016082764,-2.1850087642669678,1.150496244430542,1.2509771585464478,-1.6815059185028076
0.4551758749999989,0.0034223749999999996,133.0,2.444663410984823,1.2562885725469384,0.3342150308549665,0.007954914411322223,-0.00016808690262744912,0.0034341395867492747,0.06691939815690848,-0.30517950654029846,0.26332908868789673,0.04323536157608032,1.6475940942764282,-0.8244948387145996,0.5765581130981445,0.33978167176246643,0.026963472366333008,-2.2012476921081543,1.1288988590240479,1.261853814125061,-1.6786093711853027
0.4551758749999989,0.0034223749999999996,133.0,2.4495369245626852,1.2611975715168902,0.3343432254725396,0.014782288470599316,-0.00035448246534156903,0.0063009667419856984,0.06691183643902329,-0.3011004626750946,0.2676105201244354,0.044438570737838745,1.6742711067199707,-0.8395422101020813,0.5991897583007812,0.3417033553123474,0.021854013204574585,-2.280203342437744,1.071394681930542,1.2703115940093994,-1.7004897594451904
0.4551758749999989,0.0034223749999999996,133.0,2.4351971547463913,-1.237773653404643,0.3113367321873655,-0.013882922348180008,-0.0002725250247591967,-0.006652741060430599,0.06846932864650929,-0.051531076431274414,0.1410721242427826,-0.1262284219264984,0.3310311436653137,0.0037615110632032156,-0.6774277687072754,0.2780453860759735,0.4149612486362457,-0.12279223650693893,0.678077220916748,0.4360090494155884,-0.7490264773368835
0.4551758749999989,0.0034223749999999996,133.0,2.4306240805986388,-1.233003338546568,0.31158266043573374,-0.007494104190103782,-0.00011479471123581963,-0.003588418901168095,0.06844513302029384,-0.05210849642753601,0.14587490260601044,-0.1232103705406189,0.3477884531021118,-0.04444638639688492,-0.6697676181793213,0.26810863614082336,0.39545583724975586,-0.18602795898914337,0.6941671371459961,0.41651496291160583,-0.7461569309234619
0.4551758749999989,0.0034223749999999996,133.0,2.425155973950173,-1.2275640354118904,0.3115506598973512,-0.006157145929995661,-9.038982639304916e-5,-0.002945254943400368,0.06843551485760203,-0.0538371205329895,0.14652998745441437,-0.12269723415374756,0.34787529706954956,-0.044004734605550766,-0.6511385440826416,0.26604536175727844,0.3921934962272644,-0.17560353875160217,0.6994597911834717,0.38102927803993225,-0.7429769039154053
0.4551758749999989,0.0034223749999999996,133.0,2.4189521357692154,-1.2214684921680548,0.3115483002494327,-0.005568611177469259,-8.020915448503653e-5,-0.002661431106421325,0.06843226925390469,-0.05410739779472351,0.14508894085884094,-0.12241607904434204,0.34281402826309204,-0.044482648372650146,-0.6370134353637695,0.26757752895355225,0.3912574350833893,-0.16095152497291565,0.7001709938049316,0.36829674243927,-0.7369738221168518
0.4551758749999989,0.0034223749999999996,133.0,2.4118075850168963,-1.2144660602509112,0.3115043152290933,-0.00522648727120236,-7.918568013675109e-5,-0.0024973584487424675,0.06842632675563043,-0.05571553111076355,0.1452634036540985,-0.12292051315307617,0.3405856788158417,-0.037787824869155884,-0.6161785125732422,0.26871609687805176,0.39028626680374146,-0.1343267410993576,0.7007701396942139,0.32940202951431274,-0.7337758541107178
0.4551758749999989,0.0034223749999999996,133.0,2.4030657301534113,-1.2082525792495142,0.30892607874775446,-0.004985444602884684,-0.00012687905225704024,-0.002379416050967589,0.06850140508740553,-0.0554620623588562,0.14294911921024323,-0.12245571613311768,0.33516544103622437,-0.032838448882102966,-0.6064119338989258,0.2744893729686737,0.3905375003814697,-0.11148463189601898,0.6960577964782715,0.3181760609149933,-0.7286171317100525
0.4551758749999989,0.0034223749999999996,133.0,2.3943130104628745,-1.1997826220286496,0.3088867393830619,-0.00478792918637046,-0.0001266558109631751,-0.002285356030925999,0.06849836960390532,-0.05651167035102844,0.14035549759864807,-0.12158581614494324,0.3251079022884369,-0.02525271847844124,-0.5777032375335693,0.2782343029975891,0.39460960030555725,-0.07789458334445953,0.696965217590332,0.29589733481407166,-0.7226415276527405
0.4551758749999989,0.0034223749999999996,133.0,2.3847577115923535,-1.1903708444717416,0.3087842003141432,-0.004640224532997218,-0.00012456935585776043,-0.0022115623746666105,0.06849569490988286,-0.057000577449798584,0.13956144452095032,-0.12235188484191895,0.3211836516857147,-0.021715234965085983,-0.5599651336669922,0.28232601284980774,0.3940417766571045,-0.052744023501873016,0.6930525302886963,0.27232909202575684,-0.7181419730186462
0.4551758749999989,0.0034223749999999996,133.0,2.3743230468145726,-1.1800858928012277,0.30872617684211345,-0.004508573088927706,-0.0001236003577407758,-0.002144472968039507,0.06849128637881165,-0.058251649141311646,0.13825014233589172,-0.1225106418132782,0.3146505653858185,-0.013188767246901989,-0.5313572883605957,0.28768083453178406,0.39640623331069946,-0.015399029478430748,0.6899216175079346,0.23886772990226746,-0.7139684557914734
0.4551758749999989,0.0034223749999999996,133.0,2.3631009364258335,-1.169089354834511,0.3087528763067587,-0.004375258193326969,-0.0001252566337632794,-0.0020803557402481548,0.06848903160529325,-0.05859386920928955,0.13498103618621826,-0.12154808640480042,0.30280330777168274,-0.007228692062199116,-0.5002026557922363,0.29341065883636475,0.40191805362701416,0.01944916509091854,0.6868317127227783,0.22434261441230774,-0.7076260447502136
0.4551758749999989,0.0034223749999999996,133.0,2.3510924308697945,-1.1571549982692115,0.3087354596878452,-0.004252380546840997,-0.0001243591493239338,-0.002019338343053114,0.06848790713459704,-0.05831676721572876,0.13388407230377197,-0.12242880463600159,0.29817265272140503,-0.007683886215090752,-0.48423075675964355,0.29822590947151184,0.40148860216140747,0.040423762053251266,0.6803462505340576,0.21125999093055725,-0.7025457620620728
0.4551758749999989,0.0034223749999999996,133.0,2.3382718902029898,-1.1443716072933865,0.3086313623435474,-0.0041283542245411685,-0.00012047461019313734,-0.0019541175644271027,0.0684876630716838,-0.05794045329093933,0.13273300230503082,-0.1237049400806427,0.29427236318588257,-0.006084613502025604,-0.46839404106140137,0.3045494258403778,0.3998958468437195,0.06686984747648239,0.6714000701904297,0.19363832473754883,-0.6970242857933044
0.4551758749999989,0.0034223749999999996,133.0,2.3246956334636324,-1.1307049001546774,0.30854395939352863,-0.00402017927995683,-0.00011593524019449402,-0.0019004239114469035,0.06848920526585295,-0.05635029077529907,0.1325204074382782,-0.12584030628204346,0.29433169960975647,-0.014834308065474033,-0.4711728096008301,0.305991530418396,0.39341938495635986,0.0722007304430008,0.6628057956695557,0.1939692497253418,-0.690557062625885
0.4551758749999989,0.0034223749999999996,133.0,2.310267450661356,-1.1161923371179958,0.3084327738239554,-0.0038828522058720776,-0.00011011806476219405,-0.001832861356362932,0.06849056623751895,-0.05488079786300659,0.13233792781829834,-0.12741118669509888,0.29417622089385986,-0.024874549359083176,-0.4752328395843506,0.3065689504146576,0.3880850374698639,0.07020189613103867,0.6576571464538574,0.20248939096927643,-0.6850277781486511
0.4551758749999989,0.0034223749999999996,133.0,2.294923207208304,-1.100824984465547,0.30831390488989785,-0.003707455270305168,-0.00010728934924550756,-0.0017518822570334164,0.06848902513883372,-0.05529925227165222,0.13285179436206818,-0.12878522276878357,0.2941596210002899,-0.026360418647527695,-0.467958927154541,0.3103748559951782,0.38613027334213257,0.07943076640367508,0.655407190322876,0.19440194964408875,-0.6830546855926514
0.4551758749999989,0.0034223749999999996,133.0,2.278710771165914,-1.0846130472028526,0.30823444171909753,-0.0035450072831843525,-0.0001015995449655943,-0.0016733608467533313,0.06848644913395317,-0.05579307675361633,0.1342122107744217,-0.13048827648162842,0.29684051871299744,-0.029240082949399948,-0.46870946884155273,0.31187182664871216,0.3822058439254761,0.08085152506828308,0.6555702686309814,0.191053569316864,-0.6818050146102905
0.4551758749999989,0.0034223749999999996,133.0,2.261666489373706,-1.067632412055748,0.3082024707591846,-0.0033588407146217447,-9.77027586705031e-5,-0.0015867651374075196,0.06848390468947983,-0.056819528341293335,0.13471442461013794,-0.13110020756721497,0.2957683503627777,-0.029880844056606293,-0.4589056968688965,0.3165147304534912,0.382979154586792,0.08337577432394028,0.6586108207702637,0.1913592368364334,-0.6815457344055176
0.4551758749999989,0.0034223749999999996,133.0,2.243827469245848,-1.0497116917068277,0.3081217975229895,-0.003182746675327464,-9.054001584679736e-5,-0.0015040867866610884,0.0684823512810366,-0.05678057670593262,0.1356150209903717,-0.1319575011730194,0.29767197370529175,-0.03791189566254616,-0.4679579734802246,0.3173407018184662,0.380002498626709,0.061565205454826355,0.6646113395690918,0.2156686931848526,-0.6805180311203003
0.4551758749999989,0.0034223749999999996,133.0,2.2250535716647404,-1.0309190045813381,0.30804937871973365,-0.0029999342914970497,-8.60322615959907e-5,-0.0014175183962106706,0.06847663991178993,-0.05856361985206604,0.13744527101516724,-0.1336873173713684,0.3003057539463043,-0.03592272475361824,-0.4614219665527344,0.32242029905319214,0.37813204526901245,0.06787224858999252,0.6674702167510986,0.20444145798683167,-0.6813161373138428
0.4551758749999989,0.0034223749999999996,133.0,2.205500011893985,-1.0114119999194542,0.3079752368176257,-0.00283586827144207,-8.34619698176199e-5,-0.0013411353524881429,0.06847351085067176,-0.05954828858375549,0.13789089024066925,-0.13465216755867004,0.29910123348236084,-0.03635643050074577,-0.4515373706817627,0.328063040971756,0.37821638584136963,0.07232196629047394,0.6699318885803223,0.2037448137998581,-0.6802337169647217
0.4551758749999989,0.0034223749999999996,133.0,2.185143744633881,-0.9909989944483231,0.3078899224135517,-0.002620900814541985,-7.691066565924347e-5,-0.0012405345176192972,0.06847048357737687,-0.06037956476211548,0.1393309086561203,-0.13599073886871338,0.3016415238380432,-0.04021332412958145,-0.45335912704467773,0.33107298612594604,0.3752143681049347,0.0625583678483963,0.6749188899993896,0.21191735565662384,-0.6798085570335388
0.4551758749999989,0.0034223749999999996,133.0,2.1639108862329577,-0.9701112062264456,0.30794650449615496,-0.0024071337993958777,-7.399463091615313e-5,-0.0011407843428052143,0.06846846304948898,-0.061603277921676636,0.13548094034194946,-0.134546160697937,0.28763338923454285,-0.030986245721578598,-0.4204580783843994,0.33784258365631104,0.385527104139328,0.09231478720903397,0.6785366535186768,0.2159634232521057,-0.6761469841003418
0.4551758749999989,0.0034223749999999996,133.0,2.1418454996355245,-0.9480217451770568,0.307839896245764,-0.0022050906127404255,-6.680193321074396e-5,-0.0010446104397276498,0.068464558196236,-0.06279882788658142,0.13713032007217407,-0.13611888885498047,0.2903122305870056,-0.034767113626003265,-0.42136478424072266,0.3426622450351715,0.3832108974456787,0.08117566257715225,0.6843795776367188,0.2250942587852478,-0.67657071352005
0.4551758749999989,0.0034223749999999996,133.0,2.118896474979861,-0.9250571344017746,0.3077056048936188,-0.0020036562886612784,-6.090460921784979e-5,-0.0009485505742101314,0.06845890261009026,-0.06487491726875305,0.13954925537109375,-0.13829374313354492,0.2942866384983063,-0.035019081085920334,-0.41741085052490234,0.3497770130634308,0.3808538317680359,0.07950098812580109,0.6894004344940186,0.22012123465538025,-0.6782516241073608
0.4551758749999989,0.0034223749999999996,133.0,2.095078191482029,-0.9011379676428558,0.30748823016997173,-0.0018424115144161726,-5.5670509312806326e-5,-0.0008711593850840063,0.06845199158716594,-0.06745114922523499,0.14409756660461426,-0.1418035626411438,0.3045024275779724,-0.036026690155267715,-0.42139291763305664,0.3556331396102905,0.3733678460121155,0.07418802380561829,0.693979024887085,0.20431587100028992,-0.6810336112976074
0.4551758749999989,0.0034223749999999996,133.0,2.0705243351554876,-0.8765125446534711,0.3073711125873043,-0.0016442713412601001,-4.88750012023038e-5,-0.000778310816927645,0.06844754985628075,-0.06896746158599854,0.14663472771644592,-0.14350804686546326,0.30933159589767456,-0.040654633194208145,-0.42527079582214355,0.358853280544281,0.3696346879005432,0.05439772456884384,0.702308177947998,0.2159305214881897,-0.6821990013122559
0.4551758749999989,0.0034223749999999996,133.0,2.0450808084968077,-0.851155924052019,0.30737542329228074,-0.0014605005727468163,-4.570410052531253e-5,-0.0006933397226236357,0.06844184816910143,-0.07068026065826416,0.14667688310146332,-0.14435505867004395,0.30587130784988403,-0.039141975343227386,-0.41137027740478516,0.3659208416938782,0.3721017837524414,0.05951644107699394,0.7086095809936523,0.2218209058046341,-0.6812714338302612
0.4551758749999989,0.0034223749999999996,133.0,2.0188540317801076,-0.8251037478689817,0.3073318188142529,-0.0012793705677528807,-4.1028005378352556e-5,-0.0006076397974772699,0.0684386715254198,-0.07207375764846802,0.14537808299064636,-0.14486849308013916,0.29878729581832886,-0.03618796914815903,-0.3922591209411621,0.37425437569618225,0.3767590820789337,0.07421113550662994,0.7134857177734375,0.228486567735672,-0.6788914203643799
0.4551758749999989,0.0034223749999999996,133.0,1.991813590892926,-0.7981210227612482,0.307234527985805,-0.0011292142705419711,-3.6946982112109684e-5,-0.0005364916872218886,0.06843520872726826,-0.07305777072906494,0.1455562859773636,-0.14641207456588745,0.29605987668037415,-0.03731556609272957,-0.3797769546508789,0.3811775743961334,0.37649112939834595,0.08422134071588516,0.7158138751983643,0.22810715436935425,-0.6759154796600342
0.4551758749999989,0.0034223749999999996,133.0,1.9639987769564515,-0.7703402659847521,0.30713127423986175,-0.000995391798118476,-3.292086246889566e-5,-0.0004731384536448327,0.06843369836356254,-0.073178231716156,0.14529626071453094,-0.14780300855636597,0.29276642203330994,-0.042193084955215454,-0.3718287944793701,0.3860630989074707,0.3752955496311188,0.08706407248973846,0.7174489498138428,0.23676100373268127,-0.6714341640472412
0.4551758749999989,0.0034223749999999996,133.0,1.9352564361224303,-0.7417421390340129,0.3070144788585244,-0.0008219104758837107,-2.7185022608536365e-5,-0.0003898010938872121,0.06843014573932968,-0.07477647066116333,0.14498727023601532,-0.14946860074996948,0.2884766757488251,-0.03919665515422821,-0.3536679744720459,0.39480435848236084,0.37688130140304565,0.11223982274532318,0.7193546295166016,0.22911110520362854,-0.6687315106391907
0.4551758749999989,0.0034223749999999996,133.0,1.9056855045981822,-0.7123549571230804,0.3069338779365881,-0.0006900086685547843,-2.3533133635140273e-5,-0.00032714220138035975,0.0684271530261654,-0.07630002498626709,0.14397402107715607,-0.15054696798324585,0.28158244490623474,-0.03600408136844635,-0.3326256275177002,0.4052298069000244,0.38143596053123474,0.13503891229629517,0.7226698398590088,0.23002716898918152,-0.6664177775382996
0.4551758749999989,0.0034223749999999996,133.0,1.8752718076670702,-0.6820328903132846,0.30682088359259574,-0.0005179312263817979,-1.820164571543054e-5,-0.00024578473512674466,0.06842233170336065,-0.07813405990600586,0.14457254111766815,-0.1520874798297882,0.2793719172477722,-0.03529200330376625,-0.31940603256225586,0.4142553210258484,0.38244765996932983,0.1423068791627884,0.7287495136260986,0.2329847812652588,-0.6652707457542419
0.4551758749999989,0.0034223749999999996,133.0,1.844060302563132,-0.6507266883616929,0.30667364452032875,-0.00032541350222601927,-1.1102665733462733e-5,-0.00015435687389419954,0.06841649153395903,-0.07975280284881592,0.14753445982933044,-0.15449202060699463,0.2851516604423523,-0.03984394297003746,-0.32211756706237793,0.41696324944496155,0.37514862418174744,0.1265893578529358,0.7369308471679688,0.23641952872276306,-0.6637965440750122
0.4551758749999989,0.0034223749999999996,133.0,1.8119825677583028,-0.6186280870174403,0.30653761558608106,-0.00015209461847572565,-5.263221715782636e-6,-7.228845105701437e-5,0.06840961542689773,-0.08184504508972168,0.14981065690517426,-0.1565517783164978,0.28815197944641113,-0.040309302508831024,-0.3173363208770752,0.4225609302520752,0.37105733156204224,0.11972402781248093,0.7456169128417969,0.23798346519470215,-0.6627621650695801
0.4551758749999989,0.0034223749999999996,133.0,1.7790532672379114,-0.5859692096451199,0.3064632940712659,1.6862116080780705e-5,6.277184906733682e-7,8.050287781113637e-6,0.0684048570950512,-0.08396309614181519,0.14793367683887482,-0.15696537494659424,0.27860310673713684,-0.03340115770697594,-0.29528188705444336,0.4349237382411957,0.3788421154022217,0.13436003029346466,0.7549035549163818,0.2547920346260071,-0.6610796451568604
0.4551758749999989,0.0034223749999999996,133.0,1.7452906279689449,-0.552300932630118,0.30634372841125485,0.0001862906708384786,7.088060806009219e-6,8.899945294941859e-5,0.06839892424433282,-0.08621913194656372,0.1487439125776291,-0.1587926149368286,0.2767110764980316,-0.031613919883966446,-0.2814333438873291,0.44580599665641785,0.37963125109672546,0.14137104153633118,0.7625105381011963,0.2575056850910187,-0.6600397825241089
0.4551758749999989,0.0034223749999999996,133.0,1.710660724874591,-0.5176234510628402,0.3061336471262662,0.00036995378013780403,1.4010116647342828e-5,0.00017661366365409544,0.06839017932681644,-0.08909079432487488,0.15231651067733765,-0.16208288073539734,0.28352823853492737,-0.03205464407801628,-0.2779262065887451,0.45349884033203125,0.3728054463863373,0.13876931369304657,0.7705113887786865,0.2469891905784607,-0.6600857377052307
0.4551758749999989,0.0034223749999999996,133.0,1.6752089068486284,-0.4822827414219431,0.306003367430569,0.000514432918553816,1.988371104088934e-5,0.0002457425550676169,0.06838363171644365,-0.09170487523078918,0.15336476266384125,-0.16402998566627502,0.2820895314216614,-0.029984746128320694,-0.2642226219177246,0.4653352200984955,0.37385275959968567,0.1438802182674408,0.7796175479888916,0.25071531534194946,-0.6597713232040405
0.4551758749999989,0.0034223749999999996,133.0,1.6389358243114032,-0.44611861579309586,0.3058700163677759,0.0006774017986622053,2.677129730067776e-5,0.00032380391619680273,0.06837724787455421,-0.09417667984962463,0.15427710115909576,-0.1660231649875641,0.28037261962890625,-0.028309591114521027,-0.2501349449157715,0.4774734675884247,0.37464141845703125,0.1506699025630951,0.7880704402923584,0.25352123379707336,-0.6589096188545227
0.4551758749999989,0.0034223749999999996,133.0,1.601851354941874,-0.40913180726337045,0.3057461311292475,0.0008510050793870649,3.4488774545132336e-5,0.00040706041143227843,0.06837130642480593,-0.09632214903831482,0.15494094789028168,-0.16806012392044067,0.2781175673007965,-0.02744119241833687,-0.23566198348999023,0.4897594451904297,0.37506765127182007,0.16051864624023438,0.7950520515441895,0.2547592222690582,-0.6571279764175415
0.4551758749999989,0.0034223749999999996,133.0,1.5639671872333105,-0.3713409736254656,0.30560621538009264,0.0010481092814475373,4.40253832269397e-5,0.0005019367219067095,0.0683663834350557,-0.09802120923995972,0.1552267074584961,-0.1702105700969696,0.2752310633659363,-0.028451435267925262,-0.2213747501373291,0.5025557279586792,0.37531542778015137,0.17343170940876007,0.8000211715698242,0.2557224631309509,-0.6545161008834839
0.4551758749999989,0.0034223749999999996,133.0,1.5252596831946752,-0.33271586814026216,0.3054956799248843,0.0012353244269311177,5.3470936189296294e-5,0.0005919574457110706,0.06836180524391484,-0.0994577705860138,0.15530917048454285,-0.17241856455802917,0.27192333340644836,-0.03057781606912613,-0.20712900161743164,0.5158335566520691,0.3756049871444702,0.18855500221252441,0.8037636280059814,0.2561317980289459,-0.651512622833252
0.4551758749999989,0.0034223749999999996,133.0,1.4856535771460007,-0.2934804140516049,0.3053851462035863,0.0013566506695513183,6.238002591120125e-5,0.0006506359751113227,0.068359496361263,-0.1016755998134613,0.1524338275194168,-0.1738794445991516,0.25935235619544983,-0.02359091117978096,-0.17996883392333984,0.5391535758972168,0.387074738740921,0.2311953455209732,0.8087654113769531,0.26690563559532166,-0.6504454016685486
0.4551758749999989,0.0034223749999999996,133.0,1.4452519007907205,-0.25318797531967874,0.3052504436087174,0.0015120231518775606,7.155522181644405e-5,0.0007257336500515159,0.06835401649341984,-0.10377189517021179,0.15281778573989868,-0.17594501376152039,0.2570396959781647,-0.022694967687129974,-0.1665668487548828,0.5546762943267822,0.3880475163459778,0.24279442429542542,0.8153243064880371,0.26938721537590027,-0.6491534113883972
0.4551758749999989,0.0034223749999999996,133.0,1.403941149097262,-0.21172614570206505,0.3049688013980886,0.0016634564299365237,7.956357368782333e-5,0.0007989737806783368,0.0683414704766889,-0.10694140195846558,0.1582108587026596,-0.17996060848236084,0.27097710967063904,-0.023556862026453018,-0.16994380950927734,0.5603577494621277,0.3728249669075012,0.232559472322464,0.8235502243041992,0.2430233359336853,-0.6479082107543945
0.4551758749999989,0.0034223749999999996,133.0,1.3625822598291413,-0.1683949291160808,0.307350050676988,0.0018062973618230152,7.563063937257606e-5,0.0008723712122424284,0.06825749275627217,-0.10787957906723022,0.15589523315429688,-0.18024125695228577,0.25811487436294556,-0.025220096111297607,-0.1480264663696289,0.5734554529190063,0.38096654415130615,0.23270823061466217,0.8342516422271729,0.27421942353248596,-0.6432589292526245
0.4551758749999989,0.0034223749999999996,133.0,1.3195611168221633,-0.1254273919601874,0.3071290764575689,0.001904175818668471,8.659097434108975e-5,0.0009224080674117909,0.06824557104149306,-0.11214622855186462,0.15928037464618683,-0.18380528688430786,0.2633403241634369,-0.02012983337044716,-0.1345357894897461,0.590366005897522,0.37639787793159485,0.24754208326339722,0.8466849327087402,0.2520564794540405,-0.6439651250839233
0.4551758749999989,0.0034223749999999996,133.0,1.2755321936957142,-0.08200201149014819,0.30711106786128267,0.0018790350747428677,9.04007471829164e-5,0.0009142087305812626,0.06823465336996161,-0.11738121509552002,0.15014202892780304,-0.18298938870429993,0.22832149267196655,0.007811644580215216,-0.08772611618041992,0.6387692093849182,0.4161621928215027,0.3161478638648987,0.8706157207489014,0.31929686665534973,-0.6488844752311707
0.4551758749999989,0.0034223749999999996,133.0,1.2296755637444812,-0.03706743046071244,0.3043982052301201,0.001758652570399884,5.7769251197048685e-5,0.0008602486502248822,0.06824491049530163,-0.13785722851753235,0.19688090682029724,-0.1900274008512497,0.3435126841068268,0.029523450881242752,-0.146043062210083,0.42244935035705566,0.3767688274383545,-0.20840133726596832,1.0750031471252441,0.17823255062103271,-0.7246212959289551
0.4551758749999989,0.0034223749999999996,133.0,1.1827948341101042,0.011200058951636775,0.3045407310752359,0.00010362793520761484,-1.4176105148286767e-6,5.1601886734458934e-5,0.06811629725591045,-0.17690646648406982,0.26230326294898987,-0.18056875467300415,0.4121894836425781,0.010882452130317688,-0.04309725761413574,-0.018803268671035767,0.5373300313949585,-1.2349478006362915,1.4887173175811768,0.08348044753074646,-0.9525907039642334
0.4551758749999989,0.0034223749999999996,133.0,1.2252708087200441,0.05014126014725261,0.30727179920349773,-0.0017118692300472226,-8.673801279044342e-5,-0.0008882560086878381,0.06769997049810518,-0.2066948115825653,0.12087326496839523,-0.1819559931755066,0.5930772423744202,-0.17916037142276764,0.1260087490081787,0.8660740852355957,-0.052828967571258545,-0.5848835110664368,1.4429287910461426,0.046764127910137177,-0.5399354696273804
0.4551758749999989,0.0034223749999999996,133.0,1.266023962064719,0.09674738307283974,0.30999108938911685,-0.0019210583575076867,-4.974187189588013e-6,-0.0010026697596815354,0.0673737969792987,-0.2661638557910919,0.1525290459394455,-0.13133785128593445,0.843506932258606,-0.37175363302230835,0.3789706230163574,0.511323869228363,0.059356898069381714,-1.4232656955718994,1.842350959777832,0.32348042726516724,-0.9012777209281921
0.4551758749999989,0.0034223749999999996,133.0,1.307164876660559,0.14214873467322306,0.31278457869588355,-0.001925595301785675,4.3897300596270365e-5,-0.0009841411759732334,0.06719884819983173,-0.3141140639781952,0.18327181041240692,-0.07475051283836365,1.0697126388549805,-0.6578052639961243,0.4969367980957031,0.17833277583122253,0.1906740367412567,-1.8078504800796509,1.9518351554870605,0.5280255079269409,-1.2592229843139648
0.4551758749999989,0.0034223749999999996,133.0,1.3493379560859473,0.1859304070445636,0.31373609613706305,-0.0018215481614667134,4.997668034730157e-5,-0.0009193365216084244,0.06715264777394801,-0.32273098826408386,0.1974038928747177,-0.060952454805374146,1.1276191473007202,-0.72227543592453,0.5167191028594971,0.14974893629550934,0.2157677710056305,-1.88802170753479,1.932835578918457,0.5335263013839722,-1.3427188396453857
0.4551758749999989,0.0034223749999999996,133.0,1.3910984607956207,0.22834997681907498,0.31419806593605254,-0.001669009782511878,4.937211368816736e-5,-0.000836251808851633,0.06713719762067659,-0.32394179701805115,0.2052234411239624,-0.04834797978401184,1.1834378242492676,-0.7541784644126892,0.5128543376922607,0.09899809956550598,0.21475166082382202,-1.9096713066101074,1.8909916877746582,0.5645829439163208,-1.3977720737457275
0.4551758749999989,0.0034223749999999996,133.0,1.4320263432696492,0.26969271375170717,0.31414938375273105,-0.001480030515135058,4.318804514753894e-5,-0.0007410497056551863,0.06713973436188667,-0.32680967450141907,0.20876510441303253,-0.04793405532836914,1.1788280010223389,-0.7817403078079224,0.528709888458252,0.11047859489917755,0.23259109258651733,-1.928678035736084,1.8856086730957031,0.581432044506073,-1.41121506690979
0.4551758749999989,0.0034223749999999996,133.0,1.472377047660075,0.3101745150705488,0.31425892363744745,-0.0013942505503649247,3.88044652236699e-5,-0.000694892824247553,0.06713470812064545,-0.32601895928382874,0.21172398328781128,-0.04580312967300415,1.19301438331604,-0.7813486456871033,0.5373845100402832,0.13364194333553314,0.22953620553016663,-1.9403817653656006,1.8590059280395508,0.6041221022605896,-1.422602653503418
0.4551758749999989,0.0034223749999999996,133.0,1.5119730721423392,0.34985744211672115,0.31455195600678154,-0.0011942386368809722,3.331539627307346e-5,-0.0005906246569894036,0.06712315517308996,-0.32377734780311584,0.21515652537345886,-0.039595216512680054,1.228769063949585,-0.778219997882843,0.5363655090332031,0.13157139718532562,0.21595820784568787,-1.946592092514038,1.8183989524841309,0.6342480182647705,-1.4449851512908936
0.4551758749999989,0.0034223749999999996,133.0,1.550578589617471,0.38869796854015465,0.31470759760832556,-0.0010399749518769262,2.8678267063813957e-5,-0.0005118362434927108,0.06711812306839975,-0.32381001114845276,0.21816331148147583,-0.03665938973426819,1.2430026531219482,-0.7894916534423828,0.5442991256713867,0.13965864479541779,0.21722784638404846,-1.9585953950881958,1.79323148727417,0.6588495373725891,-1.4607048034667969
0.4551758749999989,0.0034223749999999996,133.0,1.5883528876923798,0.4267019480729937,0.314856970512194,-0.0008461795337498193,2.310272452252122e-5,-0.0004145101439478723,0.06711332099749744,-0.3238277733325958,0.22106775641441345,-0.03386053442955017,1.2566981315612793,-0.7991081476211548,0.551459550857544,0.14693583548069,0.21785247325897217,-1.969791293144226,1.7689447402954102,0.6817618012428284,-1.4752320051193237
0.4551758749999989,0.0034223749999999996,133.0,1.625299292210994,0.46385685948605176,0.3149848822984001,-0.0006738814381825072,1.8139455875912978e-5,-0.00032869682782742316,0.06710920376478291,-0.3237980306148529,0.22371405363082886,-0.03140142560005188,1.268923282623291,-0.8063963651657104,0.5580037832260132,0.15495602786540985,0.21776065230369568,-1.9787455797195435,1.7463254928588867,0.7029106616973877,-1.4875571727752686
0.4551758749999989,0.0034223749999999996,133.0,1.66141297617105,0.500175596544241,0.31511518728878857,-0.0005093419009223462,1.351362008978096e-5,-0.0002473843921114605,0.06710507919177114,-0.3237740695476532,0.22625306248664856,-0.02895963191986084,1.2809746265411377,-0.813136100769043,0.5642391443252563,0.1627945452928543,0.21732589602470398,-1.987351894378662,1.7240386009216309,0.7237867712974548,-1.4993594884872437
0.4551758749999989,0.0034223749999999996,133.0,1.6966938575687918,0.535649474957863,0.31521495832291757,-0.00035029995374190407,9.109545292555364e-6,-0.00016947027226411166,0.06710135154571147,-0.3237142264842987,0.22855837643146515,-0.026910096406936646,1.291536808013916,-0.8169174194335938,0.569843053817749,0.17134037613868713,0.21615538001060486,-1.9935649633407593,1.7037620544433594,0.7427175641059875,-1.5089209079742432
0.4551758749999989,0.0034223749999999996,133.0,1.731119053480116,0.5702992173007893,0.31534482024822885,-0.00019661137729464658,5.000672900870297e-6,-9.474140751972937e-5,0.06709557964775217,-0.3238062560558319,0.2307511419057846,-0.025109469890594482,1.3012163639068604,-0.8180823922157288,0.5748982429504395,0.17926152050495148,0.21448516845703125,-1.9981683492660522,1.6860437393188477,0.7589377164840698,-1.5170836448669434
0.4551758749999989,0.0034223749999999996,133.0,1.7644497724314168,0.6041327013394471,0.31533962545299293,-5.864529929015236e-5,1.4311315580511318e-6,-2.8217791401530153e-5,0.06708876059367856,-0.3270203769207001,0.2332252860069275,-0.026679545640945435,1.290810465812683,-0.8295599222183228,0.5960150957107544,0.1973259001970291,0.22756856679916382,-2.010894536972046,1.6897931098937988,0.7604507803916931,-1.5199086666107178
0.4551758749999989,0.0034223749999999996,133.0,1.7969214117159058,0.6371833138225005,0.31550824996283783,0.000126746045184547,-3.0751472463278476e-6,6.074704575360416e-5,0.06707557903911127,-0.3302505314350128,0.23606470227241516,-0.025890707969665527,1.2921698093414307,-0.8419080376625061,0.611331582069397,0.1984035223722458,0.23658108711242676,-2.022120952606201,1.6881179809570312,0.7633084654808044,-1.5303962230682373
0.4551758749999989,0.0034223749999999996,133.0,1.8291535886643344,0.667399268162584,0.31310739056651055,0.000298862977564119,-5.777209219284782e-6,0.00014194527635050117,0.06722846922793341,-0.3261054456233978,0.23710595071315765,-0.020224720239639282,1.3102564811706543,-0.8552349805831909,0.5907096862792969,0.17902347445487976,0.23178952932357788,-2.0104217529296875,1.6452908515930176,0.8038651347160339,-1.543839931488037
0.4551758749999989,0.0034223749999999996,133.0,1.860031481574425,0.6987601145010297,0.3132262585826157,0.000472881822099707,-9.137844586941226e-6,0.00022385169247178072,0.06722216572097545,-0.3289605677127838,0.23983795940876007,-0.018883168697357178,1.3120472431182861,-0.874997079372406,0.6076195240020752,0.18379634618759155,0.24196302890777588,-2.0272505283355713,1.6376771926879883,0.8154626488685608,-1.555959939956665
0.4551758749999989,0.0034223749999999996,133.0,1.8903794954337936,0.7292448133757026,0.31357744385528336,0.0006796118795168151,-1.3072340491721978e-5,0.0003194979704915787,0.06721015374591406,-0.32622775435447693,0.24201129376888275,-0.010972440242767334,1.3551347255706787,-0.8672059178352356,0.5926975011825562,0.17094114422798157,0.2193358838558197,-2.0304388999938965,1.5942058563232422,0.8476523756980896,-1.5765211582183838
0.4551758749999989,0.0034223749999999996,133.0,1.9199259974879521,0.7588577979362444,0.3138191128040156,0.0008274656293076397,-1.5615199780267957e-5,0.000386884971682574,0.06720455060662266,-0.32472655177116394,0.2435586005449295,-0.007742434740066528,1.3733251094818115,-0.8640747666358948,0.5924516916275024,0.18287336826324463,0.20849362015724182,-2.038057565689087,1.5657577514648438,0.8724890351295471,-1.584024429321289
0.4551758749999989,0.0034223749999999996,133.0,1.948628091612225,0.7876608416436707,0.31419439055620646,0.0010166375721458764,-1.982131478973952e-5,0.0004724435472811269,0.06719588101237363,-0.32493308186531067,0.24522966146469116,-0.0057118237018585205,1.3829363584518433,-0.8709716200828552,0.5990252494812012,0.19211605191230774,0.20677098631858826,-2.0484957695007324,1.5463519096374512,0.8928009867668152,-1.5920701026916504
0.4551758749999989,0.0034223749999999996,133.0,1.9763160467560141,0.8156088233074242,0.31425586848751214,0.0011620290591233193,-2.2868837338925172e-5,0.0005388361421140722,0.06719617932490893,-0.3267849385738373,0.2469700574874878,-0.0057259202003479,1.377877116203308,-0.888577938079834,0.6150646209716797,0.2042420506477356,0.21701842546463013,-2.06052303314209,1.5385198593139648,0.9070059657096863,-1.597423791885376
0.4551758749999989,0.0034223749999999996,133.0,2.003290478086344,0.842703211498525,0.31440146177292744,0.0013246358939868641,-2.5916927818740745e-5,0.0006119351862349655,0.06719324660746694,-0.3266339600086212,0.24852418899536133,-0.0014059841632843018,1.395418643951416,-0.8962576389312744,0.6100773811340332,0.1928267627954483,0.21244943141937256,-2.0611391067504883,1.5158658027648926,0.9272961020469666,-1.6104645729064941
0.4551758749999989,0.0034223749999999996,133.0,2.0295493881385567,0.8688934411090694,0.31439891527067626,0.001519083026930495,-2.7545837543705344e-5,0.000700224968558005,0.06719374476417948,-0.3253110945224762,0.24943947792053223,-0.0003775656223297119,1.403984546661377,-0.8896072506904602,0.6128102540969849,0.21088957786560059,0.20393109321594238,-2.066326141357422,1.495417833328247,0.9448919892311096,-1.6106559038162231
0.4551758749999989,0.0034223749999999996,133.0,2.0548782450879224,0.8943102442833454,0.31450445706424246,0.0017168968814938238,-3.0994983138089e-5,0.0007891966289798545,0.06719106193114799,-0.32504525780677795,0.25055646896362305,0.00039762258529663086,1.409826397895813,-0.8863592743873596,0.6172964572906494,0.2220996916294098,0.19967561960220337,-2.0701944828033447,1.4826557636260986,0.9557067155838013,-1.6123408079147339
0.4551758749999989,0.0034223749999999996,133.0,2.079212079111794,0.9189274853325394,0.3146300093045249,0.0019368730924965865,-3.542369516184694e-5,0.0008878442401276519,0.06718792327200242,-0.3264847695827484,0.2520277798175812,0.0013223886489868164,1.4124499559402466,-0.8945743441581726,0.6247247457504272,0.22258739173412323,0.2032400667667389,-2.0752296447753906,1.4749152660369873,0.9643332958221436,-1.6186168193817139
0.4551758749999989,0.0034223749999999996,133.0,2.1027638307132333,0.942679319166292,0.31461351716578134,0.0020993608553426047,-3.7815723121966694e-5,0.0009614386733540019,0.06718778755393122,-0.3280849754810333,0.25337252020835876,0.0010165274143218994,1.4088388681411743,-0.9029253721237183,0.6364672183990479,0.23031453788280487,0.20950284600257874,-2.081470012664795,1.4708802700042725,0.9711517095565796,-1.6213784217834473
0.4551758749999989,0.0034223749999999996,133.0,2.1254190326424536,0.9656099431579533,0.314628273660322,0.0023064106596423404,-4.112660765614288e-5,0.0010549049014142572,0.06718608731995805,-0.32986971735954285,0.2548135221004486,0.00013241171836853027,1.4028505086898804,-0.910983145236969,0.6520748138427734,0.24339109659194946,0.21646609902381897,-2.0911998748779297,1.468263864517212,0.9764333963394165,-1.6224812269210815
0.4551758749999989,0.0034223749999999996,133.0,2.147304299312783,0.9876947753043291,0.31456869711464397,0.0025157486756383907,-4.386330945606409e-5,0.0011504721613148593,0.0671855962756401,-0.3318125903606415,0.25634968280792236,-0.00014212727546691895,1.3967514038085938,-0.9257969856262207,0.667357325553894,0.25079819560050964,0.2261674404144287,-2.1015243530273438,1.4646649360656738,0.9832553863525391,-1.6262081861495972
0.4551758749999989,0.0034223749999999996,133.0,2.1684778519640178,1.0089394350556828,0.3146937972123188,0.0027379868863413952,-4.739995057308597e-5,0.0012488794925774604,0.0671816772802137,-0.3318253457546234,0.25752151012420654,0.0015883147716522217,1.4052773714065552,-0.9276680946350098,0.6702650785446167,0.25501978397369385,0.22248774766921997,-2.1081438064575195,1.449711561203003,0.9962623119354248,-1.631156086921692
0.4551758749999989,0.0034223749999999996,133.0,2.1888702346376125,1.0293319566970889,0.3149818221507235,0.002963900851922231,-5.5340179594066414e-5,0.0013436660731779102,0.06717567458656996,-0.33005496859550476,0.2587195932865143,0.008970528841018677,1.4401423931121826,-0.9223089814186096,0.6447117328643799,0.2250058799982071,0.20509904623031616,-2.102731466293335,1.4234569072723389,1.0152462720870972,-1.6485706567764282
0.4551758749999989,0.0034223749999999996,133.0,2.2083244560358524,1.0489949311030389,0.3152731116342299,0.003138662171714372,-5.893130937220304e-5,0.0014189505854023813,0.06716965479993262,-0.3304554522037506,0.25990304350852966,0.010846912860870361,1.4494978189468384,-0.9228657484054565,0.6469376087188721,0.22806653380393982,0.2007899284362793,-2.1095871925354004,1.4107823371887207,1.0264215469360352,-1.653693437576294
0.4551758749999989,0.0034223749999999996,133.0,2.227055448006775,1.0677386469156667,0.3155742631915002,0.0033375190208784476,-6.422591481262346e-5,0.0015019964014875138,0.06716366985882802,-0.3292311728000641,0.2607985734939575,0.016185075044631958,1.4747951030731201,-0.919026255607605,0.6306115388870239,0.21171382069587708,0.18663528561592102,-2.1074106693267822,1.387420415878296,1.0424387454986572,-1.6648125648498535
0.4551758749999989,0.0034223749999999996,133.0,2.244592884119737,1.0856908792482458,0.3153955944453155,0.003507015665820802,-6.830140348093955e-5,0.0015805614381426865,0.06716894252966972,-0.33343127369880676,0.26255595684051514,0.013809293508529663,1.4545174837112427,-0.9471668601036072,0.6581577062606812,0.2178301066160202,0.21060088276863098,-2.121131658554077,1.396528959274292,1.0408562421798706,-1.6686656475067139
0.4551758749999989,0.0034223749999999996,133.0,2.2616500130652706,1.1027364843199898,0.31550086564688146,0.003708045067843956,-7.130506101067031e-5,0.001667216886618377,0.06716617391233055,-0.3330846130847931,0.2633651793003082,0.015447556972503662,1.4631866216659546,-0.9458417892456055,0.6584000587463379,0.22188445925712585,0.2050088346004486,-2.1259586811065674,1.38265061378479,1.0515925884246826,-1.671814203262329
0.4551758749999989,0.0034223749999999996,133.0,2.277760021110994,1.1189752781447022,0.31560242128268023,0.003884859602946798,-7.529016256262698e-5,0.001743846488585126,0.06716410946173738,-0.33369705080986023,0.2641673982143402,0.016017645597457886,1.464153528213501,-0.9540619254112244,0.6664873361587524,0.22737105190753937,0.20723846554756165,-2.133053779602051,1.373680591583252,1.0599135160446167,-1.675102949142456
0.4551758749999989,0.0034223749999999996,133.0,2.2929962820367584,1.1342897008905948,0.3153685067887544,0.00405937798370149,-7.822923412476549e-5,0.0018215221108191845,0.06716900096220814,-0.33546218276023865,0.2651735842227936,0.015121430158615112,1.4539158344268799,-0.9725840091705322,0.6834191083908081,0.23563902080059052,0.21944206953048706,-2.1428515911102295,1.3709187507629395,1.0666873455047607,-1.6771986484527588
0.4551758749999989,0.0034223749999999996,133.0,2.307535749751468,1.1488301203180653,0.3155182353482223,0.004197946994485664,-8.229759548418605e-5,0.0018789548742957584,0.06716780948634724,-0.33492252230644226,0.26549023389816284,0.017849236726760864,1.463226079940796,-0.9828557372093201,0.6797071695327759,0.22975464165210724,0.21786075830459595,-2.145314931869507,1.3538861274719238,1.0854465961456299,-1.68497633934021
0.4551758749999989,0.0034223749999999996,133.0,2.32114582692105,1.1625437329430177,0.315575063952071,0.004321220843163188,-8.849792933579411e-5,0.0019316296600583515,0.06717262640326098,-0.3360470235347748,0.2659349739551544,0.01928126811981201,1.4605504274368286,-1.0110416412353516,0.6863319873809814,0.22149334847927094,0.2305331826210022,-2.1520423889160156,1.3440661430358887,1.105067491531372,-1.6950560808181763
0.4551758749999989,0.0034223749999999996,133.0,2.334146510769758,1.1754926864961022,0.31596583541666107,0.004454139959273626,-9.333280162967426e-5,0.0019862447966320996,0.06717050202805944,-0.3339405953884125,0.2658626139163971,0.023929476737976074,1.4810702800750732,-1.014801025390625,0.6699647903442383,0.20617707073688507,0.22093841433525085,-2.153022289276123,1.3207018375396729,1.130757451057434,-1.705954909324646
0.4551758749999989,0.0034223749999999996,133.0,2.3464443051828106,1.1873589820336872,0.31579846697183084,0.0045949245173567185,-9.113336440532994e-5,0.0020430852758408034,0.06717485835942712,-0.3299708068370819,0.2652718126773834,0.0243394672870636,1.489995002746582,-0.9964635372161865,0.6652783155441284,0.23266728222370148,0.20316347479820251,-2.1572678089141846,1.2978594303131104,1.1526285409927368,-1.6972042322158813
0.4551758749999989,0.0034223749999999996,133.0,2.357977909699723,1.1984606974433196,0.31597326940404763,0.0047401039883118,-9.229368839780502e-5,0.002098415808219363,0.06717380036346522,-0.32453903555870056,0.2644958198070526,0.029903173446655273,1.5227620601654053,-0.9705693125724792,0.632527232170105,0.22813265025615692,0.1723402440547943,-2.150618076324463,1.264310359954834,1.1782664060592651,-1.6990692615509033
0.4551758749999989,0.0034223749999999996,133.0,2.3687188153674654,1.2087354621358797,0.3160899778858809,0.004879923341831365,-8.974301063113634e-5,0.0021521327260595117,0.06717387340007301,-0.3196798861026764,0.26365119218826294,0.03169071674346924,1.540614366531372,-0.9420127868652344,0.617913007736206,0.250290185213089,0.14583486318588257,-2.1508233547210693,1.2379765510559082,1.1983020305633545,-1.6904518604278564
0.4551758749999989,0.0034223749999999996,133.0,2.3784939322452274,1.218266465251395,0.3162509993010885,0.005039974261894896,-8.75162551244379e-5,0.0022182168198383984,0.06717384356225792,-0.31617429852485657,0.2631292939186096,0.032784223556518555,1.552198052406311,-0.9235131740570068,0.6104406118392944,0.2694851756095886,0.1280384361743927,-2.154320240020752,1.2176921367645264,1.215327501296997,-1.684287428855896
0.4551758749999989,0.0034223749999999996,133.0,2.3869984199325835,1.2290592177084065,0.3192394238804555,0.005270343672593534,-0.00011215407895568555,0.002308221202249549,0.06699383882763477,-0.31798282265663147,0.26452651619911194,0.032835185527801514,1.5725619792938232,-0.8942863941192627,0.6261669397354126,0.2993448078632355,0.10814571380615234,-2.1807992458343506,1.2191431522369385,1.2042204141616821,-1.6847621202468872
0.4551758749999989,0.0034223749999999996,133.0,2.395298839288695,1.2368672306122337,0.31955541883177074,0.005517058984610415,-0.00011606730591408783,0.0024059178491351073,0.06699323822878057,-0.3124864399433136,0.26360583305358887,0.03649473190307617,1.6003156900405884,-0.8568018674850464,0.5960805416107178,0.306984543800354,0.07445892691612244,-2.174034833908081,1.192439317703247,1.2169139385223389,-1.6787251234054565
0.4551758749999989,0.0034223749999999996,133.0,2.4025393350490902,1.243841266484509,0.31953732455991724,0.005890284694947692,-0.00011834525879088119,0.00256508728148906,0.0669956314994018,-0.309319406747818,0.2631573975086212,0.0375288724899292,1.6094229221343994,-0.8449189066886902,0.5886354446411133,0.3188888430595398,0.061354637145996094,-2.1775760650634766,1.173332929611206,1.2310951948165894,-1.674765706062317
0.4551758749999989,0.0034223749999999996,133.0,2.4090524540727323,1.2500236105015166,0.3197247316020071,0.006515477736354706,-0.00013011798269945817,0.00282825589955639,0.06699640995392145,-0.30525127053260803,0.2627454102039337,0.03929606080055237,1.6264030933380127,-0.8197665810585022,0.5723497867584229,0.32923346757888794,0.039165198802948,-2.1787302494049072,1.1529688835144043,1.238609790802002,-1.6695165634155273
0.4551758749999989,0.0034223749999999996,133.0,2.414685802372064,1.2553927915501135,0.31964059809283674,0.007931520955633103,-0.0001530546659297113,0.0034361357774709005,0.06700044874539858,-0.3019660413265228,0.2629174590110779,0.039122551679611206,1.63360595703125,-0.8117309808731079,0.5743170976638794,0.34502112865448,0.029050886631011963,-2.1948068141937256,1.1313738822937012,1.2492108345031738,-1.6667141914367676
0.4551758749999989,0.0034223749999999996,133.0,2.4195452635249626,1.2602860854745992,0.31976404567200817,0.014737335937978874,-0.00032558159224370837,0.006307840093953964,0.0669936690399355,-0.29788854718208313,0.2672569751739502,0.040324628353118896,1.6602755784988403,-0.8269511461257935,0.5965288877487183,0.34642061591148376,0.02389511466026306,-2.273714542388916,1.0741453170776367,1.257744312286377,-1.6885366439819336
0.4551758749999989,0.0034223749999999996,133.0,2.4043403121487117,-1.2382171257721366,0.2972802884999467,-0.013887104819872906,-0.0002600510270237692,-0.006638204942188093,0.06847537310189863,-0.051050156354904175,0.14083819091320038,-0.1259160041809082,0.3304365575313568,0.0019135605543851852,-0.6788554191589355,0.27747365832328796,0.4137868881225586,-0.12155676633119583,0.67435622215271,0.4346208870410919,-0.7472423315048218
0.4551758749999989,0.0034223749999999996,133.0,2.3997665015990606,-1.2334684195925902,0.29751470337998387,-0.007495610371004568,-0.00011018307955658216,-0.003581324524084965,0.06845240182845856,-0.05163639783859253,0.14564362168312073,-0.12292689085006714,0.3471118211746216,-0.04639125615358353,-0.6711044311523438,0.2676791548728943,0.39429235458374023,-0.1848737746477127,0.690507173538208,0.4149659276008606,-0.7443002462387085
0.4551758749999989,0.0034223749999999996,133.0,2.394306158686921,-1.2280257953312377,0.29748289856947485,-0.0061587437082729025,-8.57162278725446e-5,-0.002938572357753714,0.06844303135142893,-0.053366005420684814,0.14630889892578125,-0.12243449687957764,0.34723448753356934,-0.04594959691166878,-0.6524257659912109,0.2655932903289795,0.39103877544403076,-0.17444074153900146,0.6957478523254395,0.3794242739677429,-0.7411645650863647
0.4551758749999989,0.0034223749999999996,133.0,2.3881026196564843,-1.2219255881237043,0.2974796826758561,-0.005570038565646742,-7.585507576941747e-5,-0.002655357910963949,0.06843993666410471,-0.05363774299621582,0.14487123489379883,-0.12215843796730042,0.3422108292579651,-0.04641436040401459,-0.6382474899291992,0.26707684993743896,0.3901284337043762,-0.15984240174293518,0.696441650390625,0.36668431758880615,-0.7352251410484314
0.4551758749999989,0.0034223749999999996,133.0,2.3809627039523615,-1.2149242043298325,0.29743724124365556,-0.0052277491822569164,-7.487650557197481e-5,-0.0024916954435921347,0.06843434467608149,-0.0552428662776947,0.14505745470523834,-0.12268316745758057,0.3400213122367859,-0.039729271084070206,-0.617415189743042,0.26816806197166443,0.3891759514808655,-0.13323424756526947,0.6969661712646484,0.32782867550849915,-0.7320841550827026
0.4551758749999989,0.0034223749999999996,133.0,2.3722198001751438,-1.2087035907354562,0.29485573236362156,-0.004986619133488114,-0.00012230663664516297,-0.0023741343910966893,0.06850955918157961,-0.05499380826950073,0.14274322986602783,-0.12221971154212952,0.3346244692802429,-0.03475338965654373,-0.6075913906097412,0.2738821506500244,0.389455109834671,-0.11045237630605698,0.692274808883667,0.3166138827800751,-0.7269766926765442
0.4551758749999989,0.0034223749999999996,133.0,2.363469444824284,-1.2002275766854542,0.29481523525682735,-0.004788995446343883,-0.00012223960814634202,-0.0022803046522625195,0.06850685471684179,-0.05603983998298645,0.14015334844589233,-0.12136128544807434,0.32463496923446655,-0.027128305286169052,-0.5788507461547852,0.2775391936302185,0.3935496509075165,-0.07690417766571045,0.6931092739105225,0.29437515139579773,-0.7210919260978699
0.4551758749999989,0.0034223749999999996,133.0,2.35391570637103,-1.1908118988758332,0.2947141740914462,-0.004641204841958026,-0.0001200357703465669,-0.0022067215851804063,0.06850437576070689,-0.056687891483306885,0.13888654112815857,-0.1217774748802185,0.319257527589798,-0.0218411423265934,-0.5579550266265869,0.2816683351993561,0.3942263126373291,-0.04830564558506012,0.6898517608642578,0.27000951766967773,-0.7163862586021423
0.4551758749999989,0.0034223749999999996,133.0,2.343484022491025,-1.1805246611720925,0.29465799702988826,-0.004509449454898594,-0.00011889756256391666,-0.002139848774525694,0.06850024783784422,-0.057785093784332275,0.1380738765001297,-0.12231481075286865,0.314280241727829,-0.015045269392430782,-0.532496452331543,0.28686949610710144,0.395410418510437,-0.014575863257050514,0.6860170364379883,0.23747316002845764,-0.712585985660553
0.4551758749999989,0.0034223749999999996,133.0,2.3322621992174333,-1.1695199412651862,0.2946833635254976,-0.00437606184800359,-0.00012041477512790024,-0.002075935883509066,0.0684981671083224,-0.058124840259552,0.13480648398399353,-0.12136110663414001,0.30249783396720886,-0.009034086018800735,-0.501309871673584,0.29251065850257874,0.4009402096271515,0.020227735862135887,0.6828913688659668,0.222977414727211,-0.7063266634941101
0.4551758749999989,0.0034223749999999996,133.0,2.3202520650096545,-1.1575800818550892,0.2946671005688971,-0.004253123172471411,-0.00011946438802350294,-0.002015108131320209,0.06849713186092576,-0.05785283446311951,0.13371805846691132,-0.12224841117858887,0.29790011048316956,-0.009493986144661903,-0.4853365421295166,0.29729026556015015,0.4005464017391205,0.04109172150492668,0.6764276027679443,0.20995068550109863,-0.70131516456604
0.4551758749999989,0.0034223749999999996,133.0,2.3074298813098575,-1.1447930854677981,0.294567564122631,-0.004129026945538633,-0.00011548187011371597,-0.001950095353889229,0.06849695586620685,-0.057484567165374756,0.13258104026317596,-0.12353256344795227,0.29403212666511536,-0.007915301248431206,-0.46947431564331055,0.3035639524459839,0.39899325370788574,0.06739848852157593,0.6675360202789307,0.19238092005252838,-0.6958659291267395
0.4551758749999989,0.0034223749999999996,133.0,2.2938481068599703,-1.1311256156125498,0.29448768879115483,-0.0040208289518795,-0.00011103039375483527,-0.0018965564974822906,0.06849835796490228,-0.05590811371803284,0.13238394260406494,-0.12566456198692322,0.29410281777381897,-0.016722969710826874,-0.4722330570220947,0.3049810528755188,0.39256030321121216,0.07251806557178497,0.659060001373291,0.1927429735660553,-0.6894535422325134
0.4551758749999989,0.0034223749999999996,133.0,2.2794148536960193,-1.1166122437577146,0.294381958307351,-0.0038834906168285885,-0.00010539181107499109,-0.0018291287734192574,0.06849959965288539,-0.054450780153274536,0.1322118043899536,-0.12722915410995483,0.29395803809165955,-0.026805896311998367,-0.47629666328430176,0.3055374026298523,0.3872663378715515,0.07030928134918213,0.6540219783782959,0.20131120085716248,-0.6839752197265625
0.4551758749999989,0.0034223749999999996,133.0,2.2640714673046234,-1.101248402324605,0.29426908900888915,-0.0037080395740197703,-0.00010270960444796143,-0.0017483580351199664,0.06849815063638877,-0.05477529764175415,0.1333077996969223,-0.1290416717529297,0.29584476351737976,-0.0299576073884964,-0.47371530532836914,0.3086825907230377,0.383634090423584,0.07547901570796967,0.6517069339752197,0.19400350749492645,-0.6822235584259033
0.4551758749999989,0.0034223749999999996,133.0,2.247860813110047,-1.0850389128842661,0.29419395898190404,-0.0035455569147562864,-9.716272025519505e-5,-0.0016699782586790445,0.06849568698072032,-0.055379271507263184,0.13411222398281097,-0.13031473755836487,0.296641081571579,-0.03121292218565941,-0.46985554695129395,0.3107989728450775,0.3814566731452942,0.08067359030246735,0.6520538330078125,0.1900213360786438,-0.6808407306671143
0.4551758749999989,0.0034223749999999996,133.0,2.2308196023789515,-1.0680598412907683,0.2941638621750277,-0.003359347743608076,-9.343904858522905e-5,-0.001583548279371471,0.06849333946861948,-0.056408196687698364,0.1346181184053421,-0.13093218207359314,0.295585572719574,-0.031858522444963455,-0.460115909576416,0.3154241144657135,0.38225942850112915,0.08308623731136322,0.6551105976104736,0.19044005870819092,-0.6806275844573975
0.4551758749999989,0.0034223749999999996,133.0,2.212977641335248,-1.050141105376679,0.29408550217915214,-0.0031832827214625953,-8.655075354176313e-5,-0.001500931873358373,0.06849170784128197,-0.05637568235397339,0.13551731407642365,-0.1317780613899231,0.2974843382835388,-0.03991221264004707,-0.46920251846313477,0.3162350356578827,0.3793226480484009,0.0610881932079792,0.6611950397491455,0.2148696929216385,-0.679634690284729
0.4551758749999989,0.0034223749999999996,133.0,2.1942123038652652,-1.0313543765789228,0.2940193619670598,-0.003000404373593223,-8.221326197658002e-5,-0.0014145539730882842,0.0684863048681526,-0.058161795139312744,0.1373623013496399,-0.1335209608078003,0.30013296008110046,-0.03794754296541214,-0.4627342224121094,0.3212931454181671,0.37747928500175476,0.06728587299585342,0.6640625,0.20372112095355988,-0.6804749369621277
0.4551758749999989,0.0034223749999999996,133.0,2.174661648700234,-1.0118487067474782,0.2939482152419899,-0.002836301761887056,-7.978167312047828e-5,-0.0013383260344481383,0.06848336983380464,-0.05914950370788574,0.13781344890594482,-0.13449028134346008,0.2989448010921478,-0.03839888423681259,-0.45290350914001465,0.3269076347351074,0.37759822607040405,0.07160525023937225,0.6665446758270264,0.20313479006290436,-0.6794435977935791
0.4551758749999989,0.0034223749999999996,133.0,2.154308043910382,-0.9914398945853979,0.2938673157814992,-0.0026213079430063378,-7.351530015904754e-5,-0.0012378991706657632,0.06848047203527721,-0.059974730014801025,0.13925223052501678,-0.13583049178123474,0.3014744818210602,-0.04230615124106407,-0.4547543525695801,0.32988137006759644,0.3746141195297241,0.06174806132912636,0.6715288162231445,0.21136637032032013,-0.6790249347686768
0.4551758749999989,0.0034223749999999996,133.0,2.133079581278034,-0.970541182983665,0.2939198770281289,-0.0024074922631010334,-7.069660281084049e-5,-0.0011383688505758659,0.06847872743883948,-0.0612051784992218,0.13540291786193848,-0.13439157605171204,0.28754478693008423,-0.033014751970767975,-0.42189478874206543,0.33662763237953186,0.38496965169906616,0.09139582514762878,0.6751551628112793,0.215566024184227,-0.6754860877990723
0.4551758749999989,0.0034223749999999996,133.0,2.1110167516883096,-0.9484554206454154,0.2938174495414373,-0.0022054367228566997,-6.380890062881467e-5,-0.00104233870998276,0.06847491975333117,-0.06240484118461609,0.13705699145793915,-0.13596439361572266,0.2902233898639679,-0.03681977465748787,-0.42285680770874023,0.34142571687698364,0.3826944828033447,0.08009885996580124,0.6810355186462402,0.22482678294181824,-0.6759503483772278
0.4551758749999989,0.0034223749999999996,133.0,2.088074590359556,-0.9254983422569288,0.29369031393507394,-0.0020039628476990526,-5.813188632908395e-5,-0.0009464630917017964,0.06846954658900564,-0.06448325514793396,0.13948887586593628,-0.13815030455589294,0.29420363903045654,-0.03710617870092392,-0.41898155212402344,0.34851184487342834,0.38037043809890747,0.07828471064567566,0.6860637664794922,0.21996314823627472,-0.6776702404022217
0.4551758749999989,0.0034223749999999996,133.0,2.064265081875727,-0.9015935644800642,0.29348466789061844,-0.0018426798812486858,-5.307977944233424e-5,-0.0008692221460863763,0.06846296489598429,-0.06706249713897705,0.14406131207942963,-0.14167699217796326,0.3044131398200989,-0.038177646696567535,-0.42305779457092285,0.35432857275009155,0.3729141354560852,0.07280651479959488,0.6906404495239258,0.20423392951488495,-0.6804747581481934
0.4551758749999989,0.0034223749999999996,133.0,2.0397164817452453,-0.8769757839297818,0.2933731330911134,-0.001644518685777427,-4.65828225585924e-5,-0.0007765388273237631,0.0684587170078849,-0.06858226656913757,0.1466067135334015,-0.14338210225105286,0.30924907326698303,-0.042827706784009933,-0.42700791358947754,0.3575115203857422,0.36921530961990356,0.05281267687678337,0.6989920139312744,0.21598653495311737,-0.6816810369491577
0.4551758749999989,0.0034223749999999996,133.0,2.0142781233631757,-0.8516191026159708,0.29337982761675757,-0.001460720316681584,-4.362306106758743e-5,-0.0006917510379618249,0.06845326404555219,-0.07029765844345093,0.1466538906097412,-0.1442336142063141,0.3058227002620697,-0.04131359979510307,-0.4131760597229004,0.3645504415035248,0.37171363830566406,0.057787250727415085,0.7052938938140869,0.22200974822044373,-0.6808190941810608
0.4551758749999989,0.0034223749999999996,133.0,1.9880552775231024,-0.8255626528540361,0.29333771583150225,-0.0012795642981322868,-3.9145684671530875e-5,-0.0006062323472916756,0.06845029817186549,-0.07169517874717712,0.14535923302173615,-0.14474985003471375,0.2987818419933319,-0.038348838686943054,-0.3941211700439453,0.37286219000816345,0.3764057159423828,0.07234969735145569,0.7101860046386719,0.22880029678344727,-0.6785171031951904
0.4551758749999989,0.0034223749999999996,133.0,1.9610176122183192,-0.798580329503517,0.2932454304960845,-0.001129383015788136,-3.52438863156821e-5,-0.0005352424697418118,0.06844703295594635,-0.07268479466438293,0.14554934203624725,-0.14629733562469482,0.2960890531539917,-0.03950975090265274,-0.3817102909088135,0.37975332140922546,0.3761698007583618,0.08217354863882065,0.7125391960144043,0.22853049635887146,-0.6756080389022827
0.4551758749999989,0.0034223749999999996,133.0,1.9332026802739504,-0.7707984710565187,0.2931467359142629,-0.0009955428923148464,-3.1402891973494315e-5,-0.0004720281551339286,0.06844561237732848,-0.07281312346458435,0.1452985554933548,-0.1476845145225525,0.29282867908477783,-0.04442311078310013,-0.37381744384765625,0.3846060037612915,0.37501177191734314,0.08478618413209915,0.7142276763916016,0.23731505870819092,-0.6711975932121277
0.4551758749999989,0.0034223749999999996,133.0,1.9044651021855172,-0.7421994330124158,0.29303557104961847,-0.0008220327410799415,-2.587654249783955e-5,-0.00038887714940570643,0.06844229344286891,-0.07441774010658264,0.14500635862350464,-0.1493607461452484,0.2885856628417969,-0.04144291207194328,-0.35573720932006836,0.3933263421058655,0.3766207695007324,0.1098286360502243,0.7161457538604736,0.2297317385673523,-0.6685649752616882
0.4551758749999989,0.0034223749999999996,133.0,1.8748985516406116,-0.7128090940078233,0.29295831494263075,-0.000690110572105576,-2.2389470294674252e-5,-0.00032636106487547755,0.0684395376627906,-0.07594695687294006,0.14400245249271393,-0.150445818901062,0.2817406952381134,-0.038255032151937485,-0.33478426933288574,0.40374094247817993,0.38120174407958984,0.13249611854553223,0.7194733619689941,0.23076626658439636,-0.6663272380828857
0.4551758749999989,0.0034223749999999996,133.0,1.8444905478509521,-0.6824887521327839,0.2928500962975573,-0.0005180074249722316,-1.7322152529957927e-5,-0.000245191307569329,0.06843500686157124,-0.07778576016426086,0.14461173117160797,-0.15199193358421326,0.27956995368003845,-0.03755517676472664,-0.3216667175292969,0.41274136304855347,0.38223767280578613,0.13959014415740967,0.7255606651306152,0.2338506579399109,-0.6652447581291199
0.4551758749999989,0.0034223749999999996,133.0,1.8132845451583335,-0.6511913927922006,0.29271094958861443,-0.00032546236493018497,-1.0552483197163145e-5,-0.0001539741225651862,0.06842942032560655,-0.07940924167633057,0.1475915014743805,-0.1543980836868286,0.2853825092315674,-0.04214073717594147,-0.3244597911834717,0.4153791069984436,0.3749556243419647,0.12359201908111572,0.7337501049041748,0.2373901903629303,-0.6638198494911194
0.4551758749999989,0.0034223749999999996,133.0,1.7812136782701793,-0.6190995748874911,0.2925815526572455,-0.00015211755676745273,-5.003909943040017e-6,-7.210620047460188e-5,0.06842287139408465,-0.081504225730896,0.14988309144973755,-0.15646132826805115,0.2884243428707123,-0.04262552037835121,-0.3197667598724365,0.4209132194519043,0.37087714672088623,0.11648541688919067,0.7424232959747314,0.23906004428863525,-0.6628400087356567
0.4551758749999989,0.0034223749999999996,133.0,1.7482905842306815,-0.5864345955278709,0.29250782934148134,1.6864750471302472e-5,5.979916116035206e-7,8.029808528054867e-6,0.06841839567837596,-0.08362585306167603,0.148004412651062,-0.15687409043312073,0.2789326310157776,-0.03568923473358154,-0.29778456687927246,0.4332873523235321,0.3786856532096863,0.1309892237186432,0.7517178058624268,0.2560524642467499,-0.6612386703491211
0.4551758749999989,0.0034223749999999996,133.0,1.714535183425218,-0.552768656027932,0.292394067793182,0.0001863200589406642,6.7504604758581925e-6,8.876955058228722e-5,0.0684127900776992,-0.08588379621505737,0.14882582426071167,-0.1587068736553192,0.2770911753177643,-0.033912550657987595,-0.28403759002685547,0.44413426518440247,0.37948739528656006,0.13781149685382843,0.7593071460723877,0.258883535861969,-0.6602624654769897
0.4551758749999989,0.0034223749999999996,133.0,1.6799151093583382,-0.5181020728518029,0.29219499286075584,0.00037001116803624644,1.332719285433997e-5,0.00017614832335257748,0.06840445425783137,-0.0887555480003357,0.15242527425289154,-0.16200986504554749,0.28396373987197876,-0.034373220056295395,-0.28064823150634766,0.4517318606376648,0.37265393137931824,0.13497070968151093,0.7672486305236816,0.2483692169189453,-0.6603555679321289
0.4551758749999989,0.0034223749999999996,133.0,1.6444718975451125,-0.482764416524936,0.2920708744622905,0.000514513907032906,1.890755789033465e-5,0.00024508270130387525,0.06839826419048327,-0.09136962890625,0.1534854918718338,-0.16396337747573853,0.2825869917869568,-0.03230353817343712,-0.2670578956604004,0.46352505683898926,0.37370556592941284,0.13988427817821503,0.7763090133666992,0.2521936893463135,-0.660107433795929
0.4551758749999989,0.0034223749999999996,133.0,1.608206924812311,-0.4466029237113744,0.2919438381987874,0.0006775098439053717,2.544911631565938e-5,0.00032291943788124354,0.06839223229816117,-0.093841552734375,0.15441061556339264,-0.16596239805221558,0.2809368968009949,-0.030631300061941147,-0.2530860900878906,0.47561874985694885,0.37449443340301514,0.14647074043750763,0.7847189903259277,0.255086213350296,-0.6593126058578491
0.4551758749999989,0.0034223749999999996,133.0,1.5711294194384824,-0.40961799292999973,0.29182642778927,0.0008511421976329246,3.2778467353267404e-5,0.0004059331565249584,0.06838661982224009,-0.09598740935325623,0.15508843958377838,-0.1680043637752533,0.2787509262561798,-0.029774803668260574,-0.23873043060302734,0.48786208033561707,0.3749186396598816,0.1561158150434494,0.7916650772094727,0.25639089941978455,-0.6575981378555298
0.4551758749999989,0.0034223749999999996,133.0,1.533250583300078,-0.3718278848315573,0.2916933180459914,0.0010482789700747524,4.185487062406059e-5,0.0005005366331712726,0.06838199182485222,-0.09768834710121155,0.15538965165615082,-0.1701587736606598,0.2759358584880829,-0.030802465975284576,-0.22455525398254395,0.5006222128868103,0.3751606047153473,0.16882792115211487,0.7966063022613525,0.25739631056785583,-0.6550522446632385
0.4551758749999989,0.0034223749999999996,133.0,1.4945475362268523,-0.3332028674187971,0.29158988540130387,0.0012355258870340505,5.0831246811935115e-5,0.0005902946880480627,0.0683776692076094,-0.09912705421447754,0.155488058924675,-0.17236950993537903,0.2726985514163971,-0.0329509936273098,-0.2104194164276123,0.5138684511184692,0.3754452168941498,0.18375474214553833,0.8003294467926025,0.25783810019493103,-0.6521142721176147
0.4551758749999989,0.0034223749999999996,133.0,1.454948136331222,-0.29395862969758013,0.29148353305567337,0.001356883094330587,5.9294168341325714e-5,0.0006487963171512859,0.06837560037842512,-0.10134834051132202,0.15261699259281158,-0.1738385260105133,0.2601999342441559,-0.025948945432901382,-0.1833815574645996,0.5372436046600342,0.386909544467926,0.2263614386320114,0.8053300380706787,0.2686815857887268,-0.6511143445968628
0.4551758749999989,0.0034223749999999996,133.0,1.4145534622196645,-0.2536671923498454,0.2913553790319999,0.0015122870162937493,6.800712973436933e-5,0.0007236569232338477,0.06837044245491065,-0.10344311594963074,0.1530129462480545,-0.1759074330329895,0.2579660713672638,-0.02504808083176613,-0.17009711265563965,0.5527213215827942,0.3878648281097412,0.23777030408382416,0.8118443489074707,0.27120012044906616,-0.6498841047286987
0.4551758749999989,0.0034223749999999996,133.0,1.373254287845229,-0.21222177888490643,0.2910873422034671,0.0016637345079656433,7.562031583886339e-5,0.000796653444881888,0.06835845350499882,-0.10660609602928162,0.15844669938087463,-0.17993518710136414,0.2720174789428711,-0.025893684476614,-0.17359042167663574,0.5581777095794678,0.3725680708885193,0.2271871119737625,0.8199188709259033,0.24461010098457336,-0.6486774682998657
0.4551758749999989,0.0034223749999999996,133.0,1.3318964497347248,-0.1688806570303926,0.2934671609043804,0.0018066301382971778,7.127261856231917e-5,0.0008697665151728582,0.06827433885233888,-0.1076422929763794,0.15618523955345154,-0.18018734455108643,0.2593698501586914,-0.027147378772497177,-0.1516726016998291,0.5713869333267212,0.3807194232940674,0.22665616869926453,0.8310620784759521,0.276129812002182,-0.644257664680481
0.4551758749999989,0.0034223749999999996,133.0,1.2888893839374316,-0.12592348888753593,0.29325757470177755,0.0019045165434132033,8.18199089677751e-5,0.000919632612569007,0.06826315460725728,-0.1118658185005188,0.15955878794193268,-0.1837683618068695,0.2646346390247345,-0.022118665277957916,-0.13831305503845215,0.5881704688072205,0.376104474067688,0.24159176647663116,0.8431458473205566,0.25380149483680725,-0.6449557542800903
0.4551758749999989,0.0034223749999999996,133.0,1.244883461640984,-0.08248251010950908,0.2932369277059947,0.0018794488005955538,8.532805692815183e-5,0.0009113016730977169,0.06825277166329652,-0.11860635876655579,0.1547514796257019,-0.18348699808120728,0.24134527146816254,0.003406633622944355,-0.09967851638793945,0.6260775327682495,0.40517887473106384,0.27569395303726196,0.8757457733154297,0.3069366216659546,-0.6509649157524109
0.4551758749999989,0.0034223749999999996,133.0,1.199094998638986,-0.03768941019324076,0.29055092844499736,0.0017589857002458765,5.546742053240992e-5,0.0008567344407961197,0.06826771229625729,-0.1369665265083313,0.19670280814170837,-0.1899387687444687,0.34366586804389954,0.026901457458734512,-0.15035676956176758,0.42009806632995605,0.37665700912475586,-0.20935103297233582,1.0674700736999512,0.18085776269435883,-0.7246438264846802
0.4551758749999989,0.0034223749999999996,133.0,1.1523430946635345,0.01035954456047341,0.2906678396413427,0.00010365459191046165,-1.2292901639456697e-6,5.130845424722526e-5,0.06814832249869718,-0.17478206753730774,0.26093754172325134,-0.18056604266166687,0.4102155864238739,0.007993478327989578,-0.052722930908203125,-0.018131714314222336,0.5358870625495911,-1.222448468208313,1.4754106998443604,0.09153631329536438,-0.9491488337516785
0.4551758749999989,0.0034223749999999996,133.0,1.1949548548483129,0.04976848065380895,0.2934246169674833,-0.0017119119061321337,-8.384897305980518e-5,-0.0008830064328306235,0.06774384093205482,-0.20815083384513855,0.1181948184967041,-0.18222880363464355,0.5696643590927124,-0.196134552359581,0.12705564498901367,0.8538942933082581,-0.041025400161743164,-0.6108923554420471,1.462501049041748,0.07750507444143295,-0.5280519723892212
0.4551758749999989,0.0034223749999999996,133.0,1.2358884238027945,0.09627116045475075,0.29600171845154366,-0.0019199947427791264,-6.164217914594695e-6,-0.000996321658149963,0.06743405457263184,-0.26352497935295105,0.15132056176662445,-0.13245108723640442,0.8349699378013611,-0.3677825629711151,0.3708343505859375,0.5146651268005371,0.057039737701416016,-1.4108035564422607,1.8319602012634277,0.32417193055152893,-0.8903787136077881
0.4551758749999989,0.0034223749999999996,133.0,1.2771974344738188,0.14156300228435967,0.29861068604494156,-0.0019233871833315506,3.934936109910012e-5,-0.0009785757140787787,0.06727014028726362,-0.3111875355243683,0.1819860339164734,-0.07663461565971375,1.0588304996490479,-0.6500595211982727,0.4908941984176636,0.1868383139371872,0.1877361238002777,-1.7995108366012573,1.944361686706543,0.5284626483917236,-1.2453464269638062
0.4551758749999989,0.0034223749999999996,133.0,1.319401449102707,0.1852955569549111,0.2995205806635681,-0.0018191647427656095,4.536384932763859e-5,-0.0009144127398079288,0.06722597953668225,-0.31978920102119446,0.19606691598892212,-0.0631248950958252,1.1161911487579346,-0.7128127813339233,0.5112278461456299,0.15927810966968536,0.21265152096748352,-1.8798071146011353,1.926954746246338,0.5330941677093506,-1.3281162977218628
0.4551758749999989,0.0034223749999999996,133.0,1.3611671902214637,0.22768664628392019,0.29994083431483326,-0.001666574705954539,4.484082461798258e-5,-0.0008321305027517067,0.06721164378557232,-0.32101741433143616,0.20390021800994873,-0.050730764865875244,1.171739101409912,-0.7439127564430237,0.5077434778213501,0.10912185907363892,0.21168789267539978,-1.9018381834030151,1.886336326599121,0.5634914040565491,-1.3829567432403564
0.4551758749999989,0.0034223749999999996,133.0,1.4021052950146178,0.26901647124558115,0.2998907780586025,-0.0014778455417613727,3.917979556160041e-5,-0.0007374489530711663,0.06721412113987518,-0.32388272881507874,0.20744001865386963,-0.050367504358291626,1.167123556137085,-0.7707912921905518,0.5235915184020996,0.12057530879974365,0.22935634851455688,-1.9208855628967285,1.8813438415527344,0.5799850821495056,-1.396220088005066
0.4551758749999989,0.0034223749999999996,133.0,1.4424538724070888,0.30948707930653035,0.2999940194631842,-0.0013921149677061074,3.5128895821495454e-5,-0.0006916282903981394,0.067209204700257,-0.3230842053890228,0.21041294932365417,-0.04831680655479431,1.181236743927002,-0.7700028419494629,0.5323085784912109,0.143556147813797,0.22638806700706482,-1.9325815439224243,1.8551416397094727,0.602074146270752,-1.4076213836669922
0.4551758749999989,0.0034223749999999996,133.0,1.4820431130163323,0.34915679370128816,0.3002668214851794,-0.0011922908613005048,3.0175641966003714e-5,-0.0005880163970928631,0.06719821092051868,-0.32083824276924133,0.21387295424938202,-0.0422188937664032,1.2168641090393066,-0.7666739821434021,0.5313917398452759,0.14141955971717834,0.21300676465034485,-1.9388811588287354,1.8150615692138672,0.6316678524017334,-1.4300785064697266
0.4551758749999989,0.0034223749999999996,133.0,1.5206493760728903,0.3879857931400949,0.300412949834912,-0.0010382201246208638,2.596608323952013e-5,-0.000509666368580443,0.06719336781980144,-0.3208625018596649,0.21689964830875397,-0.03935307264328003,1.2310537099838257,-0.7775886058807373,0.5393575429916382,0.14936983585357666,0.214324951171875,-1.9509778022766113,1.7902865409851074,0.6558759808540344,-1.4458043575286865
0.4551758749999989,0.0034223749999999996,133.0,1.5584243205903527,0.42597859593818715,0.30055317422009903,-0.0008447065111825243,2.0912459102969087e-5,-0.00041282367085280694,0.06718874790388221,-0.3208731710910797,0.21982453763484955,-0.03662201762199402,1.2446978092193604,-0.7868854999542236,0.5465556383132935,0.1565178483724594,0.21501541137695312,-1.9622565507888794,1.7663726806640625,0.6784061789512634,-1.4603466987609863
0.4551758749999989,0.0034223749999999996,133.0,1.595371104325347,0.46312327105884166,0.30067304331441114,-0.0006726759433452851,1.6411725667483283e-5,-0.000327410919520133,0.06718477822273529,-0.32083383202552795,0.22248807549476624,-0.034233808517456055,1.2568552494049072,-0.7938310503959656,0.5531346797943115,0.16443118453025818,0.2149902582168579,-1.9712542295455933,1.744100570678711,0.6991596817970276,-1.4726725816726685
0.4551758749999989,0.0034223749999999996,133.0,1.6314851909605708,0.4994321516529763,0.30079532468591896,-0.0005084069677731658,1.2220270385288e-5,-0.00024645471281384106,0.06718080232181442,-0.3207971155643463,0.22504284977912903,-0.031865090131759644,1.2688300609588623,-0.8002252578735352,0.5594083070755005,0.17217275500297546,0.21462741494178772,-1.9798885583877563,1.7221460342407227,0.7196384072303772,-1.4844707250595093
0.4551758749999989,0.0034223749999999996,133.0,1.6667662763477582,0.5348970419856159,0.30088836957603954,-0.00034964263871362555,8.230487858027186e-6,-0.00016885633068496625,0.06717719352008876,-0.32072749733924866,0.22736340761184692,-0.029885292053222656,1.2793070077896118,-0.8036952614784241,0.5650491714477539,0.1806311160326004,0.21354129910469055,-1.9861191511154175,1.702176570892334,0.7381818294525146,-1.4940320253372192
0.4551758749999989,0.0034223749999999996,133.0,1.7011920379218164,0.5695383509968592,0.30101268105051565,-0.00019623553185582745,4.513599177787888e-6,-9.440864355678422e-5,0.06717155237897955,-0.32079634070396423,0.22953608632087708,-0.02824261784553528,1.2886053323745728,-0.8041390776634216,0.5701587200164795,0.18881438672542572,0.21187666058540344,-1.9903730154037476,1.6850628852844238,0.7537434697151184,-1.501818060874939
0.4551758749999989,0.0034223749999999996,133.0,1.7345337743431049,0.60336272277596,0.30101313166320215,-5.8533406481928754e-5,1.2884537286056812e-6,-2.8117605510395773e-5,0.06716472995116066,-0.32398828864097595,0.2319791316986084,-0.029914289712905884,1.2779443264007568,-0.8147681355476379,0.5911587476730347,0.20702646672725677,0.22480931878089905,-2.0027801990509033,1.6892499923706055,0.7548157572746277,-1.5042321681976318
0.4551758749999989,0.0034223749999999996,133.0,1.7670164802590371,0.636402749583686,0.3011795292202633,0.00012650217486648242,-2.766593426837077e-6,6.053235292542651e-5,0.06715182137006763,-0.32720616459846497,0.23481854796409607,-0.029213130474090576,1.279092788696289,-0.8265361189842224,0.6064326763153076,0.208225280046463,0.2337811291217804,-2.013941764831543,1.688011646270752,0.7574352622032166,-1.5144658088684082
0.4551758749999989,0.0034223749999999996,133.0,1.7992365432942063,0.6666123393000566,0.2987577086844063,0.0002982744278661416,-5.039272997882022e-6,0.00014147197763510845,0.06730444065093846,-0.32308539748191833,0.2358987182378769,-0.023606151342391968,1.2971806526184082,-0.8399638533592224,0.5861608982086182,0.1889466494321823,0.22915351390838623,-2.002624750137329,1.6455678939819336,0.7977819442749023,-1.5280799865722656
0.4551758749999989,0.0034223749999999996,133.0,1.8301249131022506,0.6979625345845584,0.29887122636332253,0.00047193762210253444,-7.967495289871079e-6,0.00022312273642485742,0.06729836213652582,-0.32598677277565,0.2387096881866455,-0.022148489952087402,1.2993810176849365,-0.8600769639015198,0.6029911041259766,0.19291634857654572,0.2394828498363495,-2.020139455795288,1.6379318237304688,0.8095707297325134,-1.540767788887024
0.4551758749999989,0.0034223749999999996,133.0,1.8604643047357086,0.7284383091759487,0.2991954110829224,0.0006781872297207226,-1.1371354153299287e-5,0.0003185664324851174,0.06728693042541661,-0.32327333092689514,0.24096697568893433,-0.014275133609771729,1.3424404859542847,-0.8528492450714111,0.5883281230926514,0.17969316244125366,0.21732863783836365,-2.023691415786743,1.5947229862213135,0.8414274454116821,-1.5617830753326416
0.4551758749999989,0.0034223749999999996,133.0,1.8900063659396256,0.7580448593993846,0.2994261788356518,0.00082568792155519,-1.3582216506336185e-5,0.0003858282471624516,0.0672815631460126,-0.32179078459739685,0.24257686734199524,-0.011020779609680176,1.3607546091079712,-0.8501726984977722,0.5882056951522827,0.19111859798431396,0.20680150389671326,-2.031634569168091,1.5663022994995117,0.8660776615142822,-1.5697283744812012
0.4551758749999989,0.0034223749999999996,133.0,1.9187065080888868,0.7868399067715184,0.29978156088519,0.0010143870155613459,-1.7294652128005866e-5,0.0004712659714049794,0.06727328738459533,-0.32200148701667786,0.2443235069513321,-0.008893221616744995,1.3706530332565308,-0.8577223420143127,0.5947638750076294,0.19965963065624237,0.20536205172538757,-2.042640209197998,1.5465657711029053,0.8866434097290039,-1.5783493518829346
0.4551758749999989,0.0034223749999999996,133.0,1.9464086223441248,0.8147815231995907,0.29985624968300273,0.0011594854223412397,-2.006775006637826e-5,0.0005374477539775042,0.06727337184729362,-0.3238661587238312,0.2461516410112381,-0.008714228868484497,1.3662569522857666,-0.8760627508163452,0.6106470823287964,0.21071283519268036,0.21575894951820374,-2.0554511547088623,1.5380818843841553,0.9013129472732544,-1.5845160484313965
0.4551758749999989,0.0034223749999999996,133.0,1.9733795171094255,0.8418695457470327,0.2999843797379163,0.0013216573479198446,-2.2692857521973906e-5,0.0006105008745601901,0.06727070335852015,-0.32370105385780334,0.24773550033569336,-0.004459261894226074,1.3836477994918823,-0.8837283253669739,0.6057819128036499,0.19930173456668854,0.21135437488555908,-2.0561907291412354,1.5156519412994385,0.9214894771575928,-1.5975737571716309
0.4551758749999989,0.0034223749999999996,133.0,1.9996380889471375,0.8680554202848961,0.2999807295507666,0.001515638190183452,-2.39305135409323e-5,0.0006986394915007042,0.06727114531489346,-0.32233795523643494,0.24860438704490662,-0.0036525726318359375,1.391649603843689,-0.8761730194091797,0.6086968183517456,0.21798375248908997,0.20281341671943665,-2.0607662200927734,1.495931625366211,0.9382201433181763,-1.5971777439117432
0.4551758749999989,0.0034223749999999996,133.0,2.024962653754566,0.8934683889165599,0.30008145229765676,0.001712946730845412,-2.6992233639733294e-5,0.0007875041567829528,0.06726864868199939,-0.3220464289188385,0.24970832467079163,-0.002975285053253174,1.3972591161727905,-0.8725749850273132,0.6132582426071167,0.2294132560491562,0.19860586524009705,-2.0644423961639404,1.4834418296813965,0.9486684203147888,-1.5986769199371338
0.4551758749999989,0.0034223749999999996,133.0,2.0493017247994882,0.9180800031718694,0.30020382383249977,0.001932384555663305,-3.091614049735626e-5,0.0008859945471230928,0.06726563161837437,-0.32347825169563293,0.2511989176273346,-0.002054274082183838,1.3999141454696655,-0.8807214498519897,0.6206479072570801,0.22970835864543915,0.20222389698028564,-2.069640636444092,1.47574782371521,0.9572741985321045,-1.6050398349761963
0.4551758749999989,0.0034223749999999996,133.0,2.0728591517953,0.9418269357511986,0.30018711648489055,0.0020944845572263516,-3.295538394750305e-5,0.000959460191926528,0.06726547500918566,-0.32505539059638977,0.25252583622932434,-0.002444446086883545,1.3961199522018433,-0.8884915113449097,0.6323813199996948,0.23761700093746185,0.20841467380523682,-2.075730800628662,1.4720256328582764,0.9638317227363586,-1.6075440645217896
0.4551758749999989,0.0034223749999999996,133.0,2.0955240175205425,0.9647521906896398,0.3002144033371461,0.00230108676382722,-3.597653226180429e-5,0.0010526688989816787,0.067263686851762,-0.3268437683582306,0.2539617419242859,-0.003379911184310913,1.3900517225265503,-0.8960074782371521,0.6479377746582031,0.25062525272369385,0.21532326936721802,-2.085338592529297,1.4697606563568115,0.9687169790267944,-1.6085083484649658
0.4551758749999989,0.0034223749999999996,133.0,2.1174138886406486,0.9868305517298114,0.3001464542486397,0.002509869526163751,-3.8161294172270686e-5,0.0011481744125202884,0.06726327031844015,-0.3287639319896698,0.2554889917373657,-0.0036904513835906982,1.3838850259780884,-0.9104558825492859,0.6631505489349365,0.2580471336841583,0.22496628761291504,-2.0956406593322754,1.4662885665893555,0.9754551649093628,-1.6121082305908203
0.4551758749999989,0.0034223749999999996,133.0,2.138587805413045,1.008070566590479,0.3002652328153727,0.002731507005398504,-4.122809768197953e-5,0.0012465311907754867,0.06725949390694436,-0.32876285910606384,0.25665584206581116,-0.0020784735679626465,1.3921236991882324,-0.9118404984474182,0.6661791801452637,0.26249003410339355,0.22134795784950256,-2.1020307540893555,1.451791524887085,0.9879447221755981,-1.6168292760849
0.4551758749999989,0.0034223749999999996,133.0,2.15897444598772,1.0284583658252087,0.3005281735795614,0.002956706870619158,-4.845700169083516e-5,0.001341446623036045,0.06725400753735321,-0.3269796669483185,0.25789332389831543,0.0052311718463897705,1.4267854690551758,-0.9069086909294128,0.6409207582473755,0.23262852430343628,0.2042788565158844,-2.0967135429382324,1.4256293773651123,1.006811499595642,-1.6343662738800049
0.4551758749999989,0.0034223749999999996,133.0,2.1784303970124763,1.0481167015111539,0.3008130116928433,0.003130957793179971,-5.167548870111578e-5,0.0014167498303807107,0.06724819530459517,-0.327363520860672,0.2590935528278351,0.007068514823913574,1.4360629320144653,-0.9074186086654663,0.6432331800460815,0.23566868901252747,0.20009443163871765,-2.1036267280578613,1.4130427837371826,1.0178477764129639,-1.6395378112792969
0.4551758749999989,0.0034223749999999996,133.0,2.1971592821803987,1.066857376912083,0.30110234603950264,0.0033292151534627763,-5.6490203893852326e-5,0.0014998725884373821,0.06724243275982521,-0.3261341154575348,0.26002684235572815,0.012355059385299683,1.4612354040145874,-0.9038585424423218,0.6271259784698486,0.21931889653205872,0.18620890378952026,-2.101548671722412,1.3897936344146729,1.0336915254592896,-1.6508076190948486
0.4551758749999989,0.0034223749999999996,133.0,2.2147117182493057,1.0848029921330136,0.30093098133942753,0.0034983410623713727,-6.014899465116012e-5,0.0015782614266341803,0.06724754134011351,-0.3303164541721344,0.2617741823196411,0.010014384984970093,1.4411189556121826,-0.931601881980896,0.6544694900512695,0.22530719637870789,0.20995020866394043,-2.115504264831543,1.398874282836914,1.0324475765228271,-1.654591679573059
0.4551758749999989,0.0034223749999999996,133.0,2.231766011333556,1.101845165286315,0.301024889614879,0.003698737833832393,-6.264220857280799e-5,0.0016650363374007856,0.067244971540031,-0.32995811104774475,0.2626021206378937,0.011619210243225098,1.4497026205062866,-0.930288553237915,0.6548006534576416,0.22929811477661133,0.20450398325920105,-2.120358467102051,1.385063648223877,1.0429894924163818,-1.6578031778335571
0.4551758749999989,0.0034223749999999996,133.0,2.247878648191275,1.1180807005836142,0.3011241196689969,0.0038750458074551233,-6.626511920152681e-5,0.0017416936514598857,0.06724296499196929,-0.33056560158729553,0.2634087800979614,0.012149304151535034,1.4505910873413086,-0.9382482171058655,0.6628919839859009,0.2347327172756195,0.20674672722816467,-2.12740159034729,1.3763103485107422,1.051079273223877,-1.6610260009765625
0.4551758749999989,0.0034223749999999996,133.0,2.2631216346490772,1.1333912296809534,0.30089306255723797,0.004049127586428489,-6.88550010480507e-5,0.0018193079896071044,0.06724771659238446,-0.33232417702674866,0.2644103467464447,0.01124069094657898,1.4403772354125977,-0.9563690423965454,0.6797198057174683,0.24287253618240356,0.2188332974910736,-2.1372311115264893,1.3737318515777588,1.0577828884124756,-1.6630244255065918
0.4551758749999989,0.0034223749999999996,133.0,2.2776611345941187,1.1479304249677582,0.30103815300866865,0.004187275215937611,-7.263867354355066e-5,0.0018768579459778867,0.06724648989715672,-0.3317849934101105,0.2647506296634674,0.013949424028396606,1.4497016668319702,-0.9666557908058167,0.6760777235031128,0.2368624210357666,0.2173159122467041,-2.139799118041992,1.35683274269104,1.0764713287353516,-1.6708827018737793
0.4551758749999989,0.0034223749999999996,133.0,2.2912746861119495,1.1616414953742362,0.30108437130546467,0.004310126324809299,-7.830534489868408e-5,0.0019297657747034207,0.06725127572318096,-0.33289459347724915,0.2652037739753723,0.015384107828140259,1.4471173286437988,-0.9946704506874084,0.6826183795928955,0.22847256064414978,0.22986096143722534,-2.1467230319976807,1.347083568572998,1.0963184833526611,-1.6809265613555908
0.4551758749999989,0.0034223749999999996,133.0,2.3042686448365948,1.1745901968983627,0.30145875150409235,0.004442506434862189,-8.262588651383297e-5,0.0019847525148824984,0.0672492919555349,-0.33077916502952576,0.2651633322238922,0.01999795436859131,1.4676028490066528,-0.998650848865509,0.6663933992385864,0.2131103128194809,0.2203856110572815,-2.147785186767578,1.3237881660461426,1.1219391822814941,-1.6919128894805908
0.4551758749999989,0.0034223749999999996,133.0,2.3165539912016744,1.1864584780692145,0.30129375729242613,0.004582858111712305,-8.059848896664238e-5,0.0020417172359424012,0.06725352083752943,-0.32681509852409363,0.26459673047065735,0.020388036966323853,1.476547360420227,-0.9804153442382812,0.6618626117706299,0.23936152458190918,0.20282039046287537,-2.1519007682800293,1.3009886741638184,1.143278956413269,-1.6833930015563965
0.4551758749999989,0.0034223749999999996,133.0,2.328067766720484,1.1975621308686115,0.30144500812313596,0.0047273606671557646,-8.138445628905438e-5,0.002097596579320041,0.06725273711023809,-0.32137057185173035,0.2638665437698364,0.025902211666107178,1.509169340133667,-0.9551699757575989,0.6294504404067993,0.2348024845123291,0.17241549491882324,-2.145181894302368,1.2673442363739014,1.1685811281204224,-1.6855392456054688
0.4551758749999989,0.0034223749999999996,133.0,2.338791729636798,1.2078395488518983,0.30155536274170036,0.004866646074204402,-7.89366269063558e-5,0.002151605540962923,0.06725289884234414,-0.3165130317211151,0.2630579471588135,0.02766871452331543,1.526981234550476,-0.9270154237747192,0.6150665283203125,0.25673624873161316,0.1462670862674713,-2.145223617553711,1.2409367561340332,1.1880526542663574,-1.6772408485412598
0.4551758749999989,0.0034223749999999996,133.0,2.348554889673171,1.2173718414866979,0.3017117268738624,0.005026123825687944,-7.666999878108923e-5,0.002217956616995633,0.06725290028594112,-0.313003808259964,0.2625606060028076,0.028753280639648438,1.5385642051696777,-0.9087870717048645,0.6077107191085815,0.2757037580013275,0.12870872020721436,-2.1485953330993652,1.220580816268921,1.2047009468078613,-1.671316146850586
0.4551758749999989,0.0034223749999999996,133.0,2.357064800419954,1.2281602922142674,0.3047015194064554,0.005255614521255737,-0.00010134707698836409,0.0023080758594824623,0.0670739901594001,-0.31479379534721375,0.2639709711074829,0.02880057692527771,1.558849573135376,-0.879776120185852,0.6232765913009644,0.30518776178359985,0.10906493663787842,-2.1747848987579346,1.2219343185424805,1.1931267976760864,-1.6719634532928467
0.4551758749999989,0.0034223749999999996,133.0,2.3653443969413783,1.235971910223577,0.30500316951393225,0.005501423289293821,-0.00010501737291080224,0.0024061859536860736,0.06707363099338853,-0.30897435545921326,0.263132780790329,0.03390544652938843,1.5926321744918823,-0.8409547209739685,0.5848661661148071,0.3038116991519928,0.0723065733909607,-2.1641407012939453,1.1924574375152588,1.2049813270568848,-1.6688261032104492
0.4551758749999989,0.0034223749999999996,133.0,2.3725753833257626,1.242946738696845,0.3049826360382762,0.005873465763671906,-0.00010679211038426476,0.002565673145737549,0.06707596612775484,-0.3061259090900421,0.2626611888408661,0.03346112370491028,1.5955950021743774,-0.8314234614372253,0.5861384868621826,0.32450610399246216,0.06290331482887268,-2.1712422370910645,1.1758747100830078,1.219201683998108,-1.6624879837036133
0.4551758749999989,0.0034223749999999996,133.0,2.3790742530746227,1.249130051663723,0.30515965879361984,0.006496660749440425,-0.0001174680511031688,0.002829340392105782,0.0670769144693841,-0.3020552098751068,0.2623700499534607,0.03637427091598511,1.6165075302124023,-0.8079835772514343,0.5646493434906006,0.326995313167572,0.0400012731552124,-2.1707816123962402,1.1532645225524902,1.2278872728347778,-1.6604244709014893
0.4551758749999989,0.0034223749999999996,133.0,2.3846962212107314,1.2544987165170256,0.30507973746252326,0.007908437008972324,-0.00013811663200384358,0.0034378625863892157,0.06708095086537098,-0.29877832531929016,0.26246726512908936,0.03504428267478943,1.6197433471679688,-0.7989041805267334,0.5719491243362427,0.35030731558799744,0.030983835458755493,-2.1881229877471924,1.1338014602661133,1.2366167306900024,-1.6547892093658447
0.4551758749999989,0.0034223749999999996,133.0,2.3895416342224403,1.259376120275623,0.30519838690393686,0.014692960578161066,-0.00029679190555883156,0.006314211402247273,0.0670749242574452,-0.2947045862674713,0.26686277985572815,0.03624710440635681,1.6464074850082397,-0.8143044710159302,0.5937355756759644,0.35119542479515076,0.025783389806747437,-2.2669618129730225,1.076859712600708,1.2452328205108643,-1.6765563488006592
0.4551758749999989,0.0034223749999999996,133.0,2.373482650839391,-1.2386619085678332,0.28322401136991043,-0.013891223956722602,-0.0002476716983313134,-0.006623805673705069,0.06848135748882726,-0.05057457089424133,0.1406099945306778,-0.12560266256332397,0.32984283566474915,7.179775275290012e-5,-0.6802713871002197,0.2768760621547699,0.41264304518699646,-0.12041329592466354,0.6707139015197754,0.4332358241081238,-0.745489776134491
0.4551758749999989,0.0034223749999999996,133.0,2.3689112242124017,-1.2339240855567215,0.28344538520465445,-0.00749766433198368,-0.00010454543631555966,-0.003573249598016036,0.06845939237077335,-0.0511680543422699,0.1454116553068161,-0.12264391779899597,0.3464304208755493,-0.04831407219171524,-0.672407865524292,0.2672431766986847,0.3931427597999573,-0.18372689187526703,0.6869089603424072,0.41333964467048645,-0.74245285987854
0.4551758749999989,0.0034223749999999996,133.0,2.3634532233030954,-1.228494539135261,0.28341315477016604,-0.006159836730189705,-8.198175406954586e-5,-0.0029328265712567267,0.06845071129027043,-0.052893251180648804,0.14608459174633026,-0.1221722662448883,0.3465692400932312,-0.04789513722062111,-0.6537127494812012,0.26512956619262695,0.38991156220436096,-0.173308327794075,0.692084789276123,0.377844899892807,-0.7393550276756287
0.4551758749999989,0.0034223749999999996,133.0,2.357250295629026,-1.2223893599909588,0.28340910068391295,-0.005571012914459,-7.234125711614823e-5,-0.002650129066840678,0.06844775982348635,-0.0531669557094574,0.14465118944644928,-0.12190163135528564,0.34158626198768616,-0.04834217205643654,-0.639477014541626,0.2665627896785736,0.3890244960784912,-0.15876752138137817,0.6927609443664551,0.3650917112827301,-0.7334798574447632
0.4551758749999989,0.0034223749999999996,133.0,2.3501171965382324,-1.2153837492807769,0.28337057972487845,-0.005228989340774264,-7.059767933991963e-5,-0.0024860809958414877,0.06844230459402349,-0.05477219820022583,0.14485220611095428,-0.12244665622711182,0.33944517374038696,-0.04166697338223457,-0.6186299324035645,0.26760199666023254,0.3880867063999176,-0.13218164443969727,0.693220853805542,0.3262385427951813,-0.7304016947746277
0.4551758749999989,0.0034223749999999996,133.0,2.3413731583757036,-1.2091574240329057,0.28078765148627793,-0.0049877774288351944,-0.00011798520946174283,-0.0023688633260163226,0.06851769160106018,-0.05452543497085571,0.14253780245780945,-0.1219835877418518,0.3340669572353363,-0.03667035698890686,-0.6087400913238525,0.27324551343917847,0.3883856534957886,-0.10943731665611267,0.6885507106781006,0.31500497460365295,-0.7253326177597046
0.4551758749999989,0.0034223749999999996,133.0,2.3326252847604465,-1.2006732614459852,0.2807441069811474,-0.0047900667884708285,-0.00011781810874143272,-0.002275258613344052,0.06851524545020606,-0.05556809902191162,0.13995058834552765,-0.12113651633262634,0.3241470158100128,-0.02899305522441864,-0.5799734592437744,0.2768193483352661,0.3925015330314636,-0.07591632008552551,0.6893110275268555,0.29279500246047974,-0.7195389270782471
0.4551758749999989,0.0034223749999999996,133.0,2.323073124981516,-1.19125368093578,0.2806445661491084,-0.004642191126007468,-0.0001154966239033273,-0.0022018839259210538,0.06851295935426295,-0.056222230195999146,0.1386982798576355,-0.12156257033348083,0.31882861256599426,-0.02368970215320587,-0.5590660572052002,0.28089115023612976,0.3932148814201355,-0.04743508994579315,0.6860520839691162,0.2684962749481201,-0.7149299383163452
0.4551758749999989,0.0034223749999999996,133.0,2.312644451577758,-1.1809641452909274,0.2805903098521758,-0.0045103353898251096,-0.00011418543707076293,-0.002135220897746782,0.06850910708224284,-0.05731871724128723,0.1378972977399826,-0.12211883068084717,0.3138984143733978,-0.016890857368707657,-0.5336127281188965,0.2860354781150818,0.39442503452301025,-0.013758528977632523,0.6821668148040771,0.23601898550987244,-0.7112023830413818
0.4551758749999989,0.0034223749999999996,133.0,2.3014228738054645,-1.1699490956389536,0.28061241068074133,-0.004376880840228695,-0.00011555853604867057,-0.00207149812860626,0.06850720350435653,-0.05766218900680542,0.13463547825813293,-0.12117224931716919,0.3021935522556305,-0.01081437710672617,-0.5024127960205078,0.291598379611969,0.3999899625778198,0.020941613242030144,0.6790270805358887,0.221596360206604,-0.7050563097000122
0.4551758749999989,0.0034223749999999996,133.0,2.2894112312997223,-1.1580059058461591,0.28059926539684127,-0.004253875735824609,-0.0001145619582939542,-0.0020108725811087557,0.06850625015946736,-0.05739542841911316,0.13355690240859985,-0.12206697463989258,0.2976282835006714,-0.011289210058748722,-0.4864382743835449,0.2963399589061737,0.3996286988258362,0.04168230667710304,0.6725907325744629,0.20862995088100433,-0.7001100778579712
0.4551758749999989,0.0034223749999999996,133.0,2.2765870941969872,-1.1452167139969571,0.2805057816234271,-0.004129712327274613,-0.00011049625773179098,-0.001946067012591716,0.06850611904353018,-0.057038694620132446,0.1324385702610016,-0.12335842847824097,0.2938042879104614,-0.009728489443659782,-0.47055649757385254,0.302558571100235,0.3981188237667084,0.06781638413667679,0.6637752056121826,0.19112302362918854,-0.6947483420372009
0.4551758749999989,0.0034223749999999996,133.0,2.2630003304712307,-1.1315472212293687,0.2804319635545653,-0.0040214892533575325,-0.00010612113002601485,-0.0018926796922455688,0.06850740609950487,-0.055473119020462036,0.1322537064552307,-0.12548485398292542,0.29387903213500977,-0.018581632524728775,-0.473285436630249,0.3039466142654419,0.3917197585105896,0.07277000695466995,0.6554067134857178,0.1914851814508438,-0.6883735656738281
0.4551758749999989,0.0034223749999999996,133.0,2.2485633768367332,-1.117035113930609,0.280333109351002,-0.003884122027245092,-0.00010063718685966569,-0.0018254102725538143,0.06850857837750951,-0.054028451442718506,0.13209348917007446,-0.12704354524612427,0.2937454581260681,-0.02871439978480339,-0.4773533344268799,0.3044784963130951,0.38646429777145386,0.07034317404031754,0.6504817008972168,0.20010289549827576,-0.6829450726509094
0.4551758749999989,0.0034223749999999996,133.0,2.2332195936858645,-1.1016728093029882,0.2802248106400708,-0.0037086303546749405,-9.813371348702203e-5,-0.0017448301784059388,0.06850717659756941,-0.0543656051158905,0.1332058161497116,-0.12886041402816772,0.29564398527145386,-0.03188607096672058,-0.4748265743255615,0.3076179623603821,0.38288164138793945,0.0753348171710968,0.6482436656951904,0.19290274381637573,-0.6812551617622375
0.4551758749999989,0.0034223749999999996,133.0,2.2170107461238184,-1.0854658073609533,0.280154044457313,-0.0035461128004751364,-9.273013214227954e-5,-0.001666591895673516,0.06850482448829698,-0.054970741271972656,0.13401658833026886,-0.13014033436775208,0.29644346237182617,-0.03316809982061386,-0.47099733352661133,0.3097150921821594,0.3807266354560852,0.08043831586837769,0.6486060619354248,0.18897414207458496,-0.6798975467681885
0.4551758749999989,0.0034223749999999996,133.0,2.199971397102402,-1.068485544341597,0.28012410655821524,-0.003359876805209371,-8.920387659651705e-5,-0.0015803071876762985,0.06850261454965982,-0.056001514196395874,0.13452386856079102,-0.13076242804527283,0.2954006791114807,-0.03380986675620079,-0.46132421493530273,0.3143279254436493,0.3815627694129944,0.08275669813156128,0.6516726016998291,0.18950152397155762,-0.6797307729721069
0.4551758749999989,0.0034223749999999996,133.0,2.1821333661193694,-1.0505720868839155,0.28005076347877866,-0.003183789166124731,-8.264102165186738e-5,-0.001497813309483636,0.06850109034051882,-0.05597639083862305,0.13542704284191132,-0.1316000521183014,0.2973056733608246,-0.04188996180891991,-0.4704599380493164,0.3151223659515381,0.3786545693874359,0.060557276010513306,0.6578381061553955,0.21403257548809052,-0.6787728667259216
0.4551758749999989,0.0034223749999999996,133.0,2.163371030048101,-1.0317909362030626,0.27998992485039703,-0.0030008793991291925,-7.840177489242195e-5,-0.0014115858973723467,0.06849587135138999,-0.05776461958885193,0.13728366792201996,-0.13335412740707397,0.2999599277973175,-0.03995250537991524,-0.4640464782714844,0.32015758752822876,0.37684327363967896,0.06665226072072983,0.660712480545044,0.20297840237617493,-0.6796503067016602
0.4551758749999989,0.0034223749999999996,133.0,2.143823250114314,-1.012286581466079,0.27992182919547376,-0.002836740599667245,-7.610799120035393e-5,-0.0013355123453855598,0.06849312596292761,-0.05874481797218323,0.1377331167459488,-0.13432985544204712,0.2987755537033081,-0.04044555872678757,-0.4542508125305176,0.325730562210083,0.37697768211364746,0.07090874761343002,0.66316819190979,0.2024553418159485,-0.6786381006240845
0.4551758749999989,0.0034223749999999996,133.0,2.1234723595060365,-0.991882003767919,0.27984537242113083,-0.002621720332367646,-7.012669779003153e-5,-0.0012352589054922816,0.06849035867131802,-0.059573978185653687,0.13917788863182068,-0.1356692612171173,0.30130869150161743,-0.04437924176454544,-0.4561445713043213,0.328675240278244,0.3740277886390686,0.06089194118976593,0.668194055557251,0.21078577637672424,-0.6782570481300354
0.4551758749999989,0.0034223749999999996,133.0,2.102246972116585,-0.9709711700678497,0.2798928517806831,-0.0024078663745751294,-6.744264526229533e-5,-0.0011359335023259577,0.06848883035314499,-0.060810476541519165,0.1353272646665573,-0.13423535227775574,0.2874540388584137,-0.0350223071873188,-0.423325777053833,0.33540448546409607,0.38442665338516235,0.09044338017702103,0.6718239784240723,0.2151428908109665,-0.6748375296592712
0.4551758749999989,0.0034223749999999996,133.0,2.0801881268487237,-0.9488903304539122,0.27979566457887395,-0.0022057871830864846,-6.08220463698289e-5,-0.0010400622121191797,0.06848517782997936,-0.06201431155204773,0.13698792457580566,-0.13580945134162903,0.29013508558273315,-0.038852326571941376,-0.4243459701538086,0.3401775062084198,0.38218924403190613,0.07897867262363434,0.6777386665344238,0.22452789545059204,-0.6753419637680054
0.4551758749999989,0.0034223749999999996,133.0,2.057252832110712,-0.9259408441701321,0.27967577090383344,-0.0020042733264584657,-5.5365851623875894e-5,-0.0009443713786873551,0.06848008418781053,-0.06409516930580139,0.1394328474998474,-0.13800600171089172,0.29412057995796204,-0.039170920848846436,-0.4205477237701416,0.3472377061843872,0.37989839911460876,0.07702778279781342,0.6827712059020996,0.21977049112319946,-0.6770999431610107
0.4551758749999989,0.0034223749999999996,133.0,2.0334521723830745,-0.9020505876369788,0.27948192830070145,-0.0018429523762598348,-5.049633295420314e-5,-0.0008672796608754471,0.06847383253385259,-0.06667736172676086,0.14402952790260315,-0.14154952764511108,0.3043266236782074,-0.040307119488716125,-0.42472028732299805,0.3530136048793793,0.3724677562713623,0.07138398289680481,0.6873481273651123,0.20411907136440277,-0.6799260377883911
0.4551758749999989,0.0034223749999999996,133.0,2.008908816719259,-0.8774405419840149,0.279375978120264,-0.0016447690633240996,-4.429879408719189e-5,-0.0007747631963427757,0.06846978011059189,-0.06820040941238403,0.14658315479755402,-0.14325562119483948,0.3091679811477661,-0.04497985169291496,-0.4287395477294922,0.356159508228302,0.36880266666412354,0.05118897184729576,0.6957147121429443,0.21600815653800964,-0.6811713576316833
0.4551758749999989,0.0034223749999999996,133.0,1.9834756594560965,-0.8520838471559031,0.2793850603423755,-0.0014609424005299061,-4.155000570149949e-5,-0.0006901593860044462,0.06846457513216604,-0.0699181854724884,0.1466352641582489,-0.14411130547523499,0.30577510595321655,-0.04346180707216263,-0.4149777889251709,0.36317184567451477,0.37133193016052246,0.05602112412452698,0.7020163536071777,0.22215978801250458,-0.6803741455078125
0.4551758749999989,0.0034223749999999996,133.0,1.9572568046695387,-0.8260231205002424,0.27934445491718524,-0.0012797601643355413,-3.727026111659867e-5,-0.0006048219994283276,0.0684618172275438,-0.07131963968276978,0.14534465968608856,-0.1446305513381958,0.2987779378890991,-0.04048721119761467,-0.3959803581237793,0.3714630901813507,0.37605565786361694,0.07045476883649826,0.7069206237792969,0.22906991839408875,-0.6781482696533203
0.4551758749999989,0.0034223749999999996,133.0,1.9302219610487694,-0.7990412509752441,0.2792571963916946,-0.0011295537569588636,-3.354717153032979e-5,-0.0005339904760201733,0.06845874827104063,-0.0723143219947815,0.14554652571678162,-0.14618182182312012,0.2961176335811615,-0.04167876020073891,-0.38364124298095703,0.3783225119113922,0.3758518695831299,0.08009494841098785,0.7092962265014648,0.2289092242717743,-0.6753038167953491
0.4551758749999989,0.0034223749999999996,133.0,1.9024069610739194,-0.7712583442519796,0.27916305648622675,-0.000995695738013496,-2.9890827886555473e-5,-0.00047091521102661066,0.06845741728326973,-0.072450190782547,0.145304873585701,-0.14756521582603455,0.2928907871246338,-0.04662958160042763,-0.37580347061157227,0.3831440806388855,0.37472957372665405,0.08248256146907806,0.7110335826873779,0.23782095313072205,-0.6709628701210022
0.4551758749999989,0.0034223749999999996,133.0,1.87367421620943,-0.7426584485852492,0.27905758302912514,-0.0008221567150570599,-2.457278460164468e-5,-0.0003879504468745601,0.06845432832642351,-0.0740608274936676,0.14502950012683868,-0.14925214648246765,0.28869470953941345,-0.04366575554013252,-0.35780906677246094,0.39184102416038513,0.3763611614704132,0.10739442706108093,0.7129614353179932,0.23030120134353638,-0.6683996319770813
0.4551758749999989,0.0034223749999999996,133.0,1.8441121063107775,-0.713264978266162,0.2789837045793873,-0.0006902138649242701,-2.124977311547189e-5,-0.000325577352991569,0.06845180685353057,-0.0755956768989563,0.14403492212295532,-0.15034359693527222,0.28189817070961,-0.04048174247145653,-0.3369467258453369,0.4022477865219116,0.38096731901168823,0.12993383407592773,0.7163019180297852,0.23145151138305664,-0.6662358045578003
0.4551758749999989,0.0034223749999999996,133.0,1.8137098567574106,-0.682946416428528,0.27888031263059404,-0.0005180848628446049,-1.64455732409736e-5,-0.0002445956596918021,0.06844756287308859,-0.0774385929107666,0.14465461671352386,-0.1518954336643219,0.27976804971694946,-0.03979303315281868,-0.3239254951477051,0.4112231731414795,0.3820266127586365,0.13685175776481628,0.7223927974700928,0.23466169834136963,-0.6652175188064575
0.4551758749999989,0.0034223749999999996,133.0,1.782509394316155,-0.6516580227300874,0.2787492949010807,-0.00032551199467988415,-1.0004395448593357e-5,-0.0001535899752447178,0.06844223210948731,-0.07906666398048401,0.14765217900276184,-0.15430283546447754,0.28561288118362427,-0.044411879032850266,-0.3268003463745117,0.4137896001338959,0.3747600317001343,0.12057982385158539,0.730581521987915,0.23829996585845947,-0.6638403534889221
0.4551758749999989,0.0034223749999999996,133.0,1.7504454208433533,-0.619573108032226,0.2786265462917465,-0.00015214083505320344,-4.745725216664129e-6,-7.192335064336934e-5,0.06843601114378141,-0.08116355538368225,0.1499583125114441,-0.15636968612670898,0.28869521617889404,-0.044916559010744095,-0.32219791412353516,0.41925930976867676,0.37069374322891235,0.11322986334562302,0.7392399311065674,0.24007877707481384,-0.6629130840301514
0.4551758749999989,0.0034223749999999996,133.0,1.7175285735726666,-0.586902010264155,0.278553387006801,1.6867369203431228e-5,5.683924137233091e-7,8.009253355532735e-6,0.06843181601706187,-0.08328887820243835,0.1480780690908432,-0.15678173303604126,0.27925968170166016,-0.03795189782977104,-0.30028772354125977,0.43164557218551636,0.3785243630409241,0.1276055872440338,0.7485415935516357,0.25725144147872925,-0.6613907814025879
0.4551758749999989,0.0034223749999999996,133.0,1.683780450294685,-0.5532384768197337,0.2784454700621184,0.0001863496964190202,6.414353381843672e-6,8.853903469682197e-5,0.06842653567414302,-0.08554846048355103,0.1489105522632599,-0.15861982107162476,0.2774692475795746,-0.03618374466896057,-0.28664302825927734,0.4424576461315155,0.3793390393257141,0.1342412829399109,0.756108283996582,0.260196328163147,-0.6604780554771423
0.4551758749999989,0.0034223749999999996,133.0,1.6491702284080805,-0.5185829379127048,0.27825747818228636,0.0003700688176805679,1.2647702083258902e-5,0.00017568180819276078,0.06841860916517009,-0.08842003345489502,0.15253672003746033,-0.1619354486465454,0.28439706563949585,-0.03666356950998306,-0.283367395401001,0.4499559998512268,0.37249547243118286,0.1311625987291336,0.7639865875244141,0.24968230724334717,-0.6606162786483765
0.4551758749999989,0.0034223749999999996,133.0,1.6137356520800819,-0.4832484059391928,0.27813956269490003,0.0005145952752683249,1.7936454846169788e-5,0.0002444213393206602,0.068412774121,-0.09103399515151978,0.15360863506793976,-0.16389524936676025,0.2830824553966522,-0.03459244221448898,-0.2698934078216553,0.4617045223712921,0.3735506534576416,0.1358802318572998,0.7730016708374023,0.2536045014858246,-0.6604342460632324
0.4551758749999989,0.0034223749999999996,133.0,1.577478816486284,-0.44708961690374555,0.2780188871283126,0.0006776185336905789,2.4133890911808883e-5,0.0003220331314596285,0.06840709174114384,-0.09350502490997314,0.154546320438385,-0.16590026021003723,0.2814973294734955,-0.03292187675833702,-0.25603556632995605,0.4737546741962433,0.3743395209312439,0.14226529002189636,0.7813644409179688,0.2565804421901703,-0.6597044467926025
0.4551758749999989,0.0034223749999999996,133.0,1.5404083012188086,-0.4101066372814235,0.27790799295766305,0.0008512797955085684,3.107728962828698e-5,0.00040480361903338425,0.06840180522263165,-0.09565120935440063,0.15523777902126312,-0.16794678568840027,0.27938112616539,-0.03207654505968094,-0.24179673194885254,0.4859534204006195,0.37476012110710144,0.15170776844024658,0.7882699966430664,0.25794661045074463,-0.6580560803413391
0.4551758749999989,0.0034223749999999996,133.0,1.5025348345926017,-0.37231732777616416,0.2777817459293272,0.001048449075957625,3.969550579232715e-5,0.0004991332688134204,0.06839746823116975,-0.09735360741615295,0.15555427968502045,-0.17010498046875,0.2766348719596863,-0.033120859414339066,-0.22773241996765137,0.49867764115333557,0.37499746680259705,0.16422028839588165,0.7931838035583496,0.2589944303035736,-0.6555745005607605
0.4551758749999989,0.0034223749999999996,133.0,1.463836288852489,-0.33369246939867603,0.2776854499574083,0.0012357275457460628,4.8204953466784795e-5,0.0005886281663245776,0.06839339759039958,-0.09879404306411743,0.1556684523820877,-0.17231839895248413,0.27346786856651306,-0.035293225198984146,-0.21371054649353027,0.5118902921676636,0.3752754032611847,0.17895697057247162,0.7968826293945312,0.25946012139320374,-0.6526999473571777
0.4551758749999989,0.0034223749999999996,133.0,1.4242436391716207,-0.2944394280539333,0.2775833004063371,0.0013571151703268927,5.622244009956748e-5,0.000646952392059614,0.06839156127192851,-0.10101848840713501,0.15280157327651978,-0.17379528284072876,0.261041522026062,-0.028274159878492355,-0.18679475784301758,0.5353171229362488,0.38673439621925354,0.22152958810329437,0.8018820285797119,0.27037349343299866,-0.6517677307128906
0.4551758749999989,0.0034223749999999996,133.0,1.3838559818890328,-0.25414905405218424,0.27746173921956896,0.0015125501329910146,6.447553096927379e-5,0.0007215759543044731,0.06838672141881515,-0.10311269760131836,0.1532098352909088,-0.17586779594421387,0.2588869631290436,-0.0273631252348423,-0.17362737655639648,0.5507500171661377,0.38767188787460327,0.2327442169189453,0.8083529472351074,0.2729239761829376,-0.6505990028381348
0.4551758749999989,0.0034223749999999996,133.0,1.342568343015783,-0.21272029237322887,0.2772073680520135,0.0016640101462652701,7.169942207731454e-5,0.000794330230403633,0.0683752923393925,-0.10626742243766785,0.1586834192276001,-0.17990711331367493,0.2730492949485779,-0.028194375336170197,-0.17723488807678223,0.5559795498847961,0.37230363488197327,0.22181658446788788,0.8162744045257568,0.24610906839370728,-0.6494303345680237
0.4551758749999989,0.0034223749999999996,133.0,1.3012122683940415,-0.1693699879082973,0.27958600432810227,0.0018069508435259788,6.694938236928463e-5,0.0008671700126532013,0.06829109111462184,-0.10740235447883606,0.15647248923778534,-0.18013229966163635,0.26060155034065247,-0.029031574726104736,-0.15531468391418457,0.5693165063858032,0.38046911358833313,0.22063837945461273,0.8278450965881348,0.2779844403266907,-0.6452302932739258
0.4551758749999989,0.0034223749999999996,133.0,1.2582194612550452,-0.1264234537097706,0.2793877999206374,0.001904843584112051,7.708740122432528e-5,0.000916865378380125,0.0682806454202372,-0.11158585548400879,0.15983659029006958,-0.18372979760169983,0.26590684056282043,-0.02405601739883423,-0.14208531379699707,0.5859813690185547,0.3758111596107483,0.2356538325548172,0.8395917415618896,0.25549203157424927,-0.6459243297576904
0.4551758749999989,0.0034223749999999996,133.0,1.2142359660682827,-0.082966207257887,0.2793647100492421,0.0018798487052057483,8.028998879776173e-5,0.0009084031875010196,0.0682707651561188,-0.11822941899299622,0.15490806102752686,-0.18343734741210938,0.24246567487716675,0.0015871673822402954,-0.10335946083068848,0.6239768266677856,0.4048733413219452,0.2706387937068939,0.8716845512390137,0.3087675869464874,-0.6517684459686279
0.4551758749999989,0.0034223749999999996,133.0,1.1685090139418859,-0.038296134218056256,0.27670037349847737,0.0017593580663352647,5.3109170039297126e-5,0.0008531988541213213,0.06828997034287076,-0.1360054314136505,0.1964339315891266,-0.18985486030578613,0.3436790704727173,0.024146873503923416,-0.15488362312316895,0.418006032705307,0.37654516100883484,-0.209446519613266,1.0596551895141602,0.18380428850650787,-0.7245259881019592
0.4551758749999989,0.0034223749999999996,133.0,1.1218872497253711,0.00951988534406572,0.2767958925765904,0.00010368090874066919,-1.0422319485010981e-6,5.101614964953606e-5,0.06817998131776938,-0.17275157570838928,0.2596718668937683,-0.1804925501346588,0.40840592980384827,0.005099266767501831,-0.06195688247680664,-0.017862936481833458,0.534531831741333,-1.2106447219848633,1.462599515914917,0.09892336279153824,-0.9459578394889832
0.4551758749999989,0.0034223749999999996,133.0,1.164620916655039,0.049405999236072015,0.27958500773766287,-0.001712000881907291,-8.05222451808988e-5,-0.0008778865433045426,0.06778608518639698,-0.20617598295211792,0.11741252988576889,-0.1822335124015808,0.5657591819763184,-0.1959918588399887,0.12049555778503418,0.8515496253967285,-0.042662084102630615,-0.598484456539154,1.451413631439209,0.08030766993761063,-0.5224966406822205
0.4551758749999989,0.0034223749999999996,133.0,1.2057447069920049,0.0957973834661317,0.2820150546579103,-0.0019189634794632678,-7.274913921917542e-6,-0.0009899568128101952,0.06749394556254615,-0.26088348031044006,0.15011045336723328,-0.1334925889968872,0.826748788356781,-0.36421602964401245,0.3627281188964844,0.5177551507949829,0.05472835898399353,-1.3984134197235107,1.8212366104125977,0.3252435326576233,-0.8798043131828308
0.4551758749999989,0.0034223749999999996,133.0,1.247229722613032,0.1409811488058126,0.2844511696522128,-0.0019213298702250483,3.49659500687446e-5,-0.0009728156136577565,0.0673406321673025,-0.3083125054836273,0.18075443804264069,-0.07838889956474304,1.0483849048614502,-0.6431397795677185,0.48497462272644043,0.19497090578079224,0.1849280297756195,-1.7913461923599243,1.9365696907043457,0.5288297533988953,-1.232036828994751
0.4551758749999989,0.0034223749999999996,133.0,1.2894556630475411,0.1846634041667078,0.2853105511802439,-0.00181683257422858,4.084568564403327e-5,-0.000909437930389968,0.06729888239401793,-0.3168540298938751,0.1947174370288849,-0.0652633011341095,1.1047821044921875,-0.7035498023033142,0.5056941509246826,0.1687110811471939,0.20954734086990356,-1.8714219331741333,1.9208979606628418,0.5327218174934387,-1.3135435581207275
0.4551758749999989,0.0034223749999999996,133.0,1.3312266226243081,0.22702622127244182,0.28569003162499923,-0.001664191290405455,4.039865170464968e-5,-0.0008279542130959844,0.06728565094527839,-0.31809982657432556,0.2025640606880188,-0.05308187007904053,1.1600627899169922,-0.7338200807571411,0.5026004314422607,0.11917921900749207,0.20863062143325806,-1.8938504457473755,1.881497859954834,0.5624483823776245,-1.3681697845458984
0.4551758749999989,0.0034223749999999996,133.0,1.3721747981724306,0.2683432398786676,0.28563881252693035,-0.0014757074941406506,3.525084190469987e-5,-0.0007337983570882621,0.06728806929340071,-0.3209594786167145,0.20609864592552185,-0.052771568298339844,1.1554346084594727,-0.7599971890449524,0.5184313058853149,0.13061708211898804,0.22612136602401733,-1.9129143953323364,1.8768906593322754,0.5785839557647705,-1.3812392950057983
0.4551758749999989,0.0034223749999999996,133.0,1.4125212918127086,0.30880250337255216,0.28573566926583693,-0.0013900228973741,3.1523810700211894e-5,-0.0006883183376033585,0.0672832766694013,-0.3201536238193512,0.20908358693122864,-0.05080166459083557,1.1694742441177368,-0.7588009238243103,0.5271836519241333,0.153424933552742,0.22323161363601685,-1.9245949983596802,1.8510851860046387,0.6000755429267883,-1.3926467895507812
0.4551758749999989,0.0034223749999999996,133.0,1.4521036995914631,0.3484590007811193,0.28598860618359623,-0.0011903810707976348,2.7094380486089818e-5,-0.0005853688691800405,0.06727284199089673,-0.3179028332233429,0.21256954967975616,-0.044815272092819214,1.2049710750579834,-0.7552582621574402,0.5263680219650269,0.15123605728149414,0.21004432439804077,-1.930983543395996,1.8115406036376953,0.6291283369064331,-1.4151718616485596
0.4551758749999989,0.0034223749999999996,133.0,1.490710638873035,0.3872764783350362,0.28612545025967095,-0.0010364990091269388,2.330356459171286e-5,-0.0005074618052269956,0.0672681893471216,-0.3179188668727875,0.2156142294406891,-0.042019397020339966,1.2191213369369507,-0.76581209897995,0.5343605279922485,0.1590535044670105,0.2114042341709137,-1.9431610107421875,1.7871556282043457,0.652944028377533,-1.4309008121490479
0.4551758749999989,0.0034223749999999996,133.0,1.5284861621085564,0.42525810256247565,0.28625675255446176,-0.0008432614042200163,1.8761652827098656e-5,-0.00041110852125591184,0.06726375177204405,-0.31792303919792175,0.21855905652046204,-0.03935497999191284,1.2327172756195068,-0.7747896909713745,0.5415884256362915,0.1660732477903366,0.2121564745903015,-1.9545258283615112,1.763617992401123,0.6750982999801636,-1.4454586505889893
0.4551758749999989,0.0034223749999999996,133.0,1.5654332705947493,0.46239254970329713,0.28636879957146605,-0.0006714930829270898,1.4714664306202017e-5,-0.0003261018746834229,0.06725993027961323,-0.31787654757499695,0.2212410867214203,-0.03703215718269348,1.244816541671753,-0.7814337015151978,0.5482022762298584,0.1738676130771637,0.21220406889915466,-1.9635895490646362,1.741689682006836,0.6954799890518188,-1.4577993154525757
0.4551758749999989,0.0034223749999999996,133.0,1.6015476813692036,0.498691584491826,0.2864833011934761,-0.0005074892392526944,1.094959437178348e-5,-0.00024550725164568466,0.06725610184595701,-0.31783053278923035,0.22381222248077393,-0.0347328782081604,1.2567203044891357,-0.7875043153762817,0.5545101165771484,0.18150818347930908,0.2119126319885254,-1.9722591638565063,1.7200684547424316,0.7155800461769104,-1.4695993661880493
0.4551758749999989,0.0034223749999999996,133.0,1.6368289195444854,0.5341474932711461,0.286569839534227,-0.00034899728921925426,7.366662594602976e-6,-0.00016823000068894793,0.06725261270391829,-0.3177516758441925,0.22614826261997223,-0.03282058238983154,1.2671144008636475,-0.7906836271286011,0.5601838827133179,0.189871683716774,0.21091163158416748,-1.9785211086273193,1.7004103660583496,0.733750581741333,-1.4791642427444458
0.4551758749999989,0.0034223749999999996,133.0,1.671255211083125,0.5687803800681305,0.28668882872006324,-0.0001958665459192004,4.034946871176204e-6,-9.406879810839244e-5,0.06724709934455222,-0.3178122341632843,0.22833485901355743,-0.031244099140167236,1.276317834854126,-0.7908572554588318,0.565322995185852,0.19798269867897034,0.20934396982192993,-1.9827895164489746,1.6835823059082031,0.7489461302757263,-1.486952781677246
0.4551758749999989,0.0034223749999999996,133.0,1.7046078805227696,0.6025957141458161,0.28669504529843515,-5.842358242340971e-5,1.1482770312560444e-6,-2.8015257308490055e-5,0.06724027696957592,-0.3209894001483917,0.23076991736888885,-0.032946884632110596,1.2656258344650269,-0.800990641117096,0.5861830711364746,0.2160753309726715,0.22219213843345642,-1.9951398372650146,1.6879372596740723,0.749794602394104,-1.4892489910125732
0.4551758749999989,0.0034223749999999996,133.0,1.7371015684145263,0.6356252551820469,0.28685959001935674,0.00012626291965715892,-2.463558810415794e-6,6.031269275900845e-5,0.06722763606066239,-0.32418814301490784,0.23359425365924835,-0.03235626220703125,1.266493558883667,-0.8120832443237305,0.6013883352279663,0.21746143698692322,0.2310905158519745,-2.0061142444610596,1.6871986389160156,0.7520751357078552,-1.499126672744751
0.4551758749999989,0.0034223749999999996,133.0,1.76930894106226,0.6658290845934387,0.2844180894996863,0.0002976975086820601,-4.315542701343451e-6,0.00014098610890429165,0.0673799474224827,-0.3200642168521881,0.23463596403598785,-0.027021139860153198,1.283915400505066,-0.8244800567626953,0.5815331935882568,0.19912956655025482,0.2264023721218109,-1.9943244457244873,1.6458983421325684,0.7915697693824768,-1.51201331615448
0.4551758749999989,0.0034223749999999996,133.0,1.8002077551299482,0.697168578897579,0.28452636454784164,0.00047101215241709943,-6.819039763672143e-6,0.000222373550708846,0.06737409397290053,-0.3229985535144806,0.23752158880233765,-0.02545413374900818,1.2865396738052368,-0.8449461460113525,0.598286509513855,0.20233593881130219,0.23687544465065002,-2.0125348567962646,1.6381845474243164,0.8035576939582825,-1.5252714157104492
0.4551758749999989,0.0034223749999999996,133.0,1.8305428421781142,0.72763571790175,0.2848346715449098,0.0006768094995443408,-9.734637365292531e-6,0.00031756806057882766,0.06736312774862664,-0.32157525420188904,0.2397351711988449,-0.020777463912963867,1.3134201765060425,-0.8412805199623108,0.5967531204223633,0.20645089447498322,0.223555326461792,-2.022451400756836,1.6070969104766846,0.828097403049469,-1.5389854907989502
0.4551758749999989,0.0034223749999999996,133.0,1.860080472935248,0.7572353730779169,0.2850534628732655,0.0008239642701215666,-1.1619875480526806e-5,0.0003846969375427261,0.0673579985181838,-0.31887754797935486,0.24159224331378937,-0.014204263687133789,1.3484710454940796,-0.8365914225578308,0.5838741064071655,0.19911232590675354,0.20509472489356995,-2.025242328643799,1.5664639472961426,0.8598509430885315,-1.555704116821289
0.4551758749999989,0.0034223749999999996,133.0,1.8887781111140591,0.7860224396179563,0.2853899937481101,0.0010121995882865454,-1.4859530826000912e-5,0.00047000290062847064,0.06735011604146954,-0.31909433007240295,0.24340911209583282,-0.011987954378128052,1.3586349487304688,-0.8447820544242859,0.5904223918914795,0.20698004961013794,0.20392462611198425,-2.036790370941162,1.5464627742767334,0.880627453327179,-1.564863920211792
0.4551758749999989,0.0034223749999999996,133.0,1.916483535710029,0.8139574168015244,0.28546072974042996,0.0011569583462814508,-1.7309996733180394e-5,0.000536059906229736,0.0673502560908954,-0.3209638297557831,0.24527016282081604,-0.011770933866500854,1.3543893098831177,-0.8631523251533508,0.6062576770782471,0.2176310122013092,0.21436378359794617,-2.049914836883545,1.5379788875579834,0.8953835368156433,-1.5712227821350098
0.4551758749999989,0.0034223749999999996,133.0,1.943458004778405,0.8410387069832795,0.2855755641712213,0.0013187298134893692,-1.949488258908532e-5,0.0006090170519610571,0.0673476676731956,-0.32079145312309265,0.24693563580513,-0.007432848215103149,1.3720759153366089,-0.8715144991874695,0.6014100313186646,0.20561698079109192,0.21024057269096375,-2.051246166229248,1.5151646137237549,0.9159244894981384,-1.5848629474639893
0.4551758749999989,0.0034223749999999996,133.0,1.9697105330207942,0.8672192184856117,0.28556799126702204,0.001512204157792873,-2.039684397219965e-5,0.0006970599504057959,0.06734839152382906,-0.3194151818752289,0.2478133738040924,-0.006691634654998779,1.3799184560775757,-0.8638347387313843,0.6044026613235474,0.22421795129776,0.20185348391532898,-2.0557007789611816,1.495649814605713,0.9321889877319336,-1.5844610929489136
0.4551758749999989,0.0034223749999999996,133.0,1.9950362919824403,0.892629517303404,0.2856672856798101,0.0017090639452361069,-2.3023911236226462e-5,0.0007857475409109981,0.06734573521761868,-0.3191017806529999,0.24889758229255676,-0.006131082773208618,1.385239601135254,-0.8597617149353027,0.6090346574783325,0.23590685427188873,0.19766032695770264,-2.059086561203003,1.4835450649261475,0.9421505331993103,-1.5856860876083374
0.4551758749999989,0.0034223749999999996,133.0,2.0193804717390544,0.9172352999084266,0.2857879838892261,0.0019279691169614955,-2.646529262511356e-5,0.0008840740571033292,0.06734286554019436,-0.32050612568855286,0.2503769099712372,-0.005293518304824829,1.3877182006835938,-0.8674631118774414,0.6164345741271973,0.2364058792591095,0.20123684406280518,-2.0642004013061523,1.4761369228363037,0.9506111741065979,-1.5918304920196533
0.4551758749999989,0.0034223749999999996,133.0,2.0429437154939216,0.9409772040969095,0.2857725375023785,0.002089685787031393,-2.8173940057749298e-5,0.000957405724801617,0.06734270264927576,-0.32206133008003235,0.2516805827617645,-0.005776315927505493,1.3837178945541382,-0.8746274709701538,0.628159761428833,0.24453823268413544,0.20733970403671265,-2.070108413696289,1.4727694988250732,0.9568678736686707,-1.5940380096435547
0.4551758749999989,0.0034223749999999996,133.0,2.0656150474806196,0.9638970816695607,0.285802985681076,0.002295807410856342,-3.0803953693212906e-5,0.0010504244923517244,0.06734093020061852,-0.3238372504711151,0.25311341881752014,-0.006739884614944458,1.3776142597198486,-0.881780743598938,0.6436487436294556,0.2574697434902191,0.2142162024974823,-2.0796899795532227,1.4706473350524902,0.9615877866744995,-1.5949335098266602
0.4551758749999989,0.0034223749999999996,133.0,2.0875122083675746,0.9859694481738734,0.2857354378398101,0.0025040916716050072,-3.253922213761686e-5,0.0011457728356475967,0.06734046501305357,-0.3257380425930023,0.2546176016330719,-0.007129788398742676,1.3712862730026245,-0.8956154584884644,0.6588280200958252,0.26508280634880066,0.22374403476715088,-2.0898277759552,1.4675073623657227,0.9680659770965576,-1.5982540845870972
0.4551758749999989,0.0034223749999999996,133.0,2.108683483272653,1.0072046824398755,0.2858391287351365,0.0027250909912519927,-3.5020652694583765e-5,0.0012441548912526781,0.0673369246667537,-0.3257127106189728,0.25577494502067566,-0.005639970302581787,1.3791992664337158,-0.8965122699737549,0.6619455814361572,0.26976990699768066,0.22018927335739136,-2.095949172973633,1.453413963317871,0.980061411857605,-1.602712869644165
0.4551758749999989,0.0034223749999999996,133.0,2.1290694963757923,1.02758819896718,0.2860931603622588,0.0029496813905992006,-4.175741523154417e-5,0.001339018539291246,0.06733174241952698,-0.323934406042099,0.2570573091506958,0.0016028881072998047,1.4137275218963623,-0.8919298052787781,0.6369974613189697,0.23999449610710144,0.2034132480621338,-2.090747594833374,1.4274392127990723,0.9987032413482666,-1.6204161643981934
0.4551758749999989,0.0034223749999999996,133.0,2.1485273094162123,1.047241323181752,0.2863661289416368,0.003123405457215461,-4.449645225712543e-5,0.0014143810274748155,0.06732617385811927,-0.32429108023643494,0.25827813148498535,0.0034216344356536865,1.422975778579712,-0.8924950957298279,0.6393475532531738,0.2429308295249939,0.19936862587928772,-2.0977537631988525,1.4147999286651611,1.0097121000289917,-1.625701665878296
0.4551758749999989,0.0034223749999999996,133.0,2.1672480088956383,1.0659775873619055,0.28662784597313806,0.0033209442361864304,-4.862634741731007e-5,0.001497791550646313,0.06732089735407945,-0.3230305016040802,0.2592175006866455,0.008568406105041504,1.447746753692627,-0.8888633847236633,0.6235120296478271,0.22700002789497375,0.1856992542743683,-2.095520496368408,1.391883373260498,1.0252411365509033,-1.6367902755737305
0.4551758749999989,0.0034223749999999996,133.0,2.184817010335501,1.0839178541835455,0.2864730003384131,0.0034897718392549316,-5.200850964369986e-5,0.001575880516055094,0.06732571203191631,-0.32722023129463196,0.26095783710479736,0.006242126226425171,1.4277544021606445,-0.9160452485084534,0.6506906747817993,0.2328495979309082,0.20920473337173462,-2.109642744064331,1.4011597633361816,1.0240391492843628,-1.6404566764831543
0.4551758749999989,0.0034223749999999996,133.0,2.2018683339453844,1.1009564751666279,0.28655420894490957,0.003689535936079074,-5.3962708642013785e-5,0.0016627839707676448,0.06732333999534643,-0.32684555649757385,0.2618018686771393,0.007812172174453735,1.4362462759017944,-0.9147335290908813,0.6510937213897705,0.2367851883172989,0.20389887690544128,-2.114499807357788,1.3874080181121826,1.0344116687774658,-1.6437169313430786
0.4551758749999989,0.0034223749999999996,133.0,2.2179856286981123,1.1171889580678491,0.2866582244894397,0.0038653932292601906,-5.734672838101933e-5,0.00173937275418569,0.06732131269784242,-0.32745465636253357,0.2626173198223114,0.008319556713104248,1.437129020690918,-0.9224861860275269,0.6591837406158447,0.24210402369499207,0.206150084733963,-2.1215462684631348,1.3788323402404785,1.042298436164856,-1.6469414234161377
0.4551758749999989,0.0034223749999999996,133.0,2.2332351360865426,1.1324956727665338,0.28642998518589546,0.004039045215430911,-5.959050799835374e-5,0.0018169197974028405,0.06732592295985682,-0.32920345664024353,0.263608455657959,0.007389873266220093,1.4269156455993652,-0.9401656985282898,0.6759096384048462,0.2501845955848694,0.21810698509216309,-2.131361961364746,1.3764574527740479,1.0489535331726074,-1.6488087177276611
0.4551758749999989,0.0034223749999999996,133.0,2.2477733392706756,1.147033120985727,0.2865653615579049,0.004176728733779271,-6.298793142419604e-5,0.0018746656800900175,0.0673247391654979,-0.3286549150943756,0.26396915316581726,0.010075002908706665,1.4362338781356812,-0.9504671096801758,0.6723313331604004,0.24408841133117676,0.2166520059108734,-2.13403058052063,1.3596432209014893,1.0676078796386719,-1.6567246913909912
0.4551758749999989,0.0034223749999999996,133.0,2.26139012014543,1.1607418302143668,0.2866008065600808,0.004299170117108732,-6.811110250694449e-5,0.0019277844264239143,0.06732948036197903,-0.32975056767463684,0.26443082094192505,0.011513680219650269,1.4337470531463623,-0.9783105254173279,0.678787112236023,0.2355789989233017,0.22906672954559326,-2.14115571975708,1.3499741554260254,1.0876981019973755,-1.6667349338531494
0.4551758749999989,0.0034223749999999996,133.0,2.274378813698478,1.1736902435014036,0.2869608937281895,0.004431036518336929,-7.192811097921928e-5,0.001983111357043084,0.06732757089967599,-0.3276321589946747,0.2644293010234833,0.01611301302909851,1.4542593955993652,-0.9825807809829712,0.6626907587051392,0.22006890177726746,0.21972039341926575,-2.1423511505126953,1.326697826385498,1.1132653951644897,-1.6778831481933594
0.4551758749999989,0.0034223749999999996,133.0,2.286650723890708,1.1855601863702856,0.28679748900228774,0.004570937407620595,-7.007442717701028e-5,0.002040227149714761,0.06733173736616241,-0.3236747086048126,0.2638864517211914,0.016482144594192505,1.463217854499817,-0.9644449353218079,0.6583126783370972,0.24608676135540009,0.20236608386039734,-2.1463375091552734,1.3039491176605225,1.1340712308883667,-1.6695880889892578
0.4551758749999989,0.0034223749999999996,133.0,2.298145114496438,1.196665264953918,0.2869251592649895,0.004714765604238531,-7.048314007548734e-5,0.0020966554084535347,0.06733122180247131,-0.31821921467781067,0.2632001042366028,0.021939903497695923,1.4956777095794678,-0.9397950172424316,0.6262421607971191,0.2415110170841217,0.17237168550491333,-2.139510154724121,1.270251750946045,1.1589844226837158,-1.6719893217086792
0.4551758749999989,0.0034223749999999996,133.0,2.3088527855916463,1.20694592902126,0.2870337049051452,0.00485356646658652,-6.822064694207242e-5,0.0021508803861797943,0.06733139576879513,-0.3133670389652252,0.2624260485172272,0.023678481578826904,1.513448715209961,-0.9119921922683716,0.6120973825454712,0.2632412314414978,0.14656704664230347,-2.1393814086914062,1.2438242435455322,1.1778509616851807,-1.663996696472168
0.4551758749999989,0.0034223749999999996,133.0,2.3186038333466743,1.2164797129209062,0.28718619466575634,0.005012485177056811,-6.592858356849627e-5,0.002217478186715176,0.06733142082027073,-0.30985626578330994,0.26195192337036133,0.02474391460418701,1.5250158309936523,-0.8939783573150635,0.6048811674118042,0.28202468156814575,0.1292351484298706,-2.142599105834961,1.2234506607055664,1.1940505504608154,-1.658284068107605
0.4551758749999989,0.0034223749999999996,133.0,2.3271193427877948,1.2272636709849136,0.29017701683507885,0.005241113379545148,-9.062865890957726e-5,0.002307699387298677,0.06715359801789515,-0.3116272985935211,0.26337501406669617,0.024786055088043213,1.5452157258987427,-0.8651791214942932,0.6202802658081055,0.3111354410648346,0.10984161496162415,-2.168492317199707,1.2247059345245361,1.182013988494873,-1.6590962409973145
0.4551758749999989,0.0034223749999999996,133.0,2.3353785493401396,1.2350780333662366,0.29046081348024333,0.0054859920531109,-9.393766086438793e-5,0.002406279749013225,0.067153511893011,-0.3058027923107147,0.2625771164894104,0.02984994649887085,1.5788204669952393,-0.8272417783737183,0.5822360515594482,0.3097817301750183,0.07359379529953003,-2.1576125621795654,1.1950325965881348,1.1933791637420654,-1.6563007831573486
0.4551758749999989,0.0034223749999999996,133.0,2.3425998656048272,1.2420539486952742,0.29044075305611305,0.005856882165342069,-9.530780299509849e-5,0.002566040864102547,0.06715576569949833,-0.3029540479183197,0.26212069392204285,0.029400140047073364,1.5818123817443848,-0.8177670836448669,0.5835400819778442,0.33026379346847534,0.06429791450500488,-2.1645712852478027,1.178457260131836,1.2072468996047974,-1.650099277496338
0.4551758749999989,0.0034223749999999996,133.0,2.3490844877108223,1.2482381037305859,0.290607411107697,0.006478101317012604,-0.00010488782757346008,0.0028301929223586474,0.06715687445520153,-0.29888084530830383,0.2618575096130371,0.03229197859764099,1.6026360988616943,-0.7948927879333496,0.5622464418411255,0.33271345496177673,0.04170367121696472,-2.1639280319213867,1.1557283401489258,1.2155905961990356,-1.6482590436935425
0.4551758749999989,0.0034223749999999996,133.0,2.354695127701016,1.2536062290318035,0.29053173438899627,0.00788566689150874,-0.00012325444103818261,0.003439308489741841,0.06716090634623717,-0.29561302065849304,0.26197192072868347,0.030976980924606323,1.6059458255767822,-0.7859207987785339,0.5694693326950073,0.3557307720184326,0.03275704383850098,-2.1811187267303467,1.1362621784210205,1.223999261856079,-1.6427667140960693
0.4551758749999989,0.0034223749999999996,133.0,2.3595265046069116,1.2584676322662236,0.2906457283832694,0.01464917620455696,-0.0002680958591161936,0.006320044582892184,0.06715560402941022,-0.29154470562934875,0.26642167568206787,0.03218182921409607,1.6326056718826294,-0.801504909992218,0.5908275842666626,0.3561251759529114,0.027508437633514404,-2.2598683834075928,1.0796184539794922,1.232706904411316,-1.664476752281189
0.4551758749999989,0.0034223749999999996,133.0,2.3426242949460048,-1.239107324113294,0.2691678695868716,-0.013895362520430573,-0.0002352760758365301,-0.006609406479311327,0.06848725131015579,-0.05009719729423523,0.14037871360778809,-0.12528946995735168,0.3292241096496582,-0.0017714470159262419,-0.6816585063934326,0.27625876665115356,0.4115075469017029,-0.11925302445888519,0.6671266555786133,0.43179768323898315,-0.7437204718589783
0.4551758749999989,0.0034223749999999996,133.0,2.3380545452142587,-1.2343854543008084,0.26937974710092866,-0.0074996918481216104,-9.893482696815839e-5,-0.003565249335182961,0.06846630128503207,-0.05070289969444275,0.14518629014492035,-0.12235915660858154,0.34574487805366516,-0.05024591460824013,-0.6736855506896973,0.26676031947135925,0.39201754331588745,-0.1826646476984024,0.6833915710449219,0.4117111265659332,-0.7406258583068848
0.4551758749999989,0.0034223749999999996,133.0,2.332601997452821,-1.2289583264292177,0.2693459646127389,-0.006161425125191889,-7.732265852130063e-5,-0.0029261927385798784,0.06845807976538719,-0.052426546812057495,0.14586688578128815,-0.12190818786621094,0.3459111452102661,-0.04982374981045723,-0.6549596786499023,0.26462629437446594,0.3887995779514313,-0.17223156988620758,0.688502311706543,0.37619248032569885,-0.737568199634552
0.4551758749999989,0.0034223749999999996,133.0,2.326399443589412,-1.2228484692459456,0.26934110374822634,-0.00557243279703147,-6.799911469102238e-5,-0.002644097820029882,0.06845527725973403,-0.05270200967788696,0.14443734288215637,-0.12164297699928284,0.34096798300743103,-0.05025527998805046,-0.6406717300415039,0.2660128176212311,0.3879369795322418,-0.15774647891521454,0.6891629695892334,0.3634314239025116,-0.7317575812339783
0.4551758749999989,0.0034223749999999996,133.0,2.319271074809885,-1.2158439345545926,0.26930431323166354,-0.005230245940186646,-6.629881220446382e-5,-0.002480450992635224,0.06845016964608251,-0.054304540157318115,0.14465077221393585,-0.12220799922943115,0.3388669788837433,-0.04358949512243271,-0.6198289394378662,0.26700207591056824,0.38701701164245605,-0.13118129968643188,0.6895480155944824,0.3246130645275116,-0.728736937046051
0.4551758749999989,0.0034223749999999996,133.0,2.310525984877773,-1.209612559904963,0.26672001652986355,-0.004988922579573239,-0.00011369010419956596,-0.002363625417097117,0.06852575719285502,-0.054062843322753906,0.142338365316391,-0.12174645066261292,0.333514541387558,-0.038573529571294785,-0.6098780632019043,0.2725822627544403,0.3873419761657715,-0.10851049423217773,0.6849045753479004,0.31339409947395325,-0.7237199544906616
0.4551758749999989,0.0034223749999999996,133.0,2.3017806271663486,-1.2011202093856634,0.26667347705168437,-0.0047911260526282105,-0.00011342161260911647,-0.002270243828585542,0.06852356565755266,-0.05510205030441284,0.13975360989570618,-0.12091079354286194,0.32366323471069336,-0.030845995992422104,-0.5810854434967041,0.2760764956474304,0.39147987961769104,-0.07501983642578125,0.6855909824371338,0.29121264815330505,-0.7180174589157104
0.4551758749999989,0.0034223749999999996,133.0,2.2922300968551177,-1.1916967265828515,0.26657549378106177,-0.004643165810948694,-0.00011098230687313295,-0.0021970762808026776,0.06852147104162047,-0.055762678384780884,0.1385158896446228,-0.12134724855422974,0.3184029459953308,-0.0255218967795372,-0.5601687431335449,0.28008997440338135,0.3922294080257416,-0.04664921388030052,0.6823301315307617,0.26697418093681335,-0.7135025858879089
0.4551758749999989,0.0034223749999999996,133.0,2.281804476561399,-1.1814049235953055,0.2665232165897356,-0.004511209500163632,-0.00010949851340998708,-0.0021306231903100853,0.06851789213022641,-0.05686178803443909,0.1377299278974533,-0.12192079424858093,0.3135306239128113,-0.01871364936232567,-0.5347285270690918,0.28517910838127136,0.393468976020813,-0.013053884729743004,0.6784124374389648,0.2345672845840454,-0.7098625898361206
0.4551758749999989,0.0034223749999999996,133.0,2.270583186618214,-1.1703794772642264,0.2665420856135057,-0.004377689750542638,-0.00011072482056892606,-0.0020670874421438064,0.06851616074837882,-0.05720511078834534,0.13446936011314392,-0.12098303437232971,0.3018917739391327,-0.012580381706357002,-0.5035085678100586,0.29067283868789673,0.3990592956542969,0.021592171862721443,0.6752386093139648,0.22019346058368683,-0.7038083076477051
0.4551758749999989,0.0034223749999999996,133.0,2.2585700999691856,-1.158432983199386,0.2665320666718574,-0.0042546182853001446,-0.00010968197138767385,-0.0020066634381731767,0.06851528847924268,-0.05694347620010376,0.13340066373348236,-0.12188467383384705,0.29735878109931946,-0.01306898146867752,-0.4875316619873047,0.2953769862651825,0.3987308442592621,0.04221469908952713,0.6688282489776611,0.20728300511837006,-0.6989273428916931
0.4551758749999989,0.0034223749999999996,133.0,2.2457445120935087,-1.1456403177158991,0.2664432029534148,-0.004130387515646235,-0.00010551832532651862,-0.0019420587826741546,0.06851522393478814,-0.05659627914428711,0.13229794800281525,-0.12318164110183716,0.29357028007507324,-0.011514098383486271,-0.47162652015686035,0.30153530836105347,0.39725786447525024,0.06820607930421829,0.6600809097290039,0.18982110917568207,-0.6936386823654175
0.4551758749999989,0.0034223749999999996,133.0,2.232152445356117,-1.1319702142549062,0.2663768366190212,-0.004022138103384459,-0.00010123911508706398,-0.0018888297316049484,0.06851637890938492,-0.05504366755485535,0.13212822377681732,-0.12530431151390076,0.2936558723449707,-0.020423680543899536,-0.4743361473083496,0.3028978407382965,0.390900194644928,0.07295725494623184,0.6518268585205078,0.19021065533161163,-0.6873160600662231
0.4551758749999989,0.0034223749999999996,133.0,2.2177105236606547,-1.1174574061759022,0.266283402619032,-0.0038847564456000487,-9.593985637925775e-5,-0.001821699360140684,0.06851743706603068,-0.05361679196357727,0.13198255002498627,-0.1268550455570221,0.2935384511947632,-0.030588213354349136,-0.47841787338256836,0.3034140467643738,0.3856971263885498,0.0702795758843422,0.6470370292663574,0.1989154815673828,-0.6819564700126648
0.4551758749999989,0.0034223749999999996,133.0,2.202367676107379,-1.1020987277411733,0.26618114668746456,-0.003709211185627876,-9.358346468642855e-5,-0.0017413256350970244,0.06851612720092022,-0.05396053194999695,0.13310833275318146,-0.12867873907089233,0.29544323682785034,-0.03379800170660019,-0.4759354591369629,0.3065418601036072,0.38214898109436035,0.07513290643692017,0.6448445320129395,0.19178518652915955,-0.6803069710731506
0.4551758749999989,0.0034223749999999996,133.0,2.1861606350758667,-1.0858942529733904,0.2661147646458835,-0.00354665922144013,-8.832310926325007e-5,-0.0016632275470982176,0.06851388611274802,-0.05457201600074768,0.13393016159534454,-0.1299642026424408,0.29625868797302246,-0.035095054656267166,-0.4721527099609375,0.3086200952529907,0.38002339005470276,0.08010616153478622,0.6452486515045166,0.18793189525604248,-0.6789946556091309
0.4551758749999989,0.0034223749999999996,133.0,2.1691244258600078,-1.0689155963199248,0.26608675995476705,-0.003360381265716154,-8.496951379889577e-5,-0.0015771067606748718,0.06851187001212815,-0.05560493469238281,0.13444124162197113,-0.13059163093566895,0.2952314615249634,-0.03574228659272194,-0.46254754066467285,0.31321510672569275,0.38088738918304443,0.08231842517852783,0.6483280658721924,0.188567116856575,-0.6788714528083801
0.4551758749999989,0.0034223749999999996,133.0,2.1512834737481046,-1.0510042008385616,0.2660156967633755,-0.0031843227772446643,-7.868224475675905e-5,-0.0014946730973984777,0.06851027048716672,-0.055580317974090576,0.13533827662467957,-0.13141921162605286,0.2971189320087433,-0.043853286653757095,-0.47170162200927734,0.31399211287498474,0.378008633852005,0.059974249452352524,0.6545443534851074,0.21319657564163208,-0.6779254674911499
0.4551758749999989,0.0034223749999999996,133.0,2.132529760412722,-1.0322291403391213,0.26596120863243733,-0.0030013464629769756,-7.461443069289099e-5,-0.0014086357401141912,0.0685053612067511,-0.05736124515533447,0.13720279932022095,-0.1331886351108551,0.2997768819332123,-0.04196292534470558,-0.46534299850463867,0.31899547576904297,0.37620270252227783,0.06603209674358368,0.6573741436004639,0.20216627418994904,-0.678811252117157
0.4551758749999989,0.0034223749999999996,133.0,2.112984922924701,-1.0127261655142434,0.2658961423227841,-0.0028371713221700986,-7.245927027869816e-5,-0.0013327160641485698,0.06850280707340589,-0.05834382772445679,0.13765773177146912,-0.13416865468025208,0.2986091077327728,-0.042474981397390366,-0.4555995464324951,0.324539452791214,0.3763691782951355,0.07016094774007797,0.6598465442657471,0.20174577832221985,-0.677847683429718
0.4551758749999989,0.0034223749999999996,133.0,2.092636752617683,-0.9923258964811664,0.2658241116094494,-0.002622124787194764,-6.676311993072629e-5,-0.0012326351649308558,0.06850017168833544,-0.05917656421661377,0.13910813629627228,-0.1355075240135193,0.301144540309906,-0.046435125172138214,-0.4575376510620117,0.32745495438575745,0.3734527826309204,0.05998830124735832,0.6649093627929688,0.21017678081989288,-0.6775023341178894
0.4551758749999989,0.0034223749999999996,133.0,2.07141762168654,-0.9714039420159536,0.2658678111465591,-0.0024082275815178475,-6.417618823909417e-5,-0.0011335118058988464,0.06849893902026555,-0.06042015552520752,0.1352585405111313,-0.1340802013874054,0.28736987709999084,-0.03701159730553627,-0.42476534843444824,0.3341711461544037,0.38389021158218384,0.08943682163953781,0.6685440540313721,0.2146844118833542,-0.674202561378479
0.4551758749999989,0.0034223749999999996,133.0,2.049359702020789,-0.9493269942656615,0.26577465783604776,-0.0022061313170067785,-5.785641276048888e-5,-0.0010377987470057512,0.06849535649164429,-0.06162726879119873,0.13692331314086914,-0.13565388321876526,0.29004767537117004,-0.040865056216716766,-0.42583608627319336,0.33892083168029785,0.38169312477111816,0.0778183788061142,0.6744904518127441,0.22419747710227966,-0.6747438907623291
0.4551758749999989,0.0034223749999999996,133.0,2.0264313329284653,-0.9263852051411517,0.26566202577731174,-0.002004577819759138,-5.2620196878965395e-5,-0.0009422914398205395,0.06849054463876947,-0.06371065974235535,0.13938145339488983,-0.13786104321479797,0.29403871297836304,-0.04121650010347366,-0.422116756439209,0.3459537923336029,0.3794347047805786,0.07572780549526215,0.6795253753662109,0.21954719722270966,-0.6765396595001221
0.4551758749999989,0.0034223749999999996,133.0,2.0026395243028965,-0.9025096501783818,0.2654800395507644,-0.0018432183541633193,-4.7934213780660165e-5,-0.0008653494529695352,0.06848462521318309,-0.06629562377929688,0.1440027356147766,-0.14142149686813354,0.3042415976524353,-0.042415279895067215,-0.42638492584228516,0.3516894280910492,0.3720291554927826,0.06992050260305405,0.6840951442718506,0.20396502315998077,-0.6793869733810425
0.4551758749999989,0.0034223749999999996,133.0,1.9781014463560251,-0.8779074059487947,0.26537973732811754,-0.0016450137408840053,-4.203463576240175e-5,-0.0007729981949687836,0.06848076856700064,-0.06782150268554688,0.1465645134449005,-0.1431281566619873,0.30908867716789246,-0.04711116850376129,-0.43047618865966797,0.35479986667633057,0.3683958649635315,0.04952467605471611,0.6924777030944824,0.2159886211156845,-0.6806696653366089
0.4551758749999989,0.0034223749999999996,133.0,1.9526735483487663,-0.8525507170618754,0.2653912520223798,-0.001461159627872145,-3.9494661576358324e-5,-0.0006885765706546406,0.06847580867273853,-0.06954124569892883,0.14662165939807892,-0.14398831129074097,0.3057294487953186,-0.04558875039219856,-0.4167804718017578,0.36178460717201233,0.37095481157302856,0.054214052855968475,0.698775053024292,0.22226956486701965,-0.6799361109733582
0.4551758749999989,0.0034223749999999996,133.0,1.9264587441806393,-0.8264857254968695,0.2653521790679039,-0.0012799518603493925,-3.541041249226219e-5,-0.0006034191262830846,0.0684732566445752,-0.07094651460647583,0.1453348845243454,-0.144510418176651,0.2987750470638275,-0.04260147362947464,-0.3978400230407715,0.37005579471588135,0.3757104277610779,0.06852319091558456,0.7036876678466797,0.22929856181144714,-0.6777850985527039
0.4551758749999989,0.0034223749999999996,133.0,1.8994267867045493,-0.7995043690053277,0.2652699768288152,-0.0011297207292636706,-3.1864548081522345e-5,-0.0005327448721088158,0.06847038246210234,-0.07194611430168152,0.14554817974567413,-0.1460653841495514,0.29614895582199097,-0.04382729530334473,-0.3855752944946289,0.376884400844574,0.3755365014076233,0.07798314839601517,0.7060847282409668,0.22924315929412842,-0.6750050783157349
0.4551758749999989,0.0034223749999999996,133.0,1.8716117825479164,-0.771720459877925,0.26518039047775965,-0.0009958453267952827,-2.8391425118053617e-5,-0.0004698077204493726,0.06846914082343876,-0.07208901643753052,0.1453157663345337,-0.14744532108306885,0.2929542362689972,-0.04881400987505913,-0.3777947425842285,0.381675124168396,0.37444931268692017,0.08014926314353943,0.7078671455383301,0.2382805049419403,-0.6707314252853394
0.4551758749999989,0.0034223749999999996,133.0,1.8428839393458287,-0.7431197522567026,0.2650806451463009,-0.0008222778967787327,-2.3279675543250485e-5,-0.0003870284540431381,0.06846628017036599,-0.07370579242706299,0.14505688846111298,-0.1491428017616272,0.2888060212135315,-0.045864950865507126,-0.3598804473876953,0.39034974575042725,0.3760993480682373,0.1049317717552185,0.7098007202148438,0.2308223843574524,-0.6682347655296326
0.4551758749999989,0.0034223749999999996,133.0,1.8133263424076882,-0.7137231677582332,0.2650101890275011,-0.0006903147391505537,-2.011888015564349e-5,-0.0003247974053651947,0.06846398984532007,-0.07524588704109192,0.14407138526439667,-0.15024074912071228,0.28205814957618713,-0.042684510350227356,-0.3391096591949463,0.40074750781059265,0.3807305693626404,0.12734510004520416,0.713151216506958,0.2320878505706787,-0.666144847869873
0.4551758749999989,0.0034223749999999996,133.0,1.7829298908463482,-0.6834064422335943,0.2649116527414897,-0.0005181602663001947,-1.5575980632703237e-5,-0.00024400300575332226,0.06846003179039326,-0.07709312438964844,0.14470164477825165,-0.151798278093338,0.27996760606765747,-0.04200739413499832,-0.3261895179748535,0.4096975326538086,0.3818110227584839,0.13409101963043213,0.719240665435791,0.23541882634162903,-0.665187418460846
0.4551758749999989,0.0034223749999999996,133.0,1.751735007720436,-0.652127161636168,0.2647887756188043,-0.0003255601928821378,-9.461104530298745e-6,-0.00015320781871278465,0.06845496036149432,-0.07872503995895386,0.14771687984466553,-0.1542067527770996,0.28584468364715576,-0.04665780067443848,-0.3291447162628174,0.41219189763069153,0.3745594620704651,0.11754215508699417,0.7274296283721924,0.23915636539459229,-0.663857102394104
0.4551758749999989,0.0034223749999999996,133.0,1.7196779685628736,-0.6200492541797715,0.2646727291847185,-0.00015216340519145957,-4.489909343195233e-6,-7.17414129057358e-5,0.06844906802452679,-0.08082368969917297,0.1500377357006073,-0.1562771499156952,0.28896769881248474,-0.0471818707883358,-0.324629545211792,0.41759851574897766,0.3705052137374878,0.10995378345251083,0.7360692024230957,0.24104014039039612,-0.6629825830459595
0.4551758749999989,0.0034223749999999996,133.0,1.686767466383908,-0.5873720191342259,0.26460019267955215,1.6870014489239553e-5,5.39048638483292e-7,7.988824451824846e-6,0.06844514844039304,-0.08295205235481262,0.14815519750118256,-0.1566881239414215,0.27958667278289795,-0.04018661007285118,-0.3027925491333008,0.4299955666065216,0.3783571720123291,0.12420535832643509,0.7453756332397461,0.2583887279033661,-0.6615371704101562
0.4551758749999989,0.0034223749999999996,133.0,1.6530266627572279,-0.5537109563589793,0.26449816868398507,0.00018637860353922322,6.081114069179327e-6,8.830944278181674e-5,0.06844019175622641,-0.08521297574043274,0.14899876713752747,-0.15853160619735718,0.2778474688529968,-0.03842725604772568,-0.28925132751464844,0.44077417254447937,0.37918221950531006,0.13065661489963531,0.7529168128967285,0.26144132018089294,-0.6606867909431458
0.4551758749999989,0.0034223749999999996,133.0,1.6184263200795015,-0.5190666481674049,0.2643213253373595,0.00037012495248297817,1.1974348016811018e-5,0.00017521731751475036,0.06843267524334741,-0.08808398246765137,0.1526513695716858,-0.161859393119812,0.28482934832572937,-0.03892817348241806,-0.2860877513885498,0.4481739103794098,0.372329443693161,0.1273391842842102,0.7607269287109375,0.25092825293540955,-0.6608688235282898
0.4551758749999989,0.0034223749999999996,133.0,1.5830004063673226,-0.4837353155643665,0.26420967660974876,0.0005146742440861646,1.6974194538373428e-5,0.00024376279961605047,0.0684271938602254,-0.09069681167602539,0.15373484790325165,-0.1638256013393402,0.28357598185539246,-0.036854397505521774,-0.27272868156433105,0.45987415313720703,0.37338733673095703,0.13186316192150116,0.7696919441223145,0.2549453377723694,-0.6607505679130554
0.4551758749999989,0.0034223749999999996,133.0,1.5467517448346233,-0.4475793078740199,0.2640954154912958,0.0006777237164768938,2.2830671068385248e-5,0.00032115059769327283,0.06842185926936929,-0.09316736459732056,0.15468482673168182,-0.16583630442619324,0.2820574641227722,-0.03518562391400337,-0.2589881420135498,0.4718782603740692,0.37417471408843994,0.13805162906646729,0.7780041694641113,0.2579973340034485,-0.6600860357284546
0.4551758749999989,0.0034223749999999996,133.0,1.5096882615933318,-0.41059835215848683,0.2639910866189764,0.0008514129400461078,2.939156642021816e-5,0.00040367895065714684,0.06841689671939816,-0.095313161611557,0.15538974106311798,-0.16788747906684875,0.28000789880752563,-0.03435024619102478,-0.24486398696899414,0.4840327799320221,0.37459278106689453,0.1472914218902588,0.7848708629608154,0.259427011013031,-0.6585016250610352
0.4551758749999989,0.0034223749999999996,133.0,1.471820204461251,-0.3728099101693451,0.2638717244384379,0.0010486131997207492,3.755574759234033e-5,0.000497736301058322,0.06841284853711146,-0.09701681137084961,0.1557212918996811,-0.17004916071891785,0.27733126282691956,-0.03541059419512749,-0.2309129238128662,0.4967188239097595,0.3748241364955902,0.15960779786109924,0.7897558212280273,0.26051265001296997,-0.6560840010643005
0.4551758749999989,0.0034223749999999996,133.0,1.4331261982002794,-0.3341852809230021,0.2637826050192245,0.0012359219976836747,4.560195613216339e-5,0.0005869691033281529,0.06840902760788155,-0.09845864772796631,0.15585094690322876,-0.17226505279541016,0.274233877658844,-0.037602830678224564,-0.21700143814086914,0.5098949670791626,0.3750941753387451,0.17415080964565277,0.7934272289276123,0.26100295782089233,-0.6532711982727051
0.4551758749999989,0.0034223749999999996,133.0,1.3935403718643904,-0.29492337534436996,0.26368476229733023,0.0013573395399831024,5.3174635864497066e-5,0.000645115736164795,0.06840741408882509,-0.10068607330322266,0.15298797190189362,-0.1737498939037323,0.2618786096572876,-0.030567940324544907,-0.19020795822143555,0.5333742499351501,0.3865474760532379,0.21669484674930573,0.7984247207641602,0.27197661995887756,-0.6524047255516052
0.4551758749999989,0.0034223749999999996,133.0,1.353159762621157,-0.25463413190312867,0.2635698392331245,0.0015128041980076565,6.0971095319446214e-5,0.0007195030904875027,0.06840288960535705,-0.10278052091598511,0.153408944606781,-0.1758258044719696,0.2598034143447876,-0.029642529785633087,-0.17715787887573242,0.5487647652626038,0.387467622756958,0.22770999372005463,0.804854154586792,0.27455833554267883,-0.6512979865074158
0.4551758749999989,0.0034223749999999996,133.0,1.3118836173292623,-0.21322229680943952,0.2633292125684672,0.0016642747369659833,6.78120683816416e-5,0.000792017138322737,0.06839202312651657,-0.1059255301952362,0.1589209884405136,-0.17987632751464844,0.2740720510482788,-0.03046320006251335,-0.1808774471282959,0.5537619590759277,0.37202709913253784,0.21645453572273254,0.8126096725463867,0.24752089381217957,-0.6501624584197998
0.4551758749999989,0.0034223749999999996,133.0,1.2705293927898018,-0.16986235626555143,0.2657062575228865,0.0018072696781624266,6.264876697789106e-5,0.0008645675182462787,0.068307708355235,-0.10716134309768677,0.15675769746303558,-0.180076003074646,0.2618103623390198,-0.03086789697408676,-0.15894842147827148,0.5672531723976135,0.3802194893360138,0.21463420987129211,0.8246095180511475,0.27979543805122375,-0.6461806893348694
0.4551758749999989,0.0034223749999999996,133.0,1.227550583202612,-0.1269264113886632,0.26551950396098745,0.0019051671145389898,7.238140382806797e-5,0.0009140943518292409,0.06829799101814216,-0.11127927899360657,0.16009357571601868,-0.18368390202522278,0.26705750823020935,-0.025869566947221756,-0.14569878578186035,0.583716630935669,0.37547504901885986,0.2299467921257019,0.8359434604644775,0.2569192349910736,-0.6467275023460388
0.4551758749999989,0.0034223749999999996,133.0,1.1835895014582432,-0.08345269776124485,0.2654939734578633,0.0018802427694395308,7.527896348626895e-5,0.0009055021094273945,0.06828860472712064,-0.11791530251502991,0.15512023866176605,-0.1833791434764862,0.2437087893486023,0.0001437664031982422,-0.10693931579589844,0.6217930912971497,0.4044874310493469,0.26522597670555115,0.8678929805755615,0.3103225827217102,-0.6526165008544922
0.4551758749999989,0.0034223749999999996,133.0,1.1379262034225626,-0.03891561273399047,0.2628514061508196,0.0017596928451955479,5.082138488414154e-5,0.000849713757592887,0.06831227611826854,-0.13524079322814941,0.19457441568374634,-0.18836188316345215,0.33681735396385193,0.02141602337360382,-0.15532684326171875,0.4249143600463867,0.38283711671829224,-0.21623928844928741,1.0537867546081543,0.21635405719280243,-0.724028468132019
0.4551758749999989,0.0034223749999999996,133.0,1.091425867799676,0.008682134601918978,0.2629252339091802,0.00010370667053448612,-8.568026858874202e-7,5.072651527600619e-5,0.06821124114244712,-0.1707203984260559,0.25842028856277466,-0.18038508296012878,0.40665048360824585,0.0020991836208850145,-0.07114338874816895,-0.01770077459514141,0.5332174301147461,-1.1989625692367554,1.4498107433319092,0.10627148300409317,-0.9428619742393494
0.4551758749999989,0.0034223749999999996,133.0,1.1342810044268454,0.049044845458146684,0.2657460051724555,-0.001712089550141155,-7.716527619183807e-5,-0.0008727768064247806,0.06782806160102625,-0.20399323105812073,0.11636120826005936,-0.18233788013458252,0.5607322454452515,-0.19592581689357758,0.1131887435913086,0.8493543267250061,-0.04464566707611084,-0.5827612280845642,1.4388082027435303,0.08358024805784225,-0.5154697895050049
0.4551758749999989,0.0034223749999999996,133.0,1.1756118089654812,0.09531294058333588,0.26799768667882473,-0.0019177280855595012,-9.051239999387e-6,-0.0009836835314549995,0.06755594385041498,-0.2582570016384125,0.14894363284111023,-0.134468674659729,0.8185924291610718,-0.36109721660614014,0.3546614646911621,0.5206837058067322,0.05265352129936218,-1.386337161064148,1.8103408813476562,0.3264748454093933,-0.8695321679115295
0.4551758749999989,0.0034223749999999996,133.0,1.2172439391232177,0.14040040421389466,0.27028628415526623,-0.001919218539281652,3.0607668940427336e-5,-0.0009671664645300078,0.06741105224380793,-0.305476576089859,0.1795603483915329,-0.08001834154129028,1.0383341312408447,-0.6369243860244751,0.47907519340515137,0.20262756943702698,0.18230843544006348,-1.7835748195648193,1.9284420013427734,0.5295287370681763,-1.2193130254745483
0.4551758749999989,0.0034223749999999996,133.0,1.2595008353641615,0.184033546820745,0.2711048351557532,-0.0018145454980203427,3.640705582616622e-5,-0.0009044255702670749,0.0673713514688885,-0.3139512240886688,0.1934114396572113,-0.06725987792015076,1.0938222408294678,-0.69503253698349,0.5001680850982666,0.17760483920574188,0.20660874247550964,-1.8634179830551147,1.9143548011779785,0.5327100157737732,-1.299588918685913
0.4551758749999989,0.0034223749999999996,133.0,1.3012762847486394,0.22636922445659827,0.271445719165379,-0.001661860241716727,3.604563111093308e-5,-0.0008237274287681355,0.06735917418291895,-0.31519100069999695,0.20121672749519348,-0.0553988516330719,1.1484137773513794,-0.7239199280738831,0.49742233753204346,0.12915770709514618,0.20558416843414307,-1.8857178688049316,1.8764781951904297,0.5614585876464844,-1.3534207344055176
0.4551758749999989,0.0034223749999999996,133.0,1.3422344725067592,0.26767351840516185,0.2713935120444277,-0.0014736169503428063,3.140113510670091e-5,-0.0007301006241219382,0.06736153563177368,-0.31804338097572327,0.2047436684370041,-0.05514264106750488,1.1437699794769287,-0.7493851780891418,0.5132263898849487,0.14059053361415863,0.2228904366493225,-1.9047846794128418,1.8722472190856934,0.5772413015365601,-1.3662874698638916
0.4551758749999989,0.0034223749999999996,133.0,1.38257879549534,0.30812146818538605,0.27148430458507855,-0.0013879762690186068,2.7992085154497554e-5,-0.0006849637171745655,0.06735687503135646,-0.3172281086444855,0.20773687958717346,-0.05325761437416077,1.1577274799346924,-0.7477442026138306,0.5220094919204712,0.16324308514595032,0.2200712263584137,-1.9164217710494995,1.8468451499938965,0.5981143712997437,-1.3776835203170776
0.4551758749999989,0.0034223749999999996,133.0,1.4221543067988989,0.3477647267298946,0.27171772919834947,-0.0011885109669186897,2.407422320426702e-5,-0.0005826827263587592,0.06734700012266895,-0.3149731457233429,0.21124711632728577,-0.047382861375808716,1.1930978298187256,-0.7439799904823303,0.5212949514389038,0.1610087752342224,0.20706883072853088,-1.9228943586349487,1.8078346252441406,0.6266278624534607,-1.4002714157104492
0.4551758749999989,0.0034223749999999996,133.0,1.4607618621285974,0.386570675769264,0.27184552440458704,-0.0010348128743462397,2.0693071666155567e-5,-0.0005052229677308887,0.06734254034112884,-0.3149806559085846,0.21430853009223938,-0.04465740919113159,1.2072060108184814,-0.7541670799255371,0.5293097496032715,0.16870255768299103,0.20846840739250183,-1.9351541996002197,1.7838468551635742,0.6500527262687683,-1.415998935699463
0.4551758749999989,0.0034223749999999996,133.0,1.4985379102289638,0.4245411181622201,0.2719681321592087,-0.0008418451012207926,1.665218328159317e-5,-0.0004093650837769594,0.06733828714844524,-0.31497839093208313,0.21727147698402405,-0.04205968976020813,1.2207555770874023,-0.7628216743469238,0.5365678071975708,0.1756030023097992,0.20927849411964417,-1.9465956687927246,1.7606797218322754,0.6718339323997498,-1.4305691719055176
0.4551758749999989,0.0034223749999999996,133.0,1.5354852998126138,0.46166532100405244,0.2720725773055124,-0.0006703334813876366,1.304980938427429e-5,-0.000324769960681355,0.06733461562312408,-0.31492677330970764,0.21997222304344177,-0.03980061411857605,1.2327985763549805,-0.7691749930381775,0.5432085990905762,0.18327577412128448,0.20939674973487854,-1.9557349681854248,1.739105224609375,0.6918526887893677,-1.4429254531860352
0.4551758749999989,0.0034223749999999996,133.0,1.57159997108159,0.49795450447926054,0.27217952948210916,-0.0005065893848472517,9.702777893100933e-6,-0.00024454227211358323,0.06733093661170848,-0.3148725926876068,0.2225605994462967,-0.03756728768348694,1.2446377277374268,-0.7749497890472412,0.5495463609695435,0.1908063143491745,0.20918110013008118,-1.9644582271575928,1.7178196907043457,0.7115880846977234,-1.4547381401062012
0.4551758749999989,0.0034223749999999996,133.0,1.6068813124755328,0.5334014206388326,0.27225979382145943,-0.0003483644065257932,6.518942305212847e-6,-0.0001675914178469279,0.06732756813927923,-0.3147858679294586,0.2249116599559784,-0.035718947649002075,1.2549564838409424,-0.7778571844100952,0.5552496910095215,0.19907183945178986,0.2082643210887909,-1.9707541465759277,1.698470115661621,0.7294052839279175,-1.4643124341964722
0.4551758749999989,0.0034223749999999996,133.0,1.6413080815534655,0.5680258753280711,0.2723736975504028,-0.00019550457923562102,3.5651785781812458e-6,-9.372199181820971e-5,0.06732218595453796,-0.3148399889469147,0.22711315751075745,-0.0342048704624176,1.2640682458877563,-0.7777904868125916,0.5604130029678345,0.20709890127182007,0.20679524540901184,-1.9750550985336304,1.6819262504577637,0.7442502975463867,-1.4721086025238037
0.4551758749999989,0.0034223749999999996,133.0,1.6746716122071834,0.6018322328501781,0.27238578208918285,-5.8315931294920826e-5,1.010750008495749e-6,-2.7910809633770917e-5,0.06731536469018916,-0.318002849817276,0.22953985631465912,-0.035936981439590454,1.2533459663391113,-0.787446141242981,0.5811241865158081,0.22506654262542725,0.21956118941307068,-1.9873465299606323,1.6864447593688965,0.7448940277099609,-1.4742896556854248
0.4551758749999989,0.0034223749999999996,133.0,1.70717622026596,0.6348512962234938,0.27254864185727923,0.00012602836401815878,-2.1662018170194676e-6,6.008835988025373e-5,0.06730299044286873,-0.3211902678012848,0.23237228393554688,-0.03538858890533447,1.2541606426239014,-0.7981817126274109,0.596244215965271,0.22638759016990662,0.22844555974006653,-1.998393177986145,1.6859426498413086,0.7470355033874512,-1.4841006994247437
0.4551758749999989,0.0034223749999999996,133.0,1.7393714985834205,0.6650490246675326,0.27008766728114125,0.0002971316309739402,-3.6052351276073487e-6,0.00014048837429640482,0.06745502752225199,-0.3170575201511383,0.2333664894104004,-0.0303327739238739,1.2708864212036133,-0.8094947338104248,0.5767745971679688,0.2090287059545517,0.22367584705352783,-1.9860460758209229,1.6457767486572266,0.7856518030166626,-1.4962072372436523
0.4551758749999989,0.0034223749999999996,133.0,1.7702806608317223,0.6963779934732321,0.270191254243845,0.0004701047962784078,-5.69249801133675e-6,0.00022160392527125148,0.06744939487278505,-0.31999459862709045,0.23627227544784546,-0.028794944286346436,1.2735247611999512,-0.8296393752098083,0.5934809446334839,0.21203963458538055,0.23414376378059387,-2.0044209957122803,1.6383986473083496,0.7974581122398376,-1.5094728469848633
0.4551758749999989,0.0034223749999999996,133.0,1.8006117237800836,0.7268358376472914,0.27048258738109265,0.0006754556529095088,-8.122719603396274e-6,0.000316545059529754,0.06743890309192452,-0.31862857937812805,0.2386232614517212,-0.02395385503768921,1.3010120391845703,-0.8271072506904602,0.5920577049255371,0.21498523652553558,0.22135436534881592,-2.0153112411499023,1.6069562435150146,0.8220854997634888,-1.52433443069458
0.4551758749999989,0.0034223749999999996,133.0,1.830140826146453,0.7564278982453805,0.2706788827533254,0.0008222459390053927,-9.644827814858318e-6,0.00038358013717794854,0.06743413499410099,-0.3159521520137787,0.24056114256381989,-0.017394453287124634,1.3361194133758545,-0.8229197859764099,0.5794512033462524,0.2072942703962326,0.20330727100372314,-2.01851749420166,1.5664896965026855,0.8536237478256226,-1.5415306091308594
0.4551758749999989,0.0034223749999999996,133.0,1.8588362404323213,0.78520698502427,0.2709959090752804,0.0010100228017133537,-1.239918599057812e-5,0.0004687523936630219,0.06742660770049368,-0.3151398003101349,0.24268144369125366,-0.011614352464675903,1.3619616031646729,-0.830930233001709,0.5725767612457275,0.1940077692270279,0.19518578052520752,-2.023494243621826,1.536156415939331,0.8792778849601746,-1.5593488216400146
0.4551758749999989,0.0034223749999999996,133.0,1.886552133970657,0.8131349514475552,0.2710695708882267,0.0011544689048371597,-1.4525576111043608e-5,0.0005346418078075564,0.06742668814393482,-0.31802698969841003,0.24455048143863678,-0.012479662895202637,1.350769281387329,-0.8555501103401184,0.5938773155212402,0.20652806758880615,0.21180522441864014,-2.039461135864258,1.5332274436950684,0.8926195502281189,-1.5649659633636475
0.4551758749999989,0.0034223749999999996,133.0,1.9135265147116043,0.8402104015134614,0.27117745968236573,0.0013158481585654426,-1.634920184029072e-5,0.0006074862026680057,0.0674242132140102,-0.3178803026676178,0.24607731401920319,-0.010440349578857422,1.3604052066802979,-0.8590661287307739,0.5970180034637451,0.21229131519794464,0.20897313952445984,-2.045926809310913,1.514758825302124,0.9103140234947205,-1.5718977451324463
0.4551758749999989,0.0034223749999999996,133.0,1.939774737144764,0.8663869219622783,0.2711664231393652,0.001508852041733214,-1.6874114871273048e-5,0.0006953992434705065,0.06742493333776357,-0.3165171444416046,0.24701111018657684,-0.00965079665184021,1.368404507637024,-0.8517695069313049,0.6000336408615112,0.230290949344635,0.20085889101028442,-2.05063796043396,1.4951038360595703,0.9263930916786194,-1.5719271898269653
0.4551758749999989,0.0034223749999999996,133.0,1.965088679405773,0.8917970971114698,0.27128136486860527,0.0017053024571340172,-1.9219821630084986e-5,0.0007838397870023736,0.06742206453262486,-0.3162364661693573,0.24812135100364685,-0.009117692708969116,1.3737143278121948,-0.847662091255188,0.6048133373260498,0.24182765185832977,0.19680160284042358,-2.0541539192199707,1.4832441806793213,0.9359384775161743,-1.5732777118682861
0.4551758749999989,0.0034223749999999996,133.0,1.9894520217269687,0.916393738490433,0.27139067383726856,0.0019236670295020824,-2.2147930804319008e-5,0.0008820059087556002,0.06741953771797181,-0.3175770938396454,0.24955928325653076,-0.008405238389968872,1.3758667707443237,-0.8547179698944092,0.6121152639389038,0.24271750450134277,0.20025616884231567,-2.0588958263397217,1.4761712551116943,0.944244921207428,-1.5789713859558105
0.4551758749999989,0.0034223749999999996,133.0,2.013018107462802,0.9401298425959966,0.27136728318343484,0.0020849618882676385,-2.3445058534795998e-5,0.0009552787984000129,0.06741949020155721,-0.319106787443161,0.2508574426174164,-0.008929401636123657,1.3717694282531738,-0.8615580797195435,0.6237744092941284,0.2508532404899597,0.2063390016555786,-2.064770221710205,1.4729194641113281,0.9504286050796509,-1.5810620784759521
0.4551758749999989,0.0034223749999999996,133.0,2.035692554572332,0.9630441883828464,0.27139106743490493,0.0022905653124306296,-2.5576601072195553e-5,0.0010481840853208092,0.06741783398182412,-0.32083603739738464,0.25222912430763245,-0.010071516036987305,1.3651868104934692,-0.8676881790161133,0.6392650604248047,0.26440441608428955,0.21304088830947876,-2.073838949203491,1.4713842868804932,0.9546429514884949,-1.5813000202178955
0.4551758749999989,0.0034223749999999996,133.0,2.0576001023978954,0.9851110294760282,0.27133452615019094,0.0024984090028327506,-2.6987049452067747e-5,0.0011432748494830758,0.06741721048174283,-0.322736531496048,0.2537308931350708,-0.010487258434295654,1.3588666915893555,-0.8811244368553162,0.654391884803772,0.271952748298645,0.22249066829681396,-2.0839784145355225,1.4684598445892334,0.9609404802322388,-1.5845484733581543
0.4551758749999989,0.0034223749999999996,133.0,2.0787715484501192,1.0063416492457717,0.27143257765528356,0.0027188278886088393,-2.9011824559899472e-5,0.0012415839287777352,0.06741380291028665,-0.32269296050071716,0.25488701462745667,-0.009087175130844116,1.366578221321106,-0.8816649913787842,0.6575942039489746,0.27678772807121277,0.21899864077568054,-2.0899507999420166,1.4546630382537842,0.972552478313446,-1.5888687372207642
0.4551758749999989,0.0034223749999999996,133.0,2.0991517678450085,1.0267201981200884,0.2716620881190613,0.0029427225993501074,-3.5047643679853205e-5,0.0013365569243876016,0.06740911807982744,-0.3208986818790436,0.2562038004398346,-0.0019326210021972656,1.4008777141571045,-0.8773677349090576,0.6329330205917358,0.24721568822860718,0.2025136947631836,-2.0847840309143066,1.4288430213928223,0.9910017251968384,-1.6066409349441528
0.4551758749999989,0.0034223749999999996,133.0,2.1186111287573457,1.0463685858017153,0.27192876484796197,0.003115950203452598,-3.74161231116262e-5,0.001411926006298245,0.06740374653301437,-0.3212437927722931,0.2574292719364166,-0.00020506978034973145,1.4099023342132568,-0.8775880336761475,0.6353929042816162,0.2502630352973938,0.19856226444244385,-2.091649055480957,1.4165492057800293,1.0015921592712402,-1.611795425415039
0.4551758749999989,0.0034223749999999996,133.0,2.1373277776183404,1.0651009461848395,0.2721724743031242,0.0033128539281597784,-4.097241738151207e-5,0.0014954871337608225,0.06739878322580933,-0.3199688494205475,0.2584000527858734,0.004877567291259766,1.4345091581344604,-0.8741657733917236,0.6197651624679565,0.23439854383468628,0.18514800071716309,-2.0894641876220703,1.393749475479126,1.016945481300354,-1.6229803562164307
0.4551758749999989,0.0034223749999999996,133.0,2.1549093943775195,1.0830350255985988,0.27201897887454346,0.003481292758652688,-4.384085598364789e-5,0.0015734431806675242,0.06740348686818262,-0.3241311013698578,0.2601030170917511,0.0024990439414978027,1.4144254922866821,-0.9005595445632935,0.6467901468276978,0.24046804010868073,0.20836538076400757,-2.103543281555176,1.4033093452453613,1.0157729387283325,-1.6262619495391846
0.4551758749999989,0.0034223749999999996,133.0,2.1719617822003445,1.1000706495687391,0.2721019827921556,0.0036805291729568894,-4.549905465034112e-5,0.0016602920861472801,0.06740114309766619,-0.3237573802471161,0.26096925139427185,0.004045754671096802,1.4229015111923218,-0.8992332220077515,0.6472779512405396,0.24427415430545807,0.2031862735748291,-2.108438014984131,1.3896660804748535,1.0259000062942505,-1.6296347379684448
0.4551758749999989,0.0034223749999999996,133.0,2.1880815898990624,1.1162999497246262,0.2722041555980237,0.003855898297940425,-4.853211189139425e-5,0.001736884587977074,0.06739917605055698,-0.32435986399650574,0.26178839802742004,0.004522979259490967,1.4237393140792847,-0.9067670106887817,0.6553528308868408,0.2495305836200714,0.20544525980949402,-2.1154532432556152,1.3812477588653564,1.0336086750030518,-1.632822036743164
0.4551758749999989,0.0034223749999999996,133.0,2.203337593943374,1.1316027780163822,0.2719785600996966,0.00402912638335149,-5.042799395325593e-5,0.001814358432932069,0.06740364882699898,-0.32609811425209045,0.2627756595611572,0.0036024153232574463,1.4136161804199219,-0.92414391040802,0.671947717666626,0.2574475407600403,0.2172841727733612,-2.1253530979156494,1.3789453506469727,1.0403378009796143,-1.6346575021743774
0.4551758749999989,0.0034223749999999996,133.0,2.21787443672189,1.1461384437757949,0.2721043661028499,0.004166351821168147,-5.343837613333235e-5,0.001872293581211267,0.0674025023637463,-0.32554057240486145,0.2631528079509735,0.006250053644180298,1.422890543937683,-0.9343838095664978,0.6684430837631226,0.25131064653396606,0.21588054299354553,-2.1280670166015625,1.3622853755950928,1.0588942766189575,-1.6425831317901611
0.4551758749999989,0.0034223749999999996,133.0,2.2314957384107483,1.159845072108094,0.27213447800494517,0.00428843080679368,-5.8125483531826886e-5,0.0019255446405700082,0.06740711616191108,-0.32662656903266907,0.26362085342407227,0.00768241286277771,1.4204933643341064,-0.9619808793067932,0.674834132194519,0.2427179217338562,0.22814816236495972,-2.1353533267974854,1.3527567386627197,1.0791497230529785,-1.6525342464447021
0.4551758749999989,0.0034223749999999996,133.0,2.244477712551441,1.1727930552833847,0.272478611362459,0.00441977108685535,-6.142409487217389e-5,0.001981225971520467,0.06740533025587418,-0.3245033919811249,0.26365378499031067,0.012249171733856201,1.4409809112548828,-0.9664610624313354,0.6588834524154663,0.22714093327522278,0.21892529726028442,-2.1366384029388428,1.3295650482177734,1.1046172380447388,-1.663785696029663
0.4551758749999989,0.0034223749999999996,133.0,2.256734107306397,1.1846658305457258,0.27232116231242726,0.004559292088106495,-5.976363871120387e-5,0.0020384433967804063,0.06740916154857633,-0.3205634653568268,0.26313990354537964,0.012605935335159302,1.4499902725219727,-0.9484522938728333,0.6546775102615356,0.25288406014442444,0.2017897665500641,-2.1405463218688965,1.3068759441375732,1.1248623132705688,-1.6557605266571045
0.4551758749999989,0.0034223749999999996,133.0,2.2682109048423413,1.1957710744628027,0.27241768756848367,0.004702368952460096,-5.9664300666181686e-5,0.0020955050174919668,0.0674091773129338,-0.31508323550224304,0.262492835521698,0.01800382137298584,1.4822651147842407,-0.9243783354759216,0.6229089498519897,0.24830609560012817,0.17219457030296326,-2.133575916290283,1.2730889320373535,1.1494362354278564,-1.6583845615386963
0.4551758749999989,0.0034223749999999996,133.0,2.278902524212017,1.2060545375713316,0.2725245047040672,0.004840680811893657,-5.759365355610188e-5,0.0021499575872356525,0.06740938527638779,-0.31023749709129333,0.2617526054382324,0.019714832305908203,1.5000004768371582,-0.8969208002090454,0.6090011596679688,0.2698309123516083,0.1467289924621582,-2.1332685947418213,1.246643304824829,1.167696237564087,-1.6506978273391724
0.4551758749999989,0.0034223749999999996,133.0,2.2886414760048557,1.2155896949319194,0.27267306267009844,0.004999043954864357,-5.527033902342219e-5,0.002216803541603968,0.06740943425281014,-0.30672577023506165,0.26130107045173645,0.020760297775268555,1.511549711227417,-0.8791170716285706,0.601919412612915,0.28843313455581665,0.12962189316749573,-2.1363303661346436,1.2262542247772217,1.183447241783142,-1.6451950073242188
0.4551758749999989,0.0034223749999999996,133.0,2.297162078654472,1.2263693285216617,0.27566545402823556,0.005226823009702977,-8.000006941401133e-5,0.0023071209627547164,0.06723268406067515,-0.3084793984889984,0.26273784041404724,0.020796537399291992,1.5316640138626099,-0.8505285382270813,0.6171530485153198,0.31716853380203247,0.11048030853271484,-2.1619293689727783,1.2274246215820312,1.1709376573562622,-1.646175503730774
0.4551758749999989,0.0034223749999999996,133.0,2.30540091584067,1.2341862695335737,0.27593155948469217,0.005470778906536155,-8.294846820237725e-5,0.002406171224805967,0.06723285962890625,-0.3026503622531891,0.2619806230068207,0.025818943977355957,1.565094232559204,-0.813457727432251,0.5794816017150879,0.31583458185195923,0.07473894953727722,-2.150813341140747,1.1975607872009277,1.1818021535873413,-1.6437184810638428
0.4551758749999989,0.0034223749999999996,133.0,2.3126123496326474,1.2411635616893786,0.27591274543607774,0.005840545228244935,-8.39328717733259e-5,0.0025661700387240765,0.06723501427894528,-0.2998047173023224,0.2615399956703186,0.02536371350288391,1.5681277513504028,-0.8040283918380737,0.5808234214782715,0.3361092507839203,0.06554615497589111,-2.1576461791992188,1.1810121536254883,1.1952928304672241,-1.6376605033874512
0.4551758749999989,0.0034223749999999996,133.0,2.319082728787534,1.2473484964743486,0.2760692480770739,0.006459814393562045,-9.242779922107112e-5,0.0028307848323756704,0.06723627478341897,-0.2957288324832916,0.2613043785095215,0.02823472023010254,1.588862657546997,-0.7817085981369019,0.5597188472747803,0.3385135531425476,0.04325541853904724,-2.156808853149414,1.1581649780273438,1.2032968997955322,-1.636040449142456
0.4551758749999989,0.0034223749999999996,133.0,2.324682241765407,1.2527157412551215,0.275997112105185,0.007863213022013822,-0.00010850130169159806,0.003440467644197944,0.06724031244750206,-0.2924664318561554,0.2614305317401886,0.026921451091766357,1.592207908630371,-0.7728030681610107,0.566870927810669,0.3612910807132721,0.0343727171421051,-2.1737844944000244,1.1387295722961426,1.211352825164795,-1.6306450366973877
0.4551758749999989,0.0034223749999999996,133.0,2.3294996419264193,1.2575609692484027,0.2761064586079062,0.014605973064625681,-0.0002395570126450117,0.006325348659321375,0.06723571610171795,-0.2884053885936737,0.2659322917461395,0.028129637241363525,1.6188653707504272,-0.7885705828666687,0.5877976417541504,0.36120566725730896,0.029073745012283325,-2.2524197101593018,1.0823993682861328,1.2201578617095947,-1.652297019958496
0.4551758749999989,0.0034223749999999996,133.0,2.311765175724112,-1.2395540084986076,0.25511188752756936,-0.013899447870339357,-0.0002229795223247343,-0.0065951261849449315,0.0684930833148452,-0.04962480068206787,0.14015346765518188,-0.12497571110725403,0.3286096453666687,-0.00360489496961236,-0.6830356121063232,0.27561649680137634,0.41039785742759705,-0.11817602068185806,0.663611888885498,0.4303526282310486,-0.7419813871383667
0.4551758749999989,0.0034223749999999996,133.0,2.307197293107767,-1.234844903529706,0.2553122612607993,-0.007501722002712282,-9.335387408285125e-5,-0.003557258741223332,0.06847313588413578,-0.05024266242980957,0.14496469497680664,-0.12207308411598206,0.34506282210350037,-0.052152059972286224,-0.6749505996704102,0.2662562131881714,0.3909197449684143,-0.18167029321193695,0.6799399852752686,0.41007208824157715,-0.7388302087783813
0.4551758749999989,0.0034223749999999996,133.0,2.301750111594696,-1.2294234647962743,0.2552790698320299,-0.006162991898278121,-7.270335351748964e-5,-0.0029196078520089337,0.06846539275887711,-0.05196499824523926,0.1456550508737564,-0.12164294719696045,0.3452575206756592,-0.0517396442592144,-0.6561942100524902,0.2640945017337799,0.387715220451355,-0.17124569416046143,0.6849925518035889,0.3745449185371399,-0.7358140349388123
0.4551758749999989,0.0034223749999999996,133.0,2.2955479934527436,-1.2233089391870333,0.2552734264640018,-0.005573833533199355,-6.369248650563818e-5,-0.0026381095101998134,0.06846273951815253,-0.05224257707595825,0.14422963559627533,-0.12138316035270691,0.34035414457321167,-0.052152834832668304,-0.6418566703796387,0.26543286442756653,0.3868763744831085,-0.15681497752666473,0.685636043548584,0.36176908016204834,-0.7300664782524109
0.4551758749999989,0.0034223749999999996,133.0,2.288424383848989,-1.2163054958902155,0.25523845145351,-0.005231484950885503,-6.203326167083659e-5,-0.002474861268265454,0.06845797646820492,-0.05384233593940735,0.14445552229881287,-0.1219685971736908,0.33829420804977417,-0.04549635946750641,-0.6210157871246338,0.266375333070755,0.3859734833240509,-0.13026903569698334,0.6859498023986816,0.3229832947254181,-0.7271038293838501
0.4551758749999989,0.0034223749999999996,133.0,2.279678284781086,-1.2100686215321241,0.25265274804048904,-0.0049900671630710765,-0.00010940169002184942,-0.002358399146917561,0.06853374578743045,-0.05360895395278931,0.14214900135993958,-0.1215066909790039,0.33297988772392273,-0.04045265540480614,-0.6110169887542725,0.2718895971775055,0.386329710483551,-0.10770523548126221,0.6813459396362305,0.31178852915763855,-0.7221565246582031
0.4551758749999989,0.0034223749999999996,133.0,2.27093548621926,-1.2015680660218284,0.25260324898143044,-0.004792185288071511,-0.00010903103748914102,-0.0022652395035888807,0.06853180571884443,-0.0546451210975647,0.13956639170646667,-0.1206827163696289,0.3231952488422394,-0.03267389163374901,-0.5821962356567383,0.27530592679977417,0.3904881179332733,-0.07423827052116394,0.6819610595703125,0.28963324427604675,-0.7165414690971375
0.4551758749999989,0.0034223749999999996,133.0,2.261386621685844,-1.192140698698992,0.2525068690678544,-0.004644141343144906,-0.0001064732916368831,-0.002192277364164993,0.0685298994835369,-0.05530676245689392,0.13833819329738617,-0.12113189697265625,0.3179802894592285,-0.02734343335032463,-0.561265230178833,0.2792646884918213,0.39126306772232056,-0.04593021050095558,0.6786737442016602,0.26543378829956055,-0.7120975255966187
0.4551758749999989,0.0034223749999999996,133.0,2.2509641036636254,-1.1818466395116731,0.2524566558417447,-0.004512086144915268,-0.0001048159508460316,-0.002126031086765946,0.0685265897954048,-0.05641072988510132,0.1375683844089508,-0.1217217743396759,0.31316477060317993,-0.020519133657217026,-0.5358433723449707,0.2843042314052582,0.39253586530685425,-0.012429304420948029,0.6747360229492188,0.23310276865959167,-0.708547830581665
0.4551758749999989,0.0034223749999999996,133.0,2.239743247300007,-1.1708129940287952,0.2524742404459671,-0.004378494186268761,-0.00010590390669985275,-0.0020626975935648722,0.06852502381414532,-0.05675417184829712,0.1343105435371399,-0.12079364061355591,0.30159392952919006,-0.01433794666081667,-0.504596471786499,0.28972530364990234,0.39814966917037964,0.02215414308011532,0.6715326309204102,0.21878032386302948,-0.7025858163833618
0.4551758749999989,0.0034223749999999996,133.0,2.2277287062062294,-1.158861010888445,0.2524654034191698,-0.0042553621776718845,-0.00010481009850490486,-0.0020024610895823577,0.06852423642849387,-0.05649501085281372,0.13324731588363647,-0.12170004844665527,0.29708606004714966,-0.014827893115580082,-0.48861026763916016,0.2943883538246155,0.39784568548202515,0.04270198196172714,0.6651380062103271,0.20589742064476013,-0.6977542638778687
0.4551758749999989,0.0034223749999999996,133.0,2.2149017241646813,-1.1460648824801194,0.2523812144248701,-0.004131065544851705,-0.00010054689926890981,-0.0019380538140758325,0.06852423599807667,-0.056159913539886475,0.13216201961040497,-0.12300404906272888,0.2933363914489746,-0.01328120008111,-0.47269487380981445,0.30050569772720337,0.39641907811164856,0.06853222101926804,0.6564626693725586,0.1885065883398056,-0.6925510168075562
0.4551758749999989,0.0034223749999999996,133.0,2.2013043696128674,-1.1323942135858802,0.25232229462321404,-0.004022790457261248,-9.636267218333671e-5,-0.0018849812546580184,0.06852525920200626,-0.05462521314620972,0.13201192021369934,-0.12512215971946716,0.2934412360191345,-0.02223845198750496,-0.4753999710083008,0.30184462666511536,0.39011380076408386,0.07303348928689957,0.6483447551727295,0.1889590322971344,-0.6863003969192505
0.4551758749999989,0.0034223749999999996,133.0,2.1868575030092368,-1.1178807335146426,0.2522342738911577,-0.0038853948242681866,-9.124822189097051e-5,-0.001817988781817391,0.06852620351366728,-0.053211331367492676,0.13187721371650696,-0.1266680657863617,0.293337345123291,-0.03245336934924126,-0.47950148582458496,0.30235356092453003,0.38495779037475586,0.07012905925512314,0.6436624526977539,0.19774852693080902,-0.6810014843940735
0.4551758749999989,0.0034223749999999996,133.0,2.171515642764883,-1.1025257573353713,0.2521380712444104,-0.003709795862635933,-8.904023674824515e-5,-0.0017378211993099384,0.06852498512880471,-0.053561896085739136,0.13301663100719452,-0.12849870324134827,0.2952507734298706,-0.03569977730512619,-0.4770619869232178,0.3054681122303009,0.3814423680305481,0.07484469562768936,0.6415138244628906,0.19068922102451324,-0.6793935298919678
0.4551758749999989,0.0034223749999999996,133.0,2.15531051372645,-1.0863238878442973,0.2520761002706134,-0.0035472094040644784,-8.392389076716655e-5,-0.0016598623126700945,0.06852285656352511,-0.054179638624191284,0.13384969532489777,-0.1297895610332489,0.2960823178291321,-0.03701384365558624,-0.4733288288116455,0.3075317442417145,0.3793450891971588,0.0796908289194107,0.6419548988342285,0.1869087517261505,-0.6781254410743713
0.4551758749999989,0.0034223749999999996,133.0,2.1382761780516586,-1.0693440269646355,0.25204828324978723,-0.003360905123052284,-8.07664837780503e-5,-0.0015738854213729724,0.06852097479547291,-0.054847538471221924,0.1335465908050537,-0.12990409135818481,0.29319873452186584,-0.038346316665410995,-0.46417784690856934,0.31131747364997864,0.38129347562789917,0.07891296595335007,0.6458039283752441,0.19576433300971985,-0.6772352457046509
0.4551758749999989,0.0034223749999999996,133.0,2.1204349646292755,-1.0514370509401223,0.25198117561774624,-0.003184852389913191,-7.480773904225982e-5,-0.0014915404045044622,0.06851937193224353,-0.05517923831939697,0.1352480947971344,-0.13124039769172668,0.296924352645874,-0.04581810161471367,-0.47293591499328613,0.31284263730049133,0.377357542514801,0.059408217668533325,0.6512606143951416,0.21228232979774475,-0.6770647168159485
0.4551758749999989,0.0034223749999999996,133.0,2.101688495673089,-1.0326686103826839,0.25193313110543347,-0.0030018164702670922,-7.083661043008338e-5,-0.0014056847646996403,0.06851475878706997,-0.05696174502372742,0.13712641596794128,-0.133022278547287,0.29959526658058167,-0.043957047164440155,-0.466641902923584,0.3178213834762573,0.3755757212638855,0.06536291539669037,0.6540913581848145,0.20132668316364288,-0.6779871582984924
0.4551758749999989,0.0034223749999999996,133.0,2.082146600426843,-1.0131670191672224,0.25187115666381565,-0.002837605581413551,-6.881910808503516e-5,-0.0013299179627583358,0.06851239237466462,-0.05794629454612732,0.13758714497089386,-0.13400700688362122,0.29844510555267334,-0.044485267251729965,-0.45695042610168457,0.323335736989975,0.3757736086845398,0.06936556100845337,0.6565778255462646,0.2010096162557602,-0.6770730018615723
0.4551758749999989,0.0034223749999999996,133.0,2.0618011986645888,-0.9927711216279769,0.25180357934607506,-0.002622532505761245,-6.340807991276502e-5,-0.001230009209650152,0.06850988972960756,-0.058782607316970825,0.1390431523323059,-0.13534513115882874,0.3009832203388214,-0.04847223311662674,-0.45893025398254395,0.32622432708740234,0.3728886842727661,0.0590391531586647,0.6616756916046143,0.20953978598117828,-0.6767614483833313
0.4551758749999989,0.0034223749999999996,133.0,2.040585280363233,-0.9718369360830657,0.25184222116885635,-0.0024085984116190362,-6.0950842680756396e-5,-0.0011310872377390832,0.06850886657107462,-0.06003272533416748,0.13519203662872314,-0.13392317295074463,0.2872820794582367,-0.03898072615265846,-0.42619895935058594,0.3329297602176666,0.383367657661438,0.08839471638202667,0.6653134822845459,0.21420300006866455,-0.6735779047012329
0.4551758749999989,0.0034223749999999996,133.0,2.018531431306881,-0.949765016647123,0.25175433935361285,-0.002206478503988438,-5.4898028107265134e-5,-0.0010355320084609976,0.06850544066473957,-0.06124383211135864,0.1368633210659027,-0.13549768924713135,0.28996214270591736,-0.04285874962806702,-0.42732834815979004,0.3376564681529999,0.381205677986145,0.07661333680152893,0.6712868213653564,0.22383788228034973,-0.674156665802002
0.4551758749999989,0.0034223749999999996,133.0,1.9956100101970884,-0.9268310054107076,0.2516490244983056,-0.002004884906783777,-4.988238159632431e-5,-0.0009402084835822685,0.06850090909561285,-0.06332969665527344,0.13933470845222473,-0.1377156674861908,0.2939598858356476,-0.04324202239513397,-0.4236879348754883,0.3446645438671112,0.3789781332015991,0.07438909262418747,0.676321268081665,0.2192896604537964,-0.6759897470474243
0.4551758749999989,0.0034223749999999996,133.0,1.9718270742964694,-0.9029702661504145,0.25147900990237965,-0.0018434871190865733,-4.5380198727975186e-5,-0.0008634156932470986,0.06849532058385065,-0.0659169852733612,0.14398063719272614,-0.14129257202148438,0.3041589558124542,-0.044501449912786484,-0.4280507564544678,0.3503587543964386,0.3715971112251282,0.06841793656349182,0.6808836460113525,0.20377381145954132,-0.6788570880889893
0.4551758749999989,0.0034223749999999996,133.0,1.9472942840620278,-0.8783759239110005,0.2513843512517505,-0.0016452603158761136,-3.9779426100690776e-5,-0.0007712308420648912,0.0684916618061351,-0.06744536757469177,0.14655067026615143,-0.1430000364780426,0.30901241302490234,-0.049219947308301926,-0.43221211433410645,0.3534318208694458,0.36799323558807373,0.047822073101997375,0.6892745494842529,0.21593226492404938,-0.68017578125
0.4551758749999989,0.0034223749999999996,133.0,1.9218716719312916,-0.8530192782953429,0.2513983103515462,-0.001461378496226898,-3.74478627457406e-5,-0.0006869919343074382,0.06848694519176703,-0.0691671371459961,0.14661245048046112,-0.14386451244354248,0.3056859076023102,-0.04769289121031761,-0.41858530044555664,0.360390305519104,0.37058183550834656,0.05237618088722229,0.695565938949585,0.22233882546424866,-0.6795045137405396
0.4551758749999989,0.0034223749999999996,133.0,1.8956609703989067,-0.826950021795492,0.2513607905727134,-0.0012801449600093695,-3.3557950651133054e-5,-0.0006020142897056581,0.0684845965950833,-0.07057595252990723,0.14532960951328278,-0.14438974857330322,0.2987746596336365,-0.044694967567920685,-0.399702787399292,0.3686444163322449,0.3753665089607239,0.066559337079525,0.7004842758178711,0.22948378324508667,-0.6774262189865112
0.4551758749999989,0.0034223749999999996,133.0,1.8686319477189792,-0.799969230558706,0.25128366226511384,-0.0011298890514279901,-3.0188720162305996e-5,-0.000531497405303472,0.06848191566425091,-0.07158014178276062,0.1455543488264084,-0.145948588848114,0.2961818277835846,-0.045952316373586655,-0.3875095844268799,0.37543994188308716,0.37522071599960327,0.07584184408187866,0.7028999328613281,0.2295306921005249,-0.6747076511383057
0.4551758749999989,0.0034223749999999996,133.0,1.84081699353976,-0.7721843661742263,0.2511986176370822,-0.00099599609726925,-2.6898206665296844e-5,-0.00046869842829067336,0.06848076286072619,-0.07172974944114685,0.14533065259456635,-0.14732465147972107,0.2930184006690979,-0.050974320620298386,-0.37978577613830566,0.38020020723342896,0.3741685748100281,0.07778501510620117,0.7047247886657715,0.2386941909790039,-0.6705007553100586
0.4551758749999989,0.0034223749999999996,133.0,1.8120941188066177,-0.7435829023386273,0.2511046682577573,-0.0008224000548719855,-2.199155268539345e-5,-0.0003861043046814441,0.06847812756002061,-0.07335236668586731,0.14508874714374542,-0.14903295040130615,0.28891873359680176,-0.04804031923413277,-0.3619565963745117,0.38885262608528137,0.37583714723587036,0.10244293510913849,0.7066617012023926,0.2312939465045929,-0.668070912361145
0.4551758749999989,0.0034223749999999996,133.0,1.7825410905181083,-0.7141832201329249,0.2510376657822757,-0.0006904166218797019,-1.8992155254280356e-5,-0.0003240155141332322,0.06847606457557569,-0.07489743828773499,0.14411193132400513,-0.15013733506202698,0.28221821784973145,-0.0448639802634716,-0.3412771224975586,0.39924389123916626,0.38049256801605225,0.12473467737436295,0.7100205421447754,0.23266756534576416,-0.6660532355308533
0.4551758749999989,0.0034223749999999996,133.0,1.7521504937598573,-0.68386838717137,0.25094402779284053,-0.0005182364128883571,-1.4709465395529807e-5,-0.00024340858043911075,0.06847239067957224,-0.07674846053123474,0.1447526216506958,-0.1517001986503601,0.2801683247089386,-0.04419694095849991,-0.32845616340637207,0.40816831588745117,0.38159269094467163,0.1313086450099945,0.7161061763763428,0.23611891269683838,-0.6651557683944702
0.4551758749999989,0.0034223749999999996,133.0,1.7209612134080725,-0.6525983442615122,0.25082933268684077,-0.00032560891872245273,-8.920026413848489e-6,-0.00015282460018103028,0.0684675804557907,-0.0783839225769043,0.14778532087802887,-0.15410998463630676,0.28607672452926636,-0.04887966811656952,-0.33149147033691406,0.41058987379074097,0.37435483932495117,0.11448648571968079,0.7242915630340576,0.2399541735649109,-0.6638705134391785
0.4551758749999989,0.0034223749999999996,133.0,1.6889111370222765,-0.620527559708597,0.25071999974941755,-0.00015218620371218523,-4.235271537960157e-6,-7.15590266873644e-5,0.06846201764083877,-0.08048391342163086,0.15012048184871674,-0.1561836302280426,0.2892395555973053,-0.04942253232002258,-0.32706284523010254,0.4159316122531891,0.37031111121177673,0.10666067898273468,0.7329072952270508,0.24194064736366272,-0.6630463600158691
0.4551758749999989,0.0034223749999999996,133.0,1.6560070119613772,-0.5878441662981673,0.25064806848093796,1.687257988842111e-5,5.098344181225222e-7,7.968310307248229e-6,0.06845837067823503,-0.08261510729789734,0.14823566377162933,-0.15659356117248535,0.2799140512943268,-0.042396336793899536,-0.305300235748291,0.4283413290977478,0.37818264961242676,0.12078863382339478,0.7422144412994385,0.2594658136367798,-0.6616767644882202
0.4551758749999989,0.0034223749999999996,133.0,1.62227356643801,-0.554185636995346,0.25055197292864995,0.00018640765300331581,5.749417933088364e-6,8.807939080402776e-5,0.06845373553926103,-0.08487707376480103,0.14908966422080994,-0.15844222903251648,0.27822399139404297,-0.040642742067575455,-0.29186081886291504,0.43908143043518066,0.3790186941623688,0.12705875933170319,0.7497270107269287,0.2626250386238098,-0.6608865857124329
0.4551758749999989,0.0034223749999999996,133.0,1.5876831094968242,-0.5195527039692529,0.2503863532853417,0.00037018117941356525,1.1304529747408831e-5,0.00017475202727392443,0.06844662895828393,-0.08774694800376892,0.15276892483234406,-0.1617821455001831,0.285261332988739,-0.04116367921233177,-0.28881072998046875,0.4463813304901123,0.37215444445610046,0.12350644916296005,0.7574665546417236,0.25210627913475037,-0.6611118316650391
0.4551758749999989,0.0034223749999999996,133.0,1.5522658881829245,-0.4842246434079281,0.25028101160542215,0.0005147533694181213,1.601710249259093e-5,0.00024310327070594103,0.06844149868422018,-0.09035897254943848,0.15386365354061127,-0.16375458240509033,0.28406840562820435,-0.039087265729904175,-0.27556657791137695,0.45803704857826233,0.3732139468193054,0.1278381645679474,0.7663788795471191,0.2562131881713867,-0.6610558032989502
0.4551758749999989,0.0034223749999999996,133.0,1.5160254220282205,-0.44807148578162753,0.2501732144025445,0.0006778288168659937,2.1534607367256824e-5,0.00032026676407240055,0.06843650931116604,-0.09282833337783813,0.15482573211193085,-0.16577082872390747,0.28261420130729675,-0.037419237196445465,-0.26194143295288086,0.46999460458755493,0.37400010228157043,0.13383063673973083,0.7746410369873047,0.2593422830104828,-0.6604544520378113
0.4551758749999989,0.0034223749999999996,133.0,1.4789689911100603,-0.4110926264401337,0.2500754901985184,0.0008515457890853237,2.7715180668727142e-5,0.00040255271301576327,0.06843186804835728,-0.09497371315956116,0.15554381906986237,-0.16782644391059875,0.28063303232192993,-0.036593519151210785,-0.24793148040771484,0.4821011424064636,0.37441301345825195,0.14286723732948303,0.781463623046875,0.26083141565322876,-0.658933699131012
0.4551758749999989,0.0034223749999999996,133.0,1.4411063763144087,-0.37330512244546266,0.24996305998733942,0.001048777080233182,3.542748731299965e-5,0.0004963371111656196,0.06842810504732137,-0.09667783975601196,0.15589003264904022,-0.16999146342277527,0.2780226469039917,-0.037668902426958084,-0.23409175872802734,0.4947476089000702,0.3746410608291626,0.1549890786409378,0.7863142490386963,0.2619530260562897,-0.656578779220581
0.4551758749999989,0.0034223749999999996,133.0,1.40241694349682,-0.3346807873264025,0.2498811473112696,0.0012361158998916628,4.301270216251205e-5,0.0005853075839745048,0.06842453015242828,-0.09812092781066895,0.15603499114513397,-0.17220979928970337,0.27499470114707947,-0.03988299146294594,-0.22029423713684082,0.5078883767127991,0.3749028444290161,0.16934162378311157,0.7899606227874756,0.26246511936187744,-0.6538273096084595
0.4551758749999989,0.0034223749999999996,133.0,1.3628379886474207,-0.2954099919897014,0.24978764436284753,0.0013575628417397618,5.0141456354283986e-5,0.0006432762482374072,0.0684231310792173,-0.10035121440887451,0.15317605435848236,-0.17370226979255676,0.26271000504493713,-0.03283064439892769,-0.19362425804138184,0.5314161777496338,0.38634923100471497,0.21185670793056488,0.7949516773223877,0.27349570393562317,-0.6530248522758484
0.4551758749999989,0.0034223749999999996,133.0,1.3224644334612299,-0.2551219448700656,0.24967940409489278,0.0015130565000842206,5.748361349462149e-5,0.0007174274793848629,0.06841891852298702,-0.10244446992874146,0.15360867977142334,-0.17578139901161194,0.26071199774742126,-0.03189164772629738,-0.18068885803222656,0.5467576384544373,0.38725265860557556,0.22268302738666534,0.8013350963592529,0.27610692381858826,-0.6519789099693298
0.4551758749999989,0.0034223749999999996,133.0,1.281199735955059,-0.21372726890961177,0.24945258598582004,0.0016645360396867885,6.394769691510003e-5,0.0007897029747641708,0.06840861710251193,-0.10558173060417175,0.15916013717651367,-0.17984360456466675,0.2750903367996216,-0.03269161656498909,-0.18451952934265137,0.5515289902687073,0.371738463640213,0.2110939472913742,0.8089287281036377,0.24884310364723206,-0.6508782505989075
0.4551758749999989,0.0034223749999999996,133.0,1.239847761827168,-0.170358113320984,0.251828294401388,0.0018075757199147301,5.838475895410354e-5,0.0008619775087477663,0.06832421700188396,-0.10681846737861633,0.15697596967220306,-0.18002387881278992,0.2628881633281708,-0.03305869922041893,-0.1626584529876709,0.5651182532310486,0.37996459007263184,0.20913265645503998,0.8209283351898193,0.2814621329307556,-0.6469912528991699
0.4551758749999989,0.0034223749999999996,133.0,1.1968832340510789,-0.12743309916757098,0.2516529927050017,0.0019054756107298437,6.771829902185895e-5,0.0009113354575471484,0.06831524078534107,-0.1110246479511261,0.1604001373052597,-0.18362492322921753,0.2683199644088745,-0.02735890820622444,-0.14924097061157227,0.5813594460487366,0.37507277727127075,0.22391557693481445,0.8325212001800537,0.2580986022949219,-0.647577702999115
0.4551758749999989,0.0034223749999999996,133.0,1.1529450103440977,-0.08394285469441186,0.25162512152497774,0.0018806222343144528,7.03058436150754e-5,0.0009026092306039626,0.06830634102391595,-0.11759373545646667,0.15532813966274261,-0.18331784009933472,0.24492764472961426,-0.0012779149692505598,-0.11052227020263672,0.6196068525314331,0.4040963053703308,0.25987139344215393,0.8640577793121338,0.3118080496788025,-0.6534346342086792
0.4551758749999989,0.0034223749999999996,133.0,1.1073413594344452,-0.039535850651635354,0.24900371322722664,0.0017600256902586449,4.854223896938906e-5,0.0008462448955875478,0.06833436338155054,-0.13405537605285645,0.19408558309078217,-0.18825732171535492,0.33632731437683105,0.01807098463177681,-0.1600785255432129,0.42307326197624207,0.38260722160339355,-0.21426351368427277,1.0452568531036377,0.2190934270620346,-0.723280668258667
0.4551758749999989,0.0034223749999999996,133.0,1.0609557814403232,0.00785161803949624,0.24906321909056164,0.00010373043655970088,-6.920900126379449e-7,5.044393828881091e-5,0.06824190594265442,-0.1682228147983551,0.25605806708335876,-0.18246513605117798,0.41304928064346313,0.006647057365626097,-0.08465099334716797,0.00462420005351305,0.509446382522583,-1.1328632831573486,1.4136989116668701,0.08529559522867203,-0.9256230592727661
0.4551758749999989,0.0034223749999999996,133.0,1.1039357369657163,0.048684554173098464,0.251906831358108,-0.001712174165652242,-7.378397959122208e-5,-0.000867677015123327,0.06786982775373017,-0.20199793577194214,0.11547993868589401,-0.1822931468486786,0.5567315220832825,-0.19620150327682495,0.10663318634033203,0.8469411134719849,-0.04635143280029297,-0.5694112181663513,1.4274468421936035,0.08601173013448715,-0.5097461938858032
0.4551758749999989,0.0034223749999999996,133.0,1.1454540130071074,0.0948408217994261,0.25401382743409207,-0.0019167408286259113,-1.0053348293347732e-5,-0.000977307026630021,0.06761522841776835,-0.2559760510921478,0.1481471061706543,-0.13511618971824646,0.812248945236206,-0.3590572476387024,0.3476254940032959,0.5223854780197144,0.05121910572052002,-1.3774734735488892,1.8005456924438477,0.3267275094985962,-0.8617196679115295
0.4551758749999989,0.0034223749999999996,133.0,1.187248890432761,0.13982248003105707,0.2561258885680244,-0.0019171547131212059,2.6345935332512772e-5,-0.0009614768580862493,0.06748103271038895,-0.30260685086250305,0.1783091425895691,-0.08164548873901367,1.0282407999038696,-0.6305447816848755,0.47309160232543945,0.21027012169361115,0.1795807182788849,-1.7756268978118896,1.9200663566589355,0.5307549238204956,-1.2064402103424072
0.4551758749999989,0.0034223749999999996,133.0,1.2295368618139648,0.18340632216257427,0.2569041217684404,-0.0018123055974548071,3.206023212777816e-5,-0.0008993698736608447,0.06744339409060184,-0.3110511004924774,0.19211070239543915,-0.06916835904121399,1.083164095878601,-0.6870344877243042,0.49469971656799316,0.18633189797401428,0.20371773838996887,-1.8555856943130493,1.9073328971862793,0.5331185460090637,-1.2859854698181152
0.4551758749999989,0.0034223749999999996,133.0,1.2713167793832714,0.2257150174004205,0.25720728241776614,-0.0016595767422218305,3.1778250945904105e-5,-0.0008194535025441718,0.06743226264651785,-0.31231048703193665,0.1999107301235199,-0.05757701396942139,1.1371853351593018,-0.7147210836410522,0.4922313690185547,0.13861589133739471,0.20269405841827393,-1.8779205083847046,1.8709559440612793,0.560831606388092,-1.3392497301101685
0.4551758749999989,0.0034223749999999996,133.0,1.3122850017902252,0.2670066416664775,0.2571543369570144,-0.0014715699006875088,2.762797844075902e-5,-0.000726357812444542,0.06743457699676303,-0.3151327669620514,0.2033754289150238,-0.057479918003082275,1.1321241855621338,-0.738960862159729,0.507970929145813,0.15048624575138092,0.219669371843338,-1.896491289138794,1.8674087524414062,0.5759609341621399,-1.3513637781143188
0.4551758749999989,0.0034223749999999996,133.0,1.352627071715374,0.30744335020029223,0.257239323754038,-0.0013859715625246902,2.4531377501794086e-5,-0.0006815658891764409,0.06743005308556216,-0.31430718302726746,0.20637387037277222,-0.055681824684143066,1.145998477935791,-0.7368576526641846,0.5167773962020874,0.17299547791481018,0.21691083908081055,-1.9080687761306763,1.8424062728881836,0.5962149500846863,-1.3627372980117798
0.4551758749999989,0.0034223749999999996,133.0,1.3921956265708393,0.34707337671438865,0.2574536125253431,-0.001186677555214787,2.1113137751198803e-5,-0.000579959230887868,0.06742073817189811,-0.31204721331596375,0.20990584790706635,-0.04992136359214783,1.181239366531372,-0.732842206954956,0.5161616802215576,0.17073377966880798,0.20408537983894348,-1.9146151542663574,1.8039398193359375,0.6241737604141235,-1.3853771686553955
0.4551758749999989,0.0034223749999999996,133.0,1.4308037294082128,0.3858678155472634,0.2575725834541238,-0.0010331592493536207,1.813287948114593e-5,-0.0005029510432719629,0.06741647233542984,-0.3120465576648712,0.21298246085643768,-0.04726654291152954,1.195305585861206,-0.7426581978797913,0.524196982383728,0.17830964922904968,0.20551922917366028,-1.9269496202468872,1.7803444862365723,0.6472110748291016,-1.401098370552063
0.4551758749999989,0.0034223749999999996,133.0,1.4685802450523897,0.42382708569324007,0.25768672982851343,-0.0008404557199470585,1.4582778181718027e-5,-0.00040759423187427705,0.0674124038916358,-0.31203797459602356,0.2159622609615326,-0.04473564028739929,1.2088103294372559,-0.750984787940979,0.5314810276031494,0.18509705364704132,0.2063826024532318,-1.9384663105010986,1.7575597763061523,0.6686165928840637,-1.415677785873413
0.4551758749999989,0.0034223749999999996,133.0,1.5055278582084721,0.46094105157970355,0.2577837834172354,-0.000669195626164956,1.141615152774582e-5,-0.00032341589291973817,0.06740888338454949,-0.3119804561138153,0.21868035197257996,-0.04253998398780823,1.220799207687378,-0.7570459246635437,0.5381437540054321,0.1926535964012146,0.20656883716583252,-1.947672963142395,1.7363300323486328,0.6882765889167786,-1.4280487298965454
0.4551758749999989,0.0034223749999999996,133.0,1.5416427442783358,0.49722039108521066,0.2578834066610105,-0.0005057063107457605,8.478999196687766e-6,-0.00024356036011453935,0.06740535356543632,-0.3119198977947235,0.22128567099571228,-0.04036909341812134,1.2325799465179443,-0.7625458240509033,0.5445084571838379,0.20006908476352692,0.2064271867275238,-1.9564578533172607,1.7153825759887695,0.7076644897460938,-1.4398776292800903
0.4551758749999989,0.0034223749999999996,133.0,1.57692413666964,0.532658330638207,0.25795761526766714,-0.0003477431913360591,5.686777718119257e-6,-0.00016694103506837901,0.06740210611697611,-0.3118266761302948,0.22365213930606842,-0.038583457469940186,1.242823600769043,-0.7651937007904053,0.5502359867095947,0.20823337137699127,0.20559442043304443,-1.9627964496612549,1.6963415145874023,0.7251321077346802,-1.449462652206421
0.4551758749999989,0.0034223749999999996,133.0,1.6113513375932302,0.5672743659180419,0.25806663130748575,-0.00019514928650686295,3.103989567495824e-6,-9.336846248695344e-5,0.06739685352095327,-0.31187567114830017,0.22586888074874878,-0.03712940216064453,1.25184965133667,-0.7649010419845581,0.5554203987121582,0.2161720246076584,0.20422592759132385,-1.9671379327774048,1.6800870895385742,0.7396383881568909,-1.4572745561599731
0.4551758749999989,0.0034223749999999996,133.0,1.6447256770357304,0.6010718083363916,0.25808469079913865,-5.821030989328818e-5,8.757699736323946e-7,-2.780431745120697e-5,0.06739003499996618,-0.3150271475315094,0.22828887403011322,-0.03888455033302307,1.2411041259765625,-0.7741288542747498,0.5759773254394531,0.2339988499879837,0.2169133424758911,-1.9793884754180908,1.6847610473632812,0.7401074171066284,-1.4593505859375
0.4551758749999989,0.0034223749999999996,133.0,1.6772411340692128,0.634080432651794,0.2582460210543677,0.00012579815837821087,-1.8743202983558114e-6,5.985944910153658e-5,0.06737792395118761,-0.31820163130760193,0.2311267852783203,-0.03838193416595459,1.2418572902679443,-0.7844840288162231,0.5910054445266724,0.23526892066001892,0.22578012943267822,-1.9904898405075073,1.6844968795776367,0.7421026825904846,-1.4690821170806885
0.4551758749999989,0.0034223749999999996,133.0,1.7094236330598402,0.6642725631664539,0.25576653045819625,0.0002965767971572876,-2.9085151124419208e-6,0.00013997917835363807,0.06752965004337273,-0.31407591700553894,0.23211848735809326,-0.03347274661064148,1.258311152458191,-0.7953586578369141,0.5718801021575928,0.21837861835956573,0.22105029225349426,-1.978096842765808,1.6449642181396484,0.7802298665046692,-1.4809592962265015
0.4551758749999989,0.0034223749999999996,133.0,1.7403431438967347,0.6955908782663462,0.2558653479436591,0.00046921495239698324,-4.586475464387675e-6,0.00022081626758812902,0.06752424135078387,-0.31699833273887634,0.2350189983844757,-0.032032310962677,1.2607619762420654,-0.8148267269134521,0.5885673761367798,0.22150281071662903,0.23143509030342102,-1.9963713884353638,1.6380901336669922,0.7916986346244812,-1.4939515590667725
0.4551758749999989,0.0034223749999999996,133.0,1.7706700962537656,0.726039538223571,0.256140491152528,0.0006741280444672587,-6.541022672339711e-6,0.00031549409353189234,0.06751422028625012,-0.3156563937664032,0.23743505775928497,-0.027211546897888184,1.288321852684021,-0.8124971985816956,0.5873212814331055,0.2240625023841858,0.21896955370903015,-2.0075504779815674,1.606907606124878,0.815933108329773,-1.5092151165008545
0.4551758749999989,0.0034223749999999996,133.0,1.800194877919677,0.7556242406673495,0.25632463395550026,0.0008205819998946382,-7.743804845654421e-6,0.00038238751714350595,0.06750970060498776,-0.3142121732234955,0.23928509652614594,-0.023764610290527344,1.3076204061508179,-0.8115713000297546,0.5877351760864258,0.23329786956310272,0.20945227146148682,-2.0167534351348877,1.5780155658721924,0.8405300974845886,-1.5191726684570312
0.4551758749999989,0.0034223749999999996,133.0,1.82888396996064,0.7843945821636951,0.25661151481909605,0.001007883453892543,-9.975467192795652e-6,0.0004674641625350436,0.06750263631819693,-0.3122123181819916,0.2416391521692276,-0.014893323183059692,1.3494104146957397,-0.8171327710151672,0.5682975053787231,0.2024334818124771,0.19348254799842834,-2.01656436920166,1.5365147590637207,0.8728269934654236,-1.54506254196167
0.4551758749999989,0.0034223749999999996,133.0,1.856606921125834,0.8123145738235727,0.2566764379281581,0.0011519924226456523,-1.1718323559545896e-5,0.0005332364351480911,0.06750277069114782,-0.3140734136104584,0.24372708797454834,-0.012460798025131226,1.3530348539352417,-0.8402450084686279,0.5763899087905884,0.19541651010513306,0.20294004678726196,-2.02571177482605,1.524308443069458,0.8904415369033813,-1.5582635402679443
0.4551758749999989,0.0034223749999999996,133.0,1.8835848859613502,0.8393843836322891,0.2567877197807498,0.0013130108766993768,-1.3239802716272753e-5,0.0006059154582480061,0.06750030651773069,-0.3149690330028534,0.2451385110616684,-0.013560861349105835,1.3484022617340088,-0.8459137678146362,0.59264075756073,0.21958084404468536,0.20749029517173767,-2.039933681488037,1.5147809982299805,0.9043159484863281,-1.558382511138916
0.4551758749999989,0.0034223749999999996,133.0,1.90982539596153,0.8655563439990326,0.25676227556516157,0.0015055159194470099,-1.3307978792463665e-5,0.0006937598873350955,0.06750111672317888,-0.3126428425312042,0.24630875885486603,-0.009446501731872559,1.3710041046142578,-0.8382707238197327,0.582073450088501,0.21761754155158997,0.1929093301296234,-2.038194417953491,1.4859669208526611,0.924687922000885,-1.5664796829223633
0.4551758749999989,0.0034223749999999996,133.0,1.9351420243555655,0.8909627136741086,0.2568863837641545,0.0017015354638924114,-1.5355941715329324e-5,0.0007819747735456306,0.06749829578234556,-0.31332406401634216,0.24726375937461853,-0.0121687650680542,1.3619662523269653,-0.8351653814315796,0.6004471778869629,0.2482593059539795,0.19573837518692017,-2.0486090183258057,1.482947826385498,0.9297937154769897,-1.5604395866394043
0.4551758749999989,0.0034223749999999996,133.0,1.9595101961269,0.9155538621272602,0.2569931194059544,0.001919387955509256,-1.7796641470363085e-5,0.0008799573401698428,0.06749587446721218,-0.314657062292099,0.2487218677997589,-0.011455357074737549,1.364146113395691,-0.8422176837921143,0.6077015399932861,0.2489555925130844,0.19924819469451904,-2.05352520942688,1.4759182929992676,0.9381256699562073,-1.5662180185317993
0.4551758749999989,0.0034223749999999996,133.0,1.9830818685216942,0.9392850492202157,0.2569715674109936,0.002080313385547688,-1.8776713248347812e-5,0.0009530815068483966,0.06749581523356986,-0.31616613268852234,0.24998921155929565,-0.012097835540771484,1.3597491979599,-0.8483259677886963,0.6193630695343018,0.2574145197868347,0.2052220106124878,-2.0591115951538086,1.4731533527374268,0.9439542293548584,-1.5678963661193848
0.4551758749999989,0.0034223749999999996,133.0,2.005762564643917,0.96219415691507,0.2569988325383731,0.0022854529934945873,-2.0527882824925338e-5,0.0010457803677033802,0.06749416822126197,-0.31787511706352234,0.251338392496109,-0.013311922550201416,1.3530011177062988,-0.8539019227027893,0.6347882747650146,0.27108487486839294,0.2118411362171173,-2.0679872035980225,1.471907615661621,0.9478949904441833,-1.567882776260376
0.4551758749999989,0.0034223749999999996,133.0,2.02767654364475,0.9842557251360552,0.25694212785811277,0.0024928219480891693,-2.148406161264621e-5,0.0011406833047379408,0.06749348821758422,-0.3188416063785553,0.25286513566970825,-0.011036455631256104,1.359246015548706,-0.8649162650108337,0.6366360187530518,0.26219189167022705,0.21494778990745544,-2.0718562602996826,1.4626171588897705,0.9579095840454102,-1.5772922039031982
0.4551758749999989,0.0034223749999999996,133.0,2.048848678569335,1.0054815582424463,0.25703646430741184,0.0027126702702178424,-2.3080873874059777e-5,0.0012389072932324152,0.06749021532954355,-0.31970855593681335,0.25399333238601685,-0.012437999248504639,1.3541717529296875,-0.8672145009040833,0.6531168222427368,0.28352662920951843,0.21780851483345032,-2.083951234817505,1.4556481838226318,0.9652674198150635,-1.5752370357513428
0.4551758749999989,0.0034223749999999996,133.0,2.069222974314696,1.0258550727592268,0.25724174572073233,0.002935878296937055,-2.8420187957261763e-5,0.0013339818969594517,0.06748601054277181,-0.3178868591785431,0.25531813502311707,-0.005445212125778198,1.388047218322754,-0.8628286719322205,0.6287933588027954,0.2544850707054138,0.20153233408927917,-2.0785884857177734,1.430229902267456,0.9833160638809204,-1.5928022861480713
0.4551758749999989,0.0034223749999999996,133.0,2.088683851684576,1.0454986243100615,0.25750217302896017,0.0031086159833208565,-3.0418665626347398e-5,0.0014093516949417273,0.06748083474536805,-0.31821343302726746,0.25654780864715576,-0.003793776035308838,1.396895170211792,-0.8627851605415344,0.6313320398330688,0.2576224207878113,0.19767054915428162,-2.0853474140167236,1.4181818962097168,0.9935904741287231,-1.597869634628296
0.4551758749999989,0.0034223749999999996,133.0,2.107397306274833,1.064225825443111,0.2577289396306977,0.003304874141620432,-3.3449902064055964e-5,0.0014930706744356729,0.06747627060294276,-0.3169235289096832,0.2575500011444092,0.0012258291244506836,1.4213470220565796,-0.8595642447471619,0.6159083843231201,0.2418089359998703,0.18450525403022766,-2.08321213722229,1.395500659942627,1.0087742805480957,-1.6091537475585938
0.4551758749999989,0.0034223749999999996,133.0,2.124968384735234,1.0821582838547368,0.2575683366998389,0.0034727603450544543,-3.606624924465542e-5,0.0015712000723932204,0.06748106632724069,-0.3210766017436981,0.25922536849975586,-0.0012159943580627441,1.4011006355285645,-0.8852229714393616,0.6429053544998169,0.2481549084186554,0.2075125277042389,-2.0973594188690186,1.4053940773010254,1.0075527429580688,-1.612058401107788
0.4551758749999989,0.0034223749999999996,133.0,2.1420438602875644,1.0991875811941971,0.2576612441010729,0.0036716672683616567,-3.713848101811089e-5,0.0016576527854094806,0.06747846226682298,-0.32068970799446106,0.26010099053382874,0.0003127157688140869,1.409615159034729,-0.8837862610816956,0.6433506011962891,0.2517998218536377,0.20237880945205688,-2.1021440029144287,1.391855001449585,1.0174635648727417,-1.6155145168304443
0.4551758749999989,0.0034223749999999996,133.0,2.1581676669953844,1.1154142061304935,0.2577673296285078,0.003846606328273302,-3.992466255787932e-5,0.001734151206766586,0.06747647286925511,-0.3212920129299164,0.2609264850616455,0.0007643699645996094,1.4104419946670532,-0.8910941481590271,0.6514143943786621,0.2569643557071686,0.20463815331459045,-2.109145164489746,1.3836133480072021,1.0249674320220947,-1.6186895370483398
0.4551758749999989,0.0034223749999999996,133.0,2.1734266129754896,1.1307126118290618,0.2575326374248184,0.004019322829516159,-4.125412935366441e-5,0.0018117136442671658,0.06748095649180991,-0.32300177216529846,0.26190319657325745,-0.00015649199485778809,1.4003537893295288,-0.9081823825836182,0.6678617000579834,0.26479578018188477,0.21636319160461426,-2.1190993785858154,1.3813068866729736,1.0318466424942017,-1.620444655418396
0.4551758749999989,0.0034223749999999996,133.0,2.1879629149779833,1.1452454565164287,0.2576499958170273,0.004156078908533433,-4.392652641322597e-5,0.0018698464532042474,0.06747990743457238,-0.3224344551563263,0.2622990906238556,0.0024641752243041992,1.4096232652664185,-0.9184007048606873,0.6644191741943359,0.2585868239402771,0.21501192450523376,-2.1218903064727783,1.3647544384002686,1.0503493547439575,-1.628418207168579
0.4551758749999989,0.0034223749999999996,133.0,2.201589660737182,1.1589512108559474,0.2576801767695502,0.004277865484786272,-4.825206133912495e-5,0.0019231208596830536,0.06748425701389148,-0.32351770997047424,0.26277482509613037,0.0038917064666748047,1.4073368310928345,-0.9457316994667053,0.6707522869110107,0.24989844858646393,0.22712546586990356,-2.129347085952759,1.3553974628448486,1.0707242488861084,-1.6383259296417236
0.4551758749999989,0.0034223749999999996,133.0,2.214618555918314,1.1717929914138587,0.25787518609031956,0.004409325574120317,-5.2505412860206234e-5,0.001976899596370222,0.06748482789676319,-0.32111987471580505,0.26273220777511597,0.008410006761550903,1.4272154569625854,-0.9508302211761475,0.6539633274078369,0.2341061681509018,0.21812495589256287,-2.1295831203460693,1.3313148021697998,1.097390055656433,-1.6491987705230713
0.4551758749999989,0.0034223749999999996,133.0,2.226807928716795,1.1837726863164806,0.2578491979368731,0.004547739864920237,-4.9440448230497594e-5,0.002036565305394851,0.06748638659207534,-0.31744733452796936,0.26234427094459534,0.008751004934310913,1.4367976188659668,-0.9324505925178528,0.6508760452270508,0.2598244249820709,0.20107731223106384,-2.1344408988952637,1.3096516132354736,1.1158103942871094,-1.641831874847412
0.4551758749999989,0.0034223749999999996,133.0,2.2382677726898685,1.1948795989692234,0.2579309918910854,0.00469023786659069,-4.911273181042514e-5,0.0020940178352862196,0.06748653068027764,-0.31251707673072815,0.26180461049079895,0.012950778007507324,1.4629452228546143,-0.9118412137031555,0.6261683702468872,0.260574072599411,0.1760401725769043,-2.1298928260803223,1.2797882556915283,1.138250708580017,-1.642920732498169
0.4551758749999989,0.0034223749999999996,133.0,2.2489406854113754,1.205165520864541,0.25802774408540047,0.004827985351981573,-4.70639639180832e-5,0.0021488441555205305,0.06748687021199481,-0.30712011456489563,0.26103487610816956,0.015774935483932495,1.4866219758987427,-0.8818086981773376,0.6057713031768799,0.27653202414512634,0.14675551652908325,-2.1268749237060547,1.2493858337402344,1.1576080322265625,-1.6373329162597656
0.4551758749999989,0.0034223749999999996,133.0,2.2586675726564,1.2147019515272508,0.25817241156471443,0.004985797616444165,-4.4705587463962675e-5,0.002215936461239136,0.06748694468186708,-0.3036116659641266,0.26060834527015686,0.016802310943603516,1.4981613159179688,-0.8642151355743408,0.5988234281539917,0.2949250340461731,0.12987515330314636,-2.129790782928467,1.228994607925415,1.1728812456130981,-1.6320476531982422
0.4551758749999989,0.0034223749999999996,133.0,2.2671936579303575,1.225477115096261,0.2611661118211328,0.005212737370064211,-6.945271083624123e-5,0.002306345528300783,0.0673112689436044,-0.30534711480140686,0.2620590627193451,0.01683327555656433,1.518189787864685,-0.8358374238014221,0.6138831377029419,0.323276162147522,0.11098816990852356,-2.15509033203125,1.2300782203674316,1.15990149974823,-1.6331968307495117
0.4551758749999989,0.0034223749999999996,133.0,2.2754123631941248,1.233296008083183,0.2614114939897537,0.005455752529172274,-7.193279595272441e-5,0.0024059126704069843,0.06731172392504604,-0.29950812458992004,0.26133978366851807,0.021811872720718384,1.551434874534607,-0.7996184229850769,0.5765725374221802,0.3219682276248932,0.07574528455734253,-2.143718957901001,1.2000086307525635,1.1702854633331299,-1.6310617923736572
0.4551758749999989,0.0034223749999999996,133.0,2.2826136140369404,1.240275316572668,0.2613976641172723,0.005824440342153227,-7.265470143937033e-5,0.002566077003247698,0.0673137485128272,-0.29667291045188904,0.26091644167900085,0.021352559328079224,1.5545233488082886,-0.7902286648750305,0.5779612064361572,0.3420313596725464,0.0666540265083313,-2.1504361629486084,1.18351149559021,1.1833759546279907,-1.6251599788665771
0.4551758749999989,0.0034223749999999996,133.0,2.2890697794112054,1.24646089902413,0.2615440259329259,0.006441781295598311,-8.006836126022371e-5,0.0028311403925573787,0.0673151515618253,-0.2925931513309479,0.2607113718986511,0.024213790893554688,1.5752040147781372,-0.7685056924819946,0.5570392608642578,0.34435373544692993,0.04466769099235535,-2.149456024169922,1.1605005264282227,1.191088080406189,-1.6237949132919312
0.4551758749999989,0.0034223749999999996,133.0,2.2946580109567485,1.251827562944955,0.2614761996460662,0.007841082924635954,-9.389276199310612e-5,0.003441313133714254,0.06731918227295833,-0.28934046626091003,0.26085031032562256,0.022902637720108032,1.578592300415039,-0.7596592903137207,0.5641293525695801,0.3668963313102722,0.03584927320480347,-2.1662278175354004,1.1411101818084717,1.1987690925598145,-1.6185047626495361
0.4551758749999989,0.0034223749999999996,133.0,2.299461423153462,1.2566565604159572,0.26158101482922513,0.014563390025222379,-0.000211234910006236,0.0063300405055500475,0.06731525261641895,-0.28528913855552673,0.2654019296169281,0.024115175008773804,1.6052509546279907,-0.7756118774414062,0.5846216678619385,0.3663487136363983,0.03049531579017639,-2.244729995727539,1.085108757019043,1.207680106163025,-1.6400971412658691
0.4551758749999989,0.0034223749999999996,133.0,2.280905374769493,-1.2400015109580964,0.2410560545845522,-0.0139035289808096,-0.00021071037976822123,-0.006580879029998726,0.06849884006774097,-0.049157172441482544,0.13993437588214874,-0.12466105818748474,0.3279998302459717,-0.005431940779089928,-0.6843993663787842,0.27494972944259644,0.4093145430088043,-0.11718764901161194,0.660170316696167,0.4289073944091797,-0.7402733564376831
0.4551758749999989,0.0034223749999999996,133.0,2.276339281038594,-1.2353084099301967,0.241247090700884,-0.007503724921189708,-8.779581513571728e-5,-0.0035493290275137555,0.06847991777244121,-0.04978734254837036,0.14475110173225403,-0.12178635597229004,0.34438619017601013,-0.05405942350625992,-0.6762039661407471,0.26571789383888245,0.38984906673431396,-0.18078598380088806,0.6765625476837158,0.4084474742412567,-0.7370669841766357
0.4551758749999989,0.0034223749999999996,133.0,2.2708975895954793,-1.2298894098905944,0.24121251153191248,-0.00616456181472935,-6.808494311724708e-5,-0.002913029740988067,0.06847263125131116,-0.051508158445358276,0.14544935524463654,-0.12137681245803833,0.34460893273353577,-0.05364212393760681,-0.6574182510375977,0.263535737991333,0.3866569995880127,-0.17034651339054108,0.6815519332885742,0.3728940784931183,-0.7340911030769348
0.4551758749999989,0.0034223749999999996,133.0,2.2646959734715564,-1.2237702533639432,0.2412060847424163,-0.0055752373493331035,-5.93875221876566e-5,-0.0026321263416099706,0.06847012731997491,-0.05179145932197571,0.14403222501277924,-0.12112033367156982,0.33975833654403687,-0.054029371589422226,-0.6430377960205078,0.2648242115974426,0.3858475387096405,-0.15601058304309845,0.6821959018707275,0.3601234257221222,-0.728426456451416
0.4551758749999989,0.0034223749999999996,133.0,2.2575771531320186,-1.2167679370578175,0.24117299357445973,-0.005232727736744579,-5.7769755892472024e-5,-0.0024692751382787404,0.06846570615394751,-0.05338883399963379,0.14427031576633453,-0.12172609567642212,0.3377382159233093,-0.04737984761595726,-0.6222014427185059,0.26571837067604065,0.38496133685112,-0.12947875261306763,0.6824376583099365,0.3213644325733185,-0.7255198955535889
0.4551758749999989,0.0034223749999999996,133.0,2.2488301137747633,-1.210525956894887,0.2385858517298593,-0.004991197996635367,-0.00010514816025629752,-0.0023532067770890785,0.06854166966930705,-0.05316007137298584,0.1419653743505478,-0.1212661862373352,0.33244776725769043,-0.04231793060898781,-0.6121485233306885,0.27117475867271423,0.38534265756607056,-0.10698491334915161,0.6778571605682373,0.31018075346946716,-0.720621645450592
0.4551758749999989,0.0034223749999999996,133.0,2.2400897069891945,-1.2020161089003583,0.23853547286431925,-0.004793231668475614,-0.00010468249831144297,-0.002260278045246291,0.06853994706969453,-0.05419430136680603,0.13938607275485992,-0.12045449018478394,0.32273149490356445,-0.03448853641748428,-0.5832936763763428,0.27451422810554504,0.3895188570022583,-0.0735359638929367,0.6784038543701172,0.2880356013774872,-0.7150928974151611
0.4551758749999989,0.0034223749999999996,133.0,2.2305428177875806,-1.1925859460296537,0.23843873301136562,-0.004645105042695271,-0.00010199695470735789,-0.002187508585246655,0.0685382570697882,-0.05485641956329346,0.13816630840301514,-0.12091609835624695,0.3175620436668396,-0.02914755791425705,-0.5623579025268555,0.27842047810554504,0.3903183341026306,-0.045292895287275314,0.6750884056091309,0.26388368010520935,-0.7107188701629639
0.4551758749999989,0.0034223749999999996,133.0,2.220123452422249,-1.1822896589970984,0.23839062516032966,-0.004512950765997938,-0.00010016619093572192,-0.002121469379582559,0.06853521404759293,-0.05596446990966797,0.13741205632686615,-0.12152305245399475,0.3127988576889038,-0.022311482578516006,-0.5369508266448975,0.28341153264045715,0.3916252553462982,-0.011876720935106277,0.6711266040802002,0.2316311001777649,-0.7072559595108032
0.4551758749999989,0.0034223749999999996,133.0,2.208902992104142,-1.1712455601005503,0.23840502834514962,-0.0043792948334735425,-0.00010110523866946366,-0.002058320074413159,0.06853381359859813,-0.05630791187286377,0.13415515422821045,-0.1206037700176239,0.3012951612472534,-0.016072221100330353,-0.505687952041626,0.2887672483921051,0.39726191759109497,0.022655634209513664,0.667891263961792,0.21735568344593048,-0.7013844847679138
0.4551758749999989,0.0034223749999999996,133.0,2.196887076733465,-1.1592902725351617,0.23839934989093678,-0.004256097832376677,-9.996353233119057e-5,-0.001998282147125937,0.06853310310009564,-0.056052565574645996,0.13310034573078156,-0.12151673436164856,0.2968185842037201,-0.01657971367239952,-0.4896993637084961,0.29339590668678284,0.3969871401786804,0.0430980920791626,0.6615173816680908,0.20452243089675903,-0.6966137290000916
0.4551758749999989,0.0034223749999999996,133.0,2.1840587366321804,-1.1464906988215857,0.23831984388235275,-0.00413173473702974,-9.560119967724846e-5,-0.0019340728156596648,0.06853316609300017,-0.05573040246963501,0.13203276693820953,-0.12282738089561462,0.29311031103134155,-0.015039048157632351,-0.47377443313598633,0.2994745373725891,0.39560627937316895,0.068764828145504,0.6529173851013184,0.18720553815364838,-0.6914976835250854
0.4551758749999989,0.0034223749999999996,133.0,2.1704561677021434,-1.132819572404519,0.23826834623669524,-0.0040234355044580766,-9.15115862706698e-5,-0.0018811530675369595,0.06853405867409733,-0.0542130172252655,0.1319015473127365,-0.12494105100631714,0.2932325005531311,-0.02404358610510826,-0.47647809982299805,0.3007930815219879,0.3893546760082245,0.0730164647102356,0.6449329853057861,0.18772593140602112,-0.6853185296058655
0.4551758749999989,0.0034223749999999996,133.0,2.156004429932533,-1.1183054752397086,0.2381857060322656,-0.0038860257695726434,-8.658223619473776e-5,-0.001814297520330685,0.06853489214341725,-0.052810609340667725,0.131776824593544,-0.12648087739944458,0.29313695430755615,-0.03430299460887909,-0.48058629035949707,0.30128446221351624,0.3842373192310333,0.06991370767354965,0.6403510570526123,0.19657208025455475,-0.6800669431686401
0.4551758749999989,0.0034223749999999996,133.0,2.1406635937151997,-1.1029542580504557,0.2380955999161012,-0.003710373813277699,-8.452210766111069e-5,-0.0017343345688891347,0.06853376419956242,-0.05316770076751709,0.1329294890165329,-0.1283181607723236,0.29505857825279236,-0.037585776299238205,-0.47819018363952637,0.3043862581253052,0.3807530999183655,0.0744946077466011,0.6382455825805664,0.18958289921283722,-0.6784980297088623
0.4551758749999989,0.0034223749999999996,133.0,2.124460319858784,-1.0867549792763467,0.2380380776461407,-0.003547753345561511,-7.954895007229185e-5,-0.0016565140552037684,0.06853174591885937,-0.053782910108566284,0.13376791775226593,-0.12961649894714355,0.2958967685699463,-0.03893589600920677,-0.47449398040771484,0.306418240070343,0.37866729497909546,0.07927216589450836,0.638681173324585,0.18582959473133087,-0.6772474646568298
0.4551758749999989,0.0034223749999999996,133.0,2.107427920043838,-1.069773949766645,0.23801044452180029,-0.0033614228024170904,-7.658787118002142e-5,-0.0015706802632857125,0.06852999883446467,-0.05445334315299988,0.1334644854068756,-0.1297312080860138,0.29303351044654846,-0.04025866836309433,-0.4653947353363037,0.31018689274787903,0.3806416392326355,0.07838600873947144,0.6425495147705078,0.1947893500328064,-0.6764037609100342
0.4551758749999989,0.0034223749999999996,133.0,2.089587868035365,-1.0518721453335695,0.23794779987285725,-0.003185365461244701,-7.091926364587365e-5,-0.0014884346016474025,0.06852844735466423,-0.05478397011756897,0.13516534864902496,-0.1310638189315796,0.2967427968978882,-0.04777845740318298,-0.4741942882537842,0.3116954267024994,0.37672749161720276,0.05874685198068619,0.6480367183685303,0.21138770878314972,-0.6762384176254272
0.4551758749999989,0.0034223749999999996,133.0,2.0708472739752284,-1.0331097013518842,0.2379057300074331,-0.00300228117178776,-6.70827660030302e-5,-0.001402746900194097,0.068524078287637,-0.056565552949905396,0.13705503940582275,-0.1328558325767517,0.2994179129600525,-0.04593271389603615,-0.4679443836212158,0.31663310527801514,0.37495970726013184,0.06464335322380066,0.6508588790893555,0.20046117901802063,-0.6771786212921143
0.4551758749999989,0.0034223749999999996,133.0,2.051308370234212,-1.0136095475225584,0.23784687089263706,-0.002838034291343066,-6.52031485117662e-5,-0.0013271329058106903,0.06852189861001173,-0.057552337646484375,0.1375211626291275,-0.13384467363357544,0.2982846200466156,-0.04647770896553993,-0.45830607414245605,0.32212042808532715,0.3751870095729828,0.06852199882268906,0.653357982635498,0.20024614036083221,-0.6763104200363159
0.4551758749999989,0.0034223749999999996,133.0,2.030965750684013,-0.9932180786451851,0.23778373452713403,-0.0026229348667739776,-6.007711778888746e-5,-0.0012273956635924703,0.06851952977423743,-0.058391958475112915,0.1389831006526947,-0.1351824402809143,0.3008258044719696,-0.05049033835530281,-0.4603273868560791,0.32498395442962646,0.37233221530914307,0.058042868971824646,0.658489465713501,0.2088737040758133,-0.6760324239730835
0.4551758749999989,0.0034223749999999996,133.0,2.009753149455042,-0.9722715647941053,0.23781736922496993,-0.00240896449779442,-5.774718684561472e-5,-0.0011286739210347606,0.06851871035806019,-0.059648990631103516,0.1351303607225418,-0.1337655484676361,0.2871961295604706,-0.04093191400170326,-0.4276397228240967,0.33168238401412964,0.38285398483276367,0.08730655163526535,0.6621279716491699,0.21369409561157227,-0.6729640960693359
0.4551758749999989,0.0034223749999999996,133.0,1.9877033913050373,-0.9502047446863385,0.2377347644127092,-0.002206821058152432,-5.196087038072686e-5,-0.0010332756728980838,0.0685154421234333,-0.06086406111717224,0.13680830597877502,-0.13534119725227356,0.2898791432380676,-0.044831372797489166,-0.42882513999938965,0.3363858461380005,0.3807259500026703,0.07536592334508896,0.6681277751922607,0.22344733774662018,-0.6735799312591553
0.4551758749999989,0.0034223749999999996,133.0,1.9647889337829672,-0.9272785973705662,0.23763683550527384,-0.002005187522783057,-4.716479497910824e-5,-0.0009381353754734342,0.06851119073432901,-0.06295186281204224,0.1392928808927536,-0.13756981492042542,0.293882817029953,-0.04524540901184082,-0.4252631664276123,0.3433677852153778,0.3785272240638733,0.07300911098718643,0.6731593608856201,0.21899600327014923,-0.675447404384613
0.4551758749999989,0.0034223749999999996,133.0,1.9410148882523868,-0.9034328574542495,0.23747884078347375,-0.001843750611057274,-4.284763102861191e-5,-0.0008614925512603259,0.06850593636382776,-0.06554156541824341,0.1439637839794159,-0.14116355776786804,0.3040807843208313,-0.046567678451538086,-0.4297189712524414,0.3490220904350281,0.3711684048175812,0.06687507778406143,0.6777079105377197,0.203545480966568,-0.6783353686332703
0.4551758749999989,0.0034223749999999996,133.0,1.9164874022535203,-0.8788464910746868,0.23738988414783843,-0.0016455023259995076,-3.75442261299115e-5,-0.0007694726736551223,0.06850247588405654,-0.06707215309143066,0.14654190838336945,-0.1428716480731964,0.3089391589164734,-0.05130564793944359,-0.43394994735717773,0.3520583212375641,0.367593914270401,0.046084508299827576,0.6861062049865723,0.2158358097076416,-0.6796879768371582
0.4551758749999989,0.0034223749999999996,133.0,1.891070129342547,-0.8534899123165699,0.237406326105178,-0.0014615934399671647,-3.54190391302172e-5,-0.0006854150425857252,0.0684980002278301,-0.06879523396492004,0.14660826325416565,-0.14374038577079773,0.30564582347869873,-0.04977627843618393,-0.4203956127166748,0.3589903712272644,0.37021005153656006,0.05049944669008255,0.692387580871582,0.22236615419387817,-0.6790776252746582
0.4551758749999989,0.0034223749999999996,133.0,1.8648635984763833,-0.8274164075070148,0.23737037408723366,-0.0012803346115335516,-3.1721251646640405e-5,-0.0006006159826775419,0.06849585264747583,-0.07020744681358337,0.14532899856567383,-0.14426866173744202,0.2987770438194275,-0.046765368431806564,-0.40156984329223633,0.36722561717033386,0.37502360343933105,0.06456202268600464,0.6973094940185547,0.2296266257762909,-0.677071213722229
0.4551758749999989,0.0034223749999999996,133.0,1.8378375628139165,-0.8004362324713482,0.23729835826512857,-0.0011300542656092268,-2.852711753916209e-5,-0.0005302554986582187,0.06849336359599355,-0.07121607661247253,0.14556516706943512,-0.14583128690719604,0.2962178587913513,-0.04805433005094528,-0.3894484043121338,0.3739888370037079,0.37490618228912354,0.07366565614938736,0.6997401714324951,0.22977444529533386,-0.674414873123169
0.4551758749999989,0.0034223749999999996,133.0,1.8100227212368714,-0.7726504649235955,0.23721785281025304,-0.0009961441309830144,-2.5417775924935622e-5,-0.0004675939398297323,0.06849229948031299,-0.07137230038642883,0.1453501135110855,-0.1472035050392151,0.29308634996414185,-0.053113456815481186,-0.38178133964538574,0.3787210285663605,0.3738856017589569,0.07539497315883636,0.7016055583953857,0.23906156420707703,-0.6702714562416077
0.4551758749999989,0.0034223749999999996,133.0,1.7813048791273551,-0.7440482923011675,0.23712974048693541,-0.0008225198120254188,-2.0714187204930935e-5,-0.00038518427977062236,0.06848988757916592,-0.07300049066543579,0.14512449502944946,-0.14892232418060303,0.2890338599681854,-0.050193946808576584,-0.36403894424438477,0.3873528242111206,0.3755719065666199,0.09992855787277222,0.703545331954956,0.23171642422676086,-0.6679065227508545
0.4551758749999989,0.0034223749999999996,133.0,1.7517564888448889,-0.7146455315377406,0.23706623316662442,-0.000690516463609879,-1.7874347076144136e-5,-0.0003232369145928867,0.0684880490625135,-0.07455039024353027,0.14415685832500458,-0.15003320574760437,0.28238213062286377,-0.04701888933777809,-0.3434488773345947,0.39773446321487427,0.3802490234375,0.12209748476743698,0.7069072723388672,0.23319700360298157,-0.6659592986106873
0.4551758749999989,0.0034223749999999996,133.0,1.7213717919713947,-0.6843326452984683,0.23697752733601324,-0.0005183110017992727,-1.3850007699869506e-5,-0.00024281686550830687,0.06848465701506533,-0.07640466094017029,0.1448078602552414,-0.15160176157951355,0.28037142753601074,-0.04636238142848015,-0.33072805404663086,0.40663304924964905,0.38136887550354004,0.12850333750247955,0.7129881381988525,0.23676353693008423,-0.6651215553283691
0.4551758749999989,0.0034223749999999996,133.0,1.6901881523357754,-0.6530719838122422,0.23687103066784948,-0.0003256565134638998,-8.38380300208735e-6,-0.00015244320953745964,0.0684801114845895,-0.07804343104362488,0.1478576958179474,-0.15401244163513184,0.28631100058555603,-0.05107604339718819,-0.3338437080383301,0.4089840054512024,0.37414324283599854,0.11141142249107361,0.7211644649505615,0.24069473147392273,-0.6638792157173157
0.4551758749999989,0.0034223749999999996,133.0,1.6581450671782718,-0.6210084270898796,0.2367684664062343,-0.00015220847676426989,-3.983031661295433e-6,-7.137752458164447e-5,0.06847487852508856,-0.08014422655105591,0.1502073109149933,-0.1560891568660736,0.28951403498649597,-0.051639262586832047,-0.3295009136199951,0.41425976157188416,0.37010854482650757,0.10334784537553787,0.7297544479370117,0.242784321308136,-0.6631041765213013
0.4551758749999989,0.0034223749999999996,133.0,1.6252474091947853,-0.5883188547881277,0.23669717994839384,1.6875114419665105e-5,4.808767266861184e-7,7.947883960020823e-6,0.06847149988715419,-0.08227813243865967,0.14831972122192383,-0.1564980149269104,0.28024184703826904,-0.04458090290427208,-0.3078129291534424,0.42667871713638306,0.37800008058547974,0.11735495924949646,0.7390568256378174,0.2604777216911316,-0.6618090867996216
0.4551758749999989,0.0034223749999999996,133.0,1.59152135502501,-0.5546629261977527,0.23660706852850377,0.00018643605881138204,5.420631519063046e-6,8.78502201293184e-5,0.06846718418269776,-0.08454093337059021,0.14918428659439087,-0.15835177898406982,0.27860134840011597,-0.04283452033996582,-0.29447460174560547,0.4373834431171417,0.37884676456451416,0.12344451993703842,0.7465417385101318,0.26374351978302,-0.6610786318778992
0.4551758749999989,0.0034223749999999996,133.0,1.5569408077891238,-0.5200415531770779,0.2364527394970513,0.0003702359124785278,1.0640980146306999e-5,0.0001742886344692182,0.06846048988632955,-0.08740928769111633,0.15288981795310974,-0.16170382499694824,0.2856934368610382,-0.04337385296821594,-0.2915384769439697,0.4445817172527313,0.3719710409641266,0.11965649574995041,0.7542080879211426,0.253216952085495,-0.661346971988678
0.4551758749999989,0.0034223749999999996,133.0,1.5215323091659356,-0.4847168323564645,0.2363537646337306,0.000514830246795578,1.5069036885279418e-5,0.00024244648342890013,0.06845570895208246,-0.09001970291137695,0.15399564802646637,-0.1636822521686554,0.2845608592033386,-0.041291575878858566,-0.2784087657928467,0.4561903774738312,0.37303000688552856,0.12380193918943405,0.7630641460418701,0.2574085593223572,-0.6613506078720093
0.4551758749999989,0.0034223749999999996,133.0,1.4853000653158328,-0.4485666028711698,0.23625247734604837,0.0006779309760631613,2.0250835057992607e-5,0.0003193867996522596,0.06845106282762668,-0.09248775243759155,0.1549696922302246,-0.16570407152175903,0.2831704318523407,-0.03962380066514015,-0.26489853858947754,0.46809685230255127,0.37381407618522644,0.12959671020507812,0.7712712287902832,0.2606119215488434,-0.6608113646507263
0.4551758749999989,0.0034223749999999996,133.0,1.4482507222149696,-0.4115899096936052,0.23616140788972453,0.0008516744510987818,2.6054622473646722e-5,0.0004014313260374944,0.06844674078707062,-0.09463217854499817,0.15570068359375,-0.16776388883590698,0.281255304813385,-0.0388064943253994,-0.2510037422180176,0.4801575839519501,0.37422358989715576,0.13843591511249542,0.7780485153198242,0.2621586322784424,-0.6593531966209412
0.4551758749999989,0.0034223749999999996,133.0,1.4103935812721176,-0.37380342207634953,0.23605594289818477,0.0010489355303285209,3.3319406899064265e-5,0.0004949444466210186,0.06844326088063522,-0.0963369607925415,0.1560613512992859,-0.1699320375919342,0.2787131071090698,-0.039897479116916656,-0.2372748851776123,0.49276354908943176,0.37444424629211426,0.15036241710186005,0.7828655242919922,0.26331377029418945,-0.6570589542388916
0.4551758749999989,0.0034223749999999996,133.0,1.3717087574940703,-0.33517944962502616,0.2359812706235169,0.0012363030339289053,4.0447522729629196e-5,0.0005836536919070247,0.06843992916131068,-0.09778064489364624,0.1562214493751526,-0.17215284705162048,0.27575382590293884,-0.042131077498197556,-0.22358942031860352,0.5058659315109253,0.3746986985206604,0.164526104927063,0.7864794731140137,0.26384466886520386,-0.6543685793876648
0.4551758749999989,0.0034223749999999996,133.0,1.3321367478733428,-0.29589971111051977,0.23589220260964402,0.0013577787451173322,4.713307364507585e-5,0.0006414441816960937,0.06843873551001411,-0.1000136137008667,0.15336613357067108,-0.17365288734436035,0.2635391056537628,-0.03506114333868027,-0.19704389572143555,0.5294391512870789,0.38613760471343994,0.20701423287391663,0.7914674282073975,0.27492573857307434,-0.6536293625831604
0.4551758749999989,0.0034223749999999996,133.0,1.2917702616354267,-0.2556129145736824,0.23579068787372923,0.0015133002220237579,5.4024433343406924e-5,0.0007153603102474469,0.06843483147043306,-0.10210424661636353,0.1538095474243164,-0.17573505640029907,0.2616153359413147,-0.034114427864551544,-0.18422389030456543,0.5447319746017456,0.3870231807231903,0.217655211687088,0.7977955341339111,0.27756521105766296,-0.652639627456665
0.4551758749999989,0.0034223749999999996,133.0,1.2505169723410252,-0.2142356796853766,0.23557774655471064,0.001664786755568647,6.0118246328718365e-5,0.0007873995462325525,0.0684250994123009,-0.10523465275764465,0.1594007909297943,-0.17980846762657166,0.2761022448539734,-0.034885574132204056,-0.18816065788269043,0.5492782592773438,0.37143462896347046,0.20573867857456207,0.8052268028259277,0.2500719726085663,-0.6515723466873169
0.4551758749999989,0.0034223749999999996,133.0,1.209167008937107,-0.17085675022292146,0.23795180653156395,0.0018078785993877256,5.414304195101374e-5,0.0008593851379165852,0.06834058589282692,-0.10647261142730713,0.1571950763463974,-0.17996925115585327,0.2639591693878174,-0.03521290794014931,-0.1663675308227539,0.5629661679267883,0.3796972930431366,0.2036307156085968,0.8172259330749512,0.28303807973861694,-0.6477829217910767
0.4551758749999989,0.0034223749999999996,133.0,1.1662172731497213,-0.12794317990293683,0.2377880047402053,0.001905779296631568,6.308496228079745e-5,0.0009085726537149874,0.06833236929470753,-0.11076322197914124,0.16070204973220825,-0.18356359004974365,0.26955994963645935,-0.028819706290960312,-0.1527853012084961,0.579003095626831,0.3746672570705414,0.2179344892501831,0.8290550708770752,0.2592281103134155,-0.6484023332595825
0.4551758749999989,0.0034223749999999996,133.0,1.122300692314999,-0.08443508199296396,0.23775786825738165,0.0018809958270712933,6.535306229194437e-5,0.0008997200392050476,0.06832389131410925,-0.11721575260162354,0.15547171235084534,-0.18326008319854736,0.24602152407169342,-0.0028695520013570786,-0.11418819427490234,0.6176033020019531,0.4037849009037018,0.2548808753490448,0.8599655628204346,0.3136041462421417,-0.6542083024978638
0.4551758749999989,0.0034223749999999996,133.0,1.0767552288848898,-0.04015834836436485,0.23515763080031113,0.0017603471863799247,4.629794588021905e-5,0.000842802592002192,0.06835629551450201,-0.13292473554611206,0.19365009665489197,-0.188167542219162,0.3359873592853546,0.015024135820567608,-0.16477704048156738,0.421053409576416,0.38242799043655396,-0.2134074568748474,1.03700590133667,0.22217915952205658,-0.7227364182472229
0.4551758749999989,0.0034223749999999996,133.0,1.0304748855782242,0.00703876145539619,0.23521617077361856,0.00010375241124812322,-5.641255412922794e-7,5.016914261842816e-5,0.0682717439799774,-0.16150906682014465,0.24234142899513245,-0.1854325234889984,0.3955693244934082,0.021767430007457733,-0.10146236419677734,0.08711427450180054,0.4799693822860718,-0.9382824301719666,1.3535666465759277,0.09964462369680405,-0.8788639903068542
0.4551758749999989,0.0034223749999999996,133.0,1.0735861146358954,0.048323984161970694,0.23806746538570217,-0.0017122522882320249,-7.039081039162568e-5,-0.0008625818786288325,0.06791144852685146,-0.20014256238937378,0.11475514620542526,-0.18219923973083496,0.5534650087356567,-0.19639456272125244,0.10058879852294922,0.8445928692817688,-0.04788088798522949,-0.5581424236297607,1.4170253276824951,0.08817924559116364,-0.504936933517456
0.4551758749999989,0.0034223749999999996,133.0,1.1152889181023597,0.09437005852538606,0.2400312698460153,-0.001915773561687486,-1.1001235042930867e-5,-0.0009709267580749311,0.06767421082403866,-0.2535179555416107,0.1470252126455307,-0.13594397902488708,0.8048918843269348,-0.35645416378974915,0.3395960330963135,0.5246928930282593,0.049109071493148804,-1.3658937215805054,1.790299892425537,0.32694923877716064,-0.8522118330001831
0.4551758749999989,0.0034223749999999996,133.0,1.1572445667501647,0.13924727869934644,0.24196953319575323,-0.001915136558492295,2.2174131735059457e-5,-0.0009557525989813424,0.06755055847855242,-0.29975518584251404,0.17705541849136353,-0.08324241638183594,1.0181777477264404,-0.6243292689323425,0.46709513664245605,0.21780654788017273,0.17686980962753296,-1.767569661140442,1.911628246307373,0.5320085883140564,-1.193613886833191
0.4551758749999989,0.0034223749999999996,133.0,1.199563315243048,0.1827821531133149,0.24270831748914404,-0.0018101136980930058,2.7803759523533908e-5,-0.0008942739317371293,0.06751496994789927,-0.30816999077796936,0.19080758094787598,-0.07104325294494629,1.0725388526916504,-0.6792265176773071,0.48921477794647217,0.1949576735496521,0.20084905624389648,-1.847666621208191,1.900219440460205,0.5335717797279358,-1.2724366188049316
0.4551758749999989,0.0034223749999999996,133.0,1.2413476918176582,0.22506386340328602,0.24297442620943174,-0.0016573397567395559,2.759307711018498e-5,-0.0008151381755646556,0.0675048844126195,-0.3094411790370941,0.19859559834003448,-0.059721797704696655,1.1259880065917969,-0.7057080864906311,0.48701155185699463,0.14799867570400238,0.1998119354248047,-1.870000958442688,1.8652820587158203,0.5602589845657349,-1.3251185417175293
0.4551758749999989,0.0034223749999999996,133.0,1.2823257518196434,0.26634326013396115,0.24292155438887017,-0.001469568802599177,2.3933940454042485e-5,-0.0007225701218406465,0.06750714029299776,-0.31222954392433167,0.2019946575164795,-0.05978268384933472,1.1205055713653564,-0.7287296056747437,0.5026706457138062,0.1603001058101654,0.21645605564117432,-1.8880399465560913,1.8623771667480469,0.5747419595718384,-1.3364732265472412
0.4551758749999989,0.0034223749999999996,133.0,1.3226654850456863,0.3067687686782315,0.2430010702909424,-0.0013840110574523737,2.1144093299572294e-5,-0.0006781251779358925,0.06750276150825182,-0.3113920986652374,0.20499610900878906,-0.05807369947433472,1.134289026260376,-0.7261393070220947,0.5114884376525879,0.18267376720905304,0.2137519121170044,-1.899541974067688,1.8377795219421387,0.5943648815155029,-1.3478119373321533
0.4551758749999989,0.0034223749999999996,133.0,1.3622270104248368,0.34638555959210043,0.24319657653000268,-0.001184882755292088,1.8213359461620683e-5,-0.0005771986609720177,0.06749400726484787,-0.3091260492801666,0.20854637026786804,-0.05243051052093506,1.169395923614502,-0.7218489646911621,0.5109727382659912,0.18040268123149872,0.2010939121246338,-1.9061468839645386,1.799851894378662,0.6217624545097351,-1.3704888820648193
0.4551758749999989,0.0034223749999999996,133.0,1.4008355993690598,0.3851684951031247,0.24330695399538493,-0.0010315398458622877,1.5624935202617358e-5,-0.000500646265458513,0.06748993842369139,-0.30911728739738464,0.21163718402385712,-0.049846142530441284,1.183422327041626,-0.7312905788421631,0.5190224647521973,0.18787090480327606,0.2025599181652069,-1.9185540676116943,1.7766575813293457,0.6444090008735657,-1.3862042427062988
0.4551758749999989,0.0034223749999999996,133.0,1.4386125297237815,0.4231165955009924,0.2434128654178275,-0.000839094612860263,1.2554964667465378e-5,-0.00040579617509724767,0.06748605616193973,-0.3091020882129669,0.21463240683078766,-0.04738271236419678,1.1968809366226196,-0.7392821907997131,0.52632737159729,0.19454966485500336,0.20347166061401367,-1.9301379919052124,1.7542524337768555,0.665440559387207,-1.4007859230041504
0.4551758749999989,0.0034223749999999996,133.0,1.4755603199427025,0.46022032407510566,0.24350274969546937,-0.0006680805501302966,9.814951938542048e-6,-0.00032203976404904174,0.06748268852554316,-0.3090392053127289,0.2173660844564438,-0.045250535011291504,1.208817720413208,-0.7450456619262695,0.5330106019973755,0.2019941508769989,0.20372015237808228,-1.9394080638885498,1.7333765029907227,0.6847407221794128,-1.413167953491211
0.4551758749999989,0.0034223749999999996,133.0,1.5116753757317851,0.49648981170632067,0.2435952622751303,-0.0005048406749125951,7.279233173333963e-6,-0.00024256148534289754,0.06747930968522328,-0.3089728057384491,0.2199876755475998,-0.04314279556274414,1.2205381393432617,-0.7502680420875549,0.5393989086151123,0.20930363237857819,0.2036498486995697,-1.9482533931732178,1.712766170501709,0.7037845849990845,-1.4250092506408691
0.4551758749999989,0.0034223749999999996,133.0,1.5469567705709633,0.5319187717968896,0.24366362138242337,-0.00034713416663943763,4.870792914636149e-6,-0.00016627882590621908,0.06747618467821065,-0.30887433886528015,0.22236940264701843,-0.041416704654693604,1.2307143211364746,-0.7526715993881226,0.5451439619064331,0.21736201643943787,0.2029007375240326,-1.9546419382095337,1.6940345764160156,0.7209150195121765,-1.4346113204956055
0.4551758749999989,0.0034223749999999996,133.0,1.5813843749856775,0.5665263735920487,0.24376796687988253,-0.0001948008831930963,2.6517220251310548e-6,-9.300820583761158e-5,0.06747106454881874,-0.30891892313957214,0.22460101544857025,-0.040020376443862915,1.2396563291549683,-0.752167820930481,0.5503479242324829,0.2252090573310852,0.2016291320323944,-1.959027647972107,1.6780648231506348,0.7350957989692688,-1.4424370527267456
0.4551758749999989,0.0034223749999999996,133.0,1.6147694583483172,0.6003149566977543,0.24379207108879886,-5.8106731410646915e-5,7.434405903707986e-7,-2.769575382121005e-5,0.06746425057314802,-0.31206080317497253,0.22701528668403625,-0.041794925928115845,1.2288906574249268,-0.7609997391700745,0.5707396268844604,0.2428842931985855,0.21424737572669983,-1.9712505340576172,1.6828937530517578,0.7354080080986023,-1.4444215297698975
0.4551758749999989,0.0034223749999999996,133.0,1.6472956984679148,0.63331316000831,0.24395203247284958,0.0001255724630520019,-1.5881258996306882e-6,5.9625964631881045e-5,0.06745240058222599,-0.31522074341773987,0.2298576384782791,-0.041337668895721436,1.2295827865600586,-0.7709760665893555,0.5856693983078003,0.24410466849803925,0.22309169173240662,-1.9823966026306152,1.6828646659851074,0.7372656464576721,-1.4540674686431885
0.4551758749999989,0.0034223749999999996,133.0,1.6794661035362448,0.6634993153661076,0.2414539725134044,0.00029603228867862067,-2.2247851547730764e-6,0.0001394594257580093,0.06760384931017878,-0.31110963225364685,0.2308678925037384,-0.036512166261672974,1.2459750175476074,-0.7817057371139526,0.5668749809265137,0.2274480015039444,0.21845465898513794,-1.9702106714248657,1.6437339782714844,0.7750898003578186,-1.4659795761108398
0.4551758749999989,0.0034223749999999996,133.0,1.7103958309805631,0.6948071696322136,0.24154861902666153,0.00046834211494177453,-3.5018988131188e-6,0.00022001037057806504,0.06759866048213413,-0.31399717926979065,0.23370996117591858,-0.035302698612213135,1.2478101253509521,-0.7997963428497314,0.5835490226745605,0.231210857629776,0.22861114144325256,-1.9877991676330566,1.6378159523010254,0.7858062982559204,-1.4781239032745361
0.4551758749999989,0.0034223749999999996,133.0,1.7407186654026452,0.7252464982452159,0.2418076515570512,0.0006728248437181058,-4.988351480710195e-6,0.00031441763425942617,0.06758910924393896,-0.3126694858074188,0.23618954420089722,-0.03050088882446289,1.2754777669906616,-0.7976929545402527,0.5824825763702393,0.2333984225988388,0.21646305918693542,-1.9993003606796265,1.606818675994873,0.8096781373023987,-1.4938172101974487
0.4551758749999989,0.0034223749999999996,133.0,1.7702391622702378,0.7548237400299875,0.24197980814415662,0.0008189478957792381,-5.876329610673251e-6,0.00038116379742773686,0.06758483920497313,-0.31126752495765686,0.23811736702919006,-0.02702346444129944,1.2949881553649902,-0.797081708908081,0.5830428600311279,0.24203155934810638,0.20727455615997314,-2.0089337825775146,1.5780754089355469,0.8339283466339111,-1.5043206214904785
0.4551758749999989,0.0034223749999999996,133.0,1.7989256155037265,0.7835859853382072,0.2422472738022401,0.0010058087895813473,-7.64099378869782e-6,0.0004660855453707258,0.06757811694632213,-0.30925795435905457,0.2404981255531311,-0.01832827925682068,1.3364218473434448,-0.8024332523345947,0.5639982223510742,0.21159818768501282,0.1915111541748047,-2.0087199211120605,1.537290096282959,0.865807831287384,-1.530066728591919
0.4551758749999989,0.0034223749999999996,133.0,1.8266517633875319,0.8114973297324699,0.24229326903657689,0.0011495590223355823,-8.954460236583537e-6,0.0005317856910028682,0.06757840770957695,-0.31113532185554504,0.24264493584632874,-0.015814542770385742,1.34032142162323,-0.8259115815162659,0.5720713138580322,0.20409826934337616,0.20107689499855042,-2.018500804901123,1.5249853134155273,0.883850634098053,-1.543654441833496
0.4551758749999989,0.0034223749999999996,133.0,1.8536283563940215,0.838557952927476,0.24238691130979045,0.001310146097591436,-1.0062174097075973e-5,0.0006044168507264764,0.06757639142068318,-0.31102678179740906,0.24429745972156525,-0.013590902090072632,1.3504940271377563,-0.8306093215942383,0.574905514717102,0.20844055712223053,0.19877922534942627,-2.0259523391723633,1.5062057971954346,0.9018595218658447,-1.551661491394043
0.4551758749999989,0.0034223749999999996,133.0,1.8798657773820175,0.8647297548964141,0.24237482962686258,0.0015022533237270751,-9.8652382196335e-6,0.000692030968984478,0.06757679157228598,-0.3097456395626068,0.2453843653202057,-0.01257634162902832,1.3590402603149414,-0.825354814529419,0.5778167247772217,0.2247786968946457,0.19163790345191956,-2.032141923904419,1.4859473705291748,0.9184431433677673,-1.5532176494598389
0.4551758749999989,0.0034223749999999996,133.0,1.9051824857399167,0.8901304906889712,0.24249050214829368,0.001697792199111507,-1.1455621157839946e-5,0.0007801192263244519,0.06757418505719924,-0.3095274865627289,0.24649578332901,-0.01229029893875122,1.3633393049240112,-0.8213316202163696,0.583128809928894,0.23704800009727478,0.1882498860359192,-2.036024332046509,1.4750127792358398,0.9272677302360535,-1.5542306900024414
0.4551758749999989,0.0034223749999999996,133.0,1.929555369667457,0.914716247497071,0.2425950466374575,0.0019151378707991423,-1.340668309193552e-5,0.0008779159737887522,0.06757186402796729,-0.31170687079429626,0.24776631593704224,-0.01471489667892456,1.3518081903457642,-0.828561544418335,0.6033294200897217,0.2562849819660187,0.19793638586997986,-2.047149658203125,1.4763355255126953,0.9315001964569092,-1.5525376796722412
0.4551758749999989,0.0034223749999999996,133.0,1.9531353999178402,0.9384431578492937,0.2425838626100874,0.0020757415280417196,-1.4146009122479915e-5,0.0009508099173823092,0.06757168515909363,-0.31233105063438416,0.24919649958610535,-0.012332379817962646,1.3609039783477783,-0.8337278962135315,0.6017062664031982,0.24656942486763,0.1976751685142517,-2.046727180480957,1.465921401977539,0.941261887550354,-1.5614110231399536
0.4551758749999989,0.0034223749999999996,133.0,1.9758192540006798,0.9613466154444678,0.24260632082816275,0.002280377674840543,-1.543230128661878e-5,0.0010433806206561027,0.0675701566734242,-0.3139890730381012,0.2505006194114685,-0.013614028692245483,1.3541088104248047,-0.83866947889328,0.6166900396347046,0.26031002402305603,0.2041703164577484,-2.0554850101470947,1.4651157855987549,0.9452528953552246,-1.5612273216247559
0.4551758749999989,0.0034223749999999996,133.0,1.9977401610950734,0.9834029264494464,0.2425518770649291,0.0024872797984382905,-1.5960762969753724e-5,0.0011380861315516224,0.06756941754650585,-0.3158757984638214,0.251924991607666,-0.014354050159454346,1.3468574285507202,-0.8507277965545654,0.6321349143981934,0.2692534029483795,0.21362826228141785,-2.065629243850708,1.463426113128662,0.9509863257408142,-1.5635521411895752
0.4551758749999989,0.0034223749999999996,133.0,2.0189124996011234,1.0046242864242654,0.24264166250968416,0.002706567712365702,-1.7109659117602818e-5,0.00123621444981782,0.06756626683138985,-0.31586310267448425,0.2531062364578247,-0.013131588697433472,1.353919267654419,-0.8510926961898804,0.6356624364852905,0.2743915915489197,0.21061253547668457,-2.0717594623565674,1.4503607749938965,0.9618181586265564,-1.5677003860473633
0.4551758749999989,0.0034223749999999996,133.0,2.039281565873044,1.024992139672942,0.24282322800799894,0.002929093662655288,-2.1753637022773127e-5,0.00133139030208663,0.06756253039605518,-0.31489256024360657,0.2544180452823639,-0.008865594863891602,1.3754112720489502,-0.8486718535423279,0.6244983673095703,0.26154038310050964,0.2005346119403839,-2.0723648071289062,1.431272029876709,0.9759491682052612,-1.5791401863098145
0.4551758749999989,0.0034223749999999996,133.0,2.0587438938118754,1.0446308422416504,0.24307765619060454,0.00310134668924656,-2.3379298155161392e-5,0.0014067569473888537,0.06755754660293913,-0.31520023941993713,0.25566163659095764,-0.00725981593132019,1.3841713666915894,-0.8485258221626282,0.6270889043807983,0.26464134454727173,0.19678452610969543,-2.079115629196167,1.419335126876831,0.986007809638977,-1.5842323303222656
0.4551758749999989,0.0034223749999999996,133.0,2.0774553843917443,1.0633546347620524,0.24329567715281686,0.003297039872687354,-2.5976219184524355e-5,0.0014905107754343814,0.06755319069602382,-0.31390443444252014,0.25669264793395996,-0.0023140311241149902,1.4084607362747192,-0.8454151153564453,0.61188805103302,0.2489159107208252,0.18384262919425964,-2.077000617980957,1.396869421005249,1.0009149312973022,-1.595582127571106
0.4551758749999989,0.0034223749999999996,133.0,2.0950412543308756,1.0812810710992433,0.24314329489464379,0.003464591689997447,-2.8199186598822767e-5,0.0015684160092786761,0.0675578155167511,-0.31803759932518005,0.25832894444465637,-0.004806399345397949,1.388131856918335,-0.8702589273452759,0.6387141942977905,0.2554546892642975,0.20655730366706848,-2.091059446334839,1.4070923328399658,0.9996780157089233,-1.5981063842773438
0.4551758749999989,0.0034223749999999996,133.0,2.1121152838020234,1.098307309718953,0.24323157958904346,0.00366294612616861,-2.887694001123719e-5,0.001654870145080601,0.06755531365309082,-0.3176422417163849,0.25921177864074707,-0.0033404529094696045,1.3965133428573608,-0.8686373829841614,0.6392642259597778,0.25916165113449097,0.20151552557945251,-2.0957624912261963,1.3937711715698242,1.0092573165893555,-1.6015223264694214
0.4551758749999989,0.0034223749999999996,133.0,2.128241515332391,1.1145307591515403,0.24333609857952657,0.003837413149700885,-3.1319144604759485e-5,0.0017313535809164494,0.06755338427263939,-0.31823357939720154,0.26003172993659973,-0.0029442310333251953,1.397235631942749,-0.8755923509597778,0.6473239660263062,0.26437613368034363,0.20375463366508484,-2.102653980255127,1.3857688903808594,1.0165151357650757,-1.6045713424682617
0.4551758749999989,0.0034223749999999996,133.0,2.143506713996998,1.1298254856964585,0.2431043372961996,0.004009723522105052,-3.231006581271588e-5,0.001808820964966156,0.06755772316391062,-0.319933146238327,0.26099616289138794,-0.0038843750953674316,1.387158751487732,-0.892236590385437,0.6636596918106079,0.2721625864505768,0.21534165740013123,-2.112591505050659,1.383648157119751,1.0233516693115234,-1.6061954498291016
0.4551758749999989,0.0034223749999999996,133.0,2.1580414789390163,1.1443565565935965,0.24321257226042894,0.004146034811776387,-3.460067723656487e-5,0.001867126506326133,0.06755670081196367,-0.31935635209083557,0.2614096403121948,-0.001293092966079712,1.3964208364486694,-0.9024183750152588,0.660286545753479,0.26590004563331604,0.21403658390045166,-2.115464210510254,1.3672072887420654,1.0417964458465576,-1.614210605621338
0.4551758749999989,0.0034223749999999996,133.0,2.1716716759956536,1.1580590619932047,0.24323232415052193,0.004267407664388814,-3.841115503743521e-5,0.001920616756171915,0.0675610382785082,-0.32041582465171814,0.26188790798187256,0.00012984871864318848,1.3942229747772217,-0.9295334219932556,0.6665300130844116,0.25715792179107666,0.22599878907203674,-2.1230781078338623,1.3579089641571045,1.0624206066131592,-1.6240553855895996
0.4551758749999989,0.0034223749999999996,133.0,2.18469248115934,1.1709013152966585,0.2434118433287075,0.004398381399175167,-4.214482307627199e-5,0.0019747084792839805,0.06756164803876544,-0.3180118501186371,0.26187506318092346,0.004606425762176514,1.4140716791152954,-0.9347776174545288,0.6499078273773193,0.24136056005954742,0.217096745967865,-2.1233747005462646,1.3339385986328125,1.0889610052108765,-1.635000467300415
0.4551758749999989,0.0034223749999999996,133.0,2.19686953360724,1.1828820357562218,0.24338452434811436,0.004536330180078882,-3.9125949948359716e-5,0.002034563482242682,0.06756318279105268,-0.3143397867679596,0.26150617003440857,0.0049238502979278564,1.4236531257629395,-0.9164754748344421,0.6469329595565796,0.26685237884521484,0.20025277137756348,-2.128063678741455,1.3123090267181396,1.106862187385559,-1.6278376579284668
0.4551758749999989,0.0034223749999999996,133.0,2.208313575741856,1.193990712611689,0.24345637861057806,0.00467829007018093,-3.8668234960712267e-5,0.0020923411535252157,0.06756339643964542,-0.30941399931907654,0.26100611686706543,0.009079396724700928,1.4497286081314087,-0.8962869644165039,0.6225204467773438,0.2675148546695709,0.1755395233631134,-2.123422145843506,1.2824721336364746,1.1288307905197144,-1.6291831731796265
0.4551758749999989,0.0034223749999999996,133.0,2.218967803030096,1.2042789640664822,0.24354323609281764,0.0048154768628770874,-3.663911886144135e-5,0.0021475414903243694,0.06756386569352901,-0.3040156066417694,0.26027485728263855,0.011862337589263916,1.4733173847198486,-0.8666837215423584,0.6024050712585449,0.2833169400691986,0.14665135741233826,-2.120216131210327,1.2520356178283691,1.1475872993469238,-1.6239079236984253
0.4551758749999989,0.0034223749999999996,133.0,2.2286826153238444,1.213816661299663,0.24368425511889222,0.004972744988965861,-3.4247451980875855e-5,0.002214874040763549,0.06756396541560439,-0.3005063831806183,0.25986963510513306,0.012868136167526245,1.4848421812057495,-0.8492820858955383,0.5955860614776611,0.3015292286872864,0.12998992204666138,-2.122968912124634,1.2316362857818604,1.1624009609222412,-1.6188288927078247
0.4551758749999989,0.0034223749999999996,133.0,2.237213581657269,1.2245874088031468,0.24667957362358703,0.005198858745748739,-5.9013940599518594e-5,0.0023053675160011155,0.06738935096500968,-0.30222371220588684,0.261334091424942,0.012891650199890137,1.5047794580459595,-0.821103036403656,0.6104682683944702,0.32950547337532043,0.11135613918304443,-2.1479568481445312,1.23264479637146,1.1489423513412476,-1.620140790939331
0.4551758749999989,0.0034223749999999996,133.0,2.2454119565168744,1.2324086041169542,0.24690766340286718,0.0054409664282612825,-6.113634899300038e-5,0.002405402298844843,0.0673900419093708,-0.2963813245296478,0.2606557309627533,0.01782730221748352,1.5378578901290894,-0.7857151627540588,0.5735341310501099,0.3282117545604706,0.07660922408103943,-2.1363534927368164,1.2024035453796387,1.1588114500045776,-1.6183440685272217
0.4551758749999989,0.0034223749999999996,133.0,2.2526033975072233,1.2393891959040453,0.24689514538651405,0.005808557392602507,-6.147398252067922e-5,0.0025657816267004143,0.06739197457307274,-0.2935545742511749,0.26024988293647766,0.017367392778396606,1.5409984588623047,-0.7763804793357849,0.5749528408050537,0.34803637862205505,0.06762394309043884,-2.1429567337036133,1.185936450958252,1.1715197563171387,-1.6125998497009277
0.4551758749999989,0.0034223749999999996,133.0,2.2590453733756153,1.2455753213754124,0.24703143042951134,0.006423991779375735,-6.781199148735941e-5,0.0028312791366828303,0.06739351149873192,-0.28947266936302185,0.26007214188575745,0.020206481218338013,1.5615971088409424,-0.755190908908844,0.5542256832122803,0.35031697154045105,0.045934587717056274,-2.1417794227600098,1.162818431854248,1.1788820028305054,-1.6114540100097656
0.4551758749999989,0.0034223749999999996,133.0,2.2646223889694395,1.2509413395676452,0.24696784028948535,0.007819247506662935,-7.939713905189069e-5,0.003441899939348379,0.0673975350157471,-0.28623196482658386,0.26022636890411377,0.018909364938735962,1.565057635307312,-0.7464513182640076,0.5612362623214722,0.3725738525390625,0.03718322515487671,-2.158381700515747,1.1434428691864014,1.1862146854400635,-1.606301188468933
0.4551758749999989,0.0034223749999999996,133.0,2.269411851347875,1.2557539443447587,0.2470680486769869,0.01452135701852943,-0.00018306467606446546,0.0063342470870187675,0.0673942445053943,-0.28219226002693176,0.2648264467716217,0.020127326250076294,1.5917164087295532,-0.7625879645347595,0.5812925100326538,0.37158113718032837,0.03177419304847717,-2.2367312908172607,1.0877799987792969,1.1952383518218994,-1.6278343200683594
0.4551758749999989,0.0034223749999999996,133.0,2.2500449048314817,-1.2404502675446996,0.22700033169384123,-0.013907551665417768,-0.00019856843516484355,-0.0065667602978143344,0.06850453756763868,-0.04869946837425232,0.13972710072994232,-0.12434348464012146,0.3274042010307312,-0.00723536591976881,-0.6857643127441406,0.27426040172576904,0.4082713723182678,-0.1163436770439148,0.6568176746368408,0.42749953269958496,-0.7386210560798645
0.4551758749999989,0.0034223749999999996,133.0,2.2454814636773457,-1.2357681218210037,0.22717861846978793,-0.007505740640648644,-8.225224850305177e-5,-0.003541379652637263,0.06848664073571203,-0.04954439401626587,0.1440175324678421,-0.12108874320983887,0.34211665391921997,-0.05397319421172142,-0.6747837066650391,0.2650846838951111,0.3900667726993561,-0.1774551123380661,0.6745238304138184,0.4070450961589813,-0.7350112795829773
0.4551758749999989,0.0034223749999999996,133.0,2.2400445540528344,-1.230356742087648,0.2271461748663281,-0.006166107241635951,-6.352197309457144e-5,-0.0029065050000326997,0.068479818530893,-0.05106532573699951,0.14525967836380005,-0.12110528349876404,0.34398889541625977,-0.05550780147314072,-0.6586458683013916,0.2629469335079193,0.3856455683708191,-0.16963517665863037,0.678215503692627,0.3712945282459259,-0.7324442863464355
0.4551758749999989,0.0034223749999999996,133.0,2.233843451064361,-1.2242329114743218,0.22713900147545904,-0.005576619572482404,-5.5130913574615435e-5,-0.0026261906340619497,0.06847746221206945,-0.051350533962249756,0.14384572207927704,-0.12085509300231934,0.33917540311813354,-0.05587873235344887,-0.6442174911499023,0.26419228315353394,0.3848569989204407,-0.15534460544586182,0.6788427829742432,0.35851192474365234,-0.726837694644928
0.4551758749999989,0.0034223749999999996,133.0,2.2267294537492948,-1.2172317368461285,0.2271078759498057,-0.005233950590639223,-5.355180669699697e-5,-0.002463733396386605,0.0684733805276225,-0.05294537544250488,0.14409606158733368,-0.12148144841194153,0.3371957838535309,-0.049236949533224106,-0.6233870983123779,0.2650410234928131,0.38398492336273193,-0.1288272738456726,0.6790149211883545,0.3197740614414215,-0.7239852547645569
0.4551758749999989,0.0034223749999999996,133.0,2.2179814669630575,-1.210984367919497,0.22451936910982628,-0.004992325254503077,-0.00010090715260677211,-0.002348029704549122,0.06854952442513783,-0.052721232175827026,0.1417921781539917,-0.12102362513542175,0.3319278955459595,-0.04415459185838699,-0.6132814884185791,0.2704428434371948,0.3843895196914673,-0.10639326274394989,0.6744575500488281,0.30859965085983276,-0.7191330790519714
0.4551758749999989,0.0034223749999999996,133.0,2.209243707042547,-1.2024662606217817,0.2244661226626468,-0.004794275555905363,-0.00010033607017436172,-0.0022553190280649657,0.06854804589163024,-0.05375292897224426,0.13921479880809784,-0.12022373080253601,0.32227715849876404,-0.036274854093790054,-0.5844054222106934,0.2737087905406952,0.3885844945907593,-0.07296252250671387,0.6749370098114014,0.2864748537540436,-0.7136890888214111
0.4551758749999989,0.0034223749999999996,133.0,2.199698586429431,-1.1930322419680637,0.22437107847196436,-0.004646066620131817,-9.753084591525453e-5,-0.0021827518930282635,0.06854654008003427,-0.05441585183143616,0.13800427317619324,-0.1206980049610138,0.3171535134315491,-0.03092747926712036,-0.5634548664093018,0.27756184339523315,0.3894076347351074,-0.04477785900235176,0.6715965270996094,0.262357622385025,-0.7093844413757324
0.4551758749999989,0.0034223749999999996,133.0,2.189282419822607,-1.1827337435114222,0.2243251587137227,-0.004513814526083097,-9.552561707859789e-5,-0.00211691736682815,0.06854375987973284,-0.05552449822425842,0.1372625231742859,-0.12132531404495239,0.3124425411224365,-0.02409379929304123,-0.5380673408508301,0.28251034021377563,0.390741765499115,-0.011429366655647755,0.6675891876220703,0.23017597198486328,-0.7060014009475708
0.4551758749999989,0.0034223749999999996,133.0,2.178062500382515,-1.171681390079939,0.22433834418354384,-0.004380088281110425,-9.63237495523529e-5,-0.002053966788320863,0.06854251714145161,-0.05586865544319153,0.13400833308696747,-0.12041512131690979,0.30100518465042114,-0.017807330936193466,-0.5067856311798096,0.28779834508895874,0.396400511264801,0.023043371737003326,0.6643261909484863,0.21594758331775665,-0.7002188563346863
0.4551758749999989,0.0034223749999999996,133.0,2.1660451777906427,-1.1597205912551887,0.22433390435324804,-0.004256834276655431,-9.51247905445997e-5,-0.001994109852553261,0.06854188438305521,-0.055615365505218506,0.13295885920524597,-0.12133309245109558,0.296554833650589,-0.018313534557819366,-0.49078845977783203,0.2923906743526459,0.3961467146873474,0.04342123866081238,0.6579651832580566,0.20313197374343872,-0.6954950094223022
0.4551758749999989,0.0034223749999999996,133.0,2.153215125299954,-1.1469190065881545,0.2242605461785925,-0.004132404998452652,-9.068064578329829e-5,-0.00193010230526542,0.06854199047729077,-0.05517333745956421,0.13231079280376434,-0.12306806445121765,0.2943279445171356,-0.018014322966337204,-0.47826457023620605,0.29814428091049194,0.3933097720146179,0.06687332689762115,0.6487672328948975,0.18552248179912567,-0.6904000043869019
0.4551758749999989,0.0034223749999999996,133.0,2.139607803619809,-1.1332460625996226,0.22421504021294233,-0.004024082494974037,-8.666774465057917e-5,-0.001877327619711246,0.06854277294048503,-0.053799331188201904,0.13179196417331696,-0.12476131319999695,0.2930190861225128,-0.025846965610980988,-0.4775502681732178,0.2997204661369324,0.38859906792640686,0.07298102229833603,0.641556978225708,0.186445951461792,-0.6843352317810059
0.4551758749999989,0.0034223749999999996,133.0,2.125152534282913,-1.1187334621563754,0.22413920723832592,-0.003886645453513192,-8.189385136396378e-5,-0.0018106248904414639,0.0685435418520568,-0.052407920360565186,0.131678506731987,-0.12629568576812744,0.2929340898990631,-0.03615715354681015,-0.48166656494140625,0.30019110441207886,0.3835163116455078,0.06967411935329437,0.6370739936828613,0.19534435868263245,-0.6791287064552307
0.4551758749999989,0.0034223749999999996,133.0,2.109811452972259,-1.10338398170777,0.22405375860919627,-0.0037109545142738247,-8.001204187465651e-5,-0.0017308482618534236,0.06854245846373593,-0.0527702271938324,0.13284216821193695,-0.12813904881477356,0.2948608994483948,-0.03947394713759422,-0.47931456565856934,0.3032824695110321,0.3800632953643799,0.07413852959871292,0.6350018978118896,0.188420370221138,-0.6775962114334106
0.4551758749999989,0.0034223749999999996,133.0,2.093610114669705,-1.0871873616301078,0.22400070584999596,-0.003548300050278588,-7.518268126338392e-5,-0.001653165233337838,0.06854055127949879,-0.053390175104141235,0.1336911916732788,-0.1294431984424591,0.29571330547332764,-0.04084307700395584,-0.475663423538208,0.3052975535392761,0.37800437211990356,0.0787925124168396,0.6354682445526123,0.184735506772995,-0.6763866543769836
0.4551758749999989,0.0034223749999999996,133.0,2.0765796649938624,-1.0702051564272328,0.2239732609059197,-0.0033619434939305263,-7.241717722261501e-5,-0.0015674737662971297,0.06853893784651528,-0.05406329035758972,0.13338708877563477,-0.12955832481384277,0.29286956787109375,-0.04215419664978981,-0.4666171073913574,0.3090476989746094,0.38000428676605225,0.0777992233633995,0.6393527984619141,0.19380056858062744,-0.6755884885787964
0.4551758749999989,0.0034223749999999996,133.0,2.058737514545959,-1.052308406750638,0.22391596965400698,-0.0031859854830476484,-6.682253451589169e-5,-0.0014851293746322763,0.06853737463923452,-0.05439296364784241,0.13508696854114532,-0.130885511636734,0.29655930399894714,-0.049730781465768814,-0.47544097900390625,0.31053227186203003,0.37611210346221924,0.05802297964692116,0.6448721885681152,0.21048204600811005,-0.675425112247467
0.4551758749999989,0.0034223749999999996,133.0,2.0400060953191415,-1.0335521851100267,0.2238790465443042,-0.0030027483528953227,-6.33382859475469e-5,-0.0013998080769933145,0.06853331134788578,-0.056175678968429565,0.1369902491569519,-0.13269099593162537,0.29924920201301575,-0.047905273735523224,-0.469268798828125,0.31545427441596985,0.3743637204170227,0.06383480131626129,0.647681713104248,0.1996171623468399,-0.6763991117477417
0.4551758749999989,0.0034223749999999996,133.0,2.0204701994025083,-1.014053489677746,0.22382328572321133,-0.002838465698282013,-6.15962798359281e-5,-0.0013243459348867797,0.06853131909602553,-0.05716165900230408,0.13746020197868347,-0.13368216156959534,0.2981274127960205,-0.04845455288887024,-0.45966506004333496,0.32089585065841675,0.3746089041233063,0.06763218343257904,0.6501882076263428,0.19945389032363892,-0.6755602955818176
0.4551758749999989,0.0034223749999999996,133.0,2.0001303983744876,-0.9936665113985431,0.223764609076975,-0.0026233395826204433,-5.6755544057476555e-5,-0.0012247801108631535,0.06852908577336175,-0.058010220527648926,0.13893204927444458,-0.13502153754234314,0.3006782531738281,-0.05250262841582298,-0.46175312995910645,0.3237555921077728,0.37180203199386597,0.05694069340825081,0.6553623676300049,0.20824287831783295,-0.6753402352333069
0.4551758749999989,0.0034223749999999996,133.0,1.9789211391046124,-0.9727076118182661,0.223793237567818,-0.002409333042978518,-5.455076640079901e-5,-0.001126258111786949,0.06852846609936418,-0.05926889181137085,0.13507358729839325,-0.13360777497291565,0.28711336851119995,-0.04286229982972145,-0.42908406257629395,0.3304290175437927,0.3823475241661072,0.08617264032363892,0.6589879989624023,0.21315711736679077,-0.6723612546920776
0.4551758749999989,0.0034223749999999996,133.0,1.9568755062331784,-0.950645953841925,0.2237159295455163,-0.0022071655191214707,-4.903167939468541e-5,-0.001031017403264831,0.06852535655049992,-0.06048792600631714,0.13675819337368011,-0.13518425822257996,0.289798766374588,-0.04678494483232498,-0.4303267002105713,0.33511269092559814,0.38025331497192383,0.0740741416811943,0.6650116443634033,0.22302807867527008,-0.6730130910873413
0.4551758749999989,0.0034223749999999996,133.0,1.9339680571765099,-0.9277277535214972,0.22362543421748857,-0.0020054918026881853,-4.445554406510678e-5,-0.0009360602102125429,0.06852138433474317,-0.06257784366607666,0.13925650715827942,-0.1374235451221466,0.29381054639816284,-0.0472271554172039,-0.42684340476989746,0.342068612575531,0.37808212637901306,0.07158248871564865,0.6700377464294434,0.21867212653160095,-0.6749162077903748
0.4551758749999989,0.0034223749999999996,133.0,1.9102029180291376,-0.9038971377906985,0.22347956615828915,-0.0018440160653203745,-4.032341912821002e-5,-0.0008595665678468821,0.06851646269211722,-0.06516900658607483,0.1439521312713623,-0.1410340964794159,0.3040064573287964,-0.04860944673418999,-0.4313924312591553,0.34767886996269226,0.3707430362701416,0.0652928501367569,0.674567699432373,0.20327910780906677,-0.6778206825256348
0.4551758749999989,0.0034223749999999996,133.0,1.8856807402436397,-0.8793188373833248,0.22339630980373745,-0.0016457455180037993,-3.531820714081447e-5,-0.0007677128734264545,0.06851320261645225,-0.06670165061950684,0.14653806388378143,-0.14274269342422485,0.30886971950531006,-0.053370099514722824,-0.43569254875183105,0.35067930817604065,0.36719685792922974,0.04430803284049034,0.6829688549041748,0.21569988131523132,-0.6792068481445312
0.4551758749999989,0.0034223749999999996,133.0,1.8602688352129466,-0.8539623599059679,0.22341525083578206,-0.0014618092196206126,-3.339897509226369e-5,-0.0006838369624783309,0.06850896631034457,-0.06842589378356934,0.14660896360874176,-0.1436157524585724,0.3056086003780365,-0.05183590576052666,-0.42220497131347656,0.3575848340988159,0.3698388934135437,0.04858947917819023,0.6892385482788086,0.22235096991062164,-0.6786550879478455
0.4551758749999989,0.0034223749999999996,133.0,1.834066523358504,-0.8278846029364081,0.22338089146543866,-0.001280525141819899,-2.9892099518443248e-5,-0.0005992163428708649,0.06850701713468617,-0.06984108686447144,0.14533327519893646,-0.14414694905281067,0.2987818419933319,-0.04881371185183525,-0.4034397602081299,0.3658028841018677,0.3746808171272278,0.06253345310688019,0.6941616535186768,0.22972244024276733,-0.676719069480896
0.4551758749999989,0.0034223749999999996,133.0,1.8070435237729578,-0.8009051000969634,0.22331400047018946,-0.0011302202897633489,-2.6872377347791532e-5,-0.0005290122979221681,0.06850471798523873,-0.07085373997688293,0.1455804407596588,-0.1457134485244751,0.29625609517097473,-0.050136007368564606,-0.39139223098754883,0.37253570556640625,0.374589204788208,0.07146213948726654,0.6966056823730469,0.22997123003005981,-0.6741220355033875
0.4551758749999989,0.0034223749999999996,133.0,1.7792288340660567,-0.7731184713057696,0.2232380374523012,-0.0009962929097325438,-2.3943590940221694e-5,-0.00046648805703013944,0.06850374189870957,-0.07101625204086304,0.14537392556667328,-0.14708185195922852,0.2931556701660156,-0.05522909015417099,-0.38378357887268066,0.377238005399704,0.37360143661499023,0.07297321408987045,0.69850754737854,0.23938307166099548,-0.670042872428894
0.4551758749999989,0.0034223749999999996,133.0,1.7505160936305946,-0.7445156401544114,0.22315581726214123,-0.0008226403862612176,-1.9441787748520758e-5,-0.0003842625781042471,0.06850155078728089,-0.07264983654022217,0.14516493678092957,-0.14881116151809692,0.28915151953697205,-0.052324242889881134,-0.36612629890441895,0.3858470916748047,0.375302791595459,0.09738768637180328,0.7004470825195312,0.2320859432220459,-0.6677411794662476
0.4551758749999989,0.0034223749999999996,133.0,1.7209724046928925,-0.7151098133021163,0.2230958369193543,-0.0006906169334623039,-1.6760646173055017e-5,-0.00032245662034427746,0.06849993203876885,-0.07420426607131958,0.14420607686042786,-0.1499287486076355,0.2825481593608856,-0.04915058985352516,-0.3456296920776367,0.39622238278388977,0.3800005316734314,0.1194395199418068,0.7038099765777588,0.23366963863372803,-0.6658633351325989
0.4551758749999989,0.0034223749999999996,133.0,1.6905936436062987,-0.6847989351349513,0.22301210118960416,-0.0005183862461607395,-1.2993613065553141e-5,-0.00024222374880161513,0.06849682136497157,-0.07606193423271179,0.14486704766750336,-0.15150246024131775,0.28057658672332764,-0.048502419143915176,-0.3330066204071045,0.40509429574012756,0.38113847374916077,0.1256781667470932,0.7098820209503174,0.23735171556472778,-0.6650830507278442
0.4551758749999989,0.0034223749999999996,133.0,1.6594156644738207,-0.6535477778995012,0.22291383182378313,-0.0003257043963466576,-7.849782331783283e-6,-0.00015206089364672932,0.06849254294278426,-0.07770326733589172,0.14793407917022705,-0.15391412377357483,0.28654730319976807,-0.05324899032711983,-0.33620285987854004,0.4073718190193176,0.3739253282546997,0.10831521451473236,0.7180449962615967,0.24137845635414124,-0.6638839840888977
0.4551758749999989,0.0034223749999999996,133.0,1.627379591963503,-0.6214915610233964,0.22281805551497844,-0.00015223088009063017,-3.7319744270569648e-6,-7.119565849728528e-5,0.0684876408495929,-0.0798046886920929,0.15029756724834442,-0.1559937596321106,0.2897888720035553,-0.05382898449897766,-0.33194398880004883,0.41258180141448975,0.3698998689651489,0.10001767426729202,0.7266068458557129,0.2435673475265503,-0.6631567478179932
0.4551758749999989,0.0034223749999999996,133.0,1.5944884317578396,-0.5887957862440436,0.22274740040447386,1.6877580592195432e-5,4.52052191595861e-7,7.927393232432604e-6,0.06848452633192934,-0.08194071054458618,0.14840717613697052,-0.15640175342559814,0.28057023882865906,-0.04673727601766586,-0.3103301525115967,0.4250131845474243,0.3778097629547119,0.1139087826013565,0.7359061241149902,0.2614280879497528,-0.6619340777397156
0.4551758749999989,0.0034223749999999996,133.0,1.560769806781698,-0.5551425155851549,0.2226633078971823,0.00018646455625160322,5.093405834251503e-6,8.762073849978856e-5,0.06848052833171976,-0.08420369029045105,0.14928197860717773,-0.15826046466827393,0.27897804975509644,-0.0449969507753849,-0.29709577560424805,0.43567904829978943,0.378665030002594,0.11981837451457977,0.743356466293335,0.26479572057724,-0.6612608432769775
0.4551758749999989,0.0034223749999999996,133.0,1.5261991719029742,-0.5205328458979827,0.22252033934397078,0.0003702906600205797,9.980944864779255e-6,0.00017382467729053404,0.06847424521815165,-0.08707043528556824,0.15301378071308136,-0.16162428259849548,0.286125123500824,-0.04555514454841614,-0.29427099227905273,0.44277456402778625,0.37177574634552,0.11579706519842148,0.7509450912475586,0.25425776839256287,-0.6615700125694275
0.4551758749999989,0.0034223749999999996,133.0,1.4907994099437787,-0.48521153425098806,0.22242777668490088,0.0005149070653364067,1.4126142770895307e-5,0.00024178897282267235,0.06846981136228963,-0.08967909216880798,0.15413042902946472,-0.163608580827713,0.2850515842437744,-0.043468378484249115,-0.2812538146972656,0.4543348252773285,0.37283533811569214,0.11975376307964325,0.759742021560669,0.2585337460041046,-0.661633312702179
0.4551758749999989,0.0034223749999999996,133.0,1.454575406349348,-0.4490642988462885,0.2223330515337122,0.0006780325737635983,1.8974212598431892e-5,0.0003185058016205307,0.06846550623081445,-0.09214544296264648,0.15511608123779297,-0.16563564538955688,0.28372490406036377,-0.041799839586019516,-0.2678563594818115,0.4661932587623596,0.3736172914505005,0.12535589933395386,0.7678945064544678,0.26180899143218994,-0.6611554622650146
0.4551758749999989,0.0034223749999999996,133.0,1.4175331628971677,-0.4120898388176866,0.2222486737471801,0.0008518026163981446,2.440343100763791e-5,0.0004003089704564398,0.06846150033309627,-0.09428873658180237,0.15585973858833313,-0.16769972443580627,0.2818763256072998,-0.040989335626363754,-0.2540762424468994,0.47820329666137695,0.3740220069885254,0.13399779796600342,0.7746243476867676,0.26340940594673157,-0.6597591638565063
0.4551758749999989,0.0034223749999999996,133.0,1.3796815252835886,-0.37430442749974646,0.22215021120335363,0.0010490931482611868,3.1222837578034504e-5,0.0004935502152309178,0.06845830036292597,-0.09599348902702332,0.1562345325946808,-0.16987082362174988,0.2794003188610077,-0.04209646210074425,-0.2404637336730957,0.4907677471637726,0.3742360472679138,0.14573146402835846,0.7794039249420166,0.2645944058895111,-0.6575244665145874
0.4551758749999989,0.0034223749999999996,133.0,1.3410013388996151,-0.33568088345175834,0.2220828111524415,0.0012364890329279628,3.789615196359417e-5,0.0005819980717834472,0.06845520878567325,-0.09743788838386536,0.15640948712825775,-0.17209383845329285,0.2765078544616699,-0.044349055737257004,-0.22688913345336914,0.5038306713104248,0.37448227405548096,0.15970681607723236,0.7829873561859131,0.2651442587375641,-0.654893159866333
0.4551758749999989,0.0034223749999999996,133.0,1.3014363116336416,-0.2963921701665815,0.22199822009494352,0.001357993062378771,4.413946989160073e-5,0.000639610127968927,0.06845421152820858,-0.0996733009815216,0.15355798602104187,-0.17360171675682068,0.26436370611190796,-0.03726005181670189,-0.20046782493591309,0.5274503231048584,0.38591238856315613,0.20216989517211914,0.7879669666290283,0.276269793510437,-0.6542159914970398
0.4551758749999989,0.0034223749999999996,133.0,1.2610768933240495,-0.2561066855113709,0.22190347444281552,0.0015135413864694118,5.058237207980148e-5,0.0007132913725553061,0.0684506119917414,-0.10176017880439758,0.15401139855384827,-0.1756865680217743,0.26251205801963806,-0.03630700334906578,-0.18776464462280273,0.542685866355896,0.38677993416786194,0.21263480186462402,0.7942383289337158,0.27893057465553284,-0.6532803773880005
0.4551758749999989,0.0034223749999999996,133.0,1.2198349640999115,-0.21474712386070194,0.22170447315057934,0.0016650336857895048,5.631191023876521e-5,0.0007850961981864433,0.0684414517700531,-0.10488361120223999,0.15964238345623016,-0.1797710359096527,0.2771073579788208,-0.03704757243394852,-0.1918044090270996,0.5470085144042969,0.3711206316947937,0.20038050413131714,0.8015077114105225,0.2512156367301941,-0.6522495746612549
0.4551758749999989,0.0034223749999999996,133.0,1.1784873789069508,-0.17135870343228246,0.2240770761328136,0.0018081693688658687,4.993908156411913e-5,0.0008568058671043308,0.06835684002975527,-0.10611656308174133,0.15741147100925446,-0.17991071939468384,0.26501622796058655,-0.03735999017953873,-0.1700904369354248,0.5607846975326538,0.3794156312942505,0.19817279279232025,0.8134784698486328,0.2845105230808258,-0.6485459804534912
0.4551758749999989,0.0034223749999999996,133.0,1.1355524606069496,-0.12845677063370553,0.2239248199401182,0.0019060688647895784,5.8494658621067867e-5,0.0009058243469109322,0.06834938468899392,-0.11041814088821411,0.16095739603042603,-0.18350598216056824,0.2707712650299072,-0.03075312077999115,-0.15657591819763184,0.5766180157661438,0.37429147958755493,0.21226713061332703,0.8252091407775879,0.26036763191223145,-0.6492259502410889
0.4551758749999989,0.0034223749999999996,133.0,1.091656804295652,-0.08492987869158271,0.22389257053461128,0.0018813553074176455,6.043142028560431e-5,0.0008968477287185722,0.06834127906207964,-0.11653664708137512,0.15538406372070312,-0.1831969916820526,0.24651238322257996,-0.005518185440450907,-0.11789965629577637,0.615757942199707,0.40349850058555603,0.2522071301937103,0.8543896675109863,0.3149740993976593,-0.654392421245575
0.4551758749999989,0.0034223749999999996,133.0,1.0461669074886841,-0.04078181441499528,0.22131300710192522,0.0017606683248364223,4.4065380249565585e-5,0.0008393728222843681,0.06837801732257796,-0.13179728388786316,0.19323386251926422,-0.18806147575378418,0.3356975317001343,0.011974550783634186,-0.16945147514343262,0.41892755031585693,0.3822321593761444,-0.21276822686195374,1.0288150310516357,0.22511261701583862,-0.7222253680229187
0.4551758749999989,0.0034223749999999996,133.0,0.9999819693320248,0.0062502264819648086,0.2213663717609887,0.00010377655785887708,-4.5981829980036336e-7,4.989622869884285e-5,0.06830060069948234,-0.15998443961143494,0.24164412915706635,-0.18523070216178894,0.3950326144695282,0.0189538411796093,-0.10848617553710938,0.08539220690727234,0.4795295298099518,-0.9336484670639038,1.342660903930664,0.10536948591470718,-0.87786865234375
0.4551758749999989,0.0034223749999999996,133.0,1.0432508586707998,0.047959212962700566,0.22423319751753484,-0.0017125064463184591,-6.727398580192015e-5,-0.0008571232079262196,0.06795277548665168,-0.20210674405097961,0.11497454345226288,-0.18114668130874634,0.5455080270767212,-0.21392172574996948,0.10741901397705078,0.8300349712371826,-0.03890198469161987,-0.5956052541732788,1.4398908615112305,0.10154934972524643,-0.5057343244552612
0.4551758749999989,0.0034223749999999996,133.0,1.0851161782851377,0.09390157468041477,0.22605101917458528,-0.00191483424431118,-1.1878082353778221e-5,-0.0009645329589340493,0.06773284673984158,-0.25103262066841125,0.14584650099277496,-0.13681676983833313,0.7972282767295837,-0.35342925786972046,0.3314335346221924,0.5271739363670349,0.046827614307403564,-1.3537007570266724,1.7799797058105469,0.3274800479412079,-0.8422260284423828
0.4551758749999989,0.0034223749999999996,133.0,1.127219376171163,0.1386788994376814,0.22781641666591368,-0.0019131240353012131,1.8175137786821945e-5,-0.0009500565137082305,0.06761974082304201,-0.2933386266231537,0.1744517683982849,-0.0845998227596283,1.018449306488037,-0.5899145007133484,0.4541301727294922,0.22981782257556915,0.15692201256752014,-1.7418745756149292,1.890270709991455,0.5361319184303284,-1.1738862991333008
0.4551758749999989,0.0034223749999999996,133.0,1.1695802796950645,0.18216137916240294,0.22851824133549078,-0.0018079726032461186,2.364866134523816e-5,-0.0008891309721599556,0.06758608484320439,-0.3053058683872223,0.18950028717517853,-0.07288450002670288,1.0619487762451172,-0.6715912222862244,0.4837096929550171,0.2034803032875061,0.19799524545669556,-1.8396387100219727,1.8930087089538574,0.5340744256973267,-1.2589387893676758
0.4551758749999989,0.0034223749999999996,133.0,1.2113696403438126,0.22441536295186473,0.22874685883546822,-0.0016551460221376226,2.348957898927686e-5,-0.0008107828702661681,0.0675770821319687,-0.30656781792640686,0.1972781866788864,-0.06178855895996094,1.1150487661361694,-0.6971132159233093,0.48182952404022217,0.15724733471870422,0.19695839285850525,-1.8621718883514404,1.8591279983520508,0.560073971748352,-1.3112748861312866
0.4551758749999989,0.0034223749999999996,133.0,1.2523574212588646,0.26568285674536396,0.22869479307920307,-0.001467610218455294,2.031719134975744e-5,-0.0007187395092163035,0.06757927393552218,-0.309330016374588,0.2006002813577652,-0.062053024768829346,1.1089074611663818,-0.7186710834503174,0.49730992317199707,0.17003187537193298,0.2132459282875061,-1.879413366317749,1.8571476936340332,0.5735817551612854,-1.3216075897216797
0.4551758749999989,0.0034223749999999996,133.0,1.2926947425136972,0.30609723251461274,0.22876907991581236,-0.0013820913829361123,1.782838927677702e-5,-0.0006746436243063741,0.06757504487732623,-0.30848148465156555,0.2036033719778061,-0.06043258309364319,1.1225998401641846,-0.7156019806861877,0.5061348676681519,0.19227223098278046,0.21059685945510864,-1.8908342123031616,1.8329496383666992,0.5925803184509277,-1.3329100608825684
0.4551758749999989,0.0034223749999999996,133.0,1.332249175383794,0.34570080445339396,0.22894619048861242,-0.001183123755813458,1.5373346914965118e-5,-0.0005744026447573149,0.06756685263679606,-0.30620911717414856,0.2071702480316162,-0.05490767955780029,1.1575742959976196,-0.7110146284103394,0.5057141780853271,0.19000275433063507,0.19809752702713013,-1.8974930047988892,1.7955703735351562,0.6194018721580505,-1.3556187152862549
0.4551758749999989,0.0034223749999999996,133.0,1.3708581859742024,0.3844722662210374,0.2290482161160951,-0.001029952263401289,1.3168056120112762e-5,-0.0004983100787172019,0.06756298149632456,-0.3061915934085846,0.2102723866701126,-0.052395135164260864,1.1715586185455322,-0.7200680375099182,0.5137765407562256,0.19737042486667633,0.1995876431465149,-1.9099550247192383,1.7727718353271484,0.6416581869125366,-1.3713154792785645
0.4551758749999989,0.0034223749999999996,133.0,1.4086354704546016,0.42240921441388846,0.22914611411912936,-0.000837759814863117,1.056789315193332e-5,-0.00040397213939485845,0.06755928690193366,-0.30616965889930725,0.21328146755695343,-0.049999356269836426,1.1849699020385742,-0.7277239561080933,0.521095871925354,0.2039511650800705,0.2005453109741211,-1.9216059446334839,1.7507457733154297,0.6623209714889526,-1.3858976364135742
0.4551758749999989,0.0034223749999999996,133.0,1.445583397346453,0.45950272107685436,0.2292290455184934,-0.0006669868930594074,8.245532994489091e-6,-0.00032064265609831863,0.06755607340055358,-0.30610206723213196,0.21602976322174072,-0.04793092608451843,1.196852207183838,-0.7331870794296265,0.527799129486084,0.2112930715084076,0.20085400342941284,-1.9309359788894653,1.7302255630493164,0.6812631487846375,-1.3982856273651123
0.4551758749999989,0.0034223749999999996,133.0,1.481698561045952,0.49576237560080705,0.2293146585631166,-0.0005039912387300189,6.10303574553998e-6,-0.00024154643643757768,0.06755284556962098,-0.30602964758872986,0.21866624057292938,-0.04588630795478821,1.2085151672363281,-0.7381240725517273,0.5342077016830444,0.2184995412826538,0.20085135102272034,-1.939837098121643,1.7099547386169434,0.6999561190605164,-1.4101388454437256
0.4551758749999989,0.0034223749999999996,133.0,1.516979919982987,0.5311823677543511,0.22937738399188048,-0.00034653650339728197,4.070721963424021e-6,-0.00016560536806755024,0.06754984388007919,-0.30592581629753113,0.22106225788593292,-0.0442202091217041,1.2186217308044434,-0.7402797937393188,0.5399668216705322,0.22645564377307892,0.20018276572227478,-1.946270227432251,1.691540241241455,0.7167505025863647,-1.4197522401809692
0.4551758749999989,0.0034223749999999996,133.0,1.5514078891308307,0.565781553862914,0.2294772466172708,-0.00019445892400857246,2.208239758744529e-6,-9.264152765043442e-5,0.06754485519762976,-0.30596670508384705,0.22330832481384277,-0.042880743741989136,1.227483868598938,-0.739567756652832,0.5451834201812744,0.23421220481395721,0.19900745153427124,-1.9507018327713013,1.675858497619629,0.7306064963340759,-1.4275950193405151
0.4551758749999989,0.0034223749999999996,133.0,1.5848036774516268,0.5995613343650409,0.22950747581329764,-5.800515913708834e-5,6.137189289029451e-7,-2.7585257663539343e-5,0.06753804717792045,-0.3090990483760834,0.22571761906147003,-0.044670164585113525,1.2167034149169922,-0.7480403780937195,0.5654010772705078,0.25171899795532227,0.2115570604801178,-1.9629048109054565,1.680833339691162,0.7307857871055603,-1.4294925928115845
0.4551758749999989,0.0034223749999999996,133.0,1.6173406421123666,0.6325491477791414,0.2296662244800908,0.0001253511891137621,-1.3075450447077982e-6,5.9388207374107586e-5,0.06752645581937267,-0.31224700808525085,0.2285650670528412,-0.04425492882728577,1.2173367738723755,-0.7576663494110107,0.5802320241928101,0.2528850734233856,0.22038307785987854,-1.9741069078445435,1.6810359954833984,0.7325248122215271,-1.4390618801116943
0.4551758749999989,0.0034223749999999996,133.0,1.6494982068610193,0.6627296785869375,0.22715017295747822,0.0002954985357005132,-1.5543897189013187e-6,0.0001389288999512716,0.06767759354828772,-0.30814942717552185,0.22958995401859283,-0.03951951861381531,1.2336580753326416,-0.7681939601898193,0.5617676973342896,0.2364935725927353,0.21582600474357605,-1.9621047973632812,1.6423206329345703,0.7700196504592896,-1.4509869813919067
0.4551758749999989,0.0034223749999999996,133.0,1.6804380481020778,0.6940271530540647,0.22724102190121095,0.000467486774486261,-2.438759367589631e-6,0.00021918632469280935,0.06767262228269366,-0.3110080063343048,0.2323938012123108,-0.03847658634185791,1.2350804805755615,-0.7852247357368469,0.5784047842025757,0.24065092206001282,0.22581225633621216,-1.9792414903640747,1.6371054649353027,0.7801803946495056,-1.462543249130249
0.4551758749999989,0.0034223749999999996,133.0,1.7107566583107088,0.7244572451779365,0.22748464629277412,0.0006715476322294461,-3.467094604724981e-6,0.000313313668954057,0.06766353806092723,-0.30966177582740784,0.23486319184303284,-0.03388011455535889,1.2622809410095215,-0.7824130654335022,0.5775445699691772,0.24321818351745605,0.21377995610237122,-1.9903104305267334,1.6068975925445557,0.803149938583374,-1.4778863191604614
0.4551758749999989,0.0034223749999999996,133.0,1.740272819586614,0.754027063888757,0.22764507389470384,0.0008173460775785594,-4.0450369340961465e-6,0.0003799061231598137,0.06765951282427667,-0.30829140543937683,0.23687200248241425,-0.03035503625869751,1.2820948362350464,-0.7822152972221375,0.5782603025436401,0.2512384057044983,0.2049216330051422,-2.000471830368042,1.5781652927398682,0.827183723449707,-1.4890284538269043
0.4551758749999989,0.0034223749999999996,133.0,1.7689513925038063,0.7827774109005612,0.227873581342375,0.0010037115103954427,-5.266467192347833e-6,0.0004647640494610956,0.06765359754319937,-0.30627694725990295,0.23930801451206207,-0.021767348051071167,1.3233394622802734,-0.7876642346382141,0.5595506429672241,0.22093892097473145,0.18947723507881165,-2.0004959106445312,1.537815809249878,0.858864426612854,-1.5149133205413818
0.4551758749999989,0.0034223749999999996,133.0,1.796691524884093,0.8106813167686715,0.2279244467227442,0.0011471761356680369,-6.2591736397642845e-6,0.0005302632975435738,0.06765370636078744,-0.3081861436367035,0.24150346219539642,-0.019213616847991943,1.327479362487793,-0.8111592531204224,0.5676466226577759,0.21304911375045776,0.1990618109703064,-2.010732650756836,1.5257062911987305,0.87699955701828,-1.528761625289917
0.4551758749999989,0.0034223749999999996,133.0,1.8236660331184442,0.8377386740926446,0.2280162573747208,0.0013074116286668285,-7.04043410105459e-6,0.0006027373141753392,0.06765155422421301,-0.30810025334358215,0.2432028204202652,-0.01697540283203125,1.3377768993377686,-0.8160352110862732,0.5705913305282593,0.21705685555934906,0.19693535566329956,-2.0185093879699707,1.5070514678955078,0.8949003219604492,-1.5370659828186035
0.4551758749999989,0.0034223749999999996,133.0,1.84988873993971,0.8639088355274599,0.228010421644645,0.0014991002111340063,-6.487766656687678e-6,0.0006901615265489104,0.06765173629660115,-0.30685845017433167,0.2443501055240631,-0.01593017578125,1.3464728593826294,-0.8110891580581665,0.5736851692199707,0.23296651244163513,0.19006335735321045,-2.0250678062438965,1.48683500289917,0.9112864136695862,-1.5390448570251465
0.4551758749999989,0.0034223749999999996,133.0,1.8752155786174933,0.889302014275997,0.22811379339848284,0.0016941529755643049,-7.686598199674456e-6,0.0007781251469000589,0.06764951076551239,-0.30661436915397644,0.24548636376857758,-0.01560327410697937,1.35088312625885,-0.8074097633361816,0.5788701772689819,0.2448442578315735,0.18682155013084412,-2.0290799140930176,1.4756381511688232,0.9202327728271484,-1.5403165817260742
0.4551758749999989,0.0034223749999999996,133.0,1.8995898274384195,0.9138818235678045,0.22820734051061992,0.001910961684025877,-9.08388282696096e-6,0.0008757982431898177,0.06764739176780367,-0.3078751266002655,0.24688726663589478,-0.015131264925003052,1.352360725402832,-0.8134075403213501,0.5860738754272461,0.24646960198879242,0.19023874402046204,-2.0337185859680176,1.4694643020629883,0.9281971454620361,-1.5452966690063477
0.4551758749999989,0.0034223749999999996,133.0,1.923175297679352,0.9376038925875037,0.22819792201190642,0.0020712051920458315,-9.501096295187743e-6,0.0009485359823615895,0.06764720919525831,-0.3093906342983246,0.24821439385414124,-0.015632182359695435,1.3485002517700195,-0.8198462128639221,0.5973131656646729,0.2540441155433655,0.19631877541542053,-2.0401268005371094,1.4665274620056152,0.9344528317451477,-1.547621250152588
0.4551758749999989,0.0034223749999999996,133.0,1.945865204333048,0.9605021352434838,0.22822395708292548,0.002275389825735445,-1.040988831493921e-5,0.0010408924980289112,0.06764568175320589,-0.31104347109794617,0.2495153546333313,-0.016936957836151123,1.3416494131088257,-0.8245030641555786,0.6122064590454102,0.26767659187316895,0.2027900218963623,-2.048844337463379,1.4658887386322021,0.9382665753364563,-1.5473552942276
0.4551758749999989,0.0034223749999999996,133.0,1.9677930431928128,0.9825530859667887,0.22817144489575744,0.0024818317476111274,-1.0510152770466268e-5,0.0011353956107924327,0.06764488428687872,-0.31292882561683655,0.25096026062965393,-0.01762092113494873,1.3345928192138672,-0.8366515040397644,0.6275309324264526,0.27625083923339844,0.21225407719612122,-2.05924916267395,1.4640588760375977,0.9441580176353455,-1.549879550933838
0.4551758749999989,0.0034223749999999996,133.0,1.9889682295955209,1.0037701409993327,0.2282640161223841,0.002700615770811715,-1.1308209335836193e-5,0.0012333317760183015,0.06764177189006595,-0.31292280554771423,0.2521621286869049,-0.016433626413345337,1.341593623161316,-0.8369288444519043,0.6311085224151611,0.2812438905239105,0.20935246348381042,-2.065387725830078,1.4512102603912354,0.9546245336532593,-1.554081678390503
0.4551758749999989,0.0034223749999999996,133.0,2.0093316174132267,1.0241326199420633,0.22842343489450784,0.002922470801719098,-1.5290657752218937e-5,0.0013285954175460994,0.06763849194115748,-0.31193408370018005,0.2535026967525482,-0.012212574481964111,1.3629698753356934,-0.8347316980361938,0.6200991868972778,0.2684091329574585,0.19949352741241455,-2.0660648345947266,1.4321491718292236,0.9686594009399414,-1.5656286478042603
0.4551758749999989,0.0034223749999999996,133.0,2.028795250272547,1.0437665739934447,0.22867230885247342,0.0030942509064346346,-1.655782679667019e-5,0.001403943403990419,0.06763369399466851,-0.3122217357158661,0.2547496557235718,-0.010674148797988892,1.3715778589248657,-0.8343676328659058,0.6227501630783081,0.27158108353614807,0.19582349061965942,-2.072730779647827,1.4204189777374268,0.9784713983535767,-1.5706504583358765
0.4551758749999989,0.0034223749999999996,133.0,2.0475023242769166,1.0624864617988652,0.2288721645545047,0.0032893382618649136,-1.8572132555577955e-5,0.0014878220881513096,0.06762959180483592,-0.31090834736824036,0.25582513213157654,-0.00575023889541626,1.3958287239074707,-0.8316750526428223,0.6077147722244263,0.25575441122055054,0.1831575632095337,-2.0708041191101074,1.3978722095489502,0.9933457374572754,-1.5822420120239258
0.4551758749999989,0.0034223749999999996,133.0,2.065103051583371,1.0804066829856105,0.22872871530016337,0.003456557126833754,-2.042088723007911e-5,0.0015654988143927475,0.06763407968661149,-0.31502625346183777,0.2574325501918793,-0.00826418399810791,1.3754950761795044,-0.855854868888855,0.6343468427658081,0.2623527944087982,0.20560842752456665,-2.0848562717437744,1.4083213806152344,0.992178201675415,-1.5844929218292236
0.4551758749999989,0.0034223749999999996,133.0,2.082176748959699,1.0974308594760085,0.22882206709240566,0.0036544348174405807,-2.091499177169618e-5,0.0016518285349146136,0.06763155935573487,-0.3146292269229889,0.25831538438796997,-0.006884068250656128,1.3837016820907593,-0.8538964986801147,0.6350255012512207,0.266212522983551,0.20062515139579773,-2.0894076824188232,1.3953564167022705,1.001308798789978,-1.5877912044525146
0.4551758749999989,0.0034223749999999996,133.0,2.0983041677086436,1.1136501714926554,0.22891576719662746,0.0038283714690810766,-2.281303792261493e-5,0.001728403051416053,0.06762980810762242,-0.31519874930381775,0.25912922620773315,-0.0065309107303619385,1.384331464767456,-0.8605984449386597,0.6430486440658569,0.2714575231075287,0.20285135507583618,-2.0962138175964355,1.3874855041503906,1.0084247589111328,-1.5907340049743652
0.4551758749999989,0.0034223749999999996,133.0,2.113575509719411,1.1289413669802597,0.2286872073236687,0.0040002853044760036,-2.347411620709921e-5,0.0018057625192221922,0.06763400164449204,-0.316887229681015,0.2600748538970947,-0.007509797811508179,1.374207854270935,-0.8767049312591553,0.6592779159545898,0.27927258610725403,0.21428754925727844,-2.1060597896575928,1.3856263160705566,1.0151461362838745,-1.5921590328216553
0.4551758749999989,0.0034223749999999996,133.0,2.1281087225057327,1.1434705652542814,0.22878639464199743,0.004136157355811386,-2.538095590610474e-5,0.001864234649869171,0.06763300214227505,-0.3162976801395416,0.2604990005493164,-0.004967838525772095,1.383409857749939,-0.8867408633232117,0.6559828519821167,0.2730451226234436,0.21300771832466125,-2.108942985534668,1.3693726062774658,1.0334774255752563,-1.6001389026641846
0.4551758749999989,0.0034223749999999996,133.0,2.1417444329891215,1.157171382743218,0.22880559004888135,0.00425722970770626,-2.8850518247069096e-5,0.00191775134794613,0.06763714287294999,-0.3173476755619049,0.2609718441963196,-0.0035851001739501953,1.3812307119369507,-0.9134151935577393,0.6621891260147095,0.26436951756477356,0.22478243708610535,-2.1166083812713623,1.360358715057373,1.054126262664795,-1.6098146438598633
0.4551758749999989,0.0034223749999999996,133.0,2.154756061891563,1.1700129557418688,0.22896499474573334,0.004387655993103188,-3.199239368103418e-5,0.0019722575391211755,0.06763790484513556,-0.3149243891239166,0.26098620891571045,0.0008520185947418213,1.4010521173477173,-0.918833315372467,0.645717978477478,0.2485896199941635,0.215974360704422,-2.116971969604492,1.3364219665527344,1.080622911453247,-1.6208305358886719
0.4551758749999989,0.0034223749999999996,133.0,2.166920721572629,1.1819946627963878,0.22893658074979306,0.004525145368896319,-2.902722884491013e-5,0.0020322961561537985,0.06763942193612246,-0.31125345826148987,0.26063114404678345,0.0011307895183563232,1.4105961322784424,-0.9005327820777893,0.6428631544113159,0.27391955256462097,0.1993175745010376,-2.1214475631713867,1.3148903846740723,1.0979515314102173,-1.6138174533843994
0.4551758749999989,0.0034223749999999996,133.0,2.178347725488754,1.1931054377853034,0.22899927782402388,0.004666598003722196,-2.841925503295922e-5,0.0020903948019729266,0.06763955101606553,-0.3063339293003082,0.2601704001426697,0.0052412450313568115,1.4366024732589722,-0.880751371383667,0.6187490224838257,0.2745005786418915,0.1749238669872284,-2.116712808609009,1.2850916385650635,1.1194411516189575,-1.615419626235962
0.4551758749999989,0.0034223749999999996,133.0,2.188983419723842,1.203395127773671,0.22907104447302049,0.004803163280179673,-2.632141310690589e-5,0.0021460388512546955,0.0676403533305238,-0.3009261190891266,0.2594742476940155,0.007979482412338257,1.4600824117660522,-0.8515686988830566,0.5988970994949341,0.2901643216609955,0.14642995595932007,-2.1132967472076416,1.2545990943908691,1.1376243829727173,-1.6104341745376587
0.4551758749999989,0.0034223749999999996,133.0,2.198686181953026,1.2129339252239302,0.22920831029727506,0.004959889768428067,-2.3890186006024134e-5,0.0022136149413079457,0.06764047979277164,-0.297417014837265,0.2590894401073456,0.008963972330093384,1.471593976020813,-0.8343477249145508,0.5922017097473145,0.3081972002983093,0.12998145818710327,-2.1158764362335205,1.2342004776000977,1.151977777481079,-1.605556607246399
0.4551758749999989,0.0034223749999999996,133.0,2.207222549519006,1.2237001190710077,0.23220512598251006,0.005185178254570614,-4.867620315706521e-5,0.0023042005448141423,0.06746694565448345,-0.2991158664226532,0.26056820154190063,0.008979171514511108,1.4914394617080688,-0.8063650131225586,0.6069016456604004,0.33579158782958984,0.11160260438919067,-2.1405553817749023,1.2351324558258057,1.1380372047424316,-1.6070325374603271
0.4551758749999989,0.0034223749999999996,133.0,2.215400333887905,1.231524105266422,0.23241971441431167,0.005426415870371124,-5.056429315329032e-5,0.00240464387371024,0.06746783301270703,-0.293275386095047,0.25993210077285767,0.013872236013412476,1.5243695974349976,-0.7717827558517456,0.5703550577163696,0.3344995081424713,0.07734328508377075,-2.1287317276000977,1.204744815826416,1.1473588943481445,-1.6055828332901
0.4551758749999989,0.0034223749999999996,133.0,2.2225822430634046,1.2385053750124366,0.2324051286589375,0.005792895566550761,-5.040353870483464e-5,0.002565280301170512,0.0674697028787055,-0.2904466688632965,0.25953736901283264,0.013404309749603271,1.5275368690490723,-0.7624866366386414,0.5717856884002686,0.3541334271430969,0.06845638155937195,-2.1351723670959473,1.1882870197296143,1.1597158908843994,-1.599963903427124
0.4551758749999989,0.0034223749999999996,133.0,2.2290100416652874,1.2446919464047326,0.23253145595712038,0.0064064451446868695,-5.567455550920266e-5,0.002831196271958278,0.06747136567077122,-0.2863628566265106,0.25938689708709717,0.016220152378082275,1.5480542182922363,-0.7418134212493896,0.5512522459030151,0.3563704490661621,0.04706045985221863,-2.1338002681732178,1.1650731563568115,1.1667183637619019,-1.5990345478057861
0.4551758749999989,0.0034223749999999996,133.0,2.2345759027082157,1.2500572543057145,0.23247200710883556,0.007797705299303322,-6.503443844348734e-5,0.003442223535273286,0.06747538182092443,-0.28313615918159485,0.2595514953136444,0.014918148517608643,1.5515398979187012,-0.7330958843231201,0.5582095384597778,0.378420889377594,0.03836628794670105,-2.150158643722534,1.145796775817871,1.1736271381378174,-1.5939617156982422
0.4551758749999989,0.0034223749999999996,133.0,2.239351457494191,1.2548533694939537,0.23256767479326024,0.014479875428624861,-0.00015509790307812677,0.006337950531681805,0.0674727022109844,-0.279109388589859,0.2641969919204712,0.016142159700393677,1.5782010555267334,-0.7494149208068848,0.5778234004974365,0.37700143456459045,0.03289693593978882,-2.2283241748809814,1.0904874801635742,1.18276047706604,-1.615431785583496
0.4551758749999989,0.0034223749999999996,133.0,2.219183830982714,-1.240900069832202,0.21294474506808028,-0.013911556222721012,-0.0001864808329012264,-0.0065526917370556095,0.06851017089725914,-0.048246562480926514,0.1395261287689209,-0.12402588129043579,0.326814740896225,-0.009028802625834942,-0.687122106552124,0.27355167269706726,0.4072522521018982,-0.11558778584003448,0.6535325050354004,0.42609062790870667,-0.7369985580444336
0.4551758749999989,0.0034223749999999996,133.0,2.2146231176774482,-1.2362289020810369,0.21311034778026453,-0.007507749624210019,-7.672938523551144e-5,-0.0035334511893476226,0.0684933044534684,-0.049106091260910034,0.14382179081439972,-0.12079557776451111,0.34148138761520386,-0.05579809099435806,-0.6760289669036865,0.26449087262153625,0.3890673816204071,-0.17681008577346802,0.6712982654571533,0.40546074509620667,-0.7333620190620422
0.4551758749999989,0.0034223749999999996,133.0,2.2091909812019876,-1.2308251425519328,0.21308014112507148,-0.006167648858998526,-5.897314403460398e-5,-0.002899995359175914,0.06848694408706531,-0.05062741041183472,0.14507612586021423,-0.12083348631858826,0.343372642993927,-0.057358309626579285,-0.6598663330078125,0.2623388171195984,0.3846594989299774,-0.16901464760303497,0.674945592880249,0.36970254778862,-0.7308269739151001
0.4551758749999989,0.0034223749999999996,133.0,2.2029904307189296,-1.224696635149071,0.213072247447468,-0.0055779990009881915,-5.0886174898602125e-5,-0.002620267254814234,0.06848473421557935,-0.050914227962493896,0.14366544783115387,-0.12058937549591064,0.3385963439941406,-0.05771172046661377,-0.6453936100006104,0.26354092359542847,0.38389116525650024,-0.15476949512958527,0.6755573749542236,0.35690394043922424,-0.7252777814865112
0.4551758749999989,0.0034223749999999996,133.0,2.1958812890666466,-1.2176966327717285,0.21304316610005458,-0.005235171673036396,-4.934503682500186e-5,-0.0024582023010522877,0.06848098877405538,-0.052507102489471436,0.14392799139022827,-0.12123599648475647,0.3366575241088867,-0.051077570766210556,-0.6245682239532471,0.26434552669525146,0.3830328583717346,-0.12826241552829742,0.6756594181060791,0.3181869387626648,-0.7224798798561096
0.4551758749999989,0.0034223749999999996,133.0,2.1871323463858627,-1.2114440030847744,0.21045329620259587,-0.004993443017459283,-9.669911020413043e-5,-0.002342879354254376,0.06855730933111144,-0.05228745937347412,0.14162501692771912,-0.1207805871963501,0.331412672996521,-0.045975878834724426,-0.6144106388092041,0.2696900963783264,0.38345974683761597,-0.105890654027462,0.6711232662200928,0.3070211112499237,-0.7176732420921326
0.4551758749999989,0.0034223749999999996,133.0,2.178397288203571,-1.2029176030806001,0.21039722052379287,-0.00479531131125815,-9.602000967261654e-5,-0.002250384464323193,0.06855607092778805,-0.053316324949264526,0.13904926180839539,-0.11999279260635376,0.32182708382606506,-0.03804663196206093,-0.5855123996734619,0.27288714051246643,0.38767147064208984,-0.07247437536716461,0.6715357303619385,0.2849119007587433,-0.7123110294342041
0.4551758749999989,0.0034223749999999996,133.0,2.168853986258363,-1.193479741928682,0.2103039235027168,-0.004647020526051432,-9.30947125446986e-5,-0.002178018554902974,0.06855474652135594,-0.05398157238960266,0.13784918189048767,-0.12048161029815674,0.31675392389297485,-0.03269539400935173,-0.5645599365234375,0.27669620513916016,0.38852226734161377,-0.04436642676591873,0.6681714057922363,0.26084786653518677,-0.7080851197242737
0.4551758749999989,0.0034223749999999996,133.0,2.1584410611458327,-1.1831790486475948,0.2102602550739977,-0.004514670881038778,-9.091493534795137e-5,-0.002112388188440355,0.06855222591691053,-0.05508989095687866,0.13711892068386078,-0.12112727761268616,0.312089204788208,-0.02585771307349205,-0.5391840934753418,0.2815963923931122,0.3898763358592987,-0.011057155206799507,0.6641170978546143,0.22870692610740662,-0.7047680616378784
0.4551758749999989,0.0034223749999999996,133.0,2.1472216379100693,-1.17211617535288,0.21027029574052208,-0.004380882046626075,-9.15613065589573e-5,-0.0020496188403086833,0.06855114179252836,-0.055434197187423706,0.13386516273021698,-0.1202259361743927,0.30071720480918884,-0.019516490399837494,-0.5078887939453125,0.28682419657707214,0.3955577611923218,0.023373723030090332,0.6608242988586426,0.21452100574970245,-0.6990741491317749
0.4551758749999989,0.0034223749999999996,133.0,2.1352030341624806,-1.1601520916095802,0.21026905915649943,-0.004257564301152145,-9.031286762576272e-5,-0.0019899577768620748,0.06855058169978091,-0.05518573522567749,0.13282525539398193,-0.12115094065666199,0.29629963636398315,-0.020037513226270676,-0.4918942451477051,0.2913845181465149,0.395333468914032,0.04364088177680969,0.654487133026123,0.20176027715206146,-0.6944124698638916
0.4551758749999989,0.0034223749999999996,133.0,2.122371351184149,-1.1473485605772464,0.21020186748080658,-0.004133068908891891,-8.578776988014654e-5,-0.0019261512992295386,0.06855073000758759,-0.05475381016731262,0.1321941763162613,-0.12289106845855713,0.29410097002983093,-0.019757792353630066,-0.47934937477111816,0.29708847403526306,0.39253368973731995,0.06695225089788437,0.6453638076782227,0.18419034779071808,-0.6893829703330994
0.4551758749999989,0.0034223749999999996,133.0,2.1087593395826483,-1.1336738426964896,0.21016234503558606,-0.004024724310516442,-8.185070652925002e-5,-0.0018735187916027174,0.06855140252447696,-0.05338984727859497,0.13168743252754211,-0.12458163499832153,0.29280751943588257,-0.027635131031274796,-0.478626012802124,0.29864031076431274,0.387859046459198,0.07288210839033127,0.6382420063018799,0.18515154719352722,-0.6833701133728027
0.4551758749999989,0.0034223749999999996,133.0,2.0942992866932406,-1.119160718051364,0.21009184444708706,-0.003887273686153067,-7.726266905863068e-5,-0.0018069506137311606,0.06855206417897348,-0.05200877785682678,0.13158316910266876,-0.12610945105552673,0.2927298843860626,-0.037992045283317566,-0.48275017738342285,0.29909205436706543,0.3828132450580597,0.06938280910253525,0.6338543891906738,0.1941060721874237,-0.6782075762748718
0.4551758749999989,0.0034223749999999996,133.0,2.0789592933602963,-1.103815108327997,0.21001252712874074,-0.003711530230606486,-7.552887498537184e-5,-0.001727377017791664,0.06855107026638153,-0.05237659811973572,0.1327599138021469,-0.1279597282409668,0.29466351866722107,-0.04134685918688774,-0.48044371604919434,0.30216968059539795,0.37939006090164185,0.07371903210878372,0.6318149566650391,0.18724465370178223,-0.6767114400863647
0.4551758749999989,0.0034223749999999996,133.0,2.0627599200880757,-1.08762120727666,0.20996396356528213,-0.003548841992080375,-7.084321179708291e-5,-0.0016498303722929917,0.06854927428239928,-0.053001463413238525,0.13361939787864685,-0.12926962971687317,0.2955322861671448,-0.04273412749171257,-0.47684359550476074,0.3041672706604004,0.37735408544540405,0.07825860381126404,0.6323096752166748,0.1836242973804474,-0.6755414605140686
0.4551758749999989,0.0034223749999999996,133.0,2.0457314547195726,-1.0706378354326453,0.20993672679243575,-0.0033624597290950417,-6.827268713540999e-5,-0.0015642804866637834,0.06854779264981672,-0.05367669463157654,0.13331465423107147,-0.12938502430915833,0.2927069365978241,-0.04403260722756386,-0.4678478240966797,0.3078998029232025,0.37937992811203003,0.07716056704521179,0.6362094879150391,0.19279153645038605,-0.6747878789901733
0.4551758749999989,0.0034223749999999996,133.0,2.027890474457125,-1.0527463404221886,0.20988389780965777,-0.0031864973178298804,-6.296906526903712e-5,-0.0014820330231710378,0.06854628404494123,-0.05400484800338745,0.13501372933387756,-0.13070827722549438,0.2963814437389374,-0.051659975200891495,-0.47670984268188477,0.30936530232429504,0.3755045533180237,0.05725892260670662,0.6417512893676758,0.20954358577728271,-0.6746253371238708
0.4551758749999989,0.0034223749999999996,133.0,2.0091649723521723,-1.0339962511633067,0.20985302676083845,-0.0030032107755544337,-5.96202342206045e-5,-0.0013968814837959343,0.0685424646247839,-0.05578860640525818,0.13693037629127502,-0.13252577185630798,0.29908427596092224,-0.04985988140106201,-0.47060275077819824,0.3142660856246948,0.37377849221229553,0.06298062950372696,0.6445512771606445,0.1987466663122177,-0.6756345629692078
0.4551758749999989,0.0034223749999999996,133.0,1.9896321199580767,-1.0144990502087052,0.20980043899558065,-0.0028388927847930122,-5.8015044976680576e-5,-0.0013215705097443806,0.06854065547125185,-0.05677947402000427,0.13740813732147217,-0.13352131843566895,0.2979804575443268,-0.05042387172579765,-0.46105432510375977,0.31968560814857483,0.3740568161010742,0.06663478165864944,0.6470799446105957,0.19869790971279144,-0.6748469471931458
0.4551758749999989,0.0034223749999999996,133.0,1.9692951893675477,-0.994116655444864,0.20974622849427874,-0.002623740257657031,-5.345937501716684e-5,-0.0012221752170153883,0.06853855774773913,-0.057632267475128174,0.1388864368200302,-0.13486000895500183,0.3005342483520508,-0.05449662357568741,-0.4631843566894531,0.3225242793560028,0.37128138542175293,0.055786971002817154,0.6522822380065918,0.20758593082427979,-0.6746612787246704
0.4551758749999989,0.0034223749999999996,133.0,1.9480893766013603,-0.9731453177865979,0.20976982517745305,-0.002409698550154986,-5.1376591980439993e-5,-0.0011238502249420709,0.06853813548172105,-0.058895766735076904,0.1350252628326416,-0.13344430923461914,0.2870378792285919,-0.044741999357938766,-0.43052172660827637,0.3291533291339874,0.38184261322021484,0.08498786389827728,0.6559219360351562,0.2125529646873474,-0.6717672348022461
0.4551758749999989,0.0034223749999999996,133.0,1.9260479064405593,-0.9510888998146535,0.20969781557702608,-0.00220750608519074,-4.612533587884712e-5,-0.0010287681810983197,0.06853518718965568,-0.060118407011032104,0.1367165446281433,-0.13502192497253418,0.28972798585891724,-0.04868166893720627,-0.4318196773529053,0.333814412355423,0.3797788918018341,0.07273156940937042,0.6619677543640137,0.22253720462322235,-0.6724545359611511
0.4551758749999989,0.0034223749999999996,133.0,1.9031474324970188,-0.9281786890468691,0.2096148313443954,-0.002005792017385122,-4.176804681741767e-5,-0.0009339941672421298,0.0685314937682377,-0.0622100830078125,0.1392284482717514,-0.13727205991744995,0.293747216463089,-0.04915082827210426,-0.42841506004333496,0.3407445251941681,0.3776347041130066,0.07011071592569351,0.6669831275939941,0.2182723432779312,-0.6743915677070618
0.4551758749999989,0.0034223749999999996,133.0,1.8793911098755045,-0.9043632941670864,0.20948120530382877,-0.001844276887745478,-3.782115210197473e-5,-0.0008576511516508769,0.06852690216848753,-0.06480014324188232,0.14394602179527283,-0.14090406894683838,0.3039369583129883,-0.05062893033027649,-0.4330713748931885,0.346333384513855,0.3703215718269348,0.06366556137800217,0.6714637279510498,0.2029760181903839,-0.6773155331611633
0.4551758749999989,0.0034223749999999996,133.0,1.85487426182426,-0.879793149308768,0.2094036713632155,-0.0016459844913056284,-3.3112862503753095e-5,-0.0007659623566009877,0.06852384440005589,-0.0663338303565979,0.14653973281383514,-0.14261332154273987,0.308804988861084,-0.05541253462433815,-0.4374403953552246,0.34929558634757996,0.3668020963668823,0.042487870901823044,0.679863691329956,0.21552887558937073,-0.6787330508232117
0.4551758749999989,0.0034223749999999996,133.0,1.8294678666505035,-0.8544368586347463,0.20942512656518406,-0.001462021509918658,-3.1397915910962075e-5,-0.0006822663296543725,0.06851984767847852,-0.06805863976478577,0.14661459624767303,-0.143490731716156,0.30557534098625183,-0.05387350171804428,-0.4240224361419678,0.3561757504940033,0.36946815252304077,0.04664450138807297,0.6861155033111572,0.22229385375976562,-0.6782367825508118
0.4551758749999989,0.0034223749999999996,133.0,1.8032698381664518,-0.8283548630194816,0.2093923861570801,-0.0012807125968670647,-2.80796212773243e-5,-0.0005978230684387662,0.06851809458236043,-0.06947654485702515,0.1453421264886856,-0.14402499794960022,0.2987907826900482,-0.05083926022052765,-0.4053161144256592,0.36437612771987915,0.3743356466293335,0.0604720339179039,0.6910393238067627,0.2297758162021637,-0.6763690710067749
0.4551758749999989,0.0034223749999999996,133.0,1.7762499247372363,-0.801376088779342,0.20933065415691915,-0.001130383515625258,-2.5232750612949917e-5,-0.0005277745473736715,0.0685159845216414,-0.07049298286437988,0.14560046792030334,-0.14559540152549744,0.29629823565483093,-0.05219356343150139,-0.393343448638916,0.37107768654823303,0.3742700219154358,0.06922894716262817,0.693490743637085,0.23012003302574158,-0.6738309264183044
0.4551758749999989,0.0034223749999999996,133.0,1.7484354481993054,-0.773588644642331,0.20925922174463005,-0.0009964391983944766,-2.2482970005778177e-5,-0.00046538701467983953,0.06851509596971672,-0.0706615149974823,0.1454022377729416,-0.14695975184440613,0.29322877526283264,-0.057322122156620026,-0.38579320907592773,0.37575098872184753,0.37331247329711914,0.07052762806415558,0.6954281330108643,0.2396537959575653,-0.6698133945465088
0.4551758749999989,0.0034223749999999996,133.0,1.7197278725726306,-0.7449852086112679,0.20918294509296828,-0.0008227588013008889,-1.8180872321664452e-5,-0.00038334507777983633,0.06851312350333287,-0.07230019569396973,0.14520986378192902,-0.14869967103004456,0.2892722487449646,-0.054431986063718796,-0.3682212829589844,0.38433924317359924,0.3750285506248474,0.09482155740261078,0.6973638534545898,0.2324044406414032,-0.6675743460655212
0.4551758749999989,0.0034223749999999996,133.0,1.690188941586767,-0.7155763385934175,0.2091265378293204,-0.0006907156958864328,-1.5656522810286813e-5,-0.0003216798700426974,0.06851172256170093,-0.07385927438735962,0.1442595273256302,-0.14982375502586365,0.28271669149398804,-0.0512591153383255,-0.34781694412231445,0.39470645785331726,0.3797461986541748,0.11675669252872467,0.700728178024292,0.23409050703048706,-0.6657639741897583
0.4551758749999989,0.0034223749999999996,133.0,1.6598161756479997,-0.6852675182972844,0.20904781554818858,-0.0005184599788453083,-1.2144715712985826e-5,-0.00024163334241211694,0.06850888909711496,-0.07571953535079956,0.14493046700954437,-0.15140274167060852,0.2807841897010803,-0.050619907677173615,-0.3352930545806885,0.4035533666610718,0.38090187311172485,0.12283237278461456,0.7067883014678955,0.2378821074962616,-0.6650406718254089
0.4551758749999989,0.0034223749999999996,133.0,1.6286438775196033,-0.654026009992126,0.2089577989833909,-0.0003257513604170844,-7.320904358716892e-6,-0.00015168052917992274,0.06850488127743751,-0.07736337184906006,0.1480143815279007,-0.1538151204586029,0.28678521513938904,-0.055397842079401016,-0.3385660648345947,0.40575727820396423,0.3736990690231323,0.10519984364509583,0.7149355411529541,0.24200260639190674,-0.6638821959495544
0.4551758749999989,0.0034223749999999996,133.0,1.5966148466229722,-0.6219772376598611,0.2088688457135815,-0.00015225283792419812,-3.4834532265805684e-6,-7.101471743490313e-5,0.06850031063819488,-0.07946470379829407,0.15039204061031342,-0.1558978259563446,0.29006651043891907,-0.05599527433514595,-0.3343961238861084,0.4108995497226715,0.36968088150024414,0.09666977822780609,0.7234649658203125,0.24428638815879822,-0.6632018089294434
0.4551758749999989,0.0034223749999999996,133.0,1.5637302669128523,-0.5892752418908647,0.2087988681540225,1.6879866239972563e-5,4.2349413208802864e-7,7.9069237453899e-6,0.06849745627757513,-0.08160296082496643,0.14849817752838135,-0.1563047170639038,0.28090018033981323,-0.04886794462800026,-0.312854528427124,0.42333945631980896,0.3776090145111084,0.11044454574584961,0.7327573299407959,0.262312650680542,-0.6620503664016724
0.4551758749999989,0.0034223749999999996,133.0,1.530019105400573,-0.5556246969899529,0.20872084076293895,0.00018649200232542394,4.7692484357974236e-6,8.73919870998349e-5,0.06849377414148429,-0.08386588096618652,0.14938309788703918,-0.15816807746887207,0.2793571949005127,-0.04713543877005577,-0.29972028732299805,0.4339679479598999,0.37847191095352173,0.11617749184370041,0.7401719093322754,0.26578113436698914,-0.6614342927932739
0.4551758749999989,0.0034223749999999996,133.0,1.495458388998696,-0.5210269095860252,0.20858930000448564,0.00037034345895389727,9.327567161402696e-6,0.0001733626037728158,0.06848790563586739,-0.08673062920570374,0.1531408429145813,-0.161543607711792,0.28655683994293213,-0.04771037399768829,-0.29700779914855957,0.4409602880477905,0.37156951427459717,0.11192438006401062,0.7476811408996582,0.25522980093955994,-0.6617820262908936
0.4551758749999989,0.0034223749999999996,133.0,1.4600673867542955,-0.4857090817472882,0.20850320309689604,0.000514981064102867,1.3192873372633298e-5,0.00024113430223968033,0.0684838169437577,-0.08933717012405396,0.1542680561542511,-0.16353368759155273,0.285542756319046,-0.04561755433678627,-0.2841029167175293,0.4524707496166229,0.37262946367263794,0.11569333076477051,0.7564189434051514,0.259590208530426,-0.6619055271148682
0.4551758749999989,0.0034223749999999996,133.0,1.4238516466703344,-0.44956491421636546,0.20841508689777888,0.0006781306275995497,1.771067404814547e-5,0.00031762889502625247,0.06847985073945775,-0.09180131554603577,0.15526512265205383,-0.16556590795516968,0.28427866101264954,-0.04394716024398804,-0.27081942558288574,0.4642788767814636,0.37340810894966125,0.12110371142625809,0.7645087242126465,0.262932151556015,-0.661486804485321
0.4551758749999989,0.0034223749999999996,133.0,1.3868165353011612,-0.4125927613083998,0.20833745300233697,0.0008519260430932646,2.276912863166002e-5,0.00039919188728223696,0.06847615921640271,-0.09394317865371704,0.1560213565826416,-0.1676340401172638,0.28249478340148926,-0.04314471408724785,-0.2571549415588379,0.47623881697654724,0.37380677461624146,0.12955023348331451,0.7711889743804932,0.2645815312862396,-0.660149097442627
0.4551758749999989,0.0034223749999999996,133.0,1.3489704327372138,-0.37480849878252426,0.2082460306442711,0.001049244733373878,2.9147665034851597e-5,0.0004921629153801862,0.06847323588929109,-0.09564787149429321,0.15641015768051147,-0.16980808973312378,0.28008484840393066,-0.0442657545208931,-0.24365234375,0.48876017332077026,0.37401455640792847,0.14109200239181519,0.7759313583374023,0.26579830050468445,-0.6579742431640625
0.4551758749999989,0.0034223749999999996,133.0,1.3102949224033156,-0.33618545359072693,0.20818594167710433,0.0012366675604403728,3.537037739877635e-5,0.0005803507341703703,0.06847038203176979,-0.09709209203720093,0.1565997302532196,-0.17203289270401,0.27725884318351746,-0.046538252383470535,-0.23019194602966309,0.501782238483429,0.37425291538238525,0.154880091547966,0.779482364654541,0.2663627862930298,-0.655401349067688
0.4551758749999989,0.0034223749999999996,133.0,1.2707369504183217,-0.2968877218301402,0.2081059083558019,0.0013581992270360298,4.117245673465235e-5,0.0006377843712446304,0.06846957239450417,-0.09933009743690491,0.15375180542469025,-0.17354851961135864,0.265184223651886,-0.03942686691880226,-0.20389485359191895,0.5254445672035217,0.38567304611206055,0.19732265174388885,0.784451961517334,0.27752357721328735,-0.6547842025756836
0.4551758749999989,0.0034223749999999996,133.0,1.2303846067687068,-0.25660360201731686,0.20801797442125486,0.0015137729463337755,4.717062327691295e-5,0.0007112319424412656,0.06846627417944556,-0.10141348838806152,0.15421552956104279,-0.17563584446907043,0.26340577006340027,-0.03846454620361328,-0.19130659103393555,0.5406249165534973,0.3865217864513397,0.20760822296142578,0.7906668186187744,0.2802075147628784,-0.6539028882980347
0.4551758749999989,0.0034223749999999996,133.0,1.1891539816197279,-0.21526198531822685,0.2078329680289622,0.0016652686278968544,5.254296343286279e-5,0.0007828048042589462,0.06845769067197684,-0.10452750325202942,0.1598847508430481,-0.17973098158836365,0.2781061828136444,-0.039186492562294006,-0.19545531272888184,0.5447147488594055,0.3707899749279022,0.19502368569374084,0.7977657318115234,0.25226473808288574,-0.6529039740562439
0.4551758749999989,0.0034223749999999996,133.0,1.1478087139508644,-0.17186376918910914,0.21020379283519422,0.0018084549982535269,4.575949446625902e-5,0.000854224603797491,0.06837297200199342,-0.10581713914871216,0.15767762064933777,-0.17983832955360413,0.26617196202278137,-0.03916860744357109,-0.1737382411956787,0.5585312247276306,0.37907886505126953,0.19237233698368073,0.809983491897583,0.2857937216758728,-0.6493546962738037
0.4551758749999989,0.0034223749999999996,133.0,1.1048879272237366,-0.12897301567514766,0.21006322431981145,0.0019063523354627494,5.392879310820249e-5,0.0009030782626609063,0.06836624613714909,-0.11007034778594971,0.1612122803926468,-0.18344497680664062,0.2719685137271881,-0.032657790929079056,-0.16036748886108398,0.5742271542549133,0.3739086389541626,0.20658902823925018,0.8213438987731934,0.261446088552475,-0.6500285863876343
0.4551758749999989,0.0034223749999999996,133.0,1.0610161727638248,-0.08543695178105559,0.21002899203489309,0.0018816999603869168,5.568743235349986e-5,0.0008939496932642123,0.0683587351796822,-0.11683014035224915,0.158284530043602,-0.1831565797328949,0.2547115087509155,-0.010441333055496216,-0.12820982933044434,0.6048969626426697,0.3964266777038574,0.2167542576789856,0.8557915687561035,0.31260669231414795,-0.655546247959137
0.4551758749999989,0.0034223749999999996,133.0,1.0155760352044536,-0.041381543488709746,0.20746773583904243,0.0017609849449654149,4.12912184122741e-5,0.0008360659389649317,0.06839895011628835,-0.130668044090271,0.19281499087810516,-0.18795016407966614,0.33542805910110474,0.008985847234725952,-0.17412137985229492,0.4168086647987366,0.38202351331710815,-0.21203415095806122,1.020613431930542,0.22786107659339905,-0.7217218279838562
0.4551758749999989,0.0034223749999999996,133.0,0.969486562476683,0.00546094801799953,0.20751716880552057,0.00010379775311502922,-3.534157246807755e-7,4.962601699503429e-5,0.06832925428077803,-0.15855881571769714,0.24105863273143768,-0.1849619448184967,0.3949453830718994,0.015929853543639183,-0.11532926559448242,0.08323946595191956,0.4792022705078125,-0.9306010603904724,1.332259178161621,0.11058617383241653,-0.8774335384368896
0.4551758749999989,0.0034223749999999996,133.0,1.012902852753351,0.04759749066618882,0.21039103943958462,-0.001712620233270296,-6.404000072459435e-5,-0.0008518827640931785,0.0679944696692722,-0.2003399133682251,0.11437266319990158,-0.18096035718917847,0.5432945489883423,-0.21392205357551575,0.10159921646118164,0.8276692032814026,-0.04048359394073486,-0.5863867402076721,1.4302058219909668,0.103614442050457,-0.50193190574646
0.4551758749999989,0.0034223749999999996,133.0,1.0549362908817124,0.09343458179430546,0.21207217939615947,-0.0019139192744480496,-1.2696991420887682e-5,-0.0009581327807538014,0.06779116383874481,-0.24856653809547424,0.14468532800674438,-0.13765907287597656,0.7897101640701294,-0.3505418300628662,0.3233070373535156,0.5295832753181458,0.04456496238708496,-1.3415741920471191,1.7695913314819336,0.32809126377105713,-0.8324065804481506
0.4551758749999989,0.0034223749999999996,133.0,1.0971858991328798,0.13811214872575978,0.21366642392845783,-0.001911152836993391,1.4249592019576827e-5,-0.0009443333323947093,0.06768852278220697,-0.29076793789863586,0.17347349226474762,-0.08596068620681763,1.0091599225997925,-0.584997832775116,0.4484090805053711,0.23609663546085358,0.15496227145195007,-1.7348483800888062,1.8823199272155762,0.5357928276062012,-1.1625910997390747
0.4551758749999989,0.0034223749999999996,133.0,1.1395799558375288,0.18154047940100002,0.21431719024364984,-0.0018057710076401208,1.9467797876394997e-5,-0.0008841218845647275,0.06765714828891246,-0.30016031861305237,0.18906119465827942,-0.07018858194351196,1.078478455543518,-0.6547537446022034,0.46924400329589844,0.19011935591697693,0.18105369806289673,-1.82449209690094,1.867682933807373,0.5418009161949158,-1.258491039276123
0.4551758749999989,0.0034223749999999996,133.0,1.1813819703596022,0.22377003525029418,0.21452474338543748,-0.0016530009886539597,1.946992006705874e-5,-0.0008063890734553851,0.06764881039144445,-0.303707093000412,0.19595299661159515,-0.06382659077644348,1.1041340827941895,-0.6886619925498962,0.47662806510925293,0.16642141342163086,0.1941135823726654,-1.8542227745056152,1.8528494834899902,0.5599240064620972,-1.2974660396575928
0.4551758749999989,0.0034223749999999996,133.0,1.2223793842682702,0.2650258058213201,0.2144738628078546,-0.001465697967807967,1.6776582308427392e-5,-0.0007148706356259171,0.06765093633280995,-0.30645862221717834,0.19924388825893402,-0.06419762969017029,1.0977020263671875,-0.7092225551605225,0.49195003509521484,0.17930252850055695,0.21017691493034363,-1.8710964918136597,1.8514618873596191,0.5727612972259521,-1.3072779178619385
0.4551758749999989,0.0034223749999999996,133.0,1.262714145047573,0.30542924933717247,0.2145435421348433,-0.0013802184980104472,1.4586032927646248e-5,-0.0006711231145120103,0.06764685876185532,-0.30557581782341003,0.20219632983207703,-0.0627586841583252,1.1109323501586914,-0.7052364349365234,0.5007169246673584,0.20178690552711487,0.2074441909790039,-1.8819482326507568,1.8279213905334473,0.590846598148346,-1.3180320262908936
0.4551758749999989,0.0034223749999999996,133.0,1.3022614182960899,0.3450196214248766,0.21470262748621735,-0.0011814067304181416,1.2594789401643313e-5,-0.0005715732294764972,0.06763922998992607,-0.30329760909080505,0.20577798783779144,-0.0573539137840271,1.145769715309143,-0.7003384232521057,0.5003917217254639,0.199530228972435,0.19510063529014587,-1.88865327835083,1.79109525680542,0.6170855760574341,-1.3407624959945679
0.4551758749999989,0.0034223749999999996,133.0,1.340870783420155,0.3837796296950919,0.21479653769956866,-0.001028402912720021,1.0763668442253993e-5,-0.0004959446417326523,0.06763555921401584,-0.30327078700065613,0.20888938009738922,-0.05491441488265991,1.1597086191177368,-0.708993136882782,0.5084590911865234,0.2068096399307251,0.19660919904708862,-1.9011647701263428,1.7686963081359863,0.6389495730400085,-1.3564338684082031
0.4551758749999989,0.0034223749999999996,133.0,1.378648373476745,0.4217054378712958,0.2148866464675959,-0.0008364581286762322,8.622675161755854e-6,-0.0004021244680646508,0.06763205471165668,-0.3032430112361908,0.21191103756427765,-0.05258604884147644,1.1730730533599854,-0.7163089513778687,0.5157982110977173,0.21329884231090546,0.1976093351840973,-1.9128742218017578,1.747054100036621,0.6592398285865784,-1.3710126876831055
0.4551758749999989,0.0034223749999999996,133.0,1.415596382372353,0.45878872547896626,0.21496283744369035,-0.0006659217423208786,6.708809317264801e-6,-0.00031922724214486525,0.06762899663988207,-0.30316904187202454,0.21467259526252747,-0.05058130621910095,1.1849026679992676,-0.7214644551277161,0.5225085020065308,0.22053903341293335,0.19797343015670776,-1.922257423400879,1.72688627243042,0.6778249740600586,-1.3834044933319092
0.4551758749999989,0.0034223749999999996,133.0,1.451711612776402,0.49503854745662723,0.21504176606014708,-0.0005031660753885594,4.951068198604735e-6,-0.0002405184114607527,0.06762592202806214,-0.3030904233455658,0.21732240915298462,-0.04859986901283264,1.1965088844299316,-0.726116418838501,0.5289301872253418,0.22764772176742554,0.19803392887115479,-1.931207537651062,1.7069549560546875,0.6961732506752014,-1.395263910293579
0.4551758749999989,0.0034223749999999996,133.0,1.4869928925655311,0.5304495724891052,0.2150990680215057,-0.00034595889176603954,3.2870170405007905e-6,-0.00016492430209847806,0.06762304506608749,-0.3029821217060089,0.21973121166229248,-0.04699411988258362,1.206545114517212,-0.728019654750824,0.5347021818161011,0.23551194369792938,0.19744226336479187,-1.937683343887329,1.6888556480407715,0.7126316428184509,-1.4048845767974854
0.4551758749999989,0.0034223749999999996,133.0,1.5214211968680356,0.5650403307227023,0.21519465176427324,-0.00019413286882980377,1.7738298686378895e-6,-9.227263948147428e-5,0.06761819034185311,-0.3030196726322174,0.22199034690856934,-0.045711666345596313,1.2153260707855225,-0.7270973324775696,0.5399283170700073,0.24318158626556396,0.19635871052742004,-1.942155122756958,1.6734623908996582,0.7261633276939392,-1.4127395153045654
0.4551758749999989,0.0034223749999999996,133.0,1.5548276381296784,0.5988113731329135,0.21523106908214426,-5.791608747028645e-5,4.867571743678774e-7,-2.747772781526831e-5,0.06761138928542999,-0.3061431348323822,0.2243943065404892,-0.04751497507095337,1.2045302391052246,-0.7352178692817688,0.5599675178527832,0.26052170991897583,0.20884183049201965,-1.9543370008468628,1.6785879135131836,0.7262183427810669,-1.414552927017212
0.4551758749999989,0.0034223749999999996,133.0,1.5873752651147792,0.6317888065950428,0.21538872915925789,0.00012512265916370414,-1.0325833897666398e-6,5.914047838670239e-5,0.06760005469065963,-0.3092798888683319,0.2272477149963379,-0.047137439250946045,1.205110788345337,-0.7445255517959595,0.5746922492980957,0.26162418723106384,0.21765294671058655,-1.9656081199645996,1.6790213584899902,0.7278565168380737,-1.4240539073944092
0.4551758749999989,0.0034223749999999996,133.0,1.6195207995858458,0.6619634197200034,0.212854779602639,0.0002949615239033903,-8.972471937319339e-7,0.00013838215315232152,0.06775091690626923,-0.3051948845386505,0.22828619182109833,-0.04249033331871033,1.2213685512542725,-0.7548533082008362,0.556552529335022,0.24549494683742523,0.21316924691200256,-1.953792691230774,1.6407151222229004,0.7650370001792908,-1.4359914064407349
0.4551758749999989,0.0034223749999999996,133.0,1.6504705710331427,0.6932507521888484,0.212942423668183,0.00046663320302571255,-1.3975577706034848e-6,0.00021833826142385204,0.06774615580787104,-0.30803075432777405,0.23107178509235382,-0.04155367612838745,1.2225713729858398,-0.7711211442947388,0.573129415512085,0.24981790781021118,0.22304114699363708,-1.9707053899765015,1.6359639167785645,0.7748251557350159,-1.4472122192382812
0.4551758749999989,0.0034223749999999996,133.0,1.6807848387144433,0.7236717106852687,0.21317110838268286,0.0006702783672112709,-1.976458658053757e-6,0.0003121763030681225,0.06773752985733222,-0.30666229128837585,0.23352716863155365,-0.03716447949409485,1.2492966651916504,-0.7675667405128479,0.5724550485610962,0.25277215242385864,0.21111178398132324,-1.9812966585159302,1.6065292358398438,0.7968829870223999,-1.4621832370758057
0.4551758749999989,0.0034223749999999996,133.0,1.7102966189090132,0.7532341066281227,0.21332021630426087,0.0008157560952706132,-2.250159077327451e-6,0.000378607925107972,0.06773374982405567,-0.30528542399406433,0.23554585874080658,-0.03377106785774231,1.2688851356506348,-0.7668987512588501,0.5733621120452881,0.2609182596206665,0.20239150524139404,-1.9912874698638916,1.578331708908081,0.8202016353607178,-1.4732388257980347
0.4551758749999989,0.0034223749999999996,133.0,1.7389725703578327,0.7819760653899108,0.21352981250234657,0.001001693540297728,-3.0186675659857765e-6,0.00046329411757939083,0.06772816408991705,-0.3043917119503021,0.2378138303756714,-0.028246432542800903,1.2948718070983887,-0.7746307849884033,0.5671466588973999,0.24736572802066803,0.1948397159576416,-1.9969428777694702,1.5492217540740967,0.8457645773887634,-1.4917986392974854
0.4551758749999989,0.0034223749999999996,133.0,1.7667158808936914,0.8098710630899049,0.2135618368054997,0.0011448075125869196,-3.5915960916879826e-6,0.0005287082546197514,0.06772843321691695,-0.3051856458187103,0.24025800824165344,-0.02275410294532776,1.3142118453979492,-0.7956855297088623,0.5631498098373413,0.22275568544864655,0.19681024551391602,-2.0021047592163086,1.5266025066375732,0.8697862029075623,-1.5132026672363281
0.4551758749999989,0.0034223749999999996,133.0,1.7936906178002114,0.8369216063504187,0.21364547003055326,0.0013046634879583445,-4.009483257181725e-6,0.0006010610953326729,0.06772640806792057,-0.3051395118236542,0.24204084277153015,-0.020419180393218994,1.3248645067214966,-0.801072359085083,0.566156268119812,0.22604988515377045,0.19495603442192078,-2.0104963779449463,1.507824420928955,0.8877591490745544,-1.5221400260925293
0.4551758749999989,0.0034223749999999996,133.0,1.819908923957154,0.8630885653039204,0.21364314424488282,0.0014959206011192628,-3.1573319054961926e-6,0.0006883028453396036,0.06772654210548595,-0.3037737309932709,0.24281901121139526,-0.02157554030418396,1.3254300355911255,-0.7914901971817017,0.5763577222824097,0.2580335736274719,0.18906036019325256,-2.0193824768066406,1.4915757179260254,0.9004466533660889,-1.516998291015625
0.4551758749999989,0.0034223749999999996,133.0,1.8452355986274247,0.8884761914087352,0.21373837661582937,0.001690505581324806,-3.910024309276894e-6,0.0007761237946761496,0.0677245068755891,-0.30364909768104553,0.24433894455432892,-0.01915508508682251,1.337735652923584,-0.7921783924102783,0.5745768547058105,0.2537851631641388,0.18506184220314026,-2.0209109783172607,1.4769015312194824,0.9124798774719238,-1.5253738164901733
0.4551758749999989,0.0034223749999999996,133.0,1.8696144700531887,0.913050382984188,0.21382971340032256,0.00190681878143074,-4.833334780371034e-6,0.0008735962430336943,0.06772248373383051,-0.30491021275520325,0.24577824771404266,-0.018634170293807983,1.339365839958191,-0.7984424829483032,0.5817193984985352,0.2550446093082428,0.18857920169830322,-2.025914192199707,1.4706149101257324,0.9206767678260803,-1.5306096076965332
0.4551758749999989,0.0034223749999999996,133.0,1.893205351522161,0.9367676280614641,0.21382212876673004,0.0020667053822315566,-4.933625158683711e-6,0.0009461691479891974,0.06772229391709701,-0.30642303824424744,0.24710682034492493,-0.01915261149406433,1.3354682922363281,-0.8046984076499939,0.5929014682769775,0.2625422477722168,0.19464293122291565,-2.0323846340179443,1.4678537845611572,0.9268672466278076,-1.5328776836395264
0.4551758749999989,0.0034223749999999996,133.0,1.9159040894909487,0.9596612754471909,0.21386012455493536,0.002270490127644704,-5.559786515171494e-6,0.0010382129501425037,0.06772068046118065,-0.30811402201652527,0.24850398302078247,-0.020215868949890137,1.3293408155441284,-0.8103684186935425,0.6076066493988037,0.27497589588165283,0.20133712887763977,-2.042015552520752,1.466475486755371,0.9312573671340942,-1.5335607528686523
0.4551758749999989,0.0034223749999999996,133.0,1.9378359842728707,0.9817063198600713,0.2138009553761813,0.0024764265520158045,-5.140369237794704e-6,0.0011325943417465848,0.06771992124662968,-0.30998823046684265,0.24994364380836487,-0.020910829305648804,1.3222501277923584,-0.8223200440406799,0.6228318214416504,0.2834658622741699,0.21075856685638428,-2.052445888519287,1.4647448062896729,0.9371235966682434,-1.5360066890716553
0.4551758749999989,0.0034223749999999996,133.0,1.9590115115419446,1.0029186027635113,0.2138888578963537,0.002694661307788387,-5.491597136470017e-6,0.0012304187965614982,0.06771693263500553,-0.30998799204826355,0.25118350982666016,-0.019703179597854614,1.3293308019638062,-0.8228029608726501,0.6264290809631348,0.2881212532520294,0.20802488923072815,-2.0587856769561768,1.451869249343872,0.9475170969963074,-1.5404572486877441
0.4551758749999989,0.0034223749999999996,133.0,1.9793717373192463,1.0232760334264246,0.21403399271548865,0.002915899968801221,-8.916851142575462e-6,0.0013256666741739665,0.06771400958920677,-0.3089905083179474,0.25255006551742554,-0.015531331300735474,1.350592851638794,-0.8207964301109314,0.6155916452407837,0.2753237783908844,0.19836223125457764,-2.0595240592956543,1.432924509048462,0.9613950252532959,-1.5520908832550049
0.4551758749999989,0.0034223749999999996,133.0,1.9988364945683932,1.0429051957657174,0.21427721881765835,0.0030872065142848256,-9.82758525977748e-6,0.0014009919249834007,0.06770939575713823,-0.30926623940467834,0.25382378697395325,-0.01399993896484375,1.3592066764831543,-0.8205334544181824,0.6182687282562256,0.2782970070838928,0.19483762979507446,-2.0663092136383057,1.4211878776550293,0.9711229801177979,-1.557263970375061
0.4551758749999989,0.0034223749999999996,133.0,2.0175391860635017,1.0616209711948996,0.21446020653039174,0.0032816863979070058,-1.1282746954827284e-5,0.0014849857950360527,0.06770556648774198,-0.3079342544078827,0.2549211382865906,-0.009161591529846191,1.383245587348938,-0.8179095983505249,0.6034436225891113,0.2626294493675232,0.18238046765327454,-2.0643527507781982,1.3988406658172607,0.9857540130615234,-1.5688581466674805
0.4551758749999989,0.0034223749999999996,133.0,2.035154025155852,1.079535561150989,0.21432370903238615,0.003448580106523199,-1.2727478194775532e-5,0.0015624201680923594,0.06770986968960362,-0.31317058205604553,0.2566981315612793,-0.012541353702545166,1.3562439680099487,-0.8482093214988708,0.6361196041107178,0.26926642656326294,0.21131151914596558,-2.0809414386749268,1.415086030960083,0.9819114208221436,-1.5709254741668701
0.4551758749999989,0.0034223749999999996,133.0,2.0522248905467,1.0965557991151567,0.21440632904186063,0.0036458580023132573,-1.2719522220254439e-5,0.0016488292052478466,0.06770754890234172,-0.31161579489707947,0.2574021518230438,-0.010324269533157349,1.3711013793945312,-0.839626133441925,0.6305795907974243,0.27301597595214844,0.19972723722457886,-2.083026885986328,1.3964498043060303,0.9937771558761597,-1.5742652416229248
0.4551758749999989,0.0034223749999999996,133.0,2.068355468072216,1.1127709873831533,0.21449981026540663,0.0038193103870298103,-1.4324883188494642e-5,0.0017253869663182043,0.06770592040078115,-0.3121671974658966,0.2581910789012909,-0.01007145643234253,1.371501088142395,-0.8457661271095276,0.638611912727356,0.27852416038513184,0.2018771767616272,-2.0895655155181885,1.3889789581298828,1.000533103942871,-1.576899528503418
0.4551758749999989,0.0034223749999999996,133.0,2.0836338199763125,1.1280602797512203,0.21428101526524082,0.003990897415356547,-1.474980424910906e-5,0.0018025045151034704,0.06770982326967401,-0.31385841965675354,0.2591327130794525,-0.011051148176193237,1.3614593744277954,-0.861491858959198,0.6547348499298096,0.28621619939804077,0.21318289637565613,-2.0994627475738525,1.3872950077056885,1.0072035789489746,-1.578273057937622
0.4551758749999989,0.0034223749999999996,133.0,2.098163651637565,1.1425873703042893,0.21436552901073874,0.00412627574156404,-1.6159387553681203e-5,0.0018612122586803628,0.06770889794140303,-0.3132488429546356,0.25956183671951294,-0.008570462465286255,1.3705536127090454,-0.8713447451591492,0.651512861251831,0.2800915539264679,0.21192070841789246,-2.1023149490356445,1.3712224960327148,1.025418996810913,-1.5861653089523315
0.4551758749999989,0.0034223749999999996,133.0,2.1118052792428177,1.1562864057414237,0.21438553180785064,0.004247032177440379,-1.931296938690461e-5,0.0019147344399730475,0.06771284491723367,-0.3142913281917572,0.26002925634384155,-0.0072287917137146,1.368389368057251,-0.8975664377212524,0.6576752662658691,0.2714730501174927,0.22350770235061646,-2.110004425048828,1.3625168800354004,1.0460649728775024,-1.5956662893295288
0.4551758749999989,0.0034223749999999996,133.0,2.12480900722603,1.1691275673953576,0.21452970359281037,0.004376930284841977,-2.195756496888925e-5,0.001969550099616845,0.06771368983543942,-0.3110325038433075,0.2599661648273468,-0.002123534679412842,1.3933603763580322,-0.8977086544036865,0.6359988451004028,0.2546182870864868,0.20979604125022888,-2.1080470085144043,1.335256814956665,1.0732624530792236,-1.6069145202636719
0.4551758749999989,0.0034223749999999996,133.0,2.136961169493676,1.1811102264686208,0.21450022966770782,0.004513910515280567,-1.904527499760492e-5,0.002029750257889739,0.06771519257108917,-0.3081836998462677,0.2597287595272064,-0.0025919079780578613,1.3977010250091553,-0.8848201036453247,0.6386150121688843,0.2808741331100464,0.1983126997947693,-2.114680767059326,1.3172192573547363,1.0892318487167358,-1.599888801574707
0.4551758749999989,0.0034223749999999996,133.0,2.1483726045272924,1.1922220065135383,0.21455005663980134,0.004654720382644761,-1.8190872613815316e-5,0.0020881626035827387,0.06771538310465916,-0.3032630383968353,0.2592999339103699,0.0014584064483642578,1.4235913753509521,-0.8653658628463745,0.6147880554199219,0.2814384996891022,0.17421820759773254,-2.1097896099090576,1.2874927520751953,1.110222578048706,-1.6016796827316284
0.4551758749999989,0.0034223749999999996,133.0,2.1589882778102054,1.2025140542119241,0.21461101144017242,0.004790475069316344,-1.612135381402461e-5,0.0021441002543385445,0.06771636633879609,-0.29785189032554626,0.25863203406333923,0.004127323627471924,1.4469126462936401,-0.8364665508270264,0.5952389240264893,0.2970673143863678,0.1460912823677063,-2.1061041355133057,1.257070541381836,1.1277228593826294,-1.5969066619873047
0.4551758749999989,0.0034223749999999996,133.0,2.1686789612123163,1.2120539107753885,0.21474470908103463,0.004945431698370727,-1.3646277292105865e-5,0.0022113649557947363,0.06771652162094834,-0.29434284567832947,0.25826695561408997,0.005089461803436279,1.458408236503601,-0.8194179534912109,0.5886603593826294,0.3149207532405853,0.12985506653785706,-2.1085000038146973,1.236682415008545,1.1416069269180298,-1.5922269821166992
0.4551758749999989,0.0034223749999999996,133.0,2.177220088056066,1.2228156225663542,0.2177430805937756,0.005173546200953585,-3.8467429451378284e-5,0.002303640740726248,0.06754403057268198,-0.296021968126297,0.25976189970970154,0.005096107721328735,1.4781745672225952,-0.7916401028633118,0.6031831502914429,0.34212490916252136,0.11172783374786377,-2.1328983306884766,1.2375226020812988,1.1271851062774658,-1.5938770771026611
0.4551758749999989,0.0034223749999999996,133.0,2.1853775705793232,1.2306415822576657,0.2179407619723003,0.0054127317187448645,-3.999183990923356e-5,0.002404034451073756,0.06754513577461203,-0.2901791036128998,0.2591657340526581,0.009944885969161987,1.5109423398971558,-0.7578449845314026,0.5670126676559448,0.34084436297416687,0.07795295119285583,-2.120832681655884,1.2069859504699707,1.1359808444976807,-1.592756748199463
0.4551758749999989,0.0034223749999999996,133.0,2.192549704580564,1.2376240463618873,0.21792757140274308,0.005777920323796574,-3.944808314687141e-5,0.0025647660293528387,0.06754691658533854,-0.2873549163341522,0.25878357887268066,0.00946962833404541,1.5141477584838867,-0.7485764622688293,0.5684643983840942,0.36028265953063965,0.0691620409488678,-2.1271204948425293,1.1905710697174072,1.1479507684707642,-1.5872719287872314
0.4551758749999989,0.0034223749999999996,133.0,2.1989633301997156,1.2438109738177625,0.21804404274684527,0.006389533988430469,-4.365891195602539e-5,0.0028310510992284508,0.06754869607318506,-0.2832694947719574,0.2586597204208374,0.01226264238357544,1.5345872640609741,-0.7284114956855774,0.5481265783309937,0.3624770939350128,0.04805600643157959,-2.1255500316619873,1.1672608852386475,1.154594898223877,-1.5865583419799805
0.4551758749999989,0.0034223749999999996,133.0,2.2045180878930997,1.2491756051877465,0.2179889062354523,0.007776860053309344,-5.081730077427983e-5,0.0034424306111561507,0.06755270381111479,-0.2800542414188385,0.2588340938091278,0.01096266508102417,1.5381170511245728,-0.7197467684745789,0.5550081729888916,0.3843005895614624,0.03941929340362549,-2.1416821479797363,1.1480398178100586,1.161130666732788,-1.5815863609313965
0.4551758749999989,0.0034223749999999996,133.0,2.2092798007712178,1.253955087586519,0.21807994488936994,0.014439603315202911,-0.0001273507106184623,0.006341388575248636,0.06755060855674774,-0.2760421931743622,0.2635231614112854,0.012194424867630005,1.5647836923599243,-0.7362518906593323,0.5741764307022095,0.3824760317802429,0.03388756513595581,-2.2196435928344727,1.0930960178375244,1.1703898906707764,-1.6029927730560303
0.4551758749999989,0.0034223749999999996,133.0,2.1883220620399104,-1.2413510340690874,0.1988893351991745,-0.013915522692630187,-0.0001745015849931499,-0.006538720833186342,0.06851573685723125,-0.047798335552215576,0.13933132588863373,-0.12370762228965759,0.32622799277305603,-0.010811741463840008,-0.6884729862213135,0.2728254795074463,0.4062553942203522,-0.11491835862398148,0.6503164768218994,0.4246867597103119,-0.7354018092155457
0.4551758749999989,0.0034223749999999996,133.0,2.1837640409873544,-1.236694159475935,0.19904440603824805,-0.007509712285912788,-7.127967245747636e-5,-0.0035256188455018247,0.06849992575671097,-0.04867255687713623,0.14363431930541992,-0.12050241231918335,0.34084978699684143,-0.05762408301234245,-0.6772611141204834,0.2638726830482483,0.38809335231781006,-0.17627780139446259,0.6681389808654785,0.40390071272850037,-0.7317426800727844
0.4551758749999989,0.0034223749999999996,133.0,2.178336823717389,-1.2312947823286,0.19901441346997864,-0.0061691757671503535,-5.44698367919523e-5,-0.002893524577380478,0.06849400823766257,-0.05019420385360718,0.14489851891994476,-0.12056085467338562,0.342761367559433,-0.05919443070888519,-0.6610829830169678,0.2617107927799225,0.38369664549827576,-0.16847997903823853,0.6717369556427002,0.36811453104019165,-0.7292381525039673
0.4551758749999989,0.0034223749999999996,133.0,2.1721368882625125,-1.2251616118544908,0.1990058189866329,-0.005579365395305518,-4.668246499074983e-5,-0.002614377817115219,0.06849194506614494,-0.05048295855522156,0.14349053800106049,-0.12032312154769897,0.33801984786987305,-0.059530265629291534,-0.6465606689453125,0.2628723978996277,0.3829489052295685,-0.15427809953689575,0.6723344326019287,0.35530105233192444,-0.7237444519996643
0.4551758749999989,0.0034223749999999996,133.0,2.1650326338913732,-1.2181628046768131,0.19897884882799258,-0.0052363807669997195,-4.517725258145975e-5,-0.002452702813032346,0.06848853414564711,-0.052073657512664795,0.14376582205295563,-0.1209900975227356,0.3361225128173828,-0.05290258303284645,-0.6257460117340088,0.26363086700439453,0.38210248947143555,-0.12778131663799286,0.6723678112030029,0.3165978789329529,-0.7209998369216919
0.4551758749999989,0.0034223749999999996,133.0,2.1562827834575544,-1.2119049222361213,0.19638766360658502,-0.004994553777249557,-9.251003034286004e-5,-0.0023377484790959896,0.06856503446745597,-0.05185818672180176,0.14146357774734497,-0.12053722143173218,0.3309004008769989,-0.047781992703676224,-0.6155412197113037,0.2689228057861328,0.3825502097606659,-0.1054663360118866,0.6678545475006104,0.3054403066635132,-0.7162368297576904
0.4551758749999989,0.0034223749999999996,133.0,2.1475504753589822,-1.2033702076476198,0.19632881499724558,-0.004796340776864516,-9.172144184114429e-5,-0.00224546801904752,0.06856403318253426,-0.05288565158843994,0.13889102637767792,-0.1197633147239685,0.3213869333267212,-0.03980659693479538,-0.5866305828094482,0.27205801010131836,0.3867835998535156,-0.07208719849586487,0.6681985855102539,0.28336799144744873,-0.7109689116477966
0.4551758749999989,0.0034223749999999996,133.0,2.1380090173763717,-1.1939285018556132,0.19623731461321658,-0.004647968863534772,-8.867487318899902e-5,-0.002173301855708811,0.06856288787966884,-0.053552091121673584,0.1376998871564865,-0.12026497721672058,0.31635695695877075,-0.03444916009902954,-0.5656654834747314,0.2758161127567291,0.3876558840274811,-0.044029731303453445,0.6648087501525879,0.2593296468257904,-0.7068076729774475
0.4551758749999989,0.0034223749999999996,133.0,2.127599370272247,-1.1836256279783428,0.19619596350460594,-0.004515522512590845,-8.631912901960056e-5,-0.0021078740240231017,0.06856062379265332,-0.054660260677337646,0.1369810551404953,-0.12092897295951843,0.31173959374427795,-0.027608558535575867,-0.5403048992156982,0.2806697189807892,0.38903018832206726,-0.01075790449976921,0.6607105731964111,0.22722876071929932,-0.7035580277442932
0.4551758749999989,0.0034223749999999996,133.0,2.1163806019446,-1.172554454404061,0.19620484540908134,-0.004381665111236283,-8.682190013945837e-5,-0.0020452999258329953,0.06855968992857374,-0.055005043745040894,0.1337296962738037,-0.1200372576713562,0.30043402314186096,-0.021219972521066666,-0.5089926719665527,0.2858320474624634,0.3947299122810364,0.023619040846824646,0.6573915481567383,0.21308647096157074,-0.6979490518569946
0.4551758749999989,0.0034223749999999996,133.0,2.1043606786912794,-1.1605848549136324,0.19620487192770936,-0.004258291558286201,-8.551398173774881e-5,-0.0019858172358458697,0.06855920322007288,-0.05476537346839905,0.13270069658756256,-0.12096744775772095,0.29605168104171753,-0.021740112453699112,-0.4930117130279541,0.29036834836006165,0.39454755187034607,0.04375108331441879,0.6510944366455078,0.20040634274482727,-0.6933652758598328
0.4551758749999989,0.0034223749999999996,133.0,2.0915273908259797,-1.1477793966910042,0.19614385746042529,-0.00413373025295427,-8.090721734164551e-5,-0.0019222102037006012,0.06855939462438275,-0.054341286420822144,0.1320851594209671,-0.12271562218666077,0.29388147592544556,-0.021493040025234222,-0.4804556369781494,0.2960359752178192,0.39178359508514404,0.06693246215581894,0.6420261859893799,0.182879239320755,-0.688400149345398
0.4551758749999989,0.0034223749999999996,133.0,2.0779107782425195,-1.1341029570373284,0.1961103063982623,-0.004025362760819047,-7.704814496429937e-5,-0.0018697206539318792,0.06855995915640818,-0.05298805236816406,0.13159054517745972,-0.12440317869186401,0.29260337352752686,-0.02941545471549034,-0.479724645614624,0.29756662249565125,0.3871469795703888,0.07268174737691879,0.6349949836730957,0.18388573825359344,-0.6824403405189514
0.4551758749999989,0.0034223749999999996,133.0,2.0634472564105844,-1.1195914222859469,0.19604658050325982,-0.0038878851557626127,-7.261627182063228e-5,-0.001803303615143998,0.06856055864324546,-0.05198541283607483,0.1321013867855072,-0.12635233998298645,0.29384756088256836,-0.03857039660215378,-0.48319172859191895,0.2986840009689331,0.38146334886550903,0.07234589010477066,0.6300275325775146,0.18564553558826447,-0.6779606938362122
0.4551758749999989,0.0034223749999999996,133.0,2.048107101212016,-1.1042476442858102,0.19597196901744696,-0.003712103579767525,-7.106019999810391e-5,-0.001723914313059372,0.06855960762172844,-0.05198699235916138,0.13268277049064636,-0.12778028845787048,0.2944701015949249,-0.04320387542247772,-0.4815819263458252,0.30104997754096985,0.37872880697250366,0.0732412040233612,0.6286871433258057,0.18605685234069824,-0.675843358039856
0.4551758749999989,0.0034223749999999996,133.0,2.031909742845551,-1.0880565158590259,0.1959279097449491,-0.0035493814043902065,-6.651889195775877e-5,-0.0016465037574704626,0.06855792364439352,-0.0526161789894104,0.13355252146720886,-0.12909594178199768,0.2953525483608246,-0.04461086913943291,-0.4780278205871582,0.30303046107292175,0.37671658396720886,0.07766786217689514,0.629204511642456,0.18249762058258057,-0.6747104525566101
0.4551758749999989,0.0034223749999999996,133.0,2.0148832623963515,-1.0710719621511562,0.19590087991939575,-0.0033629735425938214,-6.414247384213393e-5,-0.00156109483273928,0.06855657366609402,-0.053287625312805176,0.1332426220178604,-0.12921255826950073,0.29254046082496643,-0.045910101383924484,-0.4690735340118408,0.30673661828041077,0.378753125667572,0.07651117444038391,0.6330888271331787,0.1917291283607483,-0.6739804148674011
0.4551758749999989,0.0034223749999999996,133.0,1.997043481693844,-1.053185790755271,0.19585251810149942,-0.003187006706189916,-5.913034146615513e-5,-0.0014789438748024943,0.06855512122668642,-0.05362439155578613,0.13494905829429626,-0.1305328607559204,0.296212762594223,-0.05358479544520378,-0.47800707817077637,0.30821219086647034,0.37492436170578003,0.05638643726706505,0.6386885643005371,0.20864541828632355,-0.6738630533218384
0.4551758749999989,0.0034223749999999996,133.0,1.978323941996413,-1.0344419291411888,0.19582776612409675,-0.003003671419762721,-5.591748713414489e-5,-0.001393961089824239,0.0685515420551135,-0.05541065335273743,0.13687969744205475,-0.13236260414123535,0.2989283800125122,-0.051808834075927734,-0.47196173667907715,0.31309348344802856,0.3732196092605591,0.062009334564208984,0.6414833068847656,0.19791701436042786,-0.6749062538146973
0.4551758749999989,0.0034223749999999996,133.0,1.9587941751466804,-1.0149462639211335,0.1957783131666528,-0.002839317822349311,-5.444905911769004e-5,-0.0013188005336924138,0.06854991853077046,-0.05640408396720886,0.1373642385005951,-0.13335499167442322,0.29784145951271057,-0.052349843084812164,-0.46243739128112793,0.3184531331062317,0.3735092878341675,0.06557692587375641,0.6440436840057373,0.19788722693920135,-0.6741465330123901
0.4551758749999989,0.0034223749999999996,133.0,1.938460088271025,-0.9945684413002422,0.19572858074366778,-0.0026241387118034988,-5.017779326231596e-5,-0.0012195755697614857,0.06854795866090833,-0.057260721921920776,0.13884921371936798,-0.13469287753105164,0.30040067434310913,-0.056442342698574066,-0.4646115303039551,0.321268767118454,0.37076255679130554,0.05457231029868126,0.6492762565612793,0.20687347650527954,-0.6739950776100159
0.4551758749999989,0.0034223749999999996,133.0,1.9172577796355432,-0.9735845805768835,0.1957471652021604,-0.0024100621785157865,-4.82148563231765e-5,-0.0011214468090400662,0.0685477291242917,-0.058526039123535156,0.13498198986053467,-0.13328060507774353,0.286966472864151,-0.046601422131061554,-0.43197083473205566,0.32787373661994934,0.38134390115737915,0.08375057578086853,0.6529009342193604,0.2119254171848297,-0.6711841821670532
0.4551758749999989,0.0034223749999999996,133.0,1.895220451888425,-0.9515334681664447,0.19568047921630463,-0.0022078460158676903,-4.322922673912668e-5,-0.0010265208436939983,0.06854494146980032,-0.059752196073532104,0.1366795152425766,-0.13485932350158691,0.2896592915058136,-0.050558190792798996,-0.4333195686340332,0.3325151801109314,0.3793100416660309,0.07134691625833511,0.658963680267334,0.2220211774110794,-0.6719037890434265
0.4551758749999989,0.0034223749999999996,133.0,1.8723269766187944,-0.928631368044539,0.19560505697443803,-0.0020060918879494976,-3.909072626305519e-5,-0.0009319295360506895,0.06854152341561656,-0.06184539198875427,0.1392049640417099,-0.13712039589881897,0.29368725419044495,-0.05105289816856384,-0.4299919605255127,0.3394187092781067,0.3771893084049225,0.06860142946243286,0.6639647483825684,0.21784046292304993,-0.6738731265068054
0.4551758749999989,0.0034223749999999996,133.0,1.8485796117858284,-0.904831404864363,0.19548371130251982,-0.0018445372965902544,-3.5330262640592335e-5,-0.0008557359590126031,0.06853726800988377,-0.0644368827342987,0.14394822716712952,-0.1407691240310669,0.3038778007030487,-0.05258705094456673,-0.43474388122558594,0.34496408700942993,0.3698936998844147,0.06199992448091507,0.6684215068817139,0.2025914341211319,-0.6768144965171814
0.4551758749999989,0.0034223749999999996,133.0,1.8240680905109914,-0.880269486313939,0.19541194189966574,-0.0016462227640768603,-3.091907944831982e-5,-0.000764212781749094,0.0685344124232267,-0.06596845388412476,0.1465463489294052,-0.14248347282409668,0.3087438642978668,-0.057430729269981384,-0.4391951560974121,0.3479098677635193,0.3664074242115021,0.040633153170347214,0.6767866611480713,0.21531261503696442,-0.6782629489898682
0.4551758749999989,0.0034223749999999996,133.0,1.7986670513861283,-0.8549132906735011,0.19543597328434975,-0.0014622329530658694,-2.9406582375150463e-5,-0.000680697386816432,0.06853064742082515,-0.06769371032714844,0.14662528038024902,-0.14336547255516052,0.3055459260940552,-0.05588790029287338,-0.4258453845977783,0.35476255416870117,0.3690968155860901,0.04466111585497856,0.6830215454101562,0.22219493985176086,-0.6778218150138855
0.4551758749999989,0.0034223749999999996,133.0,1.7724733455404351,-0.8288270580699455,0.1954048623439418,-0.0012808994731853048,-2.6275584194330008e-5,-0.000596431026346412,0.06852908760925117,-0.06911391019821167,0.14535589516162872,-0.14390280842781067,0.29880353808403015,-0.05284351855516434,-0.40720033645629883,0.3629448711872101,0.37398868799209595,0.05837499722838402,0.6879394054412842,0.22978496551513672,-0.6760212182998657
0.4551758749999989,0.0034223749999999996,133.0,1.7454566681997945,-0.8018491175856692,0.19534830606600365,-0.0011305462774700563,-2.360112181394765e-5,-0.00052653737180333,0.0685271678900831,-0.07013365626335144,0.1456252634525299,-0.1454767882823944,0.29634302854537964,-0.054230447858572006,-0.39529967308044434,0.36961546540260315,0.37394753098487854,0.06695861369371414,0.6904006004333496,0.23022612929344177,-0.6735397577285767
0.4551758749999989,0.0034223749999999996,133.0,1.7176424469546558,-0.7740609030570165,0.19528140038351444,-0.0009965851689345915,-2.102955141671055e-5,-0.000464286282924728,0.06852636625357625,-0.07030779123306274,0.14543509483337402,-0.14683720469474792,0.2933044731616974,-0.05939341336488724,-0.38780975341796875,0.3742605447769165,0.3730211853981018,0.06804896891117096,0.6923701763153076,0.23987960815429688,-0.6695842146873474
0.4551758749999989,0.0034223749999999996,133.0,1.6889400988635226,-0.7454569069984283,0.1952111151058757,-0.0008228768627779072,-1.6925776064011023e-5,-0.00038242734957738355,0.06852461018122985,-0.07195132970809937,0.1452590972185135,-0.14858785271644592,0.2893962562084198,-0.05651642009615898,-0.37032437324523926,0.38282671570777893,0.37474972009658813,0.09222429245710373,0.6942992210388184,0.23267510533332825,-0.6674057245254517
0.4551758749999989,0.0034223749999999996,133.0,1.6594059908001337,-0.7160450036065154,0.19515831580356235,-0.0006908142777851803,-1.4557143138314935e-5,-0.0003209027146795124,0.06852342209699612,-0.0735146701335907,0.14431732892990112,-0.14971816539764404,0.28288841247558594,-0.05334565043449402,-0.35001230239868164,0.3931870460510254,0.3794853985309601,0.1140439510345459,0.6976609230041504,0.23445743322372437,-0.6656616926193237
0.4551758749999989,0.0034223749999999996,133.0,1.6290392441819452,-0.6857382992164113,0.19508464297518602,-0.0005185334845785088,-1.1299446910923846e-5,-0.00024104251946908815,0.06852086657075125,-0.07537800073623657,0.1449981927871704,-0.15130269527435303,0.2809942960739136,-0.05271380394697189,-0.3375892639160156,0.4020085334777832,0.38065725564956665,0.11996074765920639,0.7037076950073242,0.23835691809654236,-0.6649925708770752
0.4551758749999989,0.0034223749999999996,133.0,1.597872646232637,-0.654506558078928,0.19500288910489996,-0.0003257980264211316,-6.7945757168981375e-6,-0.00015129988279177873,0.06851713186427882,-0.07702332735061646,0.14809845387935638,-0.1537153422832489,0.2870248258113861,-0.057521358132362366,-0.3409383296966553,0.4041365087032318,0.3734647035598755,0.10206618160009384,0.7118346691131592,0.24256619811058044,-0.6638739705085754
0.4551758749999989,0.0034223749999999996,133.0,1.5658506689850706,-0.6224653407507884,0.19492079151239705,-0.00015227453542675647,-3.2362608207287545e-6,-7.083365322340884e-5,0.06851289351398264,-0.07912454009056091,0.15048956871032715,-0.15580090880393982,0.29034391045570374,-0.05813583359122276,-0.33685302734375,0.4092136323451996,0.36945366859436035,0.09330536425113678,0.7203283309936523,0.24494746327400208,-0.6632385849952698
0.4551758749999989,0.0034223749999999996,133.0,1.5329727154641304,-0.5897570893904385,0.19485149823543524,1.6882333819724994e-5,3.9509126799685933e-7,7.886545401203711e-6,0.06851029454260239,-0.08126431703567505,0.14859257638454437,-0.15620684623718262,0.2812305688858032,-0.050973955541849136,-0.3153860569000244,0.4216623604297638,0.3773982524871826,0.10696955025196075,0.7296090126037598,0.2631329596042633,-0.6621570587158203
0.4551758749999989,0.0034223749999999996,133.0,1.4992690362847356,-0.5561093307558734,0.19477957410658614,0.0001865193681134913,4.446818650481178e-6,8.716327107485055e-5,0.06850692583584335,-0.08352702856063843,0.14948736131191254,-0.15807512402534485,0.279735803604126,-0.04924501106142998,-0.302354097366333,0.43225231766700745,0.3782678246498108,0.11252722144126892,0.7369852066040039,0.26669588685035706,-0.6615962386131287
0.4551758749999989,0.0034223749999999996,133.0,1.464718246213299,-0.521523571921121,0.1946595291733714,0.00037039609794252567,8.678060048878097e-6,0.0001729007277668355,0.06850147093192231,-0.08638930320739746,0.15327107906341553,-0.16146183013916016,0.28698888421058655,-0.04983753338456154,-0.29975128173828125,0.43913891911506653,0.3713514804840088,0.10804127901792526,0.7444124221801758,0.25613173842430115,-0.6619827747344971
0.4551758749999989,0.0034223749999999996,133.0,1.4293360138831683,-0.48620929166284255,0.19457994126302464,0.0005150546475530689,1.2265239575904468e-5,0.00024047992495978272,0.06849772557651872,-0.08899334073066711,0.1544087827205658,-0.1634577512741089,0.28603431582450867,-0.0477389432489872,-0.2869606018066406,0.4505991041660309,0.3724094331264496,0.11162548512220383,0.7530865669250488,0.2605688273906708,-0.6621637940406799
0.4551758749999989,0.0034223749999999996,133.0,1.3931285465911964,-0.45006825432447245,0.1944984814435253,0.0006782280416187902,1.645492069030466e-5,0.0003167525265967523,0.06849409578488612,-0.09145545959472656,0.15541678667068481,-0.16549500823020935,0.28483065962791443,-0.046066027134656906,-0.2737874984741211,0.46235471963882446,0.373185396194458,0.11684677004814148,0.7611172199249268,0.2639767825603485,-0.6618030667304993
0.4551758749999989,0.0034223749999999996,133.0,1.3561005734247125,-0.4130984679235703,0.19442762978918945,0.000852048420206169,2.1144986628991474e-5,0.00039807551729376,0.06849071561439342,-0.0935952365398407,0.15618520975112915,-0.16756683588027954,0.28311190009117126,-0.045268796384334564,-0.2602381706237793,0.47426486015319824,0.3735787570476532,0.12509894371032715,0.7677433490753174,0.2656771242618561,-0.6605251431465149
0.4551758749999989,0.0034223749999999996,133.0,1.3182600282472419,-0.37531542148077807,0.1943432744414965,0.0010493947220134208,2.70851579536698e-5,0.0004907763362814326,0.06848806706400752,-0.09529945254325867,0.15658791363239288,-0.16974365711212158,0.28076717257499695,-0.04640549421310425,-0.24684929847717285,0.4867398738861084,0.37377846240997314,0.13644839823246002,0.7724432945251465,0.26691946387290955,-0.65840744972229
0.4551758749999989,0.0034223749999999996,133.0,1.2795892120164836,-0.33669293585753035,0.19429052277071868,0.001236844189390194,3.2859715996624774e-5,0.0005787043772598995,0.06848544691439545,-0.09674352407455444,0.15679167211055756,-0.17197024822235107,0.2780071496963501,-0.04869654029607773,-0.23350000381469727,0.4997209906578064,0.3740086555480957,0.15005241334438324,0.7759613990783691,0.26749664545059204,-0.6558923721313477
0.4551758749999989,0.0034223749999999996,133.0,1.2400383348864215,-0.2973861473480142,0.19421511419614496,0.0013584027015681316,3.8221564565308286e-5,0.0006359594070530286,0.06848481553853758,-0.09898361563682556,0.1539473831653595,-0.17349347472190857,0.26600098609924316,-0.041563235223293304,-0.20732927322387695,0.5234236121177673,0.3854190409183502,0.19247139990329742,0.7809205055236816,0.2786920964717865,-0.6553344130516052
0.4551758749999989,0.0034223749999999996,133.0,1.1996930597771,-0.2571034502085855,0.19413403155313153,0.0015140010142873426,4.377765163995043e-5,0.0007091737070996741,0.06848181532146162,-0.10106417536735535,0.1544213742017746,-0.1755833625793457,0.26429519057273865,-0.04058656096458435,-0.1948549747467041,0.538549542427063,0.38624832034111023,0.2025764137506485,0.7870783805847168,0.28139346837997437,-0.6545065641403198
0.4551758749999989,0.0034223749999999996,133.0,1.1584736576174761,-0.2157800004015919,0.19396307891173753,0.0016654985019638208,4.87989350190079e-5,0.0007805166819212136,0.0684738102931746,-0.10416650772094727,0.16012760996818542,-0.17968830466270447,0.27909693121910095,-0.04129702225327492,-0.19910669326782227,0.5423997640609741,0.37044745683670044,0.1896621584892273,0.7940030097961426,0.2532314956188202,-0.653538167476654
0.4551758749999989,0.0034223749999999996,133.0,1.1171312952683001,-0.1723722954738979,0.19633223528828933,0.001808728786034526,4.1621447139852434e-5,0.0008516571453288707,0.06838899631043481,-0.10551333427429199,0.15794284641742706,-0.17976364493370056,0.267315536737442,-0.04094954952597618,-0.17739057540893555,0.5562642216682434,0.3787330389022827,0.18656018376350403,0.8064699172973633,0.28701919317245483,-0.6501424312591553
0.4551758749999989,0.0034223749999999996,133.0,1.0742244526477431,-0.12949275546378142,0.19620340044983942,0.0019066218311512577,4.940933109729833e-5,0.0009003490289714816,0.06838299353487469,-0.10971936583518982,0.1614675372838974,-0.18338069319725037,0.2731548845767975,-0.03453213348984718,-0.16416525840759277,0.5718238949775696,0.37351909279823303,0.20087459683418274,0.8174726963043213,0.2624660134315491,-0.65081387758255
0.4551758749999989,0.0034223749999999996,133.0,1.0303756406768518,-0.08594646509427828,0.19616730941308755,0.001882030798538542,5.0980338823086886e-5,0.0008910719206319668,0.0683760283573406,-0.11630779504776001,0.15835240483283997,-0.1831023097038269,0.25567376613616943,-0.012540132738649845,-0.13213849067687988,0.6026400327682495,0.3961361050605774,0.21201404929161072,0.8510611057281494,0.3143341541290283,-0.6562046408653259
0.4551758749999989,0.0034223749999999996,133.0,0.9849846630440853,-0.04200780567367607,0.19362606121607967,0.001761279745122884,3.912270495163183e-5,0.0008327006461047375,0.06842033291940285,-0.12949803471565247,0.19238857924938202,-0.18783541023731232,0.3351925015449524,0.005610332824289799,-0.17901158332824707,0.4148063063621521,0.3819328546524048,-0.21170248091220856,1.0121383666992188,0.23113149404525757,-0.7213729023933411
0.4551758749999989,0.0034223749999999996,133.0,0.9389876078368936,0.004671694644736124,0.19366877364825924,0.00010381950060676683,-2.4691257107522403e-7,4.9357826248242766e-5,0.06835764555990093,-0.1570153534412384,0.24031409621238708,-0.18475443124771118,0.3942912518978119,0.012894125655293465,-0.12240266799926758,0.08158029615879059,0.4786522686481476,-0.9255526661872864,1.3215675354003906,0.11554569751024246,-0.8762038946151733
0.4551758749999989,0.0034223749999999996,133.0,0.9825501534467239,0.04723601318251113,0.196548140471966,-0.0017127195491563238,-6.078951854497173e-5,-0.0008466585524684062,0.06803602686603451,-0.19850078225135803,0.11365655064582825,-0.1808353066444397,0.5405600070953369,-0.21362614631652832,0.09553790092468262,0.8254141807556152,-0.042342185974121094,-0.5757189393043518,1.4199833869934082,0.10619417577981949,-0.49732935428619385
0.4551758749999989,0.0034223749999999996,133.0,1.0247726932594996,0.0929596472930729,0.19806952201398928,-0.0019129133676958744,-1.4079511906270044e-5,-0.0009517191927790376,0.067850721690126,-0.25324127078056335,0.14675013720989227,-0.13077127933502197,0.8095436692237854,-0.3883109986782074,0.3401796817779541,0.4701153337955475,0.06119179725646973,-1.4039380550384521,1.7923979759216309,0.3776516020298004,-0.8686901330947876
0.4551758749999989,0.0034223749999999996,133.0,1.0671440560794303,0.1375474724845109,0.19952003038079016,-0.0019092203089259082,1.0415618374810648e-5,-0.0009385796621588709,0.0677568912841937,-0.2882060706615448,0.1724962294101715,-0.08731141686439514,0.9999231696128845,-0.5800963044166565,0.4426581859588623,0.24238966405391693,0.15299981832504272,-1.7277694940567017,1.8742856979370117,0.5354369878768921,-1.1513460874557495
0.4551758749999989,0.0034223749999999996,133.0,1.109571301051012,0.18092173621602184,0.2001204207882891,-0.0018036093824273524,1.5369011876224486e-5,-0.000879075807271417,0.06772781049434626,-0.2974548637866974,0.18788652122020721,-0.07191276550292969,1.0682361125946045,-0.647875964641571,0.46393775939941406,0.19803033769130707,0.17861711978912354,-1.8169398307800293,1.860774040222168,0.541494607925415,-1.245763897895813
0.4551758749999989,0.0034223749999999996,133.0,1.1513854592688049,0.22312746716894882,0.20030783476602013,-0.0016508957778280074,1.553254942409338e-5,-0.0008019561822335201,0.06772011625112052,-0.3008544147014618,0.19461704790592194,-0.06584006547927856,1.0932366847991943,-0.6803119778633118,0.4713921546936035,0.17553433775901794,0.1912653148174286,-1.84611976146698,1.8464360237121582,0.5597933530807495,-1.2836698293685913
0.4551758749999989,0.0034223749999999996,133.0,1.1923924708809155,0.2643716248247942,0.20025847656167392,-0.0014638229313000929,1.331024253046813e-5,-0.0007109629312562594,0.06772217456661267,-0.3035931885242462,0.1978752762079239,-0.0663125216960907,1.0865179300308228,-0.6999164819717407,0.486535906791687,0.1884993612766266,0.20710489153862,-1.862613558769226,1.8456072807312012,0.5719883441925049,-1.2929662466049194
0.4551758749999989,0.0034223749999999996,133.0,1.2327245237003204,0.3047643878102269,0.20032411393978172,-0.0013783823503582312,1.1415545621854469e-5,-0.0006675627809709075,0.0677182471602066,-0.30267348885536194,0.20077459514141083,-0.06505230069160461,1.0992851257324219,-0.6950401067733765,0.4952278137207031,0.21121276915073395,0.20429372787475586,-1.8728742599487305,1.8226923942565918,0.5891684293746948,-1.303175687789917
0.4551758749999989,0.0034223749999999996,133.0,1.272264568174833,0.344341591971202,0.20046557368505472,-0.0011797213777541406,9.876415467372658e-6,-0.0005687089951153155,0.06771118268124858,-0.30038920044898987,0.20436950027942657,-0.05976793169975281,1.1339850425720215,-0.6898256540298462,0.49499571323394775,0.20897555351257324,0.1920998990535736,-1.8796231746673584,1.7864141464233398,0.614824652671814,-1.3259226083755493
0.4551758749999989,0.0034223749999999996,133.0,1.3108742156202917,0.38309018478802065,0.20055160664195293,-0.0010268809909226456,8.410810389070249e-6,-0.0004935479303910812,0.06770771385317033,-0.3003530204296112,0.20748834311962128,-0.05740177631378174,1.147876262664795,-0.6980735659599304,0.5030661821365356,0.2161765992641449,0.1936245858669281,-1.8921732902526855,1.764418125152588,0.6362914443016052,-1.3415641784667969
0.4551758749999989,0.0034223749999999996,133.0,1.3486520535240587,0.421004882067071,0.20063415066535867,-0.0008351780874353331,6.7186310597084275e-6,-0.00040025044261018136,0.06770440016334185,-0.3003186881542206,0.2105209231376648,-0.055141329765319824,1.1611945629119873,-0.7050434947013855,0.5104111433029175,0.2225789874792099,0.19466203451156616,-1.903935432434082,1.743161678314209,0.6562137007713318,-1.356134295463562
0.4551758749999989,0.0034223749999999996,133.0,1.3856001026055882,0.45807797530216987,0.20070382285271676,-0.0006648728273023471,5.204298520119837e-6,-0.0003177897997116823,0.06770149924664488,-0.3002399504184723,0.2132943570613861,-0.05320081114768982,1.1729698181152344,-0.7098923325538635,0.5171312093734741,0.22972801327705383,0.19507968425750732,-1.91336989402771,1.7233505249023438,0.6744388341903687,-1.3685259819030762
0.4551758749999989,0.0034223749999999996,133.0,1.4217153483088447,0.49431798666240395,0.20077628459575117,-0.0005023519155206378,3.822999742356324e-6,-0.0002394727918267356,0.06769857836734829,-0.30015525221824646,0.21595606207847595,-0.05128255486488342,1.184517502784729,-0.7142507433891296,0.5235649347305298,0.23674511909484863,0.1951986849308014,-1.9223642349243164,1.703763484954834,0.6924418807029724,-1.3803868293762207
0.4551758749999989,0.0034223749999999996,133.0,1.4569965093761168,0.5297200675736253,0.20082836860907172,-0.00034538660305586256,2.5194659243656733e-6,-0.00016422984017571232,0.06769582693686572,-0.3000417649745941,0.21837684512138367,-0.04973691701889038,1.1944875717163086,-0.7159003019332886,0.5293411016464233,0.24451594054698944,0.1946798861026764,-1.9288777112960815,1.6859755516052246,0.7085654735565186,-1.390014410018921
0.4551758749999989,0.0034223749999999996,133.0,1.4914251078314027,0.5643024280716981,0.20091986980905857,-0.0001938067434510696,1.3483201884819616e-6,-9.189465657691924e-5,0.06769110609082846,-0.3000752627849579,0.22064773738384247,-0.04851147532463074,1.2031867504119873,-0.7147648930549622,0.5345674753189087,0.2521042227745056,0.1936848759651184,-1.933384895324707,1.6708765029907227,0.721774160861969,-1.3978769779205322
0.4551758749999989,0.0034223749999999996,133.0,1.5248421591961092,0.5980647844582995,0.2009625322638238,-5.782149297888242e-5,3.623662046941631e-7,-2.736480676742987e-5,0.06768431298605959,-0.30319008231163025,0.2230452448129654,-0.05032792687416077,1.192373514175415,-0.7225387692451477,0.554423451423645,0.26927924156188965,0.20610016584396362,-1.9455370903015137,1.6761441230773926,0.7217138409614563,-1.3996021747589111
0.4551758749999989,0.0034223749999999996,133.0,1.5574003987321459,0.6310318784093658,0.20111925317352727,0.00012490654002489987,-7.634616539975193e-7,5.8892561396002186e-5,0.06767323217814813,-0.3063168227672577,0.22590532898902893,-0.04998692870140076,1.1929008960723877,-0.7315436005592346,0.5690419673919678,0.2703142464160919,0.21489888429641724,-1.9568889141082764,1.6768112182617188,0.7232598066329956,-1.409037470817566
0.4551758749999989,0.0034223749999999996,133.0,1.589533120422109,0.6612008096632898,0.19856778367734054,0.0002944442640704761,-2.535311154988306e-7,0.00013782925889020537,0.06782378884045104,-0.3022467792034149,0.22695721685886383,-0.04542553424835205,1.2091010808944702,-0.7416811585426331,0.5512279272079468,0.25444772839546204,0.21048599481582642,-1.9452695846557617,1.6389145851135254,0.7601316571235657,-1.4209914207458496
0.4551758749999989,0.0034223749999999996,133.0,1.6204925823880467,0.6924782680739916,0.19865269693616872,0.0004658075301907329,-3.775356182885744e-7,0.00021747712293216853,0.06781922556151175,-0.30506715178489685,0.22974586486816406,-0.04453405737876892,1.210287094116211,-0.7575061321258545,0.5677236318588257,0.2587031424045563,0.220302015542984,-1.9622128009796143,1.634413719177246,0.7697508335113525,-1.4321377277374268
0.4551758749999989,0.0034223749999999996,133.0,1.650802556091506,0.7228899262835823,0.19886669267663454,0.0006690457644561412,-5.158918491347326e-7,0.0003110189356283535,0.06781106640980662,-0.3036743104457855,0.2321828156709671,-0.040355145931243896,1.2365211248397827,-0.7531680464744568,0.5672258138656616,0.2620680034160614,0.20846468210220337,-1.9722819328308105,1.60573410987854,0.7908810973167419,-1.4467105865478516
0.4551758749999989,0.0034223749999999996,133.0,1.6803097938490879,0.7524451558222053,0.19900547485643721,0.0008142112688678114,-4.940740612203854e-7,0.0003772813743299831,0.06780753170954487,-0.30227819085121155,0.2341810166835785,-0.03715860843658447,1.2556793689727783,-0.7516888380050659,0.5683082342147827,0.27058255672454834,0.19980642199516296,-1.9817852973937988,1.5782811641693115,0.8132545351982117,-1.457397699356079
0.4551758749999989,0.0034223749999999996,133.0,1.7089829537023362,0.7811788795300522,0.19919691191402542,0.0009997311060142952,-8.194770444492995e-7,0.00046178597123557486,0.06780226692288994,-0.3013720214366913,0.23646487295627594,-0.031768739223480225,1.281447410583496,-0.7590529322624207,0.5623205900192261,0.257264107465744,0.1923772394657135,-1.9874086380004883,1.5497052669525146,0.8383282423019409,-1.475865364074707
0.4551758749999989,0.0034223749999999996,133.0,1.7367331523498235,0.8090653725530536,0.1992194333688291,0.0011425308716989482,-1.0280400286495371e-6,0.0005270555291584951,0.06780258795098516,-0.3032120168209076,0.23873071372509003,-0.029165297746658325,1.2863742113113403,-0.7816277146339417,0.5701260566711426,0.24872875213623047,0.201436847448349,-1.9979616403579712,1.5375761985778809,0.8566514849662781,-1.4899786710739136
0.4551758749999989,0.0034223749999999996,133.0,1.763704349631474,0.8361086437938009,0.19928585549433625,0.0013019880343457329,-1.0365549806653348e-6,0.0005993323375970268,0.06780078740378029,-0.3021179735660553,0.24075593054294586,-0.02404111623764038,1.3114248514175415,-0.7852150797843933,0.5616204738616943,0.23591949045658112,0.19268697500228882,-2.001434803009033,1.508904218673706,0.8801388144493103,-1.5063903331756592
0.4551758749999989,0.0034223749999999996,133.0,1.7899218453383483,0.8622726931438376,0.19929597000504004,0.0014928580578048411,4.216878141201084e-8,0.0006863201296001305,0.06780078761662364,-0.30178800225257874,0.24139833450317383,-0.027843058109283447,1.2984379529953003,-0.7776519656181335,0.5835287570953369,0.28250858187675476,0.19376060366630554,-2.0150928497314453,1.5020010471343994,0.8868536353111267,-1.4946935176849365
0.4551758749999989,0.0034223749999999996,133.0,1.8152449204108512,0.887654002052487,0.19937366703521556,0.0016869480619934984,-2.013302781655038e-7,0.0007740607499639816,0.06779903858370606,-0.3006589710712433,0.24312101304531097,-0.022760242223739624,1.3244338035583496,-0.7765860557556152,0.5701380968093872,0.26305094361305237,0.18314579129219055,-2.0121586322784424,1.4781322479248047,0.9044538736343384,-1.5101182460784912
0.4551758749999989,0.0034223749999999996,133.0,1.8396282010684937,0.9122229407467084,0.19946336945626608,0.001902781060049609,-6.591307231611155e-7,0.0008713162028638771,0.06779710256331013,-0.3019249141216278,0.24458400905132294,-0.02223631739616394,1.3260878324508667,-0.7828297019004822,0.5772531032562256,0.26413020491600037,0.18672111630439758,-2.0173561573028564,1.4719657897949219,0.9127234220504761,-1.515434980392456
0.4551758749999989,0.0034223749999999996,133.0,1.863224656345093,0.9359348846992498,0.19945689564720262,0.0020623149501801056,-4.449210026011644e-7,0.0009437280163325739,0.06779691394330957,-0.30343911051750183,0.24593211710453033,-0.02272292971611023,1.3222978115081787,-0.7891663908958435,0.5883547067642212,0.2713552415370941,0.19281405210494995,-2.024075984954834,1.469188928604126,0.9190047979354858,-1.5178406238555908
0.4551758749999989,0.0034223749999999996,133.0,1.8859294599400631,0.9588232545210227,0.1994980267531956,0.002265661267054526,-6.950954819060184e-7,0.0010355428489168981,0.06779531622826068,-0.3051582872867584,0.24738948047161102,-0.023648828268051147,1.3165620565414429,-0.7953457832336426,0.6029229164123535,0.2830115556716919,0.19965237379074097,-2.034261465072632,1.4674873352050781,0.9236743450164795,-1.519059419631958
0.4551758749999989,0.0034223749999999996,133.0,1.9078708508386824,0.9808633318418859,0.19944844936218944,0.0024711990584855713,4.710296454538471e-8,0.001129617302268608,0.06779441986208898,-0.30781838297843933,0.2487456500530243,-0.026516854763031006,1.2984511852264404,-0.8084180951118469,0.6282953023910522,0.30400311946868896,0.2142913043498993,-2.048591136932373,1.472700595855713,0.924714982509613,-1.5157227516174316
0.4551758749999989,0.0034223749999999996,133.0,1.929044060583658,1.0020704149523496,0.19952406692395086,0.002688849318924132,2.3481659882826897e-7,0.0012274103646686303,0.06779163323337598,-0.30705198645591736,0.2501358389854431,-0.023040562868118286,1.3168693780899048,-0.8081708550453186,0.6216702461242676,0.29542917013168335,0.20652490854263306,-2.0516040325164795,1.4527361392974854,0.9401154518127441,-1.5264590978622437
0.4551758749999989,0.0034223749999999996,133.0,1.9493987060256706,1.0224221492099783,0.19964649669778073,0.0029094329012650426,-2.51289344626354e-6,0.0013227316426441405,0.06778912934747222,-0.3053320348262787,0.2516521215438843,-0.016522318124771118,1.3486742973327637,-0.8060689568519592,0.6000614166259766,0.2685018479824066,0.192152738571167,-2.0474579334259033,1.427828073501587,0.9569161534309387,-1.5438823699951172
0.4551758749999989,0.0034223749999999996,133.0,1.9688670402297563,1.0420469388825004,0.1998925295927348,0.0030803266125089186,-3.188011143821024e-6,0.001397934817762531,0.0677846256747973,-0.30630484223365784,0.25282877683639526,-0.01738440990447998,1.346663236618042,-0.8063017129898071,0.6137006282806396,0.285424143075943,0.19367924332618713,-2.0593461990356445,1.42210054397583,0.9635446071624756,-1.5435312986373901
0.4551758749999989,0.0034223749999999996,133.0,1.9875593755886622,1.0607604505898014,0.20006678859706695,0.0032742748852305744,-4.150574136002891e-6,0.0014819859100909658,0.06778071286468373,-0.3049817383289337,0.25396937131881714,-0.012593746185302734,1.3706127405166626,-0.8039321899414062,0.599149227142334,0.2697606384754181,0.18148404359817505,-2.057574510574341,1.3999130725860596,0.977979302406311,-1.5553017854690552
0.4551758749999989,0.0034223749999999996,133.0,2.0051966482163643,1.078666186587969,0.19992716098300461,0.003440777668871951,-5.0350776489907995e-6,0.0015592416198841243,0.06778522395299716,-0.31018832325935364,0.25572848320007324,-0.015913307666778564,1.343782663345337,-0.8338640332221985,0.6314499378204346,0.2761770188808441,0.21013516187667847,-2.074350357055664,1.4160282611846924,0.9746448993682861,-1.5572561025619507
0.4551758749999989,0.0034223749999999996,133.0,2.0222641047395777,1.0956840987664667,0.20000815550257733,0.003637530497171319,-4.749243033892878e-6,0.0016456182047445839,0.06778298805496205,-0.3086279332637787,0.25646036863327026,-0.01372140645980835,1.3586145639419556,-0.8254340291023254,0.6260279417037964,0.2797865867614746,0.1987498700618744,-2.076465129852295,1.3974370956420898,0.986274242401123,-1.5607719421386719
0.4551758749999989,0.0034223749999999996,133.0,2.038396800695493,1.1118963469345748,0.20010082760198503,0.0038105348825206936,-6.028238161611273e-6,0.0017221288559863956,0.0677814054984155,-0.30916449427604675,0.2572416663169861,-0.013515591621398926,1.3589305877685547,-0.8312724828720093,0.634030818939209,0.2853442132472992,0.20086747407913208,-2.08290958404541,1.3901538848876953,0.9928638935089111,-1.5632901191711426
0.4551758749999989,0.0034223749999999996,133.0,2.0536827108165485,1.1271825462106702,0.19989035557521234,0.003981783373585332,-6.22964982811801e-6,0.0017990326761623944,0.06778511307334172,-0.3108472526073456,0.25816112756729126,-0.014535069465637207,1.348848819732666,-0.8464494347572327,0.650038480758667,0.29308682680130005,0.2120037078857422,-2.0926930904388428,1.3887653350830078,0.999393105506897,-1.5644493103027344
0.4551758749999989,0.0034223749999999996,133.0,2.068206567218944,1.141709106289185,0.19997097964995078,0.004116785960904183,-7.299273191900085e-6,0.0018578512698914384,0.06778394003109013,-0.3102390468120575,0.25860804319381714,-0.012094646692276001,1.3579187393188477,-0.8562011122703552,0.6469318866729736,0.28695783019065857,0.21078342199325562,-2.0956289768218994,1.3728909492492676,1.0174638032913208,-1.5723605155944824
0.4551758749999989,0.0034223749999999996,133.0,2.0818551559640457,1.1554043184541238,0.19997596280613636,0.0042370981651152885,-9.874734116655768e-6,0.0019115874570302981,0.0677880684064536,-0.31125006079673767,0.25906938314437866,-0.010776370763778687,1.3557788133621216,-0.8820964694023132,0.6529759168624878,0.27835550904273987,0.22219815850257874,-2.1033577919006348,1.36430025100708,1.0382976531982422,-1.5817126035690308
0.4551758749999989,0.0034223749999999996,133.0,2.094846247821015,1.1682438279975345,0.2000890588388676,0.004366308130792905,-1.1780032952432696e-5,0.001966991447606368,0.06778940714759434,-0.30795934796333313,0.25901365280151367,-0.005784481763839722,1.3804905414581299,-0.8821992874145508,0.6315270662307739,0.2618158757686615,0.2085905373096466,-2.101203203201294,1.3372719287872314,1.065211534500122,-1.5928106307983398
0.4551758749999989,0.0034223749999999996,133.0,2.1069902807012553,1.1802288554902627,0.20007518806650215,0.004503014438337042,-9.175363784780363e-6,0.002027083550746867,0.06779047091284865,-0.3051280081272125,0.258793443441391,-0.006262779235839844,1.384922981262207,-0.8692549467086792,0.6342136859893799,0.28780248761177063,0.19722235202789307,-2.1077353954315186,1.3193511962890625,1.0806524753570557,-1.5859930515289307
0.4551758749999989,0.0034223749999999996,133.0,2.118384819901013,1.1913417811399083,0.2001109903561929,0.0046432333208434205,-8.086247837892431e-6,0.0020858650252248783,0.06779077549334261,-0.30020639300346375,0.2583993673324585,-0.0022636055946350098,1.410721778869629,-0.8501648902893066,0.6106692552566528,0.28831106424331665,0.17343607544898987,-2.1027204990386963,1.2896544933319092,1.1011751890182495,-1.5880041122436523
0.4551758749999989,0.0034223749999999996,133.0,2.128981803058901,1.2016359055528514,0.2001628847613232,0.004778372233490723,-6.036122075007302e-6,0.0021421381160811326,0.06779187879582751,-0.29479482769966125,0.2577618360519409,0.0003420710563659668,1.4339063167572021,-0.8215597867965698,0.5914016962051392,0.30385822057724,0.14567455649375916,-2.0987699031829834,1.259307861328125,1.1179835796356201,-1.5834636688232422
0.4551758749999989,0.0034223749999999996,133.0,2.1386604304807535,1.2111768385686221,0.20029326175998619,0.00493243469005377,-3.5270270645117233e-6,0.0022094692969394647,0.06779206124766925,-0.2912839949131012,0.2574072480201721,0.0012563467025756836,1.4453208446502686,-0.804560661315918,0.5849567651748657,0.3216451406478882,0.129625141620636,-2.100900411605835,1.2390220165252686,1.1313198804855347,-1.5788915157318115
0.4551758749999989,0.0034223749999999996,133.0,2.1472068639059554,1.2219339212270877,0.20329327253191637,0.005160817634102502,-2.8364266809575665e-5,0.0023023186582218913,0.06762064269928375,-0.29294273257255554,0.2589130103588104,0.001241832971572876,1.4649657011032104,-0.7769191265106201,0.5992977619171143,0.3485133945941925,0.11173903942108154,-2.1249516010284424,1.2398338317871094,1.1163806915283203,-1.5806610584259033
0.4551758749999989,0.0034223749999999996,133.0,2.1553471032013274,1.22975676783546,0.20345201711892064,0.005398556029022734,-2.8842721849087685e-5,0.002403387963936162,0.06762226061571584,-0.28705891966819763,0.258342981338501,0.006038486957550049,1.4974884986877441,-0.7439321279525757,0.563423752784729,0.3472801148891449,0.07844844460487366,-2.112534284591675,1.209007740020752,1.1248149871826172,-1.5797898769378662
0.4551758749999989,0.0034223749999999996,133.0,2.1625066694127884,1.2367450046370203,0.2034616700015077,0.005762827904588052,-2.8594863937433997e-5,0.0025639304274146795,0.06762365431088786,-0.2842746078968048,0.2579854428768158,0.00556376576423645,1.5008184909820557,-0.7346640229225159,0.564963698387146,0.36647558212280273,0.06974765658378601,-2.1187705993652344,1.1927602291107178,1.1362521648406982,-1.5745177268981934
0.4551758749999989,0.0034223749999999996,133.0,2.1689061518316706,1.2429322092125572,0.20356842328839472,0.0063725781531272585,-3.17555735058795e-5,0.0028305936052781585,0.06762554228459126,-0.28018811345100403,0.2578885853290558,0.008333981037139893,1.5211838483810425,-0.7149991989135742,0.5448236465454102,0.3686200678348541,0.04892703890800476,-2.1170029640197754,1.1693599224090576,1.1425341367721558,-1.5740203857421875
0.4551758749999989,0.0034223749999999996,133.0,2.1744498602327162,1.2482960850056324,0.20351746611277485,0.007756012629432202,-3.6725089775839464e-5,0.0034422914060239524,0.06762954202910662,-0.2769845426082611,0.25807124376296997,0.007037043571472168,1.524760365486145,-0.7063868045806885,0.5516213178634644,0.3902255892753601,0.040343284606933594,-2.132899522781372,1.1501994132995605,1.1487038135528564,-1.569145917892456
0.4551758749999989,0.0034223749999999996,133.0,2.1791977791404933,1.2530588132412166,0.20360384462779488,0.014399393135095107,-9.978532898469819e-5,0.006344203908720923,0.06762800404860851,-0.2729877531528473,0.26280200481414795,0.008276522159576416,1.5514270067214966,-0.7230765223503113,0.5703411102294922,0.3880068063735962,0.03475064039230347,-2.210632562637329,1.0956289768218994,1.1580934524536133,-1.5904858112335205
0.4551758749999989,0.0034223749999999996,133.0,2.1574596468585416,-1.2418032176783875,0.18483409647741397,-0.013919458256654658,-0.00016259705265857471,-0.006524820405153548,0.0685212479824503,-0.0473540723323822,0.13914251327514648,-0.12338924407958984,0.3256464898586273,-0.012584567070007324,-0.6898193359375,0.27208414673805237,0.40527987480163574,-0.11433126777410507,0.6471590995788574,0.423282653093338,-0.7338314652442932
0.4551758749999989,0.0034223749999999996,133.0,2.1529044963454727,-1.237157364966493,0.18497661033815002,-0.007511689879718787,-6.584094380935584e-5,-0.0035177691786607416,0.06850647743848182,-0.048238933086395264,0.14344578981399536,-0.12021055817604065,0.34021005034446716,-0.059430722147226334,-0.678485631942749,0.2632457911968231,0.3871312141418457,-0.1757631152868271,0.6650168895721436,0.4023062586784363,-0.730126678943634
0.4551758749999989,0.0034223749999999996,133.0,2.1474821118914695,-1.231765694744424,0.18494900434440606,-0.006170692538981193,-4.9990341361909274e-5,-0.00288707842300118,0.06850102155803578,-0.04976111650466919,0.14472264051437378,-0.12028995156288147,0.342142790555954,-0.06102520599961281,-0.662287712097168,0.2610672116279602,0.3827473521232605,-0.16799229383468628,0.668572187423706,0.3665124475955963,-0.7276559472084045
0.4551758749999989,0.0034223749999999996,133.0,2.1412828301207716,-1.2256278581647264,0.18493973475798822,-0.005580723383454052,-4.249931386521669e-5,-0.002608509410339438,0.06849910333007107,-0.050056248903274536,0.14332212507724762,-0.12005653977394104,0.3374493718147278,-0.06133335456252098,-0.6477260589599609,0.2621862292289734,0.38202786445617676,-0.1538768708705902,0.6691722869873047,0.3537061810493469,-0.7222389578819275
0.4551758749999989,0.0034223749999999996,133.0,2.134183493323212,-1.2186302757651815,0.18491495299812638,-0.005237582824666659,-4.102866655804485e-5,-0.002447222208637004,0.06849602344097731,-0.051644861698150635,0.14360962808132172,-0.12074398994445801,0.3355916142463684,-0.05471160262823105,-0.626920223236084,0.2628995180130005,0.3811946511268616,-0.12739089131355286,0.6691386699676514,0.3150140643119812,-0.7195465564727783
0.4551758749999989,0.0034223749999999996,133.0,2.12543276083903,-1.2123669478007257,0.18232240706511818,-0.00499565983594587,-8.835108687549438e-5,-0.0023326368041229686,0.06857268657616251,-0.051435112953186035,0.14130957424640656,-0.12029498815536499,0.33039960265159607,-0.049577534198760986,-0.6166727542877197,0.26814812421798706,0.3816690444946289,-0.10515841096639633,0.6646442413330078,0.3038863241672516,-0.7148405313491821
0.4551758749999989,0.0034223749999999996,133.0,2.116703247599858,-1.2038238908853323,0.18226081775557482,-0.004797366732941265,-8.745079193094575e-5,-0.0022405685125696665,0.06857191802256939,-0.052459925413131714,0.13873866200447083,-0.11953333020210266,0.3209499418735504,-0.041551679372787476,-0.5877456665039062,0.2712135910987854,0.3859173059463501,-0.07178881019353867,0.6649236679077148,0.28182342648506165,-0.7096516489982605
0.4551758749999989,0.0034223749999999996,133.0,2.107163721397304,-1.194378381608107,0.18217116378201773,-0.004648914394849231,-8.428277050179799e-5,-0.0021686003152169005,0.06857094976105865,-0.053132325410842896,0.1375606209039688,-0.12004679441452026,0.31597110629081726,-0.036178696900606155,-0.5667810440063477,0.27492499351501465,0.38682159781455994,-0.043827641755342484,0.6615333557128906,0.25784534215927124,-0.7055739164352417
0.4551758749999989,0.0034223749999999996,133.0,2.096757396567293,-1.184073334121294,0.18213220485764225,-0.004516372179660246,-8.175045633916767e-5,-0.0021033738017661972,0.06856893766647676,-0.05424010753631592,0.13685311377048492,-0.12072917819023132,0.3114001452922821,-0.029334697872400284,-0.5414347648620605,0.2797316610813141,0.38821321725845337,-0.010589911602437496,0.6573910713195801,0.22578099370002747,-0.7023881077766418
0.4551758749999989,0.0034223749999999996,133.0,2.085539336694994,-1.1729938417554038,0.18213994074940912,-0.004382446656338756,-8.210760427918984e-5,-0.002040993287019268,0.06856815254622081,-0.05458536744117737,0.13360382616519928,-0.1198466420173645,0.3001595139503479,-0.0229005366563797,-0.5101087093353271,0.284833699464798,0.39393380284309387,0.02373756282031536,0.6540460586547852,0.21168097853660583,-0.6968653202056885
0.4551758749999989,0.0034223749999999996,133.0,2.07351814768716,-1.1610187319490621,0.18214124475194376,-0.0042590176792662825,-8.073969421625173e-5,-0.001981687674104309,0.06856773774549978,-0.05434983968734741,0.13258196413516998,-0.12078365683555603,0.29580819606781006,-0.023426998406648636,-0.4941370487213135,0.28934428095817566,0.3937775790691376,0.04378604516386986,0.6477658748626709,0.1990417242050171,-0.6923390030860901
0.4551758749999989,0.0034223749999999996,133.0,2.0606833160297304,-1.1482113887619565,0.1820864601223455,-0.004134391254154331,-7.605073956687593e-5,-0.0019182784380174385,0.06856796876008184,-0.05393385887145996,0.13198187947273254,-0.12253987789154053,0.29366588592529297,-0.023212358355522156,-0.4815678596496582,0.2949773371219635,0.39104822278022766,0.06683842092752457,0.6387546062469482,0.18155720829963684,-0.6874361038208008
0.4551758749999989,0.0034223749999999996,133.0,2.047062151727764,-1.1345332715500727,0.18205886718392603,-0.004026001116968023,-7.226951872954201e-5,-0.0018659310116114277,0.0685684258504706,-0.05259087681770325,0.13149912655353546,-0.12422487139701843,0.2924031615257263,-0.031180784106254578,-0.480832576751709,0.2964869439601898,0.3864487409591675,0.0724114179611206,0.6318089962005615,0.18261012434959412,-0.6815288066864014
0.4551758749999989,0.0034223749999999996,133.0,2.0325951767624844,-1.1200233707541547,0.18200192149013505,-0.003888495997988894,-6.799446958155985e-5,-0.0017996653827457292,0.06856896482024219,-0.051597803831100464,0.1320229023694992,-0.12617239356040955,0.2936524748802185,-0.040391068905591965,-0.4843173027038574,0.29759061336517334,0.3808019757270813,0.07189564406871796,0.6269223690032959,0.18442459404468536,-0.6770913004875183
0.4551758749999989,0.0034223749999999996,133.0,2.017256850125312,-1.104682388301885,0.18193272510816016,-0.0037126684453624163,-6.658694427742858e-5,-0.0017204606031288579,0.0685681183781262,-0.05160564184188843,0.13261498510837555,-0.1276031732559204,0.29428791999816895,-0.04505538567900658,-0.48274993896484375,0.29994338750839233,0.3780936002731323,0.07264851778745651,0.6256251335144043,0.1848989874124527,-0.6750125288963318
0.4551758749999989,0.0034223749999999996,133.0,2.0010595514257585,-1.0884931381844212,0.18189251103672235,-0.003549920550707036,-6.22182599210489e-5,-0.0016431843859760886,0.06856648379032639,-0.052233606576919556,0.13349007070064545,-0.12892481684684753,0.29517635703086853,-0.04649226740002632,-0.4792308807373047,0.301899790763855,0.3760960102081299,0.07700165361166,0.6261394023895264,0.18137797713279724,-0.6738998293876648
0.4551758749999989,0.0034223749999999996,133.0,1.9840350775187467,-1.0715074024342086,0.1818656998878554,-0.0033634874047493812,-6.0035165241153534e-5,-0.0015579158214915757,0.06856526250726588,-0.05290678143501282,0.13317930698394775,-0.12904155254364014,0.2923825681209564,-0.04778134822845459,-0.47032809257507324,0.3055902123451233,0.3781551122665405,0.07574333250522614,0.6300370693206787,0.19070978462696075,-0.6732112765312195
0.4551758749999989,0.0034223749999999996,133.0,1.9661965396219399,-1.0536266511654013,0.1818217832039804,-0.0031875156249765845,-5.5315746862019564e-5,-0.001475861228427382,0.06856386968077562,-0.053248465061187744,0.13488996028900146,-0.13035690784454346,0.29604777693748474,-0.05549205467104912,-0.479311466217041,0.3070565164089203,0.3743559420108795,0.055445607751607895,0.6356825828552246,0.2077368199825287,-0.6731166243553162
0.4551758749999989,0.0034223749999999996,133.0,1.9474829532545006,-1.0348890333367824,0.1818031856901631,-0.003004130748041506,-5.223838140070088e-5,-0.0013910476448072797,0.06856053292542867,-0.05503636598587036,0.13683518767356873,-0.13219118118286133,0.29877519607543945,-0.05370328575372696,-0.47330212593078613,0.31188181042671204,0.3726557493209839,0.06101233884692192,0.6384913921356201,0.19699466228485107,-0.674175500869751
0.4551758749999989,0.0034223749999999996,133.0,1.9279563010176253,-1.0153949380195042,0.1817569061965332,-0.0028397419759186734,-5.0906456704308916e-5,-0.0013160369952189732,0.0685590917697664,-0.05603206157684326,0.13732539117336273,-0.13318821787834167,0.297705739736557,-0.05425717681646347,-0.46382951736450195,0.31721892952919006,0.3729704022407532,0.06446262449026108,0.6410560607910156,0.19705818593502045,-0.6734579801559448
0.4551758749999989,0.0034223749999999996,133.0,1.9076251526099426,-0.9950218319150942,0.18171164787407076,-0.0026245363031839773,-4.692006474491546e-5,-0.0012169816791158677,0.06855727048297687,-0.056892603635787964,0.1388167142868042,-0.13452544808387756,0.3002695143222809,-0.05836689844727516,-0.4660468101501465,0.3200118839740753,0.37025225162506104,0.053305190056562424,0.646315336227417,0.20614007115364075,-0.6733396649360657
0.4551758749999989,0.0034223749999999996,133.0,1.8864262805846614,-0.9740252545661585,0.18172522214777628,-0.002410425370747222,-4.507259510324173e-5,-0.0011190482883493612,0.06855722700214648,-0.05816003680229187,0.13494348526000977,-0.13311675190925598,0.2868988811969757,-0.04843924194574356,-0.4334239959716797,0.32659491896629333,0.38085272908210754,0.08246414363384247,0.6499276161193848,0.21127624809741974,-0.6706122159957886
0.4551758749999989,0.0034223749999999996,133.0,1.8643930320144986,-0.951979457916697,0.18166389659658672,-0.0022081852130459074,-4.0351704876372264e-5,-0.0010242787827453997,0.06855459796228493,-0.05938968062400818,0.13664795458316803,-0.13469627499580383,0.2895953357219696,-0.05241315811872482,-0.4348270893096924,0.3312142789363861,0.3788480758666992,0.0699019581079483,0.6560041904449463,0.22148451209068298,-0.6713648438453674
0.4551758749999989,0.0034223749999999996,133.0,1.841506655271608,-0.9290855670950644,0.18159607581744197,-0.0020063904975999745,-3.643206357381661e-5,-0.0009298699512055281,0.06855146040568402,-0.06148409843444824,0.1391867846250534,-0.13696816563606262,0.29363054037094116,-0.05293337628245354,-0.4315774440765381,0.3380931317806244,0.3767504096031189,0.06703469902276993,0.6609880924224854,0.2173866480588913,-0.6733641624450684
0.4551758749999989,0.0034223749999999996,133.0,1.8177683208474362,-0.9053013151055364,0.1814871200565048,-0.0018447958800604481,-3.2859495414155295e-5,-0.0008538264074370182,0.06854754173394746,-0.06407633423805237,0.14395533502101898,-0.14063364267349243,0.30382269620895386,-0.054523441940546036,-0.43642139434814453,0.34359073638916016,0.36946773529052734,0.06028653681278229,0.6654126644134521,0.2021777629852295,-0.6763193607330322
0.4551758749999989,0.0034223749999999996,133.0,1.7932620799414083,-0.880747651829508,0.1814211473197476,-0.0016464591622043889,-2.8744010361101064e-5,-0.0007624687505659833,0.0685448888848714,-0.06560447812080383,0.14655748009681702,-0.14235350489616394,0.3086857497692108,-0.05943088233470917,-0.44095730781555176,0.3465171754360199,0.3660126030445099,0.038739319890737534,0.6737372875213623,0.21506409347057343,-0.6777960062026978
0.4551758749999989,0.0034223749999999996,133.0,1.7678666217638028,-0.8553917030162993,0.18144773989392302,-0.001462442791336377,-2.7433199193544363e-5,-0.0006791325805586995,0.06854135935911028,-0.06733033061027527,0.14664052426815033,-0.14323970675468445,0.3055203855037689,-0.05788141116499901,-0.4276771545410156,0.35334599018096924,0.3687240481376648,0.04264317825436592,0.6799511909484863,0.22205603122711182,-0.6774096488952637
0.4551758749999989,0.0034223749999999996,133.0,1.7416773053630104,-0.8293012403600952,0.1814182918754802,-0.0012810848183447412,-2.4487234418049247e-5,-0.0005950423291555177,0.06853999052601374,-0.06875312328338623,0.14537444710731506,-0.14378005266189575,0.29881954193115234,-0.054825570434331894,-0.4090900421142578,0.3615111708641052,0.3736410140991211,0.05623554065823555,0.6848676204681396,0.22975608706474304,-0.6756761074066162
0.4551758749999989,0.0034223749999999996,133.0,1.7146638098497518,-0.8023241321527599,0.1813669446720392,-0.0011307076676242852,-2.1983338236489546e-5,-0.0005253035286601098,0.06853825662885492,-0.06977581977844238,0.145654559135437,-0.14535748958587646,0.29639145731925964,-0.056246329098939896,-0.3972654342651367,0.3681488633155823,0.373622328042984,0.06464929133653641,0.6873350143432617,0.23028996586799622,-0.6732495427131653
0.4551758749999989,0.0034223749999999996,133.0,1.6868498933648441,-0.774535193997045,0.18130456061961361,-0.000996729739943462,-1.9588633540202216e-5,-0.0004631883373698999,0.06853754155493186,-0.06995514035224915,0.14547240734100342,-0.1467137336730957,0.2933833599090576,-0.06144710257649422,-0.3898355960845947,0.3727656900882721,0.3727262020111084,0.06552360206842422,0.6893351078033447,0.2400687336921692,-0.6693548560142517
0.4551758749999989,0.0034223749999999996,133.0,1.6581528337001041,-0.7459306936765456,0.18124033178863155,-0.0008229938225792788,-1.568118083191599e-5,-0.00038151199216680326,0.06853599897105533,-0.07160323858261108,0.14531296491622925,-0.14847499132156372,0.2895236015319824,-0.05858246609568596,-0.3724377155303955,0.3813072741031647,0.3744683563709259,0.0895804613828659,0.6912598609924316,0.23290657997131348,-0.6672383546829224
0.4551758749999989,0.0034223749999999996,133.0,1.6286236038403314,-0.7165157803438589,0.18119117951163136,-0.0006909118186952351,-1.3466541008462773e-5,-0.0003201274497295277,0.0685350216557452,-0.07317057251930237,0.14437945187091827,-0.14961183071136475,0.28306323289871216,-0.05541178956627846,-0.3522193431854248,0.3916608393192291,0.37922126054763794,0.11129153519868851,0.6946156024932861,0.23478001356124878,-0.6655592918395996
0.4551758749999989,0.0034223749999999996,133.0,1.5982629291719974,-0.6862112444635624,0.18112259683190515,-0.0005186061421063958,-1.046101796536573e-5,-0.00024045318415707735,0.06853273932741091,-0.0750361979007721,0.1450699418783188,-0.15120157599449158,0.2812076210975647,-0.05478528141975403,-0.3398909568786621,0.40045616030693054,0.38040614128112793,0.11705345660448074,0.7006423473358154,0.23878046870231628,-0.6649420857429504
0.4551758749999989,0.0034223749999999996,133.0,1.5671020502708006,-0.6549894077786503,0.18104914737197245,-0.00032584401651193575,-6.27297541751895e-6,-0.00015092034912751317,0.06852928060977874,-0.07668322324752808,0.14818695187568665,-0.15361478924751282,0.28726726770401,-0.05962243676185608,-0.3433194160461426,0.402510404586792,0.3732225298881531,0.09889820218086243,0.7087447643280029,0.24307844042778015,-0.6638612747192383
0.4551758749999989,0.0034223749999999996,133.0,1.5350871462552842,-0.6229558477553436,0.18097393442327767,-0.0001522959898427859,-2.991429372952089e-6,-7.065319032975988e-5,0.06852537501953775,-0.07878383994102478,0.15059120953083038,-0.15570300817489624,0.29062455892562866,-0.0602533183991909,-0.33931827545166016,0.40752094984054565,0.3692167103290558,0.08991426229476929,0.7171969413757324,0.24554869532585144,-0.66326904296875
0.4551758749999989,0.0034223749999999996,133.0,1.5022158721647705,-0.5902413262693921,0.18090533338450127,1.688478449185985e-5,3.669422595777778e-7,7.866230684637197e-6,0.06852302810556073,-0.08092489838600159,0.14869019389152527,-0.1561078429222107,0.2815607488155365,-0.05305413901805878,-0.31792283058166504,0.41997870802879333,0.377177357673645,0.1034749373793602,0.726463794708252,0.26389166712760925,-0.6622538566589355
0.4551758749999989,0.0034223749999999996,133.0,1.4685197108124257,-0.5565964143840443,0.18083955851750674,0.00018654651864664587,4.1272909102634625e-6,8.693530003210969e-5,0.06851997152103911,-0.0831870436668396,0.14959454536437988,-0.15798074007034302,0.28011465072631836,-0.051330190151929855,-0.3049933910369873,0.4305282533168793,0.3780525326728821,0.1088559478521347,0.7337996959686279,0.26754942536354065,-0.661747395992279
0.4551758749999989,0.0034223749999999996,133.0,1.4339788439095917,-0.5220228584019511,0.18073107570610045,0.00037044784248865684,8.034848806656336e-6,0.00017244048246800245,0.06851493285885767,-0.08604636788368225,0.1534040868282318,-0.16137877106666565,0.2874210476875305,-0.05193963646888733,-0.30250072479248047,0.4373099207878113,0.3711220622062683,0.10414231568574905,0.7411408424377441,0.2569660544395447,-0.6621725559234619
0.4551758749999989,0.0034223749999999996,133.0,1.398605402402649,-0.486712194774558,0.18065805452201,0.000515126788126367,1.1346734884485363e-5,0.00023982798812934147,0.06851152874058777,-0.08864796161651611,0.15455183386802673,-0.16338029503822327,0.2865231931209564,-0.049831241369247437,-0.2898221015930176,0.4487200975418091,0.3721778392791748,0.10755033791065216,0.7497456073760986,0.26147764921188354,-0.6624080538749695
0.4551758749999989,0.0034223749999999996,133.0,1.3624062272816624,-0.45057435986650346,0.1805833024874688,0.0006783231229880617,1.5211626003957671e-5,0.0003158794808077603,0.06850823391232157,-0.09110715985298157,0.15557079017162323,-0.16542261838912964,0.2853819727897644,-0.0481545552611351,-0.2767634391784668,0.4604237675666809,0.37294822931289673,0.11258450895547867,0.7577106952667236,0.2649460732936859,-0.6621041893959045
0.4551758749999989,0.0034223749999999996,133.0,1.3253854135327714,-0.4136070210839685,0.18051927581002788,0.0008521675760902045,1.953698198751521e-5,0.0003969635717844212,0.06850516307400001,-0.09324496984481812,0.1563512533903122,-0.16749823093414307,0.2837268114089966,-0.04736441746354103,-0.26332664489746094,0.4722801744937897,0.3733349144458771,0.12064334750175476,0.7642850875854492,0.2666897475719452,-0.6608833074569702
0.4551758749999989,0.0034223749999999996,133.0,1.2875504511384634,-0.37582525582239157,0.18044203041248627,0.0010495404731043392,2.5043164861358706e-5,0.0004893955690271669,0.06850278520584677,-0.09494808316230774,0.1567673236131668,-0.1696775257587433,0.28144529461860657,-0.04851289466023445,-0.250046968460083,0.48471006751060486,0.37352946400642395,0.13180597126483917,0.7689428329467773,0.26795870065689087,-0.6588236689567566
0.4551758749999989,0.0034223749999999996,133.0,1.248884360527214,-0.3372033981551552,0.18039665224622417,0.0012370154299267625,3.037365127497162e-5,0.0005770650562626102,0.06850039659139454,-0.09639203548431396,0.15698538720607758,-0.1719057261943817,0.2787508964538574,-0.0508221834897995,-0.23681092262268066,0.49764740467071533,0.3737492561340332,0.1452254056930542,0.7724230289459229,0.2685471475124359,-0.6563633680343628
0.4551758749999989,0.0034223749999999996,133.0,1.2093406455686027,-0.29788751577063044,0.1803259272693344,0.0013586003523076296,3.529635474304324e-5,0.0006341414975621923,0.06849993511401464,-0.09863433241844177,0.15414419770240784,-0.17343664169311523,0.26681312918663025,-0.04366590455174446,-0.21076583862304688,0.5213887691497803,0.3851490318775177,0.1876271367073059,0.777371883392334,0.27977001667022705,-0.6558638215065002
0.4551758749999989,0.0034223749999999996,133.0,1.1690024476691263,-0.25760630255242806,0.1802517343698651,0.0015142220493740645,4.041405301818805e-5,0.0007071237877087117,0.06849722948158146,-0.10071218013763428,0.15462858974933624,-0.17552891373634338,0.26517921686172485,-0.04267145320773125,-0.19840478897094727,0.5364601612091064,0.3859599828720093,0.19754962623119354,0.7834713459014893,0.28248679637908936,-0.655089795589447
0.4551758749999989,0.0034223749999999996,133.0,1.1277941964905818,-0.21630126406788452,0.18009488423284745,0.0016657192968327621,4.509137748600623e-5,0.0007782394853378796,0.06848980765777592,-0.10380139946937561,0.16037188470363617,-0.17964255809783936,0.2800830602645874,-0.04337923973798752,-0.20276355743408203,0.5400652885437012,0.37008869647979736,0.18429481983184814,0.7902207374572754,0.2541064918041229,-0.6541516780853271
0.4551758749999989,0.0034223749999999996,133.0,1.0864547681216092,-0.17288404231856394,0.18246217522790892,0.0018089966976271659,3.750974209506665e-5,0.0008490913254197322,0.06840491010632282,-0.10520884394645691,0.1582091599702835,-0.17968690395355225,0.2684468626976013,-0.04268663749098778,-0.18104219436645508,0.5539909601211548,0.3783828914165497,0.18070432543754578,0.8029541969299316,0.28819388151168823,-0.650913417339325
0.4551758749999989,0.0034223749999999996,133.0,1.043561398799982,-0.13001546018801774,0.18234522410062923,0.0019068841697859845,4.49187409842832e-5,0.0008976251767342314,0.06839960736864008,-0.10928556323051453,0.16164171695709229,-0.1833391785621643,0.27414414286613464,-0.03658532351255417,-0.16799235343933105,0.5695002675056458,0.37319543957710266,0.19551412761211395,0.8132290840148926,0.2638023793697357,-0.651466429233551
0.4551758749999989,0.0034223749999999996,133.0,0.9997351699907026,-0.08645853398728254,0.18230730205460863,0.0018823530834762574,4.630180869800984e-5,0.0008882027116647922,0.06839316423848771,-0.11578083038330078,0.15842679142951965,-0.1830432415008545,0.256638765335083,-0.014628707431256771,-0.13605904579162598,0.6003206372261047,0.39582449197769165,0.20721296966075897,0.8463404178619385,0.31593427062034607,-0.656843900680542
0.4551758749999989,0.0034223749999999996,133.0,0.954394157634874,-0.04262775356932594,0.17978808935854623,0.0017615312653694844,3.650215632005806e-5,0.0008294939788644442,0.06844125860502412,-0.12915074825286865,0.1897469162940979,-0.1883554458618164,0.33175280690193176,0.0036718500778079033,-0.17312932014465332,0.4549592137336731,0.373184472322464,-0.12985405325889587,0.9763588905334473,0.22095492482185364,-0.7092740535736084
0.4551758749999989,0.0034223749999999996,133.0,0.9084848443061659,0.0038825418892670404,0.17982136722784345,0.00010384081277550713,-1.396828064929499e-7,4.909243423846887e-5,0.06838575046153912,-0.1552715003490448,0.23942531645298004,-0.18457618355751038,0.3932296335697174,0.009583825245499611,-0.1298518180847168,0.0805271714925766,0.478164404630661,-0.9191159605979919,1.309758186340332,0.12167269736528397,-0.874631404876709
0.4551758749999989,0.0034223749999999996,133.0,0.9522050723299539,0.04686411033371235,0.1826962753522308,-0.0017127625449704859,-5.7949275285745503e-5,-0.0008413254200760326,0.06807888675300328,-0.19671183824539185,0.11300137639045715,-0.1807018220424652,0.5378968119621277,-0.21338795125484467,0.08965826034545898,0.8231875896453857,-0.04402339458465576,-0.5656994581222534,1.4100122451782227,0.10844089835882187,-0.49297553300857544
0.4551758749999989,0.0034223749999999996,133.0,0.9946025836821968,0.09248488031817294,0.18406788712891792,-0.0019119260953427226,-1.5411089232760482e-5,-0.0009452986657654711,0.06790999510759876,-0.25113645195961,0.14615947008132935,-0.13135692477226257,0.8034569621086121,-0.38641130924224854,0.333784818649292,0.47230178117752075,0.06013208627700806,-1.3969106674194336,1.7832226753234863,0.3770609498023987,-0.8615142107009888
0.4551758749999989,0.0034223749999999996,133.0,1.03709406221968,0.13698410197970698,0.1853763396932841,-0.0019073224107875575,6.654363859039301e-6,-0.0009328033425763882,0.06782486941509369,-0.2855588495731354,0.17142662405967712,-0.08871227502822876,0.9904844164848328,-0.5749281644821167,0.4367661476135254,0.24898098409175873,0.1508435606956482,-1.720150351524353,1.865861415863037,0.5355194211006165,-1.1397062540054321
0.4551758749999989,0.0034223749999999996,133.0,1.0795537457969806,0.18030528791231293,0.18592763749069574,-0.0018014891650343528,1.1350052099937718e-5,-0.0008739969058170963,0.06779804050252736,-0.2947552502155304,0.18670761585235596,-0.07362282276153564,1.0580284595489502,-0.6410481929779053,0.45859766006469727,0.2059360295534134,0.17617961764335632,-1.8092825412750244,1.8537330627441406,0.5411809086799622,-1.2330702543258667
0.4551758749999989,0.0034223749999999996,133.0,1.1213794267666188,0.2224880555182987,0.18609630677622419,-0.0016488355532484245,1.1679816110166042e-5,-0.000797482600272862,0.06779095729064984,-0.2980146110057831,0.19325867295265198,-0.06787669658660889,1.08213210105896,-0.6717995405197144,0.4660181999206543,0.18465091288089752,0.188378244638443,-1.8376027345657349,1.8401575088500977,0.5593516826629639,-1.2696253061294556
0.4551758749999989,0.0034223749999999996,133.0,1.1623959448988888,0.2637207232136019,0.18604864637603835,-0.0014619885493164515,9.919696084899706e-6,-0.0007070168966596002,0.06779294829099552,-0.3007337152957916,0.19649355113506317,-0.06840106844902039,1.0753519535064697,-0.6907323002815247,0.4810711145401001,0.19763286411762238,0.20403075218200684,-1.8539572954177856,1.8395881652832031,0.5712481737136841,-1.2786699533462524
0.4551758749999989,0.0034223749999999996,133.0,1.202725110859651,0.3041030420923834,0.18611083949434243,-0.0013765869413364998,8.3180713889039e-6,-0.0006639632574465731,0.06778917026707866,-0.2997758090496063,0.1993383765220642,-0.06731513142585754,1.087653398513794,-0.6850049495697021,0.4896700382232666,0.2205544412136078,0.2011459469795227,-1.863612413406372,1.8172674179077148,0.5875403881072998,-1.2883379459381104
0.4551758749999989,0.0034223749999999996,133.0,1.2422578596516227,0.34366710204040324,0.1862350397945703,-0.001178071612406169,7.219152476566105e-6,-0.0005658104911454461,0.06778267210955521,-0.2974850833415985,0.20294494926929474,-0.0621505081653595,1.1222174167633057,-0.6794688701629639,0.4895261526107788,0.2183421552181244,0.18909746408462524,-1.8703994750976562,1.7815403938293457,0.6126095652580261,-1.3110994100570679
0.4551758749999989,0.0034223749999999996,133.0,1.2808677259777566,0.38240431816181947,0.18631343650854607,-0.0010253904963265568,6.110210942149446e-6,-0.000491120569962482,0.06777940768651083,-0.29743948578834534,0.20606960356235504,-0.05985894799232483,1.1360588073730469,-0.6873068809509277,0.49759113788604736,0.22547172009944916,0.19063395261764526,-1.8829816579818726,1.7599420547485352,0.6336801648139954,-1.326702356338501
0.4551758749999989,0.0034223749999999996,133.0,1.3186457641991596,0.42030792310675597,0.1863886370138847,-0.0008339236974509008,4.856335821299945e-6,-0.0003983506848960942,0.06777628715198035,-0.2973990738391876,0.2091117948293686,-0.05766621232032776,1.1493299007415771,-0.6939290761947632,0.5049434900283813,0.23179464042186737,0.19170597195625305,-1.8947937488555908,1.7390708923339844,0.653233528137207,-1.3412609100341797
0.4551758749999989,0.0034223749999999996,133.0,1.3555938036931856,0.4573708370135044,0.18645200194956218,-0.0006638442933761942,3.732374744652039e-6,-0.0003163312726471554,0.0677735449977877,-0.29731449484825134,0.21189534664154053,-0.055789560079574585,1.1610519886016846,-0.6984660029411316,0.5116653442382812,0.23885495960712433,0.19217172265052795,-1.904272437095642,1.7196192741394043,0.671104371547699,-1.3536477088928223
0.4551758749999989,0.0034223749999999996,133.0,1.3917090238977607,0.49360105183158387,0.18651820886620368,-0.0005015528770596145,2.7190852694276506e-6,-0.00023841065084768926,0.06777077979158241,-0.29722389578819275,0.21456818282604218,-0.05393502116203308,1.1725399494171143,-0.7025306224822998,0.5181039571762085,0.24578645825386047,0.19234895706176758,-1.913307785987854,1.7003774642944336,0.6887584328651428,-1.3655078411102295
0.4551758749999989,0.0034223749999999996,133.0,1.4269900205495383,0.5289942023398387,0.18656527779899024,-0.0003448242845796748,1.768217984872914e-6,-0.0001635235167572222,0.06776815499894273,-0.2971053421497345,0.2169991135597229,-0.05244907736778259,1.1824426651000977,-0.7039230465888977,0.5238809585571289,0.25347089767456055,0.1918976902961731,-1.9198496341705322,1.6829071044921875,0.7045464515686035,-1.375136375427246
0.4551758749999989,0.0034223749999999996,133.0,1.4614188878629149,0.5635681587277165,0.18665289687582712,-0.00019348529348298658,9.317942882513672e-7,-9.1509414679215e-5,0.06776356873739552,-0.2971353828907013,0.21928073465824127,-0.05128133296966553,1.19105863571167,-0.7025668621063232,0.5291094779968262,0.26098257303237915,0.19099044799804688,-1.924391269683838,1.668095588684082,0.7174330949783325,-1.3830045461654663
0.4551758749999989,0.0034223749999999996,133.0,1.4948465020051331,0.5973218967642071,0.18670185964663183,-5.772669794801208e-5,2.406311434112356e-7,-2.724890909079605e-5,0.06775678519599623,-0.30024096369743347,0.22167129814624786,-0.053110480308532715,1.1802265644073486,-0.7100027203559875,0.5487691164016724,0.2779920697212219,0.20333567261695862,-1.9365066289901733,1.6735115051269531,0.7172614932060242,-1.384638786315918
0.4551758749999989,0.0034223749999999996,133.0,1.5274153012588403,0.6302786603327383,0.18685775929482515,0.00012469722465465965,-5.000861936918196e-7,5.864149247791901e-5,0.06774595608310409,-0.3033592998981476,0.22453919053077698,-0.05280184745788574,1.1807100772857666,-0.7187334895133972,0.5632768869400024,0.27894994616508484,0.2121252715587616,-1.9479517936706543,1.6744070053100586,0.7187353372573853,-1.394019603729248
0.4551758749999989,0.0034223749999999996,133.0,1.559535903527828,0.660441820521241,0.18428912398474892,0.00029393956208612055,3.765287147101408e-7,0.0001372681192286953,0.06789623390201698,-0.2993054687976837,0.22560501098632812,-0.04832345247268677,1.1968592405319214,-0.728693962097168,0.545788049697876,0.26333966851234436,0.20778194069862366,-1.9365464448928833,1.6369237899780273,0.7553086280822754,-1.4059958457946777
0.4551758749999989,0.0034223749999999996,133.0,1.5905049529977349,0.6917095106423259,0.18437161599084592,0.0004650006803303368,6.207465540273389e-7,0.00021660168716933388,0.06789186979682633,-0.30210819840431213,0.2283935695886612,-0.04748016595840454,1.1980197429656982,-0.7440492510795593,0.5622004270553589,0.267546147108078,0.21753627061843872,-1.9534964561462402,1.6326699256896973,0.7647446393966675,-1.4170541763305664
0.4551758749999989,0.0034223749999999996,133.0,1.6208104377094417,0.722112044913963,0.1845716999570676,0.0006678403275696719,9.122841084192678e-7,0.0003098388953094139,0.06788417204645977,-0.30069735646247864,0.23083041608333588,-0.043454140424728394,1.2239490747451782,-0.7392182946205139,0.5618520975112915,0.2710926830768585,0.2058410346508026,-1.9632668495178223,1.6045358180999756,0.7851216793060303,-1.4314647912979126
0.4551758749999989,0.0034223749999999996,133.0,1.650313099575768,0.7516600777049259,0.18470042402924824,0.0008126994426705003,1.2234006968013279e-6,0.0003759267461404037,0.06788089033429466,-0.2992813289165497,0.23280787467956543,-0.040450870990753174,1.2426789999008179,-0.7369287014007568,0.5630954504013062,0.27997472882270813,0.19723907113075256,-1.972274661064148,1.5777981281280518,0.8065766096115112,-1.4417803287506104
0.4551758749999989,0.0034223749999999996,133.0,1.6789833658387228,0.7803857084374799,0.1848743295198702,0.000997810268111634,1.3329664217723164e-6,0.000460240437963198,0.06787593712729573,-0.29836711287498474,0.23512256145477295,-0.03514930605888367,1.2683780193328857,-0.7441532611846924,0.5573203563690186,0.2667185366153717,0.18997246026992798,-1.9780470132827759,1.5495707988739014,0.8313102126121521,-1.46034574508667
0.4551758749999989,0.0034223749999999996,133.0,1.7067383731294248,0.8082613708448273,0.18487887083491542,0.001140265317439943,1.5153191320803555e-6,0.0005254110755711432,0.06787661731750172,-0.30016109347343445,0.23733988404273987,-0.03273126482963562,1.2728619575500488,-0.7657293677330017,0.565157413482666,0.258788138628006,0.19885164499282837,-1.9881904125213623,1.5381240844726562,0.8492668867111206,-1.4738328456878662
0.4551758749999989,0.0034223749999999996,133.0,1.7337038170927352,0.8353058391466419,0.18497534764347826,0.0012994924706490223,1.6633887133416637e-6,0.0005973347813353079,0.06787420063078854,-0.300152987241745,0.2391802966594696,-0.03056156635284424,1.283395528793335,-0.7704567909240723,0.5688266754150391,0.26213255524635315,0.19719356298446655,-1.9967501163482666,1.5202512741088867,0.8662844300270081,-1.4828507900238037
0.4551758749999989,0.0034223749999999996,133.0,1.7599247339066109,0.8614608443695968,0.18495980160778622,0.0014898584931275125,3.1717588387064062e-6,0.0006842790426780473,0.06787460570311425,-0.2987608015537262,0.24003568291664124,-0.03151693940162659,1.2848275899887085,-0.7611762881278992,0.578703761100769,0.29233798384666443,0.19137996435165405,-2.0052011013031006,1.5032243728637695,0.8784531354904175,-1.4786527156829834
0.4551758749999989,0.0034223749999999996,133.0,1.7852473903927704,0.8868364056206127,0.18502910080044202,0.0016835007594259359,3.356906134331311e-6,0.000771858555346021,0.06787304532944724,-0.29858097434043884,0.2416309267282486,-0.029030680656433105,1.2977468967437744,-0.7621269822120667,0.5768035650253296,0.2873280644416809,0.1874796748161316,-2.0071513652801514,1.4883160591125488,0.8909646272659302,-1.4877500534057617
0.4551758749999989,0.0034223749999999996,133.0,1.8096348526300703,0.9114001113225748,0.18511733521144325,0.001898867184372309,3.344504989309921e-6,0.000868878751942497,0.0678712023012248,-0.2989146411418915,0.24330465495586395,-0.025922298431396484,1.3125711679458618,-0.7667176127433777,0.5726341009140015,0.2736399471759796,0.18465864658355713,-2.0080647468566895,1.4734325408935547,0.904356062412262,-1.499814748764038
0.4551758749999989,0.0034223749999999996,133.0,1.833236785227287,0.9351066364994687,0.18511142420926174,0.0020580571282268157,3.868486084971503e-6,0.0009411216143562668,0.06787100620385252,-0.30130019783973694,0.24451106786727905,-0.028865784406661987,1.2963600158691406,-0.7743059396743774,0.5946673154830933,0.29476767778396606,0.19676050543785095,-2.0191895961761475,1.4788272380828857,0.9056116342544556,-1.495832920074463
0.4551758749999989,0.0034223749999999996,133.0,1.8559477215609668,0.9579893231752714,0.1851547926715002,0.002260972176375677,3.985727472913123e-6,0.0010327034568708637,0.06786943176877502,-0.303021639585495,0.24603961408138275,-0.029600590467453003,1.291294813156128,-0.780774712562561,0.6089798212051392,0.3054242730140686,0.2034699022769928,-2.0296545028686523,1.4764811992645264,0.9104512929916382,-1.4975905418395996
0.4551758749999989,0.0034223749999999996,133.0,1.8778956592968719,0.980024007576149,0.1851064395231553,0.0024660724138598584,5.137825575456494e-6,0.0011265510591464435,0.06786849263392195,-0.3048560321331024,0.2475690245628357,-0.02992546558380127,1.2857367992401123,-0.7929835319519043,0.6232444047927856,0.31196698546409607,0.2123713493347168,-2.0404698848724365,1.4736435413360596,0.9170729517936707,-1.501044750213623
0.4551758749999989,0.0034223749999999996,133.0,1.8990690622198525,1.0012261724500682,0.18517726741272064,0.002683196186946546,5.758550116384082e-6,0.0012242141826792068,0.06786582786036875,-0.30482372641563416,0.2488669753074646,-0.028663575649261475,1.293203592300415,-0.7936409115791321,0.6267416477203369,0.3158738911151886,0.20973852276802063,-2.0469532012939453,1.460615873336792,0.9274864792823792,-1.5059847831726074
0.4551758749999989,0.0034223749999999996,133.0,1.9194177760567497,1.0215723147960065,0.185276932984306,0.0029031359546766214,3.6826491838807617e-6,0.001319598637897007,0.06786372644196446,-0.30237075686454773,0.25054824352264404,-0.02004420757293701,1.335733413696289,-0.7910561561584473,0.5954886674880981,0.2765580415725708,0.19067949056625366,-2.039595603942871,1.429180383682251,0.9489046931266785,-1.5294339656829834
0.4551758749999989,0.0034223749999999996,133.0,1.9388874439438344,1.04119156895992,0.18551179959897182,0.003073548380711546,3.4827229276703673e-6,0.001394821479231735,0.06785942034049157,-0.30264535546302795,0.25188446044921875,-0.018477022647857666,1.3444212675094604,-0.7912911176681519,0.5980411767959595,0.2788884937763214,0.18750900030136108,-2.0467398166656494,1.4174413681030273,0.9585859775543213,-1.5350375175476074
0.4551758749999989,0.0034223749999999996,133.0,1.9575753935296485,1.0599011899255173,0.18567637675421542,0.0032669331847830457,2.9305685685888622e-6,0.001478923065084888,0.06785576570930595,-0.30200615525245667,0.252930223941803,-0.016118258237838745,1.3576947450637817,-0.7893403172492981,0.5947138071060181,0.2774368226528168,0.18036353588104248,-2.05005145072937,1.4012269973754883,0.9699385762214661,-1.5412347316741943
0.4551758749999989,0.0034223749999999996,133.0,1.9752285805979828,1.0778005026020099,0.18554078180751438,0.003433123170154575,2.5522022876126884e-6,0.0015559321147220625,0.06786011519258377,-0.30654582381248474,0.25477495789527893,-0.017263740301132202,1.3406023979187012,-0.8183116912841797,0.6166448593139648,0.27125176787376404,0.2042495310306549,-2.0625951290130615,1.412123203277588,0.9696747064590454,-1.5481138229370117
0.4551758749999989,0.0034223749999999996,133.0,1.992293160870004,1.094815646745717,0.18562088621913872,0.0036293541942043427,3.1045307476056666e-6,0.0016422783870791355,0.06785798203261725,-0.305650919675827,0.2554679811000824,-0.017135173082351685,1.346063256263733,-0.811017632484436,0.6213804483413696,0.286777526140213,0.19764456152915955,-2.069507598876953,1.3984882831573486,0.9786474704742432,-1.5470844507217407
0.4551758749999989,0.0034223749999999996,133.0,2.0084259659602735,1.1110246628030467,0.1857062018471495,0.0038018714611430995,2.2735260779534664e-6,0.0017188260487003833,0.06785649618309952,-0.30560359358787537,0.2563292682170868,-0.015046387910842896,1.3548333644866943,-0.8162961602210999,0.6200484037399292,0.28103718161582947,0.19580799341201782,-2.0718979835510254,1.3868076801300049,0.9875403642654419,-1.5540621280670166
0.4551758749999989,0.0034223749999999996,133.0,2.0237178439965655,1.1263075794809738,0.18549940040647095,0.003972746832462805,2.3886911361544316e-6,0.0017955875303858387,0.06786007109165638,-0.30726203322410583,0.25719964504241943,-0.0161992609500885,1.3444889783859253,-0.8305596709251404,0.6360119581222534,0.28933367133140564,0.20678162574768066,-2.081590414047241,1.3860390186309814,0.993923544883728,-1.554795265197754
0.4551758749999989,0.0034223749999999996,133.0,2.038241875625895,1.1408324375735446,0.1855776656492487,0.004107372566078524,1.5755025342155814e-6,0.0018544660989986373,0.06785885336700312,-0.30721744894981384,0.2576000988483429,-0.015615969896316528,1.3452420234680176,-0.8409838676452637,0.6421711444854736,0.2940148413181305,0.2095162570476532,-2.0885586738586426,1.3744525909423828,1.0096033811569214,-1.5583820343017578
0.4551758749999989,0.0034223749999999996,133.0,2.051892120561311,1.1545270977430422,0.1855862766557396,0.004227446883174616,-6.954579933643804e-7,0.0019081755457578274,0.06786254595450741,-0.3082323372364044,0.25806739926338196,-0.014313966035842896,1.3431899547576904,-0.8665632009506226,0.6481939554214478,0.28538277745246887,0.22077462077140808,-2.096435070037842,1.366095781326294,1.0304837226867676,-1.5676660537719727
0.4551758749999989,0.0034223749999999996,133.0,2.0648757043827257,1.167365252898524,0.18567734458214272,0.004356084100983676,-2.0547700794859104e-6,0.0019639905207681934,0.06786421149567823,-0.30492594838142395,0.2580420672893524,-0.009373515844345093,1.367834210395813,-0.8668717741966248,0.6269354820251465,0.26886531710624695,0.20730921626091003,-2.094264268875122,1.3391458988189697,1.0572142601013184,-1.5788438320159912
0.4551758749999989,0.0034223749999999996,133.0,2.077010147515111,1.1793507658861335,0.18566492131888723,0.004492370411488274,4.969791226124933e-7,0.0020242018730821506,0.06786523937651215,-0.3020901381969452,0.2578272223472595,-0.009878754615783691,1.3722693920135498,-0.8538446426391602,0.6296490430831909,0.29467087984085083,0.19605344533920288,-2.100602388381958,1.3213026523590088,1.072197437286377,-1.5721402168273926
0.4551758749999989,0.0034223749999999996,133.0,2.0883866399725566,1.1904643803061457,0.18568294592834492,0.00463198029967666,1.904235783377622e-6,0.002083435497753366,0.06786570847046315,-0.2971624433994293,0.25746533274650574,-0.005934983491897583,1.3979570865631104,-0.8351044654846191,0.6063786745071411,0.295147567987442,0.1725693643093109,-2.0954463481903076,1.2916314601898193,1.0922625064849854,-1.5743482112884521
0.4551758749999989,0.0034223749999999996,133.0,2.0989649650317626,1.2007604240557865,0.18572584144105247,0.0047665557157792115,3.939094741090826e-6,0.002140068997947938,0.06786693027194532,-0.2917502224445343,0.2568601369857788,-0.003381699323654175,1.421035885810852,-0.8068365454673767,0.5873805284500122,0.3105677366256714,0.14517587423324585,-2.0912694931030273,1.2613089084625244,1.1084266901016235,-1.5700743198394775
0.4551758749999989,0.0034223749999999996,133.0,2.1086315172983485,1.210302427608172,0.1858530866917432,0.004919989063228843,6.479388428098288e-6,0.002207578473838876,0.06786714107895106,-0.2882395088672638,0.2565218210220337,-0.0024966299533843994,1.4324225187301636,-0.7899636030197144,0.5810489654541016,0.32820436358451843,0.1293242871761322,-2.0931947231292725,1.241060495376587,1.1212701797485352,-1.5656731128692627
0.4551758749999989,0.0034223749999999996,133.0,2.1171825429339624,1.2210548477818608,0.1888547854763404,0.0051479025968271955,-1.8353585036800097e-5,0.0023006336600222945,0.0676967617767243,-0.2898750603199005,0.25802892446517944,-0.0025593042373657227,1.4518688917160034,-0.7623332142829895,0.5952199697494507,0.35485294461250305,0.11166021227836609,-2.1167922019958496,1.2419476509094238,1.1057263612747192,-1.5674681663513184
0.4551758749999989,0.0034223749999999996,133.0,2.1253024234706395,1.2288794576750066,0.1889969795836196,0.00538466324881653,-1.8481033440536196e-5,0.0024021231508310537,0.06769855761367759,-0.2839888632297516,0.257498562335968,0.0021908581256866455,1.4842418432235718,-0.7300959825515747,0.5597286224365234,0.353625625371933,0.07883954048156738,-2.1041452884674072,1.210982084274292,1.1136176586151123,-1.566922664642334
0.4551758749999989,0.0034223749999999996,133.0,2.1324523983023327,1.2358687614433643,0.18900807456959634,0.005747871179210798,-1.786206360316022e-5,0.0025628281420770863,0.06769987952653764,-0.28120818734169006,0.25714805722236633,0.001697629690170288,1.4875802993774414,-0.7207990884780884,0.5612876415252686,0.37267807126045227,0.07022103667259216,-2.1101784706115723,1.194814920425415,1.1246368885040283,-1.5617408752441406
0.4551758749999989,0.0034223749999999996,133.0,2.1388377556760036,1.2420561256406424,0.1891051564108566,0.006355795669845832,-1.9979091072647694e-5,0.002829860470073213,0.06770186810299281,-0.2771211564540863,0.2570778727531433,0.004444777965545654,1.507875680923462,-0.7016249299049377,0.5413440465927124,0.3747730255126953,0.049682945013046265,-2.1082160472869873,1.1713340282440186,1.130558729171753,-1.5614614486694336
0.4551758749999989,0.0034223749999999996,133.0,2.144370471697764,1.2474191984292629,0.18905834389280377,0.007735391740640809,-2.2780329256560813e-5,0.0034418285351331328,0.06770585816068286,-0.2739301025867462,0.2572687268257141,0.0031512975692749023,1.5114980936050415,-0.6930689215660095,0.5480568408966064,0.3961542248725891,0.0411529541015625,-2.123878002166748,1.1522345542907715,1.1363680362701416,-1.5566834211349487
0.4551758749999989,0.0034223749999999996,133.0,2.1491046649716656,1.2521651045731754,0.18914010857453054,0.014359631140452992,-7.245619293159877e-5,0.006346406800204724,0.06770484990573583,-0.2699510157108307,0.26203835010528564,0.004401117563247681,1.5381697416305542,-0.709942638874054,0.5663247108459473,0.3935636579990387,0.03549507260322571,-2.201362133026123,1.0980515480041504,1.1458971500396729,-1.577957272529602
0.4551758749999989,0.0034223749999999996,133.0,2.126596573301235,-1.2422564264111498,0.17077902716888854,-0.013923372478855256,-0.00015078756729192323,-0.006510988726084884,0.06852668672952404,-0.04691469669342041,0.1389603316783905,-0.12307009100914001,0.32507017254829407,-0.014346013776957989,-0.6911616325378418,0.27132707834243774,0.40432798862457275,-0.1138441413640976,0.644066572189331,0.42189016938209534,-0.7322906851768494
0.4551758749999989,0.0034223749999999996,133.0,2.122044378697234,-1.2376216280658345,0.17090904004639004,-0.007513658025705758,-6.045061429484033e-5,-0.0035099516247306833,0.06851296277617339,-0.047810137271881104,0.14326409995555878,-0.11991733312606812,0.339576780796051,-0.06122436001896858,-0.6797044277191162,0.2626011073589325,0.3861944377422333,-0.17535600066184998,0.6619598865509033,0.40073180198669434,-0.7285428047180176
0.4551758749999989,0.0034223749999999996,133.0,2.1166268898879457,-1.23223775386142,0.17088389814316093,-0.0061722021905223304,-4.555283333551365e-5,-0.0028806576282751,0.06850796854342574,-0.049338340759277344,0.14455915987491608,-0.12001615762710571,0.3415427505970001,-0.0628255233168602,-0.6634941101074219,0.2604013681411743,0.38183850049972534,-0.16767843067646027,0.6654963493347168,0.36496275663375854,-0.7261333465576172
0.4551758749999989,0.0034223749999999996,133.0,2.1104283233042467,-1.2260952614776008,0.17087396253120143,-0.005582075078498834,-3.8354032829291585e-5,-0.0026026626588505153,0.06850619627717919,-0.049635469913482666,0.1431616097688675,-0.11978885531425476,0.33688557147979736,-0.06311715394258499,-0.6488888263702393,0.2614808678627014,0.3811382055282593,-0.1536063402891159,0.6660823822021484,0.35214298963546753,-0.7207716703414917
0.4551758749999989,0.0034223749999999996,133.0,2.103333942430281,-1.2190989299158417,0.1708514471960812,-0.005238779548455959,-3.6916066527180795e-5,-0.0024417609547766283,0.06850344592376031,-0.05122259259223938,0.14346207678318024,-0.12049674987792969,0.3350706994533539,-0.05650327727198601,-0.6280932426452637,0.2621515393257141,0.3803161382675171,-0.12713482975959778,0.6659855842590332,0.3134619891643524,-0.7181332111358643
0.4551758749999989,0.0034223749999999996,133.0,2.0945823498245986,-1.212830491837269,0.1682576410162746,-0.00499675530481914,-8.421850560326878e-5,-0.0023275487937583204,0.06858028756836958,-0.05101710557937622,0.14116288721561432,-0.12005013227462769,0.3299013078212738,-0.051348522305488586,-0.6177999973297119,0.2673465311527252,0.38081198930740356,-0.10496357828378677,0.6615128517150879,0.3023459315299988,-0.7134712934494019
0.4551758749999989,0.0034223749999999996,133.0,2.085855656127553,-1.2042790510576327,0.16819337363128734,-0.004798382928243587,-8.320351691004326e-5,-0.0022356913738198125,0.06857974825271693,-0.05204173922538757,0.13859502971172333,-0.11930203437805176,0.32052212953567505,-0.04327954724431038,-0.5888638496398926,0.2703566253185272,0.38508039712905884,-0.07163512706756592,0.6617350578308105,0.2803165912628174,-0.7083736062049866
0.4551758749999989,0.0034223749999999996,133.0,2.07631810311491,-1.1948297510700288,0.16810560533617055,-0.004649850863803875,-7.991305049038647e-5,-0.002163919613921497,0.06857895525282562,-0.05271926522254944,0.13742925226688385,-0.1198272705078125,0.31559494137763977,-0.03789026290178299,-0.5678982734680176,0.2740231156349182,0.3860136568546295,-0.04375295713543892,0.6583383083343506,0.2563842535018921,-0.7043764591217041
0.4551758749999989,0.0034223749999999996,133.0,2.065915154514223,-1.1845225536619457,0.16806908520761868,-0.004517213276805339,-7.720321540152101e-5,-0.00209889292753745,0.06857719395176169,-0.053827136754989624,0.136733278632164,-0.1205284595489502,0.3110707700252533,-0.031043246388435364,-0.5425677299499512,0.2787853479385376,0.38742345571517944,-0.0105495760217309,0.6541562080383301,0.22434952855110168,-0.7012555599212646
0.4551758749999989,0.0034223749999999996,133.0,2.0546977266012276,-1.1734324132254565,0.16807377359905462,-0.004383227730309499,-7.74035221286961e-5,-0.002036689180153424,0.06857655409221666,-0.05417284369468689,0.13348372280597687,-0.11965495347976685,0.2998924255371094,-0.024555545300245285,-0.51123046875,0.2838362753391266,0.3931615352630615,0.02375050075352192,0.6507840156555176,0.21028681099414825,-0.6958132386207581
0.4551758749999989,0.0034223749999999996,133.0,2.0426754077978457,-1.1614540371910997,0.16807832562354566,-0.004259737331999725,-7.598239211384811e-5,-0.0019775746507186623,0.06857620481339073,-0.05394098162651062,0.13247044384479523,-0.12059935927391052,0.29557186365127563,-0.025096870958805084,-0.4952683448791504,0.28831878304481506,0.39303159713745117,0.04371039196848869,0.6445190906524658,0.1976909339427948,-0.6913438439369202
0.4551758749999989,0.0034223749999999996,133.0,2.029839127713354,-1.1486448718427686,0.16802976287604485,-0.004135045677340805,-7.121193674222545e-5,-0.001914361639357336,0.06857647898760856,-0.05353301763534546,0.13188573718070984,-0.1223633885383606,0.29345735907554626,-0.024915196001529694,-0.48268723487854004,0.29391440749168396,0.3903365135192871,0.0666377991437912,0.6355612277984619,0.18024717271327972,-0.686503529548645
0.4551758749999989,0.0034223749999999996,133.0,2.016213435151667,-1.1349650995115153,0.16800811806588611,-0.004026633268375425,-6.750824868706106e-5,-0.0018621551261334076,0.06857682880378488,-0.052194952964782715,0.13141119480133057,-0.12404674291610718,0.29220280051231384,-0.03293738514184952,-0.48194193840026855,0.29539674520492554,0.385760635137558,0.07207964360713959,0.6286773681640625,0.18131057918071747,-0.6806275844573975
0.4551758749999989,0.0034223749999999996,133.0,2.0017430684538664,-1.1204569048833257,0.16795792993047823,-0.0038891016079828206,-6.33896636192033e-5,-0.001796038981806973,0.06857730744334443,-0.05121085047721863,0.13194747269153595,-0.1259925663471222,0.29345768690109253,-0.04220518097281456,-0.4854447841644287,0.2964860498905182,0.3801482021808624,0.07138530164957047,0.6238672733306885,0.18317784368991852,-0.6762295961380005
0.4551758749999989,0.0034223749999999996,133.0,1.9864046388020222,-1.1051178457965471,0.16789346426774926,-0.003713236508847811,-6.215947668442509e-5,-0.0017170166259203926,0.06857650337599275,-0.05122426152229309,0.13254854083061218,-0.12742561101913452,0.29410287737846375,-0.04689992964267731,-0.4839153289794922,0.2988258898258209,0.37746667861938477,0.07200544327497482,0.6226108074188232,0.18371979892253876,-0.6741876602172852
0.4551758749999989,0.0034223749999999996,133.0,1.9702093715313693,-1.0889314078010925,0.16785782057985282,-0.0035504551480789216,-5.793437196634875e-5,-0.001639875180119639,0.06857497896069951,-0.05185636878013611,0.13343414664268494,-0.12875288724899292,0.2950058877468109,-0.04835917428135872,-0.48044562339782715,0.3007654845714569,0.3754926323890686,0.07623617351055145,0.6231479644775391,0.18026511371135712,-0.673112690448761
0.4551758749999989,0.0034223749999999996,133.0,1.9531869586317285,-1.0719445373850827,0.16783121454237393,-0.003363996774938533,-5.594450797941006e-5,-0.0015547461074707847,0.06857388796743255,-0.05253174901008606,0.13312238454818726,-0.12886959314346313,0.2922297716140747,-0.049637794494628906,-0.4715917110443115,0.30444103479385376,0.3775746822357178,0.07487949728965759,0.6270534992218018,0.18969571590423584,-0.6724650859832764
0.4551758749999989,0.0034223749999999996,133.0,1.9353496230487162,-1.0540691850029524,0.16779176798122744,-0.0031880202923916467,-5.151725963182688e-5,-0.0014727876087997382,0.06857255453203046,-0.052876830101013184,0.1348361074924469,-0.13017871975898743,0.29588520526885986,-0.05738125368952751,-0.4806199073791504,0.30589431524276733,0.37380170822143555,0.054423753172159195,0.6327447891235352,0.20682276785373688,-0.6723864078521729
0.4551758749999989,0.0034223749999999996,133.0,1.9166420642634274,-1.0353379527834603,0.16777935991518564,-0.0030045864107470744,-4.857620502320865e-5,-0.0013881418280183267,0.06856945855302576,-0.05466368794441223,0.13679353892803192,-0.13202309608459473,0.2986219525337219,-0.05560396611690521,-0.4746580123901367,0.31068092584609985,0.3721083998680115,0.05993127450346947,0.63553786277771,0.19609926640987396,-0.6734613180160522
0.4551758749999989,0.0034223749999999996,133.0,1.8971184473895113,-1.0158453481190601,0.16773626724667845,-0.0028401624933286356,-4.737915499804748e-5,-0.0013132808889335136,0.06856819845079277,-0.05566138029098511,0.13728933036327362,-0.13302436470985413,0.29757046699523926,-0.05617154762148857,-0.4652390480041504,0.3159950077533722,0.3724479079246521,0.06327219307422638,0.638106107711792,0.19624996185302734,-0.6727870106697083
0.4551758749999989,0.0034223749999999996,133.0,1.8767901894102854,-0.9954769342818852,0.1676954940401687,-0.002624930096026766,-4.36767746463497e-5,-0.0012143951790314755,0.0685665176934388,-0.05652937293052673,0.13879072666168213,-0.1343565583229065,0.30014359951019287,-0.06027461960911751,-0.46748805046081543,0.3187504708766937,0.3697555661201477,0.05194602906703949,0.6434171199798584,0.20540884137153625,-0.672703742980957
0.4551758749999989,0.0034223749999999996,133.0,1.8555949157588343,-0.9744677014022108,0.1677040907673984,-0.0024107855138361194,-4.194318935982438e-5,-0.0011166554893981993,0.06856665714885164,-0.05781835317611694,0.1349301040172577,-0.1329505443572998,0.28687983751296997,-0.05022810399532318,-0.43494343757629395,0.3253289759159088,0.38040435314178467,0.08092590421438217,0.6470949649810791,0.2107183188199997,-0.6701331734657288
0.4551758749999989,0.0034223749999999996,133.0,1.8335659343419008,-0.952427380415954,0.16764809393051627,-0.0022085215541595756,-3.748786514794697e-5,-0.0010220408478648834,0.06856419303367715,-0.05905202031135559,0.13664153218269348,-0.1345316767692566,0.2895805835723877,-0.05421498417854309,-0.4364006519317627,0.32992663979530334,0.37842798233032227,0.06821303069591522,0.6531834602355957,0.22103969752788544,-0.6709182262420654
0.4551758749999989,0.0034223749999999996,133.0,1.8106865921750623,-0.9295417761301,0.16758794590840478,-0.002006686529900861,-3.3786358997239865e-5,-0.0009278143865115326,0.0685613305059531,-0.06114789843559265,0.13919419050216675,-0.13681462407112122,0.29362523555755615,-0.054758697748184204,-0.4332273006439209,0.3367762863636017,0.376350462436676,0.06521990895271301,0.6581470966339111,0.21702101826667786,-0.672947108745575
0.4551758749999989,0.0034223749999999996,133.0,1.7869571410832907,-0.9057731815290032,0.16749142881192633,-0.0018450520044636513,-3.0400844499298935e-5,-0.0008519209033498189,0.06855774822787393,-0.0637185275554657,0.1439676582813263,-0.140497088432312,0.30377086997032166,-0.056441109627485275,-0.4381072521209717,0.342212051153183,0.36904793977737427,0.05850803107023239,0.662447452545166,0.2017449289560318,-0.675834059715271
0.4551758749999989,0.0034223749999999996,133.0,1.7624563915731535,-0.8812280376172063,0.16743129200923437,-0.0016466931724780972,-2.6582224730650417e-5,-0.0007607280981287529,0.06855530245832556,-0.06524321436882019,0.14657418429851532,-0.14222216606140137,0.3086334764957428,-0.061412353068590164,-0.44272565841674805,0.3451186716556549,0.3656218647956848,0.03677607700228691,0.6707286834716797,0.21479475498199463,-0.6773393154144287
0.4551758749999989,0.0034223749999999996,133.0,1.7370663553330323,-0.8558722354724098,0.16746052063702782,-0.0014626504870981036,-2.5470834252747984e-5,-0.0006775714789944227,0.06855199932023309,-0.06696796417236328,0.14666031301021576,-0.14311301708221436,0.30549687147140503,-0.05985957011580467,-0.42951369285583496,0.35192012786865234,0.3683517575263977,0.04057510942220688,0.676910400390625,0.22188758850097656,-0.6770001649856567
0.4551758749999989,0.0034223749999999996,133.0,1.7108814681550852,-0.8297775441659838,0.16743274808590106,-0.001281268300305185,-2.2708362560016128e-5,-0.0005936565696728313,0.06855081857257679,-0.06839245557785034,0.1453970968723297,-0.14365661144256592,0.29883790016174316,-0.05679009109735489,-0.41098904609680176,0.3600679039955139,0.37329035997390747,0.05406036972999573,0.6818184852600098,0.22968479990959167,-0.6753306984901428
0.4551758749999989,0.0034223749999999996,133.0,1.683871301953577,-0.80280137683447,0.16738662535816054,-0.0011308674994274734,-2.0374733179405627e-5,-0.0005240719999493809,0.06854927265460323,-0.06941848993301392,0.1456882357597351,-0.14523723721504211,0.2964436709880829,-0.05824432149529457,-0.39924144744873047,0.3666752874851227,0.3732961416244507,0.06229323893785477,0.6842939853668213,0.23031720519065857,-0.6729622483253479
0.4551758749999989,0.0034223749999999996,133.0,1.65605773939036,-0.775011752764243,0.16732876273180908,-0.0009968730317708317,-1.8155935122163018e-5,-0.00046209235175540025,0.0685486431052609,-0.06960353255271912,0.14551442861557007,-0.14658918976783752,0.2934653162956238,-0.0634794607758522,-0.39186859130859375,0.3712609112262726,0.3724307417869568,0.06293778121471405,0.6863319873809814,0.2402271032333374,-0.6691281199455261
0.4551758749999989,0.0034223749999999996,133.0,1.6273660224132032,-0.746406796144851,0.16727062329177925,-0.0008231096754152881,-1.4443286363208522e-5,-0.00038059793086520034,0.06854731282889842,-0.07125627994537354,0.14537127315998077,-0.14836055040359497,0.28965315222740173,-0.06063336506485939,-0.3745591640472412,0.3797808885574341,0.3741849362850189,0.08687418699264526,0.6882472038269043,0.2331046760082245,-0.6670711636543274
0.4551758749999989,0.0034223749999999996,133.0,1.5978417293020175,-0.7169888794245508,0.16722515516617142,-0.0006910084022243772,-1.2381481435504586e-5,-0.00031935304476603433,0.068546540990929,-0.07282698154449463,0.14444611966609955,-0.14950385689735413,0.28324055671691895,-0.05746235325932503,-0.3544342517852783,0.39012572169303894,0.3789532780647278,0.10848094522953033,0.6915950775146484,0.23506656289100647,-0.6654555201530457
0.4551758749999989,0.0034223749999999996,133.0,1.5674871513682542,-0.6866865646578406,0.16716169302952283,-0.0005186781612283364,-9.626823035415685e-6,-0.00023986451431779314,0.06854453315896399,-0.0746949315071106,0.14514586329460144,-0.15109872817993164,0.28142350912094116,-0.05684153363108635,-0.342205286026001,0.3988935947418213,0.380151629447937,0.11408859491348267,0.6976017951965332,0.2391687035560608,-0.664890468120575
0.4551758749999989,0.0034223749999999996,133.0,1.5363319960029396,-0.6554747555586293,0.1670965504278168,-0.0003258896334570682,-5.754319425525092e-6,-0.00015054128740477743,0.0685413536568201,-0.07634267210960388,0.14827872812747955,-0.1535123884677887,0.2875114977359772,-0.06170493736863136,-0.3457071781158447,0.4008757472038269,0.37297534942626953,0.09568559378385544,0.7056727409362793,0.24354907870292664,-0.6638452410697937
0.4551758749999989,0.0034223749999999996,133.0,1.504324174602989,-0.6234489543504034,0.16702826139089821,-0.0001523170607216377,-2.7481012632189623e-6,-7.047291405263955e-5,0.06853778160288371,-0.07844212651252747,0.15069614350795746,-0.1556035280227661,0.2909059226512909,-0.062349412590265274,-0.34179139137268066,0.40581804513931274,0.36897337436676025,0.08648381382226944,0.7140774726867676,0.24610549211502075,-0.6632937788963318
0.4551758749999989,0.0034223749999999996,133.0,1.4714596358360075,-0.5907281250772991,0.16696038461665053,1.688719873649738e-5,3.3895987351802987e-7,7.84593957048617e-6,0.06853568046746648,-0.08058449625968933,0.1487911492586136,-0.15600693225860596,0.2818932831287384,-0.05511379614472389,-0.3204679489135742,0.418284147977829,0.37694811820983887,0.09993667155504227,0.7233307361602783,0.26460325717926025,-0.662344753742218
0.4551758749999989,0.0034223749999999996,133.0,1.4377710080178985,-0.5570861181291579,0.1669008009313419,0.00018657335236185027,3.809677108351364e-6,8.67076559674699e-5,0.06853293343873587,-0.08284592628479004,0.14970488846302032,-0.157884418964386,0.28049415349960327,-0.053391002118587494,-0.30763864517211914,0.4287951588630676,0.37782809138298035,0.10515458136796951,0.7306201457977295,0.2683463394641876,-0.6618897318840027
0.4551758749999989,0.0034223749999999996,133.0,1.4032400586739584,-0.5225249120761145,0.1668039407246149,0.00037049877854792885,7.395910109467016e-6,0.00017198096948790965,0.06852831062714121,-0.08570212125778198,0.15353989601135254,-0.16129374504089355,0.2878524661064148,-0.054016537964344025,-0.3052558898925781,0.4354724884033203,0.37088143825531006,0.10021813958883286,0.7378702163696289,0.2577403783798218,-0.6623502969741821
0.4551758749999989,0.0034223749999999996,133.0,1.3678754097241128,-0.4872179272198922,0.1667375316544323,0.0005151976844373725,1.0434424676169499e-5,0.000239177147354764,0.06852524597119111,-0.08830061554908752,0.15469737350940704,-0.16330087184906006,0.2870122492313385,-0.0518990084528923,-0.29268527030944824,0.4468308985233307,0.3719342350959778,0.10345279425382614,0.7464044094085693,0.262321412563324,-0.6626404523849487
0.4551758749999989,0.0034223749999999996,133.0,1.3316845272840878,-0.45108335808087585,0.16666952697880186,0.000678416480632587,1.3976847143086592e-5,0.00031500806986095613,0.06852228312330139,-0.09075647592544556,0.15572674572467804,-0.1653481125831604,0.2859303951263428,-0.050217028707265854,-0.2797403335571289,0.45848172903060913,0.37269920110702515,0.108310267329216,0.7543003559112549,0.2658455967903137,-0.6623905897140503
0.4551758749999989,0.0034223749999999996,133.0,1.2946708868240704,-0.41411851663913574,0.1666123654641769,0.0008522843298475052,1.7940038673824835e-5,0.0003958537185119198,0.0685195190078285,-0.09289184212684631,0.15651893615722656,-0.1674274504184723,0.2843378484249115,-0.049429088830947876,-0.2664158344268799,0.47028660774230957,0.3730781674385071,0.11618591845035553,0.7608141899108887,0.2676309645175934,-0.6612248420715332
0.4551758749999989,0.0034223749999999996,133.0,1.2568415235320816,-0.3763380971979298,0.16654225551546728,0.0010496831008635764,2.3014850887001202e-5,0.0004880172443894498,0.06851741016034256,-0.09459421038627625,0.15694808959960938,-0.1696091592311859,0.282120019197464,-0.050589557737112045,-0.2532508373260498,0.4826694130897522,0.37326401472091675,0.1271640658378601,0.765427827835083,0.2689203917980194,-0.6592198610305786
0.4551758749999989,0.0034223749999999996,133.0,1.2181801712896823,-0.3377169267201401,0.16650427971822765,0.0012371826553482736,2.7904060001047753e-5,0.0005754285916911702,0.06851524963801008,-0.09603744745254517,0.15717996656894684,-0.17183905839920044,0.279488742351532,-0.05291606858372688,-0.2401268482208252,0.49556416273117065,0.3734753131866455,0.1404053270816803,0.768869161605835,0.2695147395133972,-0.6568145155906677
0.4551758749999989,0.0034223749999999996,133.0,1.1786436582804618,-0.29839191109064356,0.16643831697695327,0.001358793371519653,3.2388718405499676e-5,0.0006323266502830109,0.06851494825588744,-0.0982816219329834,0.15434205532073975,-0.17337742447853088,0.26761922240257263,-0.04573436453938484,-0.21420598030090332,0.5193424224853516,0.38486340641975403,0.1827922761440277,0.7738029956817627,0.28076010942459106,-0.656371533870697
0.4551758749999989,0.0034223749999999996,133.0,1.138312526167422,-0.2581122295271977,0.16637105451692258,0.0015144375162212881,3.7070891070633664e-5,0.0007050777016776221,0.06851253358613732,-0.10035556554794312,0.15483611822128296,-0.17547142505645752,0.2660556137561798,-0.0447281077504158,-0.20195794105529785,0.5343524217605591,0.38565555214881897,0.19252964854240417,0.7798449993133545,0.2834954857826233,-0.6556491255760193
0.4551758749999989,0.0034223749999999996,133.0,1.0971153415183263,-0.21682584195070903,0.16622835890159005,0.0016659326743025294,4.1410853254139596e-5,0.0007759682139777265,0.06850569763982679,-0.1034313440322876,0.16061624884605408,-0.17959317564964294,0.2810612916946411,-0.04543616250157356,-0.20642566680908203,0.5377098321914673,0.3697172999382019,0.17892372608184814,0.786419153213501,0.2548990547657013,-0.6547448039054871
0.4551758749999989,0.0034223749999999996,133.0,1.0557790915089151,-0.17339893103417853,0.16859378757500265,0.0018092541682800944,3.343762375493616e-5,0.0008465384218363753,0.06842069711994614,-0.10483390092849731,0.15842917561531067,-0.17961499094963074,0.2694847881793976,-0.044725824147462845,-0.1847846508026123,0.5517038106918335,0.3780466318130493,0.17514514923095703,0.799140453338623,0.2893335521221161,-0.6516028046607971
0.4551758749999989,0.0034223749999999996,133.0,1.0128995078960545,-0.13054167919143528,0.16848878431357436,0.0019071340186117957,4.047476313724354e-5,0.0008949144060918749,0.06841610571993643,-0.10885128378868103,0.16182297468185425,-0.18329420685768127,0.27514249086380005,-0.03859750181436539,-0.1718156337738037,0.567124605178833,0.37285155057907104,0.19005785882472992,0.8090105056762695,0.2650448679924011,-0.6521078944206238
0.4551758749999989,0.0034223749999999996,133.0,0.9690952734328491,-0.0869734893819473,0.16844912295154105,0.0018826621657458014,4.1665572107710986e-5,0.0008853492808315013,0.06841015744131726,-0.115328848361969,0.15857204794883728,-0.18297937512397766,0.25779902935028076,-0.016374938189983368,-0.13996100425720215,0.5979008674621582,0.3954469859600067,0.20180778205394745,0.8419373035430908,0.31736624240875244,-0.6576154828071594
0.4551758749999989,0.0034223749999999996,133.0,0.923802168508425,-0.04324979750753243,0.16595152834301993,0.0017617734915479615,3.391320352979213e-5,0.0008263093446634419,0.06846203861383682,-0.12836763262748718,0.18970687687397003,-0.18823355436325073,0.3324848711490631,0.0012955029960721731,-0.17735719680786133,0.4520077705383301,0.37293368577957153,-0.13347449898719788,0.9697988033294678,0.2224845141172409,-0.7097358703613281
0.4551758749999989,0.0034223749999999996,133.0,0.8779783159462189,0.0030933539966158563,0.1659748941611386,0.00010386184918552416,-3.265349707639698e-8,4.882894363412863e-5,0.06841358241697526,-0.15360698103904724,0.23858694732189178,-0.18444237112998962,0.39213964343070984,0.006392802577465773,-0.13697290420532227,0.07962571084499359,0.47776737809181213,-0.9135053157806396,1.2982630729675293,0.12770608067512512,-0.8731245994567871
0.4551758749999989,0.0034223749999999996,133.0,0.9218437842516858,0.04650215304135863,0.16885264008470616,-0.0017128456468248987,-5.4672156182059304e-5,-0.0008361133762011394,0.06812016912869424,-0.19520407915115356,0.11257629841566086,-0.18053224682807922,0.5355345010757446,-0.21298149228096008,0.08466744422912598,0.8213143944740295,-0.04523158073425293,-0.5580630302429199,1.4019253253936768,0.1089877113699913,-0.48939278721809387
0.4551758749999989,0.0034223749999999996,133.0,0.9644269494587238,0.09200966752433846,0.17006701465440158,-0.001910953584801358,-1.6697490764942417e-5,-0.0009388720108619183,0.06796903383633005,-0.2491450011730194,0.14567513763904572,-0.13184219598770142,0.7977068424224854,-0.3848119080066681,0.32763028144836426,0.47416001558303833,0.05931448936462402,-1.390499472618103,1.774491310119629,0.3757016658782959,-0.8549156785011292
0.4551758749999989,0.0034223749999999996,133.0,1.0070449583658836,0.13642395287623685,0.17124590067017445,-0.0019055639242701351,3.049080299531569e-6,-0.000926838170016229,0.06789211243741114,-0.28550347685813904,0.16991880536079407,-0.09297385811805725,0.9570825099945068,-0.5837947726249695,0.43881750106811523,0.2695080041885376,0.1625743806362152,-1.7176966667175293,1.8748197555541992,0.5282461643218994,-1.1179101467132568
0.4551758749999989,0.0034223749999999996,133.0,1.0495278934762153,0.1796910946099368,0.1717391605123057,-0.0017994097487409966,7.414015888159053e-6,-0.0008688838375621338,0.06786785878246496,-0.2920626699924469,0.18552644550800323,-0.07531881332397461,1.0478588342666626,-0.6342582702636719,0.45322704315185547,0.21382327377796173,0.17374354600906372,-1.8015395402908325,1.8465690612792969,0.5408533215522766,-1.2204172611236572
0.4551758749999989,0.0034223749999999996,133.0,1.0913645431623633,0.2218517717398211,0.1718904280701502,-0.0016468200230679224,7.91446282050173e-6,-0.000792966718242074,0.06786135549347405,-0.29517123103141785,0.19183841347694397,-0.06998330354690552,1.0706281661987305,-0.6628519296646118,0.4605288505554199,0.19402974843978882,0.1853553056716919,-1.8283709287643433,1.8341073989868164,0.5585431456565857,-1.2550432682037354
0.4551758749999989,0.0034223749999999996,133.0,1.132390407479088,0.2630730756930522,0.17184462958363433,-0.0014601944315647585,6.6072007186531084e-6,-0.0007030324804286573,0.0678632776182304,-0.2978494465351105,0.19504819810390472,-0.0705522894859314,1.0638365745544434,-0.6812708973884583,0.4754645824432373,0.20702648162841797,0.20083051919937134,-1.844619870185852,1.8336009979248047,0.5702568888664246,-1.2638959884643555
0.4551758749999989,0.0034223749999999996,133.0,1.1727166068213357,0.30344504384135124,0.17190364566830915,-0.001374830285241674,5.293366476637346e-6,-0.0006603273256679361,0.06785965433258137,-0.29687872529029846,0.19788676500320435,-0.06954783201217651,1.0760364532470703,-0.6751173138618469,0.4840291738510132,0.22980697453022003,0.19799700379371643,-1.8541436195373535,1.8116331100463867,0.5859562754631042,-1.2735134363174438
0.4551758749999989,0.0034223749999999996,133.0,1.212241999549888,0.3429959942546213,0.1720109705336242,-0.001176455702670689,4.622971305288999e-6,-0.0005628803246400505,0.06785372425194461,-0.2945840060710907,0.20150426030158997,-0.06450244784355164,1.1104656457901,-0.6692662835121155,0.4839744567871094,0.22762759029865265,0.18609154224395752,-1.8609740734100342,1.776461124420166,0.6104426980018616,-1.2962861061096191
0.4551758749999989,0.0034223749999999996,133.0,1.2508520172361914,0.38172187866030854,0.17208197426209218,-0.0010239300894684014,3.862054084122441e-6,-0.0004886650641545661,0.06785066588365071,-0.2945280373096466,0.2046332061290741,-0.06228473782539368,1.1242581605911255,-0.6766929626464844,0.4920318126678467,0.23468679189682007,0.18763801455497742,-1.8735829591751099,1.755262851715088,0.6311184763908386,-1.3118512630462646
0.4551758749999989,0.0034223749999999996,133.0,1.2886301982502075,0.4196144247763974,0.17215005696368582,-0.0008326940724967373,3.0359789614053447e-6,-0.0003964274646500861,0.06784774024730195,-0.29448118805885315,0.20768368244171143,-0.0601600706577301,1.1374802589416504,-0.6829630732536316,0.49938273429870605,0.2409374862909317,0.18874266743659973,-1.8854385614395142,1.7347774505615234,0.6503012180328369,-1.3263936042785645
0.4551758749999989,0.0034223749999999996,133.0,1.3255781900107027,0.45666718995321254,0.1722073299585431,-0.0006628357718407376,2.293353846096956e-6,-0.0003148537079774595,0.06784515846139408,-0.29439160227775574,0.21047595143318176,-0.05834758281707764,1.1491459608078003,-0.6871866583824158,0.5061026811599731,0.24791623651981354,0.18925237655639648,-1.8949557542800903,1.7156805992126465,0.6678183078765869,-1.3387699127197266
0.4551758749999989,0.0034223749999999996,133.0,1.3616933357591305,0.4928876316879238,0.1722675007254779,-0.0005007690324456036,1.6396569701748457e-6,-0.00023733380482714877,0.06784254986643085,-0.29429516196250916,0.2131582796573639,-0.05655631422996521,1.1605770587921143,-0.6909536123275757,0.5125429630279541,0.25476783514022827,0.18948164582252502,-1.9040251970291138,1.6967864036560059,0.6851261854171753,-1.3506252765655518
0.4551758749999989,0.0034223749999999996,133.0,1.396974131889283,0.5282718719881675,0.17230975775121893,-0.0003442723506450845,1.0335672352639452e-6,-0.00016280681215359686,0.06784005364057201,-0.29417142271995544,0.21559828519821167,-0.055131733417510986,1.1704084873199463,-0.6920826435089111,0.518318772315979,0.2623715400695801,0.18909743428230286,-1.9105955362319946,1.679636001586914,0.7005751729011536,-1.3602503538131714
0.4551758749999989,0.0034223749999999996,133.0,1.4314032317506273,0.562837457108151,0.17239369583849976,-0.00019316947264203343,5.24468849921319e-7,-9.111814275091157e-5,0.0678356035385328,-0.2941987216472626,0.2178901880979538,-0.05402016639709473,1.1789441108703613,-0.6905127167701721,0.5235435962677002,0.2698071300983429,0.18827351927757263,-1.915167212486267,1.6651220321655273,0.713140606880188,-1.3681221008300781
0.4551758749999989,0.0034223749999999996,133.0,1.4648413650166157,0.5965826255990055,0.17244901522643105,-5.763322364580939e-5,1.2162444231885972e-7,-2.7130981596599826e-5,0.06782882886235043,-0.2972958981990814,0.2202739268541336,-0.055859893560409546,1.1680951118469238,-0.6976246237754822,0.543001651763916,0.2866468131542206,0.20055228471755981,-1.9272525310516357,1.6706757545471191,0.712867021560669,-1.3696701526641846
0.4551758749999989,0.0034223749999999996,133.0,1.4974206835980828,0.6295290877005053,0.1726042138648926,0.0001244927978564687,-2.426014967927879e-7,5.8386899695564556e-5,0.06781824929264169,-0.3004063069820404,0.22314947843551636,-0.05558323860168457,1.168531060218811,-0.7060859203338623,0.5573945045471191,0.28753167390823364,0.20933273434638977,-1.9387913942337036,1.6718063354492188,0.7142732739448547,-1.378994345664978
0.4551758749999989,0.0034223749999999996,133.0,1.529528538974558,0.6596865052801145,0.17001848903297995,0.00029344600480621136,9.932344150731268e-7,0.00013669720991241145,0.06796823037782494,-0.29637107253074646,0.22423017024993896,-0.05118513107299805,1.1846351623535156,-0.7158849835395813,0.540233850479126,0.27217647433280945,0.20505988597869873,-1.9276247024536133,1.6347451210021973,0.750560462474823,-1.3909986019134521
0.4551758749999989,0.0034223749999999996,133.0,1.5605070572265778,0.6909445194168077,0.17009884639151754,0.00046421147979064,1.5978165487062784e-6,0.00021570956013168777,0.06796406834055879,-0.2991582453250885,0.22701986134052277,-0.050386399030685425,1.1857755184173584,-0.7308037877082825,0.5565590858459473,0.27632302045822144,0.21475639939308167,-1.9445946216583252,1.6307368278503418,0.7598347663879395,-1.401977300643921
0.4551758749999989,0.0034223749999999996,133.0,1.5908079452401052,0.7213380041556422,0.17028553998051948,0.0006666605794761721,2.309929871194993e-6,0.00030863415264408434,0.06795682859421744,-0.29773691296577454,0.22947777807712555,-0.04645580053329468,1.2115943431854248,-0.7257596254348755,0.556352972984314,0.2798342704772949,0.20325368642807007,-1.954315185546875,1.6029422283172607,0.7796415686607361,-1.4164741039276123
0.4551758749999989,0.0034223749999999996,133.0,1.6203059638986568,0.7508788816597988,0.17040462493940067,0.0008112194585793251,2.903286006144437e-6,0.00037454146330990134,0.06795379126919317,-0.29629746079444885,0.23142701387405396,-0.04364779591560364,1.2298758029937744,-0.7226626873016357,0.5577242374420166,0.28908461332321167,0.1946994662284851,-1.9627692699432373,1.5769014358520508,0.8001691699028015,-1.4263875484466553
0.4551758749999989,0.0034223749999999996,133.0,1.6489653842467498,0.7796017216127403,0.17059094022997462,0.000995998912555286,3.3142848136146944e-6,0.0004585333023807214,0.0679487795524477,-0.29541799426078796,0.23376837372779846,-0.03848671913146973,1.2554042339324951,-0.7294156551361084,0.5523197650909424,0.2760527431964874,0.187547504901886,-1.9685959815979004,1.5494389533996582,0.824144184589386,-1.4448997974395752
0.4551758749999989,0.0034223749999999996,133.0,1.6767349057945244,0.8074637922542872,0.17055738376209137,0.001138083829844867,3.969653266434563e-6,0.000523665955004869,0.06794986809925097,-0.29713597893714905,0.2359362244606018,-0.036220401525497437,1.2595019340515137,-0.750145435333252,0.5600261688232422,0.2685835063457489,0.19625630974769592,-1.9783071279525757,1.5384039878845215,0.8419414162635803,-1.4578297138214111
0.4551758749999989,0.0034223749999999996,133.0,1.703700305492125,0.8345018663539201,0.17064755219703162,0.0012969619308518673,4.446136615690717e-6,0.0005954297911030793,0.0679475955512446,-0.2971053421497345,0.23775653541088104,-0.03419288992881775,1.2697453498840332,-0.754225492477417,0.5637985467910767,0.2722477912902832,0.19459545612335205,-1.986572504043579,1.52107572555542,0.8584325313568115,-1.4665522575378418
0.4551758749999989,0.0034223749999999996,133.0,1.7299045757472464,0.8606592561115053,0.17065764743073283,0.001487004320027467,6.051144151376284e-6,0.0006820057081022615,0.06794786436895806,-0.2957652509212494,0.23862631618976593,-0.03521069884300232,1.271115779876709,-0.7445773482322693,0.5738344192504883,0.3023199439048767,0.18891626596450806,-1.9949268102645874,1.504551649093628,0.8697280287742615,-1.4624254703521729
0.4551758749999989,0.0034223749999999996,133.0,1.755239125226096,0.8860226976355619,0.17069527868979792,0.0016801233958104135,6.836066982353807e-6,0.0007695843789595031,0.06794659382240315,-0.29554030299186707,0.2402341067790985,-0.032749027013778687,1.283989667892456,-0.7456271648406982,0.5718796253204346,0.29725027084350586,0.18513089418411255,-1.9969079494476318,1.4895873069763184,0.8823626637458801,-1.4715962409973145
0.4551758749999989,0.0034223749999999996,133.0,1.7796309226471057,0.9105808452370844,0.17078136131812624,0.0018950294070037164,7.269296761553998e-6,0.0008663662695395258,0.06794484204492016,-0.2967791259288788,0.2417699098587036,-0.032140910625457764,1.2861448526382446,-0.7518253326416016,0.578813910484314,0.2976435124874115,0.18863266706466675,-2.002589464187622,1.483194351196289,0.8908724188804626,-1.4773439168930054
0.4551758749999989,0.0034223749999999996,133.0,1.8032380647268003,0.9342824862436712,0.17077705316301797,0.002053887990753139,8.089674961110683e-6,0.0009384203888108134,0.06794464082022425,-0.29826924204826355,0.24315327405929565,-0.0325770378112793,1.2826838493347168,-0.7576588988304138,0.5896598100662231,0.30435922741889954,0.19447973370552063,-2.009310483932495,1.4803383350372314,0.8970670104026794,-1.4798274040222168
0.4551758749999989,0.0034223749999999996,133.0,1.8259552645564234,0.9571591658382632,0.17082194287655114,0.0022563766397523913,8.576796926394305e-6,0.001029768550049451,0.0679430885111272,-0.3000214397907257,0.24474401772022247,-0.033181190490722656,1.278011679649353,-0.7645890116691589,0.6038583517074585,0.31428995728492737,0.20132765173912048,-2.02036714553833,1.4777252674102783,0.9021831154823303,-1.482117772102356
0.4551758749999989,0.0034223749999999996,133.0,1.8479098380690113,0.9791883388012874,0.17077460477969042,0.00246104775390495,1.0134311460223032e-5,0.0011233813453796122,0.06794210529421334,-0.30186179280281067,0.2462760955095291,-0.03350347280502319,1.2724809646606445,-0.7766222953796387,0.6180431842803955,0.3207298815250397,0.21018198132514954,-2.0312867164611816,1.475060224533081,0.908807098865509,-1.485550880432129
0.4551758749999989,0.0034223749999999996,133.0,1.869083413975043,1.000385585489659,0.17084083546110237,0.002677654896536423,1.1181127279329143e-5,0.0012209040562037499,0.06793956164465326,-0.3018343150615692,0.24761363863945007,-0.03221637010574341,1.2800719738006592,-0.7775178551673889,0.6216044425964355,0.32437047362327576,0.20770689845085144,-2.038065195083618,1.4619803428649902,0.9192611575126648,-1.4907747507095337
0.4551758749999989,0.0034223749999999996,133.0,1.8894238835784731,1.0207254772929835,0.17091120060060908,0.0028969112163060714,9.868254059754865e-6,0.0013164313507140458,0.06793793255966482,-0.2993740737438202,0.2493382692337036,-0.023711711168289185,1.3223435878753662,-0.7752346396446228,0.5908166170120239,0.28541338443756104,0.18895649909973145,-2.030853271484375,1.4308688640594482,0.9405052661895752,-1.5142836570739746
0.4551758749999989,0.0034223749999999996,133.0,1.9088949494052327,1.0403391084368163,0.17113519865758337,0.0030668487330649434,1.0142301090737958e-5,0.001391666996823381,0.06793382205883648,-0.2997179329395294,0.2508643865585327,-0.020641237497329712,1.3361687660217285,-0.7793840765953064,0.5877151489257812,0.2757319509983063,0.1854667067527771,-2.035257339477539,1.4170196056365967,0.9519137740135193,-1.524674654006958
0.4551758749999989,0.0034223749999999996,133.0,1.927580553112415,1.0590453678093323,0.1712956804187111,0.003259730136738147,9.920828544510717e-6,0.0014757240550813627,0.06793031538325439,-0.2984168231487274,0.25193578004837036,-0.01758936047554016,1.3538975715637207,-0.7741499543190002,0.5802801847457886,0.2729329764842987,0.1747041642665863,-2.0371828079223633,1.3974924087524414,0.9639521241188049,-1.5316977500915527
0.4551758749999989,0.0034223749999999996,133.0,1.9452497519243463,1.0769380619462487,0.1711647047110236,0.003425609282182746,1.0030061288519694e-5,0.0015524832522668805,0.06793452796402033,-0.3035561144351959,0.2536468505859375,-0.020849883556365967,1.327517032623291,-0.8027967214584351,0.6119251251220703,0.27942314743995667,0.202693909406662,-2.054654836654663,1.413785696029663,0.9617300033569336,-1.5334372520446777
0.4551758749999989,0.0034223749999999996,133.0,1.9623092481674018,1.093950193981794,0.17123730404493948,0.0036212805477264056,1.0965964634828747e-5,0.001638878485475831,0.067932552519029,-0.3020412027835846,0.25446754693984985,-0.018661409616470337,1.3421928882598877,-0.7953780293464661,0.6068514585494995,0.2825515568256378,0.1920183002948761,-2.0572729110717773,1.3951618671417236,0.9730539321899414,-1.5375111103057861
0.4551758749999989,0.0034223749999999996,133.0,1.9784442983655157,1.1101561212309292,0.17132197261842705,0.003793364732845865,1.0462305434676231e-5,0.0017153710519268056,0.06793110103067368,-0.30260762572288513,0.2552570700645447,-0.018614739179611206,1.3418673276901245,-0.8011083602905273,0.6153851747512817,0.28873053193092346,0.1945217251777649,-2.0642170906066895,1.3883862495422363,0.9794696569442749,-1.5397769212722778
0.4551758749999989,0.0034223749999999996,133.0,1.9937408287891067,1.1254345322919646,0.17111300440185137,0.003963804118164838,1.097287570803088e-5,0.0017920995087584443,0.06793466974444158,-0.30425092577934265,0.25612083077430725,-0.019751250743865967,1.3315925598144531,-0.8151804804801941,0.6311837434768677,0.29687559604644775,0.20539221167564392,-2.073978900909424,1.3876307010650635,0.9860070943832397,-1.5404739379882812
0.4551758749999989,0.0034223749999999996,133.0,2.0082644177613376,1.1399587590372,0.17118913101927552,0.0040980869144394295,1.0448685683419761e-5,0.0018509954259917187,0.06793332919660043,-0.30367812514305115,0.25658464431762695,-0.0175362229347229,1.3399381637573242,-0.8245876431465149,0.6288325786590576,0.2916224002838135,0.20445740222930908,-2.077162981033325,1.372527837753296,1.0034303665161133,-1.5479497909545898
0.4551758749999989,0.0034223749999999996,133.0,2.0219186810848546,1.153651511599392,0.17119343285071098,0.0042178408338595045,8.598739067582038e-6,0.0019047717307260114,0.06793687635390434,-0.3047144114971161,0.25705888867378235,-0.016355901956558228,1.3374906778335571,-0.8497573733329773,0.6353561878204346,0.2837158739566803,0.21576449275016785,-2.0854408740997314,1.3645782470703125,1.0241304636001587,-1.5568889379501343
0.4551758749999989,0.0034223749999999996,133.0,2.0348929068904256,1.1664894749028,0.17127235769336283,0.004346001876306935,7.637601106672047e-6,0.0019608869230301256,0.06793858354095712,-0.30189189314842224,0.25702202320098877,-0.012953430414199829,1.355163812637329,-0.8515233993530273,0.6222066879272461,0.2761005163192749,0.20591109991073608,-2.0870206356048584,1.3409302234649658,1.0493229627609253,-1.5647447109222412
0.4551758749999989,0.0034223749999999996,133.0,2.047017703565892,1.1784755247906318,0.1712615870506055,0.004481877859576591,1.0137822265106998e-5,0.0020212136518595997,0.06793957579241208,-0.299056738615036,0.25681740045547485,-0.01347416639328003,1.3596254587173462,-0.8384669423103333,0.6249374151229858,0.3016577661037445,0.19477978348731995,-2.093186140060425,1.3231472969055176,1.0638482570648193,-1.5581910610198975
0.4551758749999989,0.0034223749999999996,133.0,2.058377291825913,1.1895901103024014,0.17126606002918623,0.004620933375026218,1.1780334850685183e-5,0.002080822508552805,0.06794014647497308,-0.2941298186779022,0.25648781657218933,-0.009589523077011108,1.3852055072784424,-0.8200365900993347,0.6019537448883057,0.30210378766059875,0.17159226536750793,-2.0878751277923584,1.2935504913330078,1.0833877325057983,-1.5605931282043457
0.4551758749999989,0.0034223749999999996,133.0,2.068936990812778,1.199887944773397,0.17130011759714397,0.004754963589748847,1.38024714787571e-5,0.0021378241099609444,0.06794148504300372,-0.2887190282344818,0.25591930747032166,-0.007075577974319458,1.408218502998352,-0.7921586632728577,0.5832134485244751,0.31733956933021545,0.1445738971233368,-2.083516836166382,1.2632153034210205,1.0989437103271484,-1.5566322803497314
0.4551758749999989,0.0034223749999999996,133.0,2.078591526061091,1.2094308935108793,0.171424168679092,0.004907849471523631,1.6379325072584573e-5,0.0022055472719650425,0.06794172308734717,-0.28520968556404114,0.2555980682373047,-0.006216943264007568,1.4195804595947266,-0.7754238843917847,0.5769890546798706,0.33480173349380493,0.12892138957977295,-2.08524489402771,1.24299955368042,1.111290454864502,-1.5524073839187622
0.4551758749999989,0.0034223749999999996,133.0,2.0871476877429798,1.220178688223877,0.17442791092796617,0.005135058537428676,-8.464886594261584e-6,0.002298725893894409,0.06777241150446199,-0.28682586550712585,0.25711965560913086,-0.0062888264656066895,1.438931941986084,-0.7479867339134216,0.5909483432769775,0.361050009727478,0.11151209473609924,-2.1085121631622314,1.2438230514526367,1.0952630043029785,-1.5543622970581055
0.4551758749999989,0.0034223749999999996,133.0,2.09524722930794,1.2280049462497529,0.1745537771080061,0.005370921252011158,-8.246183301699583e-6,0.002400667026658063,0.06777437600746937,-0.2809377610683441,0.25662878155708313,-0.0015858113765716553,1.4711581468582153,-0.7164739370346069,0.5558397769927979,0.3598251938819885,0.07915264368057251,-2.0956363677978516,1.2127304077148438,1.1026077270507812,-1.5541414022445679
0.4551758749999989,0.0034223749999999996,133.0,2.1023876147997553,1.2349952941380913,0.1745663729463331,0.005733091860414223,-7.260965534290546e-6,0.0025615308984748434,0.06777562694214967,-0.27816006541252136,0.25628066062927246,-0.0021088123321533203,1.47447669506073,-0.7070985436439514,0.5574201345443726,0.37877920269966125,0.07060590386390686,-2.101426124572754,1.1966862678527832,1.1131712198257446,-1.549010992050171
0.4551758749999989,0.0034223749999999996,133.0,2.108758863855352,1.2411827335054801,0.1746538835007846,0.006339215487781996,-8.345620902704032e-6,0.0028289210449547473,0.06777770840168491,-0.27407196164131165,0.25623610615730286,0.0006146430969238281,1.4947041273117065,-0.6883930563926697,0.5376718044281006,0.3808284103870392,0.05034291744232178,-2.0992650985717773,1.1731252670288086,1.118727445602417,-1.5489407777786255
0.4551758749999989,0.0034223749999999996,133.0,2.1142806340074216,1.2465450616306277,0.17461138015778724,0.00771502462960518,-9.008659915091108e-6,0.003441111382071545,0.06778168963272777,-0.2708909809589386,0.2564246356487274,-0.000702202320098877,1.4983032941818237,-0.6797659993171692,0.5443134307861328,0.4021107852458954,0.041843920946121216,-2.1145801544189453,1.1541860103607178,1.124083161354065,-1.5441689491271973
0.4551758749999989,0.0034223749999999996,133.0,2.1190011683519985,1.2512739998304139,0.17468843258131286,0.014320346894588597,-4.540389442158833e-5,0.006348138333222236,0.06778118404210946,-0.266930490732193,0.2612302601337433,0.0005565285682678223,1.5249781608581543,-0.6968091726303101,0.5621252059936523,0.3991720974445343,0.03611651062965393,-2.191781997680664,1.1004037857055664,1.133744716644287,-1.565371036529541
0.4551758749999989,0.0034223749999999996,133.0,2.0957328825738584,-1.2427111262812653,0.1567241491004688,-0.013927243089926473,-0.0001390772567184244,-0.006497244733736152,0.06853208089835926,-0.04648676514625549,0.13879258930683136,-0.1227475106716156,0.32451677322387695,-0.016082946211099625,-0.6925058364868164,0.27055224776268005,0.4034235179424286,-0.11356914043426514,0.6410784721374512,0.420583575963974,-0.7308207750320435
0.4551758749999989,0.0034223749999999996,133.0,2.0911837089515624,-1.2380873940064219,0.15684172759729006,-0.007515606073389515,-5.510395469533562e-5,-0.0035021746072442673,0.06851940773268506,-0.047392576932907104,0.14309628307819366,-0.11962020397186279,0.3389665484428406,-0.06298533827066422,-0.6809253692626953,0.26193562150001526,0.3853037655353546,-0.1751558929681778,0.6589980125427246,0.39924004673957825,-0.7270292043685913
0.4551758749999989,0.0034223749999999996,133.0,2.0857711490372655,-1.2327113669190208,0.15681912107888735,-0.00617369611870807,-4.11499952099913e-5,-0.0028742689154227343,0.06851487493385754,-0.048922210931777954,0.1444041132926941,-0.119739830493927,0.34095415472984314,-0.06460802257061005,-0.66469407081604,0.2597199082374573,0.38096070289611816,-0.16750982403755188,0.6624970436096191,0.36345914006233215,-0.7246536612510681
0.4551758749999989,0.0034223749999999996,133.0,2.079573328238982,-1.2265641926459294,0.1568085590153386,-0.0055834133943654515,-3.423796796764469e-5,-0.00259684375048763,0.06851324611482985,-0.04922133684158325,0.14300920069217682,-0.11951944231987,0.3363322913646698,-0.06488136947154999,-0.6500484943389893,0.2607611417770386,0.38027679920196533,-0.15347228944301605,0.6630692481994629,0.35061755776405334,-0.7193437218666077
0.4551758749999989,0.0034223749999999996,133.0,2.072483942454584,-1.219569134615781,0.15678838986483346,-0.0052399642769541815,-3.283099876950635e-5,-0.0024363254550876603,0.06851082201751056,-0.05080720782279968,0.1433226615190506,-0.12024742364883423,0.3345598578453064,-0.05827252194285393,-0.6292648315429688,0.26138803362846375,0.37946557998657227,-0.12700869143009186,0.6629083156585693,0.3119382858276367,-0.7167582511901855
0.4551758749999989,0.0034223749999999996,133.0,2.0637315203258186,-1.2132951304046842,0.15419322868513072,-0.004997848547236625,-8.011832269560316e-5,-0.0023224754789005764,0.06858781421463056,-0.05060619115829468,0.14102382957935333,-0.11980322003364563,0.32941293716430664,-0.05309712141752243,-0.6189236640930176,0.2665364742279053,0.37998050451278687,-0.10488893836736679,0.6584615707397461,0.30082494020462036,-0.7121379375457764
0.4551758749999989,0.0034223749999999996,133.0,2.055007728174655,-1.2047352891101673,0.15412631769891583,-0.004799398174531572,-7.898691662597546e-5,-0.002230826278320927,0.06858750009988615,-0.05162918567657471,0.13845744729042053,-0.1190674901008606,0.32009783387184143,-0.044978369027376175,-0.589972734451294,0.269483745098114,0.3842623829841614,-0.07156140357255936,0.6586213111877441,0.27879980206489563,-0.7071179747581482
0.4551758749999989,0.0034223749999999996,133.0,2.045472189149814,-1.1952821930064632,0.15404049148532134,-0.004650787158458131,-7.557224361643725e-5,-0.002159249538841845,0.06858687913653963,-0.05230918526649475,0.1373017430305481,-0.11960792541503906,0.3152186870574951,-0.039587002247571945,-0.5690104961395264,0.2731114327907562,0.3852192163467407,-0.043741438537836075,0.6551995277404785,0.2549068331718445,-0.7031931281089783
0.4551758749999989,0.0034223749999999996,133.0,2.035072654210514,-1.1849728559275816,0.1540064921563504,-0.0045180550388995485,-7.268376482705814e-5,-0.002094421299072037,0.06858536404556223,-0.053416818380355835,0.13661696016788483,-0.1203276515007019,0.3107418417930603,-0.03273599594831467,-0.5436983108520508,0.2778312563896179,0.3866425156593323,-0.010557388886809349,0.6509702205657959,0.22289377450942993,-0.7001327276229858
0.4551758749999989,0.0034223749999999996,133.0,2.02385603827751,-1.173874326272125,0.154010082676587,-0.004384002879645836,-7.27353487144218e-5,-0.0020324081393887305,0.06858486572830028,-0.05376315116882324,0.13336895406246185,-0.11946383118629456,0.29962635040283203,-0.026203438639640808,-0.5123493671417236,0.2828236520290375,0.39239737391471863,0.023706968873739243,0.6475722789764404,0.20886465907096863,-0.6947702765464783
0.4551758749999989,0.0034223749999999996,133.0,2.0118325282777576,-1.1618904251836197,0.15401594706718008,-0.004260458509061744,-7.125068833923091e-5,-0.0019734678610733216,0.06858458296965976,-0.05353549122810364,0.13236258924007416,-0.12041440606117249,0.2953348755836487,-0.0267520472407341,-0.4963974952697754,0.28728559613227844,0.3922971785068512,0.043578676879405975,0.6413259506225586,0.19631512463092804,-0.6903597712516785
0.4551758749999989,0.0034223749999999996,133.0,1.998994811495596,-1.1490794462926155,0.15397367586417252,-0.0041357026001969735,-6.639672831614408e-5,-0.0019104497602352632,0.06858489458263126,-0.05313462018966675,0.13179276883602142,-0.12218675017356873,0.2932494580745697,-0.026603203266859055,-0.4838099479675293,0.29284557700157166,0.38963180780410767,0.06638987362384796,0.6324188709259033,0.1789066344499588,-0.6855782866477966
0.4551758749999989,0.0034223749999999996,133.0,1.985364635653861,-1.1353980593338995,0.15395796357708175,-0.004027268088627882,-6.277048445732061e-5,-0.0018583833483865994,0.06858513739724777,-0.051806092262268066,0.1313294619321823,-0.1238672137260437,0.29200834035873413,-0.03467434272170067,-0.48305773735046387,0.29430824518203735,0.38509225845336914,0.07165730744600296,0.6256182193756104,0.1800146996974945,-0.6797523498535156
0.4551758749999989,0.0034223749999999996,133.0,1.9708909277109268,-1.1208916222277798,0.15391454911522323,-0.0038897092640508345,-5.880963376416015e-5,-0.0017924166991915497,0.06858555864278851,-0.050830066204071045,0.1318778395652771,-0.12581145763397217,0.2932679355144501,-0.044000040739774704,-0.48657965660095215,0.2953823208808899,0.379512757062912,0.07079049944877625,0.620880126953125,0.18193715810775757,-0.6753917336463928
0.4551758749999989,0.0034223749999999996,133.0,1.9555524333944292,-1.1055545402067135,0.1538548041762573,-0.0037138066901694186,-5.775674159048194e-5,-0.0017135761641727141,0.06858479725216862,-0.05085000395774841,0.13248920440673828,-0.12724405527114868,0.2939229905605316,-0.04871286824345589,-0.48508381843566895,0.29770004749298096,0.3768584132194519,0.07127659767866135,0.6196765899658203,0.18253260850906372,-0.6733865737915039
0.4551758749999989,0.0034223749999999996,133.0,1.939359233556813,-1.0893709698948935,0.15382377564758565,-0.0035509917299579633,-5.3675070997043046e-5,-0.0016365693954010186,0.06858338260313769,-0.05148285627365112,0.13338187336921692,-0.12858083844184875,0.29483509063720703,-0.05021271854639053,-0.48166465759277344,0.29963359236717224,0.37490639090538025,0.07540760189294815,0.6202099323272705,0.1791544407606125,-0.6723430156707764
0.4551758749999989,0.0034223749999999996,133.0,1.922338858205754,-1.0723829124642963,0.15379739685434976,-0.003364508035715984,-5.187727428360176e-5,-0.0015515800690240331,0.06858241833795373,-0.052157580852508545,0.13306772708892822,-0.12869516015052795,0.29207319021224976,-0.05146906524896622,-0.47284746170043945,0.3032743036746979,0.3769988417625427,0.07398192584514618,0.6241247653961182,0.18864473700523376,-0.6717200875282288
0.4551758749999989,0.0034223749999999996,133.0,1.9045027863373616,-1.0545130942648429,0.15376237757814804,-0.003188526260139491,-4.7743742493356525e-5,-0.0014697176145592042,0.06858114867050334,-0.05250731110572815,0.13478586077690125,-0.1299971342086792,0.2957202196121216,-0.05924106016755104,-0.4819192886352539,0.30471256375312805,0.373251736164093,0.05336171016097069,0.6298644542694092,0.20586897432804108,-0.6716585755348206
0.4551758749999989,0.0034223749999999996,133.0,1.8858011159114245,-1.0357881324514375,0.15375621985073137,-0.003005042541324433,-4.493737291403902e-5,-0.0013852408713221406,0.06857829243713,-0.054295480251312256,0.1367572396993637,-0.1318528950214386,0.29847127199172974,-0.05748734623193741,-0.47601890563964844,0.3094770014286041,0.37157726287841797,0.05877450481057167,0.6326467990875244,0.19520357251167297,-0.6727660894393921
0.4551758749999989,0.0034223749999999996,133.0,1.866280726456532,-1.0162972267386385,0.15371635113342602,-0.002840583547644887,-4.387640389144707e-5,-0.0013105287977712486,0.06857721353712053,-0.05531167984008789,0.13727568089962006,-0.13285771012306213,0.29747825860977173,-0.0580366775393486,-0.46669888496398926,0.31477680802345276,0.3719668686389923,0.06185862049460411,0.6352853775024414,0.19551882147789001,-0.6722013354301453
0.4551758749999989,0.0034223749999999996,133.0,1.845954402399251,-0.9959382258414649,0.15368138520046454,-0.002625320442845615,-4.044955966252363e-5,-0.001211812747969512,0.06857571424964921,-0.05618372559547424,0.1387857347726822,-0.13418912887573242,0.30005645751953125,-0.062173400074243546,-0.4689927101135254,0.3175007998943329,0.3692995011806488,0.0503535270690918,0.6406221389770508,0.2047939896583557,-0.6721482872962952
0.4551758749999989,0.0034223749999999996,133.0,1.8247624501039614,-0.9749105080501476,0.15368257588686177,-0.002411157895711729,-3.8872545757759165e-5,-0.0011142486881629784,0.06857593951146712,-0.05705618858337402,0.13456974923610687,-0.13246706128120422,0.2864261269569397,-0.0540383979678154,-0.4398157596588135,0.322687566280365,0.37972497940063477,0.07245334982872009,0.6453254222869873,0.21873989701271057,-0.6689919233322144
0.4551758749999989,0.0034223749999999996,133.0,1.80273905147019,-0.9528768288072658,0.15363306101862098,-0.002208858723353667,-3.464347418060969e-5,-0.0010198050967481468,0.06857368979105136,-0.058717578649520874,0.13663770258426666,-0.13436603546142578,0.289559543132782,-0.05599664896726608,-0.4379770755767822,0.32864439487457275,0.37801504135131836,0.06649137288331985,0.6503989696502686,0.22058776021003723,-0.6704732179641724
0.4551758749999989,0.0034223749999999996,133.0,1.7798668819802572,-0.9299996537478079,0.1535806072744293,-0.0020069827645195332,-3.1160584531852175e-5,-0.0009257610493884268,0.0685711087451447,-0.060814231634140015,0.13920405507087708,-0.13666006922721863,0.293613076210022,-0.05656496062874794,-0.4348781108856201,0.33546292781829834,0.3759557604789734,0.06338224560022354,0.6553356647491455,0.2166433036327362,-0.6725286841392517
0.4551758749999989,0.0034223749999999996,133.0,1.756147481856478,-0.9062424078700599,0.15349540139274054,-0.0018453361666575722,-2.7837901140033397e-5,-0.0008499756808546771,0.06856775682060198,-0.06338733434677124,0.14400286972522736,-0.14035919308662415,0.3037641942501068,-0.058284658938646317,-0.4398462772369385,0.34086018800735474,0.36866772174835205,0.05653068423271179,0.6595993041992188,0.201388418674469,-0.6754348278045654
0.4551758749999989,0.0034223749999999996,133.0,1.7316509504401079,-0.8817102521957886,0.15344236168886471,-0.0016469264254787997,-2.4439593891253152e-5,-0.00075899104735002,0.06856562292071694,-0.06488317251205444,0.14659367501735687,-0.1420896351337433,0.3085780739784241,-0.06337273865938187,-0.44449663162231445,0.34371745586395264,0.3652309477329254,0.034801773726940155,0.6677405834197998,0.21448981761932373,-0.6768792867660522
0.4551758749999989,0.0034223749999999996,133.0,1.7062664576131863,-0.8563546862962691,0.15347422535032904,-0.0014628575254462186,-2.3526371634498438e-5,-0.0006760131261155686,0.06856254717643916,-0.06660622358322144,0.1466829925775528,-0.14298483729362488,0.3054697513580322,-0.06182100251317024,-0.4313535690307617,0.3504902720451355,0.3679804801940918,0.038480356335639954,0.6738927364349365,0.2216903120279312,-0.6765885353088379
0.4551758749999989,0.0034223749999999996,133.0,1.6800860556531874,-0.8302557736067456,0.15344816253674531,-0.0012814512577654046,-2.0945146227996237e-5,-0.0005922731926636795,0.06856155201441187,-0.06803131103515625,0.14542146027088165,-0.14353147149085999,0.298850417137146,-0.058742936700582504,-0.412891149520874,0.3586197793483734,0.37293925881385803,0.051865000277757645,0.6787853240966797,0.22958675026893616,-0.6749786734580994
0.4551758749999989,0.0034223749999999996,133.0,1.6530791666441258,-0.8032805495734285,0.1534072945771379,-0.0011310264293994182,-1.8780253983355672e-5,-0.000522843078971941,0.06856018993275952,-0.069059818983078,0.14572376012802124,-0.14511558413505554,0.29649025201797485,-0.060229890048503876,-0.4012172222137451,0.36519312858581543,0.3729669153690338,0.05992056801915169,0.6812667846679688,0.23030880093574524,-0.6726661920547485
0.4551758749999989,0.0034223749999999996,133.0,1.625265994210725,-0.7754902884696592,0.15335394103549918,-0.0009970155433499325,-1.6736009883388938e-5,-0.0004609987010638473,0.06855964576826636,-0.06925132870674133,0.1455584466457367,-0.14646285772323608,0.29354357719421387,-0.0654987171292305,-0.3939051628112793,0.3697546124458313,0.37213370203971863,0.06033550202846527,0.6833407878875732,0.2403489649295807,-0.6688963174819946
0.4551758749999989,0.0034223749999999996,133.0,1.5965796843818174,-0.7468849288181189,0.1533019627907065,-0.0008232247759578668,-1.321618814510829e-5,-0.000379685800163386,0.06855852442481773,-0.07090845704078674,0.14543195068836212,-0.1482442319393158,0.28978052735328674,-0.06266815960407257,-0.37668490409851074,0.37824758887290955,0.37390008568763733,0.08414371311664581,0.685253381729126,0.23326948285102844,-0.666900634765625
0.4551758749999989,0.0034223749999999996,133.0,1.5670603749367904,-0.7174640374217207,0.1532602156365862,-0.0006911042930098226,-1.1305443699753641e-5,-0.00031858022214020847,0.06855795630594234,-0.07248234748840332,0.14451462030410767,-0.14939355850219727,0.2834140658378601,-0.05950005725026131,-0.35665369033813477,0.38858267664909363,0.378683865070343,0.1056414395570755,0.6885902881622314,0.23532253503799438,-0.6653469204902649
0.4551758749999989,0.0034223749999999996,133.0,1.536711936167404,-0.6871639939245002,0.15320192504037675,-0.0005187495972884023,-8.79964174969622e-6,-0.00023927709346420958,0.06855621741989636,-0.0743509829044342,0.1452232301235199,-0.15099352598190308,0.2816336154937744,-0.05888727679848671,-0.34452319145202637,0.3973220884799957,0.3798931837081909,0.1111055538058281,0.6945700645446777,0.23951730132102966,-0.6648293733596802
0.4551758749999989,0.0034223749999999996,133.0,1.505562522799016,-0.6559623437801946,0.15314513315462816,-0.0003259347165878552,-5.2404806757307865e-6,-0.0001501632263596912,0.06855331962155489,-0.07599911093711853,0.14837141335010529,-0.15340754389762878,0.2877480685710907,-0.06377901881933212,-0.3481001853942871,0.3992280960083008,0.3727223575115204,0.0924626886844635,0.7026031017303467,0.24397599697113037,-0.6638156175613403
0.4551758749999989,0.0034223749999999996,133.0,1.4735617948260713,-0.6239443992254871,0.15308378883640966,-0.00015233796970340398,-2.507171919778237e-6,-7.029320857766228e-5,0.06855008122890455,-0.07809650897979736,0.1508011817932129,-0.15550124645233154,0.29117727279663086,-0.06443744152784348,-0.3442668914794922,0.4041047990322113,0.3687220513820648,0.08305873721837997,0.7109546661376953,0.24661391973495483,-0.6633008122444153
0.4551758749999989,0.0034223749999999996,133.0,1.440704041258043,-0.59121724786047,0.153016638366585,1.6889514799765852e-5,3.11233378325422e-7,7.82566785673102e-6,0.06854822322057379,-0.08023935556411743,0.1488911509513855,-0.15590399503707886,0.28221380710601807,-0.05716124176979065,-0.32301783561706543,0.41658326983451843,0.3767082095146179,0.0964319184422493,0.7201790809631348,0.2652519941329956,-0.6624130010604858
0.4551758749999989,0.0034223749999999996,133.0,1.4070229763486501,-0.5575782084232985,0.1529632870688302,0.00018659975551244456,3.4950073340372603e-6,8.648060346550794e-5,0.06854578423787047,-0.08250048756599426,0.14981456100940704,-0.15778613090515137,0.2808632552623749,-0.05543430522084236,-0.3102891445159912,0.42705678939819336,0.37759193778038025,0.10148673504590988,0.7274212837219238,0.2690792381763458,-0.6620107889175415
0.4551758749999989,0.0034223749999999996,133.0,1.3725019458895347,-0.5230295188056898,0.15287811821122593,0.000370548692343975,6.763365149023079e-6,0.00017152294743348755,0.06854158090495134,-0.08535394072532654,0.15367507934570312,-0.16120648384094238,0.28827354311943054,-0.056070271879434586,-0.3080117702484131,0.4336313009262085,0.37062978744506836,0.09632841497659683,0.7345802783966064,0.25844675302505493,-0.6625067591667175
0.4551758749999989,0.0034223749999999996,133.0,1.3371461037760488,-0.4877262819495566,0.1528183738842284,0.0005152672182925929,9.531390711527162e-6,0.00023852872070670778,0.0685388534575539,-0.08794894814491272,0.15484216809272766,-0.16321924328804016,0.287489652633667,-0.053941864520311356,-0.29555535316467285,0.4449389576911926,0.3716772496700287,0.0993986502289772,0.7430400848388672,0.2630925178527832,-0.6628482937812805
0.4551758749999989,0.0034223749999999996,133.0,1.3009635279902605,-0.45159504778299836,0.15275717276660108,0.0006785075674101104,1.2754739899409053e-5,0.00031413996397107203,0.06853622129225884,-0.09040164947509766,0.1558816283941269,-0.16527122259140015,0.28646716475486755,-0.05225241556763649,-0.28271937370300293,0.45653605461120605,0.37243565917015076,0.10408326238393784,0.750861406326294,0.2666704058647156,-0.6626514792442322
0.4551758749999989,0.0034223749999999996,133.0,1.2639570722425262,-0.4146327776027282,0.152706919150581,0.0008523980687547945,1.6359540838499362e-5,0.0003947483817691261,0.06853376161164172,-0.09253424406051636,0.15668457746505737,-0.16735416650772095,0.28493550419807434,-0.0514681413769722,-0.26950979232788086,0.4682900309562683,0.3728078305721283,0.11178021132946014,0.7573122978210449,0.2684963345527649,-0.6615393161773682
0.4551758749999989,0.0034223749999999996,133.0,1.226133331613637,-0.3768537720633713,0.15264398983436575,0.00104982187212134,2.1007491910383e-5,0.00048664505434464517,0.0685319173547798,-0.09423500299453735,0.15712684392929077,-0.1695384979248047,0.2827800214290619,-0.05263872072100639,-0.2564547061920166,0.4806278944015503,0.37298452854156494,0.12258340418338776,0.7618744373321533,0.2698013186454773,-0.6595877408981323
0.4551758749999989,0.0034223749999999996,133.0,1.187476748032521,-0.3382333566780152,0.15261344690257064,0.0012373449289278522,2.5459525010083223e-5,0.0005737996006564667,0.06852998210579586,-0.09567755460739136,0.15737219154834747,-0.17176976799964905,0.28021126985549927,-0.054980311542749405,-0.24344134330749512,0.49347811937332153,0.37318670749664307,0.13565051555633545,0.7652771472930908,0.2704014480113983,-0.6572356224060059
0.4551758749999989,0.0034223749999999996,133.0,1.1479474907239107,-0.2988991715954201,0.15255230218802518,0.0013589807153127063,2.950736063527751e-5,0.0006305192265798072,0.06852983268504857,-0.0979231595993042,0.1545368731021881,-0.1733156144618988,0.2684076130390167,-0.047772716730833054,-0.21764445304870605,0.5172931551933289,0.3845616579055786,0.17803449928760529,0.7701890468597412,0.28166261315345764,-0.6568459272384644
0.4551758749999989,0.0034223749999999996,133.0,1.1076234289870697,-0.2586210789057703,0.15249200810947025,0.001514646034739528,3.375783545515002e-5,0.0007030403052797549,0.0685277061800235,-0.09999200701713562,0.1550397425889969,-0.1754113733768463,0.26691165566444397,-0.04675754904747009,-0.20551419258117676,0.532237708568573,0.38533613085746765,0.18759071826934814,0.7761685848236084,0.2844148576259613,-0.6561732292175293
0.4551758749999989,0.0034223749999999996,133.0,1.0664372406950533,-0.2173535903140018,0.15236349914416053,0.0016661372732236766,3.776788091301102e-5,0.0007737085121800601,0.06852146203644693,-0.10305386781692505,0.16085682809352875,-0.17953959107398987,0.2820192575454712,-0.04747601971030235,-0.21009016036987305,0.5353468060493469,0.36933374404907227,0.17361508309841156,0.7825722694396973,0.2556120753288269,-0.6553053259849548
0.4551758749999989,0.0034223749999999996,133.0,1.0251040115653505,-0.17391701820231434,0.15472698736796658,0.0018095037674007936,2.9393233881992164e-5,0.0008439917066698578,0.06843637627409338,-0.10445648431777954,0.1586507111787796,-0.17953920364379883,0.2705172598361969,-0.04672698676586151,-0.18853020668029785,0.5493981242179871,0.3776984214782715,0.16955798864364624,0.7953178882598877,0.2903960049152374,-0.6522751450538635
0.4551758749999989,0.0034223749999999996,133.0,0.9822382345701742,-0.13107122467625007,0.15463403009131307,0.0019073743918501058,3.6064344137907935e-5,0.0008922114502699393,0.06843249453725372,-0.10848751664161682,0.16207262873649597,-0.18324175477027893,0.2763260304927826,-0.040270816534757614,-0.17563271522521973,0.5646428465843201,0.3724495768547058,0.18403314054012299,0.8050904273986816,0.26614752411842346,-0.652878999710083
0.4551758749999989,0.0034223749999999996,133.0,0.9384556715377506,-0.08749136580348638,0.15459270866316682,0.0018829601393507628,3.70623211052609e-5,0.0008825065517092179,0.06842701702790178,-0.11487552523612976,0.15871559083461761,-0.1829133927822113,0.2589268088340759,-0.018078044056892395,-0.14385342597961426,0.5954839587211609,0.39506858587265015,0.19641727209091187,0.8375234603881836,0.31874287128448486,-0.6583544015884399
0.4551758749999989,0.0034223749999999996,133.0,0.89320816723008,-0.043873082262542586,0.1521166366241289,0.0017620046413740125,3.1358099610181994e-5,0.0008231582311339395,0.06848261272649474,-0.12737518548965454,0.18942642211914062,-0.18814629316329956,0.3325222134590149,-0.0017189693171530962,-0.18192720413208008,0.4498138427734375,0.37274473905563354,-0.13460233807563782,0.9623637199401855,0.22442016005516052,-0.7095600366592407
0.4551758749999989,0.0034223749999999996,133.0,0.847468021227133,0.0023043475015796715,0.1521295198835855,0.00010388224014501067,7.495340535162125e-8,4.856794440517447e-5,0.06844112100320139,-0.15191900730133057,0.23773632943630219,-0.18428847193717957,0.3910173773765564,0.0031457047443836927,-0.14416217803955078,0.07874545454978943,0.4773665964603424,-0.9075873494148254,1.2866685390472412,0.13366299867630005,-0.8715811967849731
0.4551758749999989,0.0034223749999999996,133.0,0.8914898529507995,0.046129798585424694,0.1549999928694343,-0.0017128764986891728,-5.180060170658659e-5,-0.0008307917452683974,0.06816272095548415,-0.1970626413822174,0.11502319574356079,-0.1778433620929718,0.5507924556732178,-0.22576971352100372,0.09780406951904297,0.7891746163368225,-0.04102832078933716,-0.6341602206230164,1.4317991733551025,0.13154122233390808,-0.5086385607719421
0.4551758749999989,0.0034223749999999996,133.0,0.934244858153322,0.09153452148605022,0.15606703330778085,-0.0019099997554372515,-1.793216555402842e-5,-0.0009324377819066076,0.06802778805782052,-0.24705949425697327,0.14509238302707672,-0.1323826014995575,0.7917410135269165,-0.38296931982040405,0.32129335403442383,0.4762653410434723,0.05829194188117981,-1.3834011554718018,1.7652678489685059,0.37484851479530334,-0.8478991985321045
0.4551758749999989,0.0034223749999999996,133.0,0.976987623741924,0.13586524740607722,0.1571183968512056,-0.0019038421946248364,-4.7647803903209405e-7,-0.0009208461059157575,0.06795895145022354,-0.28295662999153137,0.1689608246088028,-0.09423694014549255,0.9480718374252319,-0.5789313316345215,0.4328782558441162,0.27567005157470703,0.16052031517028809,-1.7102787494659424,1.8662242889404297,0.5276954174041748,-1.1067994832992554
0.4551758749999989,0.0034223749999999996,133.0,1.019492675388009,0.17907994319818185,0.1575557080999588,-0.0017973780203216923,3.571905027908858e-6,-0.0008637298115625352,0.06793721403558764,-0.28923436999320984,0.18414048850536346,-0.07725363969802856,1.0366207361221313,-0.6263425350189209,0.4474654197692871,0.22260864078998566,0.17089298367500305,-1.7921462059020996,1.8395442962646484,0.540518581867218,-1.2062734365463257
0.4551758749999989,0.0034223749999999996,133.0,1.0613401818004604,0.22121875740219207,0.15769004504374542,-0.0016448504120110045,4.2370861040040895e-6,-0.0007884086707065127,0.0679312892842189,-0.29232409596443176,0.19040174782276154,-0.07207441329956055,1.0591201782226562,-0.6539502143859863,0.4549751281738281,0.20336508750915527,0.18231871724128723,-1.8189138174057007,1.8278517723083496,0.5577213764190674,-1.2404429912567139
0.4551758749999989,0.0034223749999999996,133.0,1.1023752164627376,0.26242884519971543,0.1576462540173692,-0.0014584418372663895,3.3734533461020043e-6,-0.0006990098163607351,0.06793314028994189,-0.29495981335639954,0.19358083605766296,-0.07268604636192322,1.0523098707199097,-0.6718750596046448,0.469785213470459,0.2163810431957245,0.19760829210281372,-1.83502197265625,1.8274040222167969,0.5692754983901978,-1.2490886449813843
0.4551758749999989,0.0034223749999999996,133.0,1.1426983800340467,0.3027905266192206,0.15770234805522243,-0.0013731136664906509,2.341565643371419e-6,-0.0006566546196790264,0.06792967650645351,-0.29397907853126526,0.19641423225402832,-0.07175999879837036,1.0644125938415527,-0.6653198003768921,0.47831010818481445,0.2390100359916687,0.19483163952827454,-1.8444299697875977,1.8057918548583984,0.5843914747238159,-1.2586655616760254
0.4551758749999989,0.0034223749999999996,133.0,1.1822163593781474,0.34232840105400464,0.15779316109681255,-0.0011748750559083105,2.087857574503043e-6,-0.0005599179861791604,0.0679243167185013,-0.29168054461479187,0.200041726231575,-0.06683349609375,1.098705768585205,-0.6591574549674988,0.47834110260009766,0.2368653118610382,0.18307125568389893,-1.851306676864624,1.7711749076843262,0.6082910299301147,-1.2814512252807617
0.4551758749999989,0.0034223749999999996,133.0,1.2208264539684714,0.3810429958677833,0.15785700173587852,-0.0010225008053926852,1.6661312666976876e-6,-0.0004861806560566016,0.06792146721410304,-0.2916152775287628,0.20317396521568298,-0.06468871235847473,1.1124494075775146,-0.6661754250526428,0.4863847494125366,0.24385884404182434,0.18462315201759338,-1.863938808441162,1.7503724098205566,0.6285760402679443,-1.2969735860824585
0.4551758749999989,0.0034223749999999996,133.0,1.2586047294296012,0.4189245197711305,0.15791818143461403,-0.0008314905014397834,1.2574013233795902e-6,-0.000394480288869481,0.06791873811122319,-0.2915622889995575,0.20623084902763367,-0.06263238191604614,1.1256234645843506,-0.6720933318138123,0.49373364448547363,0.25004592537879944,0.18575605750083923,-1.8758320808410645,1.7302775382995605,0.647390604019165,-1.311496615409851
0.4551758749999989,0.0034223749999999996,133.0,1.2955526222552147,0.4559671604927564,0.15796957402570674,-0.0006618482161203514,8.870105537947099e-7,-0.0003133565166490865,0.06791631880519575,-0.29146721959114075,0.20903094112873077,-0.060884177684783936,1.1372332572937012,-0.6759985685348511,0.5004477500915527,0.2569485008716583,0.18630823493003845,-1.8853813409805298,1.7115426063537598,0.6645457148551941,-1.3238606452941895
0.4551758749999989,0.0034223749999999996,133.0,1.3316676492817852,0.4921778545917824,0.1580239146722754,-0.0005000012274969231,5.844831838604334e-7,-0.00023624174000040055,0.06791386825119447,-0.2913646996021271,0.21172094345092773,-0.05915719270706177,1.1486042737960815,-0.6794618964195251,0.5068831443786621,0.2637258470058441,0.1865876317024231,-1.8944796323776245,1.6929945945739746,0.6815088987350464,-1.3357056379318237
0.4551758749999989,0.0034223749999999996,133.0,1.3669482049083803,0.5275532117636144,0.1580615657183168,-0.0003437316544826513,3.1531150869075103e-7,-0.00016207943096286257,0.06791150104392292,-0.2912369668483734,0.2141694724559784,-0.057791709899902344,1.158367395401001,-0.6803357601165771,0.5126516819000244,0.27125120162963867,0.18626734614372253,-1.9010775089263916,1.676164150238037,0.6966255903244019,-1.345327377319336
0.4551758749999989,0.0034223749999999996,133.0,1.4013775181426855,0.5621104165891704,0.15814199569709722,-0.00019286006734246452,1.2617772132949066e-7,-9.072072811379097e-5,0.06790718736123168,-0.29126212000846863,0.21647192537784576,-0.056734561920166016,1.1668272018432617,-0.6785644292831421,0.5178660154342651,0.27860593795776367,0.18552693724632263,-1.9056881666183472,1.6619434356689453,0.7088795304298401,-1.3532066345214844
0.4551758749999989,0.0034223749999999996,133.0,1.4348261295305662,0.5958470842788327,0.15820371586587037,-5.754138826475253e-5,5.302026822841301e-9,-2.7011042521380036e-5,0.06790042289051437,-0.29435184597969055,0.21884968876838684,-0.05858325958251953,1.1559592485427856,-0.685367226600647,0.537117600440979,0.29526975750923157,0.197742760181427,-1.917743444442749,1.6676421165466309,0.708510160446167,-1.3546702861785889
0.4551758749999989,0.0034223749999999996,133.0,1.4674159260299344,0.6287832517469477,0.15835831650927046,0.00012429287752695333,9.153502325670123e-9,5.812824498883215e-5,0.0678900907771063,-0.29745450615882874,0.2217327356338501,-0.058339327573776245,1.1563471555709839,-0.6935548186302185,0.5513948202133179,0.2960900366306305,0.2065117061138153,-1.9293798208236694,1.6690120697021484,0.7098442316055298,-1.36393404006958
0.4551758749999989,0.0034223749999999996,133.0,1.4995117388894565,0.6589349608858954,0.1557560601686512,0.00029296231064800257,1.5960283741774981e-6,0.00013611742084124634,0.06803979776430888,-0.29344049096107483,0.22282885015010834,-0.054019659757614136,1.1724129915237427,-0.7031952142715454,0.5345642566680908,0.2809918522834778,0.20230844616889954,-1.918466329574585,1.6323776245117188,0.7458496689796448,-1.3759729862213135
0.4551758749999989,0.0034223749999999996,133.0,1.5304998593326857,0.6901829891272303,0.15583383930457884,0.00046343696292148806,2.5537368212944785e-6,0.00021480475937193222,0.06803584058516128,-0.29621389508247375,0.22562162578105927,-0.053260207176208496,1.17354154586792,-0.7177180647850037,0.5507982969284058,0.28506168723106384,0.2119520902633667,-1.9354784488677979,1.6286110877990723,0.7549836039543152,-1.3868868350982666
0.4551758749999989,0.0034223749999999996,133.0,1.5607959586939641,0.7205676126665181,0.15600771552271522,0.0006655028483442009,3.677562629763624e-6,0.00030740972316775585,0.06802904859310735,-0.2947830855846405,0.2281009703874588,-0.04942157864570618,1.1992511749267578,-0.7124835252761841,0.5507283210754395,0.28853410482406616,0.2006446123123169,-1.9451591968536377,1.6011545658111572,0.7742425203323364,-1.4014735221862793
0.4551758749999989,0.0034223749999999996,133.0,1.590289332920806,0.7501012391108245,0.15611739554818102,0.0008097661061156702,4.54661445184241e-6,0.00037313259866738886,0.06802626280476887,-0.2933238446712494,0.23003916442394257,-0.04675552248954773,1.2172722816467285,-0.708832323551178,0.5522310733795166,0.2979961633682251,0.19216841459274292,-1.9533231258392334,1.5755972862243652,0.794057309627533,-1.4112045764923096
0.4551758749999989,0.0034223749999999996,133.0,1.6189458796695706,0.7788158535973281,0.1562871794320432,0.0009941505418478195,5.371249186093154e-6,0.00045691803280985195,0.06802158525936035,-0.29238489270210266,0.23229080438613892,-0.041943907737731934,1.2419096231460571,-0.714133083820343,0.5470234155654907,0.2861388623714447,0.18485721945762634,-1.9581516981124878,1.5493159294128418,0.816982090473175,-1.428663730621338
0.4551758749999989,0.0034223749999999996,133.0,1.646721539463769,0.8066701435204274,0.15624605505770198,0.001135942665891167,6.363869430459919e-6,0.0005218815945187265,0.06802268209229803,-0.2940801680088043,0.23444457352161407,-0.039773911237716675,1.2458772659301758,-0.7342372536659241,0.5547511577606201,0.27891048789024353,0.19344595074653625,-1.9678300619125366,1.5386972427368164,0.8345762491226196,-1.4413433074951172
0.4551758749999989,0.0034223749999999996,133.0,1.6736870199411902,0.8337015799054764,0.15632956446116172,0.0012944760917723312,7.165425771633623e-6,0.0005934834860840873,0.06802055155842889,-0.2940470278263092,0.2362673282623291,-0.037853121757507324,1.2559038400650024,-0.7378196716308594,0.5586005449295044,0.28264495730400085,0.19185534119606018,-1.9758875370025635,1.5218658447265625,0.8505048155784607,-1.449920654296875
0.4551758749999989,0.0034223749999999996,133.0,1.699886806508285,0.8598557354103932,0.1563432644943607,0.0014841235750876192,9.031754291309743e-6,0.0006798409251379499,0.06802080593320661,-0.29270657896995544,0.23713579773902893,-0.03891599178314209,1.257235050201416,-0.7279166579246521,0.5686253309249878,0.3125626742839813,0.18628782033920288,-1.9840384721755981,1.5055408477783203,0.8612385392189026,-1.4458633661270142
0.4551758749999989,0.0034223749999999996,133.0,1.7252208511132556,0.8852131272704423,0.15637235838712504,0.0016768084487200794,1.0231884273129684e-5,0.0007672483353932362,0.0680197036546832,-0.29248079657554626,0.23875458538532257,-0.03652814030647278,1.269967794418335,-0.7287908792495728,0.5667794942855835,0.30759483575820923,0.182597815990448,-1.9860172271728516,1.4909205436706543,0.8735864758491516,-1.4549899101257324
0.4551758749999989,0.0034223749999999996,133.0,1.7496169492437597,0.9097657430351661,0.1564565530931292,0.0018912635586500286,1.1099623518444705e-5,0.0008637813427922855,0.0680180388638342,-0.29371920228004456,0.2403091937303543,-0.03593072295188904,1.2721319198608398,-0.734895646572113,0.5736867189407349,0.3078685402870178,0.18614116311073303,-1.991862177848816,1.4846796989440918,0.882099986076355,-1.460788607597351
0.4551758749999989,0.0034223749999999996,133.0,1.7732293995368211,0.9334622900173032,0.1564534744844077,0.0020497949270350878,1.221458974249326e-5,0.0009356441090453216,0.06801783758286642,-0.2952234447002411,0.24172437191009521,-0.03632590174674988,1.2688186168670654,-0.7407732605934143,0.5844603776931763,0.3142513334751129,0.19204357266426086,-1.998879075050354,1.4818298816680908,0.8883625268936157,-1.4634755849838257
0.4551758749999989,0.0034223749999999996,133.0,1.795952641329851,0.9563334352252288,0.15650076943750063,0.0022518709860657763,1.3055899993001942e-5,0.001026737772004687,0.06801630885570643,-0.2969720661640167,0.24330216646194458,-0.03698420524597168,1.2640050649642944,-0.7472392320632935,0.5985845327377319,0.3242475986480713,0.19883638620376587,-2.00978946685791,1.479560375213623,0.8932659029960632,-1.4655656814575195
0.4551758749999989,0.0034223749999999996,133.0,1.817913929563038,0.9783569437583144,0.15645407298944275,0.0024561188324477325,1.5015638534166222e-5,0.0011201111528445977,0.06801528703326101,-0.29883864521980286,0.2448776662349701,-0.037218570709228516,1.2587733268737793,-0.7594701647758484,0.612696647644043,0.33023086190223694,0.20773544907569885,-2.0211892127990723,1.4767913818359375,0.9001132249832153,-1.4693434238433838
0.4551758749999989,0.0034223749999999996,133.0,1.8390876219470436,0.9995492868973824,0.15651591901970408,0.0026722190906311523,1.6478096076948457e-5,0.0012174823380215294,0.06801286283979058,-0.2988123595714569,0.24623243510723114,-0.03596052527427673,1.2663347721099854,-0.7603098750114441,0.6163220405578613,0.3338245451450348,0.20535877346992493,-2.0280394554138184,1.4638948440551758,0.9104121923446655,-1.4746373891830444
0.4551758749999989,0.0034223749999999996,133.0,1.8594198522127543,1.0198826691934904,0.15655708306999258,0.0028907985478821385,1.5924428262416082e-5,0.0013131468249104876,0.06801169775382221,-0.29635170102119446,0.24802953004837036,-0.027501165866851807,1.3085758686065674,-0.758679211139679,0.5860151052474976,0.29495275020599365,0.18698522448539734,-2.021260976791382,1.4328458309173584,0.9317365884780884,-1.498502492904663
0.4551758749999989,0.0034223749999999996,133.0,1.878892242135008,1.0394907069467083,0.15677060422901193,0.0030602705918752614,1.666372429921838e-5,0.0013883831033087613,0.06800777586668057,-0.29668834805488586,0.24958285689353943,-0.024470239877700806,1.3223280906677246,-0.7628691792488098,0.5830414295196533,0.28528204560279846,0.18362969160079956,-2.0258281230926514,1.419170618057251,0.9431256651878357,-1.5089590549468994
0.4551758749999989,0.0034223749999999996,133.0,1.8975735092305535,1.0581929380376371,0.1569206164358047,0.00325260464289902,1.6870605933268048e-5,0.0014724808487424558,0.06800449618803885,-0.2953934371471405,0.2506963312625885,-0.021433770656585693,1.3400547504425049,-0.7579210996627808,0.5757895708084106,0.28232672810554504,0.17311564087867737,-2.0279219150543213,1.3997037410736084,0.9550024271011353,-1.5162314176559448
0.4551758749999989,0.0034223749999999996,133.0,1.9152625755945956,1.0760799854406993,0.15680631696733588,0.0034182783414704837,1.7259584097364736e-5,0.0015488033534566527,0.06800842872915182,-0.3005448281764984,0.2524087727069855,-0.02459612488746643,1.3139804601669312,-0.7863146066665649,0.6071261167526245,0.2884760797023773,0.20083701610565186,-2.045788288116455,1.4159348011016846,0.9532760381698608,-1.5180035829544067
0.4551758749999989,0.0034223749999999996,133.0,1.9323155849732627,1.0930875244498752,0.15686445661135512,0.0036133243812856855,1.8669033060933335e-5,0.0016353659591631154,0.06800673647997846,-0.2990300953388214,0.25327444076538086,-0.022394031286239624,1.3287086486816406,-0.7792803645133972,0.6021593809127808,0.29128122329711914,0.19043028354644775,-2.048579692840576,1.3972244262695312,0.9644967317581177,-1.5224027633666992
0.4551758749999989,0.0034223749999999996,133.0,1.9484493110758823,1.109293338994842,0.15696068434880434,0.003785111392309152,1.834804549334958e-5,0.0017116310336726967,0.06800491735222315,-0.29961785674095154,0.2541065812110901,-0.02227213978767395,1.328658103942871,-0.7853401303291321,0.6106630563735962,0.296991229057312,0.19302240014076233,-2.055915117263794,1.3902997970581055,0.9710311889648438,-1.5250327587127686
0.4551758749999989,0.0034223749999999996,133.0,1.9637547731773728,1.124566448268176,0.15674362744071457,0.003955081427071588,1.9331685990621592e-5,0.0017883461011672806,0.06800869153251066,-0.3012371361255646,0.25495848059654236,-0.023395150899887085,1.318432092666626,-0.7991836667060852,0.6262513399124146,0.30498942732810974,0.2037724256515503,-2.065678834915161,1.3895432949066162,0.9777423143386841,-1.5256553888320923
0.4551758749999989,0.0034223749999999996,133.0,1.9782781077747653,1.139089055847182,0.156816686974821,0.004089002056400298,1.9077664604094333e-5,0.0018472848174930288,0.06800730509632721,-0.30066415667533875,0.25545769929885864,-0.021155357360839844,1.3269320726394653,-0.8088222742080688,0.6239421367645264,0.2994697391986847,0.20291462540626526,-2.0691308975219727,1.3743925094604492,0.9952571392059326,-1.5333642959594727
0.4551758749999989,0.0034223749999999996,133.0,1.9919348550777674,1.1527795602416884,0.15681188434929527,0.004208395509589641,1.774679441149573e-5,0.001901205043194435,0.06801075250784547,-0.30168673396110535,0.2559409737586975,-0.01996511220932007,1.3246026039123535,-0.8338618278503418,0.6303807497024536,0.29144537448883057,0.21409115195274353,-2.077606201171875,1.3664932250976562,1.01619291305542,-1.5422903299331665
0.4551758749999989,0.0034223749999999996,133.0,2.0048996465754416,1.1656173932978344,0.1568791199847137,0.004336088601661293,1.7174946510287958e-5,0.001957608745740611,0.0680124989785182,-0.29886260628700256,0.2559316158294678,-0.016596317291259766,1.342283844947815,-0.8357505202293396,0.6173844337463379,0.2837720513343811,0.20433256030082703,-2.079202890396118,1.3429560661315918,1.0411694049835205,-1.5502526760101318
0.4551758749999989,0.0034223749999999996,133.0,2.0170148253525113,1.177603859324137,0.15686981500612698,0.00447155656223841,1.962903097363717e-5,0.0020180546098264034,0.0680134625592646,-0.296030193567276,0.25574401021003723,-0.017110824584960938,1.3468343019485474,-0.8227832913398743,0.6201175451278687,0.30900129675865173,0.1933463215827942,-2.085273504257202,1.3251512050628662,1.0553237199783325,-1.5439319610595703
0.4551758749999989,0.0034223749999999996,133.0,2.0283575595965115,1.1887191980669367,0.15686070973320806,0.004610061871360714,2.151278838841869e-5,0.0020780419863176444,0.06801412981719834,-0.29110512137413025,0.2554541230201721,-0.013262122869491577,1.3723682165145874,-0.8047854900360107,0.5974099636077881,0.30932581424713135,0.17047002911567688,-2.0798909664154053,1.2955479621887207,1.074437141418457,-1.546605110168457
0.4551758749999989,0.0034223749999999996,133.0,2.0388986739208947,1.199018629571306,0.15688588937448467,0.004743552855088825,2.35288968331266e-5,0.002135418851731702,0.06801558265168949,-0.2856989800930023,0.25493496656417847,-0.010751307010650635,1.3954137563705444,-0.7774765491485596,0.5789061784744263,0.3242233991622925,0.14385604858398438,-2.0754804611206055,1.265064001083374,1.089502215385437,-1.543086290359497
0.4551758749999989,0.0034223749999999996,133.0,2.0485411907230078,1.2085624774942678,0.15700682237575325,0.004895918745930822,2.6142696147798476e-5,0.002203364459192619,0.06801584992612351,-0.2821902930736542,0.25463101267814636,-0.009915798902511597,1.4067676067352295,-0.7608935236930847,0.572777509689331,0.3415035009384155,0.12840157747268677,-2.0770139694213867,1.2448670864105225,1.1013764142990112,-1.5390534400939941
0.4551758749999989,0.0034223749999999996,133.0,2.0571017959070033,1.2193054830450427,0.16001233178519955,0.005122384398916223,1.3108585007161789e-6,0.0022966039905214105,0.06784756139201219,-0.2837863862514496,0.25616320967674255,-0.010009169578552246,1.4259846210479736,-0.7335956692695618,0.5865323543548584,0.3674045205116272,0.11123865842819214,-2.099907875061035,1.2456748485565186,1.0848301649093628,-1.5411206483840942
0.4551758749999989,0.0034223749999999996,133.0,2.0651810244069027,1.2271332322337705,0.16012200875082366,0.005357377986827348,1.8757323519243326e-6,0.0023990063770168175,0.06784968331684962,-0.2778967320919037,0.2557116448879242,-0.0053538978099823,1.4580721855163574,-0.702791690826416,0.5518090724945068,0.36617907881736755,0.0793336033821106,-2.0868051052093506,1.2144622802734375,1.091623067855835,-1.5412219762802124
0.4551758749999989,0.0034223749999999996,133.0,2.072311879307806,1.2341246131246635,0.16013614623939,0.005718529484645039,3.227131864878815e-6,0.0025600180250390688,0.06785086655917658,-0.2751305401325226,0.25537583231925964,-0.005885720252990723,1.461421012878418,-0.693433403968811,0.5533963441848755,0.3849110007286072,0.07088258862495422,-2.0924134254455566,1.1984963417053223,1.1017351150512695,-1.536215901374817
0.4551758749999989,0.0034223749999999996,133.0,2.0786690373844294,1.2403120516760953,0.16021419341744983,0.00632287615649481,3.1673977408998313e-6,0.0028277497766225146,0.067853032650812,-0.2710413634777069,0.2553560137748718,-0.0031877756118774414,1.481581211090088,-0.6751802563667297,0.5338424444198608,0.38691413402557373,0.050891339778900146,-2.0900473594665527,1.1748676300048828,1.1069164276123047,-1.536355972290039
0.4551758749999989,0.0034223749999999996,133.0,2.0841799091963455,1.245673645847215,0.16017607084980365,0.007694953368357636,4.620519644155113e-6,0.0034401127438961083,0.06785700199554381,-0.2678748071193695,0.25555115938186646,-0.004498511552810669,1.4852300882339478,-0.6666173338890076,0.5403847694396973,0.40797147154808044,0.04244375228881836,-2.105116605758667,1.1559906005859375,1.111920952796936,-1.5316834449768066
0.4551758749999989,0.0034223749999999996,133.0,2.0888847757235323,1.250387151531435,0.16025460025891414,0.014281823347677181,-1.8881471541906322e-5,0.0063491261018936915,0.06785675118010803,-0.2639448940753937,0.2603887915611267,-0.0032449662685394287,1.511891484260559,-0.6837422251701355,0.5577807426452637,0.40476366877555847,0.03663185238838196,-2.1819937229156494,1.1027195453643799,1.1216115951538086,-1.5527822971343994
0.4551758749999989,0.0034223749999999996,133.0,2.0648686409729824,-1.2431668783289442,0.14266943514155855,-0.013931100439416725,-0.00012746939236472806,-0.006483554508782858,0.06853740202403054,-0.046064555644989014,0.13863155245780945,-0.12242382764816284,0.32396966218948364,-0.01780012622475624,-0.6938471794128418,0.26977166533470154,0.4025392532348633,-0.11337501555681229,0.6381475925445557,0.41927647590637207,-0.7293775677680969
0.4551758749999989,0.0034223749999999996,133.0,2.060322476195018,-1.2385541505707587,0.14277467492874973,-0.007517549857684402,-4.980381446802472e-5,-0.003494421995108038,0.0685257816742946,-0.04697546362876892,0.14292693138122559,-0.11932399868965149,0.338340163230896,-0.06473617255687714,-0.6821274757385254,0.2612786591053009,0.3844163417816162,-0.17494025826454163,0.6560723781585693,0.3976975083351135,-0.7255025506019592
0.4551758749999989,0.0034223749999999996,133.0,2.054914906678532,-1.2331860164979944,0.14275466050423943,-0.0061751866754132375,-3.678800606071748e-5,-0.0028678996235590778,0.06852171166265082,-0.04850545525550842,0.144246444106102,-0.11946526169776917,0.3403482437133789,-0.06637849658727646,-0.6658806800842285,0.25904783606529236,0.38007891178131104,-0.16728393733501434,0.6595180034637451,0.3618783950805664,-0.7231525778770447
0.4551758749999989,0.0034223749999999996,133.0,2.048717884192946,-1.2270341730849708,0.14274348830825723,-0.005584748981963257,-3.0158661191766226e-5,-0.002591041011880776,0.06852022684976346,-0.04880601167678833,0.1428540050983429,-0.11925166845321655,0.3357597589492798,-0.06663217395544052,-0.6511948108673096,0.260050505399704,0.3794088661670685,-0.15325964987277985,0.6600677967071533,0.3489992320537567,-0.7178901433944702
0.4551758749999989,0.0034223749999999996,133.0,2.041633525422466,-1.220040421887711,0.14272573418880513,-0.005241147094312128,-2.8780322278723265e-5,-0.0024309040649128037,0.06851812740558053,-0.05038991570472717,0.14317961037158966,-0.12000054121017456,0.33402955532073975,-0.060027461498975754,-0.6304225921630859,0.2606355845928192,0.37860333919525146,-0.12677539885044098,0.6598351001739502,0.31030765175819397,-0.7153522968292236
0.4551758749999989,0.0034223749999999996,133.0,2.032880346900832,-1.2137613569534411,0.1401293397909057,-0.004998930733071676,-7.604546500751037e-5,-0.002317425237815767,0.06859529506850592,-0.05020785331726074,0.14088670909404755,-0.11955663561820984,0.3289302885532379,-0.05477648600935936,-0.6200315952301025,0.26577186584472656,0.37918898463249207,-0.10499010980129242,0.6554832458496094,0.29942137002944946,-0.710851788520813
0.4551758749999989,0.0034223749999999996,133.0,2.024159539217262,-1.2051930873249823,0.14005982028964795,-0.004800403115674026,-7.479660883849344e-5,-0.002225981954828201,0.06859520574681027,-0.05123952031135559,0.13832202553749084,-0.11883184313774109,0.31968432664871216,-0.04656198248267174,-0.591048002243042,0.2686965763568878,0.38352155685424805,-0.07185903191566467,0.655648946762085,0.2775658369064331,-0.7059526443481445
0.4551758749999989,0.0034223749999999996,133.0,2.014626137083863,-1.1957362291714158,0.13997597042780258,-0.0046517139198890625,-7.125805975809642e-5,-0.0021545975692560063,0.06859475774999131,-0.05193674564361572,0.1371762603521347,-0.11938294768333435,0.3148577809333801,-0.04109955579042435,-0.570059061050415,0.27233558893203735,0.3845536708831787,-0.04436449706554413,0.6523034572601318,0.25393036007881165,-0.7021567225456238
0.4551758749999989,0.0034223749999999996,133.0,2.0042281539942755,-1.1854242731740288,0.13994504705569039,-0.004518959452731699,-6.803871094257318e-5,-0.0020898382226358053,0.06859342459441091,-0.053067922592163086,0.13650473952293396,-0.12011793255805969,0.31043535470962524,-0.03416512906551361,-0.5447347164154053,0.277090460062027,0.3860769271850586,-0.011588124558329582,0.6481842994689941,0.22226561605930328,-0.699252188205719
0.4551758749999989,0.0034223749999999996,133.0,1.9930145385420344,-1.1743178483110501,0.139947085114247,-0.004384770874185863,-6.80946960127825e-5,-0.0020281386550895274,0.06859313142445542,-0.053450822830200195,0.13326629996299744,-0.11926153302192688,0.2993994355201721,-0.027472730726003647,-0.513369083404541,0.28213784098625183,0.3919638693332672,0.022110356017947197,0.6449880599975586,0.20871055126190186,-0.6941044926643372
0.4551758749999989,0.0034223749999999996,133.0,1.980989930773077,-1.1623283927939148,0.13995427482427172,-0.00426117427657206,-6.654354348654821e-5,-0.0019693691312348475,0.06859291291831887,-0.05325385928153992,0.1322706937789917,-0.12021777033805847,0.2951410412788391,-0.027959860861301422,-0.4974191188812256,0.2866811752319336,0.39198416471481323,0.04151264205574989,0.6389310359954834,0.19653844833374023,-0.6898496150970459
0.4551758749999989,0.0034223749999999996,133.0,1.968150958741859,-1.149515660817611,0.13991826517930883,-0.00413635417592697,-6.160723086907121e-5,-0.0019065428549316884,0.06859326915507094,-0.05290350317955017,0.1317223459482193,-0.12199461460113525,0.2930947244167328,-0.027697790414094925,-0.48481011390686035,0.29235708713531494,0.38948607444763184,0.06364192068576813,0.630340576171875,0.17965032160282135,-0.6852769255638123
0.4551758749999989,0.0034223749999999996,133.0,1.9545163705064095,-1.135832704364095,0.1399084725639511,-0.004027898010128645,-5.8057891733301366e-5,-0.001854615047316611,0.06859340682991345,-0.05159902572631836,0.1312784105539322,-0.12367039918899536,0.2918831408023834,-0.03578618913888931,-0.4840731620788574,0.29383784532546997,0.38501691818237305,0.06859564036130905,0.6237032413482666,0.1809116005897522,-0.6795516610145569
0.4551758749999989,0.0034223749999999996,133.0,1.9400394280048219,-1.1213280899801734,0.13987181168268137,-0.0038903133271973823,-5.4254015897020306e-5,-0.001788795145089651,0.0685937717133818,-0.050658613443374634,0.13184230029582977,-0.12561574578285217,0.2931579053401947,-0.04508630558848381,-0.4876127243041992,0.29501938819885254,0.3795681595802307,0.06714807450771332,0.6191909313201904,0.18326525390148163,-0.6753390431404114
0.4551758749999989,0.0034223749999999996,133.0,1.9247010326232048,-1.105993052239342,0.1398168063365024,-0.0037143737847201833,-5.337946989039235e-5,-0.0017101347224303298,0.06859305576165362,-0.05070027709007263,0.13246314227581024,-0.12704819440841675,0.29382288455963135,-0.04975205287337303,-0.4861330986022949,0.297379732131958,0.37698742747306824,0.06729183346033096,0.6181256771087646,0.18411491811275482,-0.6734184622764587
0.4551758749999989,0.0034223749999999996,133.0,1.9085099742667948,-1.0898123805665538,0.13979041010216886,-0.003551525266054624,-4.944162779605302e-5,-0.0016332619881777772,0.06859175228863884,-0.05135655403137207,0.13336503505706787,-0.12838861346244812,0.2947467565536499,-0.05118019878864288,-0.4827301502227783,0.2993698716163635,0.3751172423362732,0.07105753570795059,0.6187925338745117,0.18103142082691193,-0.6724698543548584
0.4551758749999989,0.0034223749999999996,133.0,1.891491464909195,-1.0728231382887579,0.1397642440699253,-0.0033650156007382693,-4.783311323429652e-5,-0.0015484153589675755,0.06859091015210943,-0.05197262763977051,0.13303852081298828,-0.12850713729858398,0.29197147488594055,-0.052644047886133194,-0.47397708892822266,0.302799791097641,0.37703725695610046,0.0703878253698349,0.6223514080047607,0.18990907073020935,-0.6716567277908325
0.4551758749999989,0.0034223749999999996,133.0,1.8736565473150826,-1.0549587454436122,0.13973365789236764,-0.0031890283653512575,-4.3992315101318134e-5,-0.0014666495964482241,0.06858970463062697,-0.05233532190322876,0.13476420938968658,-0.12979760766029358,0.2956257462501526,-0.060385070741176605,-0.4830596446990967,0.3042335510253906,0.3733287453651428,0.0494578555226326,0.6281721591949463,0.20733772218227386,-0.6716421246528625
0.4551758749999989,0.0034223749999999996,133.0,1.854961069600753,-1.036240343012843,0.13973382118591926,-0.003005495621280346,-4.1322576021341745e-5,-0.0013823398669064962,0.06858708995808382,-0.05416843295097351,0.13677144050598145,-0.13166752457618713,0.29844945669174194,-0.05853157863020897,-0.47727203369140625,0.30909135937690735,0.3717780113220215,0.054306648671627045,0.6311235427856445,0.19711893796920776,-0.6729486584663391
0.4551758749999989,0.0034223749999999996,133.0,1.83544396192807,-1.0167511580530173,0.13969719335093983,-0.002841001631794127,-4.039650751199462e-5,-0.001307776002097807,0.06858619321596301,-0.05519646406173706,0.1372920572757721,-0.13268062472343445,0.2974625527858734,-0.05906486138701439,-0.46799206733703613,0.31443774700164795,0.3722217082977295,0.05717485025525093,0.6337969303131104,0.19767294824123383,-0.6724447011947632
0.4551758749999989,0.0034223749999999996,133.0,1.8151215619137702,-0.996392356198545,0.13966542974629886,-0.0026257169994207273,-3.725852734456342e-5,-0.0012092266067409646,0.068584793008012,-0.056072384119033813,0.13880261778831482,-0.13401010632514954,0.30003538727760315,-0.06315219402313232,-0.4702739715576172,0.3171497583389282,0.3695681095123291,0.045555926859378815,0.639122486114502,0.2070394605398178,-0.6724004149436951
0.4551758749999989,0.0034223749999999996,133.0,1.7939309594166464,-0.975355219118055,0.13966181209546588,-0.002411528393383785,-3.581903785437422e-5,-0.0011118394596530165,0.06858518504560328,-0.056944847106933594,0.13455109298229218,-0.13228380680084229,0.2863629162311554,-0.05491416156291962,-0.4409902095794678,0.32238054275512695,0.380013644695282,0.06770385056734085,0.6438643932342529,0.2211572825908661,-0.6692227721214294
0.4551758749999989,0.0034223749999999996,133.0,1.7719133175690351,-0.9533283518477416,0.13961874839345997,-0.002209194076969606,-3.181670117773757e-5,-0.001017566024949977,0.0685831563732202,-0.05860477685928345,0.1366291046142578,-0.13418343663215637,0.2895037829875946,-0.056830890476703644,-0.4391751289367676,0.32826679944992065,0.378288209438324,0.06172880902886391,0.6489012241363525,0.2229500561952591,-0.6706951856613159
0.4551758749999989,0.0034223749999999996,133.0,1.749048494147038,-0.9304596916137499,0.1395740891880009,-0.0020072777867379387,-2.855147124164996e-5,-0.0009237032994914152,0.06858085652481942,-0.060721367597579956,0.1392112374305725,-0.13648945093154907,0.29357704520225525,-0.057319220155477524,-0.4361233711242676,0.33512774109840393,0.3762894868850708,0.05830436944961548,0.6538796424865723,0.2192613184452057,-0.6728320717811584
0.4551758749999989,0.0034223749999999996,133.0,1.7253368682650407,-0.9067228986868241,0.1395027670320075,-0.0018455623307228495,-2.5541376898040062e-5,-0.0008481113381634368,0.06857794821245225,-0.06334313750267029,0.14406123757362366,-0.14020490646362305,0.30381256341934204,-0.05891682952642441,-0.44119954109191895,0.34057173132896423,0.3691066801548004,0.05075394734740257,0.6582787036895752,0.20443958044052124,-0.6759309768676758
0.4551758749999989,0.0034223749999999996,133.0,1.7008469332553924,-0.8821947997761674,0.13945439542261773,-0.0016471583940153845,-2.2312885785171824e-5,-0.000757250386358212,0.06857591704851727,-0.06483468413352966,0.14663241803646088,-0.14194002747535706,0.30859798192977905,-0.06394202262163162,-0.44579052925109863,0.3434968888759613,0.36571401357650757,0.028720000758767128,0.6663386821746826,0.2178959846496582,-0.677391767501831
0.4551758749999989,0.0034223749999999996,133.0,1.67546763185788,-0.8568394298085109,0.13948894062734657,-0.0014630631167181689,-2.1594981462245897e-5,-0.0006744536858955069,0.06857305496610774,-0.06648212671279907,0.1467229127883911,-0.1428479254245758,0.30551642179489136,-0.0627717524766922,-0.43286871910095215,0.3499898314476013,0.36827149987220764,0.03328801691532135,0.6720414161682129,0.22433054447174072,-0.6769302487373352
0.4551758749999989,0.0034223749999999996,133.0,1.6492918345516494,-0.8307363043289455,0.13946463212299984,-0.0012816331328638596,-1.919294090508545e-5,-0.0005908882440786453,0.06857224279063323,-0.06793162226676941,0.1454678326845169,-0.14340540766716003,0.29893627762794495,-0.05964446812868118,-0.41448378562927246,0.3582149147987366,0.3733079433441162,0.046404410153627396,0.676994800567627,0.2325786054134369,-0.675439178943634
0.4551758749999989,0.0034223749999999996,133.0,1.622288266082792,-0.8037620721688115,0.13942904534815886,-0.0011311839625167376,-1.719616549195609e-5,-0.0005216135632420272,0.06857106374252053,-0.06896811723709106,0.14577895402908325,-0.14499503374099731,0.2965982258319855,-0.06113641336560249,-0.4028775691986084,0.36479687690734863,0.37336283922195435,0.05431294068694115,0.6794867515563965,0.2334187626838684,-0.6731765270233154
0.4551758749999989,0.0034223749999999996,133.0,1.5944755750644837,-0.7759712104691158,0.139380202319159,-0.000997156867290322,-1.532533099685627e-5,-0.00045990420323055057,0.0685706050904418,-0.06917625665664673,0.14562053978443146,-0.14633893966674805,0.29367324709892273,-0.06638754904270172,-0.39559459686279297,0.3693925142288208,0.3725847005844116,0.054402898997068405,0.681640625,0.24371975660324097,-0.6694843173027039
0.4551758749999989,0.0034223749999999996,133.0,1.565794868723669,-0.7473654880223459,0.13933442984129749,-0.0008233390849793192,-1.1996479323473983e-5,-0.00037877235282367434,0.0685696941649517,-0.07088065147399902,0.14550890028476715,-0.14813396334648132,0.2899474799633026,-0.06340330839157104,-0.378432035446167,0.37806200981140137,0.3744690418243408,0.07774577289819717,0.683729887008667,0.23710215091705322,-0.6676466464996338
0.4551758749999989,0.0034223749999999996,133.0,1.5362807142959358,-0.7179416168756108,0.1392964563899364,-0.0006911996476318299,-1.023523640284177e-5,-0.0003178057799959898,0.06856932558011392,-0.07249042391777039,0.14459727704524994,-0.14929330348968506,0.28360119462013245,-0.060108888894319534,-0.35846972465515137,0.3885554373264313,0.3793463408946991,0.09896685183048248,0.6871938705444336,0.23953118920326233,-0.6662083864212036
0.4551758749999989,0.0034223749999999996,133.0,1.5059382405859343,-0.6876438633639137,0.1392433408019867,-0.0005188204623974477,-7.976793365064894e-6,-0.00023868872927812227,0.06856785285767607,-0.07430419325828552,0.14530588686466217,-0.150893896818161,0.28182458877563477,-0.05965832993388176,-0.34644055366516113,0.39703381061553955,0.3804042339324951,0.10499460995197296,0.6928832530975342,0.24313056468963623,-0.6655398011207581
0.4551758749999989,0.0034223749999999996,133.0,1.4747943920496362,-0.6564524613433984,0.13919487433750447,-0.0003259793533743542,-4.729640528166428e-6,-0.00014978477528767802,0.06856523731940019,-0.07590210437774658,0.14846090972423553,-0.15330004692077637,0.2879621982574463,-0.06468258053064346,-0.3500552177429199,0.3986528515815735,0.3730895519256592,0.08660131692886353,0.7006337642669678,0.2471156120300293,-0.6644015312194824
0.4551758749999989,0.0034223749999999996,133.0,1.4428008234942844,-0.6244424543240255,0.1391405259393368,-0.00015235854514011836,-2.2677765790601995e-6,-7.01133370852283e-5,0.06856233523854036,-0.0780152976512909,0.15089842677116394,-0.1553996205329895,0.29143109917640686,-0.06522839516401291,-0.34624242782592773,0.4035547375679016,0.36912232637405396,0.07681585103273392,0.7089674472808838,0.25005292892456055,-0.6639609932899475
0.4551758749999989,0.0034223749999999996,133.0,1.4099499712971988,-0.5917089210216919,0.13907414777355528,1.6891887069680895e-5,2.836748452730458e-7,7.805420059697628e-6,0.06856071510410898,-0.08018136024475098,0.1489776223897934,-0.15580594539642334,0.28248828649520874,-0.05778459459543228,-0.3250091075897217,0.4161670207977295,0.377160906791687,0.08999036997556686,0.7182414531707764,0.2690606415271759,-0.663148820400238
0.4551758749999989,0.0034223749999999996,133.0,1.3762765156021266,-0.5580728974154893,0.1390270841444943,0.00018662586366642616,3.182201750177831e-6,8.625341329063688e-5,0.06855858243409342,-0.08245071768760681,0.14990805089473724,-0.157696932554245,0.28117749094963074,-0.05598863586783409,-0.31235432624816895,0.42666125297546387,0.3780537247657776,0.094898521900177,0.7254338264465332,0.2730192542076111,-0.662795901298523
0.4551758749999989,0.0034223749999999996,133.0,1.341765451149398,-0.5235368661844718,0.1389536900676962,0.000370597996095329,6.134917094703216e-6,0.0001710647857898187,0.06855479874106211,-0.08531641960144043,0.1537920981645584,-0.1611325740814209,0.2886599004268646,-0.0565156526863575,-0.31014561653137207,0.43321189284324646,0.37109285593032837,0.08940959721803665,0.7325088977813721,0.26250091195106506,-0.6633663177490234
0.4551758749999989,0.0034223749999999996,133.0,1.3064184447367784,-0.48823741470949394,0.13890066780491808,0.0005153355628295976,8.634189326721053e-6,0.0002378800892001155,0.06855240694515036,-0.08791759610176086,0.15496335923671722,-0.1631554663181305,0.2879233658313751,-0.05429983139038086,-0.29776835441589355,0.4445382356643677,0.3721485137939453,0.0923013910651207,0.7408907413482666,0.26730120182037354,-0.6637642979621887
0.4551758749999989,0.0034223749999999996,133.0,1.270244186722652,-0.45210955774120876,0.13884632267058156,0.0006785969448305914,1.1540498955037992e-5,0.00031327176598974993,0.06855010262037256,-0.09036993980407715,0.15600861608982086,-0.1652163863182068,0.2869531214237213,-0.052561014890670776,-0.2850325107574463,0.45612645149230957,0.3728995621204376,0.09686638414859772,0.7486224174499512,0.2709515690803528,-0.6636123657226562
0.4551758749999989,0.0034223749999999996,133.0,1.2332449273145991,-0.4151499014052059,0.1388030346821796,0.000852509598333174,1.478907968652783e-5,0.0003936430858151395,0.06854794439503488,-0.09250339865684509,0.1568187177181244,-0.16730734705924988,0.28547537326812744,-0.05173809453845024,-0.2719252109527588,0.46787407994270325,0.3732612133026123,0.10445039719343185,0.754997968673706,0.27282553911209106,-0.6625444293022156
0.4551758749999989,0.0034223749999999996,133.0,1.1954268290337904,-0.37737234855119095,0.13874731720884403,0.0010499576685451858,1.9012323396290304e-5,0.0004852728023517083,0.06854636342590265,-0.09420537948608398,0.15726898610591888,-0.1694982647895813,0.2833713889122009,-0.05288325622677803,-0.25898146629333496,0.4802127480506897,0.37342867255210876,0.11516033113002777,0.7594995498657227,0.27414947748184204,-0.6606352925300598
0.4551758749999989,0.0034223749999999996,133.0,1.1567750321670234,-0.3387527274752393,0.13872425375408198,0.0012375035215686813,2.3029255971379735e-5,0.0005721706162887414,0.0685446497615384,-0.09564855694770813,0.15752248466014862,-0.1717352569103241,0.28085336089134216,-0.05521073564887047,-0.24608445167541504,0.49306753277778625,0.3736204206943512,0.1281569004058838,0.7628483772277832,0.27474597096443176,-0.6583236455917358
0.4551758749999989,0.0034223749999999996,133.0,1.1172532052759847,-0.29940929080829526,0.13866804283027612,0.0013591637893359716,2.6640109610406762e-5,0.0006287110748438913,0.06854464320395529,-0.09793505072593689,0.1546783298254013,-0.17329832911491394,0.26906415820121765,-0.0477735809981823,-0.22038912773132324,0.5171741247177124,0.38507741689682007,0.17046289145946503,0.7678859233856201,0.2863539457321167,-0.6580334305763245
0.4551758749999989,0.0034223749999999996,133.0,1.0769362392100335,-0.25913282396552906,0.13861477057843172,0.0015148494689220492,3.046089995727015e-5,0.0007010024739017163,0.06854280194105901,-0.10001474618911743,0.15518628060817719,-0.175401508808136,0.2676291763782501,-0.04664445295929909,-0.2083423137664795,0.5321624875068665,0.3858529329299927,0.1798250824213028,0.773836612701416,0.289237380027771,-0.6574238538742065
0.4551758749999989,0.0034223749999999996,133.0,1.0357611719126487,-0.2178844421982271,0.13850054984988905,0.0016663350372587583,3.414704343649957e-5,0.0007714496810643165,0.06853715931376941,-0.10312417149543762,0.16103340685367584,-0.1795496642589569,0.28289517760276794,-0.046962786465883255,-0.2128911018371582,0.5353265404701233,0.3698759078979492,0.16491635143756866,0.7802309989929199,0.26083076000213623,-0.6567440032958984
0.4551758749999989,0.0034223749999999996,133.0,0.9944301593322679,-0.17443818181178364,0.14086194320407774,0.0018097436420504986,2.5388033360332984e-5,0.0008414568025415085,0.06845193462837917,-0.10420560836791992,0.15886743366718292,-0.17948845028877258,0.27157866954803467,-0.04814760014414787,-0.19216132164001465,0.5477656126022339,0.3776015639305115,0.16301843523979187,0.7918682098388672,0.2927436828613281,-0.6532374024391174
0.4551758749999989,0.0034223749999999996,133.0,0.9515782357703543,-0.13160406721698456,0.14078109198709096,0.0019076027583482555,3.169945767386634e-5,0.0008895220263591741,0.0684487658281975,-0.10826444625854492,0.16234204173088074,-0.18320313096046448,0.27758389711380005,-0.0414656363427639,-0.17942047119140625,0.562786340713501,0.3722718358039856,0.17717072367668152,0.8015992641448975,0.26825907826423645,-0.6539581418037415
0.4551758749999989,0.0034223749999999996,133.0,0.9078168870283629,-0.08801229066880764,0.1407380361386787,0.0018832455530443436,3.250267319505624e-5,0.0008796785636188807,0.06844373815923205,-0.1143386960029602,0.1588071882724762,-0.1828480064868927,0.2599460780620575,-0.020110026001930237,-0.1478719711303711,0.5930147171020508,0.39468520879745483,0.191570445895195,0.8327407836914062,0.31995880603790283,-0.6589764356613159
0.4551758749999989,0.0034223749999999996,133.0,0.8626132526909845,-0.044498450973734734,0.1382832561100524,0.0017622262398313583,2.8829544523484907e-5,0.0008200288969306386,0.06850305296628932,-0.12646827101707458,0.18912068009376526,-0.18806535005569458,0.3325653672218323,-0.0041373977437615395,-0.18627333641052246,0.44825229048728943,0.3727259039878845,-0.1364561915397644,0.9550704956054688,0.22743389010429382,-0.7095694541931152
0.4551758749999989,0.0034223749999999996,133.0,0.8169472701110314,0.0015398163742572073,0.13828222866620943,0.00010390406926429674,1.5812752748959225e-7,4.8309513798221275e-5,0.06846776387642961,-0.14858576655387878,0.22998441755771637,-0.1832844614982605,0.3747365176677704,0.0031544717494398355,-0.14625787734985352,0.11648817360401154,0.4787072539329529,-0.8420343995094299,1.2638165950775146,0.18052692711353302,-0.8567668795585632
0.4551758749999989,0.0034223749999999996,133.0,0.8611307739762388,0.04575811941105364,0.1411476288935084,-0.0017129027206196287,-4.8902179366158984e-5,-0.0008254833364741159,0.06820504829795086,-0.1951485276222229,0.1142544224858284,-0.1778467297554016,0.54689621925354,-0.2256680727005005,0.09155774116516113,0.7876439690589905,-0.04256284236907959,-0.6226851940155029,1.420851469039917,0.1333978921175003,-0.503198504447937
0.4551758749999989,0.0034223749999999996,133.0,0.904056687350456,0.09105989368294992,0.1420684802952621,-0.001909064846066491,-1.9111030709334758e-5,-0.0009259958935216694,0.06808625552987897,-0.24490973353385925,0.1443440169095993,-0.1330377757549286,0.7850052714347839,-0.38086339831352234,0.3146340847015381,0.47874534130096436,0.05706322193145752,-1.374969720840454,1.7559137344360352,0.3737400472164154,-0.8399015665054321
0.4551758749999989,0.0034223749999999996,133.0,0.9469161110354984,0.13530458067938744,0.14298232119171955,-0.0019020421218434122,-4.025935565786861e-6,-0.0009149791332932275,0.06802599565670849,-0.28052863478660583,0.16814814507961273,-0.09531417489051819,0.939776599407196,-0.5749011635780334,0.4271507263183594,0.2811042368412018,0.158870130777359,-1.7038545608520508,1.8575835227966309,0.5267939567565918,-1.0968129634857178
0.4551758749999989,0.0034223749999999996,133.0,0.9894485350054171,0.17847207076378174,0.14337779981477447,-0.0017953936898358893,-1.7145148597620087e-7,-0.0008585341462807503,0.06800610983495267,-0.2863483130931854,0.1826658397912979,-0.07928070425987244,1.0249340534210205,-0.6179533004760742,0.44152259826660156,0.23173461854457855,0.1678544580936432,-1.7817729711532593,1.8324027061462402,0.5398826599121094,-1.1914901733398438
0.4551758749999989,0.0034223749999999996,133.0,1.0313068828449632,0.22058906921447743,0.14349539177489914,-0.0016429244975810502,6.491696924435727e-7,-0.0007838112092249723,0.06800077144518775,-0.28942176699638367,0.18887683749198914,-0.07426121830940247,1.0471779108047485,-0.6445568203926086,0.4492461681365967,0.2130632847547531,0.17909619212150574,-1.8085275888442993,1.8215045928955078,0.5565670728683472,-1.2252182960510254
0.4551758749999989,0.0034223749999999996,133.0,1.0723509507718847,0.2617881188370845,0.14345377966179212,-0.0014567288786332083,2.1997144334932758e-7,-0.0006949509126091446,0.06800254841066877,-0.2920455038547516,0.19207091629505157,-0.07483017444610596,1.0407092571258545,-0.662339448928833,0.46402692794799805,0.22579529881477356,0.1943114697933197,-1.8250006437301636,1.8209528923034668,0.5682254433631897,-1.234132170677185
0.4551758749999989,0.0034223749999999996,133.0,1.1126710100318025,0.30213959247171174,0.14350718685265518,-0.0013714352431928008,-5.355525871791161e-7,-0.0006529476629417829,0.06799925044196695,-0.29105857014656067,0.19490094482898712,-0.07397863268852234,1.052726149559021,-0.6554117202758789,0.4725048542022705,0.24825984239578247,0.19159874320030212,-1.8343071937561035,1.7997064590454102,0.5827650427818298,-1.2436875104904175
0.4551758749999989,0.0034223749999999996,133.0,1.1521815272379723,0.34166442524923446,0.14358186381908025,-0.0011733278278531893,-3.8454314252515205e-7,-0.0005569258553412528,0.06799446349193308,-0.28875795006752014,0.19853872060775757,-0.06916877627372742,1.086887240409851,-0.6489554643630981,0.4726231098175049,0.24615216255187988,0.17998412251472473,-1.8412419557571411,1.7656455039978027,0.6060799956321716,-1.2664902210235596
0.4551758749999989,0.0034223749999999996,133.0,1.190791643655168,0.38036778320237635,0.14363877157083416,-0.0010211012866159564,-4.758715557738006e-7,-0.0004836697617967759,0.06799182492173077,-0.28868481516838074,0.20167364180088043,-0.06709685921669006,1.1005828380584717,-0.655569851398468,0.48065054416656494,0.2530881464481354,0.18154418468475342,-1.8538992404937744,1.745253562927246,0.6259714961051941,-1.2819722890853882
0.4551758749999989,0.0034223749999999996,133.0,1.2285699627700395,0.41823832023415336,0.14369328948423155,-0.0008303114428255996,-4.77898588923533e-7,-0.00039251096960987275,0.06798929476411844,-0.28862521052360535,0.2047354280948639,-0.06510907411575317,1.113708257675171,-0.6611247658729553,0.48798680305480957,0.2592134177684784,0.1827004849910736,-1.865822196006775,1.7255477905273438,0.6444090008735657,-1.2964718341827393
0.4551758749999989,0.0034223749999999996,133.0,1.2655177197386818,0.45527086883291684,0.14373900759890562,-0.0006608806524005942,-4.853518572031545e-7,-0.0003118414479378237,0.06798703959271044,-0.2885250747203827,0.20754137635231018,-0.0634259283542633,1.1252633333206177,-0.6647066473960876,0.49468994140625,0.26604920625686646,0.18329158425331116,-1.8753993511199951,1.7071752548217773,0.6612037420272827,-1.3088188171386719
0.4551758749999989,0.0034223749999999996,133.0,1.3016325811258211,0.49147184869953003,0.14378773282400034,-0.0004992487314260585,-4.4536410286560384e-7,-0.00023513588335711584,0.06798474874939726,-0.2884185016155243,0.210239440202713,-0.061760902404785156,1.136577844619751,-0.6678794026374817,0.5011199712753296,0.2727528512477875,0.18362045288085938,-1.8845354318618774,1.6889843940734863,0.6778231859207153,-1.3206579685211182
0.4551758749999989,0.0034223749999999996,133.0,1.336912872994064,0.5268383356452824,0.14382097290425264,-0.00034320160087784944,-3.8576668509269064e-7,-0.0001613423794831257,0.06798251272986432,-0.2882882058620453,0.21269731223583221,-0.06045141816139221,1.1462786197662354,-0.6685223579406738,0.5068763494491577,0.2801899015903473,0.1833680272102356,-1.891171932220459,1.6724729537963867,0.6926186680793762,-1.3302862644195557
0.4551758749999989,0.0034223749999999996,133.0,1.3713423741026478,0.5613872009743002,0.14389809254230077,-0.00019255655016651386,-2.6256952025153533e-7,-9.031776767746317e-5,0.06797833744635667,-0.28831228613853455,0.2150096893310547,-0.05944955348968506,1.1546578407287598,-0.6665436625480652,0.5120776891708374,0.28747090697288513,0.18271160125732422,-1.8958207368850708,1.658557415008545,0.7045513391494751,-1.338170051574707
0.4551758749999989,0.0034223749999999996,133.0,1.4048015837622037,0.5951152571984952,0.14396642176514005,-5.7451346466838e-5,-1.0812192157143782e-7,-2.6889465187189028e-5,0.06797158923205371,-0.2914378345012665,0.2174251824617386,-0.061353474855422974,1.1437574625015259,-0.673311173915863,0.531697154045105,0.3047967553138733,0.19492226839065552,-1.9089077711105347,1.664236068725586,0.7045004367828369,-1.339599370956421
0.4551758749999989,0.0034223749999999996,133.0,1.437402109494473,0.6280408657648984,0.144120838308065,0.00012409683243065725,2.5437656692545344e-7,5.786620187334405e-5,0.06796151517348598,-0.29461702704429626,0.22039727866649628,-0.06122756004333496,1.1440649032592773,-0.6817657351493835,0.5469876527786255,0.3071487247943878,0.2037830948829651,-1.9226211309432983,1.665510654449463,0.7065426111221313,-1.3488836288452148
0.4551758749999989,0.0034223749999999996,133.0,1.4694852423700207,0.6581867427945823,0.14150207605941484,0.00029248818933361745,2.1838442624684092e-6,0.00013552857675494748,0.0681109341953105,-0.29064860939979553,0.22153744101524353,-0.05701166391372681,1.1600863933563232,-0.6914419531822205,0.5308887958526611,0.29289406538009644,0.1996750831604004,-1.9126644134521484,1.6291675567626953,0.7425925731658936,-1.360980749130249
0.4551758749999989,0.0034223749999999996,133.0,1.5004830410925234,0.6894246114945433,0.1415773332738195,0.0004626775802143442,3.4863194495485996e-6,0.0002138857138866117,0.06810718717025731,-0.29345616698265076,0.22439217567443848,-0.05627018213272095,1.1613187789916992,-0.7059964537620544,0.5474948883056641,0.29721108078956604,0.20936492085456848,-1.9305719137191772,1.6253962516784668,0.7518402338027954,-1.3720483779907227
0.4551758749999989,0.0034223749999999996,133.0,1.5307743481297422,0.7198003454797518,0.14173897012518608,0.000664367045595858,5.011278456098078e-6,0.0003061647088001458,0.06810084947438153,-0.29204103350639343,0.22691644728183746,-0.05255293846130371,1.1868820190429688,-0.7006514072418213,0.5479991436004639,0.3012194037437439,0.19825583696365356,-1.9407559633255005,1.5981755256652832,0.7707189917564392,-1.3866932392120361
0.4551758749999989,0.0034223749999999996,133.0,1.5602628386452542,0.7493269254656219,0.14183979782464615,0.0008083401933641677,6.147669919446006e-6,0.00037169727129388475,0.06809831129594048,-0.29054322838783264,0.22883978486061096,-0.04998400807380676,1.2047405242919922,-0.6965318322181702,0.5495395660400391,0.310649573802948,0.18983811140060425,-1.9484186172485352,1.5729525089263916,0.7898696660995483,-1.3963196277618408
0.4551758749999989,0.0034223749999999996,133.0,1.5889164014364003,0.7780333189734557,0.14199320737367013,0.0009923364947496906,7.3783202312956665e-6,0.00045526980511247745,0.06809395754104229,-0.28956183791160583,0.23107364773750305,-0.045295774936676025,1.2291593551635742,-0.7012887001037598,0.5442852973937988,0.2988168001174927,0.182576984167099,-1.952744722366333,1.5472066402435303,0.8122121691703796,-1.4136123657226562
0.4551758749999989,0.0034223749999999996,133.0,1.6166982376230499,0.8058798199165345,0.14194537674429158,0.0011338412377634975,8.695424320258428e-6,0.0005200579219659683,0.0680950708594095,-0.2912754714488983,0.23324570059776306,-0.043379366397857666,1.2326924800872803,-0.7207550406455994,0.5531289577484131,0.29374903440475464,0.19095519185066223,-1.9636561870574951,1.5368249416351318,0.8300049304962158,-1.4256534576416016
0.4551758749999989,0.0034223749999999996,133.0,1.643663670162951,0.8329046877394225,0.14202252249298877,0.0012920364039506976,9.813139433057142e-6,0.0005914908682415778,0.06809307916398571,-0.29121169447898865,0.23505651950836182,-0.041538745164871216,1.242588758468628,-0.7239154577255249,0.5570195913314819,0.29755255579948425,0.1893605887889862,-1.9714279174804688,1.5202820301055908,0.845537543296814,-1.4340953826904297
0.4551758749999989,0.0034223749999999996,133.0,1.669858951215149,0.8590556636098445,0.142040004388525,0.001481297128776302,1.1931242393252002e-5,0.0006776214704234264,0.06809331873863948,-0.2898557484149933,0.23588865995407104,-0.04269567131996155,1.2435932159423828,-0.7133165001869202,0.5669231414794922,0.32720211148262024,0.18382304906845093,-1.978562831878662,1.5044565200805664,0.855136513710022,-1.4297354221343994
0.4551758749999989,0.0034223749999999996,133.0,1.6951923593730471,0.8844072081634168,0.14206086944902577,0.0016735573093023745,1.3538256898919557e-5,0.0007648460649167457,0.06809237849188979,-0.2896219789981842,0.23753435909748077,-0.04028201103210449,1.2564656734466553,-0.7143200039863586,0.5649477243423462,0.32171857357025146,0.18028822541236877,-1.9805221557617188,1.489936113357544,0.8673739433288574,-1.4391597509384155
0.4551758749999989,0.0034223749999999996,133.0,1.719592751889371,0.9089541359884183,0.1421430188548479,0.001887568400579772,1.4829407741682237e-5,0.0008611243669129914,0.06809080111571389,-0.29084816575050354,0.2390802800655365,-0.03973591327667236,1.258500576019287,-0.7200623154640198,0.5717394351959229,0.3219115734100342,0.18380767107009888,-1.9861301183700562,1.4840335845947266,0.8756248354911804,-1.4448022842407227
0.4551758749999989,0.0034223749999999996,133.0,1.7432104577665242,0.9326455881301484,0.14214111940712,0.0020457790505195752,1.6232972217544128e-5,0.0009327889823762584,0.06809059836407433,-0.29234305024147034,0.2405015230178833,-0.04011434316635132,1.2552400827407837,-0.7257956862449646,0.5823396444320679,0.32792553305625916,0.18971163034439087,-1.993034839630127,1.4812612533569336,0.8817967772483826,-1.44754159450531
0.4551758749999989,0.0034223749999999996,133.0,1.7659397209200256,0.9555111596834391,0.14219064886060623,0.0022474500371026437,1.7421638471660278e-5,0.0010236204507736255,0.06808909440450198,-0.29407498240470886,0.24205282330513,-0.04082721471786499,1.2502479553222656,-0.7317009568214417,0.5962774753570557,0.3378373086452484,0.19641345739364624,-2.0034942626953125,1.4793555736541748,0.8863074779510498,-1.4493584632873535
0.4551758749999989,0.0034223749999999996,133.0,1.7879076384022352,0.9775290997636209,0.14214475500902427,0.0024512844614223007,1.977280168072537e-5,0.0011167425356767714,0.06808803112465198,-0.2959405481815338,0.24362318217754364,-0.041074544191360474,1.2449817657470703,-0.7435798048973083,0.610251784324646,0.3436353802680969,0.2052432894706726,-2.0147154331207275,1.4768249988555908,0.892926037311554,-1.4530282020568848
0.4551758749999989,0.0034223749999999996,133.0,1.8090814982615753,0.99871643042302,0.142202206086668,0.0026668850356708486,2.1644613639403564e-5,0.00121395596537306,0.0680857286678527,-0.29594025015830994,0.24503320455551147,-0.03977939486503601,1.2527170181274414,-0.7446927428245544,0.6140660047531128,0.3469651937484741,0.2030358910560608,-2.0219879150390625,1.4638793468475342,0.9031865000724792,-1.4586679935455322
0.4551758749999989,0.0034223749999999996,133.0,1.8294076749364816,1.01904384618082,0.14222150277431195,0.0028848475345589707,2.1738399191367293e-5,0.0013096538196656457,0.06808494407918722,-0.294129341840744,0.24670952558517456,-0.03339913487434387,1.2848769426345825,-0.7438538074493408,0.593086838722229,0.3197323977947235,0.18954017758369446,-2.0186243057250977,1.439452886581421,0.9205909371376038,-1.4773595333099365
0.4551758749999989,0.0034223749999999996,133.0,1.8488791599615515,1.0386455363434448,0.1424179171743866,0.003053808800366842,2.3034218998828888e-5,0.0013849782200525294,0.06808128766012111,-0.29383817315101624,0.24853864312171936,-0.028342872858047485,1.3088972568511963,-0.7482959032058716,0.5818995237350464,0.2991322875022888,0.18184304237365723,-2.0215015411376953,1.4189372062683105,0.9365702271461487,-1.4937331676483154
0.4551758749999989,0.0034223749999999996,133.0,1.8675560545433192,1.0573436277745476,0.14255747818589465,0.0032456026933620585,2.36648873957241e-5,0.0014691102782558624,0.06807823009117091,-0.29252341389656067,0.2496575117111206,-0.02535960078239441,1.3265057802200317,-0.743291437625885,0.5746544599533081,0.29605069756507874,0.17149990797042847,-2.0233232975006104,1.3997418880462646,0.9481140375137329,-1.5010616779327393
0.4551758749999989,0.0034223749999999996,133.0,1.8852630693267605,1.0752246318882728,0.14245349823752307,0.00341102785947082,2.443481960946544e-5,0.001545078954219878,0.06808195107886869,-0.29767170548439026,0.25135180354118347,-0.0284559428691864,1.3005565404891968,-0.7712964415550232,0.6055541038513184,0.3017054796218872,0.19893783330917358,-2.041111946105957,1.4160544872283936,0.9465521574020386,-1.502666711807251
0.4551758749999989,0.0034223749999999996,133.0,1.9023110532214318,1.0922287694754287,0.1425037271708202,0.0036055234040134896,2.6232486771364528e-5,0.001631689960148244,0.06808040982632883,-0.2961677014827728,0.25227174162864685,-0.02620220184326172,1.3154683113098145,-0.7647491693496704,0.6007139682769775,0.30406418442726135,0.18880170583724976,-2.0441603660583496,1.3971879482269287,0.9577346444129944,-1.5075225830078125
0.4551758749999989,0.0034223749999999996,133.0,1.9184469536475572,1.1084315057176575,0.14259924655491746,0.0037768902798957847,2.6232440430536885e-5,0.001707885805377516,0.06807863174255975,-0.2967483699321747,0.2531110644340515,-0.026040852069854736,1.3155171871185303,-0.7708511352539062,0.6090022325515747,0.30927151441574097,0.19142621755599976,-2.05139422416687,1.3903062343597412,0.9642218351364136,-1.5102832317352295
0.4551758749999989,0.0034223749999999996,133.0,1.9337581076665649,1.123701489158714,0.1423857927124154,0.003946507996526001,2.7520371924528522e-5,0.0017844393271713493,0.06808226887105465,-0.29837092757225037,0.25399190187454224,-0.02709859609603882,1.3055214881896973,-0.7848469018936157,0.624618411064148,0.31706786155700684,0.2021021544933319,-2.061587333679199,1.3892621994018555,0.9712584018707275,-1.5110609531402588
0.4551758749999989,0.0034223749999999996,133.0,1.9482796069709094,1.1382222675643554,0.142451133285879,0.004080030490055474,2.7633942291297983e-5,0.0018434910820481648,0.06808087973266892,-0.297759085893631,0.2544547915458679,-0.024881303310394287,1.31395423412323,-0.7941129207611084,0.621737003326416,0.31087371706962585,0.20124560594558716,-2.0642471313476562,1.3746371269226074,0.9884190559387207,-1.5187015533447266
0.4551758749999989,0.0034223749999999996,133.0,1.9619401386861175,1.151911000004538,0.14244190521131345,0.004199117283031183,2.6729048972111493e-5,0.0018974596183198337,0.06808416693428619,-0.29874733090400696,0.2548956871032715,-0.023684412240982056,1.3116528987884521,-0.8186295628547668,0.6274579763412476,0.3020722568035126,0.2122569978237152,-2.072000741958618,1.3672752380371094,1.0091546773910522,-1.527484655380249
0.4551758749999989,0.0034223749999999996,133.0,1.974894114255378,1.1647480239365455,0.1424896650563542,0.004326287023567264,2.6736186943543503e-5,0.001954264863395928,0.06808598680121665,-0.29550012946128845,0.2549574673175812,-0.018964111804962158,1.3354095220565796,-0.8198736906051636,0.6071504354476929,0.2855204939842224,0.1997898817062378,-2.0696678161621094,1.3411266803741455,1.034598469734192,-1.5387831926345825
0.4551758749999989,0.0034223749999999996,133.0,1.9869996451476015,1.1767353841505854,0.142484755030385,0.0044613794182436954,2.907791392362731e-5,0.002014772460298598,0.06808690966323772,-0.29268041253089905,0.2547597885131836,-0.019432902336120605,1.3400737047195435,-0.8069449663162231,0.6092119216918945,0.30953535437583923,0.18903708457946777,-2.075058698654175,1.32373046875,1.0481575727462769,-1.532806396484375
0.4551758749999989,0.0034223749999999996,133.0,1.9983266673085005,1.1878518808394771,0.1424669687825952,0.0045993822250488415,3.11015899879437e-5,0.0020750571013595,0.06808762942336313,-0.2880963981151581,0.2543770670890808,-0.016972213983535767,1.3594554662704468,-0.7893739938735962,0.5930318832397461,0.3171878755092621,0.16919079422950745,-2.071791648864746,1.2974295616149902,1.0654164552688599,-1.532385230064392
0.4551758749999989,0.0034223749999999996,133.0,2.0088491990102955,1.1981528549120375,0.1424834221633438,0.00473234043406575,3.311581006819779e-5,0.0021328072913886467,0.06808919367346,-0.2826865613460541,0.2538839280605316,-0.014491051435470581,1.382445216178894,-0.7623903155326843,0.5745949745178223,0.33166030049324036,0.14295315742492676,-2.066974401473999,1.2670421600341797,1.0797866582870483,-1.5291898250579834
0.4551758749999989,0.0034223749999999996,133.0,2.0184797222529216,1.207697505533469,0.142601220560788,0.00488419826091748,3.5769960230263795e-5,0.0022009775256472725,0.06808948683675249,-0.27917614579200745,0.25359734892845154,-0.013656079769134521,1.3938345909118652,-0.7460271716117859,0.5684405565261841,0.3485416769981384,0.12771478295326233,-2.068256139755249,1.246851921081543,1.0912041664123535,-1.5254091024398804
0.4551758749999989,0.0034223749999999996,133.0,2.0270454518557943,1.218435664498993,0.14560866532010472,0.0051098858712207975,1.0933021322735675e-5,0.0022943032092260524,0.06792225306585357,-0.28075656294822693,0.2551560401916504,-0.01372838020324707,1.413021445274353,-0.7190862894058228,0.5819600820541382,0.37391024827957153,0.110838383436203,-2.090916395187378,1.2475039958953857,1.0742937326431274,-1.5277340412139893
0.4551758749999989,0.0034223749999999996,133.0,2.035104392381336,1.2262648009179493,0.14570242947701256,0.005344023705409084,1.1837344178290745e-5,0.0023971668625820475,0.06792452717875613,-0.2748681604862213,0.25474604964256287,-0.009117454290390015,1.4449808597564697,-0.6890028119087219,0.5476301908493042,0.37267017364501953,0.07938754558563232,-2.0776093006134033,1.2161760330200195,1.0805453062057495,-1.5281692743301392
0.4551758749999989,0.0034223749999999996,133.0,2.0422257886995983,1.23325709435563,0.14571793553077322,0.005704167755833365,1.3557106499005104e-5,0.0025583219055529717,0.0679256428412849,-0.2721079885959625,0.2544214129447937,-0.009651482105255127,1.4483753442764282,-0.6797015070915222,0.5492064952850342,0.39118286967277527,0.07102751731872559,-2.0830647945404053,1.2002527713775635,1.0903054475784302,-1.5232999324798584
0.4551758749999989,0.0034223749999999996,133.0,2.0485688796640154,1.2394444329522334,0.14578660245814062,0.0063067575997741284,1.4509386736691727e-5,0.00282638235435886,0.0679278863881428,-0.26802024245262146,0.2544284462928772,-0.006975144147872925,1.468477725982666,-0.6619163155555725,0.5298476219177246,0.39312347769737244,0.051305681467056274,-2.080509901046753,1.176558256149292,1.0951324701309204,-1.5236561298370361
0.4551758749999989,0.0034223749999999996,133.0,2.054068933507623,1.244805238296165,0.14575273266246802,0.0076751488108892894,1.8053666035352628e-5,0.003438881351228296,0.06793184480710833,-0.26487061381340027,0.2546333074569702,-0.008270055055618286,1.4721981287002563,-0.6534669995307922,0.5362862348556519,0.4139060378074646,0.04291778802871704,-2.095363140106201,1.157719612121582,1.0998142957687378,-1.5191121101379395
0.4551758749999989,0.0034223749999999996,133.0,2.0587603177603437,1.249501697092343,0.14582669841968907,0.014243604762893478,7.605516380912078e-6,0.006349855283343184,0.06793204991395077,-0.26096221804618835,0.2594989240169525,-0.007016628980636597,1.4988317489624023,-0.6707140207290649,0.5532310009002686,0.4104359447956085,0.037021487951278687,-2.171872138977051,1.1049244403839111,1.1096163988113403,-1.5400924682617188
0.4551758749999989,0.0034223749999999996,133.0,2.03400396385464,-1.2436242167515477,0.12861487233882793,-0.013934912739970634,-0.00011598379850227791,-0.006469944350520778,0.06854269021907712,-0.04569649696350098,0.13848136365413666,-0.12208423018455505,0.3234880864620209,-0.019291184842586517,-0.6951332092285156,0.2692025601863861,0.4019184410572052,-0.11452747136354446,0.6355743408203125,0.4190739393234253,-0.7282687425613403
0.4551758749999989,0.0034223749999999996,133.0,2.0294607736507784,-1.2390224142601196,0.12870790988532854,-0.007519473855659506,-4.455385897519987e-5,-0.003486705374953001,0.0685321233362373,-0.04665222764015198,0.14278309047222137,-0.11899951100349426,0.33786049485206604,-0.066072016954422,-0.6832077503204346,0.2609214782714844,0.3839642405509949,-0.17709477245807648,0.6537320613861084,0.39806076884269714,-0.7245668172836304
0.4551758749999989,0.0034223749999999996,133.0,2.024058705321677,-1.2336624017721685,0.12869038637594532,-0.006176660040165088,-3.2488895430354536e-5,-0.0028615531514880285,0.06852853488276321,-0.048251837491989136,0.14412522315979004,-0.11914283037185669,0.3399803638458252,-0.06742360442876816,-0.6668336391448975,0.25890854001045227,0.3799319267272949,-0.1710945963859558,0.6575579643249512,0.3635462522506714,-0.7226397395133972
0.4551758749999989,0.0034223749999999996,133.0,2.0178627407253584,-1.2275059160693234,0.12867859925377767,-0.005586069840620148,-2.614273948556371e-5,-0.0025852537852721733,0.06852720084140385,-0.04861512780189514,0.14274609088897705,-0.11892426013946533,0.33549195528030396,-0.06740602105855942,-0.6520192623138428,0.2600576877593994,0.37952470779418945,-0.15844061970710754,0.658484697341919,0.35173359513282776,-0.7177450060844421
0.4551758749999989,0.0034223749999999996,133.0,2.0107837717640247,-1.2205135285670097,0.12866329525156345,-0.005242317248520528,-2.4798298609533658e-5,-0.0024254907345512733,0.06852543445685103,-0.05029118061065674,0.14309531450271606,-0.11967861652374268,0.33387961983680725,-0.060427989810705185,-0.6311509609222412,0.26091042160987854,0.37908583879470825,-0.13377739489078522,0.6587667465209961,0.31451889872550964,-0.715698778629303
0.4551758749999989,0.0034223749999999996,133.0,2.002030124780629,-1.2142288444629596,0.12606551964112395,-0.005000012313478934,-7.205104407394175e-5,-0.002312364125470382,0.06860275675659715,-0.050193995237350464,0.14080239832401276,-0.1192241907119751,0.328826367855072,-0.05480082333087921,-0.6205658912658691,0.26629894971847534,0.37999245524406433,-0.113575279712677,0.6549887657165527,0.30496490001678467,-0.7115721106529236
0.4551758749999989,0.0034223749999999996,133.0,1.993312772066307,-1.205652146475061,0.12599341028985778,-0.004801410517542556,-7.068671812148133e-5,-0.0022211165689063413,0.06860290025350906,-0.05134299397468567,0.138248011469841,-0.1185036301612854,0.3196525573730469,-0.04613327234983444,-0.591437578201294,0.26956185698509216,0.3847348093986511,-0.08225999772548676,0.655869722366333,0.2846865952014923,-0.7071638703346252
0.4551758749999989,0.0034223749999999996,133.0,1.9837818358593298,-1.1961915490164556,0.12591159532473262,-0.004652645329921607,-6.702470745827739e-5,-0.002149917748077191,0.06860263013367923,-0.052125006914138794,0.13711614906787872,-0.11907225847244263,0.3148588538169861,-0.04036644101142883,-0.570415735244751,0.2734282314777374,0.38605210185050964,-0.05587022379040718,0.6530427932739258,0.2620426416397095,-0.7036917209625244
0.4551758749999989,0.0034223749999999996,133.0,1.9733878012914556,-1.1858775104398154,0.12588333513683478,-0.0045198002422427615,-6.362583841533416e-5,-0.002085344893035247,0.06860154812984054,-0.05336105823516846,0.13646364212036133,-0.11983045935630798,0.3104654550552368,-0.033075690269470215,-0.5451023578643799,0.2785118520259857,0.38790687918663025,-0.02422124333679676,0.6495118141174316,0.23142099380493164,-0.7011547088623047
0.4551758749999989,0.0034223749999999996,133.0,1.9621755089147623,-1.1747627149209103,0.12588433968286236,-0.004385547685963302,-6.353105006182669e-5,-0.0020238285661077337,0.06860139961879963,-0.053802549839019775,0.13322846591472626,-0.11898988485336304,0.2993924021720886,-0.026252523064613342,-0.5137474536895752,0.2837390601634979,0.39392727613449097,0.009417570196092129,0.6466646194458008,0.21811769902706146,-0.6961055994033813
0.4551758749999989,0.0034223749999999996,133.0,1.950149512283661,-1.1627676876615411,0.12589290713760654,-0.004261899353943131,-6.189856400191395e-5,-0.00196523436095264,0.06860122929066438,-0.05353277921676636,0.13224278390407562,-0.11996248364448547,0.29511165618896484,-0.027118362486362457,-0.4979703426361084,0.28801652789115906,0.39362290501594543,0.030688470229506493,0.6400761604309082,0.20432895421981812,-0.6914961338043213
0.4551758749999989,0.0034223749999999996,133.0,1.937309774170078,-1.1499532928142695,0.1258632395245249,-0.004137018222160122,-5.687989566284849e-5,-0.0019025911233943671,0.06860163509556327,-0.05331528186798096,0.1317271888256073,-0.12174513936042786,0.293094664812088,-0.026482917368412018,-0.4853665828704834,0.2941157817840576,0.39154624938964844,0.05127817019820213,0.6322846412658691,0.18881824612617493,-0.6873825788497925
0.4551758749999989,0.0034223749999999996,133.0,1.9236707875141899,-1.1362687958069575,0.1258593663769106,-0.004028540704144887,-5.3403374093680306e-5,-0.001850802404979982,0.06860166520410416,-0.052016645669937134,0.13129697740077972,-0.12342187762260437,0.29187560081481934,-0.03465460240840912,-0.48467254638671875,0.2955966889858246,0.3870806097984314,0.0563516803085804,0.6256859302520752,0.1899411529302597,-0.6816527843475342
0.4551758749999989,0.0034223749999999996,133.0,1.9091909396929154,-1.1217660789073651,0.12582943500547508,-0.003890929848670658,-4.9759439721799e-5,-0.0017851267385141302,0.06860198571519016,-0.05116760730743408,0.13187626004219055,-0.12535488605499268,0.29315185546875,-0.04366357997059822,-0.4881322383880615,0.2970740497112274,0.3819369673728943,0.053573742508888245,0.621767520904541,0.19339290261268616,-0.6777524948120117
0.4551758749999989,0.0034223749999999996,133.0,1.893852946068513,-1.10643313103841,0.125779168130141,-0.003714953203230625,-4.9064379957572976e-5,-0.0017066450934501967,0.0686013233439023,-0.05130079388618469,0.13250881433486938,-0.12679046392440796,0.29381251335144043,-0.047990042716264725,-0.48659729957580566,0.2997583746910095,0.37965768575668335,0.0524643138051033,0.6212315559387207,0.19539731740951538,-0.6761351823806763
0.4551758749999989,0.0034223749999999996,133.0,1.8776644381921486,-1.0902554537776998,0.12575741000384488,-0.00355207069785691,-4.527187687039886e-5,-0.0016299047533279187,0.06860014213764676,-0.052063584327697754,0.133429154753685,-0.12813469767570496,0.29477086663246155,-0.04904070869088173,-0.4831721782684326,0.30212122201919556,0.37811732292175293,0.054814938455820084,0.622467041015625,0.19359667599201202,-0.6755581498146057
0.4551758749999989,0.0034223749999999996,133.0,1.8606473424814103,-1.0732649099452423,0.12573152007131672,-0.003365533457942361,-4.3843382062497654e-5,-0.0015452103897944114,0.0685994039870735,-0.052549004554748535,0.13307484984397888,-0.12826165556907654,0.29193222522735596,-0.05100216716527939,-0.4744563102722168,0.30513671040534973,0.37959128618240356,0.05610164627432823,0.6251811981201172,0.20086906850337982,-0.6742262840270996
0.4551758749999989,0.0034223749999999996,133.0,1.842813641888334,-1.0554060833601133,0.1257053176269571,-0.0031895388228591155,-4.029662509397174e-5,-0.0014635447683535904,0.06859826936887771,-0.05292618274688721,0.13481925427913666,-0.12953686714172363,0.29565611481666565,-0.058655839413404465,-0.4834706783294678,0.30654701590538025,0.3758944869041443,0.0346442349255085,0.6310029029846191,0.21862250566482544,-0.6742943525314331
0.4551758749999989,0.0034223749999999996,133.0,1.8241245286447252,-1.0366943380739222,0.12571182703217887,-0.003005955775182242,-3.77623506694634e-5,-0.0013794039413107181,0.06859590299571978,-0.05479815602302551,0.13683372735977173,-0.13142231106758118,0.29848960041999817,-0.056555625051259995,-0.4776773452758789,0.31152307987213135,0.3744341731071472,0.03911660611629486,0.634052038192749,0.20878492295742035,-0.6757040619850159
0.4551758749999989,0.0034223749999999996,133.0,1.8046106053492905,-1.0172067992834284,0.12567850454019033,-0.002841426537531314,-3.696666013503576e-5,-0.0013049914573583417,0.06859518104631004,-0.05578923225402832,0.13732832670211792,-0.13244402408599854,0.2974258363246918,-0.057137057185173035,-0.46834707260131836,0.31678563356399536,0.3747624456882477,0.04257584735751152,0.6364850997924805,0.20896853506565094,-0.6750056743621826
0.4551758749999989,0.0034223749999999996,133.0,1.7842904742076064,-0.9968575747844516,0.1256525709539207,-0.0026261120414805676,-3.4102302973853796e-5,-0.0012066092980829643,0.068593973660861,-0.05677199363708496,0.13886743783950806,-0.1337657868862152,0.3000794053077698,-0.06076806038618088,-0.47049570083618164,0.31979212164878845,0.3723822832107544,0.029352597892284393,0.6422896385192871,0.2197011560201645,-0.6753233075141907
0.4551758749999989,0.0034223749999999996,133.0,1.7630997419731946,-0.9757883529689351,0.12563434735275827,-0.0024119302447021176,-3.2765492062917575e-5,-0.0011093781197989156,0.06859427532329258,-0.057671934366226196,0.13457463681697845,-0.1320476531982422,0.2862941026687622,-0.05239821597933769,-0.441204309463501,0.32521703839302063,0.38288018107414246,0.05192669853568077,0.6471521854400635,0.234047532081604,-0.6720858812332153
0.4551758749999989,0.0034223749999999996,133.0,1.7410920155425882,-0.9537817106657385,0.12560502295191983,-0.0022095367118304034,-2.9030329982020924e-5,-0.0010152942641170936,0.06859264610094644,-0.0594315230846405,0.13669344782829285,-0.1339617371559143,0.2895198166370392,-0.05390404164791107,-0.4393651485443115,0.3313630223274231,0.3813806474208832,0.044686585664749146,0.6525533199310303,0.236945241689682,-0.6738767623901367
0.4551758749999989,0.0034223749999999996,133.0,1.7182342203729692,-0.9309215127809288,0.12556826058590062,-0.002007577961199518,-2.5978433225794317e-5,-0.0009216196816585805,0.06859062063674976,-0.06150779128074646,0.13925939798355103,-0.13629397749900818,0.29353874921798706,-0.054375890642404556,-0.43625736236572266,0.33813583850860596,0.37925803661346436,0.041822951287031174,0.6571345329284668,0.23284658789634705,-0.6758335828781128
0.4551758749999989,0.0034223749999999996,133.0,1.694532828131512,-0.9071962311824399,0.12550854481742554,-0.00184585007960374,-2.302784844772467e-5,-0.0008461372779168211,0.06858794327952153,-0.0641058087348938,0.14410285651683807,-0.1400400996208191,0.3037760555744171,-0.05584701523184776,-0.4412825107574463,0.3435569703578949,0.37201443314552307,0.03438948094844818,0.6611626148223877,0.21786627173423767,-0.6788731813430786
0.4551758749999989,0.0034223749999999996,133.0,1.6700470139126644,-0.8826812699060791,0.12546724684806565,-0.0016473927012569539,-2.021945117910149e-5,-0.0007554919158043034,0.06858623447538562,-0.06557393074035645,0.1466660350561142,-0.1417703628540039,0.3085920512676239,-0.06079280376434326,-0.44568467140197754,0.3463730216026306,0.3685222864151001,0.012190078385174274,0.6689436435699463,0.23139414191246033,-0.6802648305892944
0.4551758749999989,0.0034223749999999996,133.0,1.6446727386111168,-0.8573262024037743,0.12550453234501951,-0.0014632704914685072,-1.9691938442857625e-5,-0.0006728797795492618,0.06858357422703461,-0.06715375185012817,0.14678265154361725,-0.14268344640731812,0.3056015372276306,-0.060040634125471115,-0.43305516242980957,0.35251420736312866,0.37079691886901855,0.017977368086576462,0.6741390228271484,0.23669368028640747,-0.6796054840087891
0.4551758749999989,0.0034223749999999996,133.0,1.6185017728969133,-0.8312188087765308,0.12548198875736094,-0.0012818146164966144,-1.7467731825289764e-5,-0.0005894941771987885,0.06858294884662404,-0.06868734955787659,0.14551955461502075,-0.14325979351997375,0.298978328704834,-0.05657804012298584,-0.4146292209625244,0.3611304461956024,0.3760487735271454,0.03047521971166134,0.679401159286499,0.24592185020446777,-0.6782926917076111
0.4551758749999989,0.0034223749999999996,133.0,1.5915016776543618,-0.8042455909539176,0.1254517920976507,-0.0011313426111080975,-1.563331084535454e-5,-0.0005203729813385081,0.06858194780749383,-0.06976670026779175,0.1458381861448288,-0.14486923813819885,0.29663994908332825,-0.05794806405901909,-0.4030880928039551,0.3679129183292389,0.37620383501052856,0.03811261057853699,0.6819887161254883,0.24721211194992065,-0.6761326193809509
0.4551758749999989,0.0034223749999999996,133.0,1.5636891933793564,-0.7764541428100624,0.12540746090722105,-0.0009972989814654764,-1.3932653311614662e-5,-0.0004588011634621832,0.06858156457907033,-0.06988975405693054,0.14567773044109344,-0.14621174335479736,0.2937310039997101,-0.06370913982391357,-0.3959829807281494,0.372257798910141,0.3752002716064453,0.03913634270429611,0.6836743354797363,0.2566416263580322,-0.6722244620323181
0.4551758749999989,0.0034223749999999996,133.0,1.5350146000922695,-0.747848043798775,0.12536803800885032,-0.0008234542088328207,-1.0791022016816405e-5,-0.00037785074431363074,0.06858086674523783,-0.0717305839061737,0.14556147158145905,-0.14803817868232727,0.28995999693870544,-0.060191038995981216,-0.3788120746612549,0.3816174864768982,0.3774626851081848,0.06141085922718048,0.6862914562225342,0.25149840116500854,-0.6707289814949036
0.4551758749999989,0.0034223749999999996,133.0,1.5055056295463374,-0.7184211560051129,0.12533388874763646,-0.0006912958180204534,-9.176167010972431e-6,-0.00031702435788663234,0.06858069261546186,-0.07333829998970032,0.14464037120342255,-0.14920759201049805,0.2835380733013153,-0.05682065710425377,-0.3589475154876709,0.3921089172363281,0.3822895884513855,0.08329809457063675,0.6897094249725342,0.253574937582016,-0.6691637635231018
0.4551758749999989,0.0034223749999999996,133.0,1.4751691567978629,-0.6881257493154979,0.12528601517847948,-0.000518891850612766,-7.162149763413388e-6,-0.00023809523682932917,0.06857947927782239,-0.07514938712120056,0.14535892009735107,-0.15081438422203064,0.28179702162742615,-0.056322578340768814,-0.3469882011413574,0.4005490243434906,0.3832702338695526,0.08961477875709534,0.6952493190765381,0.2569296956062317,-0.6684519648551941
0.4551758749999989,0.0034223749999999996,133.0,1.444031204984486,-0.6569447012382988,0.1252459510392847,-0.000326024107047834,-4.224514437713936e-6,-0.0001494032890779039,0.06857715918514033,-0.07684114575386047,0.1485230177640915,-0.1532306969165802,0.2880288362503052,-0.060740385204553604,-0.3503434658050537,0.4025013744831085,0.3761202096939087,0.06981313973665237,0.7031900882720947,0.2621749937534332,-0.6675809025764465
0.4551758749999989,0.0034223749999999996,133.0,1.4120448234872949,-0.624942656029004,0.12519863874708886,-0.00015237916186382477,-2.0311948196623214e-6,-6.993218233419579e-5,0.06857459775193514,-0.07895874977111816,0.1509476900100708,-0.15533968806266785,0.2915532886981964,-0.06096925213932991,-0.3463704586029053,0.40741950273513794,0.3721020221710205,0.059657543897628784,0.7113485336303711,0.26539433002471924,-0.6671469807624817
0.4551758749999989,0.0034223749999999996,133.0,1.3792012944093317,-0.5922025998326472,0.12513311509309732,1.6894237478958493e-5,2.564047314702603e-7,7.784990522795249e-6,0.06857321998963226,-0.0812329351902008,0.1489863097667694,-0.1557687520980835,0.28251203894615173,-0.052882786840200424,-0.32494401931762695,0.4206252694129944,0.38037747144699097,0.07210072875022888,0.7209796905517578,0.2857744097709656,-0.6664813756942749
0.4551758749999989,0.0034223749999999996,133.0,1.345535632743019,-0.5585695949897623,0.12509245438676722,0.00018665193422618938,2.8725297646004227e-6,8.602437279469518e-5,0.06857139333889264,-0.08354735374450684,0.14990924298763275,-0.15768516063690186,0.281208872795105,-0.050747815519571304,-0.3122742176055908,0.43136584758758545,0.3813275098800659,0.07679497450590134,0.7281622886657715,0.2902050018310547,-0.6661972999572754
0.4551758749999989,0.0034223749999999996,133.0,1.3110344675921284,-0.5240463660088925,0.12503092770198382,0.0003706467737310609,5.51316361097053e-6,0.000170603606100184,0.06856803364165877,-0.08639517426490784,0.15381167829036713,-0.1611415147781372,0.2888098657131195,-0.051071133464574814,-0.3100626468658447,0.43774768710136414,0.37420904636383057,0.07143989205360413,0.7348706722259521,0.2792683243751526,-0.6667287945747375
0.4551758749999989,0.0034223749999999996,133.0,1.275696133892807,-0.48875071511228324,0.12498468961821149,0.0005154029743560098,7.746309517735935e-6,0.0002372279202734049,0.06856597145007336,-0.08894184231758118,0.15497568249702454,-0.1631714403629303,0.28810158371925354,-0.04891480505466461,-0.29776740074157715,0.44886696338653564,0.3750775158405304,0.07499071955680847,0.7428586483001709,0.2834053635597229,-0.6669641733169556
0.4551758749999989,0.0034223749999999996,133.0,1.2395302712683267,-0.45262623434782284,0.12493732255484934,0.000678685014575073,1.0338365791083763e-5,0.00031239934340834564,0.06856399278106634,-0.09141087532043457,0.15601114928722382,-0.16525757312774658,0.2871588468551636,-0.04694972559809685,-0.28506898880004883,0.46060848236083984,0.37582629919052124,0.07955645024776459,0.7504534721374512,0.28726309537887573,-0.6668400168418884
0.4551758749999989,0.0034223749999999996,133.0,1.2025382719466586,-0.41566919611436653,0.12490110504464083,0.0008526189286527635,1.3233422190091794e-5,0.00039253284843671093,0.0685621330323141,-0.09355425834655762,0.15681292116641998,-0.16737142205238342,0.2857087254524231,-0.045958347618579865,-0.2720451354980469,0.47249025106430054,0.37617260217666626,0.08724350482225418,0.7566995620727539,0.28922635316848755,-0.6657853126525879
0.4551758749999989,0.0034223749999999996,133.0,1.1647258698671437,-0.3778930964046702,0.12485272160386315,0.001050090607044993,1.7034749745125928e-5,0.0004838948325130387,0.06856080934725824,-0.09526488184928894,0.1572543829679489,-0.1695837676525116,0.2836236357688904,-0.04697001352906227,-0.2592158317565918,0.4849752187728882,0.3763274550437927,0.09813342988491058,0.7611122131347656,0.29057246446609497,-0.6638836860656738
0.4551758749999989,0.0034223749999999996,133.0,1.1260789559977444,-0.3392742656603295,0.12483722931939013,0.0012376586013532807,2.0618486243635167e-5,0.0005705350732898256,0.068559313962949,-0.09672820568084717,0.15750163793563843,-0.17184072732925415,0.28112366795539856,-0.04913175106048584,-0.24643540382385254,0.4980364739894867,0.3765273094177246,0.11128709465265274,0.7644312381744385,0.29123011231422424,-0.6615996956825256
0.4551758749999989,0.0034223749999999996,133.0,1.086565172614557,-0.2999213569219433,0.1247861570937226,0.001359344122075991,2.3788989883004934e-5,0.0006268927163822945,0.06855944695388605,-0.09917846322059631,0.1546032726764679,-0.17345643043518066,0.26917514204978943,-0.04080040007829666,-0.2207958698272705,0.523221492767334,0.3883766531944275,0.15326932072639465,0.7700595855712891,0.3043031394481659,-0.6615539789199829
0.4551758749999989,0.0034223749999999996,133.0,1.0462555590422087,-0.25964646431673033,0.12474004782928548,0.001515049261716345,2.7180473040812105e-5,0.0006989531036293458,0.06855789186142436,-0.10132807493209839,0.1550893932580948,-0.17559045553207397,0.26775649189949036,-0.039132215082645416,-0.20873093605041504,0.5386679172515869,0.3892534077167511,0.1623155027627945,0.7761051654815674,0.30788153409957886,-0.6610682010650635
0.4551758749999989,0.0034223749999999996,133.0,1.0050906574568788,-0.21841758773978523,0.12464016276505613,0.0016665256257891125,3.0551038555577506e-5,0.0007691861521128265,0.06855283927979224,-0.1041671633720398,0.16101807355880737,-0.17975381016731262,0.28348425030708313,-0.040887318551540375,-0.2139737606048584,0.540389358997345,0.37254804372787476,0.14880098402500153,0.7810790538787842,0.27676934003829956,-0.6601043939590454
0.4551758749999989,0.0034223749999999996,133.0,0.9637588986831038,-0.1749622187145967,0.12699886315257125,0.0018099761080315965,2.14028543205989e-5,0.0008389209666724458,0.06846743361520845,-0.10443419218063354,0.15898290276527405,-0.17951658368110657,0.27239990234375,-0.046731941401958466,-0.194749116897583,0.5487176179885864,0.37851351499557495,0.15314161777496338,0.7899672985076904,0.3001655638217926,-0.6550060510635376
0.4551758749999989,0.0034223749999999996,133.0,0.9209207863286374,-0.13213998670902624,0.1269301975511352,0.0019078225414774924,2.735934298218476e-5,0.0008868333722935084,0.06846497396616333,-0.10848724842071533,0.16250784695148468,-0.1832483410835266,0.27864474058151245,-0.03996534273028374,-0.18227100372314453,0.5634361505508423,0.37302809953689575,0.16727644205093384,0.7994792461395264,0.27510327100753784,-0.6558102369308472
0.4551758749999989,0.0034223749999999996,133.0,0.877180007780403,-0.08853535874924504,0.12688556843411947,0.0018835213362429879,2.796181708905189e-5,0.0008768558615790875,0.06846035415453205,-0.1143842339515686,0.15872390568256378,-0.18290448188781738,0.2605770528316498,-0.01858353614807129,-0.15053272247314453,0.5941439270973206,0.39554524421691895,0.18293479084968567,0.8296504020690918,0.3276117146015167,-0.6605005860328674
0.4551758749999989,0.0034223749999999996,133.0,0.832019968843521,-0.04512473141575655,0.12445215283215816,0.001762433307504693,2.633046891718975e-5,0.0008169274896547429,0.0685233931773268,-0.12641587853431702,0.1886354237794876,-0.18816152215003967,0.33293530344963074,-0.0011273825075477362,-0.18832159042358398,0.45190736651420593,0.374378502368927,-0.14702323079109192,0.9495384693145752,0.24145644903182983,-0.7116617560386658
0.4551758749999989,0.0034223749999999996,133.0,0.7864274586723143,0.0007745407364536071,0.12443725787978085,0.0001039248293064442,2.429402793550304e-7,4.8053780523519056e-5,0.06849427106718485,-0.14830896258354187,0.22942900657653809,-0.1834578514099121,0.3753964900970459,0.006601050496101379,-0.1484544277191162,0.12177743017673492,0.4807165265083313,-0.8569599390029907,1.2544310092926025,0.2020215541124344,-0.8595387935638428
0.4551758749999989,0.0034223749999999996,133.0,0.8307665779264214,0.04538737486532753,0.12729706369651875,-0.0017129327969429972,-4.596933319223809e-5,-0.0008201767156427951,0.06824709817659937,-0.19341006875038147,0.11339379101991653,-0.17833498120307922,0.5417642593383789,-0.2247844785451889,0.08527159690856934,0.789390504360199,-0.043668389320373535,-0.6155523657798767,1.4105618000030518,0.13841071724891663,-0.49695679545402527
0.4551758749999989,0.0034223749999999996,133.0,0.873862200422369,0.09058620259938648,0.12807314695016692,-0.0019081528843509093,-2.022026420486073e-5,-0.00091954233642604,0.06814440407113266,-0.24286743998527527,0.1434672772884369,-0.13428854942321777,0.777087390422821,-0.37845003604888916,0.3089439868927002,0.48573756217956543,0.05602097511291504,-1.3714138269424438,1.7467188835144043,0.3761979341506958,-0.8309255838394165
0.4551758749999989,0.0034223749999999996,133.0,0.9168434496645014,0.13474898722122106,0.12886253266158354,-0.0019003953880529847,-7.378553336077601e-6,-0.0009089315924501116,0.06809201877036612,-0.27821043133735657,0.16720880568027496,-0.09702366590499878,0.9300774335861206,-0.5706562399864197,0.4228184223175049,0.291483074426651,0.15726640820503235,-1.7015669345855713,1.8492112159729004,0.5285738706588745,-1.0854871273040771
0.4551758749999989,0.0034223749999999996,133.0,0.9593956455154786,0.1778670658090265,0.12920628068303341,-0.0017934550406735247,-3.810344782761931e-6,-0.0008532996288650058,0.06807455401461403,-0.2837155759334564,0.18132176995277405,-0.08160769939422607,1.0132395029067993,-0.6107580065727234,0.4373779296875,0.24450235068798065,0.1653892993927002,-1.7771867513656616,1.8251309394836426,0.5417476296424866,-1.1773015260696411
0.4551758749999989,0.0034223749999999996,133.0,1.0012646146775075,0.2199625139476744,0.12930757296845713,-0.0016410424110387119,-2.8403618232073774e-6,-0.0007791744430907056,0.06806979885435355,-0.28673872351646423,0.18747583031654358,-0.07673496007919312,1.035241961479187,-0.6363233923912048,0.44532227516174316,0.22632929682731628,0.17637377977371216,-1.8035646677017212,1.8147892951965332,0.5578219890594482,-1.210530161857605
0.4551758749999989,0.0034223749999999996,133.0,1.0423175581852322,0.2611506697178985,0.12926820545322099,-0.0014550557203754564,-2.8456109510711325e-6,-0.0006908559539953784,0.06807150000861537,-0.28932538628578186,0.1906374841928482,-0.07732656598091125,1.0286977291107178,-0.6534972190856934,0.46001338958740234,0.23893971741199493,0.1913491189479828,-1.8195246458053589,1.8143444061279297,0.5690487623214722,-1.2191240787506104
0.4551758749999989,0.0034223749999999996,133.0,1.0826344292940957,0.3014919610663283,0.12931903482945287,-0.0013697948363291833,-3.331237099591404e-6,-0.0006492065263039835,0.06806837391663323,-0.2883184254169464,0.19346900284290314,-0.07651501893997192,1.0406723022460938,-0.6462060213088989,0.46849751472473145,0.2611243426799774,0.18865516781806946,-1.8284744024276733,1.793342113494873,0.5829139947891235,-1.2286547422409058
0.4551758749999989,0.0034223749999999996,133.0,1.1221373791037814,0.3410037861508321,0.12937783703119335,-0.001171814025443702,-2.788639260425051e-6,-0.0005539040985863074,0.06806416427130886,-0.28600457310676575,0.19711656868457794,-0.07179474830627441,1.074771761894226,-0.6393996477127075,0.4686903953552246,0.25895097851753235,0.17715120315551758,-1.83529794216156,1.7598028182983398,0.6056215763092041,-1.2515087127685547
0.4551758749999989,0.0034223749999999996,133.0,1.1607474506432989,0.379695932538029,0.12942802516660118,-0.0010197314025039794,-2.5590306647178975e-6,-0.0004811325212652638,0.06806174007507958,-0.2859199345111847,0.20025908946990967,-0.06978800892829895,1.0884318351745605,-0.6456402540206909,0.4768049716949463,0.2659062147140503,0.17869707942008972,-1.8479835987091064,1.7397193908691406,0.6251210570335388,-1.2669427394866943
0.4551758749999989,0.0034223749999999996,133.0,1.198525747931299,0.41755550467809815,0.12947605754154196,-0.0008291569255247295,-2.1658509483736714e-6,-0.0003905199329569198,0.06805941180615864,-0.2858515679836273,0.20333082973957062,-0.06786206364631653,1.101522445678711,-0.6508573889732361,0.48423266410827637,0.27204734086990356,0.17985600233078003,-1.859941840171814,1.720313549041748,0.643189013004303,-1.281409502029419
0.4551758749999989,0.0034223749999999996,133.0,1.2354733147817774,0.454577975586253,0.12951629088998234,-0.0006599327725984953,-1.820431247375949e-6,-0.0003103087178704182,0.06805732372469803,-0.2857447564601898,0.20614902675151825,-0.06623509526252747,1.1130390167236328,-0.6541563272476196,0.4910234212875366,0.2788790762424469,0.1804688572883606,-1.8695604801177979,1.7022199630737305,0.6596292853355408,-1.2937411069869995
0.4551758749999989,0.0034223749999999996,133.0,1.27158796891564,0.49076924300536096,0.12955957530856899,-0.000498511425611716,-1.4473743352209922e-6,-0.00023401652446140335,0.06805519512272053,-0.2856312692165375,0.20886000990867615,-0.06462430953979492,1.124316692352295,-0.6570725440979004,0.4975430965423584,0.28557053208351135,0.1808287799358368,-1.8787431716918945,1.684290885925293,0.6759151816368103,-1.3055760860443115
0.4551758749999989,0.0034223749999999996,133.0,1.30686795194386,0.5261268654877355,0.12958856271884242,-0.0003426820707417884,-1.0679343338503333e-6,-0.00016059590742038488,0.06805309234878298,-0.28549620509147644,0.21133087575435638,-0.06336593627929688,1.1339685916900635,-0.6574928164482117,0.5033776760101318,0.2929898202419281,0.18062132596969604,-1.885420322418213,1.6680278778076172,0.6903862357139587,-1.3152003288269043
0.4551758749999989,0.0034223749999999996,133.0,1.3412979177404032,0.5606670443341677,0.12966283456222735,-0.0001922588372153923,-6.404207273952338e-7,-8.990968723624039e-5,0.06804907063773977,-0.28560420870780945,0.21375133097171783,-0.06250184774398804,1.142277717590332,-0.6558017134666443,0.5098122358322144,0.30192866921424866,0.18014618754386902,-1.892383098602295,1.6540632247924805,0.7028513550758362,-1.3232073783874512
0.4551758749999989,0.0034223749999999996,133.0,1.3747680920366798,0.5943860766262354,0.12973819672920206,-5.7362927742670465e-5,-2.1811365893012404e-7,-2.6766449214275767e-5,0.0680423605444078,-0.28884199261665344,0.21630103886127472,-0.06452777981758118,1.1313085556030273,-0.6629992127418518,0.5310484170913696,0.3214934468269348,0.19240802526474,-1.908503532409668,1.6593399047851562,0.7037714719772339,-1.3246300220489502
0.4551758749999989,0.0034223749999999996,133.0,1.40737974049749,0.6273006347273578,0.12989272975010077,0.00012390413739725965,4.919918651826903e-7,5.7601262448366004e-5,0.06803256369624319,-0.2921418249607086,0.2194260060787201,-0.064491868019104,1.1316733360290527,-0.6719290018081665,0.5478663444519043,0.3257073163986206,0.20140179991722107,-1.9251831769943237,1.6603312492370605,0.7066312432289124,-1.3341197967529297
0.4551758749999989,0.0034223749999999996,133.0,1.4394515203404115,0.65744004197677,0.12725823889520418,0.00029202055891155374,2.7524164601970026e-6,0.00013493503540864575,0.06818175082406328,-0.28834637999534607,0.22078396379947662,-0.06040331721305847,1.1478782892227173,-0.682589590549469,0.5342816114425659,0.3143942654132843,0.19757294654846191,-1.9195910692214966,1.6235651969909668,0.7440086007118225,-1.346705675125122
0.4551758749999989,0.0034223749999999996,133.0,1.470459050991412,0.6886676554133093,0.12733144275184374,0.000461928235900713,4.387003568804292e-6,0.0002129593976710339,0.0681782189839174,-0.29118022322654724,0.22368523478507996,-0.05979147553443909,1.1488656997680664,-0.6969887018203735,0.5518455505371094,0.32006779313087463,0.2071431577205658,-1.9385422468185425,1.619685173034668,0.7534036636352539,-1.3574138879776
0.4551758749999989,0.0034223749999999996,133.0,1.5007452472770475,0.7190347104635412,0.1274811561140979,0.0006632463334350407,6.2990568683800664e-6,0.0003049082070389122,0.0681723367559451,-0.28969839215278625,0.22618769109249115,-0.056124746799468994,1.174365758895874,-0.6911152005195618,0.5522154569625854,0.3236340582370758,0.1960747241973877,-1.947708249092102,1.5927886962890625,0.7715004086494446,-1.3720340728759766
0.4551758749999989,0.0034223749999999996,133.0,1.5302289440405736,0.7485539982346897,0.12757320186391125,0.0008069317781543282,7.693046914537394e-6,0.00037025001918690773,0.0681700598281392,-0.28822192549705505,0.22819195687770844,-0.053578078746795654,1.1923496723175049,-0.6872712969779968,0.5546808242797852,0.33359822630882263,0.1878294050693512,-1.9562532901763916,1.5672662258148193,0.7905691266059875,-1.3819663524627686
0.4551758749999989,0.0034223749999999996,133.0,1.5588794937036108,0.7772520246564134,0.1277108887223827,0.0009905429591695748,9.31373796869147e-6,0.0004536079775756059,0.06816604309975458,-0.2872685492038727,0.2305263727903366,-0.04899206757545471,1.2168774604797363,-0.6922004222869873,0.550626277923584,0.3232470750808716,0.18067917227745056,-1.9623929262161255,1.54130220413208,0.8134016990661621,-1.3994938135147095
0.4551758749999989,0.0034223749999999996,133.0,1.5866604882298059,0.8050956867803646,0.12768521818050393,0.0011318416597528521,1.0804864432651853e-5,0.000518080238535048,0.0681668333120516,-0.28908059000968933,0.23281528055667877,-0.047229886054992676,1.2203638553619385,-0.7116667032241821,0.5613223314285278,0.3206077516078949,0.18889525532722473,-1.975864052772522,1.5307002067565918,0.8317481279373169,-1.4113390445709229
0.4551758749999989,0.0034223749999999996,133.0,1.6136328863973255,0.8321088836530746,0.12772787053779164,0.0012896228342146362,1.2361658525353907e-5,0.0005894817524122159,0.06816532488911631,-0.28889480233192444,0.234536811709404,-0.04554480314254761,1.2297621965408325,-0.7139635682106018,0.5650389194488525,0.3247258961200714,0.1871134638786316,-1.9822865724563599,1.5143954753875732,0.8466806411743164,-1.4190919399261475
0.4551758749999989,0.0034223749999999996,133.0,1.6398232492639753,0.8582570621142264,0.1277494083554859,0.0014785019412488784,1.4715286248974169e-5,0.0006753813223830858,0.06816555335771333,-0.2874622046947479,0.23531688749790192,-0.046681761741638184,1.2306389808654785,-0.7029023170471191,0.5746005773544312,0.353322297334671,0.1815287172794342,-1.9876278638839722,1.498600721359253,0.8551082611083984,-1.4145444631576538
0.4551758749999989,0.0034223749999999996,133.0,1.6651558690026649,0.8836028904245411,0.12776202377679968,0.001670343366644462,1.671873674881299e-5,0.0007624177058609648,0.06816476402088167,-0.2871808111667633,0.23690883815288544,-0.044307589530944824,1.2433561086654663,-0.703300416469574,0.5718340873718262,0.3467997908592224,0.17805984616279602,-1.9881141185760498,1.4848015308380127,0.8664740324020386,-1.4238739013671875
0.4551758749999989,0.0034223749999999996,133.0,1.6895605650843344,0.908144010313029,0.12784187330361108,0.001883915010016186,1.842189058360345e-5,0.0008584406056146324,0.06816325819945468,-0.2883972227573395,0.2384675145149231,-0.04375836253166199,1.2454321384429932,-0.7089061737060547,0.5785362720489502,0.3466457426548004,0.1815882921218872,-1.993556022644043,1.4789583683013916,0.8744940757751465,-1.4295659065246582
0.4551758749999989,0.0034223749999999996,133.0,1.7131836040615676,0.9318302071766522,0.12784116770411677,0.002041806739812632,2.010176296867101e-5,0.0009299074192860315,0.06816306253643563,-0.2899150550365448,0.2399410903453827,-0.04413461685180664,1.2422327995300293,-0.7147769331932068,0.5897130966186523,0.3530898690223694,0.18744665384292603,-2.001171350479126,1.475870132446289,0.8807810544967651,-1.432323694229126
0.4551758749999989,0.0034223749999999996,133.0,1.7359189644596156,0.9546900390788963,0.12789303763051355,0.002243075057734146,2.161995365418688e-5,0.001020477388279603,0.06816159044036782,-0.291674941778183,0.2415502518415451,-0.04487237334251404,1.2372007369995117,-0.720805287361145,0.6045103073120117,0.3637614846229553,0.19407513737678528,-2.0124168395996094,1.4735488891601562,0.885382354259491,-1.4340288639068604
0.4551758749999989,0.0034223749999999996,133.0,1.757893539953358,0.9767021869297512,0.12784770760576078,0.002446496965173687,2.4350267801935767e-5,0.0011133520960173622,0.0681604910008912,-0.2935512363910675,0.24316805601119995,-0.045109331607818604,1.2319741249084473,-0.7327549457550049,0.6189137697219849,0.3697398602962494,0.202811598777771,-2.024040937423706,1.4707138538360596,0.8919689655303955,-1.4376447200775146
0.4551758749999989,0.0034223749999999996,133.0,1.7790673424916639,0.9978847191964055,0.12790083604504562,0.00266160585528438,2.6619247629683852e-5,0.0012103997459464793,0.06815830034522911,-0.29348501563072205,0.24450184404850006,-0.04388195276260376,1.2394545078277588,-0.7329941987991333,0.6219682693481445,0.37220731377601624,0.20057177543640137,-2.029606342315674,1.4584858417510986,0.9012452363967896,-1.4429881572723389
0.4551758749999989,0.0034223749999999996,133.0,1.7993873023842084,1.018206389948435,0.12789883123676873,0.002878960714542888,2.7343747847970398e-5,0.0013061197231320238,0.06815788273804695,-0.2916463315486908,0.24616950750350952,-0.037548333406448364,1.2716600894927979,-0.7321263551712036,0.6006114482879639,0.34460583329200745,0.18736279010772705,-2.025921583175659,1.4346363544464111,0.9185907244682312,-1.4620203971862793
0.4551758749999989,0.0034223749999999996,133.0,1.818860361595835,1.0378016311887095,0.12808512755632426,0.0030474564198534463,2.9071059888005094e-5,0.0013814516976665794,0.0681544400657632,-0.29207006096839905,0.2480100393295288,-0.034574151039123535,1.2859723567962646,-0.7377751469612122,0.6007237434387207,0.3379964530467987,0.18426468968391418,-2.035186290740967,1.419379711151123,0.9319344758987427,-1.4733294248580933
0.4551758749999989,0.0034223749999999996,133.0,1.8375307523820914,1.0564947558847766,0.1282074529895524,0.0032386581971517083,3.0217898149060135e-5,0.0014657184170579673,0.06815168152366322,-0.2901439368724823,0.24939411878585815,-0.029575467109680176,1.3137542009353638,-0.7329645752906799,0.5851001739501953,0.3238586485385895,0.16974669694900513,-2.034943103790283,1.3936545848846436,0.9476205706596375,-1.4866480827331543
0.4551758749999989,0.0034223749999999996,133.0,1.8552573774869496,1.0743705372567127,0.12811970142157025,0.0034038947068753627,3.125746357728916e-5,0.001541228690286419,0.06815511150729107,-0.29579606652259827,0.25086709856987,-0.034356772899627686,1.2789682149887085,-0.7604886293411255,0.6228650808334351,0.33795100450515747,0.20060008764266968,-2.053595542907715,1.415600299835205,0.9417334198951721,-1.4828264713287354
0.4551758749999989,0.0034223749999999996,133.0,1.8722976505805555,1.0913716201019117,0.12816016068832226,0.0035978148164025766,3.3423881548356396e-5,0.001627943435436535,0.06815374989116406,-0.29372933506965637,0.25194793939590454,-0.0303652286529541,1.3026498556137085,-0.7538990378379822,0.6101788282394409,0.3301813006401062,0.18686234951019287,-2.0540406703948975,1.3914895057678223,0.9563603401184082,-1.4928405284881592
0.4551758749999989,0.0034223749999999996,133.0,1.8884379063853465,1.1075710300922321,0.1282557371894645,0.003768794099901465,3.376344981892837e-5,0.0017040137359393187,0.06815197926918458,-0.2947380244731903,0.25260356068611145,-0.031654924154281616,1.2950416803359985,-0.7600057125091553,0.6244591474533081,0.3422316610813141,0.1929621398448944,-2.061859607696533,1.3896965980529785,0.9591017961502075,-1.4914205074310303
0.4551758749999989,0.0034223749999999996,133.0,1.903754760277458,1.1228375937522184,0.1280452390520426,0.00393805745845464,3.5351329977940935e-5,0.001780415110738403,0.06815548485988741,-0.2963583767414093,0.25356513261795044,-0.03252789378166199,1.2857471704483032,-0.7744054198265076,0.6401501893997192,0.3495188057422638,0.20327690243721008,-2.0726242065429688,1.3876745700836182,0.9665124416351318,-1.4925369024276733
0.4551758749999989,0.0034223749999999996,133.0,1.9182726208180625,1.1373564066175512,0.12809742964984872,0.004071140196633526,3.5948186827605926e-5,0.0018396626747241847,0.06815412738750978,-0.2952304780483246,0.2540808320045471,-0.028737396001815796,1.3017288446426392,-0.7835200428962708,0.6288809776306152,0.33288612961769104,0.1994301974773407,-2.0717554092407227,1.3692238330841064,0.986473798751831,-1.5047184228897095
0.4551758749999989,0.0034223749999999996,133.0,1.9319365958751218,1.1510438918662602,0.1280838404849137,0.004189936797777959,3.5475660976623364e-5,0.0018936531187976758,0.06815722987216516,-0.296132355928421,0.25437837839126587,-0.027536749839782715,1.2992703914642334,-0.8069856762886047,0.6325680017471313,0.3219521641731262,0.21029028296470642,-2.0769505500793457,1.3631749153137207,1.0063115358352661,-1.5131771564483643
0.4551758749999989,0.0034223749999999996,133.0,1.944879807125297,1.1638804988438396,0.12811834305584827,0.004316627675630144,3.588731325705355e-5,0.0019507698487324487,0.06815911186329944,-0.29291924834251404,0.254435271024704,-0.023754090070724487,1.320055365562439,-0.8059560060501099,0.6163531541824341,0.3123830258846283,0.19818806648254395,-2.076648712158203,1.3386693000793457,1.030002474784851,-1.52189302444458
0.4551758749999989,0.0034223749999999996,133.0,1.9569756693257512,1.1758680585595582,0.12811158672140188,0.004451298824645288,3.828147149032805e-5,0.0020114392417558266,0.06816001355296852,-0.290379136800766,0.25415119528770447,-0.024580031633377075,1.3217583894729614,-0.7956902980804443,0.6204670667648315,0.3359444737434387,0.19005492329597473,-2.081696033477783,1.3228514194488525,1.0433790683746338,-1.515575647354126
0.4551758749999989,0.0034223749999999996,133.0,1.9682868321231695,1.1869858960710786,0.12808497640014463,0.004588809500532904,4.0458889860840136e-5,0.0020720089941602586,0.06816077213473846,-0.285446435213089,0.2538977563381195,-0.0207463800907135,1.3473353385925293,-0.7781246900558472,0.5974948406219482,0.33508482575416565,0.16780215501785278,-2.0753445625305176,1.2937469482421875,1.0613337755203247,-1.518918514251709
0.4551758749999989,0.0034223749999999996,133.0,1.9787905763969735,1.1972886637208442,0.12809262100663432,0.004721245491477898,4.2485476832529825e-5,0.002130121802520274,0.0681624334628681,-0.27997341752052307,0.253339946269989,-0.01822635531425476,1.3702958822250366,-0.7509726881980896,0.5778137445449829,0.34752357006073,0.14196214079856873,-2.0684092044830322,1.2640550136566162,1.0744863748550415,-1.5160845518112183
0.4551758749999989,0.0034223749999999996,133.0,1.9884088843435839,1.206834468820548,0.12820728021049152,0.004872610025362571,4.5191181495134136e-5,0.002198501389983461,0.06816274049876944,-0.2764071524143219,0.2529715597629547,-0.01735788583755493,1.3816250562667847,-0.7342149615287781,0.5702393054962158,0.36234617233276367,0.12695354223251343,-2.067507028579712,1.2446680068969727,1.084675669670105,-1.5124619007110596
0.4551758749999989,0.0034223749999999996,133.0,1.9969787553401923,1.217567995695722,0.1312162360216307,0.005097552913973133,2.0387009166149678e-5,0.002291859747401797,0.06799650149728036,-0.2779301106929779,0.25446271896362305,-0.017372936010360718,1.4007618427276611,-0.7070720195770264,0.582137942314148,0.38550901412963867,0.11038485169410706,-2.0881741046905518,1.245938777923584,1.0666662454605103,-1.5150341987609863
0.4551758749999989,0.0034223749999999996,133.0,2.005017295493192,1.225398629091229,0.13129411368446078,0.0053308509180115815,2.1641467183743333e-5,0.0023951745703397215,0.06799890338927175,-0.27199211716651917,0.25400322675704956,-0.012810349464416504,1.4324755668640137,-0.6770415306091309,0.547006368637085,0.38309165835380554,0.07938852906227112,-2.0731611251831055,1.2152736186981201,1.0717988014221191,-1.5156779289245605
0.4551758749999989,0.0034223749999999996,133.0,2.0121290777888574,1.2323921414678458,0.13131115588074577,0.005690010635475467,2.3729847687758826e-5,0.002556444980157275,0.06799994247457666,-0.26919737458229065,0.25361838936805725,-0.0133228600025177,1.4358322620391846,-0.6673793196678162,0.5474210977554321,0.4000147581100464,0.07113167643547058,-2.07698917388916,1.200009822845459,1.0805606842041016,-1.510864496231079
0.4551758749999989,0.0034223749999999996,133.0,2.018457974555641,1.2385796094957524,0.1313706328795741,0.006290876893221106,2.5691796735338673e-5,0.0028247982331375174,0.06800224317520408,-0.2650633752346039,0.25355589389801025,-0.01071101427078247,1.4556461572647095,-0.6493025422096252,0.5270513296127319,0.4007670283317566,0.05164274573326111,-2.072540521621704,1.1771831512451172,1.084184169769287,-1.5111587047576904
0.4551758749999989,0.0034223749999999996,133.0,2.023947179016565,1.2439397740068383,0.13134103135907305,0.0076556416372851365,3.1307879100862584e-5,0.003437375495413867,0.06800618112422667,-0.26190313696861267,0.2537199556827545,-0.01200452446937561,1.4593284130096436,-0.640618622303009,0.5327173471450806,0.4206092953681946,0.04330083727836609,-2.0862433910369873,1.1588358879089355,1.0881121158599854,-1.5066156387329102
0.4551758749999989,0.0034223749999999996,133.0,2.028625081198811,1.2486193426808632,0.1314105792148637,0.014205968478752835,3.379517233512318e-5,0.006350016023597409,0.06800680877850827,-0.257988840341568,0.2585518956184387,-0.010784685611724854,1.4857728481292725,-0.6575501561164856,0.5485072135925293,0.41629254817962646,0.037279725074768066,-2.161329746246338,1.107088327407837,1.0975327491760254,-1.527270793914795
0.4551758749999989,0.0034223749999999996,133.0,2.0031406914076233,-1.24408295979448,0.11455977365582223,-0.013938715629893881,-0.00010481978437123607,-0.006456294936893615,0.06854798311886771,-0.04583778977394104,0.13842633366584778,-0.12154975533485413,0.32359448075294495,-0.018632493913173676,-0.6956527233123779,0.27049481868743896,0.4038284122943878,-0.1288854330778122,0.6364057064056396,0.4298560619354248,-0.7303285598754883
0.4551758749999989,0.0034223749999999996,133.0,1.9986010519460558,-1.2394956266824477,0.11464256093664253,-0.007521361479833269,-3.953563997026195e-5,-0.003479004856236666,0.06853852641803103,-0.04690703749656677,0.14274713397026062,-0.11845958232879639,0.33811771869659424,-0.06469909101724625,-0.6831166744232178,0.26256686449050903,0.386262446641922,-0.19441691040992737,0.6551814079284668,0.41082125902175903,-0.7271742820739746
0.4551758749999989,0.0034223749999999996,133.0,1.9932049697892469,-1.2341403545012462,0.11462549079380344,-0.006178128173471587,-2.8379429164388503e-5,-0.002855169090372845,0.0685354158789444,-0.04869377613067627,0.14412471652030945,-0.11858412623405457,0.3404594659805298,-0.06515994668006897,-0.666379451751709,0.2611261010169983,0.38297972083091736,-0.19248411059379578,0.6600973606109619,0.3795136511325836,-0.7262344360351562
0.4551758749999989,0.0034223749999999996,133.0,1.987010329492413,-1.2279791662806965,0.11461314667845304,-0.0055873882145352355,-2.230219591855736e-5,-0.002579423845474333,0.06853424062144074,-0.04913198947906494,0.1427362561225891,-0.11838367581367493,0.33595192432403564,-0.0647849515080452,-0.651369571685791,0.26248833537101746,0.38281774520874023,-0.18097788095474243,0.6615374088287354,0.368716299533844,-0.7215717434883118
0.4551758749999989,0.0034223749999999996,133.0,1.979937534679646,-1.2209882546165274,0.11460028963164026,-0.005243487229430935,-2.0999099450966302e-5,-0.002420022412500176,0.06853283129395862,-0.051026493310928345,0.14312037825584412,-0.11914077401161194,0.33448171615600586,-0.05691767856478691,-0.630260705947876,0.26401159167289734,0.38316553831100464,-0.1599947065114975,0.6630880832672119,0.3345166742801666,-0.7204713821411133
0.4551758749999989,0.0034223749999999996,133.0,1.9711840840360928,-1.2146985740204819,0.112001234395405,-0.005001082386530532,-6.824116244412925e-5,-0.0023072498437027946,0.06861036355745405,-0.0511225163936615,0.14083123207092285,-0.11867576837539673,0.32946068048477173,-0.0504026859998703,-0.6192893981933594,0.27002155780792236,0.38473886251449585,-0.14299672842025757,0.6605849266052246,0.32781392335891724,-0.7170593738555908
0.4551758749999989,0.0034223749999999996,133.0,1.9624719957794035,-1.2061103219173597,0.11192755962912897,-0.004802580730875085,-6.629428717079226e-5,-0.002215868214661415,0.06861065303677624,-0.052459925413131714,0.13826818764209747,-0.11798736453056335,0.32017782330513,-0.0410655215382576,-0.5899670124053955,0.2738751471042633,0.390031635761261,-0.11357497423887253,0.662682294845581,0.3094933032989502,-0.7131043076515198
0.4551758749999989,0.0034223749999999996,133.0,1.9529428873178631,-1.1966490072318614,0.11184703387730355,-0.0046535752239952625,-6.296455156677557e-5,-0.0021451594200313662,0.0686106689922658,-0.05336838960647583,0.13712966442108154,-0.1186034083366394,0.31525126099586487,-0.03480302914977074,-0.5689516067504883,0.27814072370529175,0.39171063899993896,-0.08803962171077728,0.6606566905975342,0.28793853521347046,-0.7098689079284668
0.4551758749999989,0.0034223749999999996,133.0,1.9425534837183958,-1.1863329109116836,0.11182158517394744,-0.004520644401265212,-5.937762348562256e-5,-0.002080761569856821,0.06860984546857456,-0.05479118227958679,0.13649138808250427,-0.11940720677375793,0.3107656240463257,-0.026856258511543274,-0.5437335968017578,0.28384584188461304,0.3940785825252533,-0.05753310024738312,0.6581578254699707,0.2586672306060791,-0.7077642679214478
0.4551758749999989,0.0034223749999999996,133.0,1.931342910258771,-1.175209626703459,0.11182166330190534,-0.004386330658425396,-5.913224466465151e-5,-0.0020194219229651466,0.06860984680265238,-0.05532681941986084,0.13324004411697388,-0.11860334873199463,0.2994334101676941,-0.019942205399274826,-0.5124869346618652,0.289440393447876,0.4002280831336975,-0.023015767335891724,0.6559042930603027,0.24528807401657104,-0.7025864124298096
0.4551758749999989,0.0034223749999999996,133.0,1.9193156081972083,-1.1632090721970545,0.11183172467335845,-0.004262636593639961,-5.738124482505219e-5,-0.0019609999635268383,0.06860970141854376,-0.05506792664527893,0.13226988911628723,-0.11960017681121826,0.2950441241264343,-0.02104760706424713,-0.49697041511535645,0.29379355907440186,0.39982426166534424,-0.00022679590620100498,0.6492757797241211,0.23042789101600647,-0.6977654695510864
0.4551758749999989,0.0034223749999999996,133.0,1.9064757846120477,-1.1503930242958065,0.11180837083961975,-0.004137696657523979,-5.227603261262861e-5,-0.0018985311015381886,0.06861017341463255,-0.0550498366355896,0.1317632496356964,-0.12139278650283813,0.29292917251586914,-0.019665881991386414,-0.48433685302734375,0.30065515637397766,0.3983445167541504,0.01862802729010582,0.642690896987915,0.21681298315525055,-0.69416344165802
0.4551758749999989,0.0034223749999999996,133.0,1.8928324046354572,-1.1367070373240815,0.11181044408635583,-0.004029198430399866,-4.886288756786231e-5,-0.0018468839415478509,0.06861009030267612,-0.05374899506568909,0.13134901225566864,-0.12307894229888916,0.2916611433029175,-0.02796817570924759,-0.48377108573913574,0.30213552713394165,0.3937988877296448,0.02447914518415928,0.6360101699829102,0.2173621952533722,-0.6883028149604797
0.4551758749999989,0.0034223749999999996,133.0,1.8783503130322696,-1.1222063168946963,0.11178715644719238,-0.0038915637604946566,-4.537959234743709e-5,-0.0017813446943756406,0.06861038311366599,-0.05309757590293884,0.13195696473121643,-0.1249912679195404,0.29295670986175537,-0.03621207922697067,-0.4870779514312744,0.30434972047805786,0.389310359954834,0.01893077977001667,0.6332521438598633,0.22328989207744598,-0.6850908994674683
0.4551758749999989,0.0034223749999999996,133.0,1.863013204110095,-1.1068754979615965,0.11174168679166371,-0.0037155494911609204,-4.4863285474463364e-5,-0.0017030432917748389,0.06860978495574688,-0.05336803197860718,0.13259877264499664,-0.12643778324127197,0.29358556866645813,-0.03984519839286804,-0.4854319095611572,0.3075297176837921,0.38744083046913147,0.016204848885536194,0.6334195137023926,0.22696468234062195,-0.6838623881340027
0.4551758749999989,0.0034223749999999996,133.0,1.8468279372180514,-1.090700865931835,0.11172458186862404,-0.0035526346260911046,-4.121421747410397e-5,-0.0016264303613208002,0.06860874234079273,-0.054333508014678955,0.13353252410888672,-0.127780944108963,0.2945704460144043,-0.039962638169527054,-0.4818391799926758,0.31066423654556274,0.3865188956260681,0.01597663015127182,0.6356847286224365,0.22765833139419556,-0.6839452385902405
0.4551758749999989,0.0034223749999999996,133.0,1.829811875121837,-1.0737089553700883,0.11169901372944724,-0.003366069300914514,-3.994914012024998e-5,-0.0015418967743443185,0.06860809454722072,-0.05470666289329529,0.13317187130451202,-0.12791380286216736,0.2916637063026428,-0.042519278824329376,-0.47313928604125977,0.31326475739479065,0.38746267557144165,0.01958930306136608,0.6375448703765869,0.23302605748176575,-0.6820047497749329
0.4551758749999989,0.0034223749999999996,133.0,1.811980414230885,-1.0558564529932635,0.11167770285001184,-0.0031900529048643433,-3.665345227483087e-5,-0.001460356251201828,0.06860707712529045,-0.055376797914505005,0.13511408865451813,-0.12933525443077087,0.29557621479034424,-0.04813670739531517,-0.47868871688842773,0.3150661885738373,0.38376545906066895,0.004874926060438156,0.6420211791992188,0.24280744791030884,-0.6822538375854492
0.4551758749999989,0.0034223749999999996,133.0,1.793296862963515,-1.0371506291382142,0.11169012162549953,-0.003006430227657879,-3.429111260181468e-5,-0.00137637269268032,0.06860492044344066,-0.05702200531959534,0.1369316279888153,-0.1310713291168213,0.2983868718147278,-0.04723253473639488,-0.47589755058288574,0.3198604881763458,0.3823527693748474,0.0011432222090661526,0.6462976932525635,0.24209493398666382,-0.6837040185928345
0.4551758749999989,0.0034223749999999996,133.0,1.7737864112624704,-1.0176647461045556,0.11166017913663917,-0.00284186524592276,-3.3619454373554906e-5,-0.001302114937905164,0.06860437801758684,-0.05809399485588074,0.13742364943027496,-0.13212081789970398,0.2972727417945862,-0.047412823885679245,-0.46649837493896484,0.3254811465740204,0.38284939527511597,0.004099350422620773,0.6489510536193848,0.24311015009880066,-0.6831297278404236
0.4551758749999989,0.0034223749999999996,133.0,1.7534711551625648,-0.9973159898888511,0.11163736597692754,-0.0026265220903676106,-3.1049069349526244e-5,-0.001203912511027465,0.06860330833135612,-0.05917060375213623,0.1389693170785904,-0.13344252109527588,0.30001959204673767,-0.0503554604947567,-0.4682037830352783,0.32879871129989624,0.3806307911872864,-0.010767493396997452,0.6549396514892578,0.2553146779537201,-0.683711051940918
0.4551758749999989,0.0034223749999999996,133.0,1.7322827204612852,-0.9762434117839794,0.11161814150154747,-0.0024123051719165773,-2.983786481347062e-5,-0.0011068777615515968,0.06860380562911589,-0.06025362014770508,0.13650399446487427,-0.132836252450943,0.29072245955467224,-0.04500747472047806,-0.4447627067565918,0.33451348543167114,0.3872179388999939,0.009971067309379578,0.6585273742675781,0.2602500319480896,-0.6810351610183716
0.4551758749999989,0.0034223749999999996,133.0,1.710279529532024,-0.9542371447193689,0.11159182359916132,-0.00220988446006472,-2.6305923768225715e-5,-0.00101296466329023,0.06860233189603693,-0.061598747968673706,0.13669170439243317,-0.13370046019554138,0.28900790214538574,-0.04426649585366249,-0.4370906352996826,0.33958345651626587,0.3886227309703827,0.009891764260828495,0.6636178493499756,0.2689845561981201,-0.6807849407196045
0.4551758749999989,0.0034223749999999996,133.0,1.6874292582071426,-0.9313855321128816,0.11156312544592258,-0.002007882370589088,-2.3462997213468766e-5,-0.0009194832618960222,0.0686005865538082,-0.06377315521240234,0.13926686346530914,-0.1360759437084198,0.2930738627910614,-0.044062256813049316,-0.4338672161102295,0.3467586636543274,0.38672035932540894,0.0060630496591329575,0.6682732105255127,0.2660083472728729,-0.6830187439918518
0.4551758749999989,0.0034223749999999996,133.0,1.6637362580915012,-0.9076811906430096,0.11151749555668393,-0.0018460798051865186,-2.0828354564070017e-5,-0.0008442082216175206,0.0685983806862204,-0.0665392279624939,0.14414143562316895,-0.1398748755455017,0.30353254079818726,-0.04430588334798813,-0.4386589527130127,0.3527720272541046,0.3798896074295044,-0.003735305042937398,0.6725606918334961,0.25307363271713257,-0.6867105960845947
0.4551758749999989,0.0034223749999999996,133.0,1.6392570974984142,-0.8831701827586118,0.11148099939689197,-0.0016476252256211253,-1.818263962514068e-5,-0.0007536972864708299,0.0685967848569873,-0.0680341124534607,0.14668092131614685,-0.14162057638168335,0.30845868587493896,-0.04864359274506569,-0.4425044059753418,0.3557640612125397,0.37640273571014404,-0.027224760502576828,0.6800110340118408,0.26778945326805115,-0.6882248520851135
0.4551758749999989,0.0034223749999999996,133.0,1.6138868278356264,-0.8578153069298895,0.11152103385562234,-0.001463475635537185,-1.7833401828463793e-5,-0.0006712788117592424,0.06859429344771185,-0.06927105784416199,0.14675167202949524,-0.14252817630767822,0.305327445268631,-0.0496460422873497,-0.4302561283111572,0.36080560088157654,0.37759047746658325,-0.016232801601290703,0.6833186149597168,0.26842471957206726,-0.6863089203834534
0.4551758749999989,0.0034223749999999996,133.0,1.58772085394716,-0.8317034332609307,0.11150040348497936,-0.0012819995091932432,-1.57719278734307e-5,-0.000588066024695469,0.0685938405700166,-0.07092446088790894,0.145480215549469,-0.14311710000038147,0.2985992431640625,-0.045681536197662354,-0.41171693801879883,0.36985310912132263,0.383015900850296,-0.004036381840705872,0.6890084743499756,0.27853667736053467,-0.6850705742835999
0.4551758749999989,0.0034223749999999996,133.0,1.560724697434829,-0.8047312628986252,0.1114757317774237,-0.001131503325261972,-1.4097106004755796e-5,-0.0005191036640979483,0.06859302253472656,-0.072125643491745,0.14580115675926208,-0.14476874470710754,0.29621538519859314,-0.046529605984687805,-0.40018463134765625,0.3771936297416687,0.3834296762943268,0.0029497873038053513,0.6919269561767578,0.28101232647895813,-0.6831326484680176
0.4551758749999989,0.0034223749999999996,133.0,1.5329120637375548,-0.7769392286930914,0.1114359146694482,-0.0009974427718637097,-1.2561269690112851e-5,-0.00045767410275486314,0.06859269971855832,-0.0721377432346344,0.1456398218870163,-0.14610737562179565,0.293315052986145,-0.05306694656610489,-0.39331769943237305,0.38130563497543335,0.38207289576530457,0.0055802809074521065,0.6929080486297607,0.289074182510376,-0.6788702011108398
0.4551758749999989,0.0034223749999999996,133.0,1.5042443663136944,-0.7483325923736026,0.11140301943335468,-0.0008235715401382384,-9.601143715799227e-6,-0.00037690704476557336,0.06859221985195155,-0.07419675588607788,0.145480677485466,-0.14798560738563538,0.2893318235874176,-0.048351988196372986,-0.3760504722595215,0.3917170464992523,0.3848831057548523,0.026746002957224846,0.696380615234375,0.2860346734523773,-0.6777260303497314
0.4551758749999989,0.0034223749999999996,133.0,1.4747414062147985,-0.7189024592098471,0.11137290865320125,-0.0006913945923641601,-8.127981825185974e-6,-0.00031622233502605086,0.06859223943611845,-0.07603153586387634,0.1444980353116989,-0.14921149611473083,0.2826334536075592,-0.043878741562366486,-0.35611987113952637,0.4034843444824219,0.39034250378608704,0.0475253090262413,0.7006733417510986,0.2905813157558441,-0.6765326261520386
0.4551758749999989,0.0034223749999999996,133.0,1.4444112290906066,-0.6886093619867464,0.11133037603771846,-0.0005189651162820239,-6.355051353849481e-6,-0.00023748620786500304,0.06859129134029958,-0.07792794704437256,0.1451999694108963,-0.15084949135780334,0.2808411717414856,-0.04280292987823486,-0.34406042098999023,0.412363737821579,0.3914267122745514,0.05372260883450508,0.706296443939209,0.29459863901138306,-0.6758790016174316
0.4551758749999989,0.0034223749999999996,133.0,1.4132788406813952,-0.6574387461848108,0.11129867434387439,-0.00032606953197670646,-3.7246895202523347e-6,-0.0001490129818601143,0.06858927335377102,-0.07952308654785156,0.1483675241470337,-0.15325617790222168,0.28735122084617615,-0.04713121056556702,-0.3470304012298584,0.41383108496665955,0.3837887644767761,0.034017570316791534,0.7133362293243408,0.2990182042121887,-0.6747947335243225
0.4551758749999989,0.0034223749999999996,133.0,1.3812999953703036,-0.6254446255065238,0.1112586057169118,-0.00015239981439516575,-1.797251955742595e-6,-6.974698154000056e-5,0.06858706582294638,-0.08174076676368713,0.1507677137851715,-0.1554144024848938,0.2909654676914215,-0.046339113265275955,-0.3425471782684326,0.41920629143714905,0.3798523545265198,0.02247708849608898,0.7214088439941406,0.30378931760787964,-0.6745439767837524
0.4551758749999989,0.0034223749999999996,133.0,1.3484636910885492,-0.5926978312327751,0.11119417871018285,1.689665314521917e-5,2.293893801361504e-7,7.764138546870667e-6,0.06858591320844075,-0.08397334814071655,0.14875000715255737,-0.15589866042137146,0.2817137837409973,-0.03828465938568115,-0.32120418548583984,0.4323424696922302,0.38786929845809937,0.036538220942020416,0.7306344509124756,0.3235965967178345,-0.6734046339988708
0.4551758749999989,0.0034223749999999996,133.0,1.3148055927389322,-0.5590678404104539,0.111160039036473,0.00018667828468141642,2.5653806820881317e-6,8.579075311853978e-5,0.06858438140817427,-0.0862167477607727,0.14966507256031036,-0.15784212946891785,0.280414342880249,-0.03631281107664108,-0.30864405632019043,0.44284313917160034,0.38848376274108887,0.042745109647512436,0.7371642589569092,0.32679998874664307,-0.6727829575538635
0.4551758749999989,0.0034223749999999996,133.0,1.280314808916941,-0.524557444890117,0.11111065951522973,0.0003706956980956657,4.896614854726086e-6,0.00017013357336649566,0.06858145609192148,-0.08920377492904663,0.1535586267709732,-0.16137197613716125,0.28820496797561646,-0.03535696864128113,-0.30611205101013184,0.4498303532600403,0.3815308213233948,0.035971835255622864,0.7438263893127441,0.3173966407775879,-0.6736847758293152
0.4551758749999989,0.0034223749999999996,133.0,1.2449853503904433,-0.48926543811197154,0.11107144193223649,0.000515470375628619,6.864962656833591e-6,0.0002365636460971917,0.06857972127632883,-0.09180757403373718,0.15467078983783722,-0.16346383094787598,0.2874728739261627,-0.03252775967121124,-0.2937126159667969,0.4614243507385254,0.3824648857116699,0.03941692039370537,0.7516326904296875,0.32232770323753357,-0.6739693880081177
0.4551758749999989,0.0034223749999999996,133.0,1.208827732509404,-0.45314423912972107,0.11103118165718924,0.0006787727374062525,9.14388155671761e-6,0.00031151182298965553,0.06857805948066084,-0.09422972798347473,0.15567055344581604,-0.16558027267456055,0.2865360379219055,-0.030455656349658966,-0.2810699939727783,0.47315236926078796,0.3830016255378723,0.04496508464217186,0.7587137222290039,0.3255506455898285,-0.6736370325088501
0.4551758749999989,0.0034223749999999996,133.0,1.171843073543966,-0.4161896994099988,0.11100223759467313,0.0008527277710261408,1.1685715828279616e-5,0.00039140404294877126,0.06857649206511375,-0.09639585018157959,0.15643279254436493,-0.1677440106868744,0.2850615978240967,-0.02909587323665619,-0.2681114673614502,0.4853851795196533,0.3833225965499878,0.05313410237431526,0.7647285461425781,0.32767558097839355,-0.6725360751152039
0.4551758749999989,0.0034223749999999996,133.0,1.1340361735697881,-0.3784150065135177,0.11096126192863817,0.0010502226059391812,1.506470889467412e-5,0.00048249457657059013,0.0685754169026004,-0.0980459451675415,0.1568569540977478,-0.16997763514518738,0.28296053409576416,-0.030252408236265182,-0.2555255889892578,0.4977865517139435,0.38323116302490234,0.06548088043928146,0.7687380313873291,0.32789114117622375,-0.6703669428825378
0.4551758749999989,0.0034223749999999996,133.0,1.0953940719134185,-0.33979693868970556,0.1109534025212617,0.0012378125864313915,1.821373419652236e-5,0.0005688735187091609,0.06857413217557631,-0.09948521852493286,0.1570926308631897,-0.17224544286727905,0.2804540693759918,-0.03243675082921982,-0.24294233322143555,0.5109421610832214,0.38326483964920044,0.07980792969465256,0.7718408107757568,0.32767945528030396,-0.6679069995880127
0.4551758749999989,0.0034223749999999996,133.0,1.0558895540368598,-0.3004340039465367,0.11090793459964328,0.0013595253156300276,2.093532786433144e-5,0.0006250402655203991,0.06857439933302537,-0.10228174924850464,0.1540488451719284,-0.17397618293762207,0.26803532242774963,-0.0221225805580616,-0.21729445457458496,0.5383394360542297,0.39599311351776123,0.12104927003383636,0.7787187099456787,0.34410369396209717,-0.6682952046394348
0.4551758749999989,0.0034223749999999996,133.0,1.0155873179468216,-0.26016047730565245,0.11086927564174841,0.0015152497527859757,2.389319399168841e-5,0.0006968668453895406,0.06857311786722362,-0.10444080829620361,0.15447022020816803,-0.17618560791015625,0.26654133200645447,-0.02013295516371727,-0.20540642738342285,0.5542319416999817,0.39686498045921326,0.1308632493019104,0.784437894821167,0.3480035960674286,-0.6677330136299133
0.4551758749999989,0.0034223749999999996,133.0,0.9744309456702095,-0.2189517131446479,0.11078367912027028,0.0016667126003948915,2.695642755704488e-5,0.0007668940760004074,0.0685686362593448,-0.10682034492492676,0.16054703295230865,-0.18032687902450562,0.2831276059150696,-0.024174582213163376,-0.21160006523132324,0.5535143613815308,0.3787861466407776,0.12016785889863968,0.787118673324585,0.3115319311618805,-0.6662243604660034
0.4551758749999989,0.0034223749999999996,133.0,0.9330957673193536,-0.17548788383567057,0.11313887864091034,0.0018102025185644443,1.743487017840925e-5,0.0008363711203283915,0.06848295154637894,-0.10621854662895203,0.15877871215343475,-0.17984673380851746,0.27255234122276306,-0.03610480576753616,-0.19420289993286133,0.5576435327529907,0.38267451524734497,0.13181886076927185,0.7931146621704102,0.3245602548122406,-0.6594794392585754
0.4551758749999989,0.0034223749999999996,133.0,0.8902722027782246,-0.13267753702019397,0.11308276848789088,0.001908033479141595,2.3038404303901348e-5,0.0008841300247274991,0.06848122315011156,-0.11049830913543701,0.16228599846363068,-0.18368273973464966,0.2791174650192261,-0.027560502290725708,-0.18166875839233398,0.5733473896980286,0.37744367122650146,0.14429518580436707,0.8029961585998535,0.3013342618942261,-0.6608793139457703
0.4551758749999989,0.0034223749999999996,133.0,0.8465517196499625,-0.08907401537167534,0.11303914192800565,0.0018837623489405084,2.35866213684285e-5,0.0008740349212056507,0.06847723909989997,-0.11632359027862549,0.16260476410388947,-0.18407556414604187,0.2723160684108734,-0.014459758065640926,-0.15880656242370605,0.5905682444572449,0.38759228587150574,0.13993358612060547,0.8316729068756104,0.32687219977378845,-0.6644177436828613
0.4551758749999989,0.0034223749999999996,133.0,0.8014321913851733,-0.04575116495185766,0.11062423240159237,0.0017626239502990307,2.3843610624004416e-5,0.0008138409888241539,0.06854376882242891,-0.1275862753391266,0.18788699805736542,-0.18854427337646484,0.33343377709388733,0.009847854264080524,-0.18674969673156738,0.46185070276260376,0.3781886398792267,-0.16943465173244476,0.9469969272613525,0.2703392505645752,-0.7161552309989929
0.4551758749999989,0.0034223749999999996,133.0,0.755896398847556,4.953445122763572e-5,0.11060332001554009,0.00010394479909058063,2.745809053669302e-7,4.780910725642176e-5,0.06851948801418191,-0.14454451203346252,0.21686016023159027,-0.18620342016220093,0.35945820808410645,0.028774455189704895,-0.15018820762634277,0.20807237923145294,0.46825143694877625,-0.7178648710250854,1.199087381362915,0.2568652629852295,-0.8315501809120178
0.4551758749999989,0.0034223749999999996,133.0,0.8003997111447797,0.045017776281312635,0.11345095893275896,-0.0017129660958379686,-4.2989990531655984e-5,-0.0008148611816175704,0.06828896295219508,-0.19238346815109253,0.11263817548751831,-0.17951911687850952,0.5373941659927368,-0.2225705087184906,0.07992339134216309,0.7999157309532166,-0.04400354623794556,-0.6239370703697205,1.4044334888458252,0.14977741241455078,-0.49227383732795715
0.4551758749999989,0.0034223749999999996,133.0,0.8436910794653925,0.09010945203111204,0.11406488322405303,-0.0019072344294316763,-2.1774094723758468e-5,-0.0009129693963602802,0.06820332066695386,-0.2494836151599884,0.14396396279335022,-0.13062742352485657,0.7755508422851562,-0.42778271436691284,0.33135056495666504,0.45233216881752014,0.08326119184494019,-1.4504543542861938,1.7763471603393555,0.43618592619895935,-0.8564558625221252
0.4551758749999989,0.0034223749999999996,133.0,0.8867651608366528,0.13419480292214883,0.11475069125428582,-0.0018987877804166142,-1.061362024768941e-5,-0.0009028456102920989,0.06815767888001252,-0.2762422263622284,0.16624252498149872,-0.09968301653862,0.918373703956604,-0.5661061406135559,0.4213542938232422,0.3105181157588959,0.1560765504837036,-1.7088264226913452,1.8420782089233398,0.5346609354019165,-1.0726083517074585
0.4551758749999989,0.0034223749999999996,133.0,0.9293374265972697,0.1772633709764891,0.11504407856525642,-0.0017915545902043837,-7.328981775897631e-6,-0.0008480262264479788,0.06814265698888115,-0.28186628222465515,0.1804128885269165,-0.08472990989685059,1.0010097026824951,-0.6059303879737854,0.43837738037109375,0.2675412595272064,0.16433051228523254,-1.7887297868728638,1.8191251754760742,0.5491831302642822,-1.1640567779541016
0.4551758749999989,0.0034223749999999996,133.0,0.9712166421491798,0.2193376715802506,0.11513033733847151,-0.0016391971542519797,-6.208196300156273e-6,-0.0007745000197928421,0.06813847706432435,-0.2847912013530731,0.18646685779094696,-0.08024156093597412,1.0223411321640015,-0.6303383111953735,0.44736790657043457,0.252046674489975,0.17485645413398743,-1.8161565065383911,1.8088006973266602,0.5660389065742493,-1.1961654424667358
0.4551758749999989,0.0034223749999999996,133.0,1.0122781725926404,0.26051502687426087,0.11509306724272082,-0.0014534156559201804,-5.802502045050518e-6,-0.000686727844080459,0.06814009432818974,-0.2872979938983917,0.1896098405122757,-0.08078354597091675,1.0157089233398438,-0.6470454931259155,0.46204352378845215,0.26397690176963806,0.1894969344139099,-1.8305063247680664,1.8080239295959473,0.5762373805046082,-1.2043263912200928
0.4551758749999989,0.0034223749999999996,133.0,1.0525915507902175,0.30084618489396053,0.11514115398084904,-0.0013681851321938724,-6.024959006590643e-6,-0.0006454364751859196,0.0681371461421189,-0.2862146198749542,0.1924477219581604,-0.0799294114112854,1.0277292728424072,-0.6393272280693054,0.4707150459289551,0.2855493128299713,0.18667441606521606,-1.8381664752960205,1.7868318557739258,0.5890627503395081,-1.213767170906067
0.4551758749999989,0.0034223749999999996,133.0,1.0920866780126217,0.34034507500768313,0.11518411568813183,-0.0011703267400251923,-5.106761015862167e-6,-0.000550858288111391,0.06813351975995251,-0.2838365137577057,0.19609539210796356,-0.07522740960121155,1.0619661808013916,-0.6319132447242737,0.47090697288513184,0.282956600189209,0.1751505434513092,-1.8442144393920898,1.7536396980285645,0.6110711693763733,-1.2367421388626099
0.4551758749999989,0.0034223749999999996,133.0,1.1306965845246768,0.3790259675521219,0.11522769252558956,-0.0010183844240646534,-4.567063718656808e-6,-0.0004785752295307529,0.06813131621903643,-0.2837277948856354,0.19926588237285614,-0.07325765490531921,1.075641393661499,-0.6378656029701233,0.47943735122680664,0.290104478597641,0.17661446332931519,-1.856893539428711,1.7335634231567383,0.6301673650741577,-1.2521114349365234
0.4551758749999989,0.0034223749999999996,133.0,1.1684747653347036,0.41687452640398764,0.11526936512156734,-0.0008280208778680965,-3.7924870017513253e-6,-0.0003885132807065621,0.06812919500849714,-0.28363969922065735,0.20236822962760925,-0.07136967778205872,1.0887436866760254,-0.6428452730178833,0.487298846244812,0.2964690327644348,0.17771503329277039,-1.8689212799072266,1.7141518592834473,0.6478810906410217,-1.2665337324142456
0.4551758749999989,0.0034223749999999996,133.0,1.2054220629191126,0.45388686847118,0.115304226407943,-0.0006589993444382529,-3.1065396129520607e-6,-0.0003087639764509225,0.0681272797526555,-0.2835155427455902,0.20521719753742218,-0.0697777271270752,1.1002737283706665,-0.6459294557571411,0.49449896812438965,0.30349552631378174,0.1782841682434082,-1.8786052465438843,1.6960387229919434,0.6639765501022339,-1.2788357734680176
0.4551758749999989,0.0034223749999999996,133.0,1.2415364322837086,0.4900683692835842,0.1153421746666075,-0.0004977847701881118,-2.4123000665017304e-6,-0.00023288847239857354,0.06812531851125235,-0.28338536620140076,0.20795947313308716,-0.0681995153427124,1.1115614175796509,-0.6486642956733704,0.5014219284057617,0.3103703558444977,0.1786121129989624,-1.8878564834594727,1.6780891418457031,0.6799356341362,-1.2906492948532104
0.4551758749999989,0.0034223749999999996,133.0,1.276816189291623,0.5254169071469714,0.11536716306777829,-0.000342169697030724,-1.7242003447488814e-6,-0.00015984399563934376,0.0681233618783857,-0.28327903151512146,0.21050991117954254,-0.06701335310935974,1.1212166547775269,-0.649135410785675,0.508220911026001,0.31878697872161865,0.17843776941299438,-1.8957716226577759,1.6616721153259277,0.6945071220397949,-1.3003172874450684
0.4551758749999989,0.0034223749999999996,133.0,1.3112468229496126,0.5599480215183738,0.11543893491850578,-0.00019196470896419752,-1.003266427180075e-6,-8.949896384610514e-5,0.0681195170809071,-0.28345438838005066,0.213060662150383,-0.0662507712841034,1.1295204162597656,-0.6476531028747559,0.5162668228149414,0.32962578535079956,0.17801129817962646,-1.9051666259765625,1.6473960876464844,0.7074892520904541,-1.308380365371704
0.4551758749999989,0.0034223749999999996,133.0,1.344728451049302,0.5936573078066721,0.11552158103862938,-5.727561436287413e-5,-3.234323783497785e-7,-2.6642913165713052e-5,0.06811287456314426,-0.2868373692035675,0.21582746505737305,-0.0683434009552002,1.1185662746429443,-0.6554886698722839,0.5399532318115234,0.35187041759490967,0.19023725390434265,-1.9251625537872314,1.6518502235412598,0.709296703338623,-1.3097953796386719
0.4551758749999989,0.0034223749999999996,133.0,1.3773519647602372,0.6265598959600858,0.11567676927362915,0.00012371308211021548,7.18749775213535e-7,5.73355997775777e-5,0.06810340114491469,-0.290354460477829,0.2192358672618866,-0.0684644877910614,1.1189842224121094,-0.6652495861053467,0.5603091716766357,0.360537052154541,0.19919613003730774,-1.9478085041046143,1.651932716369629,0.7139154076576233,-1.3193299770355225
0.4551758749999989,0.0034223749999999996,133.0,1.4094122191994511,0.6566917356090249,0.11302652767963121,0.00029155639733440843,3.2946215011127568e-6,0.0001343402204362379,0.06825238726407974,-0.28673288226127625,0.2208995670080185,-0.06449559330940247,1.135409951210022,-0.6768110990524292,0.550430417060852,0.35371655225753784,0.19537362456321716,-1.9483106136322021,1.6142451763153076,0.7532063722610474,-1.3321795463562012
0.4551758749999989,0.0034223749999999996,133.0,1.4404299501387168,0.6879083893045901,0.1130979180700944,0.0004611831722164105,5.244049959260951e-6,0.00021203299615663403,0.0682490970636085,-0.28970786929130554,0.224015012383461,-0.06395864486694336,1.1364014148712158,-0.6922023892402649,0.5708402395248413,0.36235660314559937,0.20489493012428284,-1.9709570407867432,1.6092381477355957,0.763593316078186,-1.342860460281372
0.4551758749999989,0.0034223749999999996,133.0,1.4707113534883256,0.7182659990314959,0.11323542623381103,0.0006621289145632071,7.522400219213263e-6,0.00030365682196372643,0.06824369907918168,-0.2882794439792633,0.2266613394021988,-0.06038188934326172,1.1619837284088135,-0.6866169571876526,0.5736358165740967,0.36868417263031006,0.19381263852119446,-1.982817530632019,1.581644058227539,0.7824885845184326,-1.357569694519043
0.4551758749999989,0.0034223749999999996,133.0,1.5001898352616603,0.7477781325357862,0.11331861017210938,0.0008055274020804759,9.16002919753769e-6,0.00036881009406271596,0.06824167827148513,-0.28669992089271545,0.2286435216665268,-0.057810187339782715,1.1800000667572021,-0.68235844373703,0.5762616395950317,0.37813127040863037,0.185480535030365,-1.9898793697357178,1.555884838104248,0.8007000684738159,-1.3674440383911133
0.4551758749999989,0.0034223749999999996,133.0,1.5288373491537595,0.7764674248433876,0.11344084890982292,0.0009887528010623706,1.1150934935944715e-5,0.0004519580211047333,0.06823801087702797,-0.28574636578559875,0.23109345138072968,-0.05330997705459595,1.204753041267395,-0.6873802542686462,0.5736434459686279,0.369536429643631,0.17835691571235657,-1.9979649782180786,1.5294036865234375,0.8241907358169556,-1.3852415084838867
0.4551758749999989,0.0034223749999999996,133.0,1.556624937026834,0.8043025717848906,0.11340947104922466,0.0011297640176492951,1.2929231097876806e-5,0.0005162582771082199,0.06823886896424004,-0.2876146137714386,0.2335064858198166,-0.05167439579963684,1.2080926895141602,-0.7070297002792358,0.5867588520050049,0.3701658844947815,0.18616509437561035,-2.014369249343872,1.517937421798706,0.8434848785400391,-1.3965489864349365
0.4551758749999989,0.0034223749999999996,133.0,1.5835964935338982,0.8313097442882844,0.11344630827937062,0.001287212490585797,1.477183622328171e-5,0.0005874905348834348,0.06823746134165656,-0.2873382866382599,0.23518848419189453,-0.049995988607406616,1.217463493347168,-0.7090330123901367,0.590259313583374,0.3735010325908661,0.18434566259384155,-2.019176721572876,1.5014839172363281,0.8576015830039978,-1.4042305946350098
0.4551758749999989,0.0034223749999999996,133.0,1.609781682412236,0.8574550935688102,0.11347123517772342,0.0014757095023962196,1.7345582019972745e-5,0.0006731665429409868,0.0682376664903932,-0.28579428791999817,0.23593862354755402,-0.051025837659835815,1.2183325290679932,-0.6978035569190979,0.5999153852462769,0.400934636592865,0.17860358953475952,-2.0224592685699463,1.4850530624389648,0.8648753762245178,-1.3995035886764526
0.4551758749999989,0.0034223749999999996,133.0,1.6351132667004964,0.8827955223294821,0.11347584472723837,0.0016671349707099029,1.972605101679682e-5,0.0007600137177211477,0.06823702140447553,-0.28544119000434875,0.23745408654212952,-0.04870915412902832,1.2309703826904297,-0.6973294019699097,0.596328854560852,0.3937463164329529,0.17506924271583557,-2.0215110778808594,1.4719109535217285,0.8755643963813782,-1.4086854457855225
0.4551758749999989,0.0034223749999999996,133.0,1.6595225111348477,0.9073303577111128,0.11355352339836369,0.0018802624174403281,2.1816681985943978e-5,0.0008557907583065454,0.0682356245006186,-0.2867676913738251,0.2392403781414032,-0.048079103231430054,1.2335700988769531,-0.704028308391571,0.6052778959274292,0.39547502994537354,0.17856869101524353,-2.030378818511963,1.4646217823028564,0.8846842050552368,-1.414891004562378
0.4551758749999989,0.0034223749999999996,133.0,1.683150777341638,0.9310112848133782,0.11355384233586277,0.00203783527644381,2.3760501200813284e-5,0.0009270642517199514,0.06823542761696892,-0.28826287388801575,0.2407277673482895,-0.0484049916267395,1.2304186820983887,-0.7099645137786865,0.6163488626480103,0.4009461998939514,0.184404194355011,-2.0371227264404297,1.461259365081787,0.8902724385261536,-1.4176671504974365
0.4551758749999989,0.0034223749999999996,133.0,1.7058921409450973,0.9538653639072564,0.11360803458010936,0.0022387008071871654,2.5586883808451322e-5,0.001017378091925515,0.06823398420674069,-0.28999581933021545,0.24234503507614136,-0.04913190007209778,1.2252691984176636,-0.7159081101417542,0.6314831972122192,0.41136816143989563,0.1908482015132904,-2.047678232192993,1.458545207977295,0.8942651152610779,-1.4190630912780762
0.4551758749999989,0.0034223749999999996,133.0,1.7278733446679138,0.9758715846407637,0.113563656880086,0.0024417104698372847,2.866803463865259e-5,0.0011100090772255277,0.06823284983274884,-0.29187676310539246,0.24402762949466705,-0.04943746328353882,1.2197867631912231,-0.7276929020881653,0.6469855308532715,0.41827040910720825,0.1992979347705841,-2.0597517490386963,1.4552075862884521,0.9005157947540283,-1.4221339225769043
0.4551758749999989,0.0034223749999999996,133.0,1.7490468650888158,0.9970494930786422,0.11361261567309656,0.002656328261039743,3.131114940757371e-5,0.0012068955288621881,0.06823076598986959,-0.2917758524417877,0.24537119269371033,-0.04817754030227661,1.2274019718170166,-0.7279698252677917,0.6502289772033691,0.420550674200058,0.1970287561416626,-2.0649898052215576,1.442652702331543,0.9096077680587769,-1.4275834560394287
0.4551758749999989,0.0034223749999999996,133.0,1.769360798521153,1.0173649048224953,0.11358918156951077,0.0028730660928870263,3.2643338184187596e-5,0.0013026583670169352,0.06823073154683315,-0.2899852693080902,0.24714672565460205,-0.04192233085632324,1.2599458694458008,-0.7278916239738464,0.6301870346069336,0.3948332667350769,0.18423870205879211,-2.06380295753479,1.4183855056762695,0.9283629059791565,-1.4474021196365356
0.4551758749999989,0.0034223749999999996,133.0,1.7888356206095726,1.0369531555484386,0.11376566528274278,0.0030410864316576195,3.476682743321905e-5,0.0013780159622454374,0.0682275322133508,-0.2909103333950043,0.24866816401481628,-0.04115387797355652,1.2636909484863281,-0.7316757440567017,0.6381106376647949,0.39815250039100647,0.18543532490730286,-2.073228120803833,1.4097905158996582,0.9362064599990845,-1.4524458646774292
0.4551758749999989,0.0034223749999999996,133.0,1.8075027210460621,1.0556434648841653,0.11388445323299029,0.0032318149540616734,3.621548596165899e-5,0.0014622099167784577,0.06822488319946154,-0.28948888182640076,0.24992617964744568,-0.03800046443939209,1.2828328609466553,-0.7268218994140625,0.6312413215637207,0.39459526538848877,0.17496922612190247,-2.076024055480957,1.3896448612213135,0.9485250115394592,-1.4612069129943848
0.4551758749999989,0.0034223749999999996,133.0,1.8252455408730517,1.0735119800500341,0.11379926724027252,0.0033967455950999824,3.7707478086754095e-5,0.0015374757228829373,0.06822819241584943,-0.294155091047287,0.252006471157074,-0.038780272006988525,1.2673232555389404,-0.7563535571098328,0.6545419692993164,0.3898022472858429,0.19702759385108948,-2.093165636062622,1.3981702327728271,0.9513163566589355,-1.4678394794464111
0.4551758749999989,0.0034223749999999996,133.0,1.8422808984329735,1.0905122422456905,0.11384201812446276,0.003590215892321104,4.003827120174891e-5,0.00162408102744847,0.06822681152055676,-0.2926934063434601,0.2521921694278717,-0.03948822617530823,1.2686711549758911,-0.7448939085006714,0.65796959400177,0.40522319078445435,0.19127053022384644,-2.0918662548065186,1.3871467113494873,0.9539147019386292,-1.4635059833526611
0.4551758749999989,0.0034223749999999996,133.0,1.8584234213764683,1.1067080109224023,0.11393137753725956,0.003760760469156227,4.082386537467924e-5,0.0017001164296246564,0.06822510265731924,-0.29331347346305847,0.2532123029232025,-0.03769654035568237,1.2747882604599,-0.7537031769752502,0.6580228805541992,0.39538249373435974,0.1935371458530426,-2.094768762588501,1.3795044422149658,0.9617323279380798,-1.471941590309143
0.4551758749999989,0.0034223749999999996,133.0,1.873743082571339,1.1219728629069448,0.11373440675597053,0.003929774305167788,4.2533122826787946e-5,0.0017762322298014973,0.06822818498814996,-0.2949506342411041,0.254201203584671,-0.03848084807395935,1.2655824422836304,-0.768454372882843,0.673819899559021,0.4019773304462433,0.20365160703659058,-2.105163097381592,1.3770747184753418,0.9688572287559509,-1.4729368686676025
0.4551758749999989,0.0034223749999999996,133.0,1.8882613227363023,1.1364883597198423,0.11376665259166219,0.004062359716898731,4.368941489953004e-5,0.0018357335118613764,0.06822708698157307,-0.2941460907459259,0.25458091497421265,-0.035929322242736816,1.2754429578781128,-0.7777096629142761,0.6675224304199219,0.39128613471984863,0.2026670277118683,-2.1049890518188477,1.362739086151123,0.9861316680908203,-1.4818693399429321
0.4551758749999989,0.0034223749999999996,133.0,1.9019283260166895,1.1501749465990294,0.11374760018138003,0.004180871948333364,4.367709641682499e-5,0.001889739172507289,0.06822998721092106,-0.2949382960796356,0.2547917068004608,-0.03438642621040344,1.2742812633514404,-0.8009856343269348,0.6676468849182129,0.37600451707839966,0.21313822269439697,-2.107469081878662,1.3571712970733643,1.0058083534240723,-1.4912211894989014
0.4551758749999989,0.0034223749999999996,133.0,1.9148591322606656,1.1630106759120171,0.11376363905557403,0.004307031552405365,4.4598291480708075e-5,0.0019472668911396452,0.06823198056932724,-0.2912554442882538,0.2549971342086792,-0.0290679931640625,1.302785038948059,-0.8007389307022095,0.6445506811141968,0.35812416672706604,0.1983547806739807,-2.106180429458618,1.3283412456512451,1.0338646173477173,-1.5049824714660645
0.4551758749999989,0.0034223749999999996,133.0,1.9269451485025222,1.1749983591433453,0.11375476061891922,0.0044412782335225415,4.703415166740859e-5,0.002008110838730562,0.06823286294789546,-0.2883606255054474,0.2549095153808594,-0.028512686491012573,1.3107867240905762,-0.790911853313446,0.6436934471130371,0.3751278519630432,0.18747538328170776,-2.1096110343933105,1.3083629608154297,1.0488415956497192,-1.5021998882293701
0.4551758749999989,0.0034223749999999996,133.0,1.9382392059689209,1.186117313905063,0.11371751326799179,0.0045782695334023625,4.934982154898766e-5,0.0020690153370027274,0.06823370490511468,-0.28336837887763977,0.2545538544654846,-0.025446176528930664,1.3336728811264038,-0.7707971930503845,0.623881459236145,0.38036078214645386,0.16553443670272827,-2.102975845336914,1.2805829048156738,1.0646038055419922,-1.50318443775177
0.4551758749999989,0.0034223749999999996,133.0,1.9487240424609598,1.196421766711643,0.11371344357654611,0.004710167802864911,5.149656125546841e-5,0.002127530847811406,0.06823545556776779,-0.27785417437553406,0.2540348768234253,-0.022069454193115234,1.3595255613327026,-0.7462729811668396,0.5999482870101929,0.3846399188041687,0.14018547534942627,-2.0939366817474365,1.2501857280731201,1.079062819480896,-1.5037152767181396
0.4551758749999989,0.0034223749999999996,133.0,1.958329819743872,1.20596924636071,0.11382478540203508,0.004861052860473365,5.4269431937705924e-5,0.0021961060022214637,0.06823575035152644,-0.2741869390010834,0.25351792573928833,-0.021138519048690796,1.3707586526870728,-0.7290123105049133,0.5903311967849731,0.39655134081840515,0.1254834234714508,-2.0896663665771484,1.2317895889282227,1.0878310203552246,-1.5002859830856323
0.4551758749999989,0.0034223749999999996,133.0,1.9669043237487813,1.2166988154326497,0.11683537588260107,0.00508523990179738,2.9491000194087997e-5,0.0022895205131465944,0.06807051967346482,-0.2756321132183075,0.2548190653324127,-0.021116971969604492,1.3898066282272339,-0.7009958028793335,0.5994060039520264,0.4161740839481354,0.10926836729049683,-2.1064248085021973,1.2345399856567383,1.0680080652236938,-1.5031018257141113
0.4551758749999989,0.0034223749999999996,133.0,1.9749221567291118,1.2245313661249617,0.11689730707845625,0.0053177101495537745,3.110286843517389e-5,0.002393278349128668,0.06807302263328822,-0.26959964632987976,0.2542373538017273,-0.01653119921684265,1.4214365482330322,-0.6708236932754517,0.562448263168335,0.41153135895729065,0.07891881465911865,-2.0888333320617676,1.2048845291137695,1.0722236633300781,-1.5043046474456787
0.4551758749999989,0.0034223749999999996,133.0,1.9820240059626855,1.2315266599414116,0.11691571243421515,0.005675907020255215,3.3574109038698786e-5,0.0025546419348043635,0.06807395602391475,-0.2667113244533539,0.25369665026664734,-0.016977369785308838,1.4246478080749512,-0.660444438457489,0.5601928234100342,0.42486897110939026,0.07082915306091309,-2.0888686180114746,1.1909325122833252,1.079145073890686,-1.499489665031433
0.4551758749999989,0.0034223749999999996,133.0,1.9883383482864754,1.2377149199583424,0.11696599440476828,0.006275082943985824,3.6555317634272324e-5,0.0028232525287162254,0.0680762737640511,-0.262468546628952,0.2534453272819519,-0.014345109462738037,1.444212794303894,-0.6415642499923706,0.536507248878479,0.4216797351837158,0.05176302790641785,-2.080092191696167,1.1699848175048828,1.0807430744171143,-1.4999371767044067
0.4551758749999989,0.0034223749999999996,133.0,1.9938164791803146,1.2430748455977871,0.11694046665550183,0.007636258861268415,4.4216957145293645e-5,0.003435889698406266,0.06808016685358295,-0.2592386305332184,0.2534942924976349,-0.01557973027229309,1.4477707147598267,-0.6324632167816162,0.5400972366333008,0.43866559863090515,0.043530404567718506,-2.0908052921295166,1.152587890625,1.0831893682479858,-1.4953588247299194
0.4551758749999989,0.0034223749999999996,133.0,1.9984805143639985,1.2477381667164151,0.11700553653497034,0.014168636640269513,5.948287519136566e-5,0.006350092855762785,0.06808115350117683,-0.2552136480808258,0.2581484019756317,-0.01433640718460083,1.4738577604293823,-0.6484044790267944,0.5519394874572754,0.42983996868133545,0.03748953342437744,-2.1609432697296143,1.1031265258789062,1.0905842781066895,-1.51560378074646
0.4551758749999989,0.0034223749999999996,133.0,1.972281726911725,-1.2445441332186722,0.10050309150474068,-0.013942459339283345,-9.434888536182147e-5,-0.006442529017898936,0.06855345039348687,-0.04686427116394043,0.13849009573459625,-0.12069573998451233,0.3243769407272339,-0.01353891659528017,-0.6939582824707031,0.2750985622406006,0.41015011072158813,-0.1665092259645462,0.6431694030761719,0.46020379662513733,-0.7375696897506714
0.4551758749999989,0.0034223749999999996,133.0,1.9677461209334768,-1.2399712856521985,0.10057560230723689,-0.007523212147258635,-3.491526474578721e-5,-0.0034712327260527677,0.06854514462571386,-0.048066645860672,0.1428067982196808,-0.11760401725769043,0.3391101062297821,-0.058282483369112015,-0.6801316738128662,0.26755350828170776,0.3927980363368988,-0.2356284260749817,0.6625480651855469,0.44332680106163025,-0.7348494529724121
0.4551758749999989,0.0034223749999999996,133.0,1.9623566355913677,-1.2346206919689442,0.10055904427990237,-0.006179567073074786,-2.4613387645914544e-5,-0.0028487132100094275,0.06854253520369494,-0.05002337694168091,0.1441650539636612,-0.11774763464927673,0.34147679805755615,-0.05767984315752983,-0.6628255844116211,0.26668867468833923,0.3900681138038635,-0.23680061101913452,0.6684505939483643,0.41453817486763,-0.7345011830329895
0.4551758749999989,0.0034223749999999996,133.0,1.9561635601995704,-1.2284546442098137,0.1005463436929948,-0.005588684944112584,-1.876437954975184e-5,-0.0025735171373108185,0.0685415215929446,-0.050513505935668945,0.14273016154766083,-0.11760225892066956,0.33673006296157837,-0.05700535327196121,-0.6475663185119629,0.2682155668735504,0.38991767168045044,-0.22504855692386627,0.6703333854675293,0.40373432636260986,-0.7296123504638672
0.4551758749999989,0.0034223749999999996,133.0,1.9490979081792548,-1.2214652175888123,0.10053603977809022,-0.005244641121154806,-1.7499585351206108e-5,-0.0024144623612969546,0.06854049434521747,-0.0526769757270813,0.14312408864498138,-0.11838310956954956,0.33526986837387085,-0.04787449911236763,-0.6260583400726318,0.2705671489238739,0.39115461707115173,-0.20791688561439514,0.6734449863433838,0.3728864789009094,-0.7294310927391052
0.4551758749999989,0.0034223749999999996,133.0,1.9403454823786788,-1.215169696723925,0.09793554345841254,-0.005002157623011601,-6.472597112904461e-5,-0.0023019986990636464,0.0686182329097239,-0.05300864577293396,0.1408064067363739,-0.11791050434112549,0.33012402057647705,-0.04007219523191452,-0.6143462657928467,0.2773650586605072,0.3934229016304016,-0.19433000683784485,0.6725234985351562,0.3694847524166107,-0.7266083359718323
0.4551758749999989,0.0034223749999999996,133.0,1.9316382704896993,-1.2065726949269888,0.09785966305624985,-0.0048035969134030115,-6.263861906212661e-5,-0.002210776404307324,0.06861877788914693,-0.054535895586013794,0.13818080723285675,-0.11729291081428528,0.32042989134788513,-0.030009306967258453,-0.5847420692443848,0.28183233737945557,0.39914774894714355,-0.16559067368507385,0.6759440898895264,0.35255885124206543,-0.7226827144622803
0.4551758749999989,0.0034223749999999996,133.0,1.922112795896154,-1.1971075570967888,0.09778154142204222,-0.004654526168625874,-5.9167134353976123e-5,-0.0021402321599941626,0.06861898448761906,-0.05563810467720032,0.13703113794326782,-0.11797511577606201,0.3152501881122589,-0.022958431392908096,-0.5636696815490723,0.2866782248020172,0.4013187289237976,-0.1410028487443924,0.6751062870025635,0.3323909640312195,-0.7196967601776123
0.4551758749999989,0.0034223749999999996,133.0,1.9117291488788575,-1.1867894013246612,0.09775911961608301,-0.004521517753538888,-5.5382499673659795e-5,-0.0020759893735042578,0.06861843383950875,-0.05737528204917908,0.1364000141620636,-0.11883580684661865,0.31053823232650757,-0.013787820003926754,-0.5384390354156494,0.2934061288833618,0.4045817255973816,-0.11267199367284775,0.6743838787078857,0.3057345747947693,-0.7182794809341431
0.4551758749999989,0.0034223749999999996,133.0,1.900520775445409,-1.1756574502168369,0.09775810619651447,-0.004387130134040832,-5.502830017025168e-5,-0.0020148458648472094,0.0686186129128548,-0.05806761980056763,0.13310682773590088,-0.11811012029647827,0.2986941635608673,-0.006602014414966106,-0.5074217319488525,0.2995460033416748,0.4110187590122223,-0.07694649696350098,0.6731777191162109,0.29263654351234436,-0.7128804326057434
0.4551758749999989,0.0034223749999999996,133.0,1.88849311324048,-1.1636514759658352,0.09777017472212311,-0.004263417688568969,-5.307834312454792e-5,-0.0019565507961851344,0.06861846440320277,-0.05805236101150513,0.13217386603355408,-0.11914092302322388,0.2941344678401947,-0.007095874287188053,-0.49220895767211914,0.3047741651535034,0.411317378282547,-0.05532976612448692,0.6678833961486816,0.2795485258102417,-0.7086049914360046
0.4551758749999989,0.0034223749999999996,133.0,1.8756543961960697,-1.1508337390574719,0.09775325787735277,-0.004138426207856756,-4.7875806427176994e-5,-0.0018942386874896873,0.06861901676040287,-0.05837470293045044,0.131666362285614,-0.12094876170158386,0.2918042540550232,-0.004199977498501539,-0.4794282913208008,0.3129419684410095,0.4107969105243683,-0.03919859230518341,0.6632025241851807,0.26920682191848755,-0.7057687640190125
0.4551758749999989,0.0034223749999999996,133.0,1.8620071501095008,-1.1371463617701778,0.09776133269758443,-0.004029908767265136,-4.4516931157374194e-5,-0.0018427315482484874,0.06861882476488283,-0.0572243332862854,0.13128086924552917,-0.12265226244926453,0.29042282700538635,-0.012006351724267006,-0.4789085388183594,0.31500309705734253,0.406633198261261,-0.034192461520433426,0.6572647094726562,0.2709219455718994,-0.7001857757568359
0.4551758749999989,0.0034223749999999996,133.0,1.8475235164480948,-1.1226477328700828,0.0977446491147458,-0.003892245015516362,-4.1198453929122305e-5,-0.0017773372748684654,0.06861911195074713,-0.05676111578941345,0.13190719485282898,-0.1245495080947876,0.29172807931900024,-0.019192926585674286,-0.4819602966308594,0.3179711103439331,0.40270429849624634,-0.042222607880830765,0.655451774597168,0.2792164087295532,-0.6975582838058472
0.4551758749999989,0.0034223749999999996,133.0,1.832186017090121,-1.107318109621121,0.09770335043142284,-0.003716203141162124,-4.0881147690713335e-5,-0.0016992128451207913,0.0686185307333699,-0.05667558312416077,0.1322755068540573,-0.12581634521484375,0.29194748401641846,-0.024278584867715836,-0.4824552536010742,0.32028961181640625,0.4004347324371338,-0.048627983778715134,0.6557281017303467,0.28863102197647095,-0.695518970489502
0.4551758749999989,0.0034223749999999996,133.0,1.8160066327437305,-1.0911474741270901,0.09769164470104422,-0.0035532452881535752,-3.7341436300719634e-5,-0.001622733917276181,0.06861770498706746,-0.05841034650802612,0.13348275423049927,-0.12737742066383362,0.2932189404964447,-0.020362049341201782,-0.4759671688079834,0.3258359730243683,0.401003360748291,-0.04980793595314026,0.6596100330352783,0.2885792553424835,-0.6974137425422668
0.4551758749999989,0.0034223749999999996,133.0,1.7989918142691748,-1.074154298320804,0.09766641732623721,-0.0033666490929850587,-3.6225637025909656e-5,-0.0015383746578955587,0.06861714245165952,-0.05881375074386597,0.1331174075603485,-0.12752124667167664,0.2902190685272217,-0.023027289658784866,-0.4672820568084717,0.3286800682544708,0.40186527371406555,-0.04539782181382179,0.6613039970397949,0.29383334517478943,-0.6952981948852539
0.4551758749999989,0.0034223749999999996,133.0,1.7811623314638814,-1.05630808771796,0.09764996731131445,-0.0031906039441899816,-3.317522995416462e-5,-0.0014569788808548548,0.06861624747909802,-0.05942565202713013,0.13506141304969788,-0.12892162799835205,0.2943606376647949,-0.0284290611743927,-0.4723494052886963,0.3302652835845947,0.3978119492530823,-0.060391560196876526,0.6650316715240479,0.30336296558380127,-0.6954202055931091
0.4551758749999989,0.0034223749999999996,133.0,1.7624847091497648,-1.0376082293047761,0.09766846211644553,-0.003006936692408854,-3.097830273046611e-5,-0.0013731665263520233,0.06861431341440181,-0.06116938591003418,0.136869415640831,-0.13071578741073608,0.2972043454647064,-0.026473063975572586,-0.4691460132598877,0.3354034423828125,0.39651185274124146,-0.06512868404388428,0.6692404747009277,0.30386242270469666,-0.697027325630188
0.4551758749999989,0.0034223749999999996,133.0,1.7429778964164508,-1.018123982368471,0.09764206241429146,-0.0028423346269025687,-3.0417451226659756e-5,-0.0012990734582454607,0.06861394365525166,-0.06227928400039673,0.1373530924320221,-0.13179990649223328,0.2960042953491211,-0.02633512392640114,-0.4596850872039795,0.3411892354488373,0.39692041277885437,-0.06144411116838455,0.6716923713684082,0.3047550320625305,-0.6962806582450867
0.4551758749999989,0.0034223749999999996,133.0,1.7226663420110289,-0.9977802985288359,0.09762375578942444,-0.0026269559835176036,-2.8122141800582272e-5,-0.0012010645196276536,0.06861305481668288,-0.06330683827400208,0.13887526094913483,-0.13312387466430664,0.2988804578781128,-0.02890513837337494,-0.46073317527770996,0.3443039357662201,0.3943111300468445,-0.07644383609294891,0.676887035369873,0.3169179856777191,-0.6966007351875305
0.4551758749999989,0.0034223749999999996,133.0,1.701481065474355,-0.9766991827261802,0.09760237259573036,-0.0024127098277136375,-2.7016302770054145e-5,-0.00110423390395409,0.06861367784359403,-0.06437274813652039,0.13629627227783203,-0.13255158066749573,0.2890682816505432,-0.02390856295824051,-0.4374256134033203,0.3502543568611145,0.40066277980804443,-0.05287903919816017,0.6803207397460938,0.32084518671035767,-0.6931661367416382
0.4551758749999989,0.0034223749999999996,133.0,1.679481943624572,-0.9546932302387945,0.09757923203295761,-0.002210258403024719,-2.3672148642131264e-5,-0.0010105091655118752,0.06861233908349859,-0.06552985310554504,0.13643236458301544,-0.1334695816040039,0.2871488630771637,-0.023682020604610443,-0.4296994209289551,0.35462474822998047,0.4012468457221985,-0.049217961728572845,0.6839451789855957,0.32678458094596863,-0.6918750405311584
0.4551758749999989,0.0034223749999999996,133.0,1.6566396380875634,-0.9318503123764657,0.0975587689336605,-0.0020082086422256724,-2.1031594876970365e-5,-0.0009172347471474257,0.06861088569157556,-0.06785804033279419,0.1390400230884552,-0.13588932156562805,0.29141008853912354,-0.022292297333478928,-0.4262378215789795,0.36224421858787537,0.39957064390182495,-0.05444607138633728,0.6886391639709473,0.32526591420173645,-0.6945455074310303
0.4551758749999989,0.0034223749999999996,133.0,1.6329579641799357,-0.9081625511177804,0.09752653227749386,-0.0018463579810403885,-1.8586602949560307e-5,-0.0008421274283027316,0.06860907975899602,-0.07108423113822937,0.143948033452034,-0.13979721069335938,0.30217117071151733,-0.019146669656038284,-0.4301187992095947,0.3699411153793335,0.39395296573638916,-0.07051940262317657,0.6940383911132812,0.31840574741363525,-0.6998007297515869
0.4551758749999989,0.0034223749999999996,133.0,1.6084832560644906,-0.883659828519725,0.09749609399228464,-0.0016478709810230053,-1.6222535404916157e-5,-0.0007518169753051927,0.06860769776242195,-0.07235115766525269,0.14643655717372894,-0.14156979322433472,0.30728989839553833,-0.02358437329530716,-0.4333457946777344,0.3721913695335388,0.3896244764328003,-0.09268952906131744,0.6996424198150635,0.331492155790329,-0.7006572484970093
0.4551758749999989,0.0034223749999999996,133.0,1.583116351411606,-0.8583050545582331,0.09753885874775718,-0.001463692532417059,-1.6034987795837235e-5,-0.0006696050771289946,0.06860534546848708,-0.07340061664581299,0.14647036790847778,-0.14248037338256836,0.3039643466472626,-0.02629619836807251,-0.421511173248291,0.3768848478794098,0.3901008069515228,-0.07725142687559128,0.7017016410827637,0.3286385238170624,-0.6978144645690918
0.4551758749999989,0.0034223749999999996,133.0,1.5569556586059103,-0.8321885869449522,0.09752029193435158,-0.001282191497494972,-1.4130054169292257e-5,-0.0005865807869352663,0.06860506247876957,-0.07504862546920776,0.14511802792549133,-0.14313292503356934,0.29689300060272217,-0.022378407418727875,-0.4030623435974121,0.3861086666584015,0.3953501582145691,-0.06301581114530563,0.7071094512939453,0.33822429180145264,-0.6960524916648865
0.4551758749999989,0.0034223749999999996,133.0,1.5299637043781655,-0.8052174093482833,0.09750134427264999,-0.0011316720076061401,-1.2603817433138093e-5,-0.0005177810825694988,0.06860441798260854,-0.07635873556137085,0.14544089138507843,-0.14482799172401428,0.29445067048072815,-0.022734370082616806,-0.39159131050109863,0.3939318060874939,0.39588990807533264,-0.055934712290763855,0.7101359367370605,0.34133511781692505,-0.6941884756088257
0.4551758749999989,0.0034223749999999996,133.0,1.5021502193309386,-0.7774248767710336,0.09746586795809412,-0.0009975931086399468,-1.1224690908220771e-5,-0.00045650269218247915,0.06860413380959363,-0.07615739107131958,0.14529791474342346,-0.14611560106277466,0.29162245988845825,-0.03077816590666771,-0.3852083683013916,0.397350549697876,0.3937377333641052,-0.04983680695295334,0.7099580764770508,0.34596845507621765,-0.6891820430755615
0.4551758749999989,0.0034223749999999996,133.0,1.4734913885123444,-0.7488173243859398,0.09743990611928623,-0.0008236953966274911,-8.43793029775254e-6,-0.00037592219855972687,0.06860389419795383,-0.07878020405769348,0.14502644538879395,-0.1480991244316101,0.2871564030647278,-0.022866304963827133,-0.3671751022338867,0.41041094064712524,0.3980350196361542,-0.032995861023664474,0.715578556060791,0.3493606746196747,-0.6890849471092224
0.4551758749999989,0.0034223749999999996,133.0,1.4439956585133848,-0.7193835022005435,0.09741419753337571,-0.0006914999904258622,-7.099182041679268e-6,-0.000315383188852623,0.0686041104822493,-0.08096122741699219,0.1439148634672165,-0.1494261920452118,0.27988654375076294,-0.016375266015529633,-0.34694790840148926,0.42405715584754944,0.4044223427772522,-0.013661975041031837,0.7211160659790039,0.3577015995979309,-0.6882731914520264
0.4551758749999989,0.0034223749999999996,133.0,1.4136724744533913,-0.689092342673192,0.09737741762426416,-0.0005190436013007141,-5.5608305139807085e-6,-0.00023684882426638687,0.06860342048331478,-0.08304864168167114,0.1445026397705078,-0.1511693000793457,0.27777042984962463,-0.01385036576539278,-0.3345372676849365,0.434255987405777,0.40600231289863586,-0.0083176763728261,0.7269625663757324,0.3643813133239746,-0.687809944152832
0.4551758749999989,0.0034223749999999996,133.0,1.3825457479752463,-0.6579321850531796,0.09735427022784496,-0.00032611740630752545,-3.2339296376933497e-6,-0.00014860617776606586,0.06860172389472356,-0.08467170596122742,0.14765594899654388,-0.1536165177822113,0.28467389941215515,-0.01688067615032196,-0.33652472496032715,0.4357922673225403,0.3980196416378021,-0.02973160706460476,0.7331507205963135,0.3698837161064148,-0.6867854595184326
0.4551758749999989,0.0034223749999999996,133.0,1.350573696940639,-0.6259459366846016,0.09732159244450102,-0.00015242144996506211,-1.5676070263071326e-6,-6.955488710167153e-5,0.0685998622271001,-0.08667126297950745,0.15002168715000153,-0.15581661462783813,0.2885149419307709,-0.016325615346431732,-0.3316781520843506,0.4403976798057556,0.393189013004303,-0.03947044536471367,0.7394835948944092,0.37247681617736816,-0.6858561635017395
0.4551758749999989,0.0034223749999999996,133.0,1.317743260109319,-0.593192154752375,0.09725839212830657,1.6899240065964766e-5,2.0275851810816658e-7,7.74259659139263e-6,0.06859888597016613,-0.08849534392356873,0.14793118834495544,-0.15634363889694214,0.27889370918273926,-0.010394839569926262,-0.31119489669799805,0.45203912258148193,0.399982213973999,-0.01872270181775093,0.7467854022979736,0.3869137167930603,-0.6830854415893555
0.4551758749999989,0.0034223749999999996,133.0,1.284092401549136,-0.5595653718170867,0.09723075676008236,0.00018670553044926173,2.262278890559699e-6,8.55495722001904e-5,0.0685976407837976,-0.09063693881034851,0.14889301359653473,-0.15827375650405884,0.27786242961883545,-0.009062604047358036,-0.2989685535430908,0.4619252383708954,0.39998239278793335,-0.010351191274821758,0.7524857521057129,0.3876497745513916,-0.6821060180664062
0.4551758749999989,0.0034223749999999996,133.0,1.2496124564003825,-0.5250678305132089,0.09719389046144035,0.00037074566314992724,4.288431448596148e-6,0.00016964965251520012,0.06859516516588145,-0.09375995397567749,0.15277110040187836,-0.1619032621383667,0.2859359085559845,-0.006519174203276634,-0.29590702056884766,0.4695184528827667,0.3930596709251404,-0.01840122789144516,0.7586915493011475,0.379668653011322,-0.6833389401435852
0.4551758749999989,0.0034223749999999996,133.0,1.2142922142190575,-0.48977919226378525,0.09716209319854076,0.0005155389705263672,5.9941988307420715e-6,0.00023588068045161416,0.06859375357687279,-0.09645819664001465,0.15379105508327484,-0.164101243019104,0.28510352969169617,-0.0025299121625721455,-0.28325319290161133,0.4818662106990814,0.39410707354545593,-0.015086028724908829,0.7661917209625244,0.3859204351902008,-0.6836493015289307
0.4551758749999989,0.0034223749999999996,133.0,1.178143103309891,-0.45366100171788676,0.09712930322100145,0.0006788616760451232,7.961607002364351e-6,0.0003106003618867664,0.06859240264475726,-0.09895214438438416,0.15470200777053833,-0.16631510853767395,0.2840665876865387,0.0004762341268360615,-0.2704792022705078,0.49428629875183105,0.3947083652019501,-0.009253380820155144,0.7729518413543701,0.390071302652359,-0.6832910180091858
0.4551758749999989,0.0034223749999999996,133.0,1.141165646803818,-0.4167088151184206,0.09710785719855797,0.000852837908541096,1.0150859143349595e-5,0.00039024637405283945,0.06859111295262227,-0.10107272863388062,0.15541212260723114,-0.1685355007648468,0.2825237512588501,0.001960212364792824,-0.2577323913574219,0.5066350698471069,0.39477741718292236,0.000685111852362752,0.7783794403076172,0.39125195145606995,-0.6818673014640808
0.4551758749999989,0.0034223749999999996,133.0,1.1033644123305237,-0.3789352903165057,0.09707457050671718,0.0010503564904298481,1.310655828991864e-5,0.00048105901870014103,0.06859027448079391,-0.10276299715042114,0.1557605117559433,-0.17083725333213806,0.2803240716457367,0.0012839306145906448,-0.2453751564025879,0.5196892023086548,0.3946988582611084,0.014099945314228535,0.7822275161743164,0.3915877938270569,-0.6796171069145203
0.4551758749999989,0.0034223749999999996,133.0,1.0647275119970518,-0.3403177160961559,0.09707461834224235,0.0012379690309771336,1.5817641315818685e-5,0.0005671697345750964,0.06858919414983364,-0.10430833697319031,0.15591083467006683,-0.1731766164302826,0.2776782214641571,-7.269391790032387e-5,-0.23294782638549805,0.5338148474693298,0.39489710330963135,0.0290840957313776,0.7854602336883545,0.39211711287498474,-0.6771916151046753
0.4551758749999989,0.0034223749999999996,133.0,1.0252327067719882,-0.3009441155863034,0.09703518881421458,0.001359711963185853,1.8078975291068218e-5,0.0006231372198428367,0.06858956045792461,-0.1072232723236084,0.15269027650356293,-0.17502859234809875,0.2645566463470459,0.01094279158860445,-0.20804500579833984,0.5624876022338867,0.40806180238723755,0.07286471128463745,0.7927772998809814,0.40898755192756653,-0.6773186326026917
0.4551758749999989,0.0034223749999999996,133.0,0.9849376663076687,-0.26067179796536816,0.09700422097240308,0.0015154556384739317,2.0597403606817373e-5,0.0006947268932462053,0.06858853436658811,-0.10932698845863342,0.15305617451667786,-0.17729902267456055,0.26302698254585266,0.012739034369587898,-0.19648528099060059,0.578640341758728,0.40870872139930725,0.08457911759614944,0.7978048324584961,0.4120463728904724,-0.676493227481842
0.4551758749999989,0.0034223749999999996,133.0,0.9437889070191822,-0.21948368105513336,0.09693292819088989,0.0016668999079915523,2.3356709639981223e-5,0.0007645545635115288,0.06858463046514661,-0.1114475429058075,0.1592576801776886,-0.18145060539245605,0.2806124687194824,0.007491756230592728,-0.20317769050598145,0.5768089294433594,0.3895609974861145,0.07556458562612534,0.7986440658569336,0.37204423546791077,-0.674903392791748
0.4551758749999989,0.0034223749999999996,133.0,0.902447421926619,-0.17601303039007363,0.0992837093001261,0.0018104271047558128,1.3451688448472559e-5,0.0008337771690475036,0.0684986405385018,-0.11003544926643372,0.1578751653432846,-0.180686354637146,0.2708601653575897,-0.011252162978053093,-0.18821501731872559,0.5769866704940796,0.3912629783153534,0.09526734054088593,0.8023281097412109,0.37360215187072754,-0.6667114496231079
0.4551758749999989,0.0034223749999999996,133.0,0.8596374777608105,-0.13321451955223698,0.09924030615968178,0.001908240610057511,1.870151075834962e-5,0.0008813872324017386,0.06849761794243961,-0.11404949426651001,0.1613587737083435,-0.18456140160560608,0.27775120735168457,-0.0036943075247108936,-0.1765453815460205,0.591852605342865,0.38543570041656494,0.11018281430006027,0.8107848167419434,0.3475903570652008,-0.6678276062011719
0.4551758749999989,0.0034223749999999996,133.0,0.8159344695924431,-0.08961139226631515,0.09919736250546493,0.0018839981060758304,1.919144297579364e-5,0.0008711903913765882,0.06849417597401793,-0.1190626323223114,0.1614769995212555,-0.18482428789138794,0.2705022096633911,0.005182253662496805,-0.15467238426208496,0.6071415543556213,0.39449816942214966,0.11209531873464584,0.835991621017456,0.3680777847766876,-0.6697819828987122
0.4551758749999989,0.0034223749999999996,133.0,0.7708552222056353,-0.046374911436979215,0.09680158877001997,0.001762795869901708,2.1367192960213045e-5,0.0008107652894380665,0.06856425298356453,-0.1302485466003418,0.18638157844543457,-0.1895175278186798,0.3327023684978485,0.03319884464144707,-0.17925620079040527,0.48066362738609314,0.38501429557800293,-0.2061271220445633,0.9472668170928955,0.3219952881336212,-0.7225985527038574
0.4551758749999989,0.0034223749999999996,133.0,0.7253745283393689,-0.0006720257382895799,0.09677733437387377,0.0001039628992274049,3.0721354440779406e-7,4.7567859673743786e-5,0.06854466752222789,-0.14663183689117432,0.21510225534439087,-0.18801207840442657,0.3570984899997711,0.05334799364209175,-0.14020109176635742,0.23564405739307404,0.477956622838974,-0.7750643491744995,1.1909661293029785,0.3357958495616913,-0.8393248915672302
0.4551758749999989,0.0034223749999999996,133.0,0.7700327461422201,0.04464913932904558,0.09961238719326176,-0.0017130138602332477,-3.993030955633958e-5,-0.0008095022322972857,0.06833073340437432,-0.19206905364990234,0.1117234006524086,-0.18169769644737244,0.5310130715370178,-0.2174082249403,0.0758659839630127,0.8239462375640869,-0.04450833797454834,-0.6464661955833435,1.40214204788208,0.17022919654846191,-0.4854423999786377
0.4551758749999989,0.0034223749999999996,133.0,0.8135219157871514,0.08963462737819622,0.10007530554317604,-0.0019064839383142918,-2.3175105832470237e-5,-0.0009062204849877274,0.0682609329507449,-0.24808397889137268,0.142826646566391,-0.13421669602394104,0.7618767023086548,-0.42232024669647217,0.3308100700378418,0.4802709221839905,0.08249178528785706,-1.4691027402877808,1.7702393531799316,0.4496743083000183,-0.8420484066009521
0.4551758749999989,0.0034223749999999996,133.0,0.8566822130938434,0.1336415641651569,0.10065045184873338,-0.0018972229645347993,-1.3693574389418255e-5,-0.0008967091534103166,0.06822300762422762,-0.27474698424339294,0.16539908945560455,-0.10348460078239441,0.9044328331947327,-0.561534583568573,0.42500948905944824,0.34203505516052246,0.15528365969657898,-1.7304837703704834,1.836057186126709,0.5466878414154053,-1.05794095993042
0.4551758749999989,0.0034223749999999996,133.0,0.8992749587828869,0.17666028500145114,0.10089494248147976,-0.001789695004482504,-1.0688148063056682e-5,-0.0008427023726801707,0.0682104688710004,-0.2805425226688385,0.1797524094581604,-0.08894240856170654,0.9868859648704529,-0.6016849279403687,0.4457278251647949,0.3041377365589142,0.1636359691619873,-1.816433310508728,1.8138794898986816,0.5631608366966248,-1.1493475437164307
0.4551758749999989,0.0034223749999999996,133.0,0.9411645816723508,0.21871340624797272,0.10096816112735414,-0.0016373903982723967,-9.410956377359282e-6,-0.0007697764058197706,0.06820687620627568,-0.28354743123054504,0.1858338862657547,-0.08503487706184387,1.0071452856063843,-0.6251732707023621,0.45739030838012695,0.29411953687667847,0.17378848791122437,-1.848529577255249,1.8038578033447266,0.5817099213600159,-1.180038332939148
0.4551758749999989,0.0034223749999999996,133.0,0.9822343359503332,0.25987983653021235,0.1009322949889667,-0.0014518077303864762,-8.61530507175365e-6,-0.0006825612455098125,0.06820840606179725,-0.28592172265052795,0.18896417319774628,-0.08547437191009521,1.0004327297210693,-0.6416597366333008,0.47212862968444824,0.3049229383468628,0.18799886107444763,-1.8601784706115723,1.8022184371948242,0.5904548168182373,-1.1876716613769531
0.4551758749999989,0.0034223749999999996,133.0,1.02254372921408,0.30020085448952993,0.10097715196219381,-0.0013666045166312196,-8.583878010075253e-6,-0.0006416341571991813,0.06820564009648777,-0.28469952940940857,0.19181577861309052,-0.08448657393455505,1.0126831531524658,-0.6334484815597534,0.4811030626296997,0.32533901929855347,0.18492835760116577,-1.8654471635818481,1.7803606986999512,0.6017920970916748,-1.197084903717041
0.4551758749999989,0.0034223749999999996,133.0,1.0620305518221411,0.3396869180018647,0.10100402797970467,-0.0011688640212265623,-7.311776543956867e-6,-0.0005477863380763233,0.06820260897290657,-0.2821975648403168,0.1954513043165207,-0.07972604036331177,1.0473628044128418,-0.6251095533370972,0.48113012313842773,0.3217839300632477,0.1732688546180725,-1.8699262142181396,1.7473640441894531,0.6229377388954163,-1.22036874294281
0.4551758749999989,0.0034223749999999996,133.0,1.1006401111441586,0.3783564499150704,0.1010409862775869,-0.001017058176597454,-6.475880932499422e-6,-0.00047599700157659403,0.06820063463306247,-0.2820461690425873,0.19866999983787537,-0.07776406407356262,1.0611181259155273,-0.6307885050773621,0.490419864654541,0.32926154136657715,0.17455363273620605,-1.8824564218521118,1.726973533630371,0.6415196657180786,-1.2356396913528442
0.4551758749999989,0.0034223749999999996,133.0,1.138418031663652,0.416193859162785,0.10107634744010041,-0.0008269008160571208,-5.337664519322107e-6,-0.0003864909031550172,0.06819873024499536,-0.2819232642650604,0.2018270492553711,-0.0758945643901825,1.0742932558059692,-0.6355676651000977,0.4991194009780884,0.33610114455223083,0.17551031708717346,-1.8945871591567993,1.7072324752807617,0.6588467955589294,-1.2499926090240479
0.4551758749999989,0.0034223749999999996,133.0,1.1753649351404518,0.45319593826595406,0.1011058797061845,-0.000658078290455846,-4.327263735074893e-6,-0.00030720798506228715,0.0681969967244476,-0.2817693054676056,0.2047303169965744,-0.07431897521018982,1.0858895778656006,-0.6384752988815308,0.507118821144104,0.34356313943862915,0.1759549379348755,-1.9043673276901245,1.6887946128845215,0.6745612621307373,-1.2622401714324951
0.4551758749999989,0.0034223749999999996,133.0,1.2114788863266828,0.48936754492725376,0.10113852087342289,-0.0004970671719480487,-3.327480103396903e-6,-0.00023175282151265074,0.06819521134541354,-0.28161099553108215,0.2075265645980835,-0.07275491952896118,1.0972479581832886,-0.6410713791847229,0.5148338079452515,0.35085684061050415,0.17617270350456238,-1.913724660873413,1.6705093383789062,0.6901625990867615,-1.2740167379379272
0.4551758749999989,0.0034223749999999996,133.0,1.2467584391411608,0.5247066946353574,0.10115963857485274,-0.00034166296633442053,-2.345650471948067e-6,-0.00015908758921077056,0.06819341816542865,-0.28151676058769226,0.21017974615097046,-0.07160967588424683,1.1069667339324951,-0.6415665745735168,0.5230306386947632,0.3605456054210663,0.17590203881263733,-1.9229536056518555,1.6536269187927246,0.7048084139823914,-1.2836596965789795
0.4551758749999989,0.0034223749999999996,133.0,1.2811901092695275,0.5592279473409745,0.10122895673852707,-0.00019167340136848593,-1.3459313947273525e-6,-8.908679176753423e-5,0.0681897912883336,-0.2818007171154022,0.21297025680541992,-0.07086426019668579,1.1155939102172852,-0.6407403349876404,0.5339610576629639,0.3744877278804779,0.17537802457809448,-1.9366450309753418,1.638319492340088,0.7190839648246765,-1.291968822479248
0.4551758749999989,0.0034223749999999996,133.0,1.3146840895421499,0.5929260953975333,0.10131891781819534,-5.71884696225744e-5,-4.222731954832225e-7,-2.6519252698584034e-5,0.06818328910035168,-0.28545084595680237,0.21615718305110931,-0.07296699285507202,1.1048469543457031,-0.6499997973442078,0.5629899501800537,0.4027128219604492,0.18718203902244568,-1.964759349822998,1.6407971382141113,0.7233014106750488,-1.2932000160217285
0.4551758749999989,0.0034223749999999996,133.0,1.3473205312882253,0.6258151467603023,0.10147555794807815,0.00012352227144291859,9.299860805174301e-7,5.70707914192955e-5,0.06817421950449135,-0.28928378224372864,0.22003163397312164,-0.07332310080528259,1.105080246925354,-0.6606612205505371,0.5899735689163208,0.419401079416275,0.19559246301651,-1.9969948530197144,1.6390385627746582,0.7303529381752014,-1.3020415306091309
0.4551758749999989,0.0034223749999999996,133.0,1.3793705525968722,0.6559381040967872,0.09881091888096477,0.000291090303132045,3.7952102888878503e-6,0.000133750869363333,0.06832310525210113,-0.2858605682849884,0.22214795649051666,-0.06960189342498779,1.1212831735610962,-0.6733126044273376,0.5871562957763672,0.4214322566986084,0.19115489721298218,-2.0071702003479004,1.5991952419281006,0.772914469242096,-1.3141074180603027
0.4551758749999989,0.0034223749999999996,133.0,1.410399195339592,0.687142570289899,0.09888059667803269,0.00046043240757880245,6.0315825814732435e-6,0.00021111934336856653,0.06832010972288872,-0.28905102610588074,0.22563792765140533,-0.06908679008483887,1.1223137378692627,-0.6902464628219604,0.6127896308898926,0.43507781624794006,0.20027944445610046,-2.035778760910034,1.5919198989868164,0.7845615148544312,-1.3244564533233643
0.4551758749999989,0.0034223749999999996,133.0,1.4406757661792216,0.7174902282386822,0.09900559141515863,0.0006610008596822749,8.643800351820087e-6,0.00030242826870869943,0.06831522994772946,-0.28761741518974304,0.2284475415945053,-0.06542319059371948,1.1483871936798096,-0.6851729154586792,0.6181894540786743,0.4434095323085785,0.18909752368927002,-2.0495712757110596,1.5629448890686035,0.8041025996208191,-1.3395746946334839
0.4551758749999989,0.0034223749999999996,133.0,1.4701487575766126,0.746994963759723,0.09907946751901801,0.0008041074361877625,1.0501937950139723e-5,0.00036740310695183116,0.06831347992385384,-0.2859664261341095,0.23052163422107697,-0.0627167820930481,1.1668426990509033,-0.6814018487930298,0.6224102973937988,0.45347678661346436,0.18066063523292542,-2.05680251121521,1.5357892513275146,0.8223479390144348,-1.3497905731201172
0.4551758749999989,0.0034223749999999996,133.0,1.4987949502290696,0.7756779856867363,0.0991958774622969,0.0009869761322898105,1.2796545373841732e-5,0.000450298084832387,0.06830990803213137,-0.28552791476249695,0.232275128364563,-0.06102705001831055,1.1763081550598145,-0.6837543249130249,0.6251927614212036,0.45306819677352905,0.18006116151809692,-2.05818772315979,1.519129991531372,0.8345049619674683,-1.3587801456451416
0.4551758749999989,0.0034223749999999996,133.0,1.5265875440031518,0.8035071860298993,0.09916454927312876,0.0011277237506938879,1.4795166959382442e-5,0.0005143927088708,0.068310663808196,-0.2869413197040558,0.2339467704296112,-0.061070263385772705,1.1715940237045288,-0.6969234943389893,0.6387799978256226,0.4594825506210327,0.1888807713985443,-2.064920425415039,1.5119044780731201,0.845004677772522,-1.3629932403564453
0.4551758749999989,0.0034223749999999996,133.0,1.5535599352350307,0.8305046572032123,0.09918899700027255,0.0012848083157142882,1.692469569341589e-5,0.0005855049623522529,0.06830959872882211,-0.28715088963508606,0.2367122769355774,-0.05746805667877197,1.1903338432312012,-0.706947922706604,0.6469638347625732,0.4615412950515747,0.18483972549438477,-2.084894895553589,1.4876506328582764,0.8707176446914673,-1.3779093027114868
0.4551758749999989,0.0034223749999999996,133.0,1.5797390801100677,0.8566476641749228,0.09921710654196436,0.0014729239339213791,1.9679810897694843e-5,0.0006709611392100106,0.06830977073674539,-0.28536930680274963,0.23734357953071594,-0.05843621492385864,1.1911097764968872,-0.6944140791893005,0.6563044786453247,0.4872426390647888,0.17851915955543518,-2.08373761177063,1.470512866973877,0.8755598068237305,-1.3724822998046875
0.4551758749999989,0.0034223749999999996,133.0,1.6050696040611867,0.8819821489891176,0.09921316169205972,0.0016639274172764217,2.2404472029375298e-5,0.0007576311670332175,0.06830930274237917,-0.2850181758403778,0.2390245944261551,-0.05595600605010986,1.2050904035568237,-0.6943784356117249,0.6536186933517456,0.480146586894989,0.17485854029655457,-2.0848608016967773,1.4563255310058594,0.8874359130859375,-1.382901906967163
0.4551758749999989,0.0034223749999999996,133.0,1.6294836189927258,0.9065098177625279,0.09928831242397348,0.001876601924070314,2.4839041635327585e-5,0.0008531808645086511,0.06830804181829642,-0.2864050567150116,0.241068497300148,-0.05521976947784424,1.2083630561828613,-0.7022208571434021,0.6652486324310303,0.4835304617881775,0.17809653282165527,-2.0968260765075684,1.4469478130340576,0.8975480198860168,-1.3895362615585327
0.4551758749999989,0.0034223749999999996,133.0,1.6531170826466157,0.9301853139007766,0.0992893398168191,0.0020338522386958093,2.7019234583715063e-5,0.0009242715094806756,0.06830784105056949,-0.28789499402046204,0.24261032044887543,-0.05544745922088623,1.2054009437561035,-0.7087531685829163,0.6767603158950806,0.4882260262966156,0.18389421701431274,-2.1030447483062744,1.442634105682373,0.9027942419052124,-1.392458438873291
0.4551758749999989,0.0034223749999999996,133.0,1.6758640467803188,0.9530339738620252,0.09934584621933769,0.0022343170987030826,2.9122285928835665e-5,0.0010143332997311534,0.06830639014316862,-0.28952446579933167,0.2441527098417282,-0.05613589286804199,1.200016736984253,-0.7147772312164307,0.6907151937484741,0.49578002095222473,0.1904868185520172,-2.1100265979766846,1.439704418182373,0.9050310850143433,-1.3937430381774902
0.4551758749999989,0.0034223749999999996,133.0,1.6978519203460567,0.975033814978596,0.0993020632505446,0.0024369073427859024,3.2511953049776706e-5,0.0011067352728022948,0.06830524588236028,-0.29142650961875916,0.24598465859889984,-0.05633220076560974,1.1948779821395874,-0.7265132069587708,0.707916259765625,0.5037752389907837,0.1980617642402649,-2.123422145843506,1.4350907802581787,0.9112525582313538,-1.3962817192077637
0.4551758749999989,0.0034223749999999996,133.0,1.7190249450726045,0.9962070063645214,0.0993466667668849,0.002651029514631546,3.549161241910364e-5,0.001203472041799181,0.06830327651060165,-0.2912428677082062,0.24731464684009552,-0.05508828163146973,1.202750325202942,-0.7259673476219177,0.7110214233398438,0.5052444934844971,0.19556042551994324,-2.127274751663208,1.4224388599395752,0.9193533062934875,-1.4017531871795654
0.4551758749999989,0.0034223749999999996,133.0,1.7393326792656725,1.016515532138635,0.09930155541881841,0.002867129354940848,3.73798063915184e-5,0.0012993118620393382,0.06830368824156227,-0.2894158661365509,0.24930375814437866,-0.048714667558670044,1.2373625040054321,-0.7266068458557129,0.693332314491272,0.4831000566482544,0.18220669031143188,-2.131289005279541,1.3963370323181152,0.9419184923171997,-1.4231340885162354
0.4551758749999989,0.0034223749999999996,133.0,1.758808160851972,1.0360982988123075,0.0994728223059542,0.0030347047672161934,3.977900147518151e-5,0.0013746497805936454,0.0683006561245125,-0.2895871698856354,0.25086989998817444,-0.04719012975692749,1.24641752243042,-0.7276055216789246,0.6987655162811279,0.48654139041900635,0.17939892411231995,-2.139923334121704,1.3827111721038818,0.951524019241333,-1.4294884204864502
0.4551758749999989,0.0034223749999999996,133.0,1.7774716829055968,1.0547813181771972,0.0995757131546728,0.0032248177497890933,4.163573016453662e-5,0.0014590089446466646,0.06829841698226727,-0.2885374128818512,0.2529800534248352,-0.042515963315963745,1.2723504304885864,-0.7287995219230652,0.6956710815429688,0.4831036627292633,0.1674104630947113,-2.154404640197754,1.3559143543243408,0.9719151854515076,-1.4435864686965942
0.4551758749999989,0.0034223749999999996,133.0,1.7952320564324078,1.072644459241106,0.09950012374345507,0.0033895187508957776,4.348418752764494e-5,0.0015339070736784097,0.06830142870917844,-0.2936129868030548,0.25452208518981934,-0.045318543910980225,1.2462270259857178,-0.7564408779144287,0.7217545509338379,0.48060697317123413,0.1937272548675537,-2.1647491455078125,1.3722758293151855,0.9662136435508728,-1.4438135623931885
0.4551758749999989,0.0034223749999999996,133.0,1.812257444212138,1.0896451493046257,0.09955087162590322,0.0035825798771600185,4.587887114432813e-5,0.001620383483134303,0.06829979211372038,-0.2915712893009186,0.2549782991409302,-0.044064849615097046,1.2574536800384521,-0.7459102869033813,0.7184005975723267,0.48709726333618164,0.18396610021591187,-2.162188768386841,1.3549339771270752,0.9729875922203064,-1.4453526735305786
0.4551758749999989,0.0034223749999999996,133.0,1.8284050483287466,1.105835339379959,0.09962173245976413,0.00375257614232241,4.726250924603077e-5,0.0016965395348616443,0.06829846288781817,-0.2921244204044342,0.2559337019920349,-0.04233211278915405,1.263524055480957,-0.7541658878326416,0.7167916297912598,0.47555652260780334,0.1864165961742401,-2.163389205932617,1.348071813583374,0.9800747632980347,-1.4539203643798828
0.4551758749999989,0.0034223749999999996,133.0,1.843729613837882,1.1210984641858617,0.09943102354250395,0.003921284661792377,4.917036903346698e-5,0.0017724344722099357,0.06830130501198614,-0.29351523518562317,0.2563846707344055,-0.04421994090080261,1.249076247215271,-0.7647977471351624,0.7317421436309814,0.4833259582519531,0.19746863842010498,-2.166274070739746,1.3497421741485596,0.9814571142196655,-1.4505670070648193
0.4551758749999989,0.0034223749999999996,133.0,1.8582457663748533,1.135611143394533,0.09945051330615873,0.004053427684293693,5.078597398863486e-5,0.001832138118522581,0.0683002377123976,-0.2928594648838043,0.2571784257888794,-0.040502578020095825,1.264106273651123,-0.7784841060638428,0.7237097024917603,0.4677344560623169,0.19589218497276306,-2.16977858543396,1.3319566249847412,1.0032020807266235,-1.4641059637069702
0.4551758749999989,0.0034223749999999996,133.0,1.8719156626335658,1.1492972835368331,0.09942564923655535,0.004171667537459082,5.12614438392039e-5,0.0018861450919082149,0.06830288393356994,-0.29362186789512634,0.2572603225708008,-0.03885111212730408,1.2631497383117676,-0.8019263744354248,0.7198518514633179,0.447632759809494,0.20703306794166565,-2.1687095165252686,1.3280081748962402,1.0217576026916504,-1.4743170738220215
0.4551758749999989,0.0034223749999999996,133.0,1.8848339210787297,1.1621323824204373,0.09942310253031471,0.004297298143327825,5.268715453104442e-5,0.0019440801932826283,0.06830497671790875,-0.28989794850349426,0.25740423798561096,-0.03348550200462341,1.2919996976852417,-0.8013755083084106,0.6950696706771851,0.42874160408973694,0.1926879584789276,-2.166696071624756,1.3003759384155273,1.050215244293213,-1.488875150680542
0.4551758749999989,0.0034223749999999996,133.0,1.8969094955088157,1.174120993293772,0.09941209383187363,0.004431130185436297,5.516089538383968e-5,0.0020050884287688255,0.06830581213415035,-0.2868323028087616,0.25709977746009827,-0.03290766477584839,1.2997117042541504,-0.7906121015548706,0.6920559406280518,0.4427325427532196,0.18199440836906433,-2.1654586791992188,1.2814946174621582,1.063422441482544,-1.4859628677368164
0.4551758749999989,0.0034223749999999996,133.0,1.908186190821484,1.1852411810696963,0.09936366836927005,0.004567594246236819,5.760777425523616e-5,0.00206635010563616,0.06830672721026645,-0.28175053000450134,0.2566860318183899,-0.029723554849624634,1.3228760957717896,-0.7709510922431946,0.6718159914016724,0.44704127311706543,0.1605955958366394,-2.1576027870178223,1.253598690032959,1.0794471502304077,-1.48777174949646
0.4551758749999989,0.0034223749999999996,133.0,1.918651773973636,1.1955476820323119,0.0993473947032235,0.004698954053632848,5.987901473827914e-5,0.0021252761989098657,0.06830855242689612,-0.27612820267677307,0.25605663657188416,-0.026215344667434692,1.3490837812423706,-0.7461755275726318,0.6462461948394775,0.4491720497608185,0.13583660125732422,-2.1462059020996094,1.2238490581512451,1.0934900045394897,-1.4892460107803345
0.4551758749999989,0.0034223749999999996,133.0,1.9282445952748537,1.205097530814806,0.09945494722076052,0.004849368880939568,6.273870660859695e-5,0.0021940405064981455,0.06830880300259844,-0.2723376452922821,0.25534290075302124,-0.02514764666557312,1.3604069948196411,-0.7284614443778992,0.6335785388946533,0.4568246603012085,0.1216927170753479,-2.137498378753662,1.2067081928253174,1.1007179021835327,-1.4864435195922852
0.4551758749999989,0.0034223749999999996,133.0,1.9368229752832302,1.2158236007537813,0.10246623004150684,0.005072828699417167,3.80317743080595e-5,0.002287476262766454,0.06814450568848074,-0.2737639844417572,0.25646618008613586,-0.024996161460876465,1.3798412084579468,-0.7001631259918213,0.6396651268005371,0.4722248315811157,0.10617479681968689,-2.15053653717041,1.2106924057006836,1.0794413089752197,-1.4903243780136108
0.4551758749999989,0.0034223749999999996,133.0,1.9448197993905,1.223658497324724,0.10251183698193277,0.005304472539215391,4.000397209739536e-5,0.0023916887269538594,0.0681470811185461,-0.2676336467266083,0.25576645135879517,-0.020278185606002808,1.4117683172225952,-0.6703100800514221,0.6008356809616089,0.4653530418872833,0.07680729031562805,-2.1310341358184814,1.1816673278808594,1.0838016271591187,-1.492811679840088
0.4551758749999989,0.0034223749999999996,133.0,1.9519114152895176,1.2306560759249654,0.10253121332745545,0.005661716198619684,4.286744882522736e-5,0.002553145752673246,0.06814787444188676,-0.2646545469760895,0.25507986545562744,-0.020603209733963013,1.4149551391601562,-0.6596449017524719,0.5958341360092163,0.4745672345161438,0.06905314326286316,-2.127110242843628,1.168747901916504,1.0890305042266846,-1.4882824420928955
0.4551758749999989,0.0034223749999999996,133.0,1.9582108712794837,1.2368457396952701,0.10257202794382268,0.00625921536405503,4.686863191900056e-5,0.002822015699986846,0.06815016311355247,-0.2603096663951874,0.25465285778045654,-0.017883002758026123,1.4345488548278809,-0.6404451727867126,0.5686097145080566,0.4670383036136627,0.0507599413394928,-2.114382743835449,1.1494319438934326,1.0893044471740723,-1.4895169734954834
0.4551758749999989,0.0034223749999999996,133.0,1.9636775975313674,1.2422059298070316,0.10255022126803841,0.007616810641227548,5.651959557695291e-5,0.003434748782419684,0.06815397257434717,-0.2569766342639923,0.2545517683029175,-0.019020885229110718,1.4379116296768188,-0.6308907866477966,0.5694626569747925,0.47993403673171997,0.04268541932106018,-2.1209487915039062,1.1331615447998047,1.0898780822753906,-1.4848765134811401
0.4551758749999989,0.0034223749999999996,133.0,1.968327226164406,1.2468531829829703,0.10261022772147427,0.014131224481735283,8.423571770859597e-5,0.006350770468099766,0.06815524533167405,-0.2527899444103241,0.2591652572154999,-0.017599791288375854,1.4639979600906372,-0.6472748517990112,0.578233003616333,0.4658578336238861,0.03679841756820679,-2.187230348587036,1.084296464920044,1.0961395502090454,-1.5052484273910522
0.4551758749999989,0.0034223749999999996,133.0,1.9414297096843949,-1.2450065384841318,0.08644402216716539,-0.013946206157950987,-8.48450055911966e-5,-0.0064284196696510094,0.06855917705902577,-0.04864194989204407,0.13842430710792542,-0.11960625648498535,0.3246520757675171,-0.0029529347084462643,-0.6878690719604492,0.28310626745224,0.4201592803001404,-0.22568273544311523,0.6552705764770508,0.5092177391052246,-0.7480828762054443
0.4551758749999989,0.0034223749999999996,133.0,1.9368982527494867,-1.240444490067941,0.08650441171278114,-0.007525083485635298,-3.079928845579606e-5,-0.003463228483945853,0.06855203969009924,-0.04987594485282898,0.14165985584259033,-0.11598098278045654,0.3369065821170807,-0.04484427347779274,-0.6697607040405273,0.27543210983276367,0.4036683142185211,-0.2931859791278839,0.6757888793945312,0.4963085353374481,-0.7437528371810913
0.4551758749999989,0.0034223749999999996,133.0,1.9315164294549654,-1.2351020297498896,0.08649036765138117,-0.006180997624610231,-2.132172379114689e-5,-0.002842088598222513,0.06855000104610576,-0.05213549733161926,0.1440296322107315,-0.11670660972595215,0.3420606255531311,-0.04369346424937248,-0.6537790298461914,0.27568405866622925,0.40050050616264343,-0.3029983341693878,0.6820404529571533,0.46819451451301575,-0.7457693815231323
0.4551758749999989,0.0034223749999999996,133.0,1.9253252077152645,-1.2289309680831644,0.08647757088344972,-0.005589979273932919,-1.5646342791551762e-5,-0.0025674447657726604,0.06854915351423291,-0.05270153284072876,0.14255055785179138,-0.11664143204689026,0.3370358645915985,-0.04263347014784813,-0.6382637023925781,0.27736279368400574,0.4003191590309143,-0.2906302213668823,0.684481143951416,0.45711901783943176,-0.7405710220336914
0.4551758749999989,0.0034223749999999996,133.0,1.9182678270590126,-1.2219429537320956,0.08646995340755638,-0.0052457979616942416,-1.4409355685958412e-5,-0.002408721731763171,0.0685485414122306,-0.05518600344657898,0.14292337000370026,-0.11746302247047424,0.33541473746299744,-0.03174366056919098,-0.6159389019012451,0.28068748116493225,0.40250635147094727,-0.27755922079086304,0.6894016265869141,0.43005844950675964,-0.7412018179893494
0.4551758749999989,0.0034223749999999996,133.0,1.9095152349050435,-1.2156433161561966,0.0838700391717633,-0.005003175576530625,-6.215994753398587e-5,-0.002296593753073816,0.06862671850374938,-0.05516663193702698,0.1408447027206421,-0.11754751205444336,0.3378859758377075,-0.0013603023253381252,-0.6120045185089111,0.2851780652999878,0.4155212640762329,-0.32866814732551575,0.6983201503753662,0.4602148234844208,-0.7570348381996155
0.4551758749999989,0.0034223749999999996,133.0,1.9008127812738858,-1.2070338090922461,0.08379100346084739,-0.004804600236286016,-5.982685903734686e-5,-0.002205477230235628,0.06862743371486763,-0.05664065480232239,0.13713523745536804,-0.11664411425590515,0.3244818150997162,0.00797123834490776,-0.581984281539917,0.29029345512390137,0.42198649048805237,-0.2927849292755127,0.703300952911377,0.44563761353492737,-0.7501259446144104
0.4551758749999989,0.0034223749999999996,133.0,1.8912907854143595,-1.197563683363106,0.08371595360171477,-0.0046554731109657325,-5.638325485828801e-5,-0.0021350708367940912,0.06862785721462292,-0.05768588185310364,0.13564926385879517,-0.11752420663833618,0.3210301399230957,0.02492137998342514,-0.5653488636016846,0.2946552038192749,0.4296265244483948,-0.2941841185092926,0.7078990936279297,0.44042855501174927,-0.7544659972190857
0.4551758749999989,0.0034223749999999996,133.0,1.880913682378496,-1.1872423555805893,0.08369722706457285,-0.004522399141525741,-5.257180720317179e-5,-0.002070945838708008,0.068627616115429,-0.05963772535324097,0.1346992701292038,-0.1185828447341919,0.31808793544769287,0.04503898322582245,-0.5448522567749023,0.3015677332878113,0.43913376331329346,-0.29490649700164795,0.7138278484344482,0.42994850873947144,-0.7612109184265137
0.4551758749999989,0.0034223749999999996,133.0,1.8697074800047233,-1.1760980310084337,0.08369474767484944,-0.004387998137268904,-5.2121898739884934e-5,-0.002009900242133728,0.06862788837365152,-0.0603451132774353,0.13101916015148163,-0.11818182468414307,0.30710750818252563,0.060957763344049454,-0.5206162929534912,0.30795812606811523,0.4512583017349243,-0.2820087671279907,0.7187621593475342,0.4282348155975342,-0.7624784708023071
0.4551758749999989,0.0034223749999999996,133.0,1.8576818353574118,-1.1640899866215342,0.08371227964979465,-0.004264237111998861,-5.021666606391358e-5,-0.0019517560214741816,0.06862785821858995,-0.06097155809402466,0.130401149392128,-0.119778573513031,0.3057648837566376,0.07278216630220413,-0.5109014511108398,0.3143620789051056,0.45786336064338684,-0.29057684540748596,0.7206330299377441,0.42723122239112854,-0.7678857445716858
0.4551758749999989,0.0034223749999999996,133.0,1.844845734885627,-1.1512701086144455,0.08370219339162913,-0.004139201191701405,-4.496782847724305e-5,-0.0018895794554201044,0.06862852973077159,-0.061734288930892944,0.12976497411727905,-0.12172132730484009,0.30426281690597534,0.08254685997962952,-0.5006561279296875,0.32341575622558594,0.46094557642936707,-0.29127463698387146,0.720625638961792,0.42654743790626526,-0.7695699334144592
0.4551758749999989,0.0034223749999999996,133.0,1.8311944229834123,-1.1375825755812095,0.08371641318993697,-0.004030672794521471,-4.155519002019087e-5,-0.001838211093080225,0.06862820656515708,-0.060522377490997314,0.1297413855791092,-0.12346521019935608,0.3023816645145416,0.06814773380756378,-0.5009400844573975,0.3258371949195862,0.4532572329044342,-0.27630773186683655,0.7136039733886719,0.4256608486175537,-0.7598841190338135
0.4551758749999989,0.0034223749999999996,133.0,1.8167102099919796,-1.1230855873427315,0.08370630704280044,-0.0038929742417334154,-3.84163169628099e-5,-0.0017729663497026932,0.06862854250237556,-0.060356080532073975,0.13023807108402252,-0.125356525182724,0.3044402599334717,0.06892058998346329,-0.5027101039886475,0.32857245206832886,0.4529009461402893,-0.29564914107322693,0.7141327857971191,0.438493013381958,-0.7616578340530396
0.4551758749999989,0.0034223749999999996,133.0,1.8013719215008326,-1.1077568094515333,0.08366957252134065,-0.0037168982462028066,-3.831266256635321e-5,-0.0016950393664660031,0.06862798752318532,-0.0601496696472168,0.13050410151481628,-0.12672600150108337,0.30549654364585876,0.06860456615686417,-0.5040059089660645,0.32985854148864746,0.4525117874145508,-0.31326353549957275,0.7152097225189209,0.45407453179359436,-0.7623868584632874
0.4551758749999989,0.0034223749999999996,133.0,1.7851982928186605,-1.0915884132261486,0.0836614322204968,-0.003553906837390466,-3.471944189258278e-5,-0.0016187009110216384,0.06862733049301446,-0.0618472695350647,0.13119597733020782,-0.1277419924736023,0.3034008741378784,0.06522199511528015,-0.49309730529785156,0.3358581066131592,0.4496801495552063,-0.2976894974708557,0.7163012027740479,0.4523038864135742,-0.757425844669342
0.4551758749999989,0.0034223749999999996,133.0,1.7681880594148862,-1.0745966282709039,0.08363893085865359,-0.0033672673962451905,-3.368221961589101e-5,-0.001534528245967598,0.0686269532325201,-0.06322640180587769,0.13162995874881744,-0.128574937582016,0.30198511481285095,0.0672573670744896,-0.48314666748046875,0.34150850772857666,0.45151686668395996,-0.2989365756511688,0.7199506759643555,0.457477331161499,-0.7579144239425659
0.4551758749999989,0.0034223749999999996,133.0,1.7503595784017636,-1.0567567840256824,0.08362733303869199,-0.0031911745100012467,-3.0912561945064264e-5,-0.0014533200579167347,0.0686262227585061,-0.06350967288017273,0.13354076445102692,-0.12997525930404663,0.3080880045890808,0.06694988161325455,-0.4881870746612549,0.34044724702835083,0.4487241208553314,-0.327302485704422,0.7229886054992676,0.4724753201007843,-0.7613129615783691
0.4551758749999989,0.0034223749999999996,133.0,1.7316878065049621,-1.0380622478756396,0.08365239314215311,-0.003007454590698196,-2.8875109705366963e-5,-0.0013697028336221656,0.06862453822162033,-0.06525996327400208,0.13519322872161865,-0.1318800151348114,0.3118892014026642,0.07466182112693787,-0.4840514659881592,0.34405601024627686,0.4486921429634094,-0.3434254229068756,0.7271745204925537,0.47856566309928894,-0.7652038931846619
0.4551758749999989,0.0034223749999999996,133.0,1.7121850090999058,-1.018579533384551,0.08362975877919103,-0.0028428116121036987,-2.8366452206204495e-5,-0.0012957932180975354,0.06862434493447567,-0.06642806529998779,0.13560748100280762,-0.1330573856830597,0.3104167878627777,0.07542942464351654,-0.4744150638580322,0.34983640909194946,0.4491213262081146,-0.33970698714256287,0.729511022567749,0.4794486463069916,-0.7642058730125427
0.4551758749999989,0.0034223749999999996,133.0,1.691873131983181,-0.998243987270392,0.08361443488800582,-0.002627395260481066,-2.6102230892131964e-5,-0.0011980205058727722,0.06862355250591388,-0.06662890315055847,0.13662560284137726,-0.1335729956626892,0.3085472583770752,0.055537860840559006,-0.4701273441314697,0.3521880805492401,0.4383835196495056,-0.31453511118888855,0.7265748977661133,0.47718527913093567,-0.7514355778694153
0.4551758749999989,0.0034223749999999996,133.0,1.6706897521403774,-0.9771418865124388,0.08358692895108517,-0.002413152149000496,-2.5032066772596353e-5,-0.0011013777447987326,0.0686240806387869,-0.06696361303329468,0.1317911595106125,-0.13221561908721924,0.2928360104560852,0.06314641982316971,-0.44669461250305176,0.3566122055053711,0.44963857531547546,-0.2872832417488098,0.7320396900177002,0.48680558800697327,-0.7469995617866516
0.4551758749999989,0.0034223749999999996,133.0,1.6486974926995521,-0.9551428734655263,0.08357067782587241,-0.0022106478578561577,-2.186526794333388e-5,-0.001007875065062625,0.0686230217106576,-0.06895139813423157,0.13387195765972137,-0.13420966267585754,0.29690954089164734,0.06680610030889511,-0.44260072708129883,0.3620733618736267,0.44874128699302673,-0.3035048842430115,0.7366855144500732,0.49579325318336487,-0.7502935528755188
0.4551758749999989,0.0034223749999999996,133.0,1.625867768925599,-0.9323216323632031,0.08356145260715912,-0.0020083586884696264,-1.9829405881705913e-5,-0.000915150028047086,0.06862238439342129,-0.07145336270332336,0.1364511400461197,-0.13667923212051392,0.3021497130393982,0.07245490700006485,-0.4376716613769531,0.3686138391494751,0.44775182008743286,-0.3178175389766693,0.7411649227142334,0.4991580545902252,-0.7546785473823547
0.4551758749999989,0.0034223749999999996,133.0,1.6021945988280082,-0.9086325841606006,0.08353861690661367,-0.0018466519962004764,-1.701901446690426e-5,-0.0008398881080127223,0.0686204810647801,-0.07463729381561279,0.1412508487701416,-0.14060693979263306,0.3152940571308136,0.08390505611896515,-0.4392433166503906,0.3726782500743866,0.44326838850975037,-0.3518083691596985,0.7454264163970947,0.49991992115974426,-0.7635405659675598
0.4551758749999989,0.0034223749999999996,133.0,1.5777205790749484,-0.8841425676571678,0.08351521401341315,-0.001648093815621339,-1.5020861479020263e-5,-0.0007498583104934087,0.06861943543723298,-0.07518213987350464,0.14365701377391815,-0.14231395721435547,0.32182013988494873,0.08136911690235138,-0.44132161140441895,0.37075236439704895,0.4382627010345459,-0.38043922185897827,0.7476029396057129,0.5140111446380615,-0.7651333808898926
0.4551758749999989,0.0034223749999999996,133.0,1.5523628820976856,-0.8587914341933268,0.08356449827158507,-0.0014638802557114194,-1.4918348229636668e-5,-0.0006678588204393563,0.06861740099256203,-0.0779135525226593,0.14473290741443634,-0.1443159580230713,0.321444034576416,0.08882731944322586,-0.4273955821990967,0.37954920530319214,0.44077998399734497,-0.37704771757125854,0.7532720565795898,0.5113004446029663,-0.7673825025558472
0.4551758749999989,0.0034223749999999996,133.0,1.5262074886318175,-0.8326694420613685,0.08354904760095905,-0.0012823670897555547,-1.307963283038844e-5,-0.0005850168954434919,0.06861723379924965,-0.07964104413986206,0.14316827058792114,-0.1452377438545227,0.31380191445350647,0.09480400383472443,-0.41019153594970703,0.38912665843963623,0.44695889949798584,-0.365746408700943,0.7595353126525879,0.5221639275550842,-0.765992283821106
0.4551758749999989,0.0034223749999999996,133.0,1.4992200416528807,-0.805699067061176,0.08353601838705373,-0.0011318261778645875,-1.1632473632175238e-5,-0.0005163891150751718,0.06861675931526247,-0.08099359273910522,0.14341135323047638,-0.14699053764343262,0.3110898733139038,0.09448546916246414,-0.39897608757019043,0.39699023962020874,0.44740238785743713,-0.3576345145702362,0.7627027034759521,0.5241519808769226,-0.7637534737586975
0.4551758749999989,0.0034223749999999996,133.0,1.471405334198897,-0.7779060104860366,0.08350501760094668,-0.0009977317559335828,-1.0353505726668153e-5,-0.0004552678816715741,0.06861650558614615,-0.08067646622657776,0.14326068758964539,-0.14831307530403137,0.3084774613380432,0.08686957508325577,-0.3939340114593506,0.39990904927253723,0.445856511592865,-0.3541577160358429,0.7633638381958008,0.5295884609222412,-0.7595661282539368
0.4551758749999989,0.0034223749999999996,133.0,1.4427574208954619,-0.7492964226942485,0.08348707244537826,-0.0008238091455713872,-7.68788360535838e-6,-0.0003748828075537333,0.06861655764429903,-0.08388808369636536,0.14266549050807953,-0.1506129801273346,0.3049778938293457,0.10546265542507172,-0.37610769271850586,0.4128477871417999,0.4539644718170166,-0.36057618260383606,0.7721827030181885,0.5452137589454651,-0.764362633228302
0.4551758749999989,0.0034223749999999996,133.0,1.4132706436873097,-0.7198580007763294,0.08346677416955364,-0.0006915982903264436,-6.423525831190944e-6,-0.00031449455572774536,0.06861696475926565,-0.0865580141544342,0.14129458367824554,-0.15222522616386414,0.2973715662956238,0.11664854735136032,-0.3565821647644043,0.4279257655143738,0.4625176191329956,-0.3507938086986542,0.7798900604248047,0.5591830015182495,-0.7654305100440979
0.4551758749999989,0.0034223749999999996,133.0,1.382952698790257,-0.6895669987288308,0.08343137282111925,-0.0005191237823630862,-4.954294138076019e-6,-0.00023617055298821095,0.06861628546720192,-0.08813154697418213,0.1413566619157791,-0.15269288420677185,0.28532660007476807,0.08578895777463913,-0.33751440048217773,0.4446573257446289,0.45174068212509155,-0.26370134949684143,0.7763965129852295,0.5397652387619019,-0.7423084378242493
0.4551758749999989,0.0034223749999999996,133.0,1.3518294996976152,-0.6584171690179819,0.08341662407817746,-0.0003261640768405121,-2.8704835486518947e-6,-0.00014817779004215479,0.06861494527269628,-0.08913731575012207,0.14445146918296814,-0.1550987958908081,0.2939435839653015,0.08574766665697098,-0.3379378318786621,0.44201672077178955,0.44313234090805054,-0.29447343945503235,0.7796807289123535,0.5473996996879578,-0.7423843145370483
0.4551758749999989,0.0034223749999999996,133.0,1.3198624344710557,-0.6264388527790177,0.08339130929389278,-0.00015244173863928953,-1.4002086332157495e-6,-6.935407738840782e-5,0.06861344218936716,-0.09060719609260559,0.1468205451965332,-0.15727803111076355,0.29896873235702515,0.08701799064874649,-0.3325023651123047,0.44317999482154846,0.4372127652168274,-0.30758601427078247,0.7835037708282471,0.5483358502388,-0.7415394186973572
0.4551758749999989,0.0034223749999999996,133.0,1.28703739948426,-0.5936772099094936,0.08333024903097805,1.690160268285464e-5,1.8310876518981373e-7,7.719976341983252e-6,0.0686125851549303,-0.09227827191352844,0.14448264241218567,-0.1580491065979004,0.28863900899887085,0.09376376867294312,-0.3137695789337158,0.4544485807418823,0.44461217522621155,-0.28836214542388916,0.7910928726196289,0.5626673102378845,-0.7386619448661804
0.4551758749999989,0.0034223749999999996,133.0,1.2533940364142813,-0.5600534283474223,0.08330935714586507,0.0001867314503990866,2.0368048066766417e-6,8.529714668070378e-5,0.06861163354654906,-0.09449070692062378,0.14538045227527618,-0.16004204750061035,0.2877543270587921,0.09588298946619034,-0.30129265785217285,0.46417099237442017,0.4444601833820343,-0.28125932812690735,0.7966485023498535,0.5635768175125122,-0.7376803755760193
0.4551758749999989,0.0034223749999999996,133.0,1.2189246509831988,-0.5255687766776718,0.08328489789331758,0.00037079080633475257,3.843599570244612e-6,0.00016914651348025014,0.06860967088876595,-0.09753593802452087,0.14924803376197815,-0.16363295912742615,0.29749783873558044,0.10247650742530823,-0.29625391960144043,0.4688522219657898,0.4372386634349823,-0.298737496137619,0.801476240158081,0.5581890344619751,-0.7403199076652527
0.4551758749999989,0.0034223749999999996,133.0,1.1836137815049557,-0.4902830803640404,0.08326091006038021,0.0005156000812980995,5.352378304292231e-6,0.00023517247799100395,0.06860858565254248,-0.10027912259101868,0.15013791620731354,-0.165936678647995,0.29661113023757935,0.10780812054872513,-0.2824726104736328,0.4810030162334442,0.43813472986221313,-0.2971462905406952,0.8080418109893799,0.5651926398277283,-0.7404322028160095
0.4551758749999989,0.0034223749999999996,133.0,1.1474736383798216,-0.45416750904263076,0.08323606608373725,0.0006789398028055843,7.08320581796861e-6,0.0003096568439094259,0.06860755594581934,-0.1029076874256134,0.15092837810516357,-0.16828006505966187,0.2955910861492157,0.11266531050205231,-0.2686612606048584,0.4935256838798523,0.43871989846229553,-0.29371267557144165,0.8143281936645508,0.5708057880401611,-0.7400894165039062
0.4551758749999989,0.0034223749999999996,133.0,1.1105036254486393,-0.4172173545350301,0.08322241959776784,0.0008529343842024056,8.998291575440007e-6,0.0003890482662412683,0.0686065454754468,-0.10509610176086426,0.15154017508029938,-0.17058232426643372,0.294027179479599,0.11500930786132812,-0.25575733184814453,0.5060223937034607,0.4386870861053467,-0.2844748795032501,0.8197314739227295,0.5719286799430847,-0.7385457158088684
0.4551758749999989,0.0034223749999999996,133.0,1.0727084279410088,-0.37944462804581264,0.08319706217968892,0.001050473949898897,1.1617963064078486e-5,0.0004795710961925459,0.06860594770961621,-0.10689321160316467,0.1517755091190338,-0.172954261302948,0.2916816771030426,0.11511711031198502,-0.24362516403198242,0.5196532011032104,0.43867814540863037,-0.271365225315094,0.8241791725158691,0.5722236037254333,-0.7362213134765625
0.4551758749999989,0.0034223749999999996,133.0,1.0340769342458132,-0.3408272797947718,0.08320522828519773,0.0012381078529452596,1.3971398655021001e-5,0.0005654002818384458,0.06860506497222484,-0.10849472880363464,0.15184594690799713,-0.1753474473953247,0.2888481318950653,0.11387321352958679,-0.2319049835205078,0.5341781973838806,0.4388294816017151,-0.2554153501987457,0.8281409740447998,0.5714407563209534,-0.7335548996925354
0.4551758749999989,0.0034223749999999996,133.0,0.9945927286183566,-0.3014414598581179,0.08317306220937949,0.0013598853440477336,1.585059215912559e-5,0.0006211493226103076,0.06860549135348437,-0.11165934801101685,0.14818906784057617,-0.17753037810325623,0.27556970715522766,0.12996986508369446,-0.21067118644714355,0.5628817677497864,0.45469963550567627,-0.22319358587265015,0.8389930725097656,0.5914655923843384,-0.7362823486328125
0.4551758749999989,0.0034223749999999996,133.0,0.954304783110964,-0.26117024829345825,0.08315007423071245,0.0015156460695878947,1.8004509142861676e-5,0.0006924930862371106,0.06860471647525422,-0.11373654007911682,0.14852306246757507,-0.17987605929374695,0.27436167001724243,0.1317140758037567,-0.19970178604125977,0.5784776210784912,0.4549048840999603,-0.21135912835597992,0.8438031673431396,0.5928732752799988,-0.7353336811065674
0.4551758749999989,0.0034223749999999996,133.0,0.9131616916692386,-0.22000287504450516,0.08309233746584932,0.0016670542939859457,2.063999775219762e-5,0.0007621274689863256,0.06860151473224582,-0.11530768871307373,0.15472257137298584,-0.18380668759346008,0.29591473937034607,0.13396012783050537,-0.20611572265625,0.5693714618682861,0.4364892244338989,-0.2454831451177597,0.8447239398956299,0.559422492980957,-0.73851478099823
0.4551758749999989,0.0034223749999999996,133.0,0.8718238358549073,-0.17653663677316073,0.08544412995475958,0.0018106309662189015,9.859622257573708e-6,0.000831097824125605,0.06851505652408849,-0.11672988533973694,0.1567704826593399,-0.1846514642238617,0.2810354232788086,0.07664008438587189,-0.18503689765930176,0.5954136848449707,0.4178692698478699,-0.07831854373216629,0.836083173751831,0.4842222034931183,-0.7044535875320435
0.4551758749999989,0.0034223749999999996,133.0,0.8290225254404129,-0.13374707821615833,0.08540474387648385,0.0019084476919279134,1.4339778158222283e-5,0.0008785912662271729,0.0685141944394405,-0.1193007230758667,0.1593942493200302,-0.18598711490631104,0.273318350315094,0.03529899939894676,-0.16407346725463867,0.6197366714477539,0.39740222692489624,0.06271707266569138,0.8222959041595459,0.4183349609375,-0.6758460998535156
0.4551758749999989,0.0034223749999999996,133.0,0.785334936426302,-0.0901433819526739,0.08536214205758143,0.001884233020628055,1.4758491019885697e-5,0.0008683050187724789,0.06851121454849765,-0.12372618913650513,0.15923231840133667,-0.18615266680717468,0.26545751094818115,0.0406976044178009,-0.14307832717895508,0.634894609451294,0.40601015090942383,0.0695815235376358,0.8446273803710938,0.4368622601032257,-0.6767018437385559
0.4551758749999989,0.0034223749999999996,133.0,0.740290194466281,-0.04698888907151345,0.08298782449305486,0.0017629225125805465,1.9393494960485994e-5,0.0008076753807433352,0.06858536694434648,-0.13333678245544434,0.18268877267837524,-0.19154459238052368,0.3385315537452698,0.10951215028762817,-0.16485357284545898,0.4887818396091461,0.4122747778892517,-0.4012080729007721,0.9660294055938721,0.46786439418792725,-0.7566104531288147
0.4551758749999989,0.0034223749999999996,133.0,0.6948647178912283,-0.0013937696203030643,0.08296081955421399,0.00010396998041365009,4.1820532842690273e-7,4.7337197567369424e-5,0.06857135846381864,-0.14968648552894592,0.21431006491184235,-0.19026745855808258,0.3778650164604187,0.1633472442626953,-0.08233332633972168,0.21572360396385193,0.5315740704536438,-1.2108861207962036,1.2012851238250732,0.6016165614128113,-0.91517174243927
0.4551758749999989,0.0034223749999999996,133.0,0.7396693776775853,0.044282734301805064,0.08578530526131448,-0.001713087344203257,-3.6718984087477736e-5,-0.0008040630469472748,0.06837251739251739,-0.19275036454200745,0.11054787784814835,-0.1848818063735962,0.5222408771514893,-0.2077513188123703,0.07532691955566406,0.8683257102966309,-0.04655176401138306,-0.6884353160858154,1.4055020809173584,0.2049797773361206,-0.474742591381073
0.4551758749999989,0.0034223749999999996,133.0,0.783344520726779,0.08916227982012251,0.08609566857399471,-0.0019056686840459728,-2.4377077010237502e-5,-0.0008995099541580589,0.06831914085765427,-0.24713793396949768,0.14154793322086334,-0.1393829584121704,0.7430224418640137,-0.41517260670661926,0.3358180522918701,0.5265053510665894,0.08136814832687378,-1.505968451499939,1.7658238410949707,0.4734993577003479,-0.8221335411071777
0.4551758749999989,0.0034223749999999996,133.0,0.8265902057717514,0.1330859894740196,0.08655604949918817,-0.001895593008569614,-1.6658489440369542e-5,-0.0008906564969657874,0.06828866039927026,-0.2717849314212799,0.16554220020771027,-0.10549643635749817,0.9136185646057129,-0.5451675653457642,0.4316847324371338,0.37687432765960693,0.1413680911064148,-1.7723983526229858,1.8181977272033691,0.5767531394958496,-1.0534467697143555
0.4551758749999989,0.0034223749999999996,133.0,0.8692096092095982,0.17605768023751686,0.08676346698799413,-0.001787877882420681,-1.3829703083141378e-5,-0.0008373185364455091,0.06827804269584403,-0.27942320704460144,0.17910751700401306,-0.09445741772651672,0.9688605666160583,-0.5958371162414551,0.46032047271728516,0.3561462163925171,0.16187721490859985,-1.8567657470703125,1.8089208602905273,0.5824200510978699,-1.1297078132629395
0.4551758749999989,0.0034223749999999996,133.0,0.9111094217798766,0.2180896951040227,0.08682502090536859,-0.0016356234508045162,-1.2396827938707969e-5,-0.0007649961415885975,0.06827504430686557,-0.28237417340278625,0.18517327308654785,-0.0909799337387085,0.9881273508071899,-0.6180805563926697,0.4743938446044922,0.3503257930278778,0.17130854725837708,-1.8909645080566406,1.7987260818481445,0.6016626954078674,-1.1586987972259521
0.4551758749999989,0.0034223749999999996,133.0,0.9521871120632728,0.2592451430534572,0.08679027813686115,-0.001450234307025747,-1.1233816167975295e-5,-0.0006783474360106158,0.0682764785235368,-0.2846662700176239,0.18833044171333313,-0.09133461117744446,0.9813574552536011,-0.6344733834266663,0.48957180976867676,0.36057573556900024,0.18508028984069824,-1.9006541967391968,1.796208381652832,0.6090276837348938,-1.1658222675323486
0.4551758749999989,0.0034223749999999996,133.0,0.9924921825866657,0.2995557885574163,0.08683143025376702,-0.001365053224377399,-1.0959046320081281e-5,-0.0006377939420061652,0.06827391754569175,-0.2833607494831085,0.1912696361541748,-0.09021049737930298,0.9939961433410645,-0.6259907484054565,0.4996521472930908,0.3808158338069916,0.18180304765701294,-1.9049482345581055,1.7735190391540527,0.6193224787712097,-1.1754140853881836
0.4551758749999989,0.0034223749999999996,133.0,1.0319704827196554,0.3390289317352124,0.08684252228189686,-0.0011674250312154611,-9.358007232841832e-6,-0.0005446842065163122,0.06827150981609084,-0.2808047831058502,0.1949511617422104,-0.08554887771606445,1.0289950370788574,-0.616847038269043,0.500732421875,0.37816494703292847,0.1701333224773407,-1.9099212884902954,1.7407150268554688,0.6403821110725403,-1.199021816253662
0.4551758749999989,0.0034223749999999996,133.0,1.0705794553680266,0.3776869302891216,0.08687281971239354,-0.001015751069268994,-8.244876326389114e-6,-0.0004733952972485862,0.06826977866527503,-0.28058943152427673,0.1982363909482956,-0.083575040102005,1.0429222583770752,-0.6221590638160706,0.5110822916030884,0.38605910539627075,0.17113706469535828,-1.9221304655075073,1.7197785377502441,0.658260703086853,-1.214184284210205
0.4551758749999989,0.0034223749999999996,133.0,1.108356913035466,0.4155129835973602,0.08690187066537942,-0.0008257954305084993,-6.767650185475655e-6,-0.0003844519950317216,0.06826810663761987,-0.2804178297519684,0.2014697641134262,-0.08171162009239197,1.0562303066253662,-0.6266712546348572,0.5210100412368774,0.39359813928604126,0.17184436321258545,-1.934342384338379,1.6994709968566895,0.6750691533088684,-1.2284244298934937
0.4551758749999989,0.0034223749999999996,133.0,1.1453032473817113,0.45250458876042143,0.08692609114828016,-0.0006571678999684091,-5.4551243842980015e-6,-0.00030564065843686084,0.06826656981422594,-0.2802201807498932,0.20444898307323456,-0.08014506101608276,1.0679540634155273,-0.6293370127677917,0.5302106142044067,0.40175262093544006,0.17206454277038574,-1.9442462921142578,1.6804699897766113,0.6902987360954285,-1.2405768632888794
0.4551758749999989,0.0034223749999999996,133.0,1.1814166314772816,0.4886660895295716,0.08695344694896842,-0.0004963569569128366,-4.171633734506141e-6,-0.00023061005418532646,0.0682649749656166,-0.2800208032131195,0.2073211818933487,-0.07858607172966003,1.0794423818588257,-0.6317446231842041,0.5391149520874023,0.40971139073371887,0.1720779836177826,-1.9537395238876343,1.6616077423095703,0.7054421305656433,-1.2522823810577393
0.4551758749999989,0.0034223749999999996,133.0,1.216696410720045,0.5239948157339577,0.08697035043243001,-0.0003411593862617831,-2.917144466289961e-6,-0.00015832895557017654,0.06826340521819137,-0.2800591289997101,0.21029195189476013,-0.07734212279319763,1.0898828506469727,-0.6332765221595764,0.5509260892868042,0.4229123294353485,0.17157766222953796,-1.9682456254959106,1.6432080268859863,0.7218198180198669,-1.2624435424804688
0.4551758749999989,0.0034223749999999996,133.0,1.2511295983259012,0.5585050308256296,0.08703709945102465,-0.00019138250192414925,-1.659128219496996e-6,-8.867497099463016e-5,0.06826006943246796,-0.28049179911613464,0.2134450078010559,-0.07656195759773254,1.0989208221435547,-0.6333070397377014,0.566856861114502,0.4421701729297638,0.1705344319343567,-1.9885817766189575,1.6260159015655518,0.7381442785263062,-1.2706753015518188
0.4551758749999989,0.0034223749999999996,133.0,1.2846362989724072,0.5921909539986695,0.08713430980563591,-5.710130647981229e-5,-5.117658361318526e-7,-2.639612069658074e-5,0.06825376152378623,-0.28424832224845886,0.21695345640182495,-0.07864242792129517,1.0878822803497314,-0.6430234909057617,0.6010903120040894,0.4753727912902832,0.18127641081809998,-2.021641731262207,1.6263020038604736,0.7430599331855774,-1.2705596685409546
0.4551758749999989,0.0034223749999999996,133.0,1.3172993766404162,0.6250683172251494,0.08728293090640063,0.00012332225721889406,1.113011082356989e-6,5.6807824506076254e-5,0.06824709251014137,-0.2920915186405182,0.22030015289783478,-0.07622942328453064,1.1202268600463867,-0.6581985950469971,0.6604694128036499,0.55106520652771,0.16702216863632202,-2.1401805877685547,1.6386895179748535,0.8449747562408447,-1.2895265817642212
0.4551758749999989,0.0034223749999999996,133.0,1.3493525897719267,0.6551816816519442,0.08459403657618592,0.00029058363204777644,4.209783877986054e-6,0.00013316644757111674,0.06839776058429804,-0.2927786409854889,0.2225704789161682,-0.06981131434440613,1.164952278137207,-0.6706166863441467,0.6916673183441162,0.6141560673713684,0.14031928777694702,-2.236826181411743,1.6098525524139404,0.9765121936798096,-1.308532953262329
0.4551758749999989,0.0034223749999999996,133.0,1.3803924721291414,0.6863719517605216,0.08466244096913617,0.0004596151889181918,6.679800583603012e-6,0.00021021983317187333,0.06839503774862926,-0.29607346653938293,0.2266586422920227,-0.06943044066429138,1.1645171642303467,-0.6896094083786011,0.7237370014190674,0.6307205557823181,0.14919710159301758,-2.2675342559814453,1.597623586654663,0.9848036766052246,-1.3171592950820923
0.4551758749999989,0.0034223749999999996,133.0,1.4106770766851287,0.7167084021721507,0.0847573934665626,0.0006597248341383535,9.567233182107434e-6,0.00030124343549038814,0.068392483804625,-0.29841169714927673,0.22985607385635376,-0.060644686222076416,1.2267730236053467,-0.6855083107948303,0.7519696950912476,0.6739056706428528,0.11707159876823425,-2.3578732013702393,1.5753207206726074,1.0917948484420776,-1.3481521606445312
0.4551758749999989,0.0034223749999999996,133.0,1.440143063696907,0.7462053624824592,0.08482220121959282,0.0008025107863072423,1.1599962268015966e-5,0.00036604731665051455,0.06839094084190211,-0.29633191227912903,0.23206070065498352,-0.05800542235374451,1.2432746887207031,-0.6787973046302795,0.7564942836761475,0.682774543762207,0.10921120643615723,-2.3598482608795166,1.5481562614440918,1.1038768291473389,-1.356933832168579
0.4551758749999989,0.0034223749999999996,133.0,1.4687847010610415,0.774877966821449,0.08492351431194003,0.000984951160604424,1.4177544826793257e-5,0.000448756426253762,0.06838763425297642,-0.2949495017528534,0.23503252863883972,-0.053606390953063965,1.2657862901687622,-0.681708574295044,0.7564483880996704,0.6755194067955017,0.10362651944160461,-2.368403434753418,1.5197012424468994,1.120453119277954,-1.3740127086639404
0.4551758749999989,0.0034223749999999996,133.0,1.4965811294287337,0.8027008505294168,0.08489300605835076,0.0011254012156394046,1.6359142594115417e-5,0.0005126690130418446,0.06838817631453246,-0.2960321605205536,0.2368270605802536,-0.05387026071548462,1.2593917846679688,-0.6961386203765869,0.7699425220489502,0.6790748238563538,0.11289927363395691,-2.368954658508301,1.5095324516296387,1.1251680850982666,-1.3769481182098389
0.4551758749999989,0.0034223749999999996,133.0,1.5235525627261721,0.8296913726492543,0.08491136000876931,0.0012821116452305093,1.8687299396411996e-5,0.0005836365771438835,0.06838727908504766,-0.2957281172275543,0.2388036698102951,-0.05210760235786438,1.2693562507629395,-0.6971248984336853,0.7781003713607788,0.6862022280693054,0.10998600721359253,-2.3768491744995117,1.4910807609558105,1.1401770114898682,-1.3841463327407837
0.4551758749999989,0.0034223749999999996,133.0,1.5497234494964607,0.8558318117508187,0.08494327640150542,0.001469812072822944,2.1569349069232788e-5,0.000668893657780711,0.06838722355335015,-0.2932939827442169,0.2394990175962448,-0.05325230956077576,1.2666404247283936,-0.6848581433296204,0.7859097719192505,0.7057965397834778,0.10549601912498474,-2.3633220195770264,1.4714150428771973,1.1339492797851562,-1.3769474029541016
0.4551758749999989,0.0034223749999999996,133.0,1.575052066350247,0.8811587923542605,0.08493162799216117,0.001660350961859152,2.4578520613206463e-5,0.0007554197122072579,0.06838682363923185,-0.29269954562187195,0.24165236949920654,-0.05101960897445679,1.2780417203903198,-0.6864622831344604,0.7862093448638916,0.6992819905281067,0.10404333472251892,-2.3647282123565674,1.453826665878296,1.1402344703674316,-1.38697350025177
0.4551758749999989,0.0034223749999999996,133.0,1.5994704794982355,0.9056783776888853,0.08500499034860039,0.0018725226914035247,2.72861492175967e-5,0.0008507772016936995,0.0683856552483348,-0.29399028420448303,0.24397866427898407,-0.05050194263458252,1.280084490776062,-0.6944875717163086,0.8004316091537476,0.7032824158668518,0.1072838306427002,-2.3761136531829834,1.4417121410369873,1.1468825340270996,-1.3923630714416504
0.4551758749999989,0.0034223749999999996,133.0,1.623108466210115,0.9293481946079604,0.0850076186506195,0.002029418782519311,2.9659456652707468e-5,0.0009217086574989111,0.0683853638913221,-0.29528722167015076,0.24560116231441498,-0.050986140966415405,1.2757536172866821,-0.701649010181427,0.8116614818572998,0.7051023840904236,0.11366426944732666,-2.3775980472564697,1.435622215270996,1.147270917892456,-1.3944621086120605
0.4551758749999989,0.0034223749999999996,133.0,1.6458605064171967,0.9521909006782464,0.08506723701413405,0.0022294379620178533,3.197331180195301e-5,0.001011555560867731,0.06838383399301941,-0.2967784106731415,0.24733160436153412,-0.051868170499801636,1.269089937210083,-0.7088542580604553,0.8273065090179443,0.7117363810539246,0.12036013603210449,-2.381666421890259,1.429636001586914,1.1453566551208496,-1.3945412635803223
0.4551758749999989,0.0034223749999999996,133.0,1.6678525403476891,0.9741848753643297,0.08502710872025844,0.002431600019776721,3.562192153978189e-5,0.0011037364015312806,0.06838234452250933,-0.2979431450366974,0.2489965558052063,-0.0529920756816864,1.2574999332427979,-0.7198042273521423,0.8394836187362671,0.7106027603149414,0.13085946440696716,-2.377847671508789,1.4237241744995117,1.1346349716186523,-1.3934208154678345
0.4551758749999989,0.0034223749999999996,133.0,1.6890238574785827,0.9953531842628611,0.08506870431022029,0.0026451960012324406,3.888002712309047e-5,0.0012003450516613477,0.06838035794987642,-0.2974182665348053,0.2503902316093445,-0.052132874727249146,1.2627060413360596,-0.718367338180542,0.8415000438690186,0.7086530327796936,0.12993621826171875,-2.375485420227051,1.4103293418884277,1.1351256370544434,-1.397751808166504
0.4551758749999989,0.0034223749999999996,133.0,1.709332885780697,1.0156526371983783,0.08499182415578198,0.0028604872024413936,4.1253423359830496e-5,0.0012963435569962021,0.06838221689052973,-0.2977915108203888,0.25303739309310913,-0.042800694704055786,1.3161818981170654,-0.7193396687507629,0.8395555019378662,0.7100961208343506,0.10627162456512451,-2.4293618202209473,1.387676477432251,1.2074826955795288,-1.428063154220581
0.4551758749999989,0.0034223749999999996,133.0,1.7288088508219843,1.035229523876265,0.08515751733728552,0.003027568494374584,4.3872028598630804e-5,0.001371694390793083,0.0683793865019153,-0.2979103624820709,0.25472089648246765,-0.04118254780769348,1.3258041143417358,-0.718686044216156,0.8465120792388916,0.7148206830024719,0.10259026288986206,-2.439002275466919,1.3732216358184814,1.217057466506958,-1.4341158866882324
0.4551758749999989,0.0034223749999999996,133.0,1.7474660657259231,1.0539067731956802,0.08525018525490963,0.003217085972634969,4.6005652787458234e-5,0.0014561721904094707,0.06837726445462113,-0.29605981707572937,0.2563762366771698,-0.038205504417419434,1.3422363996505737,-0.7139053344726562,0.8427532911300659,0.7122185230255127,0.09435206651687622,-2.440438747406006,1.3492474555969238,1.2221091985702515,-1.4423736333847046
0.4551758749999989,0.0034223749999999996,133.0,1.7652421737746737,1.0717642542664214,0.08518812717761902,0.003381554070254108,4.8183586522018815e-5,0.0015307412499272924,0.06837960658058535,-0.30061468482017517,0.2580017149448395,-0.042173296213150024,1.3096692562103271,-0.7461732029914856,0.8660268783569336,0.7002008557319641,0.12391826510429382,-2.435154438018799,1.3604047298431396,1.1991804838180542,-1.439288854598999
0.4551758749999989,0.0034223749999999996,133.0,1.782259136994267,1.088763884400779,0.08523524700577241,0.003574078128116281,5.0763905580913644e-5,0.00161723509970205,0.06837793831894017,-0.29813680052757263,0.25828319787979126,-0.041124969720840454,1.3189343214035034,-0.7339840531349182,0.8589940071105957,0.7013017535209656,0.1158679723739624,-2.4239680767059326,1.3442628383636475,1.1985822916030884,-1.4405157566070557
0.4551758749999989,0.0034223749999999996,133.0,1.7984138287241835,1.1049496559627132,0.08529312717521619,0.0037434937184487368,5.2563999140053975e-5,0.0016934281322504672,0.06837730772071599,-0.3001756966114044,0.25952303409576416,-0.03738051652908325,1.3388898372650146,-0.7428950071334839,0.8645787239074707,0.7006480693817139,0.11061608791351318,-2.4550325870513916,1.3403491973876953,1.238844871520996,-1.4555021524429321
0.4551758749999989,0.0034223749999999996,133.0,1.8137414779417764,1.120211821508245,0.0851106192456601,0.003911891599150135,5.464650715493972e-5,0.0017691149889547426,0.06837968053534134,-0.30105623602867126,0.25977787375450134,-0.0398067831993103,1.3211203813552856,-0.7551619410514832,0.874642014503479,0.6999584436416626,0.12357228994369507,-2.4442763328552246,1.3406352996826172,1.2295132875442505,-1.450636863708496
0.4551758749999989,0.0034223749999999996,133.0,1.8282530833500028,1.1347227444697792,0.08512323150513748,0.004043658805135933,5.664251815618747e-5,0.001828946423641217,0.06837824862888206,-0.2996867001056671,0.26026272773742676,-0.037806421518325806,1.3257222175598145,-0.7667027711868286,0.8634744882583618,0.680357813835144,0.12784546613693237,-2.432405710220337,1.3251819610595703,1.2324233055114746,-1.459489107131958
0.4551758749999989,0.0034223749999999996,133.0,1.8419298295743183,1.1484075470532822,0.08508790644875597,0.004161526743664967,5.763668195892832e-5,0.0018829938146218102,0.06838105174480884,-0.30161771178245544,0.26062002778053284,-0.03478819131851196,1.3338730335235596,-0.7925823330879211,0.8630208969116211,0.6647640466690063,0.1348530352115631,-2.4512529373168945,1.3237648010253906,1.2724227905273438,-1.4748382568359375
0.4551758749999989,0.0034223749999999996,133.0,1.8548283242980008,1.161243481477657,0.08508038015614507,0.004286869865365058,5.950604230183545e-5,0.0019411582901809514,0.06838202496595923,-0.295791894197464,0.26034265756607056,-0.03338748216629028,1.3345593214035034,-0.7908818125724792,0.8256382942199707,0.6249974966049194,0.13852059841156006,-2.3995864391326904,1.2981810569763184,1.240457534790039,-1.4788551330566406
0.4551758749999989,0.0034223749999999996,133.0,1.8668879318621672,1.1732332407095787,0.08507111138568502,0.004420380215296608,6.205477766694223e-5,0.002002338479107097,0.06838207676901577,-0.2911056578159332,0.2599732577800751,-0.03394192457199097,1.3306804895401,-0.7813388705253601,0.8106980323791504,0.6185576319694519,0.13671264052391052,-2.364243507385254,1.2742328643798828,1.2177609205245972,-1.4729745388031006
0.4551758749999989,0.0034223749999999996,133.0,1.8781407263433967,1.18435405228523,0.08501066390706652,0.004556354096637758,6.47595663374621e-5,0.002064079536928284,0.06838238555326485,-0.2841182053089142,0.2597518563270569,-0.0305003821849823,1.3488092422485352,-0.7637369632720947,0.7746261358261108,0.598896861076355,0.12258374691009521,-2.3265116214752197,1.2366156578063965,1.2040964365005493,-1.4767976999282837
0.4551758749999989,0.0034223749999999996,133.0,1.8885821212429807,1.1946628033534308,0.08498485363241712,0.004687265374968708,6.723283939089355e-5,0.0021234471808615537,0.06838358022313752,-0.2770519554615021,0.25907427072525024,-0.027750611305236816,1.3651697635650635,-0.7402380108833313,0.7364717721939087,0.5802828669548035,0.10676306486129761,-2.284332036972046,1.201549768447876,1.186232566833496,-1.4771404266357422
0.4551758749999989,0.0034223749999999996,133.0,1.8981571365094323,1.2042147365000864,0.08509099688886533,0.004837292526795214,7.028115453760565e-5,0.0021924866271001726,0.06838301170056649,-0.2718378007411957,0.25844475626945496,-0.027367711067199707,1.3662348985671997,-0.7268065810203552,0.7117496728897095,0.565234363079071,0.10192951560020447,-2.2435462474823,1.1755115985870361,1.16024911403656,-1.4731559753417969
0.4551758749999989,0.0034223749999999996,133.0,1.9067356762415448,1.214938660470088,0.08811107328665684,0.005060159682807656,4.566367792509355e-5,0.0022859744392670378,0.06821875747080001,-0.27198585867881775,0.2592433989048004,-0.029377251863479614,1.3687670230865479,-0.7007884979248047,0.706291675567627,0.5571863651275635,0.09900155663490295,-2.2176101207733154,1.174452543258667,1.0978680849075317,-1.472459316253662
0.4551758749999989,0.0034223749999999996,133.0,1.9147100974118785,1.2227773528766444,0.08814363703990036,0.0052910153384673475,4.7884494966865974e-5,0.0023906168344848145,0.06822125770865028,-0.26574811339378357,0.258416086435318,-0.024431437253952026,1.401344656944275,-0.6716622710227966,0.6653302907943726,0.5479832887649536,0.07099971175193787,-2.1965603828430176,1.1458516120910645,1.103205680847168,-1.476975917816162
0.4551758749999989,0.0034223749999999996,133.0,1.9217922404489953,1.2297766130638854,0.08815931169093827,0.005647249272580941,5.123905061927822e-5,0.0025522543649026353,0.06822199483094951,-0.2626865804195404,0.257617324590683,-0.024565815925598145,1.404761791229248,-0.6612744331359863,0.6574962139129639,0.5526983141899109,0.06382903456687927,-2.1890180110931396,1.1336028575897217,1.1071527004241943,-1.4732437133789062
0.4551758749999989,0.0034223749999999996,133.0,1.9280766312063946,1.2359678028792374,0.08818973845074382,0.006243040969978137,5.622226451991945e-5,0.00282146291437437,0.06822422299223899,-0.25828227400779724,0.25715529918670654,-0.021574348211288452,1.4250473976135254,-0.6432574391365051,0.628136396408081,0.5420249104499817,0.04670587182044983,-2.1751933097839355,1.114274263381958,1.1081230640411377,-1.4763474464416504
0.4551758749999989,0.0034223749999999996,133.0,1.9335314926161313,1.2413289978430109,0.08817119642205593,0.007597025286381146,6.774716472276763e-5,0.003434388344642712,0.06822789721874277,-0.2548151910305023,0.2568448781967163,-0.022564858198165894,1.4283212423324585,-0.6330823302268982,0.6246695518493652,0.5488715171813965,0.0389518141746521,-2.1761300563812256,1.099764108657837,1.1064424514770508,-1.471902847290039
0.4551758749999989,0.0034223749999999996,133.0,1.938166058668465,1.245959489104163,0.08822473314621727,0.014093146090936141,0.00010722580222053291,0.0063530230610814725,0.06822939411505537,-0.25043806433677673,0.2616715729236603,-0.020726382732391357,1.4550532102584839,-0.652080774307251,0.6327143907546997,0.5302093625068665,0.0333232581615448,-2.241832971572876,1.0486423969268799,1.1136009693145752,-1.4931772947311401
0.4551758749999989,0.0034223749999999996,133.0,1.9105782312951878,-1.245469475040104,0.07238585619685244,-0.013949507260256292,-8.026042115538401e-5,-0.006414415869485147,0.06856561205014698,-0.04859462380409241,0.13785624504089355,-0.11948302388191223,0.34126949310302734,0.06436493247747421,-0.6906616687774658,0.2861667573451996,0.4581051468849182,-0.4509240686893463,0.6833393573760986,0.6601319313049316,-0.8036547899246216
0.4551758749999989,0.0034223749999999996,133.0,1.9060499627153225,-1.2409170568126744,0.07243251062308444,-0.007526627790745616,-2.9936558050309975e-5,-0.0034553745502344385,0.06855982055718154,-0.04953831434249878,0.14074082672595978,-0.11539027094841003,0.35685259103775024,0.03961464390158653,-0.6671884059906006,0.2727926969528198,0.4463769793510437,-0.5576381683349609,0.7049899101257324,0.6699526309967041,-0.8076024651527405
0.4551758749999989,0.0034223749999999996,133.0,1.900672864530337,-1.2355802925429256,0.07241969896392342,-0.006182052355256981,-2.1585935076029256e-5,-0.002835745672510582,0.06855850643521887,-0.05093243718147278,0.14239253103733063,-0.11574375629425049,0.36882224678993225,0.06835085898637772,-0.6509051322937012,0.2647852897644043,0.45458629727363586,-0.640678346157074,0.7131788730621338,0.6838207840919495,-0.8281822204589844
0.4551758749999989,0.0034223749999999996,133.0,1.8944818429042833,-1.229405713027204,0.07240807411536018,-0.005590849980675963,-1.636854607723534e-5,-0.002561760073284509,0.06855794226056955,-0.05100160837173462,0.14135608077049255,-0.11604246497154236,0.37118005752563477,0.08957012742757797,-0.638411283493042,0.26085925102233887,0.4625350832939148,-0.6879284381866455,0.7165296077728271,0.7004771828651428,-0.8387750387191772
0.4551758749999989,0.0034223749999999996,133.0,1.88743256399487,-1.222414050069904,0.07240217739243997,-0.00524656400540897,-1.5189250557058228e-5,-0.0024033427450263697,0.06855771146651644,-0.053420424461364746,0.14025725424289703,-0.1165730357170105,0.3687836527824402,0.1134009063243866,-0.6160755157470703,0.2615843415260315,0.47082486748695374,-0.7018210887908936,0.7238178253173828,0.689974308013916,-0.8449032306671143
0.4551758749999989,0.0034223749999999996,133.0,1.8786799472601723,-1.2161057743569177,0.06980019307174724,-0.005003791965681547,-6.324806717747597e-5,-0.0022915673569881886,0.06863620717458895,-0.05344831943511963,0.137156143784523,-0.11591821908950806,0.36743274331092834,0.14335571229457855,-0.6016063690185547,0.26422882080078125,0.48195749521255493,-0.7479671835899353,0.7226517200469971,0.7227645516395569,-0.8550503849983215
0.4551758749999989,0.0034223749999999996,133.0,1.8699828537576968,-1.2074846487680766,0.06972049939287271,-0.004805167711545452,-6.099835076634784e-5,-0.002200628105118803,0.0686371174332585,-0.05507662892341614,0.13371361792087555,-0.11574578285217285,0.3597314953804016,0.17194892466068268,-0.5767667293548584,0.26608705520629883,0.4971376359462738,-0.7685494422912598,0.7287731170654297,0.7281729578971863,-0.862834095954895
0.4551758749999989,0.0034223749999999996,133.0,1.8604661241917075,-1.1980117758365696,0.06965006265307036,-0.004655937301713792,-5.770674788340102e-5,-0.002130462932306417,0.06863778918015405,-0.056634992361068726,0.1328967660665512,-0.11706829071044922,0.3602425754070282,0.19735895097255707,-0.5593492984771729,0.26773545145988464,0.5065606236457825,-0.7988319396972656,0.7286663055419922,0.7287832498550415,-0.8730679154396057
0.4551758749999989,0.0034223749999999996,133.0,1.8500998918554248,-1.187685410993656,0.06963503556652931,-0.004522822362828043,-5.37294098767506e-5,-0.002066437298591768,0.06863781449847496,-0.05984047055244446,0.13140781223773956,-0.11812219023704529,0.35462069511413574,0.22061555087566376,-0.5353682041168213,0.27555006742477417,0.5177913904190063,-0.7992965579032898,0.7340953350067139,0.7114719152450562,-0.8788950443267822
0.4551758749999989,0.0034223749999999996,133.0,1.8389003684021035,-1.1765299953368213,0.06963335612141903,-0.00438844437461747,-5.297616397951062e-5,-0.002005447029722589,0.06863811034028637,-0.06185296177864075,0.12811249494552612,-0.11839756369590759,0.3425518572330475,0.2361450344324112,-0.5139503479003906,0.285778671503067,0.5305667519569397,-0.7819216847419739,0.7400999069213867,0.698337972164154,-0.8797155022621155
0.4551758749999989,0.0034223749999999996,133.0,1.8268799837246552,-1.164520423553445,0.06965587523034407,-0.004264733351510724,-5.0545607739665435e-5,-0.0019472832300728548,0.06863813844460538,-0.06342017650604248,0.12765678763389587,-0.11985033750534058,0.3344453275203705,0.22706414759159088,-0.503413200378418,0.2992212176322937,0.5292150974273682,-0.7365714311599731,0.7456035614013672,0.676687479019165,-0.8701049089431763
0.4551758749999989,0.0034223749999999996,133.0,1.814046129992631,-1.1516962433834377,0.06965224605410736,-0.004139558917230564,-4.5744981996060186e-5,-0.0018854523391505136,0.06863893130530804,-0.0640641450881958,0.12639284133911133,-0.1216600239276886,0.33852922916412354,0.2626454830169678,-0.48911118507385254,0.2988918125629425,0.5418587327003479,-0.8093441724777222,0.7368006706237793,0.7068214416503906,-0.8873275518417358
0.4551758749999989,0.0034223749999999996,133.0,1.8003892747792114,-1.1380106803017822,0.0696733008247931,-0.0040308949538803785,-4.2914594156668726e-5,-0.0018344478881043367,0.0686386260785998,-0.0624137818813324,0.1269877552986145,-0.12360584735870361,0.34747448563575745,0.27780401706695557,-0.4877758026123047,0.28989866375923157,0.5441794395446777,-0.8866767883300781,0.7226793766021729,0.7456842064857483,-0.8989256620407104
0.4551758749999989,0.0034223749999999996,133.0,1.7859053330937418,-1.1235106377803243,0.0696679393701796,-0.003893328215593791,-3.9133232621455965e-5,-0.001769075931362586,0.06863882964764526,-0.06249907612800598,0.1261129230260849,-0.12495163083076477,0.3358708620071411,0.25298449397087097,-0.48838233947753906,0.30249321460723877,0.5359227061271667,-0.8170400261878967,0.7313582897186279,0.7272048592567444,-0.8786947727203369
0.4551758749999989,0.0034223749999999996,133.0,1.770566753203671,-1.1081824121395547,0.06963515296245557,-0.0037172421411962686,-3.8976579221573795e-5,-0.0016913082509922746,0.06863829891925724,-0.0624413788318634,0.12628787755966187,-0.12614786624908447,0.3342437744140625,0.24807484447956085,-0.4850773811340332,0.30453988909721375,0.5331928730010986,-0.817145586013794,0.7312569618225098,0.7377557158470154,-0.8743072748184204
0.4551758749999989,0.0034223749999999996,133.0,1.7543984455862023,-1.092016469371735,0.06963116354085695,-0.003554171331772001,-3.554944363322793e-5,-0.0016151954219590682,0.06863790707501337,-0.06399652361869812,0.1270311027765274,-0.12733200192451477,0.3377009332180023,0.2627946734428406,-0.4728872776031494,0.3036819398403168,0.5356883406639099,-0.852183997631073,0.7293503284454346,0.757552981376648,-0.8804596066474915
0.4551758749999989,0.0034223749999999996,133.0,1.7373933415990461,-1.0750257898097995,0.06961192193036342,-0.003367502243446953,-3.443719125437973e-5,-0.0015311960410876262,0.06863770983329376,-0.06551989912986755,0.12736038863658905,-0.1283183991909027,0.336033433675766,0.26666927337646484,-0.4614121913909912,0.3087502717971802,0.537792444229126,-0.8567222356796265,0.731846809387207,0.7638263702392578,-0.880972683429718
0.4551758749999989,0.0034223749999999996,133.0,1.7195657001044895,-1.0571915589716572,0.06960403661632728,-0.0031913740882050863,-3.168868499028636e-5,-0.0014501618782272593,0.06863717565378746,-0.06575977802276611,0.1290372908115387,-0.12938803434371948,0.33957144618034363,0.26209381222724915,-0.45848917961120605,0.3075646460056305,0.5319321155548096,-0.8672065138816833,0.7314565181732178,0.774604082107544,-0.8786536455154419
0.4551758749999989,0.0034223749999999996,133.0,1.7008984300507755,-1.0385026476775998,0.06963460004906175,-0.0030076275991512053,-2.955902844415473e-5,-0.0013667043879419085,0.06863573393087842,-0.0670781135559082,0.13072513043880463,-0.13100776076316833,0.3415970206260681,0.25953760743141174,-0.4525585174560547,0.31003957986831665,0.5257667303085327,-0.8628440499305725,0.7331554889678955,0.7765544056892395,-0.8744891881942749
0.4551758749999989,0.0034223749999999996,133.0,1.6813995268042465,-1.0190209804428285,0.06961634340160903,-0.002842965505635451,-2.8955206905807127e-5,-0.0012929496513420136,0.06863569003459401,-0.06824126839637756,0.131036177277565,-0.13233083486557007,0.33988451957702637,0.2605343461036682,-0.4435160160064697,0.31521373987197876,0.5260497331619263,-0.8591122031211853,0.7354061603546143,0.776235818862915,-0.8730917572975159
0.4551758749999989,0.0034223749999999996,133.0,1.66108593199439,-0.9986891871990073,0.06960421551507157,-0.002627460966698782,-2.6981949302302363e-5,-0.0011955112570213818,0.06863510738715398,-0.06743443012237549,0.1335759311914444,-0.13362008333206177,0.35141295194625854,0.2666427493095398,-0.44176411628723145,0.30317458510398865,0.5205245018005371,-0.9139471650123596,0.7263889312744141,0.7996622323989868,-0.8792763948440552
0.4551758749999989,0.0034223749999999996,133.0,1.6399109054174128,-0.9775766016895052,0.0695779449382369,-0.0024132065541897702,-2.5834444957158833e-5,-0.0010990755103632115,0.0686356966777077,-0.07025346159934998,0.1290377825498581,-0.1336727738380432,0.3379020392894745,0.2963683605194092,-0.4118969440460205,0.3109583258628845,0.5408356189727783,-0.9292594790458679,0.7298283576965332,0.8187429904937744,-0.8863675594329834
0.4551758749999989,0.0034223749999999996,133.0,1.617925674636945,-0.9555843779723321,0.06956783358936948,-0.002210634204169421,-2.274515087765361e-5,-0.0010058345079636624,0.06863503020051921,-0.07223570346832275,0.13101394474506378,-0.13546457886695862,0.3442744016647339,0.30965283513069153,-0.3971540927886963,0.3092733919620514,0.5399128794670105,-0.9672187566757202,0.7257099151611328,0.8363659977912903,-0.892042338848114
0.4551758749999989,0.0034223749999999996,133.0,1.595101671950998,-0.9327614753759701,0.0695616185409185,-0.0020084770715533933,-2.0011062168291093e-5,-0.0009130324430468394,0.06863432298470863,-0.07392477989196777,0.13054701685905457,-0.13636231422424316,0.326004296541214,0.2625475823879242,-0.40033507347106934,0.3370361626148224,0.5275158286094666,-0.8305047750473022,0.7498035430908203,0.7948359847068787,-0.8607432246208191
0.4551758749999989,0.0034223749999999996,133.0,1.5714396841468667,-0.9090934505806759,0.06955232773959827,-0.0018466876843722614,-1.7294993428603683e-5,-0.0008380028335775341,0.06863308265344632,-0.0775495171546936,0.13542068004608154,-0.13995012640953064,0.337196946144104,0.2664085924625397,-0.3934776782989502,0.3415567874908447,0.5164052844047546,-0.8355141282081604,0.7496011257171631,0.7845043540000916,-0.8609156012535095
0.4551758749999989,0.0034223749999999996,133.0,1.5469644407631151,-0.8846116020696544,0.06953317190666687,-0.0016480822793873682,-1.5450388290891298e-5,-0.0007482330032357296,0.06863231173587511,-0.0767693817615509,0.13919441401958466,-0.1415245234966278,0.3534301817417145,0.2752366065979004,-0.39066433906555176,0.32288792729377747,0.5077741146087646,-0.9113126397132874,0.7378556728363037,0.8134657144546509,-0.8687427639961243
0.4551758749999989,0.0034223749999999996,133.0,1.5216169860959434,-0.859263261170334,0.06958920484968091,-0.0014638460444891563,-1.5307827372654947e-5,-0.0006664308100521247,0.06863061692046733,-0.07980337738990784,0.14001259207725525,-0.1435995101928711,0.3540811538696289,0.2894406020641327,-0.3731114864349365,0.32862764596939087,0.5116084814071655,-0.9248083233833313,0.7401416301727295,0.8157414793968201,-0.8734156489372253
0.4551758749999989,0.0034223749999999996,133.0,1.4954668301611005,-0.8331345296350535,0.06957795299582001,-0.0012823487933040448,-1.3370532592746927e-5,-0.0005837377475033708,0.06863048781448071,-0.0814608633518219,0.13807827234268188,-0.14483314752578735,0.34580352902412415,0.2979905903339386,-0.35695314407348633,0.33665770292282104,0.5191949009895325,-0.9211658835411072,0.7446441650390625,0.8269894123077393,-0.8728141784667969
0.4551758749999989,0.0034223749999999996,133.0,1.4684846157154472,-0.8061645301284338,0.06957144767038714,-0.0011318094859830955,-1.1851204395745994e-5,-0.0005152473899478784,0.06863018378375767,-0.08301803469657898,0.13818825781345367,-0.14676040410995483,0.3428087830543518,0.2992986738681793,-0.34557485580444336,0.3445144593715668,0.5200375318527222,-0.9162046313285828,0.7483360767364502,0.8301294445991516,-0.870692253112793
0.4551758749999989,0.0034223749999999996,133.0,1.4406742766954528,-0.7783710766408297,0.0695474622853231,-0.0009977199653085137,-1.0502190037726458e-5,-0.00045424701822067135,0.06863004598393153,-0.08432608842849731,0.13807007670402527,-0.14882776141166687,0.33895188570022583,0.2989597022533417,-0.3357675075531006,0.3533136546611786,0.5210959315299988,-0.9068260192871094,0.7521047592163086,0.8316760659217834,-0.8679025173187256
0.4551758749999989,0.0034223749999999996,133.0,1.4120382587305873,-0.749757367293279,0.06953760673922119,-0.0008237768037185615,-7.864805692577682e-6,-0.000374067172473427,0.06863041494700774,-0.0878128707408905,0.13686281442642212,-0.15112996101379395,0.33817946910858154,0.3360249996185303,-0.3059120178222656,0.35642221570014954,0.5327993035316467,-0.9592554569244385,0.7473363876342773,0.8629492521286011,-0.8792411684989929
0.4551758749999989,0.0034223749999999996,133.0,1.382559779915099,-0.7203151743499623,0.06952254120066952,-0.0006915994567107209,-6.423837816489339e-6,-0.0003137487932831644,0.06863084625442956,-0.09028393030166626,0.13573385775089264,-0.15268278121948242,0.3237094581127167,0.3150825500488281,-0.29900288581848145,0.3834565579891205,0.5317500233650208,-0.8810141086578369,0.7656209468841553,0.8554807305335999,-0.8634374141693115
0.4551758749999989,0.0034223749999999996,133.0,1.3522500650742464,-0.6900250575401636,0.06949424857844975,-0.000519121774193406,-4.93955377661965e-6,-0.00023560723734254095,0.06863042203644087,-0.09271085262298584,0.1360033005475998,-0.15479740500450134,0.3212103545665741,0.32240453362464905,-0.2830369472503662,0.3929333984851837,0.5335131287574768,-0.8828460574150085,0.7689318656921387,0.8657134771347046,-0.8628010749816895
0.4551758749999989,0.0034223749999999996,133.0,1.3211270804765072,-0.6588857223468578,0.06948619476913107,-0.00032614982659263784,-2.9110147688761183e-6,-0.00014783912215692577,0.06862956226076589,-0.0927513837814331,0.13912703096866608,-0.15669426321983337,0.33416327834129333,0.33455535769462585,-0.2713887691497803,0.3762081563472748,0.5244450569152832,-0.9463418126106262,0.7593038082122803,0.883389413356781,-0.8668712973594666
0.4551758749999989,0.0034223749999999996,133.0,1.2891626694586265,-0.6269151781822889,0.06946717989290695,-0.00015243098914132782,-1.4304797987484731e-6,-6.91995277944193e-5,0.06862848046700612,-0.09354132413864136,0.14143119752407074,-0.15856626629829407,0.3416050672531128,0.34186747670173645,-0.25959086418151855,0.36874955892562866,0.5176583528518677,-0.9765963554382324,0.755866527557373,0.8878190517425537,-0.8676233291625977
0.4551758749999989,0.0034223749999999996,133.0,1.2563432981368094,-0.594144337836616,0.06940969638094123,1.690055722667663e-5,1.859549814257435e-7,7.702704907570706e-6,0.06862765976378668,-0.0952761173248291,0.13870546221733093,-0.1597670018672943,0.3310210704803467,0.35336682200431824,-0.24099206924438477,0.3780362010002136,0.5273929834365845,-0.9728597402572632,0.7607064247131348,0.9056662321090698,-0.8668726086616516
0.4551758749999989,0.0034223749999999996,133.0,1.222707887697384,-0.5605229120466639,0.06939594412644398,0.0001867184073482637,2.0616411201258585e-6,8.510365244962104e-5,0.06862701859614129,-0.0976162850856781,0.13940472900867462,-0.16186830401420593,0.33011215925216675,0.3571493923664093,-0.22717785835266113,0.3866004943847656,0.5268611311912537,-0.9690586924552917,0.7657551765441895,0.9062070250511169,-0.8654872179031372
0.4551758749999989,0.0034223749999999996,133.0,1.1882463391328437,-0.5260502652068171,0.06937984823719974,0.00037077163453339956,3.836161766813272e-6,0.00016873703989319402,0.06862544616567848,-0.09987133741378784,0.14299388229846954,-0.16427212953567505,0.33101850748062134,0.3293425738811493,-0.22835302352905273,0.4022929072380066,0.5087220668792725,-0.907509446144104,0.7795579433441162,0.8823460936546326,-0.8479499816894531
0.4551758749999989,0.0034223749999999996,133.0,1.1529451683328191,-0.49076701834745834,0.06936400539686349,0.0005155689631827909,5.326376045875422e-6,0.00023459927360351058,0.06862471047347111,-0.10270810127258301,0.14372935891151428,-0.166664719581604,0.33032363653182983,0.33719125390052795,-0.21117758750915527,0.4126327931880951,0.5090361833572388,-0.911216139793396,0.7834537029266357,0.8901494145393372,-0.8476826548576355
0.4551758749999989,0.0034223749999999996,133.0,1.1168139777945025,-0.45465364547130727,0.06934734404887449,0.0006788941186339155,7.023363451109095e-6,0.0003088950702289271,0.06862401608811318,-0.10532823204994202,0.14438773691654205,-0.169068843126297,0.3294222056865692,0.3435806930065155,-0.19523906707763672,0.42328310012817383,0.5088414549827576,-0.9106842875480652,0.7878715991973877,0.8943876624107361,-0.8466730117797852
0.4551758749999989,0.0034223749999999996,133.0,1.0798518888333568,-0.41770512119636305,0.06934172046782267,0.00085287422927032,8.880599991480027e-6,0.0003880789462364773,0.0686233051785877,-0.10765370726585388,0.14487400650978088,-0.17142584919929504,0.32795462012290955,0.34753701090812683,-0.1813809871673584,0.43498262763023376,0.5084661841392517,-0.9043909907341003,0.7931685447692871,0.8948301076889038,-0.8448823690414429
0.4551758749999989,0.0034223749999999996,133.0,1.0420635402713816,-0.3799326033373517,0.06932449427305724,0.0010503986450456585,1.1408947070371823e-5,0.00047836050047916326,0.06862296450026542,-0.1096811294555664,0.1449328511953354,-0.17384180426597595,0.32544246315956116,0.3494216203689575,-0.1689150333404541,0.44870975613594055,0.5085412263870239,-0.8939898610115051,0.7988066673278809,0.8950281143188477,-0.8424748182296753
0.4551758749999989,0.0034223749999999996,133.0,1.0034382319441726,-0.3413151793552288,0.06934084606706169,0.0012380221671686887,1.3636204014665507e-5,0.0005639486927023717,0.06862229956037064,-0.11150580644607544,0.14490962028503418,-0.17624837160110474,0.3225587010383606,0.34929144382476807,-0.15809869766235352,0.46324387192726135,0.5086759924888611,-0.8793766498565674,0.8049955368041992,0.8923767805099487,-0.8397331237792969
0.4551758749999989,0.0034223749999999996,133.0,0.9639656884953476,-0.3019147180250794,0.06931661497670974,0.0013597982682815445,1.538674086080236e-5,0.0006195437762193261,0.06862271434062324,-0.11496526002883911,0.14055588841438293,-0.17862460017204285,0.3104974329471588,0.3768816292285919,-0.13538146018981934,0.48505911231040955,0.52848881483078,-0.8817818760871887,0.8104953765869141,0.9162553548812866,-0.8477531671524048
0.4551758749999989,0.0034223749999999996,133.0,0.923684328583235,-0.2616445532322627,0.06930158268843782,0.0015155475874705437,1.7386043777911966e-5,0.0006906806816071079,0.06862218967037224,-0.11689242720603943,0.14086434245109558,-0.1809556782245636,0.3094850182533264,0.37780267000198364,-0.12571430206298828,0.4987551271915436,0.5277583599090576,-0.8687134981155396,0.815955400466919,0.9124634265899658,-0.846036970615387
0.4551758749999989,0.0034223749999999996,133.0,0.8825566607835342,-0.22050126297732353,0.06926205810132813,0.0016669464497702476,1.9570105167043877e-5,0.0007600513438784292,0.06861971107619658,-0.1213306188583374,0.1480112373828888,-0.18626564741134644,0.3229256272315979,0.3549327850341797,-0.13538455963134766,0.5209130048751831,0.49725309014320374,-0.7681518793106079,0.828202486038208,0.8239663243293762,-0.8287011384963989
0.4551758749999989,0.0034223749999999996,133.0,0.8412180709131809,-0.1770450484668781,0.07161433241331022,0.0018107364712491765,7.346834246605134e-6,0.0008284715016922813,0.06853241556206496,-0.121487557888031,0.15153057873249054,-0.18690091371536255,0.2953815162181854,0.2210942655801773,-0.16081619262695312,0.5826676487922668,0.4639245867729187,-0.4290076494216919,0.8596065044403076,0.6905821561813354,-0.7664117217063904
0.4551758749999989,0.0034223749999999996,133.0,0.7984250254370817,-0.1342643988174541,0.07158045471304658,0.0019086020740694608,1.0995757599495896e-5,0.0008757352469237914,0.06853168796577713,-0.12394610047340393,0.15413612127304077,-0.18865418434143066,0.2863922715187073,0.16942650079727173,-0.15492796897888184,0.6155964136123657,0.4437648057937622,-0.26577088236808777,0.8625867366790771,0.6184154748916626,-0.7367193102836609
0.4551758749999989,0.0034223749999999996,133.0,0.7547551234298954,-0.09066878262692943,0.07154441299074335,0.0018843041048092627,1.2037391662106263e-5,0.0008654809066782899,0.06852993445441669,-0.1290406584739685,0.15651358664035797,-0.19059528410434723,0.30361831188201904,0.22305519878864288,-0.1303269863128662,0.602581799030304,0.456994891166687,-0.435198038816452,0.8842945098876953,0.6824497580528259,-0.767845630645752
0.4551758749999989,0.0034223749999999996,133.0,0.7097358179338636,-0.047585359413825454,0.06917975876326304,0.0017627370272931748,1.9408071734512632e-5,0.0008049740888695153,0.06860822625354214,-0.1360129714012146,0.1768711805343628,-0.19263909757137299,0.3707188367843628,0.3069811463356018,-0.08153057098388672,0.42797330021858215,0.4696628153324127,-0.9816002249717712,0.9497175216674805,0.7933627963066101,-0.8484693169593811
0.4551758749999989,0.0034223749999999996,133.0,0.6643722642930932,-0.0021118455680850896,0.06914540020887745,0.00010393981000148994,6.520464295857298e-7,4.7169376888363924e-5,0.06860012884707306,-0.15426436066627502,0.2125048190355301,-0.1900918036699295,0.41060540080070496,0.35239145159721375,0.1265246868133545,0.16371066868305206,0.5801664590835571,-1.8495430946350098,1.0715794563293457,0.9845290184020996,-0.9993391633033752
0.4551758749999989,0.0034223749999999996,133.0,0.7093324043253424,0.043930345516903835,0.07196399245688884,-0.0017130440955225067,-3.289655375164981e-5,-0.0007984589679833893,0.0684174167183801,-0.20017462968826294,0.10578078031539917,-0.18651500344276428,0.5641123652458191,-0.2004433423280716,0.10259604454040527,1.0550965070724487,-0.07849067449569702,-0.8638713955879211,1.4480335712432861,0.3906673789024353,-0.48575082421302795
0.4551758749999989,0.0034223749999999996,133.0,0.7531996554554075,0.08870294388186441,0.07211854506077434,-0.0019046242908924735,-2.498519137660395e-5,-0.0008927194555127379,0.06838127286102093,-0.25641873478889465,0.13707946240901947,-0.1404191255569458,0.793804407119751,-0.42182180285453796,0.4025123119354248,0.7266376614570618,0.04014623165130615,-1.7416443824768066,1.798917293548584,0.7046480178833008,-0.8332014083862305
0.4551758749999989,0.0034223749999999996,133.0,0.796527507857273,0.13254397064654025,0.07246360004260581,-0.0018937383279430463,-1.9088697136621167e-5,-0.0008845361230240942,0.06835813249885177,-0.28026083111763,0.16104672849178314,-0.10635364055633545,0.9627270698547363,-0.5484098196029663,0.5031255483627319,0.5634732842445374,0.09841954708099365,-2.0011496543884277,1.848160743713379,0.802882730960846,-1.0612895488739014
0.4551758749999989,0.0034223749999999996,133.0,0.8391734480781818,0.1754660069620182,0.07263150671358969,-0.0017858267159821008,-1.647645171313038e-5,-0.0008319069277676887,0.06834953817421759,-0.28789564967155457,0.17541654407978058,-0.09463441371917725,1.0207104682922363,-0.6018586158752441,0.5378820896148682,0.5440033078193665,0.11522325873374939,-2.091667890548706,1.8337082862854004,0.8118195533752441,-1.1366969347000122
0.4551758749999989,0.0034223749999999996,133.0,0.8810829576947627,0.21747515078680704,0.07268137499354597,-0.001633642477808725,-1.493510207579191e-5,-0.0007601982941912202,0.06834708000166922,-0.2906505763530731,0.18191702663898468,-0.09134170413017273,1.038111686706543,-0.6236496567726135,0.5535837411880493,0.5371868014335632,0.12406730651855469,-2.123591423034668,1.821579933166504,0.8271714448928833,-1.1632144451141357
0.4551758749999989,0.0034223749999999996,133.0,0.922167351275349,0.2586190527295992,0.07264905490569587,-0.0014484791059854035,-1.3451706494916958e-5,-0.0006741173810312744,0.06834827332829752,-0.29259005188941956,0.1852518767118454,-0.09207749366760254,1.0281329154968262,-0.6407778263092041,0.5683109760284424,0.5440282821655273,0.13818737864494324,-2.1242966651916504,1.8169970512390137,0.8270503878593445,-1.1673932075500488
0.4551758749999989,0.0034223749999999996,133.0,0.9624663992143334,0.2989186657703467,0.07268640343538861,-0.0013633352613549596,-1.2953471570103875e-5,-0.0006339357938021534,0.0683458764777082,-0.2907939851284027,0.1883947104215622,-0.09093859791755676,1.039332628250122,-0.6295985579490662,0.5786161422729492,0.5617187023162842,0.13477745652198792,-2.1211276054382324,1.7940187454223633,0.8307871222496033,-1.17534339427948
0.4551758749999989,0.0034223749999999996,133.0,1.0019353498990373,0.33837760052224675,0.07268178878613753,-0.0011658428704656185,-1.1077867760037474e-5,-0.0005415646882889939,0.06834415128624236,-0.2880100905895233,0.19247348606586456,-0.08631682395935059,1.0741384029388428,-0.6181251406669617,0.5823453664779663,0.5610933899879456,0.12362506985664368,-2.1294589042663574,1.7625226974487305,0.8510847687721252,-1.1992768049240112
0.4551758749999989,0.0034223749999999996,133.0,1.0405435055696761,0.37702353253944426,0.07270528939028274,-0.0010143182086905175,-9.724267932239406e-6,-0.0004707779673881626,0.06834272297181664,-0.28773996233940125,0.19593092799186707,-0.08431291580200195,1.0882081985473633,-0.6218541860580444,0.5951244831085205,0.5710486769676208,0.1234416663646698,-2.142298698425293,1.7417478561401367,0.8694257140159607,-1.2133922576904297
0.4551758749999989,0.0034223749999999996,133.0,1.0783203210783392,0.4148375793348661,0.07272769089929206,-0.0008245858796758925,-7.958963958184373e-6,-0.0003824014095094665,0.0683413442467434,-0.2875213325023651,0.1993720829486847,-0.08235564827919006,1.1019582748413086,-0.625144898891449,0.6075129508972168,0.580326497554779,0.12302815914154053,-2.155559539794922,1.7212529182434082,0.8869531154632568,-1.2269554138183594
0.4551758749999989,0.0034223749999999996,133.0,1.1152659418695017,0.4518180637072854,0.07274638265623343,-0.0006561731512503687,-6.390200395951441e-6,-0.000304064866856976,0.06834006566064678,-0.2872907221317291,0.20255666971206665,-0.08073052763938904,1.1140978336334229,-0.6265684962272644,0.6192164421081543,0.5904009342193604,0.12217271327972412,-2.1666057109832764,1.7020573616027832,0.9028835892677307,-1.238447666168213
0.4551758749999989,0.0034223749999999996,133.0,1.1513789281856526,0.487968425683725,0.07276792700158995,-0.0004955808209196084,-4.868008187476682e-6,-0.0002294627440327387,0.06833874377892075,-0.28714826703071594,0.20574665069580078,-0.07902365922927856,1.1263668537139893,-0.6282680034637451,0.6316673755645752,0.6013526916503906,0.121072918176651,-2.1795215606689453,1.6825065612792969,0.9196988940238953,-1.249833345413208
0.4551758749999989,0.0034223749999999996,133.0,1.186659057270316,0.5232856974217329,0.0727802377646659,-0.00034060915242362745,-3.3845909137805118e-6,-0.0001575686377834461,0.06833747793665759,-0.28722891211509705,0.2090335190296173,-0.07767349481582642,1.1372648477554321,-0.6286277770996094,0.64763343334198,0.6181322336196899,0.11911821365356445,-2.196941614151001,1.663022518157959,0.9374393820762634,-1.2590047121047974
0.4551758749999989,0.0034223749999999996,133.0,1.2210940334556364,0.5577832961231415,0.07284345858179968,-0.00019106394605739724,-1.9122519797533696e-6,-8.826405499405092e-5,0.06833453527263296,-0.28774234652519226,0.21265564858913422,-0.07662081718444824,1.147326946258545,-0.6280927062034607,0.6694285869598389,0.6422918438911438,0.11612683534622192,-2.2221662998199463,1.6431684494018555,0.9562404751777649,-1.2663286924362183
0.4551758749999989,0.0034223749999999996,133.0,1.254626974896518,0.5914584359040833,0.07293249834313432,-5.7001129233965846e-5,-5.805520643166992e-7,-2.6275929918939498e-5,0.06833024859286536,-0.29545602202415466,0.21575506031513214,-0.07419386506080627,1.170506238937378,-0.6403860449790955,0.7343155145645142,0.7243077754974365,0.10160288214683533,-2.3295960426330566,1.644495964050293,1.054187297821045,-1.275834321975708
0.4551758749999989,0.0034223749999999996,133.0,1.2873191647143467,0.6243193314705535,0.07306819273469044,0.00012309080725555593,1.2499716299616416e-6,5.6559209655668896e-5,0.06832588053226442,-0.30401667952537537,0.22050873935222626,-0.0703572928905487,1.2035727500915527,-0.6503428220748901,0.8059258460998535,0.8049525022506714,0.08187764883041382,-2.452672004699707,1.634803295135498,1.1541193723678589,-1.2901315689086914
0.4551758749999989,0.0034223749999999996,133.0,1.319391511851918,0.6544166445797978,0.07032931629840848,0.00028997477162843576,4.521113568029376e-6,0.00013264910643621735,0.06847970731679719,-0.3092111051082611,0.22477100789546967,-0.056226909160614014,1.2807953357696533,-0.6528024077415466,0.865293025970459,0.8985685706138611,0.029556959867477417,-2.6269516944885254,1.5823256969451904,1.3692598342895508,-1.3167650699615479
0.4551758749999989,0.0034223749999999996,133.0,1.35045968958521,0.685589966378233,0.07038294797965701,0.00045860050877701534,7.14024891399181e-6,0.00020945462273145975,0.06847871508062696,-0.3174973428249359,0.22967767715454102,-0.051894694566726685,1.3073810338974,-0.6587292551994324,0.9287761449813843,0.9647807478904724,0.012019574642181396,-2.7311620712280273,1.5604941844940186,1.452850341796875,-1.3266806602478027
0.4551758749999989,0.0034223749999999996,133.0,1.3807361969841208,0.7159146951993041,0.07046516500798058,0.0006582216630229787,1.0214695941445632e-5,0.00030022242651744896,0.06847667286153654,-0.3151227533817291,0.23304258286952972,-0.04817777872085571,1.3304214477539062,-0.6473826766014099,0.9377144575119019,0.9738872647285461,0.0021967291831970215,-2.741943120956421,1.5338456630706787,1.4619371891021729,-1.340022087097168
0.4551758749999989,0.0034223749999999996,133.0,1.4101928894207745,0.7454036501987846,0.07052178340070513,0.0008006430949618208,1.2358832470308983e-5,0.0003648821236118421,0.0684753041164922,-0.31238260865211487,0.23533087968826294,-0.045795321464538574,1.3444924354553223,-0.6382523775100708,0.9425861835479736,0.9817509651184082,-0.00448155403137207,-2.7388627529144287,1.5093858242034912,1.4671210050582886,-1.3474657535552979
0.4551758749999989,0.0034223749999999996,133.0,1.438840838422362,0.7740656887514181,0.07059254866551054,0.000982536249277776,1.5132756361903078e-5,0.00044748122858641245,0.0684735004669586,-0.31419339776039124,0.2383708357810974,-0.03688052296638489,1.3915584087371826,-0.6263359189033508,0.9605168104171753,1.0055431127548218,-0.02851623296737671,-2.807798147201538,1.4809398651123047,1.5527716875076294,-1.3711905479431152
0.4551758749999989,0.0034223749999999996,133.0,1.4666396245000726,0.8018817053076729,0.07056577607064884,0.001122638715167162,1.7435733859867207e-5,0.0005112494212743285,0.06847369595016037,-0.31484588980674744,0.2403348684310913,-0.037990719079971313,1.381611704826355,-0.6455413103103638,0.9751384258270264,1.0053746700286865,-0.01733154058456421,-2.799673557281494,1.4694068431854248,1.5484539270401,-1.3723914623260498
0.4551758749999989,0.0034223749999999996,133.0,1.4936100596771522,0.8288645948563985,0.07057727668963935,0.001278908678637633,1.9893079137608112e-5,0.0005821195682083628,0.0684730375644369,-0.31453344225883484,0.24252240359783173,-0.03600195050239563,1.392367959022522,-0.644241452217102,0.9861553907394409,1.0141116380691528,-0.021583914756774902,-2.8100521564483643,1.450110912322998,1.5647045373916626,-1.3790427446365356
0.4551758749999989,0.0034223749999999996,133.0,1.5197676651025795,0.8550033710359976,0.07061691989661198,0.0014661440868414396,2.2815173924865054e-5,0.000667204451471266,0.06847251060049123,-0.3106462061405182,0.24297532439231873,-0.03829023241996765,1.3834036588668823,-0.6348568797111511,0.9899978637695312,1.0250762701034546,-0.021988391876220703,-2.775304079055786,1.4333248138427734,1.5398635864257812,-1.3694636821746826
0.4551758749999989,0.0034223749999999996,133.0,1.545092022044762,0.8803211699214755,0.07059988025019508,0.001656153888362971,2.6019286659923984e-5,0.0007536342118307656,0.06847206307121527,-0.3093719184398651,0.24562440812587738,-0.03673097491264343,1.3906885385513306,-0.6391131281852722,0.9934662580490112,1.0186151266098022,-0.020399510860443115,-2.7742056846618652,1.415015697479248,1.5364549160003662,-1.37833571434021
0.4551758749999989,0.0034223749999999996,133.0,1.5695143075244067,0.9048309445366791,0.07067204518858534,0.0018677336741419167,2.8898807607736335e-5,0.0008488804056500041,0.06847096158873438,-0.31050291657447815,0.24845805764198303,-0.036377280950546265,1.3916841745376587,-0.6492040157318115,1.0132180452346802,1.0242118835449219,-0.017540395259857178,-2.786914110183716,1.3981149196624756,1.5398725271224976,-1.3822754621505737
0.4551758749999989,0.0034223749999999996,133.0,1.5931557237068545,0.9284943173271549,0.07067874491596039,0.002024217600532106,3.1388690877184866e-5,0.0009197042441285025,0.06847050455096618,-0.3114881217479706,0.25031355023384094,-0.03757983446121216,1.3850961923599243,-0.658716082572937,1.0269453525543213,1.0248700380325317,-0.010488331317901611,-2.7837910652160645,1.3896574974060059,1.5337337255477905,-1.3827323913574219
0.4551758749999989,0.0034223749999999996,133.0,1.6159251001610075,0.951329198158297,0.07073023185217198,0.002223600966342042,3.385216199835829e-5,0.0010094772999632835,0.06846985581197686,-0.31656917929649353,0.25260481238365173,-0.03516113758087158,1.397266149520874,-0.6643827557563782,1.0614137649536133,1.0499742031097412,-0.017570912837982178,-2.8363163471221924,1.3797850608825684,1.5868780612945557,-1.3882880210876465
0.4551758749999989,0.0034223749999999996,133.0,1.6379313378766367,0.9733172841790434,0.07066750887128156,0.0024250229235020654,3.77001131928912e-5,0.0011016443865960947,0.06846988166505508,-0.3206820785999298,0.2542943060398102,-0.028579533100128174,1.4353787899017334,-0.6438220143318176,1.0751168727874756,1.0792109966278076,-0.041924238204956055,-2.904749631881714,1.372967004776001,1.6705514192581177,-1.4027347564697266
0.4551758749999989,0.0034223749999999996,133.0,1.6590977802717362,0.994480194802866,0.07070962616425198,0.0026380097691143527,4.114264832694831e-5,0.0011981787456236915,0.06846770001747847,-0.3192199766635895,0.25582414865493774,-0.02879422903060913,1.4352898597717285,-0.6451465487480164,1.0769425630569458,1.0730748176574707,-0.03937560319900513,-2.891892671585083,1.36083984375,1.6562910079956055,-1.4051116704940796
0.4551758749999989,0.0034223749999999996,133.0,1.6793978024398022,1.0147713441439872,0.07062603077924069,0.0028526525376030686,4.3821400163499e-5,0.0012942085774694093,0.06846927089553481,-0.316570907831192,0.2582244873046875,-0.02683839201927185,1.4418691396713257,-0.6540672779083252,1.0692832469940186,1.0529950857162476,-0.034523963928222656,-2.879493236541748,1.3423888683319092,1.6390962600708008,-1.4164190292358398
0.4551758749999989,0.0034223749999999996,133.0,1.6988742034065352,1.0343420867617505,0.07078617167400385,0.0030191614056520985,4.6585159701217876e-5,0.001369626882815037,0.06846670114219092,-0.3166826069355011,0.25999122858047485,-0.025229603052139282,1.4521414041519165,-0.6505987644195557,1.0782785415649414,1.058182954788208,-0.039335548877716064,-2.890192747116089,1.327582597732544,1.6481244564056396,-1.4219934940338135
0.4551758749999989,0.0034223749999999996,133.0,1.717530059332784,1.0530141138493485,0.0708596202159841,0.003207907757709694,4.890580767628294e-5,0.0014543114567769047,0.06846541733941228,-0.3162820637226105,0.2614903151988983,-0.019629716873168945,1.482740879058838,-0.6340273022651672,1.0827783346176147,1.0712530612945557,-0.05827981233596802,-2.924421787261963,1.306361436843872,1.6921885013580322,-1.4339942932128906
0.4551758749999989,0.0034223749999999996,133.0,1.7353172297292005,1.0708651110135492,0.07082121338904467,0.0033721279448556294,5.13343877956723e-5,0.0015286143978603974,0.06846653809231146,-0.31948021054267883,0.2633628845214844,-0.026542842388153076,1.438514232635498,-0.6842410564422607,1.105604887008667,1.0466203689575195,-0.02097421884536743,-2.8916163444519043,1.3115479946136475,1.6390931606292725,-1.4267520904541016
0.4551758749999989,0.0034223749999999996,133.0,1.7523310994488426,1.0878627841751556,0.0708548668539096,0.0035639246084429015,5.408674287926191e-5,0.001615230068091925,0.0684655211856241,-0.31857356429100037,0.26392826437950134,-0.02259361743927002,1.4634824991226196,-0.6649560928344727,1.1024324893951416,1.0554375648498535,-0.037829458713531494,-2.9104323387145996,1.298473596572876,1.6727919578552246,-1.4351239204406738
0.4551758749999989,0.0034223749999999996,133.0,1.7684871532162911,1.104045242846489,0.07090758435645517,0.0037327955243643177,5.621565191752551e-5,0.0016914567077635782,0.06846491973416596,-0.3189517557621002,0.2648746371269226,-0.021104484796524048,1.4694653749465942,-0.67316734790802,1.1007962226867676,1.0427253246307373,-0.03472268581390381,-2.9130313396453857,1.2927517890930176,1.6802184581756592,-1.444275975227356
0.4551758749999989,0.0034223749999999996,133.0,1.7838150123390237,1.1193069811361258,0.07073882806942802,0.003900866580404642,5.839807030839488e-5,0.0017669533710129757,0.06846652163327695,-0.318991094827652,0.264961838722229,-0.02514234185218811,1.4452741146087646,-0.6937989592552185,1.1075761318206787,1.0328772068023682,-0.01715385913848877,-2.882939338684082,1.2931206226348877,1.6529877185821533,-1.4374436140060425
0.4551758749999989,0.0034223749999999996,133.0,1.7983340809051283,1.1338130137566726,0.07071790425996671,0.00403185626797059,6.083374359541263e-5,0.0018271347113298993,0.06846656218693126,-0.3211371600627899,0.26636767387390137,-0.015368014574050903,1.49660325050354,-0.6764659881591797,1.0994654893875122,1.042983055114746,-0.043091535568237305,-2.952767848968506,1.2818787097930908,1.7438076734542847,-1.4635114669799805
0.4551758749999989,0.0034223749999999996,133.0,1.8119993170249433,1.1474967138792134,0.07069702400225218,0.004149684519626125,6.231460405014182e-5,0.0018810695372490735,0.06846742983265484,-0.31770947575569153,0.2666625678539276,-0.019614338874816895,1.4613914489746094,-0.7280015349388123,1.0760841369628906,0.983538031578064,-0.002784550189971924,-2.879171133041382,1.278294324874878,1.6734004020690918,-1.4679782390594482
0.4551758749999989,0.0034223749999999996,133.0,1.8248798076401076,1.1603356768329012,0.07069004654324618,0.004274802064193665,6.461492861790633e-5,0.0019392042836529836,0.06846740111974078,-0.31240174174308777,0.2657527029514313,-0.019815951585769653,1.4569287300109863,-0.733644962310791,1.0367939472198486,0.9410781860351562,0.008760154247283936,-2.8273513317108154,1.2746758460998535,1.6422117948532104,-1.4746806621551514
0.4551758749999989,0.0034223749999999996,133.0,1.83692783655932,1.1723281315813645,0.07067872268111078,0.004407889408058476,6.716298119341914e-5,0.002000453003527379,0.06846738018819043,-0.3089877665042877,0.26513099670410156,-0.017703771591186523,1.4716668128967285,-0.714909017086029,1.0218403339385986,0.9436174631118774,-0.003133118152618408,-2.8206980228424072,1.263282060623169,1.6574069261550903,-1.4775633811950684
0.4551758749999989,0.0034223749999999996,133.0,1.8481609154605778,1.1834503245735455,0.07060099770438116,0.0045432672295117,7.000723447985194e-5,0.002062527707399888,0.06846789595566269,-0.30324289202690125,0.26451459527015686,-0.014245182275772095,1.492302417755127,-0.6886139512062073,0.9966497421264648,0.945082426071167,-0.020191311836242676,-2.8066158294677734,1.2447192668914795,1.666785717010498,-1.4811105728149414
0.4551758749999989,0.0034223749999999996,133.0,1.858572611128716,1.1937637399624275,0.07057148787713613,0.004673815898185365,7.254754563032217e-5,0.0021221144433501526,0.06846828660870803,-0.2945612370967865,0.2631334364414215,-0.01319923996925354,1.5007599592208862,-0.662580668926239,0.9519029855728149,0.9235602617263794,-0.02900981903076172,-2.746873617172241,1.2236535549163818,1.629372000694275,-1.4803738594055176
0.4551758749999989,0.0034223749999999996,133.0,1.8681293307857307,1.203318701026427,0.07067156550740268,0.00482336031881778,7.569877914216792e-5,0.0021913311383545417,0.06846742452835765,-0.2892096936702728,0.26223519444465637,-0.011456072330474854,1.5126609802246094,-0.6416524648666382,0.9228775501251221,0.9159905314445496,-0.039298951625823975,-2.7189085483551025,1.2098445892333984,1.61873459815979,-1.4818308353424072
0.4551758749999989,0.0034223749999999996,133.0,1.8766977275506116,1.214042440283985,0.0737120386059266,0.005045763370408674,5.1130540195618516e-5,0.002284782033962007,0.06830220822058262,-0.2865312993526459,0.26240548491477966,-0.01703903079032898,1.4995979070663452,-0.6311776638031006,0.9032015800476074,0.8816850781440735,-0.025594472885131836,-2.6437408924102783,1.2104239463806152,1.5014779567718506,-1.4817339181900024
0.4551758749999989,0.0034223749999999996,133.0,1.8846399318517557,1.2218838177016267,0.07373661902820508,0.0052759917346617904,5.384976113590501e-5,0.0023898888703764738,0.06830327253432887,-0.2771080434322357,0.2616089880466461,-0.01474905014038086,1.506737470626831,-0.6168029308319092,0.84156334400177,0.8332398533821106,-0.02887040376663208,-2.5660641193389893,1.1754746437072754,1.4431968927383423,-1.4850730895996094
0.4551758749999989,0.0034223749999999996,133.0,1.8917067061200095,1.2288856793662741,0.0737540103524272,0.005631253739357166,5.7555709884882126e-5,0.002551695615694247,0.06830330872946387,-0.2726236879825592,0.26083704829216003,-0.015280008316040039,1.5039386749267578,-0.6101198196411133,0.8223702907562256,0.8216376304626465,-0.030347347259521484,-2.5337722301483154,1.1587083339691162,1.4224357604980469,-1.4806190729141235
0.4551758749999989,0.0034223749999999996,133.0,1.8979693191681248,1.2350770258455208,0.07377258185759004,0.006225262599795698,6.355460591944004e-5,0.0028214487303477253,0.06830471521993513,-0.266256719827652,0.26078328490257263,-0.01183861494064331,1.5182511806488037,-0.5998921990394592,0.7761859893798828,0.7869201898574829,-0.03778344392776489,-2.4928083419799805,1.1288771629333496,1.3926106691360474,-1.487199306488037
0.4551758749999989,0.0034223749999999996,133.0,1.9034007970636584,1.2404398590485364,0.07377185800104032,0.007575758522555254,7.688956461056868e-5,0.0034347482047027635,0.06830636730526335,-0.25941863656044006,0.26029202342033386,-0.01707276701927185,1.489190936088562,-0.6085204482078552,0.7510955333709717,0.7439700365066528,-0.02113562822341919,-2.4163310527801514,1.097855567932129,1.3106962442398071,-1.4742686748504639
0.4551758749999989,0.0034223749999999996,133.0,1.9080128563484289,1.2450497846036999,0.07381649690954949,0.014052405329921526,0.0001273271981364752,0.0063574352983952675,0.06830711697476113,-0.2528601586818695,0.26624348759651184,-0.01451537013053894,1.5093923807144165,-0.6418666243553162,0.7435171604156494,0.691820502281189,-0.018158674240112305,-2.452921152114868,1.0254199504852295,1.2809057235717773,-1.4973750114440918
0.4551758749999989,0.0034223749999999996,133.0,1.879708267382368,-1.2459271985947828,0.05832055406374438,-0.013950225599430604,-8.911725271037915e-5,-0.006404752030357635,0.06857305567029713,-0.04299527406692505,0.13590136170387268,-0.11701273918151855,0.3839832842350006,0.2304365485906601,-0.6407890319824219,0.24261553585529327,0.5290464162826538,-0.9675837159156799,0.6491661071777344,0.9867937564849854,-0.9199405312538147
0.4551758749999989,0.0034223749999999996,133.0,1.8751818991681837,-1.2413913758267507,0.05834609956009265,-0.007526174730750613,-3.8312452740212773e-5,-0.0034508839579637505,0.06856913502970396,-0.04355734586715698,0.14081990718841553,-0.11077159643173218,0.41347309947013855,0.2465164214372635,-0.5814847946166992,0.19971942901611328,0.5222048759460449,-1.1787447929382324,0.6430737972259521,1.0412449836730957,-0.9432058334350586
0.4551758749999989,0.0034223749999999996,133.0,1.8698125722671337,-1.236053589773866,0.058331137138206035,-0.006181469553202376,-2.9178332065732764e-5,-0.002832235291964012,0.06856840887342548,-0.045852333307266235,0.14051899313926697,-0.11013826727867126,0.41590645909309387,0.27205145359039307,-0.5482034683227539,0.18965943157672882,0.5255484580993652,-1.2310383319854736,0.6405513286590576,1.038939118385315,-0.9493082761764526
0.4551758749999989,0.0034223749999999996,133.0,1.8636232323300745,-1.2298787798010673,0.058318216344691344,-0.00558998111163192,-2.4309416109289783e-5,-0.002559155163269485,0.06856824743941813,-0.046348392963409424,0.14044195413589478,-0.10972675681114197,0.42291706800460815,0.3072997033596039,-0.5129623413085938,0.1723787486553192,0.5334717035293579,-1.316970944404602,0.6198279857635498,1.0633971691131592,-0.9647700786590576
0.4551758749999989,0.0034223749999999996,133.0,1.8565841942008319,-1.2228761248724607,0.058315767961363764,-0.00524588944530088,-2.2149457706898703e-5,-0.002400567952975008,0.06856808457344342,-0.04938611388206482,0.13719721138477325,-0.11076560616493225,0.4091523587703705,0.3154448866844177,-0.4977290630340576,0.18444089591503143,0.5384299159049988,-1.2836387157440186,0.6343493461608887,1.0335469245910645,-0.9559500217437744
0.4551758749999989,0.0034223749999999996,133.0,1.8478277880561877,-1.2165627039846714,0.05570793485527065,-0.005002565952291654,-7.122730421039512e-5,-0.0022898597108089403,0.0686469839000366,-0.0483492910861969,0.13483065366744995,-0.10895174741744995,0.41586029529571533,0.3697723150253296,-0.44782090187072754,0.1627449244260788,0.5505681037902832,-1.4042153358459473,0.5870363712310791,1.0930800437927246,-0.9756093621253967
0.4551758749999989,0.0034223749999999996,133.0,1.8391391142181017,-1.207929110433388,0.05562959026059834,-0.004803947111601361,-6.870740794844195e-5,-0.0021990758346423114,0.0686479066408639,-0.05085223913192749,0.13115300238132477,-0.1093614399433136,0.4051521122455597,0.3937442898750305,-0.4189586639404297,0.16605371236801147,0.5635753870010376,-1.4175245761871338,0.5830974578857422,1.0844777822494507,-0.9781813621520996
0.4551758749999989,0.0034223749999999996,133.0,1.8296287381074035,-1.198449680210136,0.055562980974774336,-0.004654645993452483,-6.533894941302208e-5,-0.002129175657003195,0.06864863553806658,-0.05272585153579712,0.1292242556810379,-0.11046344041824341,0.40060484409332275,0.4167219400405884,-0.39262914657592773,0.16599459946155548,0.5718593597412109,-1.4409610033035278,0.5712990760803223,1.0787159204483032,-0.9822069406509399
0.4551758749999989,0.0034223749999999996,133.0,1.8192767387267479,-1.188116984682254,0.05555040951318618,-0.004521279779316354,-6.165455561843687e-5,-0.0020657364657232676,0.06864887469523094,-0.05690792202949524,0.1273990422487259,-0.11108127236366272,0.3987957537174225,0.46136829257011414,-0.34180784225463867,0.15994028747081757,0.5872954726219177,-1.5023571252822876,0.5427243709564209,1.0713284015655518,-0.9964328408241272
0.4551758749999989,0.0034223749999999996,133.0,1.8080858118986618,-1.1769520404998988,0.055552328339911534,-0.004386843333198011,-6.074870879425988e-5,-0.002005021208938579,0.06864907642598143,-0.05944645404815674,0.12454591691493988,-0.11223375797271729,0.3908522427082062,0.48639363050460815,-0.3125431537628174,0.1634315550327301,0.6000922918319702,-1.5219473838806152,0.5275833606719971,1.0598812103271484,-1.0016008615493774
0.4551758749999989,0.0034223749999999996,133.0,1.7960726310065103,-1.1649374008027216,0.05557988476422009,-0.0042631454789174685,-5.802487890176183e-5,-0.0019469455364210001,0.06864910554256905,-0.061563700437545776,0.12305532395839691,-0.11370137333869934,0.3846414387226105,0.49809253215789795,-0.293795108795166,0.17187322676181793,0.6083307266235352,-1.5306917428970337,0.5228047370910645,1.0570628643035889,-1.0037784576416016
0.4551758749999989,0.0034223749999999996,133.0,1.7832424521443584,-1.1521088793803187,0.05557994259522808,-0.004137767105953395,-5.351105096707573e-5,-0.0018856705304443942,0.06864991323321894,-0.06263107061386108,0.12178415805101395,-0.11473152041435242,0.3850577771663666,0.5282350182533264,-0.2544679641723633,0.1621514856815338,0.6144839525222778,-1.5917128324508667,0.4858112335205078,1.076489806175232,-1.0107940435409546
0.4551758749999989,0.0034223749999999996,133.0,1.7695773413760576,-1.1384267315664671,0.05560165890368773,-0.004028698497902899,-5.169377375053974e-5,-0.0018356118208707219,0.06864965353902998,-0.060198962688446045,0.12279869616031647,-0.11488285660743713,0.3961692452430725,0.5571649670600891,-0.20548677444458008,0.12642675638198853,0.6125736832618713,-1.7082488536834717,0.42052292823791504,1.1291673183441162,-1.020592212677002
0.4551758749999989,0.0034223749999999996,133.0,1.7550909629346596,-1.12392322479424,0.05559901795432296,-0.0038911037266507243,-4.791975882594654e-5,-0.0017704683867316219,0.06864973939498488,-0.05947449803352356,0.12179706245660782,-0.11563980579376221,0.3931572437286377,0.5670257210731506,-0.18431472778320312,0.11733171343803406,0.6150006651878357,-1.7416253089904785,0.39862918853759766,1.1501089334487915,-1.020178198814392
0.4551758749999989,0.0034223749999999996,133.0,1.7397530445823624,-1.108599281656905,0.055573847390576726,-0.0037152968141680033,-4.694453864960476e-5,-0.0016921817208531444,0.06864943329571961,-0.059681594371795654,0.12305298447608948,-0.11790153384208679,0.3916478157043457,0.547610342502594,-0.20607781410217285,0.1322525441646576,0.6071397662162781,-1.69916570186615,0.4320240020751953,1.151809811592102,-1.0104527473449707
0.4551758749999989,0.0034223749999999996,133.0,1.7235893648734588,-1.0924362259772156,0.055569146351795176,-0.003551855776990446,-4.419387606367297e-5,-0.0016169371571911754,0.06864932230887176,-0.061030060052871704,0.12391632795333862,-0.11766383051872253,0.40137988328933716,0.5935158133506775,-0.13688087463378906,0.09787160158157349,0.6087863445281982,-1.8111833333969116,0.36345362663269043,1.186545491218567,-1.0225281715393066
0.4551758749999989,0.0034223749999999996,133.0,1.706589903642362,-1.0754456684009694,0.05555787777079967,-0.0033656605046160915,-4.178014752419734e-5,-0.001532052731871464,0.06864927112760522,-0.06269976496696472,0.12395140528678894,-0.1200336217880249,0.3904592990875244,0.5603654980659485,-0.1759202480316162,0.1336376965045929,0.6073461174964905,-1.7271203994750977,0.42780065536499023,1.1794233322143555,-1.0095977783203125
0.4551758749999989,0.0034223749999999996,133.0,1.688763648358087,-1.057619270655565,0.055552451549536995,-0.003189461738179947,-3.9055323741494846e-5,-0.0014512421878982982,0.06864911523105556,-0.06309902667999268,0.1262665092945099,-0.1207333505153656,0.39975404739379883,0.5741332769393921,-0.15174293518066406,0.1174549013376236,0.6013224720954895,-1.7747480869293213,0.406512975692749,1.1985341310501099,-1.0130987167358398
0.4551758749999989,0.0034223749999999996,133.0,1.6700984251344761,-1.0389354116701148,0.05558374944627237,-0.0030054605802748826,-3.734578562694286e-5,-0.0013684324336793233,0.06864797487789374,-0.06369051337242126,0.1277753710746765,-0.1209399402141571,0.4103630781173706,0.614578127861023,-0.08906817436218262,0.08136656880378723,0.5985723733901978,-1.875876784324646,0.3427305221557617,1.2294530868530273,-1.021570086479187
0.4551758749999989,0.0034223749999999996,133.0,1.6506058346473425,-1.0194494923008368,0.05557600825077993,-0.0028413166950314733,-3.531759741501946e-5,-0.0012937295323682404,0.06864791423117261,-0.0655413568019867,0.1265026181936264,-0.12407645583152771,0.39341992139816284,0.5727346539497375,-0.14349699020385742,0.12982778251171112,0.5984565019607544,-1.7541064023971558,0.42377710342407227,1.2037301063537598,-1.0037822723388672
0.4551758749999989,0.0034223749999999996,133.0,1.6302884386981464,-0.9991268267942729,0.05556888718320381,-0.002626072761875131,-3.260278386950362e-5,-0.0011958825182530307,0.0686476114436879,-0.06443151831626892,0.12919609248638153,-0.12553942203521729,0.39601942896842957,0.5425965785980225,-0.17399859428405762,0.13871349394321442,0.5846042037010193,-1.7097766399383545,0.4591526985168457,1.2043904066085815,-0.9921050071716309
0.4551758749999989,0.0034223749999999996,133.0,1.6091265714803409,-0.9779977101075472,0.05554686642049578,-0.002411965329586579,-3.080547422437471e-5,-0.0010993850399314432,0.06864796862935034,-0.06832951307296753,0.12431555986404419,-0.12683618068695068,0.3777045011520386,0.5598687529563904,-0.15018630027770996,0.15568187832832336,0.6016706824302673,-1.694514513015747,0.4614393711090088,1.198531985282898,-0.9909677505493164
0.4551758749999989,0.0034223749999999996,133.0,1.587146151892955,-0.956012060868229,0.05554095144052012,-0.002209348986769533,-2.7627901090759705e-5,-0.0010063678771838043,0.06864772150555,-0.06972160935401917,0.12626586854457855,-0.1280396580696106,0.3859879970550537,0.5824536681175232,-0.11312556266784668,0.1390385925769806,0.5977826118469238,-1.7551759481430054,0.43232202529907227,1.2216490507125854,-0.995704710483551
0.4551758749999989,0.0034223749999999996,133.0,1.5643286380092964,-0.9331904764006707,0.05554042392381233,-0.0020072957913618264,-2.4441995837181013e-5,-0.0009135181667573127,0.0686472280794196,-0.07161486148834229,0.1266729235649109,-0.1296939253807068,0.38505083322525024,0.5875689387321472,-0.09994292259216309,0.14209382236003876,0.5985022783279419,-1.762007236480713,0.4328911304473877,1.2259286642074585,-0.9955570101737976
0.4551758749999989,0.0034223749999999996,133.0,1.5406812622751782,-0.9095350419359883,0.05554212825563503,-0.0018455507320562783,-2.135705711241798e-5,-0.0008384616159684222,0.06864673885062851,-0.07585999369621277,0.13040633499622345,-0.13287830352783203,0.39421263337135315,0.6004428267478943,-0.07979512214660645,0.14505338668823242,0.5861688256263733,-1.7677369117736816,0.43292713165283203,1.2221451997756958,-0.9924803972244263
0.4551758749999989,0.0034223749999999996,133.0,1.516202628892815,-0.8850646205057622,0.05552349392172274,-0.0016468837677145144,-1.957304118516873e-5,-0.0007489748911827468,0.06864642667798061,-0.07485944032669067,0.13376808166503906,-0.13302573561668396,0.4103650748729706,0.6286991238594055,-0.03132152557373047,0.10324625670909882,0.575682520866394,-1.8688997030258179,0.37937068939208984,1.2556654214859009,-0.9986143112182617
0.4551758749999989,0.0034223749999999996,133.0,1.490865607877836,-0.8597202968725999,0.055590282004296304,-0.0014629553775975135,-1.848950118102558e-5,-0.0006666797345395495,0.06864499846948834,-0.07798931002616882,0.13496729731559753,-0.13624796271324158,0.4008764624595642,0.5866921544075012,-0.07931733131408691,0.1495724618434906,0.5703486204147339,-1.7570284605026245,0.4562039375305176,1.231088399887085,-0.983127236366272
0.4551758749999989,0.0034223749999999996,133.0,1.4647210711382717,-0.8335833726111876,0.055583747712362096,-0.0012815527912782168,-1.6184490376520897e-5,-0.0005839970217919716,0.06864479736009343,-0.07961714267730713,0.13254033029079437,-0.13764992356300354,0.3922882676124573,0.6007176637649536,-0.05593729019165039,0.15096774697303772,0.5793082118034363,-1.77208411693573,0.447284460067749,1.2444390058517456,-0.9836565256118774
0.4551758749999989,0.0034223749999999996,133.0,1.4377449396579034,-0.8066129781300027,0.05558454480112297,-0.001131107614215609,-1.4306253203153995e-5,-0.0005154612155192518,0.06864465418285626,-0.08145269751548767,0.13244904577732086,-0.13978832960128784,0.38917529582977295,0.6043506860733032,-0.04420971870422363,0.15783509612083435,0.5806216597557068,-1.7720098495483398,0.4509084224700928,1.2483482360839844,-0.9818836450576782
0.4551758749999989,0.0034223749999999996,133.0,1.409939854692079,-0.7788186123505981,0.05556841188779425,-0.0009971078509233235,-1.2627335296174936e-5,-0.0004544136467175559,0.06864462241626387,-0.08300945162773132,0.1321813315153122,-0.1420939862728119,0.3852022588253021,0.6055707931518555,-0.036806344985961914,0.16606171429157257,0.5822218656539917,-1.76475191116333,0.45694613456726074,1.2483004331588745,-0.9794987440109253
0.4551758749999989,0.0034223749999999996,133.0,1.381312502810854,-0.7501993216223124,0.05556194705426646,-0.0008231585907574109,-9.880626538969844e-6,-0.0003744401385841911,0.0686451599728663,-0.08554548025131226,0.13054946064949036,-0.14303168654441833,0.38855838775634766,0.6681177616119385,0.05021977424621582,0.12983891367912292,0.5905649662017822,-1.8937567472457886,0.37823057174682617,1.2925564050674438,-0.9919942021369934
0.4551758749999989,0.0034223749999999996,133.0,1.3518442804827244,-0.7207490431748168,0.055553350225042084,-0.0006910496767386254,-8.161365431546116e-6,-0.00031413043984016784,0.06864558198751738,-0.08856624364852905,0.12816819548606873,-0.14492350816726685,0.38156551122665405,0.6964434385299683,0.09466266632080078,0.12846994400024414,0.6009281873703003,-1.9346004724502563,0.3500027656555176,1.314595341682434,-0.9956927299499512
0.4551758749999989,0.0034223749999999996,133.0,1.3215425971143464,-0.6904610332700128,0.05553565118274045,-0.0005187580678546025,-6.1060659946162164e-6,-0.00023577709906275098,0.06864544508432686,-0.0909331738948822,0.12879060208797455,-0.14805537462234497,0.37247586250305176,0.667115330696106,0.06215167045593262,0.16800230741500854,0.597862184047699,-1.8502180576324463,0.4118642807006836,1.3084144592285156,-0.9830514192581177
0.4551758749999989,0.0034223749999999996,133.0,1.290422333021856,-0.6593296432616461,0.05553265753562328,-0.0003258955862520322,-3.707752049554799e-6,-0.0001479895413320221,0.06864508641914649,-0.09171673655509949,0.1311482936143875,-0.14949309825897217,0.38265570998191833,0.6938419938087463,0.10564017295837402,0.14073823392391205,0.5884886980056763,-1.9186347723007202,0.37570643424987793,1.3254878520965576,-0.9841791391372681
0.4551758749999989,0.0034223749999999996,133.0,1.2584569846724702,-0.6273720039794146,0.055519345082371954,-0.00015231871041656496,-1.789876489584747e-6,-6.924893324457331e-5,0.06864454074263782,-0.09145951271057129,0.13494138419628143,-0.1511877477169037,0.3888040781021118,0.6679849624633789,0.07861781120300293,0.14730705320835114,0.5715186595916748,-1.8753795623779297,0.41489315032958984,1.3112010955810547,-0.9729697704315186
0.4551758749999989,0.0034223749999999996,133.0,1.225650493550268,-0.5945936617943657,0.055474081048205025,1.6890186914733534e-5,2.189612254516336e-7,7.703688021392243e-6,0.0686437114589416,-0.0952812135219574,0.13272389769554138,-0.15488681197166443,0.36886098980903625,0.6348406076431274,0.0402834415435791,0.20643280446529388,0.5751273036003113,-1.7378236055374146,0.4871327877044678,1.2742037773132324,-0.9560731649398804
0.4551758749999989,0.0034223749999999996,133.0,1.1920235757014594,-0.5609739663448908,0.05546775961925787,0.00018660244726046414,2.4217570381308345e-6,8.511239882135369e-5,0.06864339015548951,-0.0977746844291687,0.1332377940416336,-0.15706762671470642,0.3680346608161926,0.6405763030052185,0.054967641830444336,0.21329554915428162,0.5740354657173157,-1.7373028993606567,0.4913671016693115,1.2737305164337158,-0.9542080163955688
0.4551758749999989,0.0034223749999999996,133.0,1.1575715876122872,-0.5265139690690913,0.055458884752418385,0.00037050125817446745,4.641060729412331e-6,0.00016881785300081135,0.0686426486340315,-0.10053583979606628,0.13699333369731903,-0.15912532806396484,0.3849945068359375,0.6800020337104797,0.1118001937866211,0.18302549421787262,0.5609434843063354,-1.8293426036834717,0.44742584228515625,1.2931702136993408,-0.9585593938827515
0.4551758749999989,0.0034223749999999996,133.0,1.1222806495348505,-0.4912323127664415,0.055451368557285045,0.0005151835119808839,6.4424051734163255e-6,0.00023471789675408587,0.06864228094426413,-0.10352802276611328,0.13747116923332214,-0.16156435012817383,0.3843778669834137,0.6917673349380493,0.13535594940185547,0.18957607448101044,0.5601450800895691,-1.8401587009429932,0.44525885581970215,1.3012735843658447,-0.9572678804397583
0.4551758749999989,0.0034223749999999996,133.0,1.0861589499115016,-0.4551202431788619,0.055443021513137486,0.0006783783391131353,8.479371200264563e-6,0.0003090516814319523,0.0686419371173759,-0.10630643367767334,0.13786356151103973,-0.16400039196014404,0.383426308631897,0.701447069644928,0.15522146224975586,0.1973474770784378,0.5590711832046509,-1.8446296453475952,0.44622182846069336,1.3046343326568604,-0.9553295373916626
0.4551758749999989,0.0034223749999999996,133.0,1.0492056911435064,-0.4181725130858289,0.055445506614565376,0.0008522219475287924,1.0678054324378582e-5,0.0003882646339424143,0.06864154481247928,-0.10889440774917603,0.1381026804447174,-0.16637784242630005,0.3819129467010498,0.7083917260169983,0.17060494422912598,0.20720525085926056,0.5582161545753479,-1.842318058013916,0.4509012699127197,1.3037967681884766,-0.9530121684074402
0.4551758749999989,0.0034223749999999996,133.0,1.0114226764975691,-0.38039931721689596,0.055438243876318904,0.0010497339503032234,1.3202061086465306e-5,0.00047828834643207476,0.06864127161605647,-0.11047738790512085,0.1378992646932602,-0.1693323850631714,0.36647191643714905,0.6577357649803162,0.12171459197998047,0.2643616199493408,0.5560133457183838,-1.709212064743042,0.5274417400360107,1.2787474393844604,-0.9346839189529419
0.4551758749999989,0.0034223749999999996,133.0,0.9728047038348338,-0.34178132854098886,0.05546274637462896,0.0012372453956351662,1.5667501756688018e-5,0.0005638274375810667,0.06864084902005894,-0.11263379454612732,0.13773328065872192,-0.17172229290008545,0.36357057094573975,0.6597539186477661,0.1311964988708496,0.2783205509185791,0.5561425089836121,-1.6967328786849976,0.5364053249359131,1.2739479541778564,-0.9319124221801758
0.4551758749999989,0.0034223749999999996,133.0,0.9333451577775606,-0.30236369854109785,0.05544436192778823,0.001358864026024633,1.7755559380263e-5,0.0006196004960614293,0.06864109513754357,-0.11646965146064758,0.13266640901565552,-0.17346376180648804,0.35372382402420044,0.7065832614898682,0.1851823329925537,0.27686184644699097,0.5763998031616211,-1.758052945137024,0.4989192485809326,1.3040202856063843,-0.9428654909133911
0.4551758749999989,0.0034223749999999996,133.0,0.8930703540862477,-0.26209454148164374,0.05543696659640176,0.0015145153516645958,1.992338385111813e-5,0.0006906968708550125,0.06864081814657925,-0.11839154362678528,0.13296261429786682,-0.17569857835769653,0.35278648138046265,0.706558883190155,0.19002246856689453,0.28932827711105347,0.5750772953033447,-1.7414430379867554,0.5087878704071045,1.2932705879211426,-0.9405964612960815
0.4551758749999989,0.0034223749999999996,133.0,0.8519575792500269,-0.2209753643346606,0.05541413803548691,0.0016658303930484715,2.207190354307752e-5,0.0007598945486950511,0.06863941964442624,-0.1226966381072998,0.14008256793022156,-0.18055549263954163,0.3731227517127991,0.6950808167457581,0.16777539253234863,0.3059070408344269,0.5441625118255615,-1.66603422164917,0.5422430038452148,1.208043098449707,-0.9298128485679626
0.4551758749999989,0.0034223749999999996,133.0,0.8106267283312821,-0.17752366966937114,0.05778139547428441,0.0018100160275929804,8.541534447548932e-6,0.0008273497777138473,0.0685516433836872,-0.12526023387908936,0.14218732714653015,-0.18541043996810913,0.34981247782707214,0.5825530886650085,0.058255672454833984,0.4104537069797516,0.537903368473053,-1.3563746213912964,0.6862280368804932,1.0904443264007568,-0.8988646864891052
0.4551758749999989,0.0034223749999999996,133.0,0.7678404863111915,-0.13475573799695498,0.05775839709215564,0.0019082375129864575,1.0618647540461815e-5,0.000873708912797832,0.06855091037264578,-0.12728998064994812,0.14589549601078033,-0.18870770931243896,0.3286780118942261,0.4527609348297119,-0.030866146087646484,0.5075275897979736,0.5120316743850708,-1.0165780782699585,0.7953917980194092,0.9762433767318726,-0.8503494262695312
0.4551758749999989,0.0034223749999999996,133.0,0.7241918288868703,-0.0911690140123728,0.05772829192171198,0.001883891067793289,1.1698522018101567e-5,0.0008634716079906447,0.06855002338130783,-0.1334591507911682,0.14849844574928284,-0.19051331281661987,0.33269593119621277,0.4626515209674835,0.0020618438720703125,0.5186926126480103,0.5098658800125122,-1.0520366430282593,0.8025932312011719,1.0045528411865234,-0.8524541854858398
0.4551758749999989,0.0034223749999999996,133.0,0.67919136436606,-0.04816525199282405,0.05536207615502132,0.0017617023109132782,2.2315605225547595e-5,0.0008037965904283022,0.06863300333830187,-0.13859722018241882,0.17114193737506866,-0.18932843208312988,0.4092370271682739,0.5737661123275757,0.1810293197631836,0.2907896041870117,0.509491503238678,-1.7260091304779053,0.7410259246826172,1.1861728429794312,-0.9300330877304077
0.4551758749999989,0.0034223749999999996,133.0,0.6338919829492005,-0.0028290638422407205,0.05531184548781392,0.00010383304065052564,1.0613970929947186e-6,4.715220201668799e-5,0.06863058514753584,-0.1574539840221405,0.2113388329744339,-0.1844232678413391,0.44693222641944885,0.5996668934822083,0.5520839691162109,0.023348864167928696,0.6010746359825134,-2.621799945831299,0.6816186904907227,1.4077879190444946,-1.0603716373443604
0.4551758749999989,0.0034223749999999996,133.0,0.6790565036793703,0.04359061940237185,0.058099699994109084,-0.0017123637871797077,-2.854199423500316e-5,-0.0007930673444369129,0.06847103325478336,-0.21762031316757202,0.101463183760643,-0.17399710416793823,0.7128310203552246,-0.14941523969173431,0.24149751663208008,1.3520275354385376,-0.1575314998626709,-1.3024389743804932,1.4885685443878174,0.7355283498764038,-0.5579326748847961
0.4551758749999989,0.0034223749999999996,133.0,0.7231099307752179,0.08824681210783193,0.058104418473988284,-0.0019029462952615138,-2.4913631243713327e-5,-0.0008862979028408887,0.06845027610882785,-0.27210256457328796,0.13547353446483612,-0.129959374666214,0.917492687702179,-0.39491426944732666,0.5244466066360474,0.9949477314949036,-0.0440751314163208,-2.09490966796875,1.7948641777038574,1.0400375127792358,-0.875479519367218
0.4551758749999989,0.0034223749999999996,133.0,0.7665223237471936,0.13200974773472232,0.058344120556480715,-0.0018913754517268764,-2.081335352200721e-5,-0.0008786928576210078,0.06843335463642508,-0.29670432209968567,0.15812212228775024,-0.09894448518753052,1.0556471347808838,-0.5419737696647644,0.6242973804473877,0.8243358731269836,0.022723674774169922,-2.330570697784424,1.8423185348510742,1.1285347938537598,-1.0813822746276855
0.4551758749999989,0.0034223749999999996,133.0,0.8092144198441277,0.17488038197359823,0.05845108691034418,-0.001783120910814511,-1.853770111405614e-5,-0.0008269403802053171,0.06842822640989887,-0.31012001633644104,0.1730315238237381,-0.08100232481956482,1.1473162174224854,-0.6003797054290771,0.6897883415222168,0.8336048722267151,0.014788538217544556,-2.509925603866577,1.8109731674194336,1.2354289293289185,-1.1667239665985107
0.4551758749999989,0.0034223749999999996,133.0,0.8511303608399673,0.21686596914814155,0.05848685299190831,-0.0016310409208433658,-1.685761536377452e-5,-0.0007558361015408087,0.0684264856015906,-0.3119644820690155,0.179850235581398,-0.07685047388076782,1.1694130897521973,-0.6103174090385437,0.7103865146636963,0.8410657048225403,0.014435768127441406,-2.5428221225738525,1.791916847229004,1.2549903392791748,-1.1887978315353394
0.4551758749999989,0.0034223749999999996,133.0,0.8922192038383533,0.25799715306292853,0.05846190467466365,-0.00144618929232548,-1.5107026730980811e-5,-0.0006702611809838543,0.06842725282189405,-0.3132466971874237,0.18353451788425446,-0.07902875542640686,1.1534132957458496,-0.633152961730957,0.7264525890350342,0.8456358313560486,0.029927492141723633,-2.531374931335449,1.786592960357666,1.2439899444580078,-1.1881656646728516
0.4551758749999989,0.0034223749999999996,133.0,0.9325083517615367,0.29828537706691255,0.05849691772918728,-0.00136112832737057,-1.4403157142227396e-5,-0.0006304050840701766,0.06842498687197195,-0.3103257119655609,0.18680080771446228,-0.07831937074661255,1.1613492965698242,-0.6198105812072754,0.7361867427825928,0.8614394664764404,0.027007609605789185,-2.5170466899871826,1.7676277160644531,1.2387359142303467,-1.193174958229065
0.4551758749999989,0.0034223749999999996,133.0,0.9719650616515445,0.33772974024070485,0.05847740522070927,-0.0011638576602440477,-1.2326709299968327e-5,-0.0005386906631214395,0.06842399773558044,-0.3067084848880768,0.1910029947757721,-0.07394501566886902,1.193777322769165,-0.601746678352356,0.7387193441390991,0.8612759113311768,0.01653912663459778,-2.5232369899749756,1.7446999549865723,1.2547415494918823,-1.215316891670227
0.4551758749999989,0.0034223749999999996,133.0,1.010572245516462,0.37636274294782823,0.05849346938959462,-0.0010125323472480457,-1.0785883620130942e-5,-0.0004683728611180843,0.06842297308115505,-0.30640003085136414,0.19472791254520416,-0.0717582106590271,1.2083250284194946,-0.6026065945625305,0.7548598051071167,0.8745329976081848,0.014008283615112305,-2.5380399227142334,1.7242145538330078,1.2754663228988647,-1.2275500297546387
0.4551758749999989,0.0034223749999999996,133.0,1.0483482966766704,0.414163785110073,0.05850833287659985,-0.0008230867422458625,-8.806544613791364e-6,-0.00038052382438966267,0.06842198667303726,-0.3061541020870209,0.1984749436378479,-0.06954500079154968,1.2227917909622192,-0.6032546162605286,0.7706013917922974,0.8865043520927429,0.011333435773849487,-2.553734064102173,1.703580379486084,1.2955331802368164,-1.2395613193511963
0.4551758749999989,0.0034223749999999996,133.0,1.0852931514874622,0.4511321561302028,0.058520863744288214,-0.0006549458050307858,-7.047376594673247e-6,-0.00030262734520901884,0.06842106750807712,-0.30591168999671936,0.2019648551940918,-0.06773746013641357,1.2356102466583252,-0.601992130279541,0.7859172821044922,0.8997709155082703,0.008202314376831055,-2.5672719478607178,1.6841216087341309,1.3138796091079712,-1.2494494915008545
0.4551758749999989,0.0034223749999999996,133.0,1.1214057549154226,0.4872703104602317,0.058535789754058695,-0.0004946271580731147,-5.351440090344139e-6,-0.00022842089786108107,0.06842011681558303,-0.3057830035686493,0.20548206567764282,-0.06579628586769104,1.2485241889953613,-0.6009275913238525,0.8022623062133789,0.9139040112495422,0.004794418811798096,-2.5829484462738037,1.6639413833618164,1.3331507444381714,-1.259166955947876
0.4551758749999989,0.0034223749999999996,133.0,1.1566863880580076,0.5225746385069097,0.05854210281943854,-0.0003399346678516467,-3.7033402576466893e-6,-0.0001568835497797795,0.06841925797473532,-0.30591288208961487,0.20921699702739716,-0.06403779983520508,1.2603363990783691,-0.5988701581954956,0.8234819173812866,0.9344372749328613,7.814168930053711e-5,-2.6039822101593018,1.6420254707336426,1.3539395332336426,-1.2664927244186401
0.4551758749999989,0.0034223749999999996,133.0,1.1911232866398684,0.5570580019068121,0.05859984702991646,-0.00019067395768314756,-2.080503199997412e-6,-8.789787042979893e-5,0.06841680976213109,-0.30647405982017517,0.21333031356334686,-0.062414854764938354,1.2715094089508057,-0.5955846905708313,0.8513058423995972,0.962320864200592,-0.006320059299468994,-2.6324965953826904,1.6180965900421143,1.3759323358535767,-1.2715222835540771
0.4551758749999989,0.0034223749999999996,133.0,1.2246829715051208,0.590718210680242,0.05867530099214194,-5.6878557112452416e-5,-6.247065457147967e-7,-2.6173668442273553e-5,0.06841405246893593,-0.3143247067928314,0.21764728426933289,-0.05840855836868286,1.2912578582763672,-0.6015452146530151,0.921924352645874,1.036126971244812,-0.024689018726348877,-2.730212450027466,1.5896732807159424,1.4628050327301025,-1.2737504243850708
0.4551758749999989,0.0034223749999999996,133.0,1.2574052552739738,0.6235575596064745,0.058791168527483464,0.00012280782949048715,1.3353727925750855e-6,5.636114839056159e-5,0.06841154594213182,-0.32316818833351135,0.22389556467533112,-0.052564769983291626,1.3213434219360352,-0.6022981405258179,1.005066990852356,1.1125894784927368,-0.050923705101013184,-2.8530874252319336,1.5454015731811523,1.5552924871444702,-1.278616189956665
0.4551758749999989,0.0034223749999999996,133.0,1.2895086014637422,0.6536322504391315,0.0559649882800537,0.0002892215885015404,4.742158522529429e-6,0.00013230707058550575,0.06856834487632857,-0.33197495341300964,0.22999237477779388,-0.027775168418884277,1.4140877723693848,-0.5635591745376587,1.0758068561553955,1.20343816280365,-0.12732970714569092,-3.083230495452881,1.427509069442749,1.8316340446472168,-1.297438144683838
0.4551758749999989,0.0034223749999999996,133.0,1.320605557620119,0.6847832903683675,0.055996982290774114,0.00045734668503306404,7.475390687441432e-6,0.00020901558808555275,0.06856838244087057,-0.34039929509162903,0.23647259175777435,-0.021446168422698975,1.433355450630188,-0.5610780119895935,1.1508221626281738,1.2597055435180664,-0.14996951818466187,-3.1893608570098877,1.365086317062378,1.904707670211792,-1.2949845790863037
0.4551758749999989,0.0034223749999999996,133.0,1.3508917273871266,0.7150935936167768,0.05604511523251188,0.0006563294365413059,1.0686336639363489e-5,0.000299727116287987,0.06856771525786522,-0.34322693943977356,0.2406463623046875,-0.011488109827041626,1.4780410528182983,-0.51180100440979,1.1803686618804932,1.3020141124725342,-0.1860702633857727,-3.274791955947876,1.315521001815796,1.980402946472168,-1.3043971061706543
0.4551758749999989,0.0034223749999999996,133.0,1.380352084086202,0.7445710321880844,0.0560768221280868,0.0007982639365035701,1.295269842351585e-5,0.00036440295707609904,0.0685671035651595,-0.3442838490009308,0.24397911131381989,-0.00421375036239624,1.5074626207351685,-0.4918869435787201,1.1984928846359253,1.3172651529312134,-0.20291072130203247,-3.3257641792297363,1.2795100212097168,2.0370728969573975,-1.3174773454666138
0.4551758749999989,0.0034223749999999996,133.0,1.4089875701485866,0.7732240571610555,0.05613558761172694,0.0009795684763333466,1.5837877801758145e-5,0.00044696452091425054,0.06856577685121477,-0.34061309695243835,0.24657727777957916,-0.0007211267948150635,1.5270096063613892,-0.4825473427772522,1.1999797821044922,1.3254280090332031,-0.20895594358444214,-3.3296799659729004,1.2664823532104492,2.0454139709472656,-1.330937385559082
0.4551758749999989,0.0034223749999999996,133.0,1.4367867572695492,0.8010322829523827,0.05611809521073428,0.0011192467389429216,1.820004313998884e-5,0.0005106867569053776,0.06856569436944156,-0.34070679545402527,0.24882850050926208,-0.003446131944656372,1.5145719051361084,-0.5116746425628662,1.221196174621582,1.3284993171691895,-0.19707030057907104,-3.313225507736206,1.257150411605835,2.0339176654815674,-1.3302319049835205
0.4551758749999989,0.0034223749999999996,133.0,1.4637562869374763,0.8280070268965385,0.056122046996280074,0.0012749832838624255,2.0742739780839573e-5,0.0005815841826278924,0.06856534766922427,-0.3404311239719391,0.2511815130710602,-0.0012515783309936523,1.5257599353790283,-0.5063326358795166,1.2361499071121216,1.339178204536438,-0.20329755544662476,-3.3270928859710693,1.2364463806152344,2.05157732963562,-1.335334300994873
0.4551758749999989,0.0034223749999999996,133.0,1.4898936113241876,0.8541468725928038,0.0561784589516851,0.0014616873133924408,2.360116521412935e-5,0.0006665429050452793,0.06856446661243408,-0.3344932496547699,0.25083649158477783,-0.006171226501464844,1.512422800064087,-0.5078570246696472,1.236285924911499,1.3481019735336304,-0.19821959733963013,-3.265700340270996,1.2405128479003906,2.0084543228149414,-1.3265469074249268
0.4551758749999989,0.0034223749999999996,133.0,1.5152106880870255,0.879454563087261,0.05616072135537815,0.0016510794993136908,2.6892275418968667e-5,0.0007529647045573008,0.06856409866559166,-0.33234450221061707,0.25377336144447327,-0.00597989559173584,1.5161854028701782,-0.5179293751716614,1.24604070186615,1.349056363105774,-0.19399422407150269,-3.261638879776001,1.2305879592895508,1.9965050220489502,-1.3343889713287354
0.4551758749999989,0.0034223749999999996,133.0,1.5396558538389098,0.903952531507284,0.05618906232309666,0.0018617388062577565,3.0032222170172545e-5,0.0008484984724245622,0.06856455304169486,-0.33904412388801575,0.25720497965812683,0.0068270862102508545,1.5687202215194702,-0.46298372745513916,1.2667535543441772,1.3785638809204102,-0.23235392570495605,-3.3796725273132324,1.1859850883483887,2.1142451763153076,-1.349710464477539
0.4551758749999989,0.0034223749999999996,133.0,1.5632992817652762,0.9276074527090212,0.056203208583209194,0.0020176918682229673,3.2563388988260514e-5,0.0009193685784836518,0.06856401866886361,-0.3396171033382416,0.2596553564071655,0.004642903804779053,1.5611556768417358,-0.4818911552429199,1.291221022605896,1.3834809064865112,-0.22613447904586792,-3.3746209144592285,1.173389196395874,2.10402774810791,-1.3482993841171265
0.4551758749999989,0.0034223749999999996,133.0,1.5860947880435463,0.9504303689471776,0.05623145489982469,0.0022162261088158755,3.5392774590012644e-5,0.001009441515841692,0.0685640481985532,-0.3472718894481659,0.26316994428634644,0.011493146419525146,1.584753155708313,-0.4704882800579071,1.318471908569336,1.3858606815338135,-0.2396581768989563,-3.4549720287323,1.1369123458862305,2.1824169158935547,-1.3592236042022705
0.4551758749999989,0.0034223749999999996,133.0,1.6080894020325538,0.972416827642117,0.05619392430955124,0.0024171127590773053,3.919332956095024e-5,0.0011014306692577463,0.0685634573401598,-0.34384021162986755,0.2636271119117737,0.0041131675243377686,1.558634638786316,-0.506382942199707,1.3241844177246094,1.379902958869934,-0.21863842010498047,-3.3903322219848633,1.152536153793335,2.1257033348083496,-1.3535184860229492
0.4551758749999989,0.0034223749999999996,133.0,1.6292610420787408,0.9935722471615082,0.056201652143734966,0.0026291627779526,4.2949462357635513e-5,0.0011982271181526511,0.06856247731304076,-0.34534481167793274,0.2657976448535919,0.014146536588668823,1.6061835289001465,-0.4461286664009094,1.309920072555542,1.3916049003601074,-0.24900341033935547,-3.4586477279663086,1.1353204250335693,2.1919491291046143,-1.3713393211364746
0.4551758749999989,0.0034223749999999996,133.0,1.6495641406116446,1.0138542342146604,0.05610908632282865,0.002842952172790489,4.584465068406622e-5,0.0012945190948796897,0.06856424018722886,-0.34623828530311584,0.2684570550918579,0.016755610704421997,1.6140552759170532,-0.45255792140960693,1.3291398286819458,1.3937488794326782,-0.2517954111099243,-3.483184576034546,1.1113803386688232,2.2123754024505615,-1.3766167163848877
0.4551758749999989,0.0034223749999999996,133.0,1.66904118904088,1.0334183940929964,0.056262925779610395,0.0030087569035359904,4.873846639264183e-5,0.0013701787704398362,0.06856200889839456,-0.34740206599235535,0.27105912566185,0.02289450168609619,1.6430271863937378,-0.4281497299671173,1.3378244638442993,1.3976929187774658,-0.267958402633667,-3.529372453689575,1.0846402645111084,2.2478115558624268,-1.389824390411377
0.4551758749999989,0.0034223749999999996,133.0,1.6876938376410668,1.0520838920903912,0.0563069753626096,0.003196586320959384,5.141832845176504e-5,0.0014552874036938654,0.06856151009028276,-0.345463365316391,0.2722398638725281,0.027129560708999634,1.6632510423660278,-0.4103708863258362,1.3337347507476807,1.3997783660888672,-0.27823740243911743,-3.544167995452881,1.0705652236938477,2.266453504562378,-1.399883508682251
0.4551758749999989,0.0034223749999999996,133.0,1.7054997061180974,1.069926575154739,0.05629503473838371,0.0033603275880783132,5.400510296615195e-5,0.0015296072777615662,0.06856190918456391,-0.35090962052345276,0.27465513348579407,0.019396185874938965,1.625840663909912,-0.47855520248413086,1.3793354034423828,1.388401985168457,-0.25042444467544556,-3.526695966720581,1.065073013305664,2.245875358581543,-1.3902192115783691
0.4551758749999989,0.0034223749999999996,133.0,1.7224999364914007,1.0869232004225602,0.05632095720722851,0.0035513642161234785,5.6880628389329304e-5,0.00161639701762469,0.06856118563464957,-0.34691283106803894,0.27494409680366516,0.021638423204421997,1.6428146362304688,-0.46024179458618164,1.3653647899627686,1.3863441944122314,-0.2587023377418518,-3.5172221660614014,1.0610837936401367,2.242520570755005,-1.398831844329834
0.4551758749999989,0.0034223749999999996,133.0,1.7386585284995277,1.1031016749760212,0.0563681375182527,0.0037195457503778444,5.9310439450347686e-5,0.0016928417049212378,0.068560726165806,-0.34765031933784485,0.2761150896549225,0.023300468921661377,1.6505364179611206,-0.4674817621707916,1.3688572645187378,1.3773114681243896,-0.25737833976745605,-3.527925491333008,1.052964210510254,2.2570362091064453,-1.4080073833465576
0.4551758749999989,0.0034223749999999996,133.0,1.753998447070339,1.1183605115157869,0.05618323138677281,0.0038868752221230965,6.187526938786338e-5,0.0017685904385644163,0.06856274739111798,-0.3511694371700287,0.2769481837749481,0.02800077199935913,1.6689109802246094,-0.44301021099090576,1.363419771194458,1.3771885633468628,-0.26945656538009644,-3.5684823989868164,1.0433943271636963,2.304617166519165,-1.4147944450378418
0.4551758749999989,0.0034223749999999996,133.0,1.768506311312123,1.132866218671172,0.056182673169653384,0.00401759561765361,6.433391915637639e-5,0.001828592384645254,0.068562114239191,-0.3478566110134125,0.2770037353038788,0.021994352340698242,1.647957444190979,-0.4912124574184418,1.359379529953003,1.357491135597229,-0.244176983833313,-3.5091521739959717,1.0594332218170166,2.2552688121795654,-1.4185805320739746
0.4551758749999989,0.0034223749999999996,133.0,1.7821666302663386,1.146547046112337,0.05617668628339794,0.0041352188244433135,6.613668912985396e-5,0.0018823673240769894,0.0685621295790623,-0.346381276845932,0.2778286337852478,0.01762610673904419,1.627224326133728,-0.5552383065223694,1.3498591184616089,1.3213450908660889,-0.20938622951507568,-3.464517116546631,1.0757920742034912,2.2181811332702637,-1.432199239730835
0.4551758749999989,0.0034223749999999996,133.0,1.7950271945804335,1.159390885841714,0.05617712934847501,0.004260100588146092,6.86081911414991e-5,0.0019402811104008992,0.06856151973083527,-0.34053024649620056,0.27639761567115784,0.015451103448867798,1.6215901374816895,-0.5686677098274231,1.3151497840881348,1.2933850288391113,-0.19454431533813477,-3.409649133682251,1.0950684547424316,2.186704158782959,-1.4409329891204834
0.4551758749999989,0.0034223749999999996,133.0,1.8070554712015743,1.1713890894207493,0.056174321535743296,0.004392885283840741,7.106452317755021e-5,0.002001373408515987,0.06856105952280284,-0.33474692702293396,0.2747018337249756,0.012942105531692505,1.6166467666625977,-0.5633684396743774,1.2901289463043213,1.2845094203948975,-0.1902918815612793,-3.3572094440460205,1.105410099029541,2.1556262969970703,-1.4398365020751953
0.4551758749999989,0.0034223749999999996,133.0,1.8182712116118762,1.1825158010851466,0.056076096333637346,0.004527684743573372,7.395722276020042e-5,0.0020635471688094623,0.06856210250736518,-0.3296796381473541,0.2733724117279053,0.018907517194747925,1.648497462272644,-0.5079752206802368,1.2489293813705444,1.2922834157943726,-0.2140718698501587,-3.361335515975952,1.1073060035705566,2.1825482845306396,-1.447988748550415
0.4551758749999989,0.0034223749999999996,133.0,1.8286533377858565,1.1928349125733284,0.056036987681008385,0.004657810617244177,7.646060381241428e-5,0.0021231290235205445,0.06856244316408604,-0.3210335075855255,0.2716967761516571,0.021689504384994507,1.6684032678604126,-0.4695923626422882,1.1983641386032104,1.2841557264328003,-0.2260606288909912,-3.3213448524475098,1.11281418800354,2.1631734371185303,-1.4555625915527344
0.4551758749999989,0.0034223749999999996,133.0,1.838182755291407,1.202394900039276,0.0561470358054298,0.0048070359286150706,7.949317377912166e-5,0.0021922517063386335,0.06856077934080339,-0.31304386258125305,0.2702175974845886,0.018762856721878052,1.660245656967163,-0.47182634472846985,1.167332649230957,1.2683844566345215,-0.2181451916694641,-3.2523996829986572,1.1166377067565918,2.109731435775757,-1.4547340869903564
0.4551758749999989,0.0034223749999999996,133.0,1.8467419894623351,1.2131224682807338,0.05921040437340688,0.005028773025893922,5.452855179995078e-5,0.0022855111099609722,0.06839573336609019,-0.31047943234443665,0.2692788243293762,0.012658029794692993,1.6654223203659058,-0.45693546533584595,1.1497998237609863,1.2582277059555054,-0.2116914987564087,-3.1930768489837646,1.148308515548706,2.009788990020752,-1.4656635522842407
0.4551758749999989,0.0034223749999999996,133.0,1.8546466872439602,1.2209685447992569,0.059238230777747446,0.005258446622485153,5.741464489385217e-5,0.002390706850564667,0.06839546023009345,-0.2995103895664215,0.26789554953575134,0.011671513319015503,1.6618354320526123,-0.4578496515750885,1.0918229818344116,1.218008279800415,-0.20246577262878418,-3.1047425270080566,1.1404979228973389,1.9386398792266846,-1.470573902130127
0.4551758749999989,0.0034223749999999996,133.0,1.8616991390052193,1.2279735877813123,0.059250192616875745,0.005612543632935594,6.135916868961542e-5,0.0025526041634677814,0.06839532030603453,-0.29533228278160095,0.2669582962989807,0.013229131698608398,1.6710631847381592,-0.43946877121925354,1.0633392333984375,1.2106865644454956,-0.20964008569717407,-3.0869596004486084,1.1390037536621094,1.9349699020385742,-1.4725189208984375
0.4551758749999989,0.0034223749999999996,133.0,1.8679336129331734,1.2341668567590947,0.059267894005055985,0.006204710667860319,6.795393869137014e-5,0.0028226927921674574,0.06839561256123936,-0.28710034489631653,0.26638513803482056,0.013451755046844482,1.671251893043518,-0.44234442710876465,1.0169777870178223,1.1746691465377808,-0.20391589403152466,-3.027109146118164,1.1243643760681152,1.8826637268066406,-1.4779314994812012
0.4551758749999989,0.0034223749999999996,133.0,1.8733389848713555,1.2395318315453103,0.05928285805885818,0.0075510556308936135,8.24580730752773e-5,0.0034364033843577967,0.06839585247800344,-0.27946797013282776,0.26574498414993286,0.008839786052703857,1.6538738012313843,-0.4606037139892578,0.9887299537658691,1.135860800743103,-0.19108068943023682,-2.9591972827911377,1.1094560623168945,1.8145923614501953,-1.4728789329528809
0.4551758749999989,0.0034223749999999996,133.0,1.877920268268383,1.244118611233976,0.05932326724620116,0.014005357441016875,0.00014162312776706324,0.006364370712716096,0.0683955474383824,-0.27049723267555237,0.2724619507789612,0.010041475296020508,1.6681278944015503,-0.5202640891075134,0.9843555688858032,1.0640504360198975,-0.18140435218811035,-2.990424871444702,1.0339133739471436,1.7636457681655884,-1.4967143535614014
0.4551758749999989,0.0034223749999999996,133.0,1.848809567374273,-1.2463745516320022,0.04422769856616941,-0.013945771419734687,-0.0001138058694193488,-0.006405596096597659,0.06858094660365023,-0.03454315662384033,0.1321086585521698,-0.10863879323005676,0.40172505378723145,0.38818907737731934,-0.44075465202331543,0.15122203528881073,0.5734049677848816,-1.4853405952453613,0.46077418327331543,1.3408101797103882,-0.9849406480789185
0.4551758749999989,0.0034223749999999996,133.0,1.844283618868374,-1.2418534460905424,0.04422316908251209,-0.007522476563102344,-5.6363523629088645e-5,-0.0034529634701224794,0.06857903757906189,-0.03467369079589844,0.1364544928073883,-0.09980127215385437,0.42877355217933655,0.4293505549430847,-0.33371686935424805,0.08138614892959595,0.5646522641181946,-1.734256625175476,0.41843247413635254,1.4197967052459717,-1.0040825605392456
0.4551758749999989,0.0034223749999999996,133.0,1.838925368594251,-1.2365102481976513,0.04420758571675134,-0.006178355533573367,-4.425593071818046e-5,-0.0028338724108488344,0.06857883356717076,-0.037927448749542236,0.13486847281455994,-0.09962525963783264,0.42392975091934204,0.4470841586589813,-0.30022525787353516,0.08047524094581604,0.5654627680778503,-1.759270191192627,0.42290258407592773,1.4053866863250732,-1.0001760721206665
0.4551758749999989,0.0034223749999999996,133.0,1.832735619658352,-1.2303338936677637,0.04419069743050349,-0.005586643584237984,-3.929819600108452e-5,-0.002561674702784907,0.06857888496095237,-0.037817955017089844,0.13441479206085205,-0.09844028949737549,0.42716342210769653,0.4830949008464813,-0.24148106575012207,0.05161309987306595,0.5708798170089722,-1.8520207405090332,0.37362098693847656,1.4326791763305664,-1.0094090700149536
0.4551758749999989,0.0034223749999999996,133.0,1.8257072105011967,-1.2233241105829478,0.044191341425185035,-0.005242649320104096,-3.6352766673445704e-5,-0.002403098349924849,0.06857890360782952,-0.040946006774902344,0.13231335580348969,-0.09935665130615234,0.4205683469772339,0.504310667514801,-0.20841765403747559,0.051848676055669785,0.5769561529159546,-1.8699899911880493,0.365001916885376,1.415984034538269,-1.0091097354888916
0.4551758749999989,0.0034223749999999996,133.0,1.816947137850247,-1.2169960002111506,0.04157810647456807,-0.004999095180369731,-8.530486233289935e-5,-0.002292822814022236,0.06865771951978837,-0.03992566466331482,0.12744703888893127,-0.09775477647781372,0.409000039100647,0.5306901931762695,-0.15805625915527344,0.04414261877536774,0.5839022397994995,-1.918398141860962,0.3216893672943115,1.4542471170425415,-1.0048701763153076
0.4551758749999989,0.0034223749999999996,133.0,1.8082710103830475,-1.208347139095267,0.041504829793696234,-0.004800811244894034,-8.165609220301113e-5,-0.0022015708561326903,0.06865847934388723,-0.04362034797668457,0.12295973300933838,-0.09925445914268494,0.39137211441993713,0.5348702073097229,-0.15046334266662598,0.0645865797996521,0.5965362191200256,-1.887445330619812,0.3402695655822754,1.4229943752288818,-0.9998282194137573
0.4551758749999989,0.0034223749999999996,133.0,1.7987636451565743,-1.1988638450314202,0.041438716610205296,-0.004651122458455631,-7.8868262798669e-5,-0.002132639145231775,0.06865916978649919,-0.04450520873069763,0.12182674556970596,-0.09937706589698792,0.391265332698822,0.5723530054092407,-0.08527040481567383,0.040020477026700974,0.6042289733886719,-1.969908595085144,0.27755236625671387,1.4365744590759277,-1.0080292224884033
0.4551758749999989,0.0034223749999999996,133.0,1.7884208297887643,-1.1885272243131162,0.041422393578712774,-0.004516945340590558,-7.653977408734527e-5,-0.002071056643500819,0.06865937208161711,-0.04718989133834839,0.12067878246307373,-0.09825059771537781,0.392770379781723,0.6364667415618896,0.03858804702758789,-0.005948848091065884,0.6166932582855225,-2.117997884750366,0.15669775009155273,1.4560952186584473,-1.0230803489685059
0.4551758749999989,0.0034223749999999996,133.0,1.7772443871293078,-1.1773471668586788,0.04143380597226782,-0.004382928227211784,-7.431685431788344e-5,-0.0020096587064807538,0.06865932076291409,-0.05144745111465454,0.11623378843069077,-0.10105758905410767,0.37369394302368164,0.634222149848938,0.030737876892089844,0.028552930802106857,0.6308892965316772,-2.0657875537872314,0.18841862678527832,1.4197041988372803,-1.0180180072784424
0.4551758749999989,0.0034223749999999996,133.0,1.765235172301963,-1.1653286535804102,0.041462010165062665,-0.004258728183300742,-7.230916905728927e-5,-0.0019528237234868284,0.06865915427803464,-0.05260652303695679,0.11509879678487778,-0.10122847557067871,0.3733908534049988,0.6747512817382812,0.11741185188293457,-0.0014048460870981216,0.6389603614807129,-2.166459083557129,0.09633064270019531,1.4345619678497314,-1.0265127420425415
0.4551758749999989,0.0034223749999999996,133.0,1.7523982230300936,-1.1524954693417477,0.04145248426590574,-0.004132028336529105,-7.012175095464228e-5,-0.0018946865562031385,0.06865931200180994,-0.05061417818069458,0.11373536288738251,-0.09836676716804504,0.3772108554840088,0.7554039359092712,0.31507229804992676,-0.0979003757238388,0.6396521925926208,-2.3835206031799316,-0.14046406745910645,1.4737075567245483,-1.032542109489441
0.4551758749999989,0.0034223749999999996,133.0,1.7387271483243503,-1.1388158437044058,0.04147730162192595,-0.004022929309384925,-6.834452547444066e-5,-0.00184474032503478,0.06865916167109212,-0.048867374658584595,0.11447855085134506,-0.09925997257232666,0.3788101375102997,0.7631895542144775,0.343400239944458,-0.11558665335178375,0.6336790323257446,-2.420766830444336,-0.16774201393127441,1.5083471536636353,-1.0282714366912842
0.4551758749999989,0.0034223749999999996,133.0,1.7242279995316534,-1.1243205654074602,0.041466947933596496,-0.00388459926211055,-6.59598154463127e-5,-0.0017812773676605925,0.06865925591947591,-0.045116811990737915,0.11690247803926468,-0.09695279598236084,0.388010710477829,0.8064786195755005,0.4769747257232666,-0.1949893981218338,0.6211079955101013,-2.571024179458618,-0.3199326992034912,1.567430853843689,-1.0257568359375
0.4551758749999989,0.0034223749999999996,133.0,1.7088977657677775,-1.1089942215183342,0.041455984520812464,-0.003709713201969614,-6.295733405844891e-5,-0.0017010479809228545,0.06865933498787417,-0.04737362265586853,0.11619757115840912,-0.10114040970802307,0.38199612498283386,0.779059648513794,0.3926830291748047,-0.14000029861927032,0.6242285966873169,-2.4807724952697754,-0.20436453819274902,1.5637871026992798,-1.0221775770187378
0.4551758749999989,0.0034223749999999996,133.0,1.6927357400053034,-1.0928337806518615,0.04145141168939782,-0.0035461984515056597,-6.017345676649211e-5,-0.0016260581933244193,0.06865936373254962,-0.04785987734794617,0.1169709712266922,-0.10116669535636902,0.38366788625717163,0.8027223944664001,0.4504890441894531,-0.16839739680290222,0.6202900409698486,-2.5404109954833984,-0.25824427604675293,1.5918387174606323,-1.0202080011367798
0.4551758749999989,0.0034223749999999996,133.0,1.6757426606860246,-1.075843070466011,0.041444883211162804,-0.0033602483159481653,-5.700108372000329e-5,-0.0015407726571881437,0.06865944387303659,-0.049737393856048584,0.11694661527872086,-0.10254731774330139,0.38211119174957275,0.8113470673561096,0.4675769805908203,-0.16750718653202057,0.6230601072311401,-2.5580508708953857,-0.26398277282714844,1.6017409563064575,-1.0215115547180176
0.4551758749999989,0.0034223749999999996,133.0,1.6579183138250129,-1.058020343587186,0.04144036300902528,-0.003184087072053617,-5.399940950722691e-5,-0.0014599851148802854,0.06865947872798044,-0.050294846296310425,0.11803077161312103,-0.10280182957649231,0.38466256856918335,0.8301696181297302,0.5166789293289185,-0.1904170662164688,0.6196789741516113,-2.6129415035247803,-0.30762338638305664,1.6264663934707642,-1.0209670066833496
0.4551758749999989,0.0034223749999999996,133.0,1.6392585772035408,-1.0393457389909406,0.04148208109464956,-0.0030006329213224815,-5.0993542119679833e-5,-0.001375977014100819,0.06865912659239731,-0.05190035700798035,0.12075542658567429,-0.10586443543434143,0.39270150661468506,0.8209617733955383,0.47014856338500977,-0.16800695657730103,0.6086534261703491,-2.5678584575653076,-0.23669838905334473,1.627732276916504,-1.017601728439331
0.4551758749999989,0.0034223749999999996,133.0,1.6197714104897971,-1.0198593679380308,0.0414803114862041,-0.002836759150112387,-4.8206206611540274e-5,-0.0013008266857720847,0.06865916479007088,-0.05349463224411011,0.12062311172485352,-0.10761517286300659,0.3908925950527191,0.8253607153892517,0.475292444229126,-0.16469191014766693,0.6104763150215149,-2.5719716548919678,-0.23242783546447754,1.6291322708129883,-1.0176388025283813
0.4551758749999989,0.0034223749999999996,133.0,1.5994532748748689,-0.9995422741991995,0.04147722145407361,-0.002621897907342116,-4.454992522041443e-5,-0.0012022951430797578,0.06865917646021165,-0.053257375955581665,0.12223746627569199,-0.1088121235370636,0.39390823245048523,0.8225648403167725,0.4672396183013916,-0.16658936440944672,0.6051054000854492,-2.5744669437408447,-0.2146904468536377,1.6453131437301636,-1.015197515487671
0.4551758749999989,0.0034223749999999996,133.0,1.578304450028288,-0.9783969151333087,0.0414669342663036,-0.0024085452809023133,-4.091533693660444e-5,-0.0011044464824695442,0.06865922303351822,-0.05710482597351074,0.1174575686454773,-0.11228665709495544,0.37333643436431885,0.7961426377296448,0.3935246467590332,-0.1088441014289856,0.6218748092651367,-2.47068452835083,-0.11736154556274414,1.616375207901001,-1.0107828378677368
0.4551758749999989,0.0034223749999999996,133.0,1.5563240973494408,-0.9564184206963211,0.041461727027711406,-0.0022059452987797023,-3.746281663823039e-5,-0.0010115288989038546,0.06865929552800498,-0.05711612105369568,0.11956419050693512,-0.11247137188911438,0.38154101371765137,0.826800525188446,0.46271347999572754,-0.14871938526630402,0.6127949953079224,-2.550443410873413,-0.18561244010925293,1.641517996788025,-1.0103614330291748
0.4551758749999989,0.0034223749999999996,133.0,1.5335119161578832,-0.9336060578521621,0.04146227841118437,-0.0020038603360996933,-3.4033269735606116e-5,-0.0009188664661300131,0.06865929669514223,-0.058662980794906616,0.12228184938430786,-0.11276248097419739,0.3921494781970978,0.8705829977989197,0.562421441078186,-0.19663642346858978,0.602078914642334,-2.6557507514953613,-0.2792532444000244,1.6726629734039307,-1.010881781578064
0.4551758749999989,0.0034223749999999996,133.0,1.5098689557753275,-0.9099639924733014,0.04145955229622585,-0.0018418115485147033,-3.127434131514912e-5,-0.0008445531710311613,0.06865932961256101,-0.05991882085800171,0.1261947900056839,-0.11143419146537781,0.40853410959243774,0.9445090293884277,0.7418985366821289,-0.29027509689331055,0.5829140543937683,-2.833731174468994,-0.4638206958770752,1.7106952667236328,-1.0092034339904785
0.4551758749999989,0.0034223749999999996,133.0,1.485395002420833,-0.8854921922274109,0.041453661081020665,-0.0016438275054436024,-2.790450969572822e-5,-0.0007537624875171379,0.06865936768602465,-0.06129270792007446,0.12578928470611572,-0.11519330739974976,0.4014318883419037,0.9126572608947754,0.657870888710022,-0.23727759718894958,0.5854772925376892,-2.7463057041168213,-0.34856724739074707,1.7117615938186646,-1.0040156841278076
0.4551758749999989,0.0034223749999999996,133.0,1.4600809948832014,-0.8601458203362196,0.04154286933763785,-0.0014606844805363367,-2.4915715439589365e-5,-0.0006699061642316037,0.06865860088054467,-0.06803840398788452,0.12518250942230225,-0.12181997299194336,0.3932017385959625,0.8555811643600464,0.4993934631347656,-0.12572650611400604,0.5927249193191528,-2.560213804244995,-0.13922858238220215,1.6698486804962158,-1.001899242401123
0.4551758749999989,0.0034223749999999996,133.0,1.433943909368132,-0.8340085839709548,0.04154348171395523,-0.0012795485022016515,-2.1828004289976684e-5,-0.0005868350816886168,0.06865860823291886,-0.07026273012161255,0.1251203417778015,-0.12389954924583435,0.3913414478302002,0.8646300435066223,0.517924427986145,-0.12329056859016418,0.5940287709236145,-2.57446551322937,-0.14191365242004395,1.6796576976776123,-1.0014125108718872
0.4551758749999989,0.0034223749999999996,133.0,1.4069746920080464,-0.8070370941684389,0.04155214738961769,-0.001129339051772976,-1.9273455719400672e-5,-0.0005179525461666911,0.06865861254514158,-0.0722932517528534,0.1247996836900711,-0.12620434165000916,0.388293594121933,0.8705061078071594,0.5283085107803345,-0.11780883371829987,0.5960700511932373,-2.5785951614379883,-0.13802695274353027,1.6838839054107666,-1.0004239082336426
0.4551758749999989,0.0034223749999999996,133.0,1.3791761178753705,-0.7792413648725784,0.04154436682416213,-0.0009955552817542156,-1.6981822748747616e-5,-0.0004565881788767726,0.06865869039677047,-0.07420867681503296,0.124397873878479,-0.12865054607391357,0.38478586077690125,0.8748692274093628,0.5347926616668701,-0.11105024814605713,0.5985327959060669,-2.5777194499969482,-0.13145875930786133,1.6853543519973755,-0.9993746280670166
0.4551758749999989,0.0034223749999999996,133.0,1.350546496713552,-0.7506163919162755,0.04153201220335526,-0.0008216212642228871,-1.4009863775673625e-5,-0.0003768086675547192,0.06865881773766404,-0.07354709506034851,0.12273451685905457,-0.12687894701957703,0.3848201334476471,0.9566717743873596,0.7221473455429077,-0.21392236649990082,0.5964092016220093,-2.771667957305908,-0.33947157859802246,1.7289869785308838,-0.9984419941902161
0.4551758749999989,0.0034223749999999996,133.0,1.3210851684127443,-0.721156746018425,0.041527900796067836,-0.0006896853117232812,-1.1757582239697591e-5,-0.0003162963182456536,0.06865889291149312,-0.07557523250579834,0.11998193711042404,-0.12818500399589539,0.3756636679172516,0.9905201196670532,0.8009516000747681,-0.24016667902469635,0.604012131690979,-2.835911989212036,-0.41774260997772217,1.7442705631256104,-0.9973064661026001
0.4551758749999989,0.0034223749999999996,133.0,1.2907929883006948,-0.690867974366032,0.04151863273957086,-0.0005177186366491622,-8.822636642630608e-6,-0.00023742634483710687,0.06865899935217691,-0.07835724949836731,0.11976124346256256,-0.1306540071964264,0.3733506202697754,1.007172703742981,0.8314015865325928,-0.2399846464395523,0.6047019362449646,-2.8574767112731934,-0.4304317235946655,1.7578537464141846,-0.9958019256591797
0.4551758749999989,0.0034223749999999996,133.0,1.2596693123827227,-0.6597460018619297,0.041513510768567144,-0.000325188964292326,-5.540867719043642e-6,-0.00014913167019711094,0.06865899412010765,-0.07735428214073181,0.12253165245056152,-0.12999674677848816,0.3825063407421112,1.0491361618041992,0.9266184568405151,-0.30854150652885437,0.5873413681983948,-2.95721697807312,-0.5272903442382812,1.7761762142181396,-0.9881227016448975
0.4551758749999989,0.0034223749999999996,133.0,1.2277137930608109,-0.6277899580831515,0.0415147761151017,-0.00015201682772148555,-2.5905362686821274e-6,-6.971527947629183e-5,0.06865898359916578,-0.08024150133132935,0.12299871444702148,-0.1342935860157013,0.3776949942111969,1.0143712759017944,0.8320349454879761,-0.24400998651981354,0.590569257736206,-2.86025071144104,-0.3950324058532715,1.772049903869629,-0.9858856201171875
0.4551758749999989,0.0034223749999999996,133.0,1.19492854060578,-0.59501037622874,0.04149845491951419,1.6865921365965052e-5,2.872650305986398e-7,7.734608043923995e-6,0.06865904354376211,-0.08648678660392761,0.12262092530727386,-0.14286255836486816,0.3608977496623993,0.8895393013954163,0.5446925163269043,-0.049068283289670944,0.5981981158256531,-2.5047059059143066,-0.032492637634277344,1.704038143157959,-0.9746554493904114
0.4551758749999989,0.0034223749999999996,133.0,1.1613105288341963,-0.5613919250638891,0.04149966620884551,0.0001863331396671397,3.1740506350569846e-6,8.545181813566895e-5,0.06865903578864531,-0.08909475803375244,0.12298612296581268,-0.1450684666633606,0.36031901836395264,0.8974595665931702,0.5581073760986328,-0.04427874833345413,0.5969240069389343,-2.5070273876190186,-0.0280303955078125,1.7023811340332031,-0.9728519320487976
0.4551758749999989,0.0034223749999999996,133.0,1.1268623834982108,-0.5269462251533846,0.04149260246230377,0.00036989156251146266,6.29735925937081e-6,0.00016962855852754397,0.0686591021759529,-0.09019491076469421,0.12719756364822388,-0.14555487036705017,0.3784802556037903,0.955722451210022,0.6698671579360962,-0.11256954073905945,0.5752975940704346,-2.6396028995513916,-0.13318538665771484,1.7313963174819946,-0.9700886011123657
0.4551758749999989,0.0034223749999999996,133.0,1.0915819926950878,-0.49166566901681513,0.04149335905915959,0.00051432067370209,8.757176708344581e-6,0.0002358633655819345,0.06865910700053464,-0.09327614307403564,0.12752416729927063,-0.147973895072937,0.37801170349121094,0.9717600345611572,0.6998013257980347,-0.11072039604187012,0.573747456073761,-2.658208131790161,-0.1422865390777588,1.7411142587661743,-0.9682035446166992
0.4551758749999989,0.0034223749999999996,133.0,1.0554704838744955,-0.4555542873836428,0.04149327440353943,0.0006772279837229591,1.1531399991247096e-5,0.00031057222100000536,0.06865912064834237,-0.09625610709190369,0.1277281492948532,-0.15039050579071045,0.37711766362190247,0.9859387278556824,0.7247449159622192,-0.10677525401115417,0.5723615288734436,-2.6705527305603027,-0.1464998722076416,1.7467730045318604,-0.9660264253616333
0.4551758749999989,0.0034223749999999996,133.0,1.0185267752804015,-0.4186069154450799,0.041503732738454764,0.0008507713701661907,1.4494464583227266e-5,0.00039016556062990203,0.06865905415744782,-0.09904983639717102,0.12783432006835938,-0.15272271633148193,0.3758651912212372,0.9961259365081787,0.7402480840682983,-0.09963983297348022,0.5713196992874146,-2.6726014614105225,-0.14230918884277344,1.7452877759933472,-0.9637857675552368
0.4551758749999989,0.0034223749999999996,133.0,0.9807527576909819,-0.38083267244732233,0.04150455624384893,0.0010479529998410754,1.785564454106365e-5,0.0004805961676347418,0.06865905695144603,-0.10168531537055969,0.127525195479393,-0.1550893783569336,0.37329596281051636,1.003179907798767,0.7497175931930542,-0.08866386115550995,0.571605384349823,-2.667410373687744,-0.1321392059326172,1.7415132522583008,-0.9615166783332825
0.4551758749999989,0.0034223749999999996,133.0,0.942143554942516,-0.34221346646439527,0.041537047478844354,0.0012351590144951765,2.1082703816382917e-5,0.0005664960287636602,0.06865889320337488,-0.10425406694412231,0.1271667778491974,-0.15742865204811096,0.37048226594924927,1.008489727973938,0.7560362815856934,-0.07616400718688965,0.5721762180328369,-2.6581718921661377,-0.11922550201416016,1.7349426746368408,-0.9592718482017517
0.4551758749999989,0.0034223749999999996,133.0,0.9027069492323744,-0.3027777589197852,0.041535000036773205,0.0013567169653381824,2.316307054409829e-5,0.0006222523618492808,0.06865892174014925,-0.11097782850265503,0.12184963375329971,-0.16224971413612366,0.35115623474121094,0.9990687370300293,0.7238649129867554,-0.004153086803853512,0.5919679403305054,-2.5608603954315186,-0.05987858772277832,1.700750470161438,-0.9595305323600769
0.4551758749999989,0.0034223749999999996,133.0,0.8624391226940831,-0.2625095879453141,0.041534775444392984,0.001512157270188124,2.5827171214690543e-5,0.000693551893345516,0.06865888252239677,-0.11301940679550171,0.12213482707738876,-0.16434526443481445,0.35027241706848145,0.9977511167526245,0.7174476385116577,0.009141013026237488,0.5910527110099792,-2.5374715328216553,-0.03938555717468262,1.6823583841323853,-0.9576866030693054
0.4551758749999989,0.0034223749999999996,133.0,0.8213412845770787,-0.22141417454886161,0.041525389481996126,0.0016632436719173675,2.8400170382936613e-5,0.0007628488175050642,0.06865884896472209,-0.11735603213310242,0.1291176676750183,-0.16825556755065918,0.37595584988594055,1.0013951063156128,0.6959487199783325,0.01552028302103281,0.5582336783409119,-2.4864895343780518,-0.0004558563232421875,1.602471113204956,-0.9504863023757935
0.4551758749999989,0.0034223749999999996,133.0,0.7800269026442752,-0.17796609416857925,0.04392016968684358,0.0018081743443627112,1.3046333538758707e-5,0.0008286140717444849,0.06857101142026599,-0.12245848774909973,0.13077303767204285,-0.17667102813720703,0.35438257455825806,0.8488786816596985,0.4327056407928467,0.20580695569515228,0.5689270496368408,-2.069844961166382,0.3186311721801758,1.4536625146865845,-0.9376222491264343
0.4551758749999989,0.0034223749999999996,133.0,0.7372565820004576,-0.1352044626847092,0.04391497907339123,0.0019067485209460777,1.3927220652996445e-5,0.0008740020333070054,0.06857071833371037,-0.12713301181793213,0.1326076239347458,-0.18193411827087402,0.3431167006492615,0.7641453742980957,0.31668758392333984,0.31342509388923645,0.5616191029548645,-1.8200145959854126,0.47284817695617676,1.3719117641448975,-0.9179722666740417
0.4551758749999989,0.0034223749999999996,133.0,0.6936300963930296,-0.09162499700160298,0.043891220116612444,0.0018823140071817788,1.5080690390136945e-5,0.0008638706483213299,0.06857062612202106,-0.13359692692756653,0.13472510874271393,-0.18384069204330444,0.3444066047668457,0.7798216342926025,0.370469331741333,0.32120996713638306,0.5577148795127869,-1.874091625213623,0.45906543731689453,1.41557776927948,-0.9156991243362427
0.4551758749999989,0.0034223749999999996,133.0,0.6486392969941731,-0.04872049137630921,0.04149907382349385,0.0017587084837726809,2.9962078916998982e-5,0.000806573486553135,0.06865896084719489,-0.13607192039489746,0.16320934891700745,-0.17569997906684875,0.43310028314590454,0.9399294257164001,0.8489718437194824,-0.017424937337636948,0.5216111540794373,-2.7571051120758057,0.1036689281463623,1.6983542442321777,-0.9707276821136475
0.4551758749999989,0.0034223749999999996,133.0,0.6033949836502472,-0.0035026012953184547,0.04141974395979656,0.00010356491133514538,1.7553235694960782e-6,4.748717850503228e-5,0.06865958308364446,-0.15222814679145813,0.19779594242572784,-0.1670408844947815,0.43221515417099,0.9727055430412292,1.5097545385360718,-0.29915615916252136,0.5907665491104126,-3.650641918182373,-0.33437514305114746,1.957191824913025,-1.0412282943725586
0.4551758749999989,0.0034223749999999996,133.0,0.648831333882728,0.043260583704485135,0.044148933753238,-0.0017108957781720622,-2.366274175362491e-5,-0.0007887450343781879,0.06852938975451808,-0.23214519023895264,0.09785917401313782,-0.1489972174167633,0.7838985323905945,-0.11315928399562836,0.4942728281021118,1.6260929107666016,-0.23119515180587769,-1.70059072971344,1.3272364139556885,1.0150545835494995,-0.5581811666488647
0.4551758749999989,0.0034223749999999996,133.0,0.6930683200657474,0.08779440844491751,0.044072502477575964,-0.0019009822639354454,-2.3743387254419558e-5,-0.0008803667751229996,0.06852036886720753,-0.2858631908893585,0.13362537324428558,-0.1252458095550537,0.90680992603302,-0.43177518248558044,0.6635991334915161,1.2492070198059082,-0.08901172876358032,-2.2859580516815186,1.6944713592529297,1.2247289419174194,-0.821607768535614
0.4551758749999989,0.0034223749999999996,133.0,0.7365645337290777,0.13147737153936048,0.044197620934301,-0.001888565041091875,-2.1558587266636453e-5,-0.0008734695909522124,0.06851122921902235,-0.3103155195713043,0.15688739717006683,-0.09159919619560242,1.0821592807769775,-0.548791766166687,0.7842035293579102,1.0881911516189575,-0.04574894905090332,-2.578325033187866,1.7370657920837402,1.366208791732788,-1.0418213605880737
0.4551758749999989,0.0034223749999999996,133.0,0.7793028770893092,0.17429116707690998,0.04423720610627619,-0.001779959719696048,-1.9809479414266762e-5,-0.0008226902397094014,0.06850916233350751,-0.32378581166267395,0.17342104017734528,-0.071827232837677,1.1726880073547363,-0.5974380970001221,0.8542319536209106,1.0766680240631104,-0.06115138530731201,-2.758363962173462,1.678464412689209,1.4689832925796509,-1.1187191009521484
0.4551758749999989,0.0034223749999999996,133.0,0.8212253651264233,0.21625120161547443,0.04425764319691894,-0.0016280087703638693,-1.806301731454603e-5,-0.0007521527183279218,0.06850821057923734,-0.3256784975528717,0.1808452606201172,-0.067328542470932,1.1958999633789062,-0.6061850190162659,0.8803130388259888,1.0854501724243164,-0.06551849842071533,-2.795264720916748,1.654554843902588,1.490861177444458,-1.1379142999649048
0.4551758749999989,0.0034223749999999996,133.0,0.8623183933762765,0.2573677163432036,0.044244757693578426,-0.0014435249731279912,-1.6105941563214992e-5,-0.000666992417950022,0.06850854854323844,-0.3268890678882599,0.18511345982551575,-0.07087349891662598,1.1759369373321533,-0.6374716758728027,0.9019794464111328,1.092577576637268,-0.04888343811035156,-2.78027606010437,1.6509208679199219,1.4746218919754028,-1.1343457698822021
0.4551758749999989,0.0034223749999999996,133.0,0.9025939190882344,0.2976456855937396,0.04427976320049253,-0.0013585836728110883,-1.5221384113441196e-5,-0.0006273854473365527,0.06850652716541768,-0.3228897154331207,0.1880638748407364,-0.07085153460502625,1.1839337348937988,-0.6213249564170837,0.9081743955612183,1.1073404550552368,-0.051195502281188965,-2.7569968700408936,1.642082691192627,1.4640192985534668,-1.1398735046386719
0.4551758749999989,0.0034223749999999996,133.0,0.9420353199782867,0.33707697335001696,0.04424712580705894,-0.0011615978213395058,-1.3030813609659561e-5,-0.0005362066780390751,0.06850647823729052,-0.3183928430080414,0.1918504238128662,-0.06700748205184937,1.217862844467163,-0.5940913558006287,0.9056544303894043,1.1075513362884521,-0.062077462673187256,-2.7606701850891113,1.632896900177002,1.47896409034729,-1.1630187034606934
0.4551758749999989,0.0034223749999999996,133.0,0.9806415173502422,0.37569609860412057,0.04425510577219812,-0.001010501855262254,-1.13677802424887e-5,-0.00046631485962360863,0.06850593484162594,-0.31808915734291077,0.19587092101573944,-0.0646367073059082,1.2327799797058105,-0.5934426188468933,0.9270013570785522,1.1244779825210571,-0.06668835878372192,-2.779122829437256,1.6100420951843262,1.5023223161697388,-1.1735424995422363
0.4551758749999989,0.0034223749999999996,133.0,1.0184165775297214,0.4134836028027812,0.04426236004488258,-0.0008213857847883888,-9.260358423110513e-6,-0.00037893134160946,0.06850540760568209,-0.31778666377067566,0.19979281723499298,-0.06240779161453247,1.2474138736724854,-0.5915049314498901,0.9466996192932129,1.1389163732528687,-0.07144814729690552,-2.7965826988220215,1.5880684852600098,1.523797631263733,-1.1836274862289429
0.4551758749999989,0.0034223749999999996,133.0,1.0553604374839844,0.4504392184138399,0.04426851563040999,-0.0006535549951250078,-7.3885687316693365e-6,-0.0003014202664331122,0.06850491665849462,-0.3174842894077301,0.20348697900772095,-0.060541629791259766,1.2606077194213867,-0.588004469871521,0.9661222696304321,1.1545361280441284,-0.07659667730331421,-2.8120224475860596,1.5668625831604004,1.5436785221099854,-1.1918675899505615
0.4551758749999989,0.0034223749999999996,133.0,1.0914725091114585,0.4865644129883697,0.0442764130818182,-0.000493547500456523,-5.594478324376383e-6,-0.0002275565768759826,0.06850440380925221,-0.3173169791698456,0.2072412073612213,-0.05848470330238342,1.2738425731658936,-0.5846956968307495,0.987084150314331,1.17106294631958,-0.08209586143493652,-2.8300089836120605,1.5443921089172363,1.5645569562911987,-1.199810266494751
0.4551758749999989,0.0034223749999999996,133.0,1.1267533580748776,0.5218549518074633,0.04427572757528437,-0.00033917135454844945,-3.856265401134597e-6,-0.00015632438299170143,0.06850400785810462,-0.31737008690834045,0.2112397998571396,-0.05643630027770996,1.2860112190246582,-0.5806344747543335,1.0135489702224731,1.1933300495147705,-0.08909302949905396,-2.8530025482177734,1.5188078880310059,1.5868984460830688,-1.2052046060562134
0.4551758749999989,0.0034223749999999996,133.0,1.1611919101951889,0.55632276402094,0.04432646107647655,-0.000190232237179737,-2.1550326517946678e-6,-8.760589829900484e-5,0.06850210297476457,-0.31785282492637634,0.2157474011182785,-0.054372310638427734,1.2973583936691284,-0.5756314992904663,1.0490747690200806,1.2239421606063843,-0.09841310977935791,-2.8845086097717285,1.488586187362671,1.6108356714248657,-1.2074835300445557
0.4551758749999989,0.0034223749999999996,133.0,1.194786865447652,0.5899626248471155,0.044350274498437474,-5.673329144553277e-5,-6.441439672005008e-7,-2.6104770221147142e-5,0.06850189467629764,-0.3281917870044708,0.22166204452514648,-0.03925630450248718,1.3620693683624268,-0.5286645889282227,1.1294316053390503,1.3165099620819092,-0.15715128183364868,-3.056394100189209,1.4105498790740967,1.7741361856460571,-1.2151694297790527
0.4551758749999989,0.0034223749999999996,133.0,1.2275533457738994,0.6227749832157629,0.04440629836392117,0.00012246003795578962,1.3811273729973228e-6,5.627001765548036e-5,0.0685012232506308,-0.3411470949649811,0.22951269149780273,-0.021732091903686523,1.4151701927185059,-0.49224016070365906,1.2434155941009521,1.3970088958740234,-0.21548569202423096,-3.2563998699188232,1.279254674911499,1.946310043334961,-1.2119133472442627
0.4551758749999989,0.0034223749999999996,133.0,1.25967718800726,0.6528237063959129,0.04150672057187271,0.00028833559713635937,4.89022984723165e-6,0.00013224877213416464,0.06865770248252925,-0.34672436118125916,0.23671060800552368,-0.0007967352867126465,1.4356517791748047,-0.46213671565055847,1.3347004652023315,1.437821388244629,-0.2717936635017395,-3.4207584857940674,1.0866923332214355,2.1323959827423096,-1.1780586242675781
0.4551758749999989,0.0034223749999999996,133.0,1.2908006221977388,0.6839479160522711,0.04150974838722212,0.00045586930782356077,7.731782057820919e-6,0.0002090852027448103,0.06865788195549079,-0.35447070002555847,0.24453485012054443,0.007675200700759888,1.442731261253357,-0.4522758722305298,1.4300284385681152,1.4735076427459717,-0.29938679933547974,-3.5307857990264893,0.9737107753753662,2.1953539848327637,-1.158530831336975
0.4551758749999989,0.0034223749999999996,133.0,1.321092982840448,0.7142427215084926,0.04151486423854245,0.000654109960797899,1.1096293910522034e-5,0.0003000093322622579,0.06865789440547469,-0.3562839925289154,0.2490440309047699,0.02024441957473755,1.479068398475647,-0.38658976554870605,1.4640514850616455,1.4973770380020142,-0.33661866188049316,-3.623833417892456,0.8950934410095215,2.265329599380493,-1.158495306968689
0.4551758749999989,0.0034223749999999996,133.0,1.3505541383621946,0.7437075417006396,0.04152150123916281,0.0007954952505890229,1.3498925521546279e-5,0.0003648652408485412,0.0686577843144905,-0.35650762915611267,0.25271478295326233,0.027565330266952515,1.5043330192565918,-0.3642529547214508,1.4772732257843018,1.5017852783203125,-0.34850722551345825,-3.6717944145202637,0.8598048686981201,2.3132107257843018,-1.172267198562622
0.4551758749999989,0.0034223749999999996,133.0,1.3791833631725188,0.7723464848741629,0.04153936235107941,0.0009760547330095909,1.6573294855426013e-5,0.00044770158364086974,0.06865755940610707,-0.35466262698173523,0.256816029548645,0.03950917720794678,1.5501028299331665,-0.31344887614250183,1.481825828552246,1.5169533491134644,-0.3705928325653076,-3.747023344039917,0.8254890441894531,2.369295120239258,-1.1963919401168823
0.4551758749999989,0.0034223749999999996,133.0,1.406982725520415,0.800145291146829,0.04153859596273018,0.0011152270238065842,1.8935922610162714e-5,0.0005115363677724043,0.0686575611681549,-0.35469773411750793,0.25955262780189514,0.03461641073226929,1.5376940965652466,-0.35834965109825134,1.5158171653747559,1.5333560705184937,-0.36014050245285034,-3.723543405532837,0.8231065273284912,2.354029655456543,-1.194153070449829
0.4551758749999989,0.0034223749999999996,133.0,1.4339513150009853,0.8271115895199349,0.04153436644555343,0.0012703328348625856,2.1566492884398314e-5,0.000582675167654413,0.06865756321220827,-0.3544158637523651,0.2620057761669159,0.037000447511672974,1.5489383935928345,-0.3497316539287567,1.536522388458252,1.5444517135620117,-0.3683616518974304,-3.7406935691833496,0.797898530960083,2.3726866245269775,-1.1973152160644531
0.4551758749999989,0.0034223749999999996,133.0,1.4600879437836851,0.8532502320864468,0.041537850177315004,0.001456237218282828,2.472696874817616e-5,0.000667955876443511,0.06865749882827041,-0.3542194664478302,0.2623462975025177,0.052451103925704956,1.6038477420806885,-0.22532300651073456,1.4862775802612305,1.5458385944366455,-0.40411025285720825,-3.822298049926758,0.7781779766082764,2.4523873329162598,-1.2172240018844604
0.4551758749999989,0.0034223749999999996,133.0,1.4853935234973479,0.8785559066552026,0.041538044987236095,0.001644930310911208,2.793113239776613e-5,0.0007545072366875673,0.0686574933700371,-0.35085156559944153,0.2629227340221405,0.04720553755760193,1.598572850227356,-0.24173495173454285,1.5057299137115479,1.5677509307861328,-0.4041300415992737,-3.779486894607544,0.7874057292938232,2.429267644882202,-1.2115317583084106
0.4551758749999989,0.0034223749999999996,133.0,1.5098667590129815,0.9030361312572402,0.04155218206782353,0.0018546217898021565,3.150184597527973e-5,0.0008507000035441344,0.06865746558645186,-0.3590560853481293,0.2680993676185608,0.0513647198677063,1.5950418710708618,-0.25383076071739197,1.5639581680297852,1.553307056427002,-0.40840089321136475,-3.852182388305664,0.70778489112854,2.4857847690582275,-1.20455801486969
0.4551758749999989,0.0034223749999999996,133.0,1.5335095657914848,0.9266836740587152,0.04155996242928965,0.0020098696508256703,3.41490910290549e-5,0.0009219402838260977,0.06865727811696477,-0.35887017846107483,0.27024519443511963,0.053220927715301514,1.6052473783493042,-0.2426532357931137,1.5855333805084229,1.5616375207901,-0.41770869493484497,-3.8681640625,0.6830286979675293,2.499569892883301,-1.205592393875122
0.4551758749999989,0.0034223749999999996,133.0,1.5563213334964343,0.9494969334364899,0.04156315568007988,0.0022074839706033465,3.7510983774444976e-5,0.0010125892337555609,0.06865727637010069,-0.36362460255622864,0.27306026220321655,0.060539186000823975,1.6247527599334717,-0.20128615200519562,1.5839958190917969,1.5401930809020996,-0.4296342134475708,-3.9307608604431152,0.6432514190673828,2.5525753498077393,-1.2138941287994385
0.4551758749999989,0.0034223749999999996,133.0,1.5783018471229548,0.9714800952540005,0.04156793311290903,0.0024077288397660293,4.0920610864060305e-5,0.0011044575994361024,0.0686571925162864,-0.3594951927661896,0.27405181527137756,0.04824671149253845,1.6032134294509888,-0.28035789728164673,1.6083624362945557,1.5718326568603516,-0.40817010402679443,-3.84546160697937,0.6951799392700195,2.488994836807251,-1.2128645181655884
0.4551758749999989,0.0034223749999999996,133.0,1.5994510114079743,0.99263391325225,0.041576362772782274,0.002618945912428152,4.4529226673561736e-5,0.001201381868397085,0.06865704463743927,-0.35290685296058655,0.27450820803642273,0.048024535179138184,1.619576096534729,-0.27774253487586975,1.5976579189300537,1.593750238418579,-0.4100872874259949,-3.8194615840911865,0.7219223976135254,2.470618963241577,-1.2268366813659668
0.4551758749999989,0.0034223749999999996,133.0,1.61977629318118,1.0129002758357684,0.04146834526130272,0.002831635344470297,4.795891483650355e-5,0.0012985834800620614,0.06865848642027764,-0.35938969254493713,0.2790642976760864,0.052541136741638184,1.6194432973861694,-0.2823587656021118,1.6505889892578125,1.581146001815796,-0.4181169867515564,-3.8860809803009033,0.6483650207519531,2.5214595794677734,-1.219409704208374
0.4551758749999989,0.0034223749999999996,133.0,1.6392537149111022,1.0324578004473932,0.041615575868007675,0.002996611454388312,5.1020288973059534e-5,0.0013747562616263742,0.06865663435531334,-0.35949257016181946,0.2809944450855255,0.05446925759315491,1.6311086416244507,-0.2720751464366913,1.6708042621612549,1.5856032371520996,-0.42723405361175537,-3.9036178588867188,0.6249439716339111,2.5309174060821533,-1.222102165222168
0.4551758749999989,0.0034223749999999996,133.0,1.6579089082796294,1.0511206024182733,0.041629513242927324,0.003183469840422285,5.42277271096517e-5,0.0014605306921983542,0.06865643738136368,-0.3602388799190521,0.28177428245544434,0.06325796246528625,1.660196304321289,-0.20888680219650269,1.6558241844177246,1.5741066932678223,-0.44847625494003296,-3.9554741382598877,0.595095157623291,2.5786361694335938,-1.2304954528808594
0.4551758749999989,0.0034223749999999996,133.0,1.6757329138662977,1.0689501890541937,0.04163981307804299,0.0033464884062967904,5.7021266782974586e-5,0.0015353478671830578,0.06865637813354548,-0.3655255138874054,0.28558745980262756,0.05675959587097168,1.633811354637146,-0.28137364983558655,1.713376522064209,1.5647857189178467,-0.43129706382751465,-3.948219060897827,0.5684149265289307,2.57082200050354,-1.2213603258132935
0.4551758749999989,0.0034223749999999996,133.0,1.6927263923929223,1.085945316733496,0.04164226625512255,0.0035365986759159284,6.02673820457189e-5,0.0016225880899735819,0.06865629639768053,-0.3635481297969818,0.2860192656517029,0.06360355019569397,1.6657534837722778,-0.23066502809524536,1.6844794750213623,1.562338948249817,-0.4464007616043091,-3.978182315826416,0.5693721771240234,2.596543788909912,-1.2384055852890015
0.4551758749999989,0.0034223749999999996,133.0,1.7088871279221498,1.1021217452728114,0.041671964262631665,0.0037039824484883955,6.318782070783394e-5,0.0016994933723852078,0.06865596461330527,-0.36416903138160706,0.2866080105304718,0.06870004534721375,1.6833535432815552,-0.20314140617847443,1.6652607917785645,1.549262285232544,-0.4524694085121155,-4.0062336921691895,0.5619800090789795,2.630709409713745,-1.2502491474151611
0.4551758749999989,0.0034223749999999996,133.0,1.724228055220772,1.1173773485798555,0.04151483445608331,0.0038707311741502724,6.566069792702187e-5,0.0017753319219252046,0.0686578649360482,-0.3644546568393707,0.28755098581314087,0.06060180068016052,1.6640866994857788,-0.2665826678276062,1.687178611755371,1.5458773374557495,-0.43474316596984863,-3.957292318344116,0.5762956142425537,2.60170316696167,-1.2483855485916138
0.4551758749999989,0.0034223749999999996,133.0,1.7387273137597907,1.131884272022314,0.04152901213057054,0.004001035321298222,6.79026072741684e-5,0.001835174235851354,0.06865761185249845,-0.36191388964653015,0.28715622425079346,0.056230008602142334,1.6641114950180054,-0.2933303117752075,1.677915334701538,1.5535160303115845,-0.4236944913864136,-3.9179863929748535,0.6124374866485596,2.575232982635498,-1.2590290307998657
0.4551758749999989,0.0034223749999999996,133.0,1.7523954699885278,1.1455592836223736,0.04154185979386879,0.004118265957154562,6.991565249725852e-5,0.001889009430079365,0.06865739148122205,-0.36418136954307556,0.2888447344303131,0.05071967840194702,1.649705410003662,-0.3634399175643921,1.690978765487671,1.5349408388137817,-0.39684057235717773,-3.8944623470306396,0.6263630390167236,2.5631401538848877,-1.2713080644607544
0.4551758749999989,0.0034223749999999996,133.0,1.76523235214787,1.1584076007161046,0.04156217755068554,0.004242970721292586,7.208828456085435e-5,0.001946349370615808,0.06865693118752965,-0.35723569989204407,0.2875250279903412,0.044892728328704834,1.6458872556686401,-0.4079906940460205,1.6540584564208984,1.530627965927124,-0.3713535666465759,-3.822181463241577,0.6908669471740723,2.5164427757263184,-1.2921526432037354
0.4551758749999989,0.0034223749999999996,133.0,1.777239122161702,1.1704138034352867,0.0415607863426627,0.004375405063436763,7.433754452571293e-5,0.002007114544733648,0.06865683273152413,-0.3509434759616852,0.28517812490463257,0.04446035623550415,1.659820556640625,-0.38322293758392334,1.6054878234863281,1.5336419343948364,-0.3723030686378479,-3.7817704677581787,0.7336137294769287,2.4942870140075684,-1.3047139644622803
0.4551758749999989,0.0034223749999999996,133.0,1.7884189840922553,1.1815550386382774,0.041489560163703684,0.0045101263743693,7.644189422192961e-5,0.0020685411373814163,0.06865773253953662,-0.3404525816440582,0.28092366456985474,0.036553382873535156,1.6484272480010986,-0.38580042123794556,1.5613362789154053,1.5422422885894775,-0.36139029264450073,-3.674670457839966,0.7928438186645508,2.4248993396759033,-1.303253412246704
0.4551758749999989,0.0034223749999999996,133.0,1.7987656026392997,1.1918821257058256,0.041453475654614096,0.004639921148473482,7.854973138978829e-5,0.0021278700339234275,0.06865816504545673,-0.330074280500412,0.27858737111091614,0.03565317392349243,1.6598650217056274,-0.3666544258594513,1.5139806270599365,1.5434932708740234,-0.3618176579475403,-3.612881898880005,0.8236057758331299,2.3833446502685547,-1.313625454902649
0.4551758749999989,0.0034223749999999996,133.0,1.80827135573718,1.2014483331159704,0.04156361730819655,0.004788726421220925,8.138152540585829e-5,0.0021968028140855822,0.06865652289553804,-0.3231542408466339,0.2767648994922638,0.03561156988143921,1.6698424816131592,-0.347031831741333,1.4709317684173584,1.5418617725372314,-0.36160004138946533,-3.5718114376068115,0.849703311920166,2.3582544326782227,-1.3234038352966309
0.4551758749999989,0.0034223749999999996,133.0,1.8168275357781198,1.212181532180105,0.04464188944710506,0.005009666485092143,5.591294304746259e-5,0.002289749252990649,0.06849259809129592,-0.32256534695625305,0.27525195479393005,0.03166130185127258,1.6989065408706665,-0.31153959035873413,1.4399479627609253,1.5463881492614746,-0.3618176579475403,-3.5422797203063965,0.9108707904815674,2.287529706954956,-1.3517632484436035
0.4551758749999989,0.0034223749999999996,133.0,1.8247033519179994,1.2200312344070448,0.04466028439940226,0.0052385880835992635,5.883318347918255e-5,0.0023949441347179685,0.06849213894576468,-0.31411877274513245,0.2741859555244446,0.03439369797706604,1.7158921957015991,-0.29105520248413086,1.3813538551330566,1.5314399003982544,-0.3619169592857361,-3.5044267177581787,0.9284627437591553,2.26370906829834,-1.3682359457015991
0.4551758749999989,0.0034223749999999996,133.0,1.8317398117226371,1.2270419240209596,0.044665012058806554,0.005591432387157324,6.28059012880185e-5,0.0025569415308127025,0.0684919878157358,-0.30944904685020447,0.27253031730651855,0.03648987412452698,1.7279727458953857,-0.259671151638031,1.3433325290679932,1.527730941772461,-0.370718777179718,-3.4870808124542236,0.9399333000183105,2.2605700492858887,-1.371386170387268
0.4551758749999989,0.0034223749999999996,133.0,1.837949366503838,1.2332358892147213,0.04468095179412973,0.006181537068051835,6.970150180184673e-5,0.002827366200607147,0.06849175961725515,-0.3021582067012787,0.27231958508491516,0.03698545694351196,1.7342767715454102,-0.265880823135376,1.2972782850265503,1.5024195909500122,-0.36245250701904297,-3.4460668563842773,0.9495687484741211,2.226278066635132,-1.3855371475219727
0.4551758749999989,0.0034223749999999996,133.0,1.8433314246922072,1.238602105786691,0.04469825519890053,0.007522998769314395,8.480982532858483e-5,0.003442025835792849,0.06849154119165106,-0.29534271359443665,0.2719481885433197,0.03628462553024292,1.7380019426345825,-0.2695057988166809,1.263217806816101,1.4794726371765137,-0.3608446717262268,-3.413630247116089,0.952465295791626,2.192081928253174,-1.3905737400054932
0.4551758749999989,0.0034223749999999996,133.0,1.8478823562955506,1.2431610734522713,0.04473042749639688,0.013951779596252448,0.00015093147336341174,0.006378480726541661,0.06849090847992705,-0.28648874163627625,0.2800445258617401,0.038669705390930176,1.7629058361053467,-0.34477129578590393,1.2719303369522095,1.4028663635253906,-0.3563971519470215,-3.4778385162353516,0.8875405788421631,2.158581256866455,-1.4201369285583496
0.4551758749999989,0.0034223749999999996,133.0,1.817863519987797,-1.2468081523127297,0.03009171398797108,-0.013932860692060359,-0.0001576173035043868,-0.006424725359991497,0.06858841792700626,-0.02068030834197998,0.1275888830423355,-0.09583762288093567,0.38482314348220825,0.5315906405448914,-0.03889322280883789,5.169399082660675e-5,0.5883086323738098,-2.0202600955963135,0.07240700721740723,1.7310787439346313,-0.9859752655029297
0.4551758749999989,0.0034223749999999996,133.0,1.8133412195271592,-1.2422981860739537,0.030055706586892147,-0.007514228874986885,-8.480804102096369e-5,-0.003464704807461906,0.06858874527917527,-0.021758288145065308,0.13087180256843567,-0.08662030100822449,0.4066102206707001,0.5887585282325745,0.08360457420349121,-0.0758870393037796,0.5770099759101868,-2.261291980743408,0.03506040573120117,1.8120416402816772,-0.9971843957901001
0.4551758749999989,0.0034223749999999996,133.0,1.807986522443204,-1.2369515422893433,0.03003236244265212,-0.0061707447074750245,-6.954449677959435e-5,-0.002845109141562017,0.0685889657370872,-0.022801190614700317,0.12986624240875244,-0.08433932065963745,0.404480516910553,0.6330611705780029,0.18626856803894043,-0.1167450100183487,0.5774889588356018,-2.3717923164367676,-0.03884387016296387,1.8336071968078613,-0.9961414337158203
0.4551758749999989,0.0034223749999999996,133.0,1.8018001282157419,-1.2307711212808436,0.030015132474081944,-0.005579473561225933,-6.281088064217132e-5,-0.0025724037745886133,0.06858913575703689,-0.023790866136550903,0.12867183983325958,-0.08423388004302979,0.40121495723724365,0.6516526341438293,0.229506254196167,-0.13043442368507385,0.5800978541374207,-2.4159939289093018,-0.06821823120117188,1.8366719484329224,-0.9957323670387268
0.4551758749999989,0.0034223749999999996,133.0,1.7947806748072412,-1.2237512986514458,0.030016937168712152,-0.005235594077089424,-5.895387171440009e-5,-0.0024138791212035935,0.06858913480468866,-0.026418745517730713,0.125725656747818,-0.08457842469215393,0.3904503583908081,0.6755484938621521,0.29230165481567383,-0.14071284234523773,0.587289035320282,-2.459432601928711,-0.10985708236694336,1.8299494981765747,-0.9924740195274353
0.4551758749999989,0.0034223749999999996,133.0,1.7869311057854096,-1.2159051733794446,0.030007372511560455,-0.005004869524492681,-5.632349096605191e-5,-0.0023074643721376882,0.06858923541246968,-0.2925437390804291,-0.3187292814254761,-0.8453037738800049,-1.125584363937378,-0.8059999942779541,-0.16321134567260742,0.2434283196926117,1.5574047565460205,3.077119827270508,-1.0801689624786377,2.0868844985961914,-0.4499167501926422
0.4551758749999989,0.0034223749999999996,133.0,1.7782501772226056,-1.2072272575367708,0.02999912583022041,-0.004806340646882078,-5.4065240393782095e-5,-0.002215904925895548,0.06858932351307735,-0.2911430299282074,-0.3272203207015991,-0.8642987012863159,-1.115060806274414,-0.8664180040359497,-0.20090198516845703,0.219114750623703,1.543093204498291,3.0987632274627686,-1.1024682521820068,2.101834774017334,-0.44646358489990234
0.4551758749999989,0.0034223749999999996,133.0,1.7687377697850022,-1.197716939563064,0.0299937382649578,-0.00465645777147583,-5.2364020510966666e-5,-0.0021467876849766876,0.06858939118228291,-0.2896709144115448,-0.33511781692504883,-0.882035493850708,-1.1042535305023193,-0.922743022441864,-0.2371065616607666,0.19587764143943787,1.5288887023925781,3.1190237998962402,-1.1240826845169067,2.1147680282592773,-0.44336989521980286
0.4551758749999989,0.0034223749999999996,133.0,1.7583940786904995,-1.18737521961858,0.029988883928107453,-0.004522125585390598,-5.083933914433628e-5,-0.0020848448581659794,0.06858945834653969,-0.28941610455513,-0.33660799264907837,-0.8853846788406372,-1.1025521755218506,-0.933386504650116,-0.24410247802734375,0.1916961669921875,1.5264556407928467,3.1227362155914307,-1.1282985210418701,2.117234468460083,-0.4426928460597992
0.4551758749999989,0.0034223749999999996,133.0,1.747219217561219,-1.1762023320871913,0.029983962886708213,-0.004387964334693237,-4.9315623146948496e-5,-0.002022978633210275,0.06858952752504655,-0.28987786173820496,-0.33451274037361145,-0.8806133270263672,-1.1062421798706055,-0.9180504679679871,-0.23456025123596191,0.19831468164920807,1.531275749206543,3.117356538772583,-1.1231251955032349,2.113725185394287,-0.44373589754104614
0.4551758749999989,0.0034223749999999996,133.0,1.7352124534630806,-1.164195460894594,0.0299856808858238,-0.004263635591135964,-4.7923450712771116e-5,-0.0019656753671667537,0.06858955537005591,-0.2905934154987335,-0.33111074566841125,-0.8728761672973633,-1.1119688749313354,-0.8930420279502869,-0.21953105926513672,0.20851753652095795,1.5388238430023193,3.108685255050659,-1.1149239540100098,2.1074745655059814,-0.44541358947753906
0.4551758749999989,0.0034223749999999996,133.0,1.7223750864208254,-1.1513592565921809,0.02998274833354576,-0.004136791222573072,-4.648740680466031e-5,-0.001907188808860833,0.06858959587742658,-0.29047176241874695,-0.33199313282966614,-0.8748006224632263,-1.1113399267196655,-0.8988094925880432,-0.22422313690185547,0.2056422382593155,1.5378458499908447,3.11102557182312,-1.118089199066162,2.108092784881592,-0.44508638978004456
0.4551758749999989,0.0034223749999999996,133.0,1.708706038758208,-1.137689173479136,0.02998582306646778,-0.004027578475715183,-4.5267882223648775e-5,-0.001856844758818443,0.06858958806318056,-0.2910636365413666,-0.32920414209365845,-0.8684492111206055,-1.116117238998413,-0.878071665763855,-0.21237778663635254,0.21354053914546967,1.544006586074829,3.1040432453155518,-1.1116970777511597,2.1024019718170166,-0.44634556770324707
0.4551758749999989,0.0034223749999999996,133.0,1.6942063196110202,-1.123190441946851,0.02998311673848553,-0.0038890877197030487,-4.370347901483197e-5,-0.0017929894093503644,0.06858960516265232,-0.29089727997779846,-0.33021309971809387,-0.8706824779510498,-1.1148473024368286,-0.8851522207260132,-0.21694302558898926,0.21039310097694397,1.5420918464660645,3.1065964698791504,-1.1142354011535645,2.1040892601013184,-0.4457381069660187
0.4551758749999989,0.0034223749999999996,133.0,1.6788748149928951,-1.107858113721337,0.029986109059671296,-0.0037139912906273354,-4.174175985167612e-5,-0.001712273780038883,0.06858959889099599,-0.29052606225013733,-0.3319617509841919,-0.874759316444397,-1.1116857528686523,-0.8982621431350708,-0.22436904907226562,0.20530568063259125,1.5381584167480469,3.1111648082733154,-1.1183222532272339,2.107750177383423,-0.4450507164001465
0.4551758749999989,0.0034223749999999996,133.0,1.6627121833817653,-1.09169442401695,0.029989066702651217,-0.003550285880509047,-3.991154144750417e-5,-0.001636808457409467,0.06858957173515712,-0.29034891724586487,-0.33291149139404297,-0.8769596815109253,-1.1102582216262817,-0.9053646326065063,-0.2284374237060547,0.20270049571990967,1.536142349243164,3.1135568618774414,-1.1205215454101562,2.1097817420959473,-0.4445052444934845
0.4551758749999989,0.0034223749999999996,133.0,1.6457189002770305,-1.0747023403701583,0.02998558460280521,-0.0033641214099884506,-3.7810852552069e-5,-0.0015509707014852345,0.06858960563658181,-0.2902897298336029,-0.3333120048046112,-0.8778477907180786,-1.1098815202713013,-0.9080649018287659,-0.2304699420928955,0.20141251385211945,1.5355494022369385,3.114668130874634,-1.1218754053115845,2.1101109981536865,-0.44430020451545715
0.4551758749999989,0.0034223749999999996,133.0,1.627894165428092,-1.0568775694150885,0.029985620096968844,-0.003187755951594887,-3.5828557118064995e-5,-0.0014696613810200713,0.06858959625628626,-0.29017624258995056,-0.33390963077545166,-0.8791792392730713,-1.1090116500854492,-0.9122499227523804,-0.23324131965637207,0.1994781196117401,1.5343618392944336,3.116264581680298,-1.1234564781188965,2.1109395027160645,-0.4440039098262787
0.4551758749999989,0.0034223749999999996,133.0,1.6092379500724396,-1.0382201832620095,0.029988763778323664,-0.003004102874768415,-3.377180983771032e-5,-0.0013849975606954222,0.06858956814344111,-0.29120442271232605,-0.3288774788379669,-0.8679109811782837,-1.1169265508651733,-0.8758219480514526,-0.210709810256958,0.21455691754817963,1.5448284149169922,3.1037044525146484,-1.1108341217041016,2.1021647453308105,-0.44635531306266785
0.4551758749999989,0.0034223749999999996,133.0,1.5897507244057454,-1.0187329034361172,0.029988993470440043,-0.002840040482150191,-3.1928632194367124e-5,-0.0013093607021542057,0.06858956866780039,-0.29118701815605164,-0.32914286851882935,-0.868494987487793,-1.1168895959854126,-0.8775700926780701,-0.21199369430541992,0.2138575166463852,1.5446977615356445,3.1044135093688965,-1.11172616481781,2.1025238037109375,-0.44626951217651367
0.4551758749999989,0.0034223749999999996,133.0,1.5694325661479889,-0.9984153627564092,0.029987097184548516,-0.0026249309736346856,-2.9505792128117395e-5,-0.0012101817509980886,0.06858958242824084,-0.2911798655986786,-0.3292725384235382,-0.8688427209854126,-1.1167399883270264,-0.8787100315093994,-0.21228289604187012,0.21365509927272797,1.5443692207336426,3.1047475337982178,-1.1116797924041748,2.1032090187072754,-0.4461016356945038
0.4551758749999989,0.0034223749999999996,133.0,1.5482831101580616,-0.9772664971119389,0.02998545955727471,-0.002411329559125559,-2.7103167276840902e-5,-0.0011117010618318611,0.06858959964070473,-0.29099515080451965,-0.3302963972091675,-0.8713690638542175,-1.1150656938552856,-0.8871043920516968,-0.21593379974365234,0.2116132378578186,1.5419230461120605,3.1072402000427246,-1.1133896112442017,2.106654644012451,-0.44539332389831543
0.4551758749999989,0.0034223749999999996,133.0,1.5263021216441108,-0.9552845323044986,0.029987927625583836,-0.002208494579592598,-2.4829582480305124e-5,-0.0010181909165056385,0.06858957426498753,-0.2908104360103607,-0.33131101727485657,-0.8736109733581543,-1.1137593984603882,-0.8940740823745728,-0.22107172012329102,0.20810343325138092,1.5401599407196045,3.1099982261657715,-1.116512417793274,2.107438325881958,-0.4449674189090729
0.4551758749999989,0.0034223749999999996,133.0,1.503490132406622,-0.9324726633187888,0.029987606138216688,-0.0020061770103148597,-2.25546618586784e-5,-0.0009249154922881008,0.06858957965443557,-0.29086586833000183,-0.3311671316623688,-0.8733561038970947,-1.1141530275344849,-0.8931394219398499,-0.22043538093566895,0.20861808955669403,1.5404815673828125,3.1097006797790527,-1.1161339282989502,2.107309579849243,-0.4448922276496887
0.4551758749999989,0.0034223749999999996,133.0,1.4798470414708207,-0.9088297059960746,0.029986967243271306,-0.0018439409410985802,-2.0728612869309165e-5,-0.0008501166625935471,0.06858958432737851,-0.29082825779914856,-0.33142831921577454,-0.8739665746688843,-1.1138405799865723,-0.8948912620544434,-0.2218794822692871,0.2075468748807907,1.5398883819580078,3.1104862689971924,-1.1170008182525635,2.107400417327881,-0.44461947679519653
0.4551758749999989,0.0034223749999999996,133.0,1.4553727231792069,-0.8843558458647569,0.02998566701454146,-0.0016457274344403529,-1.8499257024386302e-5,-0.0007587335335093413,0.06858958651827267,-0.29072120785713196,-0.33202970027923584,-0.8753067851066589,-1.1129363775253296,-0.8991370797157288,-0.2244863510131836,0.20560359954833984,1.5385501384735107,3.1121153831481934,-1.1183933019638062,2.1084275245666504,-0.44420984387397766
0.4551758749999989,0.0034223749999999996,133.0,1.4300674139555498,-0.8590516916293434,0.029982218776943514,-0.0014623885892797485,-1.6434854394683033e-5,-0.0006742047750445227,0.06858960865332465,-0.293260782957077,-0.3196909725666046,-0.8482412695884705,-1.1325199604034424,-0.8114215135574341,-0.16942882537841797,0.24381303787231445,1.563936710357666,3.081636428833008,-1.0873892307281494,2.0883283615112305,-0.449545294046402
0.4551758749999989,0.0034223749999999996,133.0,1.40393059729857,-0.8329150380619263,0.029981814265871775,-0.0012810422756282362,-1.4396242877095867e-5,-0.0005905987216575638,0.06858961512799376,-0.2933390438556671,-0.31952041387557983,-0.8479440212249756,-1.1331316232681274,-0.8103010058403015,-0.16863536834716797,0.2445489466190338,1.5645358562469482,3.0812840461730957,-1.08696448802948,2.0883092880249023,-0.4495295286178589
0.4551758749999989,0.0034223749999999996,133.0,1.3769611247476872,-0.8059411992189431,0.02999535141349806,-0.0011306578700111297,-1.271825803239508e-5,-0.0005212802400273324,0.06858953985537797,-0.2932644188404083,-0.32020631432533264,-0.8493668437004089,-1.1327654123306274,-0.8147462606430054,-0.1717374324798584,0.2425963580608368,1.5640599727630615,3.08308744430542,-1.0890361070632935,2.0892226696014404,-0.4494394361972809
0.4551758749999989,0.0034223749999999996,133.0,1.3491622240279078,-0.7781435297794604,0.029991924594791965,-0.0009967178750329056,-1.120899441134942e-5,-0.00045952565751958675,0.06858956371840799,-0.293169230222702,-0.3207736909389496,-0.850638210773468,-1.1320013999938965,-0.818503737449646,-0.17477679252624512,0.24021342396736145,1.5628514289855957,3.084641695022583,-1.090703010559082,2.089500904083252,-0.4490119218826294
0.4551758749999989,0.0034223749999999996,133.0,1.3205319160336242,-0.7495139100455683,0.02998984227052553,-0.000822580507415609,-9.25049895502236e-6,-0.00037924057876256086,0.06858957851665658,-0.2929685413837433,-0.322131484746933,-0.8536385297775269,-1.1306231021881104,-0.8281465172767639,-0.18036699295043945,0.23693545162677765,1.5610225200653076,3.0880675315856934,-1.09427809715271,2.092365264892578,-0.4486166536808014
0.4551758749999989,0.0034223749999999996,133.0,1.2910702489063468,-0.7200518618660052,0.029990744107867017,-0.0006904905450933419,-7.76537465710158e-6,-0.0003183416215653668,0.0685895766478178,-0.29286983609199524,-0.32283347845077515,-0.8551027774810791,-1.1300791501998901,-0.8328039050102234,-0.18358778953552246,0.23489047586917877,1.5603694915771484,3.0898711681365967,-1.0964398384094238,2.093196153640747,-0.44852787256240845
0.4551758749999989,0.0034223749999999996,133.0,1.2607778174792996,-0.6897608340903375,0.02998633120417817,-0.0005183232912371837,-5.828070003805843e-6,-0.0002389642220782417,0.0685896074616941,-0.29279735684394836,-0.32349303364753723,-0.8565204739570618,-1.129645824432373,-0.8372540473937988,-0.1867201328277588,0.23287008702754974,1.559614896774292,3.091615915298462,-1.0984553098678589,2.0939419269561768,-0.44822585582733154
0.4551758749999989,0.0034223749999999996,133.0,1.2296539385918286,-0.6586375017925873,0.029984588726329045,-0.00032556857607876107,-3.6604015859128773e-6,-0.00015009770555632457,0.06858960644493363,-0.29273721575737,-0.32388991117477417,-0.8575077056884766,-1.1289424896240234,-0.8405217528343201,-0.18782734870910645,0.23193609714508057,1.5585851669311523,3.092749834060669,-1.0986738204956055,2.0954113006591797,-0.4479278326034546
0.4551758749999989,0.0034223749999999996,133.0,1.1976986495740007,-0.6266821189396147,0.02998478129236622,-0.0001521943504168841,-1.7111945765644041e-6,-7.01666173383376e-5,0.06858960361707854,-0.2928043305873871,-0.3236965239048004,-0.8571940660476685,-1.1293998956680298,-0.8393370509147644,-0.1869800090789795,0.23260830342769623,1.5590059757232666,3.092410087585449,-1.0981650352478027,2.0952587127685547,-0.44788858294487
0.4551758749999989,0.0034223749999999996,133.0,1.164912481206357,-0.5938969564439295,0.029981905449154213,1.6885538159961854e-5,1.8981130655131162e-7,7.784747763487064e-6,0.06858962435178521,-0.29253676533699036,-0.3253266215324402,-0.8611224293708801,-1.1267911195755005,-0.8523926138877869,-0.1925649642944336,0.22894254326820374,1.555051565170288,3.096492290496826,-1.1006144285202026,2.100619077682495,-0.4466400742530823
0.4551758749999989,0.0034223749999999996,133.0,1.1312947409447263,-0.5602791730385309,0.0299820733324684,0.000186550761818322,2.0970852270701645e-6,8.600572617028975e-5,0.06858962411954053,-0.292615681886673,-0.3251316547393799,-0.8608170747756958,-1.1273070573806763,-0.8512002229690552,-0.19171786308288574,0.22957175970077515,1.555429220199585,3.0961618423461914,-1.1000338792800903,2.100508213043213,-0.4464992880821228
0.4551758749999989,0.0034223749999999996,133.0,1.0968460917548088,-0.5258312457672635,0.029979925731579198,0.00037032316613499507,4.162012234972617e-6,0.00017072989815180661,0.06858963911191678,-0.2924688756465912,-0.32578229904174805,-0.8622516393661499,-1.126120686531067,-0.8555227518081665,-0.1952211856842041,0.22676916420459747,1.5537543296813965,3.0979816913604736,-1.1020020246505737,2.1006851196289062,-0.4460299015045166
0.4551758749999989,0.0034223749999999996,133.0,1.0615659404352955,-0.4905511392234335,0.029979960613774493,0.000514921144224783,5.787261318218492e-6,0.00023739406977494132,0.06858964289339177,-0.29253891110420227,-0.3256513476371765,-0.8620407581329346,-1.1266276836395264,-0.8546810150146484,-0.19458651542663574,0.22730234265327454,1.5541539192199707,3.097778558731079,-1.1016812324523926,2.1006901264190674,-0.4459199905395508
0.4551758749999989,0.0034223749999999996,133.0,1.0254547033286454,-0.45444022635800835,0.029979130988696947,0.0006780191553164377,7.619782926654841e-6,0.0003125867033018855,0.06858965467084877,-0.2926180064678192,-0.32551369071006775,-0.8618226051330566,-1.1271944046020508,-0.8537915349006653,-0.19393539428710938,0.22783546149730682,1.5545694828033447,3.09753680229187,-1.1013083457946777,2.100742816925049,-0.4457668960094452
0.4551758749999989,0.0034223749999999996,133.0,0.9885112362580556,-0.4174933628631401,0.029988797640571732,0.0008517658241980014,9.579077640987219e-6,0.00039269486696116065,0.06858959016527115,-0.29268786311149597,-0.3253645896911621,-0.8615914583206177,-1.1276968717575073,-0.8528698086738586,-0.19325804710388184,0.22837859392166138,1.5549726486206055,3.0972681045532227,-1.1008946895599365,2.1007511615753174,-0.44566619396209717
0.4551758749999989,0.0034223749999999996,133.0,0.9507374626400138,-0.3797195890411087,0.02998889167970641,0.0010491789936832587,1.1799487472651781e-5,0.0004837101826168961,0.0685895923072485,-0.2927590310573578,-0.3252270817756653,-0.861377477645874,-1.1282340288162231,-0.8520143032073975,-0.1926114559173584,0.2289089411497116,1.5554282665252686,3.097022533416748,-1.1004834175109863,2.1008031368255615,-0.44558364152908325
0.4551758749999989,0.0034223749999999996,133.0,0.9121285008030838,-0.34110084223842485,0.030020664259883,0.0012366051117162474,1.3942116745965596e-5,0.0005701640811149807,0.06858942938366108,-0.29282882809638977,-0.32509174942970276,-0.8611686825752258,-1.1287704706192017,-0.8511784076690674,-0.19197678565979004,0.22943124175071716,1.5558888912200928,3.096766233444214,-1.1000640392303467,2.10086989402771,-0.4455067813396454
0.4551758749999989,0.0034223749999999996,133.0,0.8726918067655118,-0.30166348533714793,0.030023262677448228,0.001358305907416419,1.531985540090299e-5,0.0006262830227046433,0.06858942806066452,-0.2928024232387543,-0.32557305693626404,-0.8625257611274719,-1.1284362077713013,-0.8554466366767883,-0.19370222091674805,0.22881822288036346,1.5549137592315674,3.097999095916748,-1.1009174585342407,2.1029887199401855,-0.444902241230011
0.4551758749999989,0.0034223749999999996,133.0,0.8324238121399171,-0.2613936090109068,0.03002769373619778,0.0015139285861750587,1.708578129455929e-5,0.000698046893103572,0.06858936516093024,-0.2927532494068146,-0.3260708749294281,-0.8638859987258911,-1.1279160976409912,-0.8596758842468262,-0.19540953636169434,0.2280966192483902,1.5539391040802002,3.0993242263793945,-1.101760983467102,2.105154514312744,-0.4444853365421295
0.4551758749999989,0.0034223749999999996,133.0,0.7913257116924851,-0.22029734365253248,0.030021827815683914,0.0016651912936263367,1.8790004191449554e-5,0.0007677901619049326,0.0685893599104741,-0.2926757037639618,-0.3263186514377594,-0.8649135828018188,-1.126821517944336,-0.8625425100326538,-0.19672369956970215,0.22697806358337402,1.551893949508667,3.100076913833618,-1.1015514135360718,2.106264352798462,-0.44356924295425415
0.4551758749999989,0.0034223749999999996,133.0,0.74939548184791,-0.17836633722013617,0.0300235166443087,0.0018052143954680922,2.0379307467780395e-5,0.0008323651323936515,0.06858930872210807,-0.1129397451877594,0.11779950559139252,-0.16598668694496155,0.3194504380226135,1.0359238386154175,0.8513641357421875,0.011154313571751118,0.5868248343467712,-2.6247751712799072,-0.09838247299194336,1.8076781034469604,-0.9227334260940552
0.4551758749999989,0.0034223749999999996,133.0,0.7066343426670695,-0.13560521782627197,0.030024131264509993,0.0019036920700952335,2.149233927180305e-5,0.0008777762868470452,0.06858930545085201,-0.11563670635223389,0.11794154345989227,-0.16768193244934082,0.3183484375476837,1.0300709009170532,0.8398909568786621,0.02778766304254532,0.5858889818191528,-2.6044249534606934,-0.06950855255126953,1.8046786785125732,-0.9206053018569946
0.4551758749999989,0.0034223749999999996,133.0,0.6630428463493945,-0.09201550509031928,0.03001888914372249,0.0018797062206019888,2.1211415063732086e-5,0.0008667030564706637,0.06858936555463561,-0.12586629390716553,0.11492397636175156,-0.1731695830821991,0.2917584180831909,0.974672257900238,0.7629115581512451,0.15817739069461823,0.6057006120681763,-2.4342546463012695,0.06690835952758789,1.7990901470184326,-0.9132217168807983
0.4551758749999989,0.0034223749999999996,133.0,0.6186201000330789,-0.04759236211652545,0.0300198030164413,0.0017607518597337146,1.9855411781712226e-5,0.0008118451070804942,0.06858937179071108,-0.2916181981563568,-0.32962363958358765,-0.8720076084136963,-1.118007779121399,-0.8864582777023315,-0.2121586799621582,0.21465915441513062,1.5420198440551758,3.1075539588928223,-1.1103160381317139,2.1099720001220703,-0.44262269139289856
0.4551758749999989,0.0034223749999999996,133.0,0.5733721248746048,-0.0023622373605221504,0.029965028586315345,0.00010368464580485173,1.1640577798619986e-6,4.78013265344837e-5,0.06858970820503621,-0.29055121541023254,-0.33320337533950806,-0.8791780471801758,-1.1103951930999756,-0.9100643992424011,-0.23171067237854004,0.20070649683475494,1.5328893661499023,3.115218162536621,-1.1228522062301636,2.1107561588287354,-0.441166490316391
0.4551758749999989,0.0034223749999999996,133.0,0.6186224087856304,0.04291623432214796,0.030017064662116004,-0.00170791732999796,-1.9226016545691505e-5,-0.0007874866103649075,0.06858915465523122,-0.23654359579086304,0.10143713653087616,-0.09629571437835693,0.8078668713569641,-0.030153784900903702,1.0252461433410645,1.7842988967895508,-0.34004151821136475,-2.2056314945220947,0.7736496925354004,1.217813491821289,-0.47755029797554016
0.4551758749999989,0.0034223749999999996,133.0,0.6630469059433626,0.0873400520930297,0.03001580951505376,-0.0018986667401894755,-2.135841110094705e-5,-0.0008754609966430526,0.06858891159292725,-0.2913375198841095,0.13356681168079376,-0.11834627389907837,0.8520412445068359,-0.48371803760528564,0.8486547470092773,1.49167799949646,-0.14394450187683105,-2.414613723754883,1.4736049175262451,1.3517214059829712,-0.7134245038032532
0.4551758749999989,0.0034223749999999996,133.0,0.7066390123934714,0.13093503540629764,0.03002106244728191,-0.0018853042530457165,-2.1208488973962158e-5,-0.0008693242374359099,0.06858875934141724,-0.3193378150463104,0.15920822322368622,-0.08323708176612854,1.0403592586517334,-0.6162463426589966,1.0118993520736694,1.3406203985214233,-0.10484898090362549,-2.763162851333618,1.5179493427276611,1.5258671045303345,-0.9427280426025391
0.4551758749999989,0.0034223749999999996,133.0,0.749399888835905,0.17369651973728104,0.030021687062966068,-0.0017765646819788339,-1.99854482091093e-5,-0.00081919088528491,0.06858872887696164,-0.32589372992515564,0.1744524985551834,-0.07181969285011292,1.1007544994354248,-0.6518586874008179,1.0521271228790283,1.2963225841522217,-0.10842502117156982,-2.8480021953582764,1.4892446994781494,1.5394090414047241,-1.0003809928894043
0.4551758749999989,0.0034223749999999996,133.0,0.7913292882394447,0.21562831550683942,0.030025851915488375,-0.0016247408874153501,-1.8280792733308607e-5,-0.0007491937514529107,0.06858866181873673,-0.32790109515190125,0.1826804280281067,-0.06705182790756226,1.1252458095550537,-0.6614787578582764,1.0869855880737305,1.3053159713745117,-0.11629366874694824,-2.8899176120758057,1.45849609375,1.561551570892334,-1.0173821449279785
0.4551758749999989,0.0034223749999999996,133.0,0.8324275161802804,0.2567292586491984,0.030030459629098307,-0.0014406692876746637,-1.6214531769537056e-5,-0.0006643275176527017,0.06858856690500242,-0.32941171526908875,0.1872214823961258,-0.0721745491027832,1.1011958122253418,-0.6999520659446716,1.1097276210784912,1.3126418590545654,-0.09675896167755127,-2.869178533554077,1.4621531963348389,1.5397484302520752,-1.0124802589416504
0.4551758749999989,0.0034223749999999996,133.0,0.8726948184656951,0.29699610807804244,0.030029945167715087,-0.0013556793487557554,-1.525797050427848e-5,-0.0006251356538275309,0.06858859736292411,-0.32700398564338684,0.1904447376728058,-0.06177014112472534,1.1694765090942383,-0.6167501211166382,1.1173105239868164,1.353973627090454,-0.14201223850250244,-2.9272634983062744,1.428760051727295,1.6126234531402588,-1.0363740921020508
0.4551758749999989,0.0034223749999999996,133.0,0.9121344091534022,0.33641402978284146,0.029991314870337377,-0.001159041446007945,-1.3018082171460205e-5,-0.0005343951630813125,0.06858909022314927,-0.3264685571193695,0.19433310627937317,-0.060013264417648315,1.1839244365692139,-0.6111770868301392,1.1408841609954834,1.3717771768569946,-0.14905411005020142,-2.942378044128418,1.406761884689331,1.635022521018982,-1.0439560413360596
0.4551758749999989,0.0034223749999999996,133.0,0.9507393774889448,0.3750188453302889,0.029991167385967805,-0.0010082076245280453,-1.1323887143269117e-5,-0.0004648502193671477,0.06858908853539836,-0.32610055804252625,0.1984958052635193,-0.057632654905319214,1.1987316608428955,-0.6083453297615051,1.1677095890045166,1.3905413150787354,-0.15590375661849976,-2.9626657962799072,1.381073236465454,1.6600016355514526,-1.0521173477172852
0.4551758749999989,0.0034223749999999996,133.0,0.9885131217325065,0.41279246860810903,0.02999103152899666,-0.0008194660431168603,-9.203954722587005e-6,-0.0003778275790912045,0.06858908749420178,-0.3257087171077728,0.20253340899944305,-0.055468618869781494,1.2134472131729126,-0.603984534740448,1.1926474571228027,1.406599998474121,-0.16302955150604248,-2.9816675186157227,1.3564777374267578,1.6829653978347778,-1.05990731716156
0.4551758749999989,0.0034223749999999996,133.0,1.0254556433120134,0.44973488044129384,0.029990880780795943,-0.0006519860625952967,-7.32284911739312e-6,-0.00030060810029363896,0.06858908797901105,-0.3253112733364105,0.20637425780296326,-0.05362200736999512,1.226786732673645,-0.5983537435531616,1.2174299955368042,1.423697590827942,-0.17040371894836426,-2.9986813068389893,1.3322679996490479,1.70436429977417,-1.0660563707351685
0.4551758749999989,0.0034223749999999996,133.0,1.0615669095891538,0.4858464763653795,0.029991507640364005,-0.0004923297024416761,-5.529843904063844e-6,-0.00022699652420571823,0.06858907318822856,-0.3250691592693329,0.210330069065094,-0.05149364471435547,1.240037441253662,-0.5929422378540039,1.2447543144226074,1.4418421983718872,-0.17828410863876343,-3.0189130306243896,1.3058075904846191,1.7269164323806763,-1.071624755859375
0.4551758749999989,0.0034223749999999996,133.0,1.0968475490554117,0.5211224478391462,0.029982955382833618,-0.0003383097058637794,-3.7983958405510234e-6,-0.00015598010524593125,0.06858918747969688,-0.32500144839286804,0.21456986665725708,-0.04919204115867615,1.2521417140960693,-0.5872018933296204,1.278612494468689,1.4649152755737305,-0.18776679039001465,-3.0440351963043213,1.2745983600616455,1.7508556842803955,-1.0744619369506836
0.4551758749999989,0.0034223749999999996,133.0,1.1312964926021007,0.5555711033527366,0.029982586365925507,-0.0001897110620529448,-2.1299698971061895e-6,-8.746742554304596e-5,0.06858919287639179,-0.3280462920665741,0.22014907002449036,-0.03424108028411865,1.3175710439682007,-0.5083199143409729,1.3142234086990356,1.510413646697998,-0.24060821533203125,-3.1670045852661133,1.2068767547607422,1.8666105270385742,-1.088320255279541
0.4551758749999989,0.0034223749999999996,133.0,1.164914179418496,0.5891881694292476,0.029981813449913994,-5.656919013003875e-5,-6.350959713646968e-7,-2.608134772758943e-5,0.06858924193101228,-0.33470144867897034,0.2267947942018509,-0.027043253183364868,1.3208187818527222,-0.5127894282341003,1.4122613668441772,1.560744047164917,-0.2659047842025757,-3.2596027851104736,1.1054003238677979,1.9404780864715576,-1.067132830619812
0.4551758749999989,0.0034223749999999996,133.0,1.197700675393191,0.6219739699019258,0.029980955674292875,0.0001220738456404477,1.3704370737788791e-6,5.6281886553498296e-5,0.06858929338810225,-0.3405708372592926,0.23453669250011444,-0.010400921106338501,1.355639934539795,-0.46188443899154663,1.5213356018066406,1.6078213453292847,-0.321710467338562,-3.408902168273926,0.9497847557067871,2.054232597351074,-1.0476572513580322
0.4551758749999989,0.0034223749999999996,133.0,1.229655805707229,0.6539290902204811,0.029981410162778926,0.00028866881501839333,3.2406329175905317e-6,0.00013308913574060352,0.06858934338692413,-0.29098400473594666,-0.3229881227016449,-0.8585428595542908,-1.1104514598846436,-0.8441563844680786,-0.19208621978759766,0.22109854221343994,1.52738618850708,3.0787041187286377,-1.081960678100586,2.094005823135376,-0.4352504312992096
0.4551758749999989,0.0034223749999999996,133.0,1.2607796580760724,0.6850533229276469,0.029982598197313384,0.0004563965444592086,5.123613622295928e-6,0.00021041770243575408,0.06858939049775686,-0.2911064326763153,-0.32299453020095825,-0.8580054044723511,-1.1119812726974487,-0.8421886563301086,-0.19301891326904297,0.22076867520809174,1.5298173427581787,3.079472541809082,-1.084771990776062,2.091963768005371,-0.4361090660095215
0.4551758749999989,0.0034223749999999996,133.0,1.291072274521547,0.7153469318837717,0.029984438590096665,0.0006548666653017322,7.3524256789720155e-6,0.00030192129953674716,0.06858939205828359,-0.29118117690086365,-0.3226449489593506,-0.8570478558540344,-1.1128379106521606,-0.8389862179756165,-0.19180893898010254,0.22183823585510254,1.5314059257507324,3.078538179397583,-1.0845199823379517,2.090839385986328,-0.4368128180503845
0.4551758749999989,0.0034223749999999996,133.0,1.3205336168976265,0.744809619774238,0.029986969283165767,0.0007964158733874584,8.943176775284488e-6,0.00036718454651443977,0.06858937501472791,-0.2912355363368988,-0.32202163338661194,-0.8558475971221924,-1.1130857467651367,-0.8351597785949707,-0.18894386291503906,0.2238980531692505,1.5316202640533447,3.076131820678711,-1.0817997455596924,2.090869665145874,-0.4367651641368866
0.4551758749999989,0.0034223749999999996,133.0,1.349163698259635,0.7734415631519109,0.029990705349872245,0.0009771851064726657,1.0974769127592815e-5,0.0004505294980706073,0.06858936665136589,-0.291485995054245,-0.31997594237327576,-0.8517199754714966,-1.114599347114563,-0.8218597769737244,-0.1805875301361084,0.22939492762088776,1.5329229831695557,3.069772958755493,-1.0753052234649658,2.0880444049835205,-0.43648409843444824
0.4551758749999989,0.0034223749999999996,133.0,1.376962914143109,0.801241016989074,0.02999116962985171,0.0011165181940545194,1.2539916046332648e-5,0.0005147694175251297,0.06858935507315453,-0.2914428412914276,-0.3201650381088257,-0.8520793914794922,-1.1143361330032349,-0.8231062889099121,-0.18127989768981934,0.22897009551525116,1.5328178405761719,3.070247173309326,-1.0758172273635864,2.088491678237915,-0.43664783239364624
0.4551758749999989,0.0034223749999999996,133.0,1.403931388369642,0.8282078731713203,0.029988054099040463,0.0012718032648376327,1.4281802191598437e-5,0.0005863595770906945,0.06858934588032477,-0.29140934348106384,-0.32032787799835205,-0.8524045944213867,-1.1141245365142822,-0.8241984248161316,-0.18187594413757324,0.2285834103822708,1.532714605331421,3.070694923400879,-1.076224684715271,2.088892698287964,-0.43676242232322693
0.4551758749999989,0.0034223749999999996,133.0,1.4300685868948648,0.8543420739696369,0.02998235075811519,0.0014579241432303048,1.6367517112556352e-5,0.0006721633434502229,0.06858940333598,-0.29157599806785583,-0.31902971863746643,-0.8497196435928345,-1.1153590679168701,-0.81529700756073,-0.17663121223449707,0.23204873502254486,1.5343568325042725,3.06693172454834,-1.072073221206665,2.0867197513580322,-0.43712401390075684
0.4551758749999989,0.0034223749999999996,133.0,1.455374110307441,0.8796483542850528,0.029983759305240946,0.0016468357940021391,1.848953954988867e-5,0.0007592620214741153,0.06858938073511708,-0.29155948758125305,-0.3192068338394165,-0.8500741720199585,-1.1152559518814087,-0.8164458274841309,-0.1772933006286621,0.23163340985774994,1.53428053855896,3.0674147605895996,-1.0725504159927368,2.0871944427490234,-0.43715739250183105
0.4551758749999989,0.0034223749999999996,133.0,1.479848293558041,0.9041237109849423,0.02998613659824653,0.001856772286972263,2.084808863340743e-5,0.0008560535873160766,0.06858937523525935,-0.2918364107608795,-0.31778421998023987,-0.8466378450393677,-1.117654800415039,-0.8050952553749084,-0.17250514030456543,0.23434986174106598,1.5372443199157715,3.0643298625946045,-1.0709805488586426,2.082393169403076,-0.4376305341720581
0.4551758749999989,0.0034223749999999996,133.0,1.5034915242266138,0.9277664212764374,0.029985115019100145,0.002012200005541922,2.2592476036424184e-5,0.0009277120986957318,0.06858938589013855,-0.29196032881736755,-0.3163719177246094,-0.8440654277801514,-1.1179218292236328,-0.7970525026321411,-0.16661572456359863,0.2381066083908081,1.5365054607391357,3.059685230255127,-1.0659416913986206,2.0813050270080566,-0.4365905225276947
0.4551758749999989,0.0034223749999999996,133.0,1.526303528559321,0.9505783154548437,0.02998491123364342,0.0022100442861928502,2.481362678147257e-5,0.0010189260857759368,0.06858938819838392,-0.2920297086238861,-0.315973162651062,-0.8430726528167725,-1.1186754703521729,-0.7936534881591797,-0.1652228832244873,0.23908087611198425,1.5379528999328613,3.0588059425354004,-1.06526780128479,2.0799169540405273,-0.43726006150245667
0.4551758749999989,0.0034223749999999996,133.0,1.5482841456084904,0.9725598311795183,0.029986590882743133,0.0024105206619735773,2.7066426350322527e-5,0.001111357224022713,0.0685893792513071,-0.2920590341091156,-0.315494179725647,-0.8421710133552551,-1.1186553239822388,-0.7909733057022095,-0.16307449340820312,0.2405541092157364,1.537644386291504,3.056919813156128,-1.063518762588501,2.0799362659454346,-0.4369584023952484
0.4551758749999989,0.0034223749999999996,133.0,1.5694339977459224,0.9937072990883037,0.0299821241258405,0.002621985059917316,2.9435338430374815e-5,0.0012088411750593108,0.0685894359393555,-0.29226014018058777,-0.313638836145401,-0.8384022116661072,-1.1200844049453735,-0.7786555886268616,-0.15523409843444824,0.24608415365219116,1.539623498916626,3.050771713256836,-1.0569839477539062,2.07800030708313,-0.43744993209838867
0.4551758749999989,0.0034223749999999996,133.0,1.5897521674270876,1.0140263436802035,0.02998380295898242,0.0028348980382348603,3.1827581424050783e-5,0.0013070072497949863,0.0685894313198776,-0.29018333554267883,-0.32903143763542175,-0.8704566955566406,-1.1061259508132935,-0.8829265236854553,-0.2174530029296875,0.20590387284755707,1.525148630142212,3.096435546875,-1.1027369499206543,2.1036882400512695,-0.43751123547554016
0.4551758749999989,0.0034223749999999996,133.0,1.6092390675266257,1.0335155186700453,0.029987760354237985,0.003000100604548747,3.369003991402145e-5,0.001383192014129486,0.06858935572222266,-0.2929510772228241,-0.3090605139732361,-0.8285900354385376,-1.1254223585128784,-0.7466649413108826,-0.1378936767578125,0.2576431334018707,1.5449531078338623,3.0380003452301025,-1.045376181602478,2.068838596343994,-0.43723687529563904
0.4551758749999989,0.0034223749999999996,133.0,1.6278948477727893,1.0521722723538462,0.0299896949901454,0.0031871767350722664,3.57934155538445e-5,0.0014694458955671103,0.06858935116201235,-0.29312244057655334,-0.3072928190231323,-0.825082004070282,-1.1263678073883057,-0.7355319857597351,-0.1308605670928955,0.2623472511768341,1.5456347465515137,3.03241229057312,-1.0400928258895874,2.066465377807617,-0.436911940574646
0.4551758749999989,0.0034223749999999996,133.0,1.6457199675498126,1.0699944513170188,0.029984081200586987,0.003350390040563393,3.7615626787266686e-5,0.001544678960707211,0.06858941168140367,-0.2934482991695404,-0.305128276348114,-0.8204315900802612,-1.1289278268814087,-0.7201647162437439,-0.1233682632446289,0.26712822914123535,1.548309564590454,3.0271565914154053,-1.0357636213302612,2.060906410217285,-0.4369221329689026
0.4551758749999989,0.0034223749999999996,133.0,1.662713580301493,1.0869878788462817,0.029983811526539162,0.003540721931217624,3.975203526202338e-5,0.0016324273864431857,0.06858941167958027,-0.2934870421886444,-0.3046319782733917,-0.8196359872817993,-1.1288882493972778,-0.7176470160484314,-0.12124991416931152,0.2684488594532013,1.5477509498596191,3.0256187915802,-1.0337159633636475,2.060725450515747,-0.4363974630832672
0.4551758749999989,0.0034223749999999996,133.0,1.6788758532991763,1.1031502378255165,0.029984113634908927,0.0037083061324744556,4.163446127863623e-5,0.0017096916760032004,0.06858942299319483,-0.2939360439777374,-0.30051982402801514,-0.8110450506210327,-1.1324337720870972,-0.6896219253540039,-0.10575604438781738,0.27912041544914246,1.5524358749389648,3.0137476921081543,-1.0227515697479248,2.0529370307922363,-0.4373714029788971
0.4551758749999989,0.0034223749999999996,133.0,1.694207145972266,1.118481209215229,0.029983518189715577,0.0038752070570981286,4.3506461820069064e-5,0.0017866368490135943,0.06858941175480313,-0.29112306237220764,-0.3225423991680145,-0.8567873239517212,-1.1124517917633057,-0.8385673761367798,-0.190901517868042,0.22226834297180176,1.5312247276306152,3.077568769454956,-1.0834630727767944,2.092827081680298,-0.43700966238975525
0.4551758749999989,0.0034223749999999996,133.0,1.7087070607453334,1.1329816222325182,0.029984433490360514,0.0040056621385811874,4.497330620192643e-5,0.0018467914548092868,0.06858938222976847,-0.29131463170051575,-0.32063835859298706,-0.8529088497161865,-1.1134886741638184,-0.8262428045272827,-0.18283796310424805,0.22708570957183838,1.532141923904419,3.071692943572998,-1.0772203207015991,2.090233564376831,-0.4368269145488739
0.4551758749999989,0.0034223749999999996,133.0,1.7223760217124362,1.1466494962418572,0.029982429702030855,0.004123028604004765,4.628611043986681e-5,0.0019008973996961205,0.06858938329988258,-0.29154953360557556,-0.31855252385139465,-0.8485687971115112,-1.1148045063018799,-0.8125160336494446,-0.1742711067199707,0.23192815482616425,1.5330522060394287,3.065544843673706,-1.071157455444336,2.086815595626831,-0.4363419711589813
0.4551758749999989,0.0034223749999999996,133.0,1.7352141090414257,1.1594850655251239,0.029977885429138675,0.0042478815195213905,4.767593315643117e-5,0.001958432442752583,0.06858940933127097,-0.29190126061439514,-0.31482741236686707,-0.8413028717041016,-1.1165931224822998,-0.7894721031188965,-0.15815472602844238,0.2421959936618805,1.5339717864990234,3.053312063217163,-1.0573575496673584,2.0833640098571777,-0.4353693127632141
0.4551758749999989,0.0034223749999999996,133.0,1.747220431502413,1.1714929083194532,0.029980698647590714,0.004380466241723293,4.917056218428428e-5,0.0020195737262174484,0.06858933226283223,-0.2917710244655609,-0.3153062164783478,-0.8425309062004089,-1.1154656410217285,-0.7935450673103333,-0.15945959091186523,0.2412387877702713,1.532801866531372,3.0543549060821533,-1.057192325592041,2.085228204727173,-0.43536561727523804
0.4551758749999989,0.0034223749999999996,133.0,1.7583953919745539,1.1826703765358502,0.029985348383026553,0.004515320276955887,5.069646987246188e-5,0.002081771333566249,0.06858923929866795,-0.2903391420841217,-0.3258940577507019,-0.8647042512893677,-1.1059423685073853,-0.8653069734573364,-0.2023630142211914,0.21427923440933228,1.5234260559082031,3.0856027603149414,-1.0880675315856934,2.1030726432800293,-0.435921847820282
0.4551758749999989,0.0034223749999999996,133.0,1.7687391546693518,1.193016635551496,0.029989995466599598,0.0046452489498515735,5.2167587614929145e-5,0.002141697261546796,0.06858915001296106,-0.28950533270835876,-0.33149635791778564,-0.8766076564788818,-1.1004178524017334,-0.903851330280304,-0.2256007194519043,0.2002449929714203,1.518047571182251,3.1020121574401855,-1.1046974658966064,2.112626552581787,-0.4362868666648865
0.4551758749999989,0.0034223749999999996,133.0,1.778251735497985,1.2025310093453656,0.029993502861136927,0.0047942645949564265,5.385052460282411e-5,0.0022104142020673706,0.06858909577857639,-0.2914988100528717,-0.3163500726222992,-0.84544438123703,-1.113068699836731,-0.8028508424758911,-0.16219401359558105,0.23943550884723663,1.5300390720367432,3.056464672088623,-1.0554598569869995,2.0901942253112793,-0.43510258197784424
0.4551758749999989,0.0034223749999999996,133.0,1.7869329396505305,1.2112152856809655,0.029999221909249557,0.0049880311601274135,5.604393914826315e-5,0.002299784369689441,0.06858900238498931,-0.3281611502170563,0.28253817558288574,0.052973031997680664,1.6559641361236572,-0.1917497217655182,1.8343340158462524,1.7685438394546509,-0.5181722044944763,-3.83488130569458,0.4837517738342285,2.492168426513672,-1.1548467874526978
0.4551758749999989,0.0034223749999999996,133.0,1.7947824894973536,1.2190708359793425,0.030010298128197326,0.005216105624854801,5.8640805903137e-5,0.0024050114029547484,0.06858884731166885,-0.32048478722572327,0.2808280885219574,0.05509433150291443,1.6747618913650513,-0.16493575274944305,1.7834113836288452,1.775336742401123,-0.5201087594032288,-3.808661460876465,0.5171053409576416,2.477393388748169,-1.171312928199768
0.4551758749999989,0.0034223749999999996,133.0,1.8018019751361873,1.226088699086121,0.030007376387359935,0.005567677165379943,6.258330725173188e-5,0.0025670865841735707,0.06858886037277341,-0.3155268728733063,0.2787300944328308,0.05731558799743652,1.691704511642456,-0.12809854745864868,1.7221388816833496,1.7675188779830933,-0.5230408310890198,-3.7889041900634766,0.5560445785522461,2.4743268489837646,-1.1851379871368408
0.4551758749999989,0.0034223749999999996,133.0,1.8079885953839554,1.2322844478616048,0.030024195521185532,0.006155439580607431,6.925266550061423e-5,0.002838220529991913,0.06858863929101672,-0.3088211715221405,0.27820512652397156,0.05704540014266968,1.700427532196045,-0.132760688662529,1.6860064268112183,1.763741135597229,-0.5174941420555115,-3.759195327758789,0.5798699855804443,2.449787139892578,-1.199023962020874
0.4551758749999989,0.0034223749999999996,133.0,1.8133437098303178,1.237651115964214,0.030045549952367683,0.007491582043687294,8.438254627441301e-5,0.00345451482651961,0.06858835312540361,-0.30094537138938904,0.2780674695968628,0.05584469437599182,1.711413025856018,-0.14465253055095673,1.6307313442230225,1.742688775062561,-0.5083712935447693,-3.72270131111145,0.6171119213104248,2.4132556915283203,-1.2187166213989258
0.4551758749999989,0.0034223749999999996,133.0,1.8178687455854394,1.2421794381933027,0.030051728180723623,0.013891335170266268,0.00015652362719873925,0.006405685263001079,0.06858826395354459,-0.29339489340782166,0.2870039641857147,0.06342825293540955,1.7538596391677856,-0.1937207281589508,1.6543104648590088,1.6647592782974243,-0.5248876214027405,-3.8459243774414062,0.5479319095611572,2.4168214797973633,-1.2454357147216797
0.4551758749999989,0.0034223749999999996,133.0,1.7878384952522155,-1.2456673263418376,0.018631836865544163,-0.013948358701786788,-7.840948172062777e-5,-0.0064673662997066774,0.06851844722079994,-0.28991928696632385,-0.3333420157432556,-0.8776816725730896,-1.105716347694397,-0.909023642539978,-0.22945713996887207,0.19937670230865479,1.5308594703674316,3.1147501468658447,-1.1200937032699585,2.110288143157959,-0.4437842071056366
0.4551758749999989,0.0034223749999999996,133.0,1.7833142466923666,-1.2411472201956721,0.018619050399079757,-0.007522572685595268,-4.222139268605741e-5,-0.003487861155733186,0.06851854593011679,-0.28935083746910095,-0.336305171251297,-0.8844637870788574,-1.1016074419021606,-0.9305661916732788,-0.24311208724975586,0.19092561304569244,1.5256271362304688,3.1222922801971436,-1.1281006336212158,2.11535906791687,-0.4427816569805145
0.4551758749999989,0.0034223749999999996,133.0,1.777958225920895,-1.2357935866106942,0.018611774299524566,-0.006177589597877407,-3.464249332440133e-5,-0.002864215286047438,0.06851860454748415,-0.2889650762081146,-0.3383478820323944,-0.8891562819480896,-1.0988750457763672,-0.9454678297042847,-0.2525341510772705,0.1852807253599167,1.5220489501953125,3.1274914741516113,-1.1336734294891357,2.118974447250366,-0.44201868772506714
0.4551758749999989,0.0034223749999999996,133.0,1.7717710192034688,-1.2296088587730176,0.018604343779958624,-0.005585659168790501,-3.129333319543331e-5,-0.0025897300773279753,0.0685186699746715,-0.28872808814048767,-0.33960622549057007,-0.89201819896698,-1.097258448600769,-0.954556941986084,-0.25839734077453613,0.18178173899650574,1.51991605758667,3.1306636333465576,-1.1371678113937378,2.1211206912994385,-0.4415520131587982
0.4551758749999989,0.0034223749999999996,133.0,1.7647520961675283,-1.2225908099338485,0.018601936092525563,-0.005241405481964159,-2.935748677567723e-5,-0.002430113132392468,0.06851869302549293,-0.28888270258903503,-0.3390881419181824,-0.8907876014709473,-1.0985466241836548,-0.9507201910018921,-0.25586390495300293,0.18364761769771576,1.5211970806121826,3.1291661262512207,-1.1356737613677979,2.1205456256866455,-0.4415203928947449
0.4551758749999989,0.0034223749999999996,133.0,1.7569020683734327,-1.214741988431343,0.018598541912130853,-0.005010424505794467,-2.8052115053130138e-5,-0.002323008823986352,0.06851872654191778,-0.28874918818473816,-0.3398760259151459,-0.8925900459289551,-1.0976665019989014,-0.9564765691757202,-0.2594907283782959,0.18159647285938263,1.5198681354522705,3.131066083908081,-1.1377726793289185,2.122084856033325,-0.4411027729511261
0.4551758749999989,0.0034223749999999996,133.0,1.7482207271399788,-1.2060615055854784,0.01859621561648681,-0.004811675546498553,-2.693266865741929e-5,-0.002230855648942934,0.0685187494975303,-0.28862854838371277,-0.34062594175338745,-0.8943188786506653,-1.0968881845474243,-0.962009608745575,-0.262925386428833,0.17973701655864716,1.5186138153076172,3.132858991622925,-1.1397604942321777,2.123638391494751,-0.440657377243042
0.4551758749999989,0.0034223749999999996,133.0,1.7387080849105225,-1.196549460229142,0.018594747300453327,-0.004661627769847341,-2.6089018875513617e-5,-0.0021612865167540897,0.06851876749509098,-0.2885601222515106,-0.34113070368766785,-0.8954634666442871,-1.0965025424957275,-0.9656525254249573,-0.2652709484100342,0.17848551273345947,1.517845630645752,3.1340348720550537,-1.1411230564117432,2.124657154083252,-0.4402933120727539
0.4551758749999989,0.0034223749999999996,133.0,1.7283641749353442,-1.1862061010254683,0.01859359435210361,-0.004527148074765732,-2.5333721414429066e-5,-0.0020989383116145808,0.0685187863076666,-0.2884962260723114,-0.3416098356246948,-0.8965446949005127,-1.0961532592773438,-0.9690858721733093,-0.2675342559814453,0.17725181579589844,1.517096757888794,3.1351418495178223,-1.1424238681793213,2.1255767345428467,-0.43991032242774963
0.4551758749999989,0.0034223749999999996,133.0,1.7171890902336306,-1.175031541494584,0.018592418556935927,-0.004392839314301676,-2.45783547585227e-5,-0.0020366675904061496,0.06851880422988262,-0.2884313762187958,-0.3420981168746948,-0.8976379632949829,-1.0958027839660645,-0.9725393056869507,-0.2698707580566406,0.1759619116783142,1.5163378715515137,3.1362876892089844,-1.1438170671463013,2.1264564990997314,-0.4395180642604828
0.4551758749999989,0.0034223749999999996,133.0,1.7051827055558626,-1.1630253243941457,0.018592312482423923,-0.0042683795574133595,-2.388111998385423e-5,-0.0019789666665717244,0.06851881534995995,-0.2885423004627228,-0.3419070243835449,-0.8971048593521118,-1.0968762636184692,-0.9708170890808105,-0.26909637451171875,0.1766696721315384,1.5171091556549072,3.1356000900268555,-1.1433912515640259,2.126091241836548,-0.43919891119003296
0.4551758749999989,0.0034223749999999996,133.0,1.692345193069132,-1.1501881552216526,0.0185916009672357,-0.0041413945627324185,-2.3168311687208052e-5,-0.0019200922251851264,0.06851882795739059,-0.2884996235370636,-0.34218907356262207,-0.8977533578872681,-1.0965949296951294,-0.9728274345397949,-0.27051591873168945,0.17579515278339386,1.516571044921875,3.1362950801849365,-1.144202470779419,2.126525402069092,-0.4389513432979584
0.4551758749999989,0.0034223749999999996,133.0,1.678676426707961,-1.1365192820720071,0.018591933878011842,-0.004032061631982427,-2.25584146290261e-5,-0.0018694034053391754,0.06851882453113146,-0.28858211636543274,-0.34183555841445923,-0.8969522714614868,-1.0972481966018677,-0.9700160026550293,-0.2692420482635498,0.1765693873167038,1.5174965858459473,3.1355295181274414,-1.1437543630599976,2.1254308223724365,-0.43920615315437317
0.4551758749999989,0.0034223749999999996,133.0,1.664176523358303,-1.1220194698036368,0.01859165502443894,-0.0038934163703952117,-2.178133636607035e-5,-0.0018051213583754329,0.06851882626751521,-0.28852811455726624,-0.34215131402015686,-0.8976616263389587,-1.0968194007873535,-0.9723607897758484,-0.27050256729125977,0.17574883997440338,1.5168225765228271,3.1362853050231934,-1.1443402767181396,2.1262528896331787,-0.43897512555122375
0.4551758749999989,0.0034223749999999996,133.0,1.6488451256306478,-1.1066874841783978,0.018593746936209344,-0.003718125661564932,-2.0806329959146123e-5,-0.0017238592329970215,0.06851881695233297,-0.2885594666004181,-0.3420512080192566,-0.8973984718322754,-1.0970624685287476,-0.9713836312294006,-0.2701733112335205,0.17583054304122925,1.517167568206787,3.136122465133667,-1.1442927122116089,2.1257879734039307,-0.43907007575035095
0.4551758749999989,0.0034223749999999996,133.0,1.632682813059012,-1.0905252498367146,0.018593450131565176,-0.003554238847038728,-1.988850778234188e-5,-0.0016478736498800575,0.06851881924273116,-0.2886524498462677,-0.3416256606578827,-0.8964477777481079,-1.0977164506912231,-0.9682999849319458,-0.2681412696838379,0.17714668810367584,1.5181076526641846,3.135092258453369,-1.143201470375061,2.1251540184020996,-0.43934082984924316
0.4551758749999989,0.0034223749999999996,133.0,1.6156893322885035,-1.0735320906555679,0.01859251422798618,-0.0033678668035583958,-1.8844234039224227e-5,-0.001561462949413055,0.0685188270925942,-0.2885947525501251,-0.3419398069381714,-0.8971914052963257,-1.0972944498062134,-0.9706259965896606,-0.26967406272888184,0.17622677981853485,1.5174627304077148,3.1359000205993652,-1.144086241722107,2.125653028488159,-0.4391305148601532
0.4551758749999989,0.0034223749999999996,133.0,1.5978644872852643,-1.0557067670930882,0.01859385790646806,-0.0031913045793367342,-1.7858615031761906e-5,-0.0014796045268610663,0.06851881706004388,-0.28856274485588074,-0.34210118651390076,-0.8975732922554016,-1.0969960689544678,-0.9719204306602478,-0.2702338695526123,0.17582879960536957,1.5170178413391113,3.1362979412078857,-1.144245982170105,2.1261866092681885,-0.4389939606189728
0.4551758749999989,0.0034223749999999996,133.0,1.5792085520071215,-1.0370509276899846,0.01859359272018804,-0.0030074470652705263,-1.6829344166842314e-5,-0.0013943615575864364,0.06851881711624476,-0.28864428400993347,-0.3416494131088257,-0.8965774774551392,-1.0975691080093384,-0.968609094619751,-0.26827073097229004,0.1770401895046234,1.5179738998413086,3.135287046432495,-1.1432883739471436,2.125183582305908,-0.4393596351146698
0.4551758749999989,0.0034223749999999996,133.0,1.5597213746859262,-1.0175637463909954,0.018593640045739553,-0.0028432024705185026,-1.5910509414529177e-5,-0.0013182123310946283,0.06851881741442496,-0.28865841031074524,-0.34162020683288574,-0.8965238332748413,-1.0976842641830444,-0.9684176445007324,-0.26813602447509766,0.17716720700263977,1.5180599689483643,3.1352133750915527,-1.1432081460952759,2.1251745223999023,-0.4393295645713806
0.4551758749999989,0.0034223749999999996,133.0,1.5394030481368768,-0.9972453742503046,0.01859362046275272,-0.0026278530254592205,-1.4704632727088143e-5,-0.0012183667620424316,0.06851881634745541,-0.28860923647880554,-0.34186315536499023,-0.8970723152160645,-1.0973213911056519,-0.970203697681427,-0.269195556640625,0.1764795035123825,1.5175867080688477,3.1358282566070557,-1.1437690258026123,2.125638961791992,-0.43922922015190125
0.4551758749999989,0.0034223749999999996,133.0,1.5182533322643947,-0.9760952451971994,0.018594949046015583,-0.002414013012170992,-1.3510604264792008e-5,-0.0011192253647088262,0.06851881255849192,-0.2885337769985199,-0.34223267436027527,-0.897939145565033,-1.0967481136322021,-0.973028302192688,-0.2707812786102295,0.17555373907089233,1.5168180465698242,3.136751651763916,-1.1446335315704346,2.1264894008636475,-0.4390511214733124
0.4551758749999989,0.0034223749999999996,133.0,1.4962726642178634,-0.954114975440062,0.01859367676383986,-0.0022109523781654815,-1.2373160574142146e-5,-0.00102507740371282,0.06851881674965142,-0.28862670063972473,-0.3417370915412903,-0.8968461751937866,-1.09743070602417,-0.9694151282310486,-0.2685546875,0.1769990622997284,1.5180368423461914,3.1356589794158936,-1.1435602903366089,2.125443458557129,-0.4395694434642792
0.4551758749999989,0.0034223749999999996,133.0,1.4734607259777368,-0.931303218036579,0.01859317209395005,-0.0020084099907350245,-1.1238751418264577e-5,-0.0009311703771858737,0.0685188228315377,-0.2886416018009186,-0.3417043089866638,-0.8967926502227783,-1.0975375175476074,-0.9692142009735107,-0.2684051990509033,0.1771230548620224,1.51810884475708,3.135589838027954,-1.1434619426727295,2.1254260540008545,-0.4395335018634796
0.4551758749999989,0.0034223749999999996,133.0,1.4498175365150325,-0.9076597810326822,0.01859366778830423,-0.0018459932540085394,-1.0330360089698539e-5,-0.0008558676488001464,0.06851881538666385,-0.2886126935482025,-0.3418445289134979,-0.8971238136291504,-1.0973016023635864,-0.9701933860778809,-0.2691929340362549,0.1765342503786087,1.5177247524261475,3.135997772216797,-1.1439018249511719,2.1254723072052,-0.4393904507160187
0.4551758749999989,0.0034223749999999996,133.0,1.4253431623303108,-0.8831855515784722,0.01859327592457815,-0.0016475590691667524,-9.219538748974094e-6,-0.0007638665068845811,0.06851881616419954,-0.28859665989875793,-0.3419531285762787,-0.8973897695541382,-1.097133755683899,-0.9710723161697388,-0.26956844329833984,0.1762697845697403,1.5174307823181152,3.136280059814453,-1.1440078020095825,2.125852584838867,-0.4392711818218231
0.4551758749999989,0.0034223749999999996,133.0,1.4000375320272649,-0.857879923621305,0.018593322026192988,-0.001464015629985935,-8.192562613873027e-6,-0.000678769686222848,0.0685188168051679,-0.28850284218788147,-0.3423834443092346,-0.8984103798866272,-1.0963720083236694,-0.9743674993515015,-0.2714803218841553,0.1750519573688507,1.5163626670837402,3.1373722553253174,-1.1450128555297852,2.1267716884613037,-0.43898501992225647
0.4551758749999989,0.0034223749999999996,133.0,1.3739007675915837,-0.8317433327806427,0.018592823679976004,-0.0012824677749844002,-7.17579298041062e-6,-0.0005945971327850742,0.06851882205288416,-0.28851792216300964,-0.3423648774623871,-0.8983827233314514,-1.0964833498001099,-0.9742485880851746,-0.271392822265625,0.17513339221477509,1.5164368152618408,3.1373307704925537,-1.144944667816162,2.126796245574951,-0.438946932554245
0.4551758749999989,0.0034223749999999996,133.0,1.3469320881516678,-0.8047732061376007,0.018597998484246273,-0.0011319167098089611,-6.3378909098047676e-6,-0.000524802891155847,0.06851880400767656,-0.28874972462654114,-0.3412799537181854,-0.895940363407135,-1.0982192754745483,-0.9661446809768677,-0.26659727096557617,0.17816764116287231,1.519035816192627,3.134838581085205,-1.1425838470458984,2.1245062351226807,-0.43976616859436035
0.4551758749999989,0.0034223749999999996,133.0,1.3191329155139564,-0.7769742467708551,0.018597413034535788,-0.0009978272323472983,-5.586762365119431e-6,-0.0004626333047312611,0.06851880558715225,-0.288670152425766,-0.3416571021080017,-0.8967701196670532,-1.0976370573043823,-0.9688665270805359,-0.26822853088378906,0.17706716060638428,1.5183167457580566,3.1357855796813965,-1.1434534788131714,2.1252074241638184,-0.4396445155143738
0.4551758749999989,0.0034223749999999996,133.0,1.2905025306156515,-0.7483440907487092,0.018596727629996677,-0.0008234960382342007,-4.610623117146305e-6,-0.00038180593427143667,0.06851881046731945,-0.2886478006839752,-0.3418135941028595,-0.8971779942512512,-1.0974698066711426,-0.9701937437057495,-0.2688322067260742,0.17686960101127625,1.5180323123931885,3.1361546516418457,-1.1437982320785522,2.1257855892181396,-0.4395367205142975
0.4551758749999989,0.0034223749999999996,133.0,1.2610408859272133,-0.7188820698017373,0.018597588057480595,-0.0006912591822242143,-3.870375625011171e-6,-0.0003204950645663533,0.06851880721640229,-0.28865429759025574,-0.341805636882782,-0.8971659541130066,-1.0975373983383179,-0.9701481461524963,-0.26876282691955566,0.17695443332195282,1.5181183815002441,3.1361489295959473,-1.1437932252883911,2.1258068084716797,-0.4395560920238495
0.4551758749999989,0.0034223749999999996,133.0,1.23074817319872,-0.688589775863577,0.018596167270988066,-0.0005189000622240517,-2.9051910322689434e-6,-0.00024058209776668836,0.06851881272555765,-0.2885717451572418,-0.34217584133148193,-0.8980401158332825,-1.0969479084014893,-0.9729886651039124,-0.270463228225708,0.17601004242897034,1.5173866748809814,3.1370739936828613,-1.1447856426239014,2.126511812210083,-0.43943020701408386
0.4551758749999989,0.0034223749999999996,133.0,1.1996241857888634,-0.657465977857921,0.018595575293615302,-0.0003259307309519082,-1.824692241234087e-6,-0.0001511140129232834,0.06851881217055404,-0.28854063153266907,-0.3423116207122803,-0.8983761072158813,-1.0966545343399048,-0.9741141200065613,-0.27094101905822754,0.17566367983818054,1.5169956684112549,3.1374425888061523,-1.1449308395385742,2.1269421577453613,-0.4393417537212372
0.4551758749999989,0.0034223749999999996,133.0,1.167668925125569,-0.625510681394479,0.018595654237530963,-0.0001523636486520658,-8.53010601781162e-7,-7.064167334907939e-5,0.06851881093124405,-0.28854867815971375,-0.34228643774986267,-0.8983431458473206,-1.0967062711715698,-0.9739812612533569,-0.2708272933959961,0.1757529377937317,1.517043113708496,3.1374075412750244,-1.1448551416397095,2.126919746398926,-0.43933728337287903
0.4551758749999989,0.0034223749999999996,133.0,1.1348824483258821,-0.5927241837878687,0.018595725633837122,1.6904318699092513e-5,9.464089542272297e-8,7.837499400085243e-6,0.0685188103365941,-0.28845855593681335,-0.34267657995224,-0.8992036581039429,-1.0960274934768677,-0.9768035411834717,-0.2725496292114258,0.17457124590873718,1.516209363937378,3.1383984088897705,-1.145796298980713,2.127601385116577,-0.4391966462135315
0.4551758749999989,0.0034223749999999996,133.0,1.1012647578376764,-0.5591064900358316,0.018595778875082573,0.00018675830773401655,1.0456064707950918e-6,8.658846368849052e-5,0.06851881073689792,-0.28847333788871765,-0.34265008568763733,-0.8991700410842896,-1.0961190462112427,-0.9766517281532288,-0.27243828773498535,0.1746465265750885,1.5162508487701416,3.1383602619171143,-1.1456997394561768,2.127601146697998,-0.4391472637653351
0.4551758749999989,0.0034223749999999996,133.0,1.0668159340327927,-0.524657898064954,0.01859514589583113,0.00037073501315904153,2.0755068781564267e-6,0.00017188721096837205,0.06851881201524623,-0.2884220778942108,-0.3428446054458618,-0.8996127843856812,-1.0957093238830566,-0.9779936075210571,-0.2735426425933838,0.17379173636436462,1.515669345855713,3.138882637023926,-1.1462870836257935,2.1276538372039795,-0.438981294631958
0.4551758749999989,0.0034223749999999996,133.0,1.031535830038831,-0.4893778112061055,0.018595170986533006,0.0005154938798335768,2.8859605728255184e-6,0.00023900317590966105,0.0685188133522051,-0.2884362041950226,-0.3428383469581604,-0.8996095061302185,-1.095809817314148,-0.9779523611068726,-0.2734980583190918,0.17383727431297302,1.515721321105957,3.1388871669769287,-1.1462724208831787,2.127699375152588,-0.43893298506736755
0.4551758749999989,0.0034223749999999996,133.0,0.9954246408697013,-0.45326694281037966,0.01859430301143958,0.000678773368781477,3.799421750902409e-6,0.0003147052907919125,0.06851882368396821,-0.2884499728679657,-0.342825710773468,-0.8995980024337769,-1.0959054231643677,-0.9778759479522705,-0.2734391689300537,0.17388693988323212,1.51576828956604,3.1388728618621826,-1.1462280750274658,2.127734899520874,-0.43888458609580994
0.4551758749999989,0.0034223749999999996,133.0,0.9584821303056245,-0.4163244362240972,0.018594336873687646,0.0008527140779513747,4.773112422330199e-6,0.0003953510413485168,0.06851882443246876,-0.28872957825660706,-0.34155210852622986,-0.8967840671539307,-1.0979461669921875,-0.9684199690818787,-0.2678241729736328,0.17740315198898315,1.5188579559326172,3.1360859870910645,-1.1435139179229736,2.1250317096710205,-0.4398842453956604
0.4551758749999989,0.0034223749999999996,133.0,0.9207084144165959,-0.37855072196698414,0.01859437236785128,0.0010503469520153443,5.879435539712844e-6,0.0004869814688985943,0.06851882490616615,-0.28874650597572327,-0.341534823179245,-0.8967666625976562,-1.0980685949325562,-0.9683181047439575,-0.2677431106567383,0.17746804654598236,1.5189297199249268,3.1360578536987305,-1.1434482336044312,2.1250739097595215,-0.43983393907546997
0.4551758749999989,0.0034223749999999996,133.0,0.8821034685198923,-0.33994581095247584,0.018594390726901434,0.0012379927055683438,6.929868784936195e-6,0.000573981717940471,0.06851882742609257,-0.2899188697338104,-0.33749058842658997,-0.8874894380569458,-1.1073715686798096,-0.9380040764808655,-0.2490389347076416,0.19016286730766296,1.5290608406066895,3.1259117126464844,-1.1331297159194946,2.118577480316162,-0.4404834806919098
0.4551758749999989,0.0034223749999999996,133.0,0.8426666900306897,-0.30050739789584124,0.01859983928500845,0.0013598303404796566,7.617832783076211e-6,0.0006304777713318039,0.06851880547802029,-0.2898941934108734,-0.33779895305633545,-0.8883223533630371,-1.1071274280548096,-0.9406587481498718,-0.25023865699768066,0.18971572816371918,1.5284106731414795,3.126669406890869,-1.133758783340454,2.1198220252990723,-0.4400990605354309
0.4551758749999989,0.0034223749999999996,133.0,0.8023990244400716,-0.2602383801611791,0.01860329180638476,0.0015156288377323269,8.495783046493228e-6,0.0007027163497176655,0.06851877411563574,-0.2899891436100006,-0.33754709362983704,-0.8880366683006287,-1.1076351404190063,-0.9395749568939209,-0.2487351894378662,0.19100798666477203,1.5286543369293213,3.1261162757873535,-1.1325660943984985,2.1205244064331055,-0.43984225392341614
0.4551758749999989,0.0034223749999999996,133.0,0.761300498062676,-0.2191400240129764,0.018602621701054117,0.0016670604947865645,9.345734691452443e-6,0.0007729289246350058,0.06851876230004954,-0.28986504673957825,-0.33815863728523254,-0.8895548582077026,-1.1064980030059814,-0.9446084499359131,-0.2509274482727051,0.1896052211523056,1.5270509719848633,3.1276676654815674,-1.1333023309707642,2.1225640773773193,-0.4394151568412781
0.4551758749999989,0.0034223749999999996,133.0,0.7193706392749036,-0.17720998979428046,0.018603046407081027,0.0018072424296611625,1.0134162970871327e-5,0.0008379273174710274,0.06851874954209707,-0.2899729311466217,-0.33787402510643005,-0.8891857266426086,-1.107086181640625,-0.9433244466781616,-0.24918079376220703,0.19095326960086823,1.527357578277588,3.12705135345459,-1.1318031549453735,2.1232221126556396,-0.4391414225101471
0.4551758749999989,0.0034223749999999996,133.0,0.6766096624696624,-0.13444903634583072,0.01860318185607328,0.0019058317101259496,1.0687232116478859e-5,0.0008836391268154694,0.06851874906603046,-0.2900204360485077,-0.3378249406814575,-0.8890457153320312,-1.1074233055114746,-0.9429441690444946,-0.24873805046081543,0.19112485647201538,1.5276286602020264,3.1270103454589844,-1.1314008235931396,2.123307943344116,-0.4390735328197479
0.4551758749999989,0.0034223749999999996,133.0,0.633017731654467,-0.09085760102099992,0.018601667438424965,0.0018818176760720005,1.0549649004868175e-5,0.000872500942206489,0.06851876526469676,-0.28989341855049133,-0.3383287787437439,-0.8901340961456299,-1.1065269708633423,-0.9464432001113892,-0.25141263008117676,0.18945027887821198,1.5264897346496582,3.1282808780670166,-1.1331467628479004,2.1237120628356934,-0.4388445317745209
0.4551758749999989,0.0034223749999999996,133.0,0.5885946277446521,-0.046434652551142985,0.018601039150930785,0.001762727362003732,9.877743250697425e-6,0.0008172812557752367,0.06851877104565046,-0.2897891700267792,-0.3382726311683655,-0.8896825313568115,-1.1058003902435303,-0.9452073574066162,-0.25215625762939453,0.18823929131031036,1.5257422924041748,3.1276140213012695,-1.1339980363845825,2.1218490600585938,-0.43879175186157227
0.4551758749999989,0.0034223749999999996,133.0,0.5433413706874486,-0.0011853529911898075,0.01858910087258353,0.00010380000629148323,5.806454345092309e-7,4.812550843081853e-5,0.06851884189272939,-0.28824833035469055,-0.3438785672187805,-0.9021971821784973,-1.0940815210342407,-0.9865605235099792,-0.2783830165863037,0.1709657460451126,1.5115697383880615,3.1404056549072266,-1.1480920314788818,2.131028175354004,-0.43655771017074585
0.4551758749999989,0.0034223749999999996,133.0,0.5885951719884943,0.04407404567826404,0.018599634071625612,-0.001709825422286526,-9.57419075580827e-6,-0.0007927535186143387,0.06851872840401166,-0.2892749011516571,-0.3383057415485382,-0.8900701403617859,-1.1010767221450806,-0.9467890858650208,-0.25458788871765137,0.18519249558448792,1.5189900398254395,3.124691963195801,-1.1328339576721191,2.1204755306243896,-0.4367598593235016
0.4551758749999989,0.0034223749999999996,133.0,0.6330187509897294,0.08849772198246487,0.018599954743034976,-0.0019007842684141951,-1.0639759867139352e-5,-0.0008812961558607483,0.06851867495302398,-0.2890067994594574,-0.33826571702957153,-0.890529215335846,-1.0981687307357788,-0.9486857652664185,-0.2543911933898926,0.18444356322288513,1.5143404006958008,3.1227188110351562,-1.1294366121292114,2.12191104888916,-0.43505120277404785
0.4551758749999989,0.0034223749999999996,133.0,0.6766107895113525,0.13209066642121842,0.018601491191543477,-0.0018874073646983382,-1.0566551834132341e-5,-0.0008751002190677836,0.06851864098944074,-0.2889867126941681,-0.33767059445381165,-0.8894429206848145,-1.0977493524551392,-0.9451271891593933,-0.2522432804107666,0.18532417714595795,1.5134003162384033,3.120366334915161,-1.1261731386184692,2.120854139328003,-0.43451765179634094
0.4551758749999989,0.0034223749999999996,133.0,0.7193717077716227,0.17485171237888195,0.018601625416599057,-0.0017785473399070332,-9.957169948720207e-6,-0.0008246283970511881,0.06851863465721231,-0.2889997661113739,-0.3375430107116699,-0.8892999291419983,-1.097766637802124,-0.9444973468780518,-0.2518794536590576,0.18531692028045654,1.51314115524292,3.120438814163208,-1.125283122062683,2.1203553676605225,-0.4342416226863861
0.4551758749999989,0.0034223749999999996,133.0,0.7613013195281757,0.2167818613416415,0.018602644139893196,-0.0016265546031530747,-9.106889958550799e-6,-0.0007541576600100304,0.0685186330807061,-0.2890609800815582,-0.3370615541934967,-0.8883808851242065,-1.0979670286178589,-0.941601574420929,-0.24983477592468262,0.18647781014442444,1.512948751449585,3.11893630027771,-1.1234740018844604,2.119821548461914,-0.43383580446243286
0.4551758749999989,0.0034223749999999996,133.0,0.8023997526823945,0.257881061394183,0.018603962523683744,-0.0014422779168543657,-8.076483509609839e-6,-0.0006687204821660353,0.06851860664355588,-0.28912070393562317,-0.3365519642829895,-0.887419581413269,-1.0982444286346436,-0.9384430050849915,-0.24760699272155762,0.18791280686855316,1.5130953788757324,3.1173224449157715,-1.1214056015014648,2.1193740367889404,-0.4336940348148346
0.4551758749999989,0.0034223749999999996,133.0,0.8426672357024583,0.29814677725367483,0.018600677069663844,-0.0013571933938556738,-7.598029853160486e-6,-0.0006292676021588492,0.0685186493789927,-0.28917375206947327,-0.3362208604812622,-0.8866096138954163,-1.0987658500671387,-0.935722827911377,-0.24632716178894043,0.18869991600513458,1.5140893459320068,3.1165401935577393,-1.1207103729248047,2.1183695793151855,-0.4341477155685425
0.4551758749999989,0.0034223749999999996,133.0,0.8821038752748479,0.33758028783194954,0.01859501493460669,-0.001160328504770953,-6.492060540715529e-6,-0.0005379815209022858,0.06851871133638739,-0.288312166929245,-0.3407753109931946,-0.8962430357933044,-1.0930304527282715,-0.9669450521469116,-0.2660951614379883,0.17664025723934174,1.5100629329681396,3.1304545402526855,-1.1359549760818481,2.125134229660034,-0.4360235631465912
0.4551758749999989,0.0034223749999999996,133.0,0.9207088064843112,0.3761851638622678,0.018594973932728014,-0.0010093270113698644,-5.647188927711688e-6,-0.00046797003524073286,0.06851871008776067,-0.2883014380931854,-0.3407929837703705,-0.8962740302085876,-1.0929620265960693,-0.9670730233192444,-0.2661621570587158,0.17661122977733612,1.5100429058074951,3.1304869651794434,-1.1359902620315552,2.125209093093872,-0.4360721707344055
0.4551758749999989,0.0034223749999999996,133.0,0.9584825158456777,0.4139588382394442,0.018594936194680473,-0.0008203758374983568,-4.58997941709646e-6,-0.00038036352271461784,0.0685187096319444,-0.2882913053035736,-0.34080764651298523,-0.8963024616241455,-1.092896580696106,-0.9671834111213684,-0.266216516494751,0.17658968269824982,1.5100237131118774,3.1305198669433594,-1.1360182762145996,2.1252737045288086,-0.43611833453178406
0.4551758749999989,0.0034223749999999996,133.0,0.9954250139663982,0.45090130453781113,0.018594893356896777,-0.000652709827935207,-3.6518807412332712e-6,-0.00030262584564391595,0.06851870957010428,-0.2882847487926483,-0.3408239483833313,-0.8963342308998108,-1.0928544998168945,-0.9672979712486267,-0.2662835121154785,0.17656950652599335,1.5100128650665283,3.130554676055908,-1.136057734489441,2.1253538131713867,-0.43615061044692993
0.4551758749999989,0.0034223749999999996,133.0,1.0315362559687948,0.48701297603998656,0.018595657501362106,-0.0004928762521364976,-2.7578195615592715e-6,-0.00022852031218817344,0.0685186936172901,-0.2882772982120514,-0.3408457338809967,-0.8963742852210999,-1.092807650566101,-0.9674429893493652,-0.2663700580596924,0.17653992772102356,1.5100009441375732,3.1305978298187256,-1.1361209154129028,2.1254420280456543,-0.43618568778038025
0.4551758749999989,0.0034223749999999996,133.0,1.066816354251052,0.522293013533389,0.018595585289098163,-0.0003386852498654062,-1.895054887756371e-6,-0.00015703010911028884,0.06851869380809959,-0.2881195843219757,-0.342033714056015,-0.8988522291183472,-1.0919116735458374,-0.9757188558578491,-0.2713191509246826,0.17381413280963898,1.5086350440979004,3.133760929107666,-1.139539361000061,2.127958059310913,-0.4357554614543915
0.4551758749999989,0.0034223749999999996,133.0,1.101265252308094,0.5567418213251009,0.01859547431883945,-0.0001899216624858014,-1.0626637825364333e-6,-8.80563677874164e-5,0.0685186948830596,-0.2881059944629669,-0.3420777916908264,-0.8989266753196716,-1.0918365716934204,-0.9759947061538696,-0.2715029716491699,0.1737654060125351,1.5086419582366943,3.1338260173797607,-1.139717698097229,2.1280763149261475,-0.4358375668525696
0.4551758749999989,0.0034223749999999996,133.0,1.1348829256611863,0.5903592927286415,0.018595223819799563,-5.6631951186682126e-5,-3.168602966449969e-7,-2.6257088414023704e-5,0.06851871091084702,-0.2881021797657013,-0.3421962261199951,-0.8990800380706787,-1.091963529586792,-0.9764373898506165,-0.27213478088378906,0.17344743013381958,1.5090285539627075,3.13429594039917,-1.1405316591262817,2.127918243408203,-0.43609464168548584
0.4551758749999989,0.0034223749999999996,133.0,1.1676693949132637,0.6231455413661326,0.01859495230984672,0.00012220934671651931,6.837447621225185e-7,5.666150737726948e-5,0.06851872776590345,-0.28809449076652527,-0.3423272967338562,-0.8992513418197632,-1.0920642614364624,-0.9769608378410339,-0.2728152275085449,0.1731170266866684,1.5094175338745117,3.134782314300537,-1.1414265632629395,2.127777338027954,-0.4363801181316376
0.4551758749999989,0.0034223749999999996,133.0,1.1996246463970326,0.6551005825367829,0.01859467835202052,0.00028898924237909164,1.6167900120367817e-6,0.0001339874269546017,0.06851874547763384,-0.2881298363208771,-0.3423038721084595,-0.899038553237915,-1.092490315437317,-0.9762114882469177,-0.27289843559265137,0.17307204008102417,1.5101457834243774,3.1349096298217773,-1.1421003341674805,2.1271615028381348,-0.4366694390773773
0.4551758749999989,0.0034223749999999996,133.0,1.2307486260552905,0.6862247095774157,0.018595112441561958,0.00045690326766520726,2.5562155330866533e-6,0.00021183889438277376,0.06851876068988035,-0.2881673276424408,-0.342273086309433,-0.8988181352615356,-1.0929299592971802,-0.9754359722137451,-0.27295827865600586,0.17304043471813202,1.510864496231079,3.1350343227386475,-1.1427640914916992,2.1265130043029785,-0.4369364380836487
0.4551758749999989,0.0034223749999999996,133.0,1.2610413934529552,0.7165178101918406,0.01859573501735165,0.0006555938865118338,3.6680577876766645e-6,0.0003039600917948763,0.06851876126486371,-0.2882116138935089,-0.34212440252304077,-0.8984625935554504,-1.093294382095337,-0.9742174744606018,-0.27242493629455566,0.17341065406799316,1.5112979412078857,3.1347014904022217,-1.1425656080245972,2.1260602474212646,-0.4369964003562927
0.4551758749999989,0.0034223749999999996,133.0,1.2905029538937527,0.7459792605803318,0.01859553388375773,0.0007973006025543002,4.461020432958845e-6,0.00036966153552617367,0.06851877492840767,-0.28827527165412903,-0.3417631685733795,-0.8976638317108154,-1.093766212463379,-0.9715890288352966,-0.27083754539489746,0.17445290088653564,1.511911392211914,3.133544683456421,-1.141405463218689,2.1255671977996826,-0.4371234178543091
0.4551758749999989,0.0034223749999999996,133.0,1.3191332684156982,0.7746101903344468,0.018596767407938676,0.0009782710304558832,5.474102436883396e-6,0.00045356755867783326,0.06851877179296173,-0.28834328055381775,-0.3414665162563324,-0.8969327211380005,-1.0943535566329956,-0.9691441655158997,-0.2696964740753174,0.17511631548404694,1.5127153396606445,3.1328272819519043,-1.1409333944320679,2.124662160873413,-0.4373222589492798
0.4551758749999989,0.0034223749999999996,133.0,1.3469324571685757,0.8024097285212458,0.0185973910036756,0.0011177588460317919,6.255023998389223e-6,0.0005182409837057788,0.06851875878777632,-0.2883358299732208,-0.3414914011955261,-0.8969789743423462,-1.0943048000335693,-0.9693081378936768,-0.2697882652282715,0.1750621497631073,1.512704610824585,3.1328866481781006,-1.1410109996795654,2.124727964401245,-0.4373609721660614
0.4551758749999989,0.0034223749999999996,133.0,1.3739009997315732,0.8293758629888317,0.018592872229464194,0.0012732164902712537,7.121611602659939e-6,0.0005903109064013529,0.06851878008150324,-0.2883554995059967,-0.34128040075302124,-0.8965691328048706,-1.0943862199783325,-0.9679962992668152,-0.26882100105285645,0.17569848895072937,1.5127737522125244,3.1321523189544678,-1.140129566192627,2.1246237754821777,-0.43734338879585266
0.4551758749999989,0.0034223749999999996,133.0,1.4000378259760569,0.8555126576149508,0.018592838163226683,0.001459544266541113,8.16377342129789e-6,0.0006766991844054911,0.06851877959090995,-0.28824666142463684,-0.34203824400901794,-0.8982259035110474,-1.0936720371246338,-0.9735146760940552,-0.2718958854675293,0.1739291250705719,1.5116016864776611,3.134146213531494,-1.1419326066970825,2.1264030933380127,-0.4369167685508728
0.4551758749999989,0.0034223749999999996,133.0,1.4253433985500894,0.880818427038799,0.018593235330678363,0.001648665754832449,9.221857463851986e-6,0.000764383097770339,0.06851877846827946,-0.28826090693473816,-0.34188881516456604,-0.8979299068450928,-1.0937013626098633,-0.9726179838180542,-0.27121877670288086,0.17434954643249512,1.5115563869476318,3.133589744567871,-1.1413992643356323,2.1263480186462402,-0.43683820962905884
0.4551758749999989,0.0034223749999999996,133.0,1.449817766615128,0.9052929803262546,0.01859362331860497,0.0018588359705346842,1.0397666192672771e-5,0.0008618259443316885,0.06851877760104408,-0.2883152663707733,-0.34165406227111816,-0.8973487615585327,-1.0941365957260132,-0.9706927537918091,-0.27033305168151855,0.17479044198989868,1.5120887756347656,3.1330673694610596,-1.1410828828811646,2.1255884170532227,-0.4369202256202698
0.4551758749999989,0.0034223749999999996,133.0,1.4734609809645447,0.9289357492647154,0.018592733108661913,0.0020144362934704295,1.1267384032006454e-5,0.0009339680564080584,0.06851878734970479,-0.28831031918525696,-0.34167131781578064,-0.897386908531189,-1.0940988063812256,-0.9708118438720703,-0.27039623260498047,0.17474745213985443,1.5120863914489746,3.133126974105835,-1.1411328315734863,2.1256256103515625,-0.4369570016860962
0.4551758749999989,0.0034223749999999996,133.0,1.4962729681621385,0.9517477192252012,0.018592696594551046,0.0022125003533023943,1.2375142833619003e-5,0.001025797765239067,0.06851878776854085,-0.2883053123950958,-0.3416934311389923,-0.8974360227584839,-1.0940630435943604,-0.9709616899490356,-0.27048325538635254,0.17469847202301025,1.5120835304260254,3.1331958770751953,-1.141207218170166,2.1256747245788574,-0.4369910955429077
0.4551758749999989,0.0034223749999999996,133.0,1.5182536755786324,0.9737289011211471,0.018593544986657638,0.0024131997918909343,1.3498749638120132e-5,0.0011188517830368258,0.06851877800223793,-0.288331538438797,-0.34159567952156067,-0.8971928358078003,-1.094275951385498,-0.9701383709907532,-0.27013587951660156,0.1748974621295929,1.5123496055603027,3.1329808235168457,-1.1411374807357788,2.1253504753112793,-0.43703693151474
0.4551758749999989,0.0034223749999999996,133.0,1.5394033114872514,0.9948780911088368,0.01859272413312628,0.0026248997339753466,1.4681676501031125e-5,0.001217000815557897,0.06851879023839608,-0.28826847672462463,-0.3420991897583008,-0.8982590436935425,-1.09395432472229,-0.9736350178718567,-0.2721374034881592,0.17383642494678497,1.5119004249572754,3.1342735290527344,-1.1423077583312988,2.126535415649414,-0.43692976236343384
0.4551758749999989,0.0034223749999999996,133.0,1.559721642932048,1.015196473347005,0.01859276289112105,0.0028380500277750513,1.5874271604613048e-5,0.0013158275908060305,0.06851878867843153,-0.2883157432079315,-0.3419059216976166,-0.8977800607681274,-1.0943259000778198,-0.9720379114151001,-0.2714090347290039,0.17418789863586426,1.5123474597930908,3.1338534355163574,-1.1420600414276123,2.1258997917175293,-0.4369931221008301
0.4551758749999989,0.0034223749999999996,133.0,1.5792087294779393,1.0346841247396732,0.018593786102183003,0.0030034369236708663,1.6801130516995083e-5,0.0013925110739336647,0.06851877399125414,-0.2883703410625458,-0.3414607346057892,-0.89692223072052,-1.0945525169372559,-0.9692983627319336,-0.269411563873291,0.17546169459819794,1.5123941898345947,3.132326126098633,-1.1402993202209473,2.1256632804870605,-0.436801940202713
0.4551758749999989,0.0034223749999999996,133.0,1.5978646619002304,1.053340195364814,0.01859406087596699,0.003190721775484501,1.7849024107985923e-5,0.001479343630424035,0.06851877363189444,-0.2884146273136139,-0.3412611186504364,-0.896437406539917,-1.0949262380599976,-0.9676538109779358,-0.2686498165130615,0.1758727729320526,1.5129387378692627,3.1318888664245605,-1.139978289604187,2.1250088214874268,-0.43696045875549316
0.4551758749999989,0.0034223749999999996,133.0,1.6156895544330103,1.071164056118975,0.018592086870096464,0.0033541164930307957,1.8759512752728333e-5,0.0015550944648287691,0.06851879205582187,-0.2883482873439789,-0.3417525589466095,-0.8975009918212891,-1.0944788455963135,-0.971187949180603,-0.27069759368896484,0.17462597787380219,1.512159824371338,3.133267879486084,-1.1413257122039795,2.1260194778442383,-0.4366486370563507
0.4551758749999989,0.0034223749999999996,133.0,1.6326831214910547,1.0881575793192886,0.018592031180977662,0.003544659352168524,1.9825030993795896e-5,0.0016434362105135145,0.06851879144457428,-0.28833505511283875,-0.34178024530410767,-0.8975633978843689,-1.0943801403045654,-0.9713912010192871,-0.27080464363098145,0.1745517998933792,1.5121448040008545,3.1333749294281006,-1.1414246559143066,2.1260290145874023,-0.4367333650588989
0.4551758749999989,0.0034223749999999996,133.0,1.6488453624623949,1.1043202440787032,0.018592903031870563,0.003712430413654096,2.07651868129856e-5,0.0017212234209445796,0.06851879261280498,-0.288325697183609,-0.3418698012828827,-0.8977299332618713,-1.0943808555603027,-0.9719693064689636,-0.2711520195007324,0.17437928915023804,1.5121142864227295,3.1335926055908203,-1.1416471004486084,2.126220226287842,-0.43670403957366943
0.4551758749999989,0.0034223749999999996,133.0,1.664176725511844,1.1196505765734703,0.018590999606348413,0.0038795166753844536,2.1695481208355523e-5,0.0017986823823019761,0.0685188007987711,-0.28834620118141174,-0.34168246388435364,-0.8973468542098999,-1.094480276107788,-0.9707222580909729,-0.2703828811645508,0.1747913658618927,1.5122356414794922,3.1331136226654053,-1.1411259174346924,2.1258320808410645,-0.43671929836273193
0.4551758749999989,0.0034223749999999996,133.0,1.678676594795265,1.1341508367006696,0.018591746615700268,0.0040101164159717815,2.2427735881320913e-5,0.0018592371928091301,0.06851879191419691,-0.28833284974098206,-0.3416379690170288,-0.897297739982605,-1.0943124294281006,-0.9706894755363464,-0.27010011672973633,0.1749393343925476,1.511878490447998,3.132844924926758,-1.1407067775726318,2.126046895980835,-0.4365313649177551
0.4551758749999989,0.0034223749999999996,133.0,1.6923454088899657,1.1478191685643202,0.018590854365862747,0.004127612152995558,2.3082850185344384e-5,0.0019137094696114656,0.06851879577811572,-0.28829023241996765,-0.3417718708515167,-0.8976226449012756,-1.0939630270004272,-0.9718509316444397,-0.27057576179504395,0.1745980978012085,1.5113956928253174,3.13316011428833,-1.1408675909042358,2.126466989517212,-0.43640634417533875
0.4551758749999989,0.0034223749999999996,133.0,1.7051829387157997,1.1606569886671358,0.018591479593515238,0.004252598024567066,2.3782545818607217e-5,0.00197165644224287,0.06851878600166612,-0.28812721371650696,-0.34242939949035645,-0.8991334438323975,-1.0927178859710693,-0.9767792820930481,-0.27330827713012695,0.1728798896074295,1.5103535652160645,3.1350650787353516,-1.1426254510879517,2.127713203430176,-0.4366423487663269
0.4551758749999989,0.0034223749999999996,133.0,1.7171893201297366,1.1726636079327672,0.018591928982265138,0.004385328282170641,2.452555845043242e-5,0.0020331960884091274,0.06851876306388421,-0.28814396262168884,-0.3420717716217041,-0.898442268371582,-1.0926833152770996,-0.9745747447013855,-0.27167749404907227,0.17378386855125427,1.510432481765747,3.1339375972747803,-1.1412951946258545,2.1273305416107178,-0.4367487132549286
0.4551758749999989,0.0034223749999999996,133.0,1.7283644207426268,1.1838393762031143,0.01859320962800815,0.004520331051677869,2.528382028188479e-5,0.0020957928053090434,0.06851873534884854,-0.2881852090358734,-0.34157517552375793,-0.8974573612213135,-1.0928279161453247,-0.9713658690452576,-0.2694821357727051,0.17504526674747467,1.5107462406158447,3.1324405670166016,-1.1395213603973389,2.126680612564087,-0.43690502643585205
0.4551758749999989,0.0034223749999999996,133.0,1.7387083794712828,1.1941835873687103,0.018593793037824175,0.004650403535104134,2.6012199444242765e-5,0.00215609618076755,0.06851872227629029,-0.28824231028556824,-0.3409765362739563,-0.8962693214416504,-1.0930768251419067,-0.9674807786941528,-0.2668454647064209,0.1766069084405899,1.5111513137817383,3.130612850189209,-1.1373674869537354,2.1259424686431885,-0.43704524636268616
0.4551758749999989,0.0034223749999999996,133.0,1.7482210439355887,1.2036969204084258,0.018595120193160914,0.004799583471431831,2.6850196145651457e-5,0.0022252652624714063,0.06851870128043727,-0.2882668673992157,-0.3406725525856018,-0.8956328630447388,-1.0932130813598633,-0.9653459191322327,-0.2655317783355713,0.1773323118686676,1.511610746383667,3.1298022270202637,-1.1364305019378662,2.125314712524414,-0.43735963106155396
0.4551758749999989,0.0034223749999999996,133.0,1.7569024528935382,1.2123793393181233,0.01859700056787564,0.004993565154005288,2.7940788546403413e-5,0.002315212476150093,0.06851866862209706,-0.2883267104625702,-0.34012964367866516,-0.8945108652114868,-1.0935622453689575,-0.9616367816925049,-0.26317310333251953,0.17872485518455505,1.5122272968292236,3.1282131671905518,-1.1345940828323364,2.1244618892669678,-0.4376102089881897
0.4551758749999989,0.0034223749999999996,133.0,1.7647525322969637,1.220230983320601,0.018600008596248767,0.005221895757444994,2.922720247924209e-5,0.002421089757184264,0.06851863641031349,-0.2884812653064728,-0.3389883041381836,-0.8921529054641724,-1.0945066213607788,-0.9539144039154053,-0.25823140144348145,0.18170419335365295,1.5133299827575684,3.1247739791870117,-1.1307190656661987,2.122854232788086,-0.43773165345191956
0.4551758749999989,0.0034223749999999996,133.0,1.7717715377446408,1.2272509391551076,0.018601806151248353,0.005573850745360278,3.120310258815157e-5,0.0025842823407362992,0.06851860443402612,-0.2883407175540924,-0.33959946036338806,-0.8935320377349854,-1.0934550762176514,-0.9583055377006531,-0.2609059810638428,0.1799810379743576,1.5125706195831299,3.1267154216766357,-1.1326115131378174,2.1236941814422607,-0.4380517303943634
0.4551758749999989,0.0034223749999999996,133.0,1.777958840541096,1.2334420239158947,0.018608865818001172,0.006162270913672687,3.452317538671486e-5,0.0028571527714289103,0.06851852500629865,-0.28853997588157654,-0.3382367491722107,-0.8906797170639038,-1.094735860824585,-0.9489885568618774,-0.25497984886169434,0.18357297778129578,1.5139796733856201,3.122556447982788,-1.127998948097229,2.1217987537384033,-0.4381336569786072
0.4551758749999989,0.0034223749999999996,133.0,1.7833149804424044,1.238801647548965,0.018615434278167628,0.007499907446779537,4.2047531068407484e-5,0.003477411496898362,0.06851845250200579,-0.2888394892215729,-0.33617812395095825,-0.8863582015037537,-1.096688151359558,-0.9349213242530823,-0.24602317810058594,0.18903784453868866,1.5160858631134033,3.1162118911743164,-1.1210365295410156,2.118990182876587,-0.4382169544696808
0.4551758749999989,0.0034223749999999996,133.0,1.7878395066318893,1.2433324422321355,0.01862706045266225,0.013906757229147282,7.806707945174874e-5,0.006448231424635406,0.06851831009111682,-0.28869059681892395,-0.3369006812572479,-0.8879505395889282,-1.0955909490585327,-0.9400818943977356,-0.24905753135681152,0.18707315623760223,1.5151596069335938,3.118379831314087,-1.1231721639633179,2.120144844055176,-0.43841949105262756
0.4551758749999989,0.0034223749999999996,133.0,1.7578086255632976,-1.2445,0.007231790867624131,-0.013963356204703438,-0.0,-0.006511219931799331,0.0684475,-0.288506418466568,-0.34108614921569824,-0.8951537609100342,-1.0959779024124146,-0.9646427631378174,-0.2654557228088379,0.1774953007698059,1.5173883438110352,3.134176254272461,-1.1416326761245728,2.1234140396118164,-0.440342515707016
0.4551758749999989,0.0034223749999999996,133.0,1.7532831710178431,-1.2399745454545454,0.007231790867624131,-0.007530647021997566,-0.0,-0.0035115983772195996,0.0684475,-0.28815439343452454,-0.34264901280403137,-0.8988888263702393,-1.0932904481887817,-0.9764857292175293,-0.2727231979370117,0.17309440672397614,1.5142133235931396,3.138209581375122,-1.1457608938217163,2.1263186931610107,-0.43992868065834045
0.4551758749999989,0.0034223749999999996,133.0,1.7479265105354684,-1.2346178849721707,0.007231790867624131,-0.00618421512720278,-0.0,-0.002883746873492646,0.0684475,-0.28796759247779846,-0.34353336691856384,-0.9010142683982849,-1.0918638706207275,-0.9832090139389038,-0.27685022354125977,0.17064300179481506,1.5124258995056152,3.1404762268066406,-1.1480722427368164,2.128038167953491,-0.43961068987846375
0.4551758749999989,0.0034223749999999996,133.0,1.7417386441161733,-1.2284300185528756,0.007231790867624131,-0.00559164549781667,-0.0,-0.002607427117319833,0.0684475,-0.28777506947517395,-0.3444507122039795,-0.9031846523284912,-1.090438961982727,-0.9900508522987366,-0.28119683265686035,0.1680079996585846,1.5106172561645508,3.1428487300872803,-1.1505519151687622,2.1296517848968506,-0.4392671287059784
0.4551758749999989,0.0034223749999999996,133.0,1.7347195717599582,-1.2214109461966605,0.007231790867624131,-0.005247023512712809,-0.0,-0.002446727246497325,0.0684475,-0.2877315580844879,-0.34474968910217285,-0.9038881063461304,-1.0901439189910889,-0.9923105835914612,-0.2825329303741455,0.1672988086938858,1.510051965713501,3.1435282230377197,-1.1512422561645508,2.1303963661193848,-0.4390101134777069
0.4551758749999989,0.0034223749999999996,133.0,1.7268692934668226,-1.213560667903525,0.007231790867624131,-0.0050157949239455855,-0.0,-0.0023389035847707954,0.0684475,-0.2876582443714142,-0.34517550468444824,-0.9048794507980347,-1.0896388292312622,-0.9954651594161987,-0.28452038764953613,0.1661493182182312,1.509236216545105,3.144559144973755,-1.1523239612579346,2.1312448978424072,-0.43871697783470154
0.4551758749999989,0.0034223749999999996,133.0,1.718187809236767,-1.2048791836734694,0.007231790867624131,-0.0048168337658894365,-0.0,-0.002246126473093826,0.0684475,-0.28761669993400574,-0.3454681634902954,-0.9055587649345398,-1.0893677473068237,-0.9976568818092346,-0.28583192825317383,0.16544441878795624,1.5086674690246582,3.1452133655548096,-1.1529920101165771,2.131960868835449,-0.4384310841560364
0.4551758749999989,0.0034223749999999996,133.0,1.708675119069791,-1.1953664935064934,0.007231790867624131,-0.004666626801937367,-0.0,-0.0021760838154947647,0.0684475,-0.2876029312610626,-0.34565678238868713,-0.9059879779815674,-1.089313268661499,-0.9990481734275818,-0.2866685390472412,0.16503077745437622,1.5083342790603638,3.1455986499786377,-1.1533942222595215,2.132469892501831,-0.43815988302230835
0.4551758749999989,0.0034223749999999996,133.0,1.6983312229658951,-1.1850225974025974,0.007231790867624131,-0.004532005798842909,-0.0,-0.002113309010803311,0.0684475,-0.2876065671443939,-0.34581348299980164,-0.9063243865966797,-1.089421033859253,-1.000160574913025,-0.28734874725341797,0.16473527252674103,1.5080972909927368,3.1458616256713867,-1.153682827949524,2.1329472064971924,-0.43781930208206177
0.4551758749999989,0.0034223749999999996,133.0,1.6871561209250787,-1.173847495361781,0.007231790867624131,-0.00439755496582057,-0.0,-0.0020506135577196753,0.0684475,-0.2876017391681671,-0.3459719121456146,-0.9066683650016785,-1.0894430875778198,-1.0012668371200562,-0.2880837917327881,0.16433808207511902,1.5078186988830566,3.146179437637329,-1.1540318727493286,2.133319854736328,-0.4375236928462982
0.4551758749999989,0.0034223749999999996,133.0,1.675149812947342,-1.1618411873840444,0.007231790867624131,-0.004272964112018588,-0.0,-0.001992515888455741,0.0684475,-0.28762415051460266,-0.345998615026474,-0.9066985249519348,-1.0896764993667603,-1.0013542175292969,-0.28824615478515625,0.1642821878194809,1.5078336000442505,3.1461682319641113,-1.1540899276733398,2.133385419845581,-0.4373027980327606
0.4551758749999989,0.0034223749999999996,133.0,1.6623122990326855,-1.1490036734693876,0.007231790867624131,-0.004145844245227865,-0.0,-0.0019332389210675838,0.0684475,-0.2876240313053131,-0.34609925746917725,-0.9069066047668457,-1.0897295475006104,-1.0020338296890259,-0.28871774673461914,0.16403037309646606,1.507665753364563,3.146359443664551,-1.15430748462677,2.1336076259613037,-0.4370843470096588
0.4551758749999989,0.0034223749999999996,133.0,1.6486435791811085,-1.1353349536178108,0.007231790867624131,-0.00403639411952546,-0.0,-0.001882201489266525,0.0684475,-0.287637323141098,-0.34605446457862854,-0.906809389591217,-1.0898175239562988,-1.0017234086990356,-0.2884676456451416,0.16420665383338928,1.5077743530273438,3.146244764328003,-1.1541658639907837,2.1336090564727783,-0.43710339069366455
0.4551758749999989,0.0034223749999999996,133.0,1.6341436533926113,-1.1208350278293135,0.007231790867624131,-0.003897599542816241,-0.0,-0.0018174805152366348,0.0684475,-0.28763076663017273,-0.34608757495880127,-0.9068906307220459,-1.089739203453064,-1.0019513368606567,-0.2886354923248291,0.1640503853559494,1.5076881647109985,3.146360158920288,-1.1542659997940063,2.133643865585327,-0.43709754943847656
0.4551758749999989,0.0034223749999999996,133.0,1.6188125216671938,-1.105503896103896,0.007231790867624131,-0.0037221227860456236,-0.0,-0.001735654359726294,0.0684475,-0.2877085506916046,-0.3458380103111267,-0.9062796831130981,-1.090355396270752,-0.9999843239784241,-0.28745460510253906,0.16479934751987457,1.5083194971084595,3.1456868648529053,-1.153612494468689,2.1332366466522217,-0.43709972500801086
0.4551758749999989,0.0034223749999999996,133.0,1.6026501840048561,-1.0893415584415584,0.007231790867624131,-0.0035580593883938294,-0.0,-0.0016591503409783333,0.0684475,-0.287701278924942,-0.3458682894706726,-0.9063664674758911,-1.0902756452560425,-1.0002248287200928,-0.287616491317749,0.16468961536884308,1.5082647800445557,3.145798444747925,-1.1537350416183472,2.1332764625549316,-0.43712732195854187
0.4551758749999989,0.0034223749999999996,133.0,1.5856566404055983,-1.0723480148423006,0.007231790867624131,-0.0033714870774008447,-0.0,-0.0015721502435626286,0.0684475,-0.2876828610897064,-0.34598085284233093,-0.9066396355628967,-1.090146780014038,-1.0011109113693237,-0.2881157398223877,0.16445155441761017,1.5080329179763794,3.1460537910461426,-1.1539932489395142,2.1335766315460205,-0.4370301067829132
0.4551758749999989,0.0034223749999999996,133.0,1.56783189086942,-1.0545232653061223,0.007231790867624131,-0.0031947349537721904,-0.0,-0.001489729374719428,0.0684475,-0.28771069645881653,-0.34581273794174194,-0.9062471985816956,-1.0903453826904297,-0.9998041987419128,-0.2873954772949219,0.16482587158679962,1.5084049701690674,3.1456940174102783,-1.1536580324172974,2.133112668991089,-0.4371955096721649
0.4551758749999989,0.0034223749999999996,133.0,1.5491759353963217,-1.035867309833024,0.007231790867624131,-0.003010679834409215,-0.0,-0.00140390306303784,0.0684475,-0.28770479559898376,-0.3458467721939087,-0.9063246250152588,-1.0902961492538452,-1.0000786781311035,-0.2875051498413086,0.16475532948970795,1.508312702178955,3.1457667350769043,-1.153673768043518,2.133232355117798,-0.4371544420719147
0.4551758749999989,0.0034223749999999996,133.0,1.5296887739863032,-1.0163801484230055,0.007231790867624131,-0.0028462588918206394,-0.0,-0.001327232318347724,0.0684475,-0.287709504365921,-0.3458408713340759,-0.9063109159469604,-1.0903385877609253,-1.0000404119491577,-0.2874727249145508,0.1647907793521881,1.5083322525024414,3.1457436084747314,-1.1536446809768677,2.133241891860962,-0.4371313750743866
0.4551758749999989,0.0034223749999999996,133.0,1.5093704066393645,-0.9960617810760667,0.007231790867624131,-0.002630677218132929,-0.0,-0.0012267049329492726,0.0684475,-0.28769758343696594,-0.34583964943885803,-0.9063163995742798,-1.090218424797058,-1.0000020265579224,-0.287524938583374,0.16467313468456268,1.5083223581314087,3.145815372467041,-1.1537362337112427,2.1330926418304443,-0.4372420310974121
0.4551758749999989,0.0034223749999999996,133.0,1.4882208333555054,-0.9749122077922077,0.007231790867624131,-0.0024166080431781566,-0.0,-0.0011268828372929401,0.0684475,-0.2877390682697296,-0.3456770181655884,-0.9059284925460815,-1.0905838012695312,-0.9987390637397766,-0.2868201732635498,0.1651703417301178,1.5087721347808838,3.1453981399536133,-1.1534174680709839,2.132718324661255,-0.4373178482055664
0.4551758749999989,0.0034223749999999996,133.0,1.4662400541347262,-0.9529314285714284,0.007231790867624131,-0.0022133288610252317,-0.0,-0.0010320921979115464,0.0684475,-0.28770682215690613,-0.3458259701728821,-0.9063003659248352,-1.0903184413909912,-0.9999788403511047,-0.28740549087524414,0.1648830622434616,1.5084011554718018,3.1457512378692627,-1.1536766290664673,2.1331984996795654,-0.4372204542160034
0.4551758749999989,0.0034223749999999996,133.0,1.4434280689770267,-0.930119443413729,0.007231790867624131,-0.002010568661449351,-0.0,-0.0009375435640802773,0.0684475,-0.28769299387931824,-0.34589263796806335,-0.90644770860672,-1.090232491493225,-1.0004453659057617,-0.28774023056030273,0.16467009484767914,1.5082837343215942,3.145921468734741,-1.1538753509521484,2.1332640647888184,-0.4371911883354187
0.4551758749999989,0.0034223749999999996,133.0,1.4197848778824071,-0.9064762523191094,0.007231790867624131,-0.001847976723891687,-0.0,-0.0008617256984428791,0.0684475,-0.2876925766468048,-0.3458205759525299,-0.9063024520874023,-1.0901809930801392,-0.9999257922172546,-0.2874429225921631,0.16478513181209564,1.5084314346313477,3.145833730697632,-1.1537795066833496,2.1330184936523438,-0.4373886287212372
0.4551758749999989,0.0034223749999999996,133.0,1.3953104808508672,-0.8820018552875695,0.007231790867624131,-0.0016493293359528328,-0.0,-0.0007690949001745045,0.0684475,-0.28768590092658997,-0.34586963057518005,-0.9064172506332397,-1.0901154279708862,-1.0003143548965454,-0.287611722946167,0.1646689921617508,1.5082981586456299,3.145949363708496,-1.1538233757019043,2.1331899166107178,-0.43732407689094543
0.4551758749999989,0.0034223749999999996,133.0,1.3700048778824072,-0.8566962523191094,0.007231790867624131,-0.001465588829242617,-0.0,-0.000683415294782251,0.0684475,-0.28769370913505554,-0.34586215019226074,-0.9064037203788757,-1.0901744365692139,-1.000261902809143,-0.28757762908935547,0.1646990329027176,1.5083189010620117,3.145925760269165,-1.1537855863571167,2.1332075595855713,-0.43728551268577576
0.4551758749999989,0.0034223749999999996,133.0,1.3438680689770268,-0.8305594434137291,0.007231790867624131,-0.001283845914515327,-0.0,-0.0005986671818295048,0.0684475,-0.2876811921596527,-0.3459259867668152,-0.9065491557121277,-1.0900753736495972,-1.0007026195526123,-0.2879314422607422,0.16443376243114471,1.5081453323364258,3.14609432220459,-1.153965950012207,2.1332480907440186,-0.43721267580986023
0.4551758749999989,0.0034223749999999996,133.0,1.3169000541347262,-0.8035914285714285,0.007231790867624131,-0.001133135014871362,-0.0,-0.0005283895351580944,0.0684475,-0.2878749668598175,-0.3453090488910675,-0.9050374031066895,-1.0916849374771118,-0.9958438277244568,-0.28505802154541016,0.1663464903831482,1.5097744464874268,3.144418716430664,-1.1524136066436768,2.1321537494659424,-0.43719932436943054
0.4551758749999989,0.0034223749999999996,133.0,1.2891008333555056,-0.7757922077922077,0.007231790867624131,-0.000998901178084788,-0.0,-0.00046579526908098674,0.0684475,-0.28786078095436096,-0.34538522362709045,-0.90520840883255,-1.0915682315826416,-0.9964300990104675,-0.285320520401001,0.16616569459438324,1.5096023082733154,3.144601345062256,-1.1525062322616577,2.1323955059051514,-0.43714773654937744
0.4551758749999989,0.0034223749999999996,133.0,1.2604704066393644,-0.7471617810760667,0.007231790867624131,-0.0008243822762448,-0.0,-0.0003844157686601999,0.0684475,-0.2878486216068268,-0.3454643785953522,-0.9054088592529297,-1.0914812088012695,-0.9970916509628296,-0.2856321334838867,0.16605696082115173,1.5094490051269531,3.1447839736938477,-1.1526802778244019,2.132676362991333,-0.4370858669281006
0.4551758749999989,0.0034223749999999996,133.0,1.2310087739863034,-0.7177001484230054,0.007231790867624131,-0.0006920029244598335,-0.0,-0.0003226862631412754,0.0684475,-0.2878522574901581,-0.34535083174705505,-0.905157208442688,-1.0914918184280396,-0.9961659908294678,-0.2852799892425537,0.16618037223815918,1.509784460067749,3.1446337699890137,-1.1526859998703003,2.132110834121704,-0.4374060332775116
0.4551758749999989,0.0034223749999999996,133.0,1.2007159353963217,-0.687407309833024,0.007231790867624131,-0.0005194582006771419,-0.0,-0.0002422273370671674,0.0684475,-0.2878154218196869,-0.3455100357532501,-0.9055724143981934,-1.0912057161331177,-0.9975419640541077,-0.2859218120574951,0.16593295335769653,1.5094006061553955,3.1450035572052,-1.1529996395111084,2.132641315460205,-0.43731817603111267
0.4551758749999989,0.0034223749999999996,133.0,1.1695918908694203,-0.6562832653061225,0.007231790867624131,-0.0003262813460478254,-0.0,-0.0001521474903752222,0.0684475,-0.28779879212379456,-0.3455822169780731,-0.9057455062866211,-1.0910544395446777,-0.9981349110603333,-0.2861785888671875,0.1657486855983734,1.5091809034347534,3.1451849937438965,-1.1530632972717285,2.132871627807617,-0.43725380301475525
0.4551758749999989,0.0034223749999999996,133.0,1.1376366404055982,-0.6243280148423005,0.007231790867624131,-0.00015252756218264477,-0.0,-7.112477032548003e-5,0.0684475,-0.2878016531467438,-0.3455684781074524,-0.9057223796844482,-1.0910779237747192,-0.9980615973472595,-0.2861170768737793,0.16579566895961761,1.5091931819915771,3.145153760910034,-1.1530054807662964,2.1328554153442383,-0.4372422993183136
0.4551758749999989,0.0034223749999999996,133.0,1.1048501840048561,-0.5915415584415583,0.007231790867624131,1.6922553667321248e-5,0.0,7.891116370610857e-6,0.0684475,-0.28780755400657654,-0.3455561697483063,-0.9057012796401978,-1.0911198854446411,-0.9979895353317261,-0.2860605716705322,0.16583801805973053,1.509209156036377,3.1451261043548584,-1.1529541015625,2.1328516006469727,-0.4372164011001587
0.4551758749999989,0.0034223749999999996,133.0,1.0712325216671938,-0.5579238961038959,0.007231790867624131,0.0001869592446057765,0.0,8.71805275225472e-5,0.0684475,-0.28781595826148987,-0.3455474376678467,-0.9056859016418457,-1.0911811590194702,-0.9979307055473328,-0.2860138416290283,0.16587474942207336,1.5092322826385498,3.145104169845581,-1.1529134511947632,2.1328675746917725,-0.4371778070926666
0.4551758749999989,0.0034223749999999996,133.0,1.0367836533926111,-0.5234750278293134,0.007231790867624131,0.00037113384223387113,0.0,0.0001730625528341432,0.0684475,-0.28780266642570496,-0.34562787413597107,-0.9058706760406494,-1.0910589694976807,-0.9985540509223938,-0.28629279136657715,0.16567584872245789,1.509033441543579,3.145306348800659,-1.152997374534607,2.1331303119659424,-0.43710562586784363
0.4551758749999989,0.0034223749999999996,133.0,1.0015035791811084,-0.4881949536178106,0.007231790867624131,0.0005160484713880755,0.0,0.00024063735418744032,0.0684475,-0.2878112494945526,-0.34562429785728455,-0.9058634042739868,-1.0911259651184082,-0.9985207915306091,-0.28626418113708496,0.16570435464382172,1.5090606212615967,3.145296573638916,-1.1529762744903564,2.1331605911254883,-0.43706566095352173
0.4551758749999989,0.0034223749999999996,133.0,0.9653922990326855,-0.4520836734693877,0.007231790867624131,0.0006795036363562251,0.0,0.00031685774937707713,0.0684475,-0.2877848446369171,-0.3457445502281189,-0.906116783618927,-1.0909535884857178,-0.9993354678153992,-0.2868680953979492,0.1652947962284088,1.508831262588501,3.145582437515259,-1.153334617614746,2.1332833766937256,-0.43701234459877014
0.4551758749999989,0.0034223749999999996,133.0,0.9284498129473423,-0.4151411873840446,0.007231790867624131,0.0008536314913362481,0.0,0.0003980549016523649,0.0684475,-0.2877921164035797,-0.3457386791706085,-0.9061068296432495,-1.0910073518753052,-0.9992960095405579,-0.286837100982666,0.16532178223133087,1.5088528394699097,3.1455702781677246,-1.153304934501648,2.1333038806915283,-0.4369797706604004
0.4551758749999989,0.0034223749999999996,133.0,0.8906761209250789,-0.37736749536178116,0.007231790867624131,0.0010514770854022578,0.0,0.0004903118172975703,0.0684475,-0.2877991497516632,-0.34573209285736084,-0.9060965776443481,-1.0910593271255493,-0.9992527365684509,-0.28680419921875,0.16535000503063202,1.5088731050491333,3.1455490589141846,-1.1532702445983887,2.1333224773406982,-0.4369484484195709
0.4551758749999989,0.0034223749999999996,133.0,0.8520712229658952,-0.3387625974025974,0.007231790867624131,0.0012393251331118387,0.0,0.0005779068005140136,0.0684475,-0.2878129184246063,-0.3457283675670624,-0.9060913324356079,-1.0911586284637451,-0.9992112517356873,-0.28678441047668457,0.1653686910867691,1.5089094638824463,3.145536184310913,-1.1532471179962158,2.1333718299865723,-0.43688488006591797
0.4551758749999989,0.0034223749999999996,133.0,0.8126351190697911,-0.29932649350649343,0.007231790867624131,0.001361295838026799,0.0,0.0006347826742864231,0.0684475,-0.2880098521709442,-0.3450535237789154,-0.9044991731643677,-1.0927526950836182,-0.9940019845962524,-0.28368377685546875,0.1674099862575531,1.5106983184814453,3.143850564956665,-1.1516541242599487,2.132110834121704,-0.4370465576648712
0.4551758749999989,0.0034223749999999996,133.0,0.7723678092367671,-0.25905918367346925,0.007231790867624131,0.0015172621741866758,0.0,0.0007075109712521505,0.0684475,-0.2881139814853668,-0.3445543050765991,-0.9034908413887024,-1.0934016704559326,-0.9905006289482117,-0.281421422958374,0.16885656118392944,1.5118393898010254,3.1428563594818115,-1.1505745649337769,2.1312479972839355,-0.43752622604370117
0.4551758749999989,0.0034223749999999996,133.0,0.7312692934668227,-0.21796066790352486,0.007231790867624131,0.00166885715736473,0.0,0.0007782008728459554,0.0684475,-0.28811660408973694,-0.34460052847862244,-0.9036862850189209,-1.0933116674423218,-0.9911728501319885,-0.2813272476196289,0.1689792424440384,1.5115940570831299,3.143002510070801,-1.1502676010131836,2.131899118423462,-0.43738090991973877
0.4551758749999989,0.0034223749999999996,133.0,0.6893395717599581,-0.1760309461966605,0.007231790867624131,0.0018091906390313216,0.0,0.000843639450042641,0.0684475,-0.2881565988063812,-0.344509094953537,-0.9035624265670776,-1.093539834022522,-0.9907690286636353,-0.2806968688964844,0.16947433352470398,1.511742115020752,3.1428072452545166,-1.1497375965118408,2.1321871280670166,-0.43730419874191284
0.4551758749999989,0.0034223749999999996,133.0,0.6465786441161733,-0.13327001855287568,0.007231790867624131,0.0019078867947922742,0.0,0.000889662223304432,0.0684475,-0.2881712019443512,-0.3445015549659729,-0.903522789478302,-1.0936450958251953,-0.9906845092773438,-0.2805652618408203,0.16950829327106476,1.5118353366851807,3.142810106277466,-1.1496198177337646,2.1322436332702637,-0.43729135394096375
0.4551758749999989,0.0034223749999999996,133.0,0.6029865105354685,-0.08967788497217066,0.007231790867624131,0.0018838462205092875,0.0,0.0008784519194098311,0.0684475,-0.288112074136734,-0.3447057604789734,-0.9039652347564697,-1.0932385921478271,-0.9921221733093262,-0.28165245056152344,0.16883254051208496,1.5113530158996582,3.143305778503418,-1.1503324508666992,2.13240122795105,-0.4372214078903198
0.4551758749999989,0.0034223749999999996,133.0,0.5585631710178433,-0.045254545454545436,0.007231790867624131,0.0017646262948069575,0.0,0.0008228587550501646,0.0684475,-0.2880432903766632,-0.3448202610015869,-0.9041486978530884,-1.092726707458496,-0.9928126931190491,-0.28251171112060547,0.16812148690223694,1.5107228755950928,3.1433334350585938,-1.1509454250335693,2.1321375370025635,-0.43709927797317505
0.4551758749999989,0.0034223749999999996,133.0,0.5133086255632978,0.0,0.007231790867624131,0.00010391161609576036,0.0,4.845478235671528e-5,0.0684475,-0.2876671254634857,-0.34635359048843384,-0.9076365232467651,-1.0898972749710083,-1.0043507814407349,-0.28960704803466797,0.16376568377017975,1.5066852569580078,3.146639347076416,-1.1543385982513428,2.135288715362549,-0.4359537661075592
0.4551758749999989,0.0034223749999999996,133.0,0.5585631710178433,0.04525454545454546,0.007231790867624131,-0.001711665193815782,-0.0,-0.0007981625880736592,0.0684475,-0.28788450360298157,-0.34493568539619446,-0.9045586585998535,-1.0912731885910034,-0.994165301322937,-0.2836763858795166,0.1671845018863678,1.5086253881454468,3.142774820327759,-1.1508100032806396,2.1322147846221924,-0.43646204471588135
0.4551758749999989,0.0034223749999999996,133.0,0.6029865105354685,0.08967788497217068,0.007231790867624131,-0.0019028285776557254,-0.0,-0.0008873035379170483,0.0684475,-0.2878146469593048,-0.344837486743927,-0.904464602470398,-1.0905286073684692,-0.9939140677452087,-0.28350043296813965,0.16700340807437897,1.507472038269043,3.14194917678833,-1.14979088306427,2.1321020126342773,-0.4360550343990326
0.4551758749999989,0.0034223749999999996,133.0,0.6465786441161735,0.1332700185528757,0.007231790867624131,-0.0018894378876249424,-0.0,-0.0008810593566077144,0.0684475,-0.28784242272377014,-0.3446006178855896,-0.9040157198905945,-1.0906578302383423,-0.9924148321151733,-0.2824668884277344,0.1675688773393631,1.5075130462646484,3.1412782669067383,-1.148701548576355,2.1317760944366455,-0.43596160411834717
0.4551758749999989,0.0034223749999999996,133.0,0.6893395717599583,0.1760309461966605,0.007231790867624131,-0.001780461056414693,-0.0,-0.0008302426256529105,0.0684475,-0.2878447473049164,-0.3445659577846527,-0.903976559638977,-1.0906529426574707,-0.9922405481338501,-0.28237152099609375,0.16756875813007355,1.5074461698532104,3.1412949562072754,-1.1484861373901367,2.1316380500793457,-0.4359000027179718
0.4551758749999989,0.0034223749999999996,133.0,0.7312692934668228,0.21796066790352506,0.007231790867624131,-0.001628304854149834,-0.0,-0.0007592910233010258,0.0684475,-0.2878771126270294,-0.34444138407707214,-0.903678834438324,-1.0909048318862915,-0.9912360310554504,-0.28192949295043945,0.16780459880828857,1.5077073574066162,3.1410319805145264,-1.1483047008514404,2.131243944168091,-0.435901939868927
0.4551758749999989,0.0034223749999999996,133.0,0.7723678092367671,0.25905918367346936,0.007231790867624131,-0.0014438301619441815,-0.0,-0.0006732690615897437,0.0684475,-0.2879013121128082,-0.3442416191101074,-0.9032936096191406,-1.091017723083496,-0.9899790287017822,-0.2810380458831787,0.16837430000305176,1.5077837705612183,3.1403825283050537,-1.1475045680999756,2.131067991256714,-0.4358610212802887
0.4551758749999989,0.0034223749999999996,133.0,0.8126351190697912,0.2993264935064935,0.007231790867624131,-0.0013586546399541276,-0.0,-0.0006335510633984321,0.0684475,-0.28785064816474915,-0.3447072207927704,-0.9042534828186035,-1.0908056497573853,-0.993236243724823,-0.28290843963623047,0.16741159558296204,1.507218599319458,3.1415412425994873,-1.148610234260559,2.132235288619995,-0.4355219602584839
0.4551758749999989,0.0034223749999999996,133.0,0.8520712229658951,0.33876259740259734,0.007231790867624131,-0.001161576512629378,-0.0,-0.0005416520233720556,0.0684475,-0.2876945436000824,-0.3454648554325104,-0.9059081077575684,-1.0897154808044434,-0.9985979199409485,-0.2862114906311035,0.16539791226387024,1.5063197612762451,3.1438286304473877,-1.1509751081466675,2.133496046066284,-0.4357439875602722
0.4551758749999989,0.0034223749999999996,133.0,0.8906761209250788,0.377367495361781,0.007231790867624131,-0.0010104124380897472,-0.0,-0.0004711630577763127,0.0684475,-0.2876844108104706,-0.34547120332717896,-0.9059199690818787,-1.0896477699279785,-0.998655378818512,-0.28623270988464355,0.16538232564926147,1.506307601928711,3.143847703933716,-1.1510004997253418,2.1334915161132812,-0.4358001947402954
0.4551758749999989,0.0034223749999999996,133.0,0.9284498129473423,0.41514118738404454,0.007231790867624131,-0.0008212579362514837,-0.0,-0.00038295886499463655,0.0684475,-0.28767964243888855,-0.3454763889312744,-0.9059311151504517,-1.0896110534667969,-0.9986957907676697,-0.2862563133239746,0.1653677225112915,1.5063016414642334,3.1438658237457275,-1.1510182619094849,2.13349986076355,-0.43583154678344727
0.4551758749999989,0.0034223749999999996,133.0,0.9653922990326854,0.45208367346938777,0.007231790867624131,-0.0006534114916911425,-0.0,-0.000304690782502061,0.0684475,-0.2876758277416229,-0.34548208117485046,-0.9059433937072754,-1.0895813703536987,-0.9987370371818542,-0.28628015518188477,0.16535064578056335,1.5062994956970215,3.1438865661621094,-1.1510403156280518,2.133512258529663,-0.4358586072921753
0.4551758749999989,0.0034223749999999996,133.0,1.0015035791811084,0.4881949536178107,0.007231790867624131,-0.0004934059478020179,-0.0,-0.00023007897203930648,0.0684475,-0.28768715262413025,-0.34536778926849365,-0.9057202339172363,-1.0896039009094238,-0.9980463981628418,-0.28577423095703125,0.16564927995204926,1.5062679052352905,3.1434993743896484,-1.1506400108337402,2.133413314819336,-0.43580180406570435
0.4551758749999989,0.0034223749999999996,133.0,1.0367836533926111,0.5234750278293134,0.007231790867624131,-0.000339049352344469,-0.0,-0.00015810130949071835,0.0684475,-0.287680059671402,-0.3453783392906189,-0.9057413339614868,-1.0895527601242065,-0.9981220364570618,-0.28581953048706055,0.16562646627426147,1.5062642097473145,3.1435277462005615,-1.1506876945495605,2.1334259510040283,-0.435849666595459
0.4551758749999989,0.0034223749999999996,133.0,1.0712325216671938,0.557923896103896,0.007231790867624131,-0.00019012558189360803,-0.0,-8.865701484816479e-5,0.0684475,-0.2876714766025543,-0.3453960716724396,-0.9057736396789551,-1.0894948244094849,-0.9982389807701111,-0.28589653968811035,0.165593683719635,1.5062627792358398,3.1435654163360596,-1.1507699489593506,2.133450746536255,-0.4359065294265747
0.4551758749999989,0.0034223749999999996,133.0,1.1048501840048561,0.5915415584415583,0.007231790867624131,-5.6692928661843366e-5,-0.0,-2.6436346798252583e-5,0.0684475,-0.287668377161026,-0.34545207023620605,-0.9058470129966736,-1.089548945426941,-0.9984380602836609,-0.28620219230651855,0.16542021930217743,1.5064659118652344,3.14382004737854,-1.1511731147766113,2.133333206176758,-0.4360537528991699
0.4551758749999989,0.0034223749999999996,133.0,1.1376366404055982,0.6243280148423004,0.007231790867624131,0.00012234071087429028,0.0,5.7048410384808086e-5,0.0684475,-0.2876644432544708,-0.345512330532074,-0.9059261083602905,-1.0895978212356567,-0.9986637234687805,-0.28652405738830566,0.16524268686771393,1.5066685676574707,3.144071578979492,-1.151613712310791,2.1332218647003174,-0.4362069368362427
0.4551758749999989,0.0034223749999999996,133.0,1.1695918908694203,0.6562832653061225,0.007231790867624131,0.00028929986355164856,0.0,0.0001349027418773299,0.0684475,-0.2876643240451813,-0.345573753118515,-0.9060065150260925,-1.0896674394607544,-0.9988905787467957,-0.2868485450744629,0.1650596708059311,1.5068769454956055,3.144325017929077,-1.1520655155181885,2.133124351501465,-0.4363442063331604
0.4551758749999989,0.0034223749999999996,133.0,1.200715935396322,0.6874073098330241,0.007231790867624131,0.0004573943587036089,0.0,0.0002132864922603873,0.0684475,-0.2876830995082855,-0.345549613237381,-0.905879557132721,-1.089884877204895,-0.9984362721443176,-0.28684139251708984,0.16503436863422394,1.5072535276412964,3.14438796043396,-1.1523840427398682,2.1327524185180664,-0.4364969730377197
0.4551758749999989,0.0034223749999999996,133.0,1.2310087739863034,0.7177001484230056,0.007231790867624131,0.0006562987051610043,0.0,0.0003060371122537858,0.0684475,-0.2877039611339569,-0.34547293186187744,-0.9056977033615112,-1.0900558233261108,-0.9978047609329224,-0.28656697273254395,0.16522090137004852,1.5074843168258667,3.1442136764526367,-1.1523027420043945,2.13250732421875,-0.43655237555503845
0.4551758749999989,0.0034223749999999996,133.0,1.2604704066393646,0.7471617810760669,0.007231790867624131,0.000798158159296003,0.0,0.00037218726209862357,0.0684475,-0.28772518038749695,-0.34552615880966187,-0.9057563543319702,-1.0903271436691284,-0.9980349540710449,-0.286731481552124,0.16522572934627533,1.5076215267181396,3.144287109375,-1.152374505996704,2.132701873779297,-0.43641650676727295
0.4551758749999989,0.0034223749999999996,133.0,1.2891008333555056,0.7757922077922077,0.007231790867624131,0.0009793234241230382,0.0,0.00045666601247914846,0.0684475,-0.2877579629421234,-0.34537944197654724,-0.9053959846496582,-1.0906054973602295,-0.9968273639678955,-0.2861597537994385,0.16554439067840576,1.5080138444900513,3.1439337730407715,-1.1521350145339966,2.1322460174560547,-0.43652209639549255
0.4551758749999989,0.0034223749999999996,133.0,1.3169000541347262,0.8035914285714285,0.007231790867624131,0.0011189612896721768,0.0,0.0005217802185531299,0.0684475,-0.2877671420574188,-0.34528660774230957,-0.9052137136459351,-1.0906223058700562,-0.9962677359580994,-0.28574585914611816,0.16579775512218475,1.5079877376556396,3.1436023712158203,-1.1518100500106812,2.1321890354156494,-0.4364764094352722
0.4551758749999989,0.0034223749999999996,133.0,1.3438680689770266,0.830559443413729,0.007231790867624131,0.0012745843091600385,0.0,0.0005943484243255244,0.0684475,-0.28761306405067444,-0.34583580493927,-0.90653395652771,-1.089363932609558,-1.000531792640686,-0.2880992889404297,0.16428425908088684,1.5068914890289307,3.1452338695526123,-1.153233528137207,2.1332690715789795,-0.43667009472846985
0.4551758749999989,0.0034223749999999996,133.0,1.3700048778824072,0.8566962523191094,0.007231790867624131,0.0014611120981922565,0.0,0.0006813277608099676,0.0684475,-0.28760817646980286,-0.345840185880661,-0.9065437912940979,-1.089325189590454,-1.0005675554275513,-0.2881147861480713,0.16426607966423035,1.5068886280059814,3.1452548503875732,-1.1532567739486694,2.133260488510132,-0.4367061257362366
0.4551758749999989,0.0034223749999999996,133.0,1.3953104808508672,0.8820018552875695,0.007231790867624131,0.0016504367670560952,0.0,0.0007696113037788348,0.0684475,-0.2876168191432953,-0.34579142928123474,-0.9064277410507202,-1.089394450187683,-1.0001790523529053,-0.2879371643066406,0.16435854136943817,1.5069999694824219,3.1451520919799805,-1.1532081365585327,2.1330907344818115,-0.4367450177669525
0.4551758749999989,0.0034223749999999996,133.0,1.4197848778824071,0.9064762523191093,0.007231790867624131,0.001860832693533651,0.0,0.0008677205355399352,0.0684475,-0.2876252233982086,-0.3457457721233368,-0.906314492225647,-1.089460849761963,-0.9998007416725159,-0.287766695022583,0.1644357591867447,1.5071110725402832,3.1450564861297607,-1.1531697511672974,2.1329264640808105,-0.43678706884384155
0.4551758749999989,0.0034223749999999996,133.0,1.443428068977027,0.9301194434137291,0.007231790867624131,0.00201660076742357,0.0,0.000940356381290858,0.0684475,-0.28761860728263855,-0.3458692729473114,-0.9065744876861572,-1.0894505977630615,-1.0007011890411377,-0.2882256507873535,0.16422170400619507,1.5069032907485962,3.1453142166137695,-1.1533585786819458,2.1333324909210205,-0.43659380078315735
0.4551758749999989,0.0034223749999999996,133.0,1.4662400541347262,0.9529314285714284,0.007231790867624131,0.0022148775663431344,0.0,0.0010328143710615096,0.0684475,-0.2876180112361908,-0.34587350487709045,-0.9065852165222168,-1.0894417762756348,-1.0007277727127075,-0.28824305534362793,0.16420382261276245,1.5069067478179932,3.1453335285186768,-1.1533803939819336,2.133340358734131,-0.43660637736320496
0.4551758749999989,0.0034223749999999996,133.0,1.4882208333555054,0.9749122077922078,0.007231790867624131,0.0024157928114589737,0.0,0.0011265026884991144,0.0684475,-0.28763899207115173,-0.34575581550598145,-0.9063374996185303,-1.0895636081695557,-0.9999163746833801,-0.2877624034881592,0.1644860804080963,1.5070054531097412,3.144990921020508,-1.1530680656433105,2.133138656616211,-0.4365788400173187
0.4551758749999989,0.0034223749999999996,133.0,1.5093704066393645,0.9960617810760668,0.007231790867624131,0.002627719976057688,0.0,0.0012253259483225695,0.0684475,-0.28762087225914,-0.3458680212497711,-0.9065774083137512,-1.08945631980896,-1.0006426572799683,-0.28826189041137695,0.1641692966222763,1.5069935321807861,3.145378589630127,-1.1534327268600464,2.133253335952759,-0.4366786777973175
0.4551758749999989,0.0034223749999999996,133.0,1.5296887739863032,1.0163801484230055,0.007231790867624131,0.0028411000633982867,0.0,0.0013248267171472733,0.0684475,-0.28763142228126526,-0.345863938331604,-0.9065662622451782,-1.0895460844039917,-1.000648856163025,-0.28819942474365234,0.16425123810768127,1.506927490234375,3.1452889442443848,-1.1532891988754272,2.1333963871002197,-0.43652281165122986
0.4551758749999989,0.0034223749999999996,133.0,1.5491759353963217,1.035867309833024,0.007231790867624131,0.0030066648914014687,0.0,0.0014020308643662722,0.0684475,-0.2876528799533844,-0.3457203805446625,-0.9062672853469849,-1.0896655321121216,-0.9996827244758606,-0.287583589553833,0.16463826596736908,1.5070350170135498,3.144814968109131,-1.152846336364746,2.1332294940948486,-0.4365054666996002
0.4551758749999989,0.0034223749999999996,133.0,1.56783189086942,1.0545232653061223,0.007231790867624131,0.0031941509808479348,0.0,0.0014894570636726924,0.0684475,-0.2876598536968231,-0.34568703174591064,-0.9061870574951172,-1.089713215827942,-0.9994060397148132,-0.2874619960784912,0.16468924283981323,1.5071223974227905,3.14475679397583,-1.1528269052505493,2.1331026554107666,-0.4365433156490326
0.4551758749999989,0.0034223749999999996,133.0,1.585656640405598,1.0723480148423004,0.007231790867624131,0.003357721037731667,0.0,0.0015657310338424255,0.0684475,-0.28761813044548035,-0.3459465205669403,-0.9067636728286743,-1.0894243717193604,-1.0013092756271362,-0.28853344917297363,0.16405045986175537,1.50669264793396,3.145472764968872,-1.15345299243927,2.133678436279297,-0.4364140033721924
0.4551758749999989,0.0034223749999999996,133.0,1.6026501840048561,1.0893415584415584,0.007231790867624131,0.0035484682147650386,0.0,0.001654677903264534,0.0684475,-0.2876109778881073,-0.34595248103141785,-0.9067800045013428,-1.0893632173538208,-1.001357078552246,-0.2885608673095703,0.1640184223651886,1.5066896677017212,3.1455090045928955,-1.1534942388534546,2.133654832839966,-0.43647220730781555
0.4551758749999989,0.0034223749999999996,133.0,1.6188125216671938,1.105503896103896,0.007231790867624131,0.0037164205691090964,0.0,0.0017329953723003303,0.0684475,-0.28763940930366516,-0.3458567261695862,-0.9065252542495728,-1.0896415710449219,-1.0005234479904175,-0.28817272186279297,0.16426938772201538,1.5070197582244873,3.145275115966797,-1.1533335447311401,2.1333396434783936,-0.4365171790122986
0.4551758749999989,0.0034223749999999996,133.0,1.634143653392611,1.1208350278293133,0.007231790867624131,0.0038836840303905795,0.0,0.0018109916052253979,0.0684475,-0.28757181763648987,-0.3460903465747833,-0.9070813655853271,-1.0891029834747314,-1.002360224723816,-0.28916430473327637,0.16363435983657837,1.5065093040466309,3.1459596157073975,-1.153927206993103,2.1337900161743164,-0.436557412147522
0.4551758749999989,0.0034223749999999996,133.0,1.6486435791811085,1.1353349536178106,0.007231790867624131,0.004014424611771601,0.0,0.0018719569395550051,0.0684475,-0.2875883877277374,-0.34599265456199646,-0.9068630337715149,-1.0892322063446045,-1.0016790628433228,-0.2887303829193115,0.1639173924922943,1.5066070556640625,3.145643711090088,-1.1536102294921875,2.133652687072754,-0.4365219473838806
0.4551758749999989,0.0034223749999999996,133.0,1.6623122990326853,1.1490036734693876,0.007231790867624131,0.004132045866182159,0.0,0.0019268046312484455,0.0684475,-0.28756090998649597,-0.34610608220100403,-0.9071235656738281,-1.089020848274231,-1.0025650262832642,-0.28917646408081055,0.16363731026649475,1.5063519477844238,3.145946502685547,-1.153842568397522,2.133923053741455,-0.43648436665534973
0.4551758749999989,0.0034223749999999996,133.0,1.6751498129473423,1.1618411873840446,0.007231790867624131,0.004257164440095999,0.0,0.0019851483804419015,0.0684475,-0.28755614161491394,-0.34601643681526184,-0.9069408774375916,-1.0889456272125244,-1.0019334554672241,-0.28883957862854004,0.16376782953739166,1.506490707397461,3.14577317237854,-1.1537020206451416,2.133605718612671,-0.43669554591178894
0.4551758749999989,0.0034223749999999996,133.0,1.6871561209250787,1.173847495361781,0.007231790867624131,0.00439003470398785,0.0,0.0020471068020357468,0.0684475,-0.2875346839427948,-0.34592559933662415,-0.9068095684051514,-1.0886735916137695,-1.0015257596969604,-0.2884407043457031,0.16394667327404022,1.5063307285308838,3.1454951763153076,-1.1533575057983398,2.133523464202881,-0.436808705329895
0.4551758749999989,0.0034223749999999996,133.0,1.6983312229658951,1.1850225974025972,0.007231790867624131,0.004525180466621875,0.0,0.0021101263061191907,0.0684475,-0.28753527998924255,-0.34573081135749817,-0.9064353108406067,-1.0885851383209229,-1.0002943277359009,-0.28760695457458496,0.1644122302532196,1.5064435005187988,3.144941568374634,-1.1527495384216309,2.1331934928894043,-0.4370046555995941
0.4551758749999989,0.0034223749999999996,133.0,1.708675119069791,1.1953664935064934,0.007231790867624131,0.004655389563440376,0.0,0.0021708438051271034,0.0684475,-0.28751686215400696,-0.34563881158828735,-0.9062647819519043,-1.0883938074111938,-0.9996864199638367,-0.28726816177368164,0.16453324258327484,1.5065855979919434,3.14479660987854,-1.1526222229003906,2.1328206062316895,-0.43733713030815125
0.4551758749999989,0.0034223749999999996,133.0,1.718187809236767,1.2048791836734694,0.007231790867624131,0.004804727967522648,0.0,0.0022404814466073122,0.0684475,-0.28752443194389343,-0.3454509675502777,-0.9058767557144165,-1.088404893875122,-0.9983916878700256,-0.28647899627685547,0.16497685015201569,1.506842017173767,3.1442997455596924,-1.1521090269088745,2.1324050426483154,-0.4375772476196289
0.4551758749999989,0.0034223749999999996,133.0,1.7268692934668224,1.2135606679035247,0.007231790867624131,0.004998916674445189,0.0,0.0023310331277725097,0.0684475,-0.2875462472438812,-0.3451775312423706,-0.9053272008895874,-1.088484525680542,-0.9965933561325073,-0.2853081226348877,0.16565826535224915,1.5070533752441406,3.143505096435547,-1.151241660118103,2.131967782974243,-0.4377005994319916
0.4551758749999989,0.0034223749999999996,133.0,1.734719571759958,1.2214109461966602,0.007231790867624131,0.005227492578362029,0.0,0.0024376198222386333,0.0684475,-0.2876042425632477,-0.3447786569595337,-0.9044480919837952,-1.0888972282409668,-0.9936961531639099,-0.2836167812347412,0.1666567176580429,1.507714867591858,3.142402172088623,-1.1501587629318237,2.131126880645752,-0.43793362379074097
0.4551758749999989,0.0034223749999999996,133.0,1.7417386441161733,1.2284300185528756,0.007231790867624131,0.005579823998317087,0.0,0.002601914661572302,0.0684475,-0.2876238524913788,-0.344520628452301,-0.9039227962493896,-1.0889776945114136,-0.992001473903656,-0.282482385635376,0.16733403503894806,1.5079209804534912,3.1416139602661133,-1.1492934226989746,2.130763053894043,-0.4380514919757843
0.4551758749999989,0.0034223749999999996,133.0,1.7479265105354682,1.2346178849721705,0.007231790867624131,0.006168880805425082,0.0,0.0028765963618150926,0.0684475,-0.28778865933418274,-0.34358012676239014,-0.901859700679779,-1.090165376663208,-0.9852975606918335,-0.27838969230651855,0.16986137628555298,1.5092341899871826,3.1387832164764404,-1.1463993787765503,2.1292333602905273,-0.4381389617919922
0.4551758749999989,0.0034223749999999996,133.0,1.7532831710178431,1.2399745454545454,0.007231790867624131,0.007507959354658154,0.0,0.0035010189441935587,0.0684475,-0.28794029355049133,-0.34271398186683655,-0.899940013885498,-1.0913004875183105,-0.9790895581245422,-0.27458786964416504,0.1722656488418579,1.5105209350585938,3.1361193656921387,-1.1437078714370728,2.1278703212738037,-0.43825429677963257
0.4551758749999989,0.0034223749999999996,133.0,1.7578086255632976,1.2445,0.007231790867624131,0.013921712711182416,0.0,0.00649180125185815,0.0684475,-0.2882116138935089,-0.3411535918712616,-0.896542489528656,-1.093237280845642,-0.9681283831596375,-0.26768922805786133,0.17662915587425232,1.5124831199645996,3.1311779022216797,-1.1385849714279175,2.1257588863372803,-0.4382186532020569
